Time Start = 2211
-1.1627655 -1.8605804 10.058411
-1.0961151 -2.0319672 9.806091
-1.4269867 -2.312851 9.625183
-1.5864716 -2.56279 9.549011
-1.3984222 -3.1031342 9.722778
-1.3079681 -3.4697113 9.518066
-1.4388885 -3.595871 9.558533
-1.7864227 -2.8341522 9.946533
-1.4745941 -1.7915497 10.753479
-1.38414 -1.0131683 11.174805
-1.3151093 -0.5466156 11.484253
-1.3746185 -0.46568298 11.493774
-1.486496 -0.4728241 11.212891
-1.3674774 -0.58470154 11.008179
-1.2294159 -0.60850525 10.798706
-1.0818329 -0.7370453 10.981995
-0.92948914 -0.4966278 10.960571
-0.96995544 -0.08958435 10.941528
-1.1984711 0.12702942 10.936768
-1.2698822 0.29603577 11.155762
-1.3032074 0.310318 11.431885
-1.3365326 0.2769928 11.59613
-1.2222748 0.1865387 11.512817
-1.1413422 8.69751E-4 11.260498
-1.0818329 -0.19432068 11.120056
-0.9509125 -0.24430847 11.217651
-0.8985443 -0.04673767 11.084351
-0.87950134 0.18177795 10.986755
-0.8818817 0.43171692 11.008179
-0.65812683 0.8292389 10.8272705
-0.4296112 1.0767975 11.029602
-0.26774597 1.3719635 11.20813
-0.35343933 1.5314484 11.239075
-0.42723083 1.7075958 11.217651
-0.44389343 1.7099762 11.1414795
-0.43199158 1.5885773 10.765381
-0.24632263 1.4981232 10.474976
0.0012359619 1.3838654 10.251221
0.4511261 1.464798 10.241699
0.7986603 1.6385651 10.336914
0.7462921 1.8813629 10.194092
0.3202057 1.8218536 10.156006
-0.11064148 1.9789581 9.884644
-0.32725525 2.009903 10.1345825
-0.37724304 2.2503204 9.9869995
-0.32011414 2.785904 9.794189
-0.21061707 3.3548126 9.901306
-0.17253113 3.7904205 9.86084
0.013137817 3.9784698 9.79657
0.034561157 3.7666168 9.641846
-0.101119995 3.5142975 9.246704
-0.22727966 3.4500275 8.64447
-0.34629822 3.3690948 8.13269
-0.3058319 3.3048248 8.125549
-0.11778259 3.4167023 7.9922485
-0.022567749 3.735672 7.8446655
-0.017807007 4.068924 7.8970337
-0.1582489 4.2379303 7.8756104
-0.30821228 4.2641144 7.789917
-0.30345154 4.2641144 7.6828003
-0.32011414 4.1808014 7.5875854
-0.2582245 4.1998444 7.36145
-0.21775818 4.145096 7.0377197
-0.25584412 4.0903473 6.794922
-0.26774597 4.0855865 6.5925903
-0.2820282 4.0403595 6.435486
-0.27964783 4.1189117 6.4473877
-0.29393005 4.2569733 6.3450317
-0.2725067 4.435501 6.3164673
-0.3153534 4.594986 6.1950684
-0.30345154 4.7140045 6.218872
-0.29393005 4.7639923 6.1188965
-0.22727966 4.921097 6.0689087
-0.16777039 5.13295 5.890381
-0.18443298 5.3495636 5.8546753
-0.20347595 5.487625 5.8618164
-0.20347595 5.589981 5.847534
-0.22251892 5.7089996 5.8046875
-0.28440857 5.659012 5.697571
-0.27012634 5.575699 5.718994
-0.32963562 5.487625 5.6951904
-0.33677673 5.613785 5.633301
-0.34153748 5.8637238 5.6571045
-0.29631042 6.0803375 5.6690063
-0.26774597 6.2326813 5.723755
-0.3391571 6.2850494 5.723755
-0.26774597 6.3755035 5.6428223
-0.20347595 6.4588165 5.614258
-0.16539001 6.4969025 5.654724
-0.12968445 6.494522 5.697571
-0.101119995 6.506424 5.6428223
-0.08207703 6.5302277 5.576172
-0.058273315 6.532608 5.6523438
0.03694153 6.525467 5.6452026
0.08930969 6.60878 5.685669
0.20832825 6.684952 5.7070923
0.24403381 6.73732 5.7666016
0.29640198 6.7039948 5.764221
0.23451233 6.732559 5.7713623
0.19404602 6.6968536 5.7094727
0.1797638 6.6183014 5.526184
0.2202301 6.551651 5.597595
0.29878235 6.4635773 5.6523438
0.42970276 6.411209 5.6499634
0.47016907 6.3040924 5.7023315
0.47969055 6.308853 5.6904297
0.43684387 6.3421783 5.764221
0.3035431 6.506424 5.8570557
0.19880676 6.699234 6.0093994
0.23213196 6.813492 6.0855713
0.26307678 6.873001 6.0879517
0.30592346 6.815872 6.1688843
0.32258606 6.8610992 6.161743
0.33448792 6.8753815 6.045105
0.29164124 6.8515778 5.9855957
0.24165344 6.796829 6.1069946
0.33924866 6.775406 6.0808105
0.31782532 6.7230377 6.123657
0.39161682 6.623062 6.1831665
0.2702179 6.6373444 6.178406
0.18214417 6.604019 6.1712646
0.21070862 6.615921 6.1569824
0.23927307 6.6587677 6.1379395
0.34638977 6.665909 6.226013
0.44874573 6.6587677 6.2331543
0.5487213 6.6754303 6.2664795
0.4844513 6.5944977 6.2855225
0.4749298 6.596878 6.2783813
0.37257385 6.558792 6.33313
0.31782532 6.6778107 6.3450317
0.2368927 6.820633 6.423584
0.2868805 6.9777374 6.4926147
0.33924866 7.0182037 6.4093018
0.42018127 7.0681915 6.4069214
0.4677887 7.0301056 6.3831177
0.50349426 7.044388 6.283142
0.46302795 7.108658 6.2617188
0.46540833 7.161026 6.295044
0.4844513 7.2157745 6.3426514
0.41542053 7.2276764 6.3307495
0.42494202 7.172928 6.185547
0.37971497 7.0539093 6.2545776
0.4844513 6.9586945 6.354553
0.49635315 6.880142 6.306946
0.5344391 6.86586 6.328369
0.5511017 6.808731 6.373596
0.50349426 6.8563385 6.404541
0.4178009 6.8420563 6.4830933
0.36305237 6.9063263 6.4521484
0.36305237 6.9658356 6.480713
0.3844757 6.8706207 6.585449
0.41304016 6.7658844 6.585449
0.37971497 6.620682 6.5307007
0.32496643 6.5040436 6.3759766
0.3678131 6.385025 6.314087
0.4344635 6.3255157 6.2783813
0.527298 6.3421783 6.2736206
0.5320587 6.5159454 6.199829
0.47016907 6.623062 6.2164917
0.40351868 6.6968536 6.128418
0.4178009 6.813492 6.045105
0.45588684 6.7587433 6.0546265
0.5558624 6.713516 5.954651
0.58680725 6.7801666 5.8951416
0.6058502 6.768265 6.0879517
0.5653839 6.820633 6.057007
0.443985 6.832535 6.057007
0.3773346 6.796829 6.1331787
0.360672 6.820633 6.1046143
0.39875793 6.942032 6.180786
0.4273224 6.9920197 6.237915
0.43684387 7.0039215 6.2855225
0.42494202 6.949173 6.3188477
0.37971497 6.9277496 6.290283
0.3440094 6.8706207 6.302185
0.33210754 6.8491974 6.321228
0.34162903 6.9920197 6.3640747
0.3939972 6.9896393 6.4283447
0.30830383 7.0372467 6.4093018
0.31544495 6.956314 6.4473877
0.28450012 6.8039703 6.4021606
0.22975159 6.7087555 6.3045654
0.26307678 6.5730743 6.3236084
0.26783752 6.5921173 6.33313
0.27497864 6.5921173 6.2545776
0.3035431 6.6254425 6.185547
0.36305237 6.665909 6.192688
0.33924866 6.7087555 6.1379395
0.4273224 6.7658844 6.2022095
0.46064758 6.732559 6.223633
0.5153961 6.692093 6.211731
0.47969055 6.711136 6.1641235
0.4915924 6.6587677 6.2022095
0.52015686 6.601639 6.1950684
0.47254944 6.627823 6.1974487
0.44874573 6.711136 6.2283936
0.3939972 6.8182526 6.245056
0.31544495 6.8420563 6.3307495
0.28926086 6.8682404 6.366455
0.2702179 6.9348907 6.20697
0.35591125 6.9396515 6.2141113
0.42494202 6.9896393 6.059387
0.48207092 6.9944 6.0927124
0.5011139 7.0039215 6.0736694
0.4915924 7.013443 6.01416
0.43684387 6.9087067 5.980835
0.35591125 6.9206085 5.987976
0.3511505 6.899185 5.9451294
0.30830383 6.9658356 5.9784546
0.30830383 6.956314 6.064148
0.39875793 6.980118 6.026062
0.3939972 6.93013 6.1307983
0.41304016 6.9277496 6.1331787
0.3773346 6.918228 6.2402954
0.31544495 6.880142 6.249817
0.30116272 6.8825226 6.2331543
0.31306458 6.853958 6.321228
0.34877014 6.8111115 6.4093018
0.360672 6.794449 6.352173
0.38685608 6.815872 6.3450317
0.44636536 6.7920685 6.3426514
0.43208313 6.782547 6.3188477
0.42970276 6.789688 6.33313
0.443985 6.8063507 6.325989
0.45350647 6.834915 6.3616943
0.47731018 6.820633 6.4283447
0.527298 6.7349396 6.3569336
0.5177765 6.6444855 6.290283
0.4677887 6.6111603 6.1522217
0.48683167 6.558792 6.1688843
0.51301575 6.6397247 6.1974487
0.508255 6.6635284 6.2545776
0.5011139 6.665909 6.2855225
0.4344635 6.8111115 6.295044
0.42256165 6.8706207 6.249817
0.43208313 6.8610992 6.2283936
0.4344635 6.949173 6.185547
0.42256165 6.9515533 6.2521973
0.4106598 7.0039215 6.1141357
0.3511505 6.839676 6.0165405
0.4106598 6.7349396 5.942749
0.5391998 6.6563873 5.897522
0.6486969 6.584976 5.8999023
0.6986847 6.627823 5.82135
0.6415558 6.6302032 5.814209
0.5011139 6.751602 5.788025
0.41542053 6.808731 5.8356323
0.39161682 6.7611237 5.8808594
0.45350647 6.7039948 5.88562
0.52015686 6.649246 5.788025
0.56300354 6.5611725 5.6904297
0.54634094 6.4254913 5.7023315
0.48207092 6.373123 5.7070923
0.45350647 6.3112335 5.7523193
0.35353088 6.306473 5.697571
0.3035431 6.2541046 5.666626
0.17500305 6.139847 5.7856445
-0.010665894 6.0470123 5.7261353
-0.32011414 5.825638 5.633301
-0.66526794 5.6756744 5.302429
-0.9842377 5.5161896 5.0096436
-1.2389374 5.4447784 4.8049316
-1.3984222 5.280533 4.628784
-1.3865204 5.018692 4.350281
-1.338913 4.6997223 4.0670166
-1.1365814 4.3997955 3.8170776
-0.70573425 4.099869 3.781372
-0.22966003 3.9189606 3.8742065
0.3273468 3.8047028 4.166992
0.7462921 3.8808746 4.526428
1.0747833 3.9760895 4.942993
1.2318878 4.1308136 5.4143066
1.2866364 4.311722 5.88562
1.2437897 4.478348 6.340271
1.1485748 4.5211945 6.859192
0.9605255 4.5783234 7.2210083
0.8700714 4.4878693 7.6066284
0.89863586 4.273636 8.013672
0.88197327 4.0903473 8.368347
0.7867584 3.9189606 8.64447
0.60346985 3.7523346 8.920593
0.37019348 3.5833282 9.1467285
0.16786194 3.4309845 9.339539
0.17024231 3.4262238 9.748962
0.05836487 3.4000397 9.98938
0.046463013 3.485733 10.05127
-0.04399109 3.2572174 10.067932
-0.124923706 3.2310333 10.072693
-0.0011444092 3.0382233 10.17981
0.2202301 2.9953766 10.382141
0.52253723 2.8239899 10.363098
0.55348206 2.5074005 10.405945
0.37495422 2.202713 10.420227
0.1464386 2.0908356 10.24646
0.15596008 2.0527496 10.156006
0.3202057 2.2003326 10.103638
0.6082306 2.0765533 10.2178955
0.7320099 1.869461 10.422607
0.8153229 1.7313995 10.529724
0.7534332 1.574295 10.56543
0.7129669 1.5766754 10.701111
0.6986847 1.6076202 10.765381
0.6463165 1.6671295 10.812988
0.5844269 1.6290436 10.786804
0.48921204 1.6504669 10.770142
0.43208313 1.6385651 10.582092
0.38685608 1.676651 10.57019
0.4106598 1.5457306 10.69873
0.4273224 1.4576569 10.691589
0.4677887 1.298172 10.722534
0.4106598 1.2077179 10.646362
0.3773346 1.0339508 10.574951
0.38923645 0.9339752 10.593994
0.39161682 0.90541077 10.551147
0.41542053 0.8792267 10.496399
0.3844757 0.99586487 10.434509
0.31782532 1.003006 10.50592
0.31782532 1.0529938 10.455933
0.29164124 1.067276 10.408325
0.3939972 0.9863434 10.30835
0.45350647 0.90779114 10.225037
0.42494202 0.624527 10.17981
0.3773346 0.39839172 10.079834
0.32496643 0.3674469 10.020325
0.2940216 0.43171692 10.096497
0.34877014 0.41505432 10.175049
0.32496643 0.39363098 10.094116
0.33924866 0.31269836 10.05127
0.3106842 0.21272278 10.063171
0.29878235 0.008010864 10.251221
0.2606964 -0.23478699 10.472595
0.25831604 -0.3252411 10.389282
0.17500305 -0.529953 10.3012085
0.06550598 -0.5799408 10.132202
0.02027893 -0.6299286 9.975098
-0.036849976 -0.6227875 10.063171
-0.18681335 -0.6227875 10.108398
-0.37724304 -0.7370453 10.082214
-0.45341492 -0.9846039 9.960815
-0.5676727 -1.1678925 9.789429
-0.5843353 -1.3726044 9.5442505
-0.6343231 -1.5273285 9.446655
-0.72953796 -1.7344208 9.15387
-0.8747406 -1.8724823 9.070557
-1.0556488 -2.1367035 8.956299
-1.1794281 -2.3223724 8.927734
-1.3151093 -2.6484833 8.906311
-1.3103485 -2.9008026 8.968201
-1.4150848 -3.0364838 9.056274
-1.5483856 -3.2578583 9.363342
-1.6269379 -3.3578339 9.546631
-1.615036 -3.3483124 9.620422
-1.5293427 -3.326889 9.901306
-1.6459808 -3.4197235 10.544006
-1.8602142 -3.6625214 10.936768
-1.9316254 -4.16716 11.0177
-1.8364105 -4.674179 11.027222
-1.6031342 -4.9979095 10.972473
-1.3412933 -5.0883636 10.553528
-1.2460785 -5.090744 10.24884
-1.2794037 -4.8741302 10.044128
-1.3531952 -4.697983 9.7751465
-1.5198212 -4.35997 9.665649
-1.6245575 -4.071945 9.627563
-1.7031097 -3.7958221 9.501404
-1.7316742 -3.614914 9.399048
-1.7411957 -3.5411224 9.399048
-1.717392 -3.6172943 9.34906
-1.7769012 -3.6839447 9.306213
-1.8697357 -3.7220306 9.296692
-1.9244843 -3.7601166 9.268127
-1.9816132 -3.7910614 9.301453
-1.8863983 -3.7648773 9.168152
-1.9244843 -3.84581 9.253845
-1.9173431 -3.814865 9.427612
-1.9054413 -3.7410736 9.568054
-1.9125824 -3.6839447 9.644226
-1.7697601 -3.6077728 9.546631
-1.6697845 -3.6458588 9.341919
-1.5912323 -3.679184 9.256226
-1.569809 -3.569687 9.296692
-1.5079193 -3.3935394 9.341919
-1.5364838 -3.2411957 9.372864
-1.569809 -3.1555023 9.363342
-1.5936127 -3.115036 9.358582
-1.6459808 -3.0793304 9.389526
-1.615036 -3.0864716 9.387146
-1.5269623 -3.1102753 9.277649
-1.486496 -3.1055145 9.2300415
-1.403183 -3.0531464 9.137207
-1.422226 -2.922226 9.2300415
-1.3531952 -2.838913 9.213379
-1.3746185 -2.7389374 9.337158
-1.3317719 -2.653244 9.453796
-1.3460541 -2.6556244 9.518066
-1.3531952 -2.7056122 9.546631
-1.3627167 -2.762741 9.687073
-1.3889008 -2.8531952 9.644226
-1.4269867 -2.9008026 9.577576
-1.4150848 -2.922226 9.558533
-1.3984222 -2.9365082 9.520447
-1.422226 -2.9008026 9.520447
-1.467453 -2.9341278 9.3966675
-1.4698334 -2.9460297 9.387146
-1.4888763 -2.9769745 9.334778
-1.4841156 -2.960312 9.360962
-1.4436493 -3.0650482 9.353821
-1.4412689 -3.1245575 9.363342
-1.4817352 -3.20549 9.34906
-1.5769501 -3.2840424 9.418091
-1.6221771 -3.345932 9.468079
-1.634079 -3.3816376 9.501404
-1.6245575 -3.410202 9.434753
-1.6483612 -3.4244843 9.437134
-1.7649994 -3.429245 9.420471
-1.7792816 -3.403061 9.356201
-1.7554779 -3.2959442 9.206238
-1.762619 -3.243576 9.130066
-1.7102509 -3.1816864 9.053894
-1.6483612 -3.153122 8.794434
-1.6912079 -3.191208 8.608765
-1.6888275 -3.3554535 8.582581
-1.6316986 -3.4768524 8.727783
-1.5769501 -3.5244598 9.037231
-1.5579071 -3.519699 9.330017
-1.6436005 -3.4649506 9.587097
-1.7126312 -3.3245087 9.779907
-1.8387909 -3.1483612 9.901306
-1.845932 -2.8627167 9.965576
-1.8935394 -2.6008759 9.982239
-1.8530731 -2.2985687 9.934631
-1.8530731 -1.9438934 9.998901
-1.7888031 -1.6820526 9.851318
-1.7888031 -1.6106415 9.851318
-1.7697601 -1.6558685 9.765625
-1.6459808 -1.7986908 9.651367
-1.5721893 -2.0605316 9.622803
-1.4626923 -2.331894 9.722778
-1.38414 -2.653244 9.808472
-1.3436737 -2.9769745 9.856079
-1.2651215 -3.2745209 9.903687
-1.2579803 -3.5244598 9.891785
-1.2032318 -3.7743988 9.967957
-1.1960907 -3.8600922 9.853699
-1.1508636 -3.91008 9.9869995
-1.1818085 -3.743454 9.913208
-1.2032318 -3.583969 9.6918335
-1.2341766 -3.3816376 9.534729
-1.2151337 -3.1674042 9.296692
-1.2460785 -3.0864716 9.151489
-1.2008514 -2.9769745 9.115784
-1.1389618 -2.793686 9.072937
-1.1270599 -2.6389618 9.141968
-1.1627655 -2.5532684 9.291931
-1.1937103 -2.4628143 9.391907
-1.1984711 -2.3675995 9.363342
-1.1841888 -2.3675995 9.265747
-1.1675262 -2.4128265 9.149109
-1.2103729 -2.415207 8.9991455
-1.1770477 -2.4913788 8.846802
-1.217514 -2.505661 8.865845
-1.3222504 -2.5485077 8.875366
-1.4793549 -2.5913544 9.041992
-1.6507416 -2.6413422 9.151489
-1.7483368 -2.69133 9.215759
-1.8602142 -2.7460785 9.353821
-1.9363861 -2.7889252 9.456177
-1.993515 -2.7794037 9.627563
-1.9030609 -2.7127533 9.791809
-1.8578339 -2.6127777 9.794189
-1.8102264 -2.5080414 9.877502
-1.8030853 -2.441391 9.906067
-1.7911835 -2.3295135 9.906067
-1.8245087 -2.267624 9.865601
-1.8435516 -2.2438202 9.746582
-1.8102264 -2.319992 9.651367
-1.7888031 -2.4366302 9.546631
-1.7721405 -2.5532684 9.501404
-1.7292938 -2.6699066 9.391907
-1.7507172 -2.7413177 9.399048
-1.7388153 -2.8508148 9.358582
-1.698349 -2.8865204 9.3966675
-1.6864471 -2.910324 9.41571
-1.6031342 -2.9317474 9.499023
-1.505539 -2.960312 9.506165
-1.4293671 -2.9817352 9.639465
-1.3889008 -2.960312 9.54187
-1.365097 -2.94841 9.60376
-1.338913 -2.9983978 9.522827
-1.3341522 -2.9888763 9.572815
-1.2698822 -2.9436493 9.622803
-1.2698822 -2.9626923 9.620422
-1.2865448 -2.9983978 9.577576
-1.2317963 -3.0269623 9.558533
-1.2532196 -2.9960175 9.515686
-1.217514 -2.9888763 9.551392
-1.2341766 -3.0079193 9.572815
-1.1651459 -2.960312 9.5442505
-1.1889496 -2.9579315 9.515686
-1.2246552 -2.922226 9.434753
Time Stop = 2216
