Time Start = 674
-9.551193 -3.71727 0.10131836
-9.867783 -3.4530487 -0.058166504
-10.231979 -3.2269135 -0.13433838
-10.143906 -3.1197968 -0.09625244
-9.755905 -3.1459808 0.07513428
-8.82756 -3.2102509 0.23223877
-8.449081 -2.9722137 0.5773926
-8.603806 -3.01268 0.43695068
-9.101303 -2.8531952 0.51312256
-9.565475 -2.6389618 0.4107666
-9.746384 -2.7532196 0.4202881
-9.698776 -2.8531952 0.3703003
-9.33696 -2.7889252 0.22271729
-9.344101 -2.8912811 0.5178833
-9.367905 -2.6818085 0.57977295
-9.6107025 -2.5485077 0.58929443
-9.78685 -2.7556 0.625
-9.877304 -2.9769745 0.44171143
-9.891586 -3.1436005 0.30841064
-9.891586 -3.0721893 0.22747803
-9.920151 -3.0150604 0.20367432
-10.003464 -3.0388641 0.10369873
-10.148666 -3.1197968 -0.06530762
-10.191513 -3.262619 -0.14624023
-10.189133 -3.2935638 -0.21051025
-10.196274 -3.2769012 -0.08911133
-10.153427 -3.3173676 -0.0010375977
-10.098679 -3.255478 0.115600586
-9.901108 -3.1221771 0.14654541
-9.748764 -3.005539 0.3036499
-9.520248 -2.800827 0.394104
-9.420273 -2.6413422 0.44647217
-9.341721 -2.4723358 0.49645996
-9.286972 -2.4294891 0.5274048
-9.227463 -2.3604584 0.5583496
-9.165573 -2.4509125 0.38220215
-9.184616 -2.62706 0.2869873
-9.186996 -2.865097 0.16558838
-9.234604 -3.0269623 0.19415283
-9.348862 -3.1197968 0.07513428
-9.598801 -3.1840668 0.113220215
-9.78923 -3.1388397 0.046569824
-9.891586 -3.0483856 0.08703613
-9.965378 -3.0626678 0.19415283
-10.017746 -3.1840668 0.23699951
-10.055832 -3.1864471 0.22509766
-10.084396 -3.107895 0.29412842
-10.001083 -3.0436249 0.36791992
-9.839218 -3.01268 0.34649658
-9.72258 -3.01268 0.31793213
-9.59404 -2.922226 0.3274536
-9.498825 -3.0102997 0.29888916
-9.544052 -3.005539 0.18463135
-9.613083 -2.974594 0.15130615
-9.651169 -3.0983734 0.1060791
-9.605942 -3.1483612 0.013244629
-9.536911 -3.0745697 0.0013427734
-9.534531 -3.0198212 0.06085205
-9.520248 -2.9817352 0.11798096
-9.548813 -2.9841156 0.053710938
-9.617844 -3.0745697 0.13226318
-9.665451 -3.1840668 0.1965332
-9.679733 -3.2292938 0.31555176
-9.672592 -3.3102264 0.35125732
-9.705917 -3.3245087 0.43218994
-9.708298 -3.224533 0.4440918
-9.72496 -3.262619 0.3607788
-9.653549 -3.288803 0.34887695
-9.603561 -3.2649994 0.30841064
-9.579758 -3.1864471 0.394104
-9.603561 -3.1816864 0.42980957
-9.636887 -3.1459808 0.34649658
-9.674973 -3.115036 0.28936768
-9.696396 -3.2769012 0.2869873
-9.703537 -3.3602142 0.2798462
-9.636887 -3.338791 0.37268066
-9.644028 -3.2649994 0.46313477
-9.53215 -3.2150116 0.67974854
-9.482162 -3.1293182 0.69641113
-9.544052 -3.1959686 0.90826416
-9.59404 -3.1745453 0.9796753
-9.772568 -3.3792572 0.9939575
-9.974899 -3.6506195 1.0939331
-10.093918 -3.7577362 1.1534424
-10.10582 -3.743454 1.2272339
-10.039169 -3.6506195 1.1724854
-10.0082245 -3.7458344 1.4224243
-9.877304 -4.031479 1.529541
-9.905869 -4.5861053 1.7509155
-10.032028 -5.162155 1.9032593
-10.086777 -5.6382294 1.760437
-10.241501 -6.007187 1.5628662
-10.439072 -6.123825 1.3748169
-10.672348 -6.188095 1.2581787
-10.708054 -6.0619354 1.1820068
-10.729477 -5.70726 1.3081665
-10.660446 -5.371628 1.7485352
-10.624741 -5.359726 2.0770264
-10.660446 -5.602524 2.5578613
-10.658066 -5.8905487 2.7649536
-10.743759 -6.045273 2.7792358
-10.81041 -6.135727 2.7768555
-10.979416 -6.2047577 2.6744995
-10.9960785 -6.0690765 2.5292969
-10.896103 -5.938156 2.3269653
-10.834213 -5.854843 2.2960205
-10.791367 -5.9333954 2.5483398
-10.712814 -6.002426 2.8744507
-10.769943 -6.1666718 3.3243408
-10.779465 -6.2285614 3.7409058
-10.846115 -6.2285614 3.9194336
-10.762802 -6.161911 3.8670654
-10.639023 -6.047653 3.7980347
-10.443832 -5.892929 3.550476
-10.286728 -5.8572235 3.7147217
-10.053452 -5.733444 4.017029
-9.803513 -5.6953583 4.3288574
-9.670212 -5.6763153 4.7382813
-9.477402 -5.526352 5.0596313
-9.356003 -5.366867 4.9691772
-9.27269 -5.2597504 5.0667725
-9.186996 -5.374008 4.876343
-9.003708 -5.4668427 4.678772
-8.744247 -5.5049286 4.8096924
-8.458603 -5.3621063 5.171509
-8.151535 -4.9145966 5.3048096
-7.9182587 -4.493271 5.7475586
-7.708786 -4.4218597 6.1712646
-7.554062 -4.2599945 6.283142
-7.465988 -4.283798 6.711609
-7.5135956 -4.443283 7.1186523
-7.5635834 -4.4528046 6.771118
-7.458847 -4.1195526 6.27124
-7.197006 -3.9267426 6.256958
-6.7233124 -3.8196259 6.3378906
-6.142502 -3.6839447 6.2807617
-5.7092743 -3.5006561 6.552124
-5.2927094 -3.338791 6.930603
-5.0951385 -2.8984222 7.194824
-4.938034 -2.4532928 7.4995117
-4.714279 -2.1319427 7.4995117
-4.4857635 -1.7272797 7.392395
-4.1977386 -1.703476 7.4471436
-3.9835052 -1.979599 7.654236
-3.7335663 -2.0914764 7.6447144
-3.4955292 -2.024826 7.559021
-3.3669891 -1.7891693 7.6328125
-3.1694183 -1.6701508 7.8303833
-2.9075775 -1.5892181 8.168396
-2.7576141 -1.60112 8.570679
-2.648117 -1.222641 8.675415
-2.60289 -1.0298309 8.83252
-2.5290985 -0.73942566 8.792053
-2.4338837 -0.76560974 8.70874
-2.2077484 -0.74894714 8.561157
-1.864975 -0.7013397 8.361206
-1.6459808 -0.548996 8.273132
-1.5555267 -0.2823944 8.332642
-1.505539 -0.07054138 8.57782
-1.4150848 0.050857544 8.720642
-1.2889252 -0.02293396 8.922974
-1.2936859 -0.10386658 8.853943
-1.153244 0.06752014 8.57782
-1.0270844 0.18891907 8.315979
-0.86997986 0.36982727 8.144592
-0.8104706 0.43647766 8.199341
-0.81285095 0.62690735 8.25885
-0.8437958 0.7221222 8.294556
-0.92948914 0.8292389 8.406433
-0.8318939 0.92445374 8.3897705
-0.63908386 1.0982208 8.504028
-0.44865417 1.3100739 8.504028
-0.2986908 1.3933868 8.5563965
-0.2320404 1.4600372 8.587341
-0.21537781 1.5838165 8.51355
-0.3486786 1.7528229 8.444519
-0.35105896 1.9004059 8.32312
-0.2986908 1.8480377 8.511169
-0.21775818 1.7861481 8.589722
-0.101119995 1.9313507 8.496887
0.12263489 2.0313263 8.504028
0.24403381 2.0503693 8.625427
0.20118713 2.1527252 8.720642
0.129776 2.3074493 8.742065
0.12263489 2.2384186 8.994385
0.072647095 2.3788605 8.806335
0.05836487 2.4574127 8.751587
0.08692932 2.600235 8.534973
0.06312561 2.7787628 8.415955
0.048843384 2.831131 8.396912
0.094070435 2.9739532 8.489746
0.1631012 3.1120148 8.599243
0.18928528 3.2453156 8.523071
0.25831604 3.311966 8.351685
0.27497864 3.3905182 8.285034
0.27497864 3.3714752 8.19458
0.23451233 3.3548126 8.0946045
0.23213196 3.6023712 7.861328
0.2202301 3.7475739 7.930359
0.18928528 3.5023956 8.180298
0.12263489 3.266739 8.427856
0.22975159 3.035843 8.358826
0.38209534 2.9382477 8.446899
0.38209534 3.2381744 8.3897705
0.3368683 3.6761627 8.461182
0.37019348 3.9832306 8.530212
0.48207092 4.1498566 8.558777
0.5511017 4.030838 8.5802
0.48921204 3.890396 8.4730835
0.46302795 3.799942 8.444519
0.41304016 3.8546906 8.268372
0.29640198 3.845169 8.337402
0.25831604 3.8213654 8.249329
0.22261047 3.7118683 8.332642
0.12263489 3.7190094 8.399292
0.14405823 3.7404327 8.475464
0.17500305 3.7689972 8.589722
0.22261047 3.890396 8.570679
0.31782532 3.9689484 8.477844
0.41542053 3.985611 8.4730835
0.45588684 4.037979 8.563538
0.43208313 4.0927277 8.561157
0.41304016 4.126053 8.458801
0.32496643 4.018936 8.430237
0.30116272 3.9760895 8.237427
0.31782532 4.0141754 8.166016
0.40351868 4.0403595 8.294556
0.46302795 4.0927277 8.32312
0.55348206 4.099869 8.311218
0.5987091 4.133194 8.294556
0.48683167 4.102249 8.404053
0.37971497 4.121292 8.249329
0.2868805 4.1093903 8.230286
0.26307678 4.1379547 8.218384
0.2535553 4.152237 8.285034
0.3106842 4.247452 8.377869
0.38685608 4.292679 8.394531
0.36543274 4.2569733 8.542114
0.28450012 4.211746 8.494507
0.21546936 4.2593536 8.468323
0.2035675 4.295059 8.446899
0.2702179 4.3617096 8.365967
0.34638977 4.4069366 8.3255005
0.38209534 4.4188385 8.208862
0.43684387 4.3402863 8.265991
0.3939972 4.2331696 8.201721
0.32258606 4.2712555 8.239807
0.27259827 4.3212433 8.25885
0.3106842 4.3212433 8.3255005
0.3368683 4.3045807 8.311218
0.36543274 4.2522125 8.373108
0.38209534 4.2379303 8.404053
0.41542053 4.197464 8.427856
0.4178009 4.247452 8.375488
0.4344635 4.280777 8.25885
0.39637756 4.306961 8.239807
0.3202057 4.292679 8.204102
0.34877014 4.2831573 8.289795
0.2868805 4.3022003 8.358826
0.277359 4.3212433 8.437378
0.3511505 4.190323 8.544495
0.3273468 4.1736603 8.523071
0.37495422 4.254593 8.563538
0.42018127 4.2641144 8.542114
0.48683167 4.268875 8.530212
0.4582672 4.318863 8.511169
0.46064758 4.4331207 8.425476
0.40827942 4.4188385 8.423096
0.360672 4.352188 8.584961
0.35829163 4.29982 8.608765
0.32496643 4.3545685 8.615906
0.28926086 4.390274 8.637329
0.33210754 4.359329 8.639709
0.33210754 4.3355255 8.549255
0.3773346 4.352188 8.427856
0.36543274 4.337906 8.470703
0.33924866 4.345047 8.527832
0.26545715 4.3236237 8.508789
0.21784973 4.330765 8.458801
0.27973938 4.383133 8.444519
0.4106598 4.4450226 8.454041
0.48683167 4.4759674 8.51593
0.48207092 4.473587 8.558777
0.4749298 4.395035 8.530212
0.36543274 4.345047 8.496887
0.34162903 4.3688507 8.411194
0.30592346 4.3807526 8.406433
0.33924866 4.421219 8.430237
0.3368683 4.4116974 8.365967
0.36305237 4.395035 8.375488
0.3202057 4.3878937 8.425476
0.3368683 4.4569244 8.377869
0.33448792 4.36409 8.444519
0.3368683 4.318863 8.356445
0.3106842 4.242691 8.377869
0.34638977 4.249832 8.346924
0.37257385 4.3164825 8.339783
0.4106598 4.337906 8.342163
0.42256165 4.3164825 8.287415
0.42256165 4.359329 8.235046
0.42018127 4.29982 8.218384
0.33448792 4.2855377 8.25885
0.3035431 4.3212433 8.318359
0.28450012 4.345047 8.332642
0.22975159 4.345047 8.373108
0.24403381 4.3997955 8.365967
0.3273468 4.4712067 8.370728
0.35829163 4.5664215 8.382629
0.43208313 4.5783234 8.423096
0.44636536 4.478348 8.394531
0.36543274 4.4450226 8.392151
0.29640198 4.4688263 8.282654
0.29164124 4.4878693 8.32312
0.3440094 4.4831085 8.394531
0.41542053 4.4712067 8.368347
0.4844513 4.506912 8.382629
0.4273224 4.564041 8.442139
0.443985 4.537857 8.308838
0.47969055 4.49263 8.327881
0.5011139 4.4521637 8.277893
0.44636536 4.4640656 8.32312
0.4106598 4.466446 8.394531
0.37971497 4.3878937 8.3064575
0.34162903 4.3617096 8.361206
0.33448792 4.4378815 8.3897705
0.28450012 4.5211945 8.465942
0.27497864 4.5973663 8.406433
0.27497864 4.544998 8.356445
0.22737122 4.542618 8.349304
0.21070862 4.511673 8.420715
0.23451233 4.518814 8.356445
0.33448792 4.499771 8.396912
0.45588684 4.4902496 8.301697
0.4844513 4.402176 8.375488
0.42494202 4.378372 8.358826
0.37257385 4.402176 8.342163
0.34638977 4.42836 8.301697
0.3939972 4.3807526 8.251709
0.42970276 4.4045563 8.168396
0.47254944 4.3617096 8.211243
0.47254944 4.3402863 8.232666
0.47254944 4.359329 8.254089
0.37495422 4.3664703 8.096985
0.3773346 4.356949 8.161255
0.40351868 4.3474274 8.25647
0.33924866 4.485489 8.232666
0.3440094 4.4450226 8.182678
0.33924866 4.4450226 8.273132
0.34162903 4.461685 8.26123
0.31544495 4.4450226 8.263611
0.2940216 4.485489 8.3255005
0.28211975 4.5140533 8.3064575
0.27497864 4.5569 8.423096
0.33210754 4.6235504 8.351685
0.34638977 4.6687775 8.351685
0.44636536 4.6354523 8.244568
0.39161682 4.5783234 8.315979
0.33448792 4.575943 8.339783
0.26545715 4.530716 8.373108
0.2702179 4.499771 8.3064575
0.29878235 4.5164337 8.287415
0.35591125 4.5092926 8.32312
0.45350647 4.499771 8.373108
0.47969055 4.473587 8.411194
0.5177765 4.421219 8.404053
0.45350647 4.4712067 8.468323
0.50349426 4.4378815 8.399292
0.49397278 4.356949 8.330261
0.5106354 4.4331207 8.330261
0.48207092 4.530716 8.351685
0.4511261 4.5164337 8.339783
0.3844757 4.5664215 8.296936
0.3511505 4.511673 8.270752
0.37495422 4.561661 8.251709
0.4416046 4.5283356 8.330261
0.443985 4.542618 8.235046
0.49873352 4.544998 8.275513
0.49873352 4.4831085 8.26123
0.42970276 4.4973907 8.296936
0.35591125 4.4902496 8.315979
0.30830383 4.5783234 8.358826
0.30592346 4.652115 8.330261
0.3106842 4.6497345 8.239807
0.2940216 4.6425934 8.299316
0.3202057 4.5473785 8.358826
0.27259827 4.506912 8.3897705
0.22975159 4.511673 8.408813
0.21546936 4.466446 8.361206
0.21546936 4.4497833 8.315979
0.27259827 4.4307404 8.365967
0.34877014 4.480728 8.356445
0.37495422 4.485489 8.361206
0.42018127 4.473587 8.354065
0.46540833 4.4378815 8.354065
0.46064758 4.409317 8.270752
0.4106598 4.4235992 8.351685
0.33924866 4.390274 8.282654
0.37257385 4.36409 8.199341
0.43208313 4.4116974 8.239807
0.5177765 4.416458 8.358826
0.5582428 4.3997955 8.339783
0.5153961 4.390274 8.356445
0.4416046 4.3807526 8.344543
0.37495422 4.4378815 8.275513
0.33924866 4.4712067 8.32074
0.32972717 4.459305 8.32074
0.35353088 4.5854645 8.392151
0.3440094 4.590225 8.318359
0.39875793 4.5521393 8.287415
0.40351868 4.542618 8.339783
0.37495422 4.525955 8.304077
0.31306458 4.4973907 8.292175
0.3035431 4.480728 8.363586
0.3202057 4.506912 8.382629
0.34638977 4.4950104 8.25647
0.3511505 4.5021515 8.32312
0.3773346 4.5164337 8.273132
0.3273468 4.466446 8.223145
0.34638977 4.466446 8.116028
0.3368683 4.442642 8.111267
0.3511505 4.3997955 8.06604
0.40827942 4.356949 8.125549
0.41542053 4.4259796 8.087463
0.3678131 4.3878937 8.008911
0.37257385 4.330765 8.013672
0.37019348 4.3212433 7.9208374
0.3368683 4.3498077 7.989868
0.35591125 4.3022003 7.963684
0.37019348 4.345047 7.828003
0.40589905 4.3022003 7.804199
0.3773346 4.228409 7.804199
0.3678131 4.2331696 7.7851563
0.4106598 4.2260284 7.694702
0.47969055 4.2379303 7.7232666
0.47969055 4.159378 7.6328125
0.49873352 4.1165314 7.5494995
0.51301575 4.1046295 7.4804688
0.4677887 4.064163 7.482849
0.46064758 3.9808502 7.392395
0.4749298 3.8927765 7.3257446
0.47731018 3.8475494 7.2495728
0.5487213 3.876114 7.1067505
0.52015686 3.9118195 6.9924927
0.47254944 3.947525 7.0043945
0.5320587 3.9046783 6.8068237
0.56062317 3.8023224 6.666382
0.56300354 3.6833038 6.609253
0.47016907 3.4833527 6.544983
0.4011383 3.1667633 6.3450317
0.26545715 2.7763824 6.095093
0.14167786 2.5193024 5.928467
-0.039230347 2.2431793 5.8808594
-0.19871521 2.0836945 5.7927856
-0.46055603 2.1289215 5.8118286
-0.6533661 1.9622955 5.864197
-0.7676239 1.7861481 5.7666016
-0.8914032 1.381485 5.661865
-0.9080658 1.0339508 5.5618896
-1.0627899 0.68403625 5.409546
-1.3531952 0.077041626 5.5023804
-1.6007538 -0.27049255 5.716614
-1.7554779 -0.52519226 5.8880005
-1.8697357 -0.3728485 6.0474854
-2.1887054 -0.02293396 6.435486
-2.371994 0.30555725 6.642578
-2.5100555 0.36268616 6.7282715
-2.705246 -0.19908142 6.5116577
-3.1337128 -1.2631073 6.1688843
-4.01445 -3.1031342 6.154602
-5.1403656 -4.9717255 6.5283203
-5.8854218 -6.3690033 6.6306763
-6.016342 -7.18071 7.0091553
-5.399826 -7.2164154 7.578064
-4.6000214 -6.457077 7.970825
-4.154892 -5.7167816 8.008911
-4.150131 -5.454941 7.5161743
-4.5048065 -5.6453705 6.609253
-5.109421 -5.9095917 5.454773
-5.913986 -6.526108 5.095337
-6.4471893 -7.7758026 5.654724
-6.823288 -8.544662 6.2283936
-6.7994843 -8.501816 6.6330566
-6.789963 -7.9947968 7.044861
-6.6923676 -7.380661 6.956787
-6.70903 -6.7474823 6.321228
-6.7947235 -6.47612 5.1762695
-7.182724 -6.873642 4.5335693
-7.8087616 -7.6853485 4.2145996
-8.496689 -8.375656 4.107483
-8.965622 -8.65892 4.524048
-8.965622 -8.349472 5.064392
-8.63475 -7.559189 5.4071655
-8.541916 -6.828415 5.5666504
-8.644272 -6.526108 5.5595093
-8.870407 -6.449936 5.204834
-9.265549 -6.083359 4.2598267
-9.605942 -6.7808075 3.8908691
-10.23674 -6.6594086 3.2338867
-10.729477 -7.016464 3.293396
-10.872299 -6.9212494 3.3886108
Time Stop = 679
