Time Start = 1457244977
0.34162903 -7.9281464 6.7996826
0.6986847 -7.7877045 6.5997314
0.22499084 -7.625839 6.668762
-0.37010193 -7.649643 6.585449
-0.40342712 -7.8472137 6.6187744
-0.008285522 -8.025742 6.578308
0.2368927 -7.9352875 6.6187744
0.23451233 -7.873398 6.585449
0.09169006 -7.842453 6.6068726
0.07026672 -7.892441 6.647339
0.129776 -7.894821 6.7973022
0.26783752 -7.725815 6.5735474
0.34638977 -7.680588 6.661621
0.29878235 -7.797226 6.6259155
0.23927307 -7.7543793 6.635437
0.16072083 -7.728195 6.6759033
0.046463013 -7.7758026 6.647339
0.055984497 -7.7615204 6.680664
0.048843384 -7.8210297 6.661621
0.04170227 -7.835312 6.680664
0.11073303 -7.785324 6.6949463
0.16072083 -7.744858 6.602112
0.22499084 -7.7496185 6.6378174
0.23927307 -7.778183 6.673523
0.24165344 -7.8376923 6.647339
0.19404602 -7.880539 6.65448
0.14405823 -7.894821 6.571167
0.14881897 -7.8781586 6.6306763
0.12025452 -7.8852997 6.5878296
0.09169006 -7.842453 6.602112
0.08692932 -7.816269 6.578308
0.096450806 -7.8638763 6.52594
0.11073303 -7.9019623 6.571167
0.13453674 -7.7996063 6.597351
0.1631012 -7.7734222 6.5878296
0.20118713 -7.854355 6.7235107
0.117874146 -8.101913 6.6592407
0.005996704 -8.280441 6.533081
-0.14634705 -8.194748 6.456909
-0.24632263 -7.785324 6.480713
-0.27964783 -7.513962 6.5473633
-0.29393005 -7.8710175 6.7663574
-0.41770935 -8.342331 6.7282715
-0.4391327 -8.130478 6.4259644
-0.24156189 -7.4687347 6.6330566
0.0012359619 -6.8307953 7.111511
0.10597229 -6.8331757 7.5685425
-0.02494812 -7.625839 7.854187
-0.013046265 -8.406601 8.013672
0.21070862 -8.71843 8.0112915
0.47969055 -8.682724 7.6185303
0.8605499 -8.727951 7.528076
0.97242737 -8.78746 7.585205
0.80818176 -9.246872 7.797058
0.51301575 -9.81102 7.732788
0.25831604 -9.999069 7.085327
0.43208313 -9.906235 6.635437
0.572525 -10.108566 7.0496216
0.2940216 -10.177597 6.833008
-0.0844574 -10.653671 7.0305786
-0.18443298 -10.820297 7.3114624
0.24165344 -10.594162 8.06842
0.7700958 -10.234726 8.7682495
0.8462677 -9.863388 9.013428
0.5106354 -9.653915 9.115784
-0.041610718 -9.546799 9.001526
-0.38200378 -9.6800995 8.846802
-0.3796234 -9.880051 8.6206665
-0.11778259 -10.12999 8.370728
0.10121155 -10.239487 8.318359
0.18214417 -10.0681 8.275513
0.22499084 -9.572983 8.363586
0.30830383 -8.858871 8.668274
0.3035431 -8.151901 8.953918
0.41542053 -7.8138885 9.063416
0.37971497 -7.5520477 8.83728
0.46302795 -7.573471 8.827759
0.57014465 -7.644882 8.656372
0.76057434 -7.7496185 8.461182
0.905777 -7.732956 8.25885
1.0462189 -7.6329803 7.68042
1.1604767 -7.3782806 7.55188
1.1914215 -6.964096 7.4400024
1.2675934 -6.457077 7.449524
1.2771149 -5.9143524 7.55188
1.2080841 -5.4097137 7.6780396
1.162857 -5.038376 7.42572
1.0128937 -4.757492 7.3709717
0.9938507 -4.74559 7.251953
1.0771637 -4.6646576 6.840149
1.162857 -4.455185 7.1853027
1.1200104 -4.217148 7.199585
1.0628815 -3.788681 7.3257446
1.0200348 -3.1626434 7.3114624
0.96528625 -2.5080414 7.4590454
0.886734 -1.8891449 7.342407
0.89863586 -1.286911 7.218628
0.8153229 -0.8417816 7.404297
0.7986603 -0.3657074 7.2686157
0.7558136 0.17701721 7.4995117
0.905777 0.71736145 7.48761
0.67726135 1.2505646 7.513794
0.60346985 1.907547 7.61615
0.58680725 2.5121613 7.6661377
0.65345764 2.766861 7.5542603
0.6344147 2.8834991 7.335266
0.62965393 3.1310577 7.2662354
0.50587463 2.8668365 6.852051
0.5653839 3.0025177 6.7734985
0.57728577 3.3595734 6.9258423
0.62727356 3.59523 6.6640015
0.61061096 4.223648 6.5545044
0.591568 4.6830597 6.635437
0.5749054 4.9901276 6.5735474
0.5891876 5.2210236 6.621155
0.5320587 5.4185944 6.416443
0.6248932 5.4138336 6.0736694
0.6725006 5.58284 5.8499146
0.67726135 5.609024 5.6690063
0.5653839 5.8827667 5.530945
0.49397278 6.142227 5.185791
0.5391998 6.48024 5.1905518
0.52253723 6.999161 5.135803
0.47731018 7.3871613 4.902527
0.43208313 7.4157257 4.973938
0.4106598 7.3133698 4.9786987
0.3511505 7.449051 4.973938
0.40589905 7.3181305 4.9263306
0.47016907 7.3895416 4.973938
0.48921204 7.468094 4.92395
0.47731018 7.468094 4.9572754
0.5153961 7.565689 5.1262817
0.51301575 7.527603 5.140564
0.4749298 7.4395294 5.2405396
0.4273224 7.3038483 5.2143555
0.37495422 7.020584 5.219116
0.4106598 6.770645 5.128662
0.4749298 6.751602 5.1429443
0.4582672 6.8253937 5.216736
0.47969055 7.0229645 5.3048096
0.49635315 7.2871857 5.430969
0.4749298 7.5442657 5.678528
0.4749298 7.649002 5.8951416
0.5249176 7.558548 5.8832397
0.50349426 7.353836 5.8880005
0.51301575 7.232437 5.88562
0.53681946 7.006302 5.826111
0.6058502 6.8872833 5.7594604
0.6344147 6.7611237 5.738037
0.62965393 6.7349396 5.7094727
0.6463165 6.8610992 5.7261353
0.66773987 7.032486 5.847534
0.6344147 7.0800934 5.7904053
0.6391754 7.001541 5.730896
0.67012024 7.0539093 5.730896
0.6320343 7.0110626 5.6380615
0.68440247 6.9896393 5.5999756
0.71058655 7.0800934 5.7023315
0.5891876 7.130081 5.8356323
0.5320587 7.025345 5.826111
0.46064758 6.942032 5.7904053
0.5391998 6.8896637 5.742798
0.61299133 6.9896393 5.680908
0.6796417 7.289566 5.788025
0.6891632 7.6323395 5.730896
0.6891632 7.853714 5.8189697
0.739151 7.8322906 5.7999268
0.79389954 7.589493 5.666626
0.8058014 7.1776886 5.5880737
0.79389954 6.9658356 5.5095215
0.70106506 6.646866 5.397644
0.7153473 6.3874054 5.4071655
0.655838 6.5540314 5.526184
0.58680725 6.8634796 5.685669
0.57014465 7.1586456 5.878479
0.591568 7.38002 5.9213257
0.59632874 7.4704742 5.9403687
0.64393616 7.422867 5.8618164
0.6582184 7.456192 5.852295
0.591568 7.422867 5.776123
0.61061096 7.308609 5.761841
0.43922424 7.0872345 5.697571
0.46540833 6.711136 5.5595093
0.443985 6.525467 5.5404663
0.43922424 6.4897614 5.526184
0.45350647 6.6897125 5.678528
0.34638977 6.956314 5.7713623
0.1869049 7.2276764 5.94751
0.10359192 7.320511 6.0046387
0.09169006 7.1776886 5.7999268
0.11073303 6.9087067 5.576172
0.23927307 6.5468903 5.4642944
0.3368683 6.2160187 5.319092
0.44636536 6.0470123 5.197693
0.48683167 6.075577 5.0786743
0.52253723 6.306473 5.133423
0.48921204 6.654007 5.1834106
0.4677887 6.880142 5.159607
0.591568 6.9658356 5.2453003
0.7558136 6.93013 5.2405396
0.803421 6.8515778 5.166748
0.82484436 6.8039703 5.1834106
0.84150696 6.8253937 5.2476807
0.90815735 6.4707184 5.057251
0.91767883 6.1374664 4.9001465
0.8534088 5.832779 4.9144287
0.7700958 5.858963 5.0334473
0.80818176 6.3517 5.30719
0.8200836 7.0491486 5.6523438
0.68440247 7.6394806 5.9332275
0.6653595 7.884659 6.1522217
0.71058655 7.76326 6.1046143
0.6225128 7.0872345 5.7594604
0.47731018 6.1945953 5.0977173
0.4416046 4.9115753 4.8025513
0.45350647 3.561905 4.671631
0.6486969 2.2955475 4.735901
0.9200592 1.1839142 4.947754
1.2414093 0.077041626 5.37146
1.4651642 -0.73228455 5.8094482
1.5032501 -1.3297577 6.2355347
1.4627838 -1.6534882 6.533081
1.4080353 -2.0652924 6.873474
1.3175812 -2.4247284 7.078186
1.4889679 -2.8317719 7.2614746
1.7174835 -3.4125824 7.5685425
2.01503 -4.1005096 7.7922974
2.3720856 -4.6241913 7.956543
2.5815582 -5.102646 8.113647
2.4863434 -5.4097137 8.223145
2.279251 -5.5168304 8.163635
1.9650421 -5.5953827 8.19458
1.7793732 -5.776291 8.373108
1.7151031 -6.142868 8.780151
1.772232 -6.642746 9.006287
1.7341461 -7.1592865 8.987244
1.6056061 -7.811508 8.696838
1.4461212 -8.408981 8.270752
1.265213 -9.025497 8.0946045
1.2342682 -9.406357 7.9398804
1.3128204 -9.642014 7.8708496
1.2723541 -9.606308 7.7613525
1.3318634 -9.592026 7.8970337
1.4699249 -9.5967865 7.956543
1.7293854 -9.456345 7.8518066
1.8579254 -9.453964 7.7351685
1.7531891 -9.444443 7.585205
1.5937042 -9.458725 7.4780884
1.4223175 -9.437302 7.6018677
1.2247467 -9.254013 7.68042
1.1033478 -9.008835 7.8637085
1.1390533 -8.706528 7.7613525
1.2485504 -8.304245 7.8137207
1.3247223 -7.8472137 7.5352173
1.2747345 -7.430649 7.213867
1.1842804 -7.071213 6.833008
1.0009918 -6.885544 6.314087
0.886734 -6.873642 5.916565
0.9867096 -7.1331024 5.576172
1.1461945 -7.411606 5.916565
1.2533112 -7.644882 6.6401978
1.11763 -7.682968 7.725647
0.8629303 -5.359726 13.064819
1.4008942 -8.599411 11.760376
0.85816956 -10.489426 7.16626
-0.83903503 -11.115463 9.34906
-1.0508881 -13.162582 8.925354
0.3106842 -14.179001 5.75708
1.5437164 -13.85289 4.0217896
2.1007233 -13.012619 3.107727
2.4149323 -11.781967 3.081543
2.317337 -10.639389 2.9696655
1.8341217 -10.291855 3.6195068
1.367569 -9.9752655 3.8694458
1.1319122 -9.8919525 3.947998
0.99861145 -9.796738 4.212219
0.64393616 -9.639633 4.7192383
1.0747833 -9.196884 4.5216675
1.0938263 -9.049301 4.66687
0.9462433 -8.830307 4.807312
0.7796173 -8.632736 4.821594
0.6225128 -8.494675 4.9382324
0.5558624 -8.447067 4.883484
0.47016907 -8.332809 4.7644653
0.53681946 -8.182846 4.569275
0.73677063 -8.228073 4.6502075
0.57728577 -8.408981 4.645447
0.5249176 -9.10643 4.2860107
0.5511017 -9.934799 4.4335938
0.32496643 -10.191879 4.2836304
0.33210754 -10.25853 3.9622803
0.37495422 -10.348984 3.921814
0.40589905 -10.363266 3.876587
0.42018127 -10.227585 3.8408813
0.2940216 -10.037155 3.7647095
0.26307678 -9.934799 3.7409058
0.2202301 -9.94194 3.7052002
0.21546936 -9.87529 3.7480469
0.19166565 -9.922897 3.8504028
0.20594788 -9.908615 3.9194336
0.21070862 -9.839584 3.8980103
0.22975159 -9.806259 4.0075073
0.2202301 -9.6800995 3.8480225
0.27973938 -9.368271 3.7789917
0.3106842 -9.318283 3.9360962
0.31306458 -9.265915 3.8742065
0.3202057 -9.318283 3.9741821
0.25117493 -9.520615 3.9599
0.30116272 -9.613449 3.8408813
0.29640198 -9.706284 3.883728
0.29640198 -9.734848 3.793274
0.31544495 -9.74675 3.7694702
0.40351868 -9.687241 3.7504272
0.38923645 -9.649155 3.7766113
0.36305237 -9.649155 3.6433105
0.37495422 -9.689621 3.4743042
0.41542053 -9.763412 3.4171753
0.44636536 -9.822922 3.433838
0.39161682 -10.12999 3.236267
0.32972717 -10.446579 3.100586
0.3511505 -10.320419 3.0505981
0.37495422 -10.2061615 3.2957764
0.30830383 -9.93718 3.3862305
0.22261047 -9.830063 3.5647583
0.13929749 -9.780075 3.6242676
0.11073303 -9.68486 3.6932983
0.08216858 -9.599167 3.6314087
0.07026672 -9.501572 3.6123657
0.12739563 -9.453964 3.6694946
0.19404602 -9.394455 3.6290283
0.24641418 -9.423019 3.5861816
0.28211975 -9.694382 3.5147705
0.27497864 -9.844345 3.5385742
0.277359 -9.894333 3.505249
0.28450012 -9.922897 3.5266724
0.3202057 -9.887192 3.4933472
0.3035431 -9.846725 3.5385742
0.27973938 -9.772934 3.5766602
0.25117493 -9.761032 3.581421
0.22737122 -9.675339 3.5076294
0.277359 -9.627731 3.4885864
0.22499084 -9.670578 3.626648
0.24403381 -9.737228 3.5385742
0.2535553 -9.80864 3.479065
0.22737122 -9.849106 3.4743042
0.21546936 -9.853867 3.4743042
0.2368927 -9.806259 3.4957275
0.23213196 -9.720566 3.467163
0.22975159 -9.694382 3.421936
0.21070862 -9.782455 3.4766846
0.19642639 -9.772934 3.467163
0.21546936 -9.889572 3.467163
0.24879456 -9.949081 3.4719238
0.25593567 -9.887192 3.4766846
0.25593567 -9.839584 3.524292
0.3368683 -9.818161 3.4576416
0.29878235 -9.765793 3.5457153
0.30592346 -9.782455 3.6004639
0.3106842 -9.727707 3.6218872
0.30116272 -9.696762 3.498108
0.31544495 -9.694382 3.5599976
0.24165344 -9.718185 3.5671387
0.25831604 -9.722946 3.5766602
0.3106842 -9.715805 3.4743042
0.30592346 -9.761032 3.4624023
0.27973938 -9.801498 3.498108
0.23451233 -9.803879 3.44812
0.24165344 -9.830063 3.588562
0.23927307 -9.796738 3.531433
0.23451233 -9.837204 3.6218872
0.20832825 -9.830063 3.5647583
0.2202301 -9.789597 3.5147705
0.23927307 -9.780075 3.5195313
0.28211975 -9.782455 3.5552368
0.24403381 -9.713425 3.5147705
0.26783752 -9.74675 3.4909668
0.28211975 -9.737228 3.5076294
0.26307678 -9.737228 3.4933472
0.22975159 -9.74913 3.531433
0.24879456 -9.763412 3.5457153
0.24641418 -9.708664 3.5290527
0.2940216 -9.741989 3.5480957
0.27259827 -9.677719 3.5100098
0.28926086 -9.718185 3.5480957
0.29640198 -9.80864 3.440979
0.27497864 -9.87767 3.4957275
0.2702179 -9.977646 3.5076294
0.28450012 -9.932419 3.5195313
0.24641418 -9.906235 3.4314575
0.25831604 -9.8276825 3.5028687
0.2868805 -9.772934 3.4814453
0.27973938 -9.708664 3.4719238
0.26783752 -9.706284 3.4957275
0.23451233 -9.675339 3.505249
0.23927307 -9.68486 3.5552368
0.24165344 -9.730087 3.543335
0.24879456 -9.782455 3.5219116
0.27497864 -9.758652 3.5576172
0.32496643 -9.737228 3.505249
0.29878235 -9.730087 3.4909668
0.30830383 -9.803879 3.44812
0.28211975 -9.822922 3.5147705
0.27259827 -9.839584 3.4433594
0.22975159 -9.87291 3.5004883
0.23451233 -9.884811 3.531433
0.23451233 -9.853867 3.5409546
0.23213196 -9.763412 3.5195313
0.22737122 -9.787216 3.569519
0.24879456 -9.732468 3.5385742
0.25831604 -9.699142 3.524292
0.27497864 -9.694382 3.4076538
0.25593567 -9.672958 3.3719482
0.3035431 -9.74675 3.4314575
0.28211975 -9.763412 3.4528809
0.31306458 -9.865768 3.5004883
0.3511505 -9.87767 3.4885864
0.35591125 -9.882431 3.5195313
0.31306458 -9.825302 3.5195313
0.27497864 -9.815781 3.5599976
0.30830383 -9.770554 3.543335
0.25593567 -9.758652 3.5361938
0.29640198 -9.7443695 3.550476
0.3368683 -9.7443695 3.4743042
0.28450012 -9.784836 3.486206
0.34638977 -9.791977 3.5457153
0.3368683 -9.820541 3.4719238
0.360672 -9.834824 3.4552612
0.31544495 -9.796738 3.5028687
0.25831604 -9.775314 3.4814453
0.28211975 -9.789597 3.498108
0.31306458 -9.751511 3.440979
0.30116272 -9.732468 3.5004883
0.26307678 -9.737228 3.5838013
0.22499084 -9.789597 3.5004883
0.25593567 -9.734848 3.5742798
0.25593567 -9.741989 3.5480957
0.27259827 -9.768173 3.4647827
0.3202057 -9.794357 3.4528809
0.27973938 -9.775314 3.4052734
0.3202057 -9.784836 3.4171753
0.3035431 -9.784836 3.4385986
0.27973938 -9.780075 3.4552612
0.2868805 -9.787216 3.4528809
0.3035431 -9.832443 3.4576416
0.2868805 -9.8134 3.4766846
0.30830383 -9.782455 3.5171509
0.28926086 -9.803879 3.5004883
0.3106842 -9.799118 3.5861816
0.277359 -9.791977 3.4624023
0.26307678 -9.775314 3.479065
0.2606964 -9.789597 3.4505005
0.30116272 -9.806259 3.4552612
0.3035431 -9.834824 3.498108
0.28926086 -9.837204 3.4552612
0.29164124 -9.815781 3.4957275
0.25593567 -9.830063 3.5004883
0.27973938 -9.777695 3.5076294
0.27497864 -9.74675 3.44812
0.3106842 -9.768173 3.4719238
0.25593567 -9.770554 3.3933716
0.30592346 -9.765793 3.4576416
0.24879456 -9.758652 3.4552612
0.26783752 -9.801498 3.4457397
0.2940216 -9.830063 3.421936
0.27497864 -9.834824 3.4647827
0.27497864 -9.803879 3.4457397
0.30830383 -9.768173 3.44812
0.29878235 -9.722946 3.5718994
0.31782532 -9.758652 3.4743042
0.2702179 -9.80864 3.5100098
0.25831604 -9.841965 3.5361938
0.25831604 -9.830063 3.5266724
0.3106842 -9.853867 3.4909668
0.25117493 -9.851486 3.44812
0.277359 -9.789597 3.4290771
0.2606964 -9.756271 3.460022
0.2368927 -9.768173 3.4909668
0.22975159 -9.74675 3.4814453
0.277359 -9.756271 3.467163
0.2940216 -9.768173 3.543335
0.2868805 -9.801498 3.5076294
0.26307678 -9.737228 3.498108
0.28450012 -9.770554 3.479065
0.31782532 -9.8134 3.5361938
0.31306458 -9.80864 3.505249
0.30116272 -9.822922 3.5004883
0.3273468 -9.815781 3.44812
0.3440094 -9.846725 3.3981323
0.32496643 -9.8134 3.4266968
0.3202057 -9.777695 3.4052734
0.29878235 -9.818161 3.4505005
0.26783752 -9.803879 3.4290771
0.27973938 -9.796738 3.433838
0.24879456 -9.734848 3.467163
0.27497864 -9.732468 3.4838257
0.25117493 -9.737228 3.550476
0.27973938 -9.720566 3.5290527
0.277359 -9.730087 3.4290771
0.26545715 -9.756271 3.4957275
0.28211975 -9.782455 3.4957275
Time Stop = 1457244982
