Time Start = 1457237108
-1.6412201 -1.3630829 9.399048
-1.6745453 -0.88938904 9.66803
-1.8411713 -0.48234558 9.822754
-2.0339813 -0.4561615 9.951294
-2.1434784 -0.79655457 9.848938
-2.1506195 -1.1345673 9.73468
-2.0601654 -1.3654633 9.601379
-1.9768524 -1.3749847 9.572815
-1.9149628 -1.2892914 9.594238
-1.9125824 -1.0583954 9.729919
-1.8792572 -1.0274506 9.613281
-1.974472 -1.0845795 9.594238
-1.9768524 -1.0893402 9.560913
-1.9816132 -1.1179047 9.534729
-1.9768524 -1.1964569 9.487122
-1.9958954 -1.1536102 9.632324
-1.9863739 -1.0607758 9.737061
-1.9792328 -1.0084076 9.665649
-2.0339813 -0.8917694 9.782288
-2.0554047 -0.8655853 9.7751465
-2.1387177 -0.86320496 9.772766
-2.2196503 -0.9417572 9.7751465
-2.2839203 -1.075058 9.827515
-2.243454 -1.1702728 9.822754
-2.1720428 -1.2154999 9.753723
-2.0601654 -1.2440643 9.658508
-1.9363861 -1.2154999 9.60614
-1.884018 -1.2773895 9.501404
-1.8483124 -1.3202362 9.418091
-1.8316498 -1.3392792 9.487122
-1.8602142 -1.4106903 9.529968
-1.9221039 -1.453537 9.694214
-1.9601898 -1.3845062 9.760864
-2.019699 -1.2321625 9.865601
-2.0792084 -1.0012665 9.972717
-2.0863495 -0.7941742 9.898926
-2.031601 -0.67277527 9.708496
-2.0792084 -0.760849 9.556152
-2.0601654 -0.97746277 9.384766
-2.0554047 -1.3154755 9.363342
-2.0982513 -1.5892181 9.327637
-2.0744476 -1.8224945 9.308594
-1.993515 -1.8629608 9.177673
-1.884018 -1.7629852 9.177673
-1.7983246 -1.748703 9.572815
-1.7864227 -1.684433 9.894165
-1.8197479 -1.4963837 10.3654785
-1.9149628 -1.3130951 10.465454
-2.0077972 -1.1321869 10.277405
-2.1363373 -1.1083832 9.994141
-2.1720428 -1.1607513 9.632324
-2.1720428 -1.3749847 9.522827
-2.0435028 -1.8034515 9.713257
-2.1482391 -2.5128021 10.843933
-2.3696136 -3.5054169 12.319763
-2.8290253 -4.193344 13.202881
-3.3003387 -4.512314 13.231445
-3.5407562 -4.238571 12.545898
-3.4122162 -3.7315521 11.605652
-3.045639 -3.0079193 10.69873
-2.6005096 -2.6008759 9.934631
-2.1696625 -3.0936127 10.434509
-1.8697357 -4.443283 11.312866
-1.8554535 -6.071457 11.805603
-1.6507416 -6.4523163 11.860352
-1.31987 -5.6334686 11.5842285
-1.2794037 -4.0743256 11.934143
-1.5293427 -2.403305 12.243591
-1.9006805 -1.1321869 12.162659
-2.243454 -0.70610046 11.415222
-2.2148895 -0.6275482 10.948669
-1.6507416 -0.56803894 10.620178
-0.793808 -0.1348114 10.3845215
-0.053512573 0.28175354 10.063171
0.46302795 0.7935333 9.694214
0.7224884 0.6483307 9.92749
0.7415314 -0.06578064 10.215515
0.7653351 -0.40379333 9.829895
0.6915436 -1.2916718 9.687073
0.63679504 -2.043869 9.3966675
0.79151917 -1.8177338 8.972961
0.89863586 -1.1036224 8.903931
0.951004 0.027053833 9.22052
0.9367218 1.279129 9.648987
0.9771881 2.331253 9.858459
1.0700226 3.1239166 9.727539
1.2152252 3.3452911 9.549011
1.4461212 3.3809967 8.994385
1.6341705 3.3072052 8.64209
1.6056061 3.190567 8.332642
1.5841827 3.2691193 7.8494263
1.3580475 3.838028 7.5114136
1.265213 4.4759674 7.2686157
1.3342438 4.5997467 7.0567627
1.6008453 4.416458 6.854431
1.7746124 3.5833282 7.2662354
1.8841095 2.8644562 7.9375
1.7960358 1.8575592 9.15863
1.4675446 0.51264954 9.077698
1.1842804 -0.2252655 9.439514
1.0438385 0.26509094 9.965576
0.98194885 1.2481842 10.0703125
0.81770325 2.0575104 9.672791
0.6415558 2.5692902 8.796814
0.52253723 3.0596466 7.532837
0.30592346 3.1786652 6.059387
0.5582428 4.242691 5.133423
0.443985 3.857071 6.480713
0.21070862 3.3976593 8.484985
-0.20585632 3.3452911 10.144104
-0.8985443 2.857315 10.325012
-1.4817352 2.0241852 9.451416
-1.6816864 2.2003326 9.34906
-1.5245819 2.7978058 8.939636
-1.1580048 3.1405792 8.742065
-0.646225 3.3238678 8.211243
-0.32011414 3.376236 7.970825
-0.13682556 3.8023224 7.4923706
-0.28440857 4.1879425 5.8189697
-0.3796234 4.4878693 5.0334473
-0.51530457 4.8092194 5.1429443
-0.64146423 4.6687775 5.904663
-0.91996765 4.6425934 7.090088
-1.3698578 4.280777 7.8303833
-1.679306 3.9189606 8.13269
-1.8197479 4.018936 8.275513
-1.7031097 4.185562 8.125549
-1.4293671 4.2641144 8.075562
-1.1984711 4.6354523 7.8827515
-1.0151825 5.2638702 7.130554
-0.8818817 5.6447296 6.4450073
-0.82951355 5.9137115 6.9663086
-0.93663025 5.9184723 8.337402
-1.2889252 5.6042633 9.034851
-1.6769257 5.423355 9.244324
-1.9149628 5.5804596 9.246704
-1.8411713 5.7970734 9.227661
-1.4936371 6.097 9.251465
-1.0984955 6.3445587 9.360962
-0.89378357 6.687332 9.439514
-0.8509369 6.949173 8.751587
-0.9509125 6.9539337 8.394531
-1.0627899 7.025345 7.2019653
-1.1389618 6.732559 7.1519775
-1.134201 6.711136 7.692322
-1.2079926 6.7420807 7.9208374
-1.2651215 7.001541 7.987488
-1.3270111 7.3824005 8.199341
-1.3079681 7.4966583 8.213623
-1.2532196 7.5228424 8.025574
-1.153244 7.3490753 7.8898926
-1.1222992 7.089615 7.6589966
-1.1627655 6.956314 7.313843
-1.1580048 7.006302 6.609253
-1.1699066 7.2990875 6.135559
-1.2603607 7.308609 5.802307
-1.3746185 7.258621 5.897522
-1.505539 7.2919464 6.0736694
-1.634079 7.418106 6.185547
-1.679306 7.4657135 6.07605
-1.5983734 7.422867 5.88562
-1.3793793 7.358597 5.5595093
-1.2865448 7.256241 5.366699
-1.2722626 7.2395782 5.2857666
-1.4388885 7.149124 5.276245
-1.6197968 6.9729767 5.3167114
-1.7364349 6.980118 5.0358276
-1.7792816 6.770645 4.821594
-1.7102509 6.775406 4.545471
-1.6721649 6.732559 4.312195
-1.6555023 6.832535 4.0860596
-1.6197968 6.9325104 3.8908691
-1.5174408 6.956314 3.8099365
-1.3151093 7.044388 3.498108
-1.108017 7.1253204 3.3148193
-0.93663025 7.0539093 3.5076294
-0.8914032 6.9087067 3.7694702
-0.9889984 6.8253937 3.8099365
-1.1389618 6.853958 3.7456665
-1.281784 6.982498 3.690918
-1.3460541 7.191971 3.5647583
-1.2913055 7.2610016 3.4005127
-1.2294159 7.256241 3.421936
-1.1222992 7.3752594 3.3148193
-1.1127777 7.4799957 2.7578125
-1.0556488 7.37764 2.6173706
-1.0199432 7.353836 3.024414
-1.0270844 7.2205353 3.505249
-1.1270599 7.1372223 3.9646606
-1.2341766 7.199112 4.005127
-1.1865692 7.2538605 4.183655
-1.0961151 7.4133453 4.3740845
-0.9889984 7.546646 4.545471
-0.93663025 7.589493 4.4335938
-0.8842621 7.7013702 4.5026245
-0.9056854 7.9536896 4.319336
-0.92948914 8.058426 3.6171265
-0.9056854 7.9132233 3.4124146
-0.81285095 7.7108917 3.993225
-0.7581024 7.532364 4.4645386
-0.8247528 7.546646 4.8025513
-0.9580536 7.7037506 4.966797
-1.043747 7.9013214 5.0358276
-1.0151825 7.9727325 5.1762695
-0.85569763 7.925125 5.171509
-0.71525574 7.8560944 5.0786743
-0.6295624 7.656143 5.1453247
-0.61528015 7.5442657 5.071533
-0.6343231 7.679947 4.7668457
-0.61528015 7.782303 4.371704
-0.63194275 7.7989655 4.2907715
-0.627182 7.9227448 4.2193604
-0.562912 7.925125 4.1574707
-0.6033783 7.910843 4.2526855
-0.65574646 7.887039 4.2217407
-0.6628876 7.8822784 3.9265747
-0.64860535 7.8751373 3.486206
-0.6295624 7.63472 3.460022
-0.627182 7.525223 3.4909668
-0.65812683 7.37764 3.671875
-0.78904724 7.346695 3.7908936
-0.95329285 7.3038483 4.171753
-1.1294403 7.3300323 4.5930786
-1.2651215 7.384781 4.8620605
-1.1508636 7.501419 4.9382324
-1.0389862 7.622818 4.8239746
-0.88664246 7.9584503 4.645447
-0.8723602 8.194107 4.2074585
-0.96043396 8.21315 4.147949
-1.0627899 8.201248 4.4193115
-1.2032318 8.08223 4.821594
-1.3817596 8.044144 5.17865
-1.4817352 7.9989166 5.359558
-1.5031586 7.963211 5.461914
-1.4626923 8.044144 5.5214233
-1.2627411 8.170303 5.4904785
-1.1580048 8.189346 5.595215
-1.0604095 8.08461 5.704712
-1.0627899 8.08223 5.678528
-1.1389618 8.08461 5.661865
-1.2103729 8.232193 5.5404663
-1.2913055 8.244095 5.254822
-1.3508148 8.258377 5.05249
-1.3603363 8.294083 4.8168335
-1.2770233 8.244095 4.626404
-1.1889496 8.206009 4.497864
-1.1437225 7.9989166 4.524048
-1.1437225 7.853714 4.6168823
-1.2151337 7.6704254 4.6811523
-1.1937103 7.5633087 4.864441
-1.2317963 7.4776154 5.1905518
-1.2556 7.3704987 5.4143066
-1.3317719 7.487137 5.616638
-1.2341766 7.487137 5.654724
-1.1413422 7.5752106 5.590454
-1.0223236 7.615677 5.5666504
-0.98661804 7.6775665 5.469055
-0.922348 7.8108673 5.038208
-0.9247284 7.9346466 4.9382324
-0.9580536 7.898941 4.8620605
-1.0485077 7.9394073 4.890625
-1.1032562 8.006058 4.904907
-1.1889496 8.034622 5.031067
-1.1889496 8.039383 5.095337
-1.1889496 7.987015 5.197693
-1.0913544 7.8965607 5.2905273
-1.024704 7.770401 5.1310425
-0.9580536 7.6371 4.9191895
-0.89378357 7.5609283 4.6811523
-0.96043396 7.6513824 4.5526123
-1.0223236 7.6704254 4.383606
-1.1270599 7.801346 4.5026245
-1.1794281 7.784683 4.693054
-1.1508636 7.7299347 4.7644653
-1.0937347 7.608536 4.890625
-1.0389862 7.5418854 4.9953613
-0.9842377 7.487137 4.890625
-0.9556732 7.4585724 4.8692017
-0.91044617 7.4395294 4.8239746
-0.877121 7.44191 4.8358765
-0.9247284 7.4609528 4.821594
-0.9794769 7.6251984 4.876343
-1.0604095 7.622818 4.883484
-1.0937347 7.6061554 4.890625
-1.1746674 7.5752106 4.8096924
-1.1627655 7.5823517 4.697815
-1.0913544 7.641861 4.814453
-0.9961395 7.672806 4.876343
-1.0080414 7.732315 4.959656
-1.0175629 7.7989655 5.045349
-1.0580292 7.801346 4.9763184
-1.1365814 7.7537384 4.8739624
-1.0651703 7.7275543 4.788269
-1.0151825 7.7085114 4.5335693
-0.9318695 7.744217 4.455017
-0.8604584 7.7013702 4.6026
-0.83903503 7.6323395 4.788269
-0.83665466 7.539505 5.0548706
-0.83903503 7.5561676 5.1191406
-0.9342499 7.558548 5.24292
-0.9247284 7.649002 5.281006
-0.922348 7.6394806 5.2095947
-0.83665466 7.675186 5.2262573
-0.68193054 7.6323395 5.2333984
-0.6176605 7.672806 5.109619
-0.5676727 7.6704254 5.05249
-0.63194275 7.725174 4.9977417
-0.77238464 7.7751617 5.031067
-0.8842621 7.879898 5.0786743
-0.9818573 7.8584747 5.0144043
-1.0032806 7.7989655 5.1381836
-0.9747162 7.8299103 5.0620117
-0.92710876 7.7727814 5.031067
-0.85331726 7.82753 4.942993
-0.80332947 7.860855 4.819214
-0.8176117 7.9203644 4.614502
-0.8247528 7.8894196 4.15271
-0.7676239 7.7989655 4.140808
-0.7985687 7.76326 4.402649
-0.83903503 7.5561676 4.674011
-0.8509369 7.403824 4.8668213
-0.92948914 7.2729034 5.095337
-0.9056854 7.31575 5.1881714
-0.96281433 7.3681183 5.3428955
-1.0389862 7.4395294 5.3809814
-1.0342255 7.437149 5.37146
-1.0770721 7.449051 5.1643677
-1.1175385 7.501419 4.973938
-1.0913544 7.6013947 4.6240234
-0.9961395 7.6513824 4.4835815
-0.9889984 7.6251984 4.5073853
-1.0937347 7.6061554 4.5906982
-1.1484833 7.6775665 4.7144775
-1.2651215 7.694229 4.935852
-1.2675018 7.641861 5.023926
-1.2722626 7.656143 5.2000732
-1.2222748 7.6371 5.276245
-1.1889496 7.589493 5.102478
-1.1889496 7.539505 4.9072876
-1.1794281 7.5823517 4.781128
-1.1627655 7.591873 4.545471
-1.1675262 7.7013702 4.3669434
-1.1603851 7.8299103 4.3550415
-1.2794037 7.8918 4.557373
-1.2651215 7.7799225 4.781128
-1.217514 7.668045 4.9906006
-1.2079926 7.44429 5.0977173
-1.19133 7.2681427 5.102478
-1.1127777 7.168167 5.0334473
-1.0937347 7.1967316 5.1000977
-1.1246796 7.2490997 5.0405884
-1.2389374 7.3514557 5.128662
-1.2198944 7.44429 5.026306
-1.2413177 7.4966583 5.012024
-1.153244 7.4466705 4.85968
-1.1318207 7.4514313 4.8287354
-1.0532684 7.3895416 4.909668
-0.92948914 7.2800446 5.2072144
-0.83665466 7.1895905 5.461914
-0.8318939 7.2157745 5.6309204
-0.8318939 7.1967316 5.590454
-0.80332947 7.1967316 5.6713867
-0.7771454 7.1515045 5.7094727
-0.7081146 7.1181793 5.633301
-0.5367279 7.1181793 5.5880737
-0.4557953 7.1705475 5.4452515
-0.4629364 7.237198 5.1810303
-0.4629364 7.308609 5.269104
-0.53434753 7.31575 5.4833374
-0.5272064 7.2848053 5.8737183
-0.5295868 7.296707 6.161743
-0.60813904 7.258621 6.1831665
-0.7033539 7.289566 6.2974243
-0.78904724 7.1705475 6.147461
-0.7985687 7.0539093 6.173645
-0.76286316 7.0753326 6.1688843
-0.68193054 7.025345 6.1046143
-0.62480164 7.18721 5.9855957
-0.5224457 7.475235 5.7785034
-0.51530457 7.494278 5.6309204
-0.62242126 7.456192 5.7999268
-0.78904724 7.3062286 5.7213745
-0.87950134 7.1634064 5.780884
-0.8247528 6.999161 5.88562
-0.774765 6.8182526 6.0927124
-0.70573425 6.6635284 6.1307983
-0.65574646 6.4778595 6.180786
-0.6343231 6.2326813 5.923706
-0.6747894 6.0493927 5.621399
-0.73191833 6.0850983 5.2453003
-0.80570984 6.1565094 5.0786743
-0.7533417 6.104141 4.9191895
-0.5795746 5.8827667 5.0025024
-0.40342712 5.8613434 5.385742
-0.332016 5.6042633 6.1427
-0.39390564 5.461441 6.956787
-0.6700287 5.487625 7.3685913
-1.0508881 5.306717 7.335266
-1.3293915 5.19722 7.109131
-1.3151093 5.1448517 6.685425
-0.9818573 4.94014 6.5545044
-0.48912048 4.6449738 6.264099
-0.10588074 4.254593 6.4140625
0.025039673 3.9808502 6.880615
-0.08683777 3.9332428 7.1519775
-0.3391571 3.8594513 7.347168
-0.52482605 3.7642365 7.5352173
-0.6128998 3.6166534 7.699463
-0.72239685 3.5261993 7.5614014
-0.65574646 3.735672 7.456665
-0.3653412 3.902298 7.404297
0.048843384 4.1093903 7.335266
0.49635315 3.7904205 7.316223
0.85102844 3.5381012 7.0543823
0.98908997 3.626175 6.635437
0.9200592 3.921341 6.647339
0.674881 4.3022003 6.9782104
0.4273224 4.166519 7.4328613
0.129776 4.1569977 7.842285
0.06312561 4.3855133 7.892273
0.0393219 4.8020782 7.692322
0.12501526 5.109146 7.5804443
0.33210754 4.2022247 8.437378
0.6510773 3.2405548 9.084839
0.9843292 2.3074493 8.992004
1.1247711 1.8647003 8.782532
1.2937775 2.4478912 9.299072
1.3961334 3.171524 9.770386
1.3152008 3.7047272 10.160767
1.1200104 3.876114 10.165527
0.8462677 3.9261017 9.729919
0.55348206 3.633316 9.101501
0.44874573 3.8166046 8.5373535
0.35829163 4.064163 8.484985
0.40589905 4.609268 8.573059
0.6463165 5.3924103 8.746826
1.034317 5.858963 8.682556
1.4723053 6.15889 8.268372
1.8769684 6.3755035 7.8970337
2.041214 6.206497 7.725647
1.8579254 5.8732452 7.7851563
1.2580719 5.192459 7.8946533
0.3106842 3.716629 8.742065
-0.67240906 1.92659 9.268127
-1.422226 0.8673248 9.982239
-1.5817108 1.1029816 10.325012
-1.2794037 1.8385162 10.572571
-0.8747406 2.6478424 10.667786
-0.6105194 2.8287506 10.88916
-0.54862976 2.7002106 11.0177
-0.63194275 2.6335602 10.574951
-1.0389862 2.18367 11.212891
-1.9459076 0.5816803 12.398315
-3.174179 -0.35856628 13.350464
-4.0430145 -0.67515564 13.959839
-4.1763153 -0.6394501 13.526611
-3.9454193 -0.9893646 13.164795
-3.4836273 -0.85606384 12.505432
-2.9908905 -0.5894623 12.088867
-2.4648285 -0.6680145 11.65802
-1.9244843 -1.1821747 11.160522
-1.5531464 -1.7558441 10.651123
-1.2960663 -1.8558197 10.30835
-1.0818329 -1.1869354 10.015564
-1.0032806 -0.44664 9.613281
-0.9889984 0.031814575 8.975342
-1.0485077 0.08894348 8.406433
-1.0984955 -0.32762146 8.216003
-1.2246552 -0.7013397 8.085083
-1.3746185 -0.6537323 8.075562
-1.5436249 -0.33952332 7.8256226
-1.7459564 -0.0015106201 7.520935
-2.0601654 0.16749573 7.237671
-2.4196014 0.36506653 7.2876587
-3.0337372 0.5340729 8.413574
-3.571701 0.99824524 9.979858
-4.026352 1.7004547 11.772278
-4.3119965 2.395523 12.674438
-4.7023773 2.2050934 13.293335
-5.1665497 1.9599152 14.214539
-5.033249 1.5980988 14.421631
-4.759506 1.0196686 13.536133
-3.9406586 0.52931213 12.284058
-3.090866 0.12702942 10.810608
-2.557663 -0.7703705 9.789429
-2.2601166 -1.7058563 8.806335
-2.1172943 -2.5675507 8.606384
-1.9578094 -3.1578827 8.849182
-1.679306 -3.2745209 9.056274
-1.3484344 -3.1197968 9.203857
-1.172287 -2.8984222 9.463318
-1.2056122 -2.5842133 9.613281
-1.3984222 -2.2604828 9.803711
-1.7316742 -2.1319427 9.984619
-2.1077728 -1.9629364 9.915588
-2.34581 -1.7058563 10.008423
-2.4862518 -1.2940521 9.882263
-2.6314545 -0.8513031 9.565674
-2.7385712 -0.5894623 9.199097
-2.8575897 -0.38713074 8.984863
Time Stop = 1457237113
