Time Start = 1457234511
-1.1246796 -1.4178314 9.879883
-1.4531708 -1.8605804 9.739441
-1.9125824 -2.267624 9.727539
-2.2077484 -2.69133 9.432373
-2.2791595 -2.9127045 9.203857
-2.1172943 -2.929367 9.34668
-1.8744965 -2.62706 9.503784
-1.7507172 -2.339035 9.663269
-1.7673798 -2.120041 9.615662
-1.8221283 -2.017685 9.53949
-1.8744965 -2.1438446 9.568054
-1.8578339 -2.293808 9.601379
-1.8221283 -2.4556732 9.587097
-1.8625946 -2.679428 9.579956
-1.948288 -2.8865204 9.54187
-1.9625702 -2.9365082 9.422852
-1.9839935 -2.8746185 9.549011
-1.9411469 -2.5342255 9.47522
-1.826889 -2.3223724 9.610901
-1.7245331 -2.2200165 9.60376
-1.7078705 -2.312851 9.60376
-1.7792816 -2.403305 9.506165
-1.8554535 -2.5556488 9.47998
-1.9554291 -2.7246552 9.434753
-1.9554291 -2.9150848 9.341919
-1.9244843 -3.0079193 9.41095
-1.9054413 -2.876999 9.358582
-1.8863983 -2.7341766 9.47522
-1.7911835 -2.653244 9.470459
-1.7245331 -2.5746918 9.472839
-1.7388153 -2.62706 9.515686
-1.8483124 -2.736557 9.518066
-1.9578094 -2.7675018 9.515686
-2.0006561 -2.7960663 9.503784
-1.9197235 -2.7984467 9.449036
-1.9387665 -2.9246063 9.484741
-1.8768768 -2.9079437 9.41571
-1.800705 -2.7246552 9.394287
-1.8435516 -2.415207 9.380005
-1.7935638 -2.2152557 9.527588
-1.7864227 -2.2628632 9.679932
-1.7150116 -2.5580292 9.563293
-1.7364349 -2.9626923 9.358582
-1.7507172 -3.2983246 9.275269
-1.8221283 -3.3126068 9.134827
-1.9601898 -3.1269379 9.372864
-2.095871 -2.6222992 9.522827
-2.0744476 -2.0391083 9.7561035
-1.910202 -1.703476 9.884644
-1.8054657 -1.4963837 9.729919
-1.7745209 -1.9200897 9.760864
-1.8506927 -2.2462006 9.558533
-1.9911346 -2.5104218 9.5252075
-2.0934906 -2.698471 9.441895
-2.0339813 -2.7770233 9.28241
-1.9768524 -2.8222504 9.35144
-1.9554291 -2.7413177 9.575195
-1.9554291 -2.4913788 9.53949
-1.9340057 -2.339035 9.532349
-1.8863983 -2.3699799 9.594238
-1.8816376 -2.441391 9.727539
-1.9173431 -2.486618 9.648987
-1.9958954 -2.6889496 9.444275
-2.1839447 -2.7722626 9.3776245
-2.1958466 -2.7008514 9.506165
-2.0982513 -2.5342255 9.598999
-1.9387665 -2.350937 9.622803
-1.8506927 -2.236679 9.622803
-1.8554535 -2.2438202 9.651367
-1.9554291 -2.2462006 9.572815
-1.993515 -2.2342987 9.582336
-2.0363617 -2.2462006 9.546631
-2.0458832 -2.4651947 9.465698
-2.0982513 -2.6175385 9.537109
-2.186325 -2.6627655 9.551392
-2.1934662 -2.5794525 9.537109
-2.1434784 -2.4842377 9.60376
-2.1077728 -2.5151825 9.682312
-2.0744476 -2.653244 9.620422
-2.0649261 -2.6746674 9.546631
-2.1291962 -2.6484833 9.520447
-2.0458832 -2.5675507 9.446655
-1.9530487 -2.5984955 9.391907
-1.8887787 -2.581833 9.401428
-1.8340302 -2.5532684 9.429993
-1.8292694 -2.5389862 9.510925
-1.864975 -2.5175629 9.520447
-1.8959198 -2.6175385 9.537109
-1.974472 -2.7198944 9.458557
-2.0149384 -2.7389374 9.427612
-2.0339813 -2.8793793 9.527588
-2.1268158 -2.8936615 9.575195
-2.1529999 -2.7960663 9.380005
-2.141098 -2.6103973 9.491882
-2.0625458 -2.4009247 9.53949
-1.9459076 -2.2342987 9.637085
-1.9173431 -2.210495 9.610901
-1.9816132 -2.2700043 9.618042
-2.0887299 -2.4699554 9.770386
-2.1720428 -2.653244 9.801331
-2.0911102 -2.7460785 9.7751465
-1.948288 -2.7722626 10.05127
-2.0054169 -2.736557 10.222656
-2.2363129 -2.8960419 10.263123
-2.4862518 -3.1959686 10.31311
-2.6171722 -3.436386 10.160767
-2.5600433 -3.6625214 10.151245
-2.3386688 -3.8196259 10.253601
-2.2363129 -4.152878 10.572571
-2.2315521 -4.288559 10.410706
-2.3434296 -4.0290985 10.375
-2.1958466 -3.5934906 10.641602
-1.2079926 -3.493515 10.603516
-1.5483856 -2.6032562 11.191467
-2.0887299 -2.2390594 11.508057
-2.3029633 -2.2414398 10.855835
-2.2315521 -2.5651703 10.4487915
-1.8221283 -2.8246307 10.398804
-1.4008026 -2.6699066 10.463074
-1.0009003 -2.3342743 10.494019
-0.86283875 -2.0462494 10.88916
-0.87950134 -1.7272797 11.148621
-1.0604095 -1.6130219 11.312866
-1.3246307 -1.4773407 11.284302
-1.4198456 -1.2845306 11.189087
-1.3960419 -1.056015 11.320007
-1.2246552 -0.73942566 11.450928
-1.0270844 -0.49900818 11.419983
-0.76524353 -0.44425964 10.903442
-0.6605072 -1.1107635 10.782043
-0.58909607 -1.9224701 10.729675
-0.51530457 -2.857956 10.69635
-0.49864197 -3.5030365 10.962952
-0.36058044 -3.4244843 11.101013
-0.16777039 -2.6222992 11.1414795
-0.010665894 -1.555893 11.312866
0.04170227 -0.72276306 11.577087
0.22499084 -0.25382996 11.543762
0.3202057 -0.26811218 11.298584
0.34877014 -0.48234558 10.929626
0.3106842 -1.036972 10.865356
0.28926086 -1.5273285 10.663025
0.25593567 -1.8105927 10.605896
0.27259827 -1.6749115 10.579712
0.38923645 -1.0203094 10.291687
0.4677887 -0.29429626 10.31311
0.62965393 0.40315247 10.344055
0.7700958 0.81733704 10.424988
0.89863586 0.98158264 10.317871
0.89149475 0.69117737 10.341675
0.8391266 0.3603058 9.939392
0.89149475 0.074661255 9.568054
0.8938751 -0.07054138 9.434753
0.951004 0.14131165 9.177673
1.0390778 0.59358215 9.0896
1.1461945 1.0934601 9.201477
1.2890167 1.5766754 9.137207
1.3532867 1.8480377 9.103882
1.3842316 1.9361115 9.087219
1.3461456 2.0860748 8.906311
1.3366241 2.1693878 8.611145
1.3175812 2.1789093 8.351685
1.2485504 2.3407745 8.263611
1.284256 2.4455109 7.770874
1.2342682 2.3074493 7.7851563
1.2628326 2.202713 7.951782
1.2771149 2.3360138 8.125549
1.1938019 2.702591 8.135071
1.1414337 3.2524567 8.096985
1.0176544 3.7951813 8.151733
0.91767883 4.2212677 7.835144
0.8938751 4.511673 7.675659
0.88197327 4.575943 7.692322
0.905777 4.5473785 7.718506
0.80818176 4.504532 7.4852295
0.74391174 4.4378815 7.263855
0.5891876 4.1950836 7.1781616
0.46064758 4.0594025 6.9972534
0.38923645 3.9380035 6.9710693
0.37971497 3.9784698 6.8234863
0.40589905 4.190323 6.763977
0.3939972 4.5354767 6.7592163
0.39161682 4.947281 6.7592163
0.26545715 5.2543488 6.7854004
0.14167786 5.4590607 6.692566
0.008377075 5.5733185 6.647339
-0.08207703 5.616165 6.5806885
-0.027328491 5.718521 6.4854736
0.022659302 5.8042145 6.2998047
0.10359192 5.8161163 6.161743
0.09883118 5.808975 6.159363
0.051223755 5.825638 6.1522217
-0.017807007 5.744705 6.159363
-0.16539001 5.635208 6.0927124
-0.120162964 5.5399933 6.0093994
0.008377075 5.318619 6.264099
0.053604126 5.2400665 6.226013
0.1631012 5.230545 6.173645
0.13691711 5.268631 6.01416
0.08454895 5.5280914 5.8046875
0.008377075 5.847061 5.6713867
-0.055892944 6.1136627 5.7356567
-0.0011444092 6.256485 5.890381
0.05836487 6.3564606 5.942749
0.115493774 6.3231354 6.1117554
0.14167786 6.2779083 6.2593384
0.10835266 6.1112823 6.430725
0.08216858 6.089859 6.2974243
0.072647095 6.1184235 6.102234
0.055984497 6.2469635 6.1331787
-0.008285522 6.3636017 6.159363
-0.08683777 6.5230865 6.097473
-0.19633484 6.6706696 6.097473
-0.18205261 6.6635284 6.1260376
-0.122543335 6.7230377 6.14032
0.0012359619 6.7206573 6.071289
0.096450806 6.565933 6.2521973
0.3273468 6.4469147 6.256958
0.4677887 6.456436 6.3497925
0.6225128 6.4659576 6.5116577
0.58680725 6.4707184 6.6830444
0.52253723 6.3993073 6.821106
0.45350647 6.346939 6.616394
0.42970276 6.339798 6.5307007
0.42494202 6.346939 6.487854
0.48207092 6.275528 6.5354614
0.64393616 6.3683624 6.6116333
0.68678284 6.3517 6.809204
0.6391754 6.3302765 6.854431
0.5511017 6.358841 6.892517
0.40351868 6.1945953 6.8687134
0.4178009 6.22316 6.7235107
0.44874573 6.230301 6.775879
0.54634094 6.2088776 6.8615723
0.73439026 6.2469635 6.8687134
0.7986603 6.1826935 6.787781
0.7724762 6.1374664 6.7973022
0.68440247 6.2207794 6.7425537
0.6058502 6.3183746 6.730652
0.52015686 6.3445587 6.730652
0.5177765 6.3112335 6.7615967
0.6248932 6.370743 6.7282715
0.7058258 6.282669 6.7663574
0.7819977 6.3421783 6.6782837
0.80104065 6.365982 6.5687866
0.7819977 6.3755035 6.521179
0.63679504 6.339798 6.494995
0.6225128 6.3445587 6.475952
0.5820465 6.3231354 6.3164673
0.5415802 6.335037 6.2736206
0.6225128 6.2612457 6.306946
0.6177521 6.22554 6.26886
0.66059875 6.211258 6.27124
0.71058655 6.263626 6.1379395
0.6796417 6.4516754 6.2355347
0.62965393 6.5540314 6.249817
0.59394836 6.6587677 6.449768
0.5487213 6.577835 6.6759033
0.5511017 6.5611725 6.828247
0.61299133 6.5349884 6.833008
0.5439606 6.4469147 6.9663086
0.52015686 6.4588165 6.802063
0.51301575 6.449295 6.7615967
0.45588684 6.449295 6.787781
0.46064758 6.487381 6.930603
0.5011139 6.501663 7.0043945
0.5487213 6.565933 7.1329346
0.6058502 6.487381 7.199585
0.7058258 6.4588165 7.135315
0.73677063 6.4135895 6.980591
0.7629547 6.3231354 6.980591
0.8438873 6.3302765 6.999634
0.7962799 6.3421783 7.002014
0.72724915 6.3421783 6.880615
0.6915436 6.396927 6.859192
0.6391754 6.41835 6.91156
0.65345764 6.3755035 6.7544556
0.7082062 6.335037 6.7663574
0.73439026 6.327896 6.692566
0.7629547 6.282669 6.7354126
0.7248688 6.28743 6.7401733
0.67012024 6.2541046 6.78302
0.6486969 6.327896 6.71875
0.6010895 6.313614 6.704468
0.60346985 6.2993317 6.6568604
0.61299133 6.249344 6.5497437
0.6153717 6.2612457 6.4664307
0.58680725 6.22316 6.352173
0.52967834 6.154129 6.2593384
0.42970276 6.077957 6.290283
0.35353088 6.0303497 6.249817
0.40351868 6.0232086 6.192688
0.42970276 5.9398956 6.135559
0.44874573 5.8827667 6.0736694
0.45588684 5.8732452 6.1950684
0.44636536 5.7994537 6.083191
0.34638977 5.83992 6.1760254
0.32496643 5.9375153 6.2736206
0.28450012 6.013687 6.3997803
0.35353088 5.9660797 6.321228
0.46302795 5.9137115 6.2617188
0.47731018 5.7518463 6.249817
0.48683167 5.678055 6.2331543
0.5391998 5.661392 6.2355347
0.46540833 5.6756744 6.2664795
0.48683167 5.6066437 6.2998047
0.44636536 5.468582 6.2593384
0.3368683 5.2900543 6.173645
0.22737122 5.06868 6.0879517
0.19880676 5.07106 6.0093994
0.23927307 5.0139313 6.07843
0.28926086 5.0615387 6.2855225
0.39875793 5.0401154 6.3831177
0.42018127 5.056778 6.2141113
0.24165344 5.171036 6.26886
0.03694153 5.282913 5.9713135
-0.22489929 5.4400177 5.878479
-0.42723083 5.5019073 5.904663
-0.53434753 5.537613 6.1641235
-0.6533661 5.480484 6.340271
-0.6105194 5.3924103 6.449768
-0.6009979 5.1115265 6.5759277
-0.6295624 4.6949615 6.7354126
-0.7033539 4.730667 6.499756
-0.78666687 4.628311 6.3759766
-0.9175873 4.4831085 6.6378174
-0.97709656 4.378372 7.013916
-0.90330505 4.314102 7.0281982
-0.70573425 4.114151 7.2733765
-0.6605072 3.6761627 7.585205
-0.6628876 3.1548615 7.6899414
-0.9056854 2.5716705 7.756592
-1.1270599 2.0051422 7.9541626
-1.3127289 1.7980499 8.035095
-1.1960907 1.8670807 8.089844
-0.8818817 1.99086 8.332642
-0.32011414 2.2169952 8.737305
0.14881897 2.1789093 9.101501
0.37971497 1.9146881 9.201477
0.17738342 1.2481842 9.451416
-0.26774597 0.58644104 9.429993
-0.65812683 0.031814575 9.0896
-0.7842865 -0.3728485 8.894409
-0.5057831 -0.49424744 8.842041
0.0155181885 -0.33000183 9.075317
0.5439606 -0.0110321045 9.09436
0.886734 -0.018173218 9.494263
0.92481995 -0.12528992 9.996521
0.6891632 -0.45378113 10.186951
0.3844757 -0.8584442 9.908447
0.10835266 -1.53685 9.637085
-0.017807007 -2.2462006 9.787048
-0.0059051514 -2.6841888 9.851318
0.08216858 -2.9817352 9.956055
0.3511505 -3.0102997 9.882263
0.5891876 -2.6484833 9.772766
0.93196106 -2.0771942 9.8394165
1.136673 -1.5249481 10.191711
1.2604523 -1.5225677 11.153381
0.95814514 -2.1795502 11.610413
0.50587463 -2.827011 11.260498
-0.013046265 -3.7458344 11.041504
-0.45103455 -4.595627 11.2057495
-0.7009735 -5.219284 11.14624
-0.7009735 -5.2930756 11.179565
-0.57481384 -4.993149 11.569946
-0.332016 -4.0624237 12.074585
-0.21061707 -3.0460052 13.374268
-0.22966003 -2.2509613 14.628723
-0.10826111 -2.191452 15.173828
-0.04399109 -2.62706 15.195251
-0.12968445 -3.4197235 15.069092
-0.36058044 -4.5694427 15.238098
-0.49150085 -5.692978 14.726318
-0.64860535 -6.804611 13.812256
-0.94377136 -7.2354584 12.431641
-1.1246796 -6.7022552 10.643982
-1.4174652 -5.1788177 9.534729
-1.8221283 -3.5268402 9.063416
-2.1649017 -2.0557709 8.808716
-2.262497 -1.2964325 8.425476
-2.179184 -1.1131439 8.06604
-1.929245 -1.4582977 7.9660645
-1.5579071 -2.2985687 8.00177
-1.3341522 -3.474472 8.275513
-1.4317474 -4.976486 9.053894
-1.6412201 -6.2499847 9.439514
-1.9173431 -6.892685 9.451416
-2.0792084 -6.714157 9.365723
-2.1125336 -5.533493 8.96106
-2.1125336 -4.140976 9.034851
-2.0601654 -3.0912323 9.263367
-2.0220795 -2.9246063 9.920349
-1.9268646 -3.493515 10.025085
-1.8697357 -4.050522 9.620422
-1.9673309 -4.2338104 9.322876
-2.012558 -4.005295 9.320496
-1.993515 -3.5911102 9.344299
-1.8602142 -3.2197723 9.368103
-1.6769257 -3.2292938 9.401428
-1.4912567 -3.474472 9.356201
-1.4341278 -3.5934906 9.215759
-1.4531708 -3.422104 9.234802
-1.6174164 -3.2078705 9.420471
-1.7721405 -3.1578827 9.5252075
-1.884018 -3.2769012 9.613281
-1.9149628 -3.6291962 9.403809
-2.0101776 -3.71727 9.277649
-2.0934906 -3.8220062 9.253845
-2.1363373 -3.8743744 9.256226
-2.1006317 -4.0100555 9.372864
-2.1077728 -4.0410004 9.139587
-1.9887543 -3.948166 8.987244
-1.8721161 -3.8386688 9.127686
-1.8078461 -3.7386932 9.210999
-1.7316742 -3.7743988 9.258606
-1.7245331 -3.6458588 9.272888
-1.8245087 -3.6458588 9.253845
-1.9887543 -3.5101776 9.213379
-2.1506195 -3.5363617 9.21814
-2.2577362 -3.7006073 9.244324
-2.2720184 -4.0290985 9.182434
-2.2077484 -4.1243134 9.02533
-2.1482391 -4.133835 9.065796
-2.1101532 -3.8672333 9.2229
-2.1053925 -3.6696625 9.203857
-2.0601654 -3.6077728 9.234802
-2.0720673 -3.5625458 9.208618
-2.0077972 -3.5268402 9.301453
-2.0149384 -3.4316254 9.325256
-1.9816132 -3.3340302 9.308594
-1.9958954 -3.3554535 9.325256
-1.9506683 -3.486374 9.360962
-1.9649506 -3.5554047 9.265747
-1.9435272 -3.5982513 9.225281
-1.9887543 -3.7863007 9.270508
-2.019699 -3.9005585 9.1657715
-1.9697113 -3.936264 9.056274
-1.948288 -3.6053925 9.239563
-1.9411469 -3.338791 9.34906
-1.9030609 -3.3411713 9.341919
-1.826889 -3.4316254 9.28717
-1.845932 -3.519699 9.327637
-1.8173676 -3.576828 9.296692
-1.7864227 -3.5006561 9.184814
-1.864975 -3.705368 9.249084
-1.9173431 -4.179062 9.113403
-1.9221039 -4.5289764 9.02533
-1.8887787 -4.5884857 9.194336
-1.8935394 -4.2219086 9.239563
-1.948288 -3.9124603 9.084839
-1.7792816 -3.8481903 9.09198
-1.6864471 -3.6053925 9.239563
-1.7078705 -3.436386 9.21814
-1.6864471 -3.5863495 9.068176
-1.717392 -3.6506195 9.341919
-1.7673798 -3.750595 9.270508
-1.8173676 -3.9410248 9.139587
-1.9054413 -4.148117 8.996765
-1.8935394 -4.2718964 9.034851
-1.9435272 -4.2266693 9.134827
-1.9006805 -4.0362396 9.049133
-1.9221039 -3.9124603 8.968201
-1.9435272 -3.7458344 9.141968
-1.8721161 -3.538742 9.2300415
-1.884018 -3.5649261 9.1657715
-1.8792572 -3.614914 9.327637
-1.8935394 -3.5458832 9.34906
-1.9839935 -3.71727 9.289551
-2.031601 -4.0029144 9.191956
-2.0863495 -4.333786 9.125305
-2.0934906 -4.448044 9.049133
-2.057785 -4.1076508 9.039612
-1.9982758 -3.7363129 9.15863
-1.8887787 -3.6053925 9.108643
-1.8221283 -3.6625214 9.139587
-1.7530975 -3.7743988 9.15387
-1.7888031 -3.6553802 9.344299
-1.845932 -3.5911102 9.337158
-1.891159 -3.7839203 9.41571
-1.9268646 -4.171921 9.384766
-2.0339813 -4.533737 9.072937
-2.0482635 -4.5480194 9.006287
-2.0244598 -4.405197 8.89917
-1.9863739 -3.955307 9.034851
-1.910202 -3.5363617 9.244324
-1.7697601 -3.2031097 9.253845
-1.679306 -3.1745453 9.270508
-1.6602631 -3.217392 9.241943
-1.6959686 -3.3245087 9.149109
-1.7578583 -3.5934906 9.3133545
-1.8078461 -3.8815155 9.389526
-1.8673553 -4.03862 9.1657715
-1.9054413 -4.140976 9.125305
-1.9221039 -3.9243622 9.1657715
-1.9316254 -3.5268402 9.194336
-1.9363861 -3.338791 9.256226
-1.9244843 -3.198349 9.408569
-1.9221039 -3.1864471 9.344299
-1.9649506 -3.2602386 9.332397
Time Stop = 1457234516
