Time Start = 5819
-9.503586 -2.646103 3.107727
-9.553574 -2.7865448 3.2648315
-9.14653 -2.9174652 3.3981323
-8.903732 -2.960312 3.4171753
-8.984665 -2.9579315 3.3433838
-9.179855 -2.8674774 3.0767822
-9.215561 -2.8984222 3.0006104
-9.103683 -2.986496 3.107727
-9.113205 -3.0102997 3.1553345
-9.106064 -2.9626923 3.0958252
-9.129868 -2.9817352 3.1505737
-9.158432 -2.9817352 3.1053467
-9.172714 -3.0222015 3.164856
-9.1679535 -3.0341034 3.152954
-9.132248 -3.115036 3.164856
-9.139389 -3.095993 3.210083
-9.089401 -3.0745697 3.2148438
-9.129868 -3.0293427 3.2838745
-9.134628 -2.974594 3.2505493
-9.122726 -2.9960175 3.3243408
-9.132248 -3.0555267 3.274353
-9.158432 -2.9912567 3.331482
-9.182236 -2.94841 3.440979
-9.203659 -2.8984222 3.421936
-9.182236 -2.876999 3.402893
-9.198898 -2.8174896 3.4195557
-9.260788 -2.8174896 3.3457642
-9.279831 -2.8817596 3.3695679
-9.325058 -2.9841156 3.4385986
-9.384567 -3.224533 3.5123901
-9.59642 -3.2935638 3.614746
-9.577377 -3.1245575 3.8218384
-9.489304 -2.9626923 3.9337158
-9.446457 -2.8032074 3.986084
-9.4655 -2.7532196 4.171753
-9.489304 -2.929367 4.3598022
-9.548813 -3.1840668 4.8358765
-9.670212 -3.3483124 5.302429
-9.78447 -3.6125336 5.6071167
-10.074875 -3.8315277 6.1069946
-10.49382 -4.1052704 6.5545044
-10.7651825 -4.3694916 6.7806396
-10.950851 -4.4980316 6.833008
-11.179367 -4.409958 6.916321
-11.32457 -4.012436 6.899658
-11.296005 -3.614914 7.275757
-11.119858 -3.2507172 7.8113403
-10.834213 -3.2102509 8.420715
-10.572372 -3.3054657 8.775391
-10.312912 -3.422104 8.856323
-10.1558075 -3.4387665 8.801575
-9.91539 -3.5815887 8.639709
-9.644028 -3.743454 8.601624
-9.3988495 -3.8220062 8.356445
-9.263168 -3.8101044 8.268372
-9.039413 -3.6315765 8.173157
-8.710922 -3.5054169 8.12793
-8.30864 -3.3054657 8.113647
-7.932541 -3.1578827 8.2421875
-7.587387 -2.941269 8.406433
-7.2684174 -2.9174652 8.70874
-7.008957 -2.9698334 8.680176
-6.789963 -3.0460052 8.825378
-6.611435 -3.1888275 8.894409
-6.4281464 -3.0388641 8.5373535
-6.1853485 -2.9507904 8.413574
-5.9615936 -2.9626923 8.446899
-5.6902313 -2.929367 8.394531
-5.5569305 -3.088852 8.668274
-5.449814 -3.0745697 8.653992
-5.42601 -3.0983734 8.715881
-5.29747 -2.9246063 8.696838
-5.0189667 -2.5009003 8.3897705
-4.630966 -2.1985931 8.411194
-4.2358246 -1.9557953 8.701599
-3.931137 -1.703476 8.761108
-3.719284 -1.555893 8.806335
-3.5788422 -1.2916718 8.558777
-3.424118 -0.9988861 8.570679
-3.1360931 -0.85606384 8.599243
-2.826645 -0.80607605 8.687317
-2.5981293 -0.97032166 8.813477
-2.3196259 -0.927475 8.484985
-2.1006317 -0.97984314 8.408813
-1.9530487 -1.0464935 8.611145
-1.7792816 -1.094101 8.589722
-1.6674042 -0.9155731 8.415955
-1.6935883 -0.68229675 8.351685
-1.7459564 -0.41807556 7.951782
-1.8292694 0.06513977 7.6851807
-1.8697357 0.44361877 7.7732544
-1.8364105 0.6578522 8.213623
-1.6602631 0.7149811 8.584961
-1.4150848 0.69355774 8.718262
-1.1413422 0.62690735 8.765869
-1.0032806 0.52693176 8.792053
-0.85331726 0.63642883 8.877747
-0.73905945 0.5888214 8.89917
-0.6295624 0.86494446 8.7872925
-0.543869 1.2243805 8.920593
-0.42485046 1.4386139 9.046753
-0.32011414 1.7313995 8.830139
-0.26298523 1.9932404 8.794434
-0.20109558 2.2074738 8.682556
-0.17729187 2.5002594 8.499268
-0.21061707 2.7168732 8.5563965
-0.30107117 2.8858795 8.508789
-0.40104675 2.9382477 8.489746
-0.41532898 3.0406036 8.380249
-0.5367279 3.1143951 8.492126
-0.6200409 3.023941 8.368347
-0.70573425 3.0168 8.023193
-0.7200165 3.0763092 7.7922974
-0.71525574 3.2429352 7.6828003
-0.7247772 3.4167023 7.501892
-0.69621277 3.5666656 7.385254
-0.63194275 3.569046 7.2662354
-0.7033539 3.4762115 7.1186523
-0.69859314 3.5666656 7.1138916
-0.6795502 3.6666412 6.963928
-0.627182 3.7071075 6.9401245
-0.58909607 3.690445 6.833008
-0.5795746 3.9141998 6.6901855
-0.6176605 4.1427155 6.5664063
-0.5795746 4.306961 6.5283203
-0.51530457 4.330765 6.6259155
-0.45817566 4.5164337 6.4926147
-0.4058075 4.590225 6.514038
-0.39390564 4.647354 6.52594
-0.38438416 4.7782745 6.456909
-0.3891449 4.9329987 6.302185
-0.3486786 5.109146 6.1831665
-0.2725067 5.294815 6.287903
-0.20347595 5.5352325 6.3497925
-0.1415863 5.513809 6.423584
-0.09159851 5.3733673 6.340271
0.025039673 5.7732697 6.26886
0.12739563 5.851822 6.449768
0.2368927 5.7661285 6.7235107
0.37019348 5.7089996 6.621155
0.38923645 5.6304474 6.518799
0.3440094 5.473343 6.521179
0.26783752 5.404312 6.392639
0.21308899 5.4543 6.3188477
0.21784973 5.6423492 6.3164673
0.26545715 5.885147 6.3378906
0.33210754 6.0874786 6.354553
0.4011383 6.1517487 6.3831177
0.39875793 6.2517242 6.373596
0.4511261 6.2469635 6.249817
0.43208313 6.237442 6.340271
0.42018127 6.256485 6.309326
0.4273224 6.22316 6.2783813
0.49635315 6.22316 6.230774
0.49397278 6.2350616 6.371216
0.5320587 6.199356 6.354553
0.5153961 6.2017365 6.506897
0.572525 6.204117 6.4902344
0.5653839 6.2850494 6.521179
0.5582428 6.22554 6.5806885
0.5653839 6.192215 6.6830444
0.57966614 6.192215 6.609253
0.57728577 6.206497 6.6401978
0.5677643 6.211258 6.635437
0.59394836 6.294571 6.552124
0.63679504 6.327896 6.5116577
0.7486725 6.3826447 6.642578
0.83436584 6.4707184 6.7139893
0.9033966 6.475479 6.597351
0.98908997 6.513565 6.609253
0.9605255 6.449295 6.71875
0.951004 6.3231354 6.6401978
0.98194885 6.3112335 6.649719
0.96528625 6.377884 6.6830444
0.96528625 6.4659576 6.578308
0.93434143 6.584976 6.5283203
0.9295807 6.6563873 6.276001
0.905777 6.6897125 6.0046387
0.76771545 6.6325836 5.6690063
0.5677643 6.649246 5.6904297
0.40827942 6.596878 5.75708
0.38209534 6.5873566 6.045105
0.43208313 6.601639 6.3878784
0.62965393 6.570694 6.59021
0.8391266 6.596878 6.7282715
0.86531067 6.558792 6.9020386
0.76057434 6.5040436 6.840149
0.6653595 6.4921417 6.7425537
0.6010895 6.4921417 6.6973267
0.6344147 6.6444855 6.647339
0.655838 6.6825714 6.6116333
0.7296295 6.718277 6.537842
0.7462921 6.756363 6.4902344
0.73439026 6.713516 6.3974
0.7224884 6.6706696 6.290283
0.75105286 6.6778107 6.347412
0.7796173 6.6397247 6.287903
0.7962799 6.687332 6.2998047
0.8438873 6.680191 6.352173
0.90101624 6.7587433 6.366455
0.8557892 6.832535 6.328369
0.81056213 6.7587433 6.3307495
0.77723694 6.706375 6.1974487
0.8319855 6.589737 6.166504
0.79151917 6.4921417 6.166504
0.8296051 6.4778595 6.135559
0.8200836 6.4135895 6.1712646
0.7796173 6.377884 6.180786
0.7296295 6.4254913 6.154602
0.6796417 6.48024 6.1974487
0.61061096 6.506424 6.3569336
0.5844269 6.620682 6.3759766
0.5439606 6.768265 6.4259644
0.4511261 6.775406 6.7092285
0.46540833 6.7873077 6.730652
0.46540833 6.7849274 6.790161
0.4344635 6.7468414 6.878235
0.4749298 6.623062 6.8639526
0.48683167 6.539749 6.809204
0.5177765 6.5088043 6.7139893
0.6225128 6.5302277 6.649719
0.5891876 6.5564117 6.687805
0.6320343 6.6635284 6.5687866
0.6177521 6.7087555 6.7020874
0.68678284 6.756363 6.5354614
0.62727356 6.7468414 6.6306763
0.6463165 6.808731 6.5735474
0.66773987 6.820633 6.456909
0.70106506 6.794449 6.4450073
0.6891632 6.732559 6.430725
0.6629791 6.732559 6.3688354
0.68678284 6.6968536 6.290283
0.6820221 6.7158966 6.3497925
0.70106506 6.749222 6.371216
0.68678284 6.7397003 6.287903
0.7415314 6.6897125 6.295044
0.6725006 6.623062 6.347412
0.72724915 6.518326 6.359314
0.71058655 6.5492706 6.3045654
0.7224884 6.5992584 6.3616943
0.73439026 6.596878 6.3426514
0.75819397 6.570694 6.3974
0.739151 6.5421295 6.328369
0.739151 6.5754547 6.3807373
0.7058258 6.6706696 6.3878784
0.7248688 6.680191 6.3974
0.66773987 6.6944733 6.392639
0.6082306 6.649246 6.385498
0.591568 6.623062 6.4664307
0.5344391 6.6635284 6.359314
0.48921204 6.6325836 6.411682
0.47731018 6.6325836 6.442627
0.51301575 6.706375 6.3378906
0.47969055 6.7730255 6.4830933
0.54634094 6.756363 6.514038
0.52253723 6.7873077 6.4140625
0.5153961 6.730179 6.449768
0.53681946 6.7730255 6.3450317
0.56062317 6.7158966 6.373596
0.54634094 6.8182526 6.325989
0.572525 6.7611237 6.3759766
0.6010895 6.687332 6.306946
0.6153717 6.6944733 6.325989
0.6391754 6.6968536 6.2783813
0.6058502 6.7087555 6.287903
0.60346985 6.6778107 6.2807617
0.6248932 6.706375 6.306946
0.5749054 6.6897125 6.180786
0.5344391 6.634964 6.218872
0.52253723 6.5468903 6.2736206
0.4677887 6.454056 6.26886
0.48921204 6.4016876 6.256958
0.443985 6.282669 6.309326
0.42256165 6.206497 6.20697
0.37257385 6.185074 6.276001
0.277359 6.0993805 6.199829
0.17738342 6.0874786 6.237915
0.12501526 6.075577 6.226013
0.075027466 6.0208282 6.237915
0.03694153 6.0422516 6.14032
0.005996704 6.070816 6.0474854
-0.077316284 5.9779816 5.9379883
-0.15586853 5.956558 5.8427734
-0.22727966 5.9327545 5.7737427
-0.19871521 5.878006 5.768982
0.055984497 5.820877 5.795166
0.37257385 5.7994537 5.780884
0.6248932 5.847061 5.8618164
0.7248688 5.866104 5.9070435
0.6463165 5.9660797 5.8880005
0.57014465 6.0303497 5.8737183
0.3844757 6.082718 5.973694
0.35353088 6.082718 6.0022583
0.2868805 6.1065216 6.0736694
0.31306458 6.03273 6.135559
0.28211975 5.9708405 6.211731
0.23213196 5.8423004 6.090332
0.048843384 5.6709137 6.026062
-0.077316284 5.4757233 5.911804
-0.24394226 5.2924347 5.8427734
-0.3558197 5.223404 5.828491
-0.45103455 5.204361 5.992737
-0.55815125 5.166275 6.026062
-0.5700531 5.192459 5.968933
-0.6009979 5.1686554 6.052246
-0.62480164 5.0924835 6.154602
-0.6843109 4.9948883 6.2355347
-0.7914276 4.968704 6.4783325
-0.95329285 4.787796 6.821106
-1.0366058 4.659256 7.1186523
-1.2008514 4.416458 7.463806
-1.3103485 4.1165314 7.8303833
-1.3317719 3.716629 8.123169
-1.4055634 3.3476715 8.161255
-1.4317474 2.959671 8.070801
-1.4127045 2.6787872 8.1922
-1.3984222 2.37648 8.166016
-1.3722382 2.0860748 7.970825
-1.3222504 1.7813873 7.7042236
-1.2317963 1.3981476 7.7113647
-1.1937103 1.3314972 7.692322
-1.0961151 1.2696075 7.5042725
-0.9913788 1.4076691 7.5947266
-0.96995544 1.9884796 7.706604
-1.0009003 2.3907623 7.566162
-0.9985199 2.497879 7.4519043
-0.9913788 2.2241364 7.251953
-1.0532684 1.3933868 6.9472656
-1.274643 0.20558167 6.6449585
-1.6197968 -1.1726532 6.173645
-1.7745209 -2.3985443 6.147461
-1.9625702 -3.3887787 6.071289
-1.9601898 -4.2100067 5.640442
-1.9911346 -5.283554 5.1619873
-2.0220795 -6.4285126 5.461914
-2.0863495 -7.104538 5.8737183
-2.28154 -6.892685 5.75708
-2.5671844 -6.378525 5.911804
-2.679062 -5.5953827 6.3640747
-2.6814423 -4.7860565 7.1853027
-2.7004852 -4.2790375 7.8184814
-2.7528534 -3.9624481 7.880371
-3.2170258 -4.0624237 8.275513
-3.9168549 -4.469467 8.204102
-4.7880707 -4.628952 7.737549
-5.7283173 -5.276413 8.19458
-6.540024 -5.5811005 7.982727
-6.9875336 -5.7881927 7.6328125
-7.2231903 -5.8905487 7.1638794
-7.344589 -5.6453705 6.7211304
-7.632614 -5.6905975 6.9067993
-7.9753876 -5.6525116 6.609253
-8.322922 -5.566818 6.306946
-8.725204 -5.473984 6.1307983
-9.139389 -5.4001923 6.0546265
-9.4655 -5.45018 6.3497925
-9.760666 -5.6001434 6.5925903
-9.934433 -5.5572968 6.226013
-10.060593 -5.435898 5.954651
-10.222458 -5.371628 5.583313
-10.424789 -5.1907196 5.3476563
-10.565231 -5.1716766 5.11438
-10.719955 -5.269272 4.904907
-10.803268 -5.3882904 4.640686
-10.950851 -5.604904 4.4050293
-11.174606 -5.7881927 4.050354
-11.360275 -5.9262543 3.8884888
-11.465012 -6.02861 3.7194824
-11.569748 -6.207138 3.581421
-11.705429 -6.4356537 3.6409302
-11.714951 -6.6403656 3.652832
-11.6483 -6.8069916 3.6409302
-11.514999 -6.995041 3.4505005
-11.353134 -7.2045135 3.0267944
-11.222214 -7.1902313 2.4364624
-11.117477 -7.0497894 1.8865967
-10.988937 -6.854599 1.4628906
-10.705673 -6.5451508 1.2867432
-10.431931 -6.2547455 1.2319946
-10.032028 -5.9143524 1.3890991
-9.708298 -5.5739594 1.4414673
-9.451218 -5.2288055 1.8366089
-9.229843 -4.9145966 2.0032349
-9.003708 -4.776535 2.1912842
-8.815659 -4.697983 1.8699341
-8.775192 -4.6456146 1.7770996
-8.725204 -4.640854 1.6628418
-8.649033 -4.7265472 1.5271606
-8.69902 -4.9479218 1.4866943
-8.782333 -5.1764374 1.4414673
-8.944199 -5.5287323 1.151062
-9.215561 -5.669174 0.9225464
-9.522629 -5.731064 0.58929443
-9.774948 -5.8381805 0.3536377
-9.9249115 -5.9976654 0.19177246
-9.991562 -6.1404877 0.22509766
-10.141525 -6.321396 0.29174805
-10.49382 -6.86174 -0.00579834
-10.760422 -7.2878265 -0.079589844
-10.798508 -7.1854706 0.10131836
-10.691391 -6.654648 0.5250244
-10.517624 -5.6763153 1.2272339
-10.410507 -4.662277 2.2650757
-9.882065 -3.981491 3.3743286
-9.53215 -3.4244843 3.5290527
-9.52977 -3.2221527 3.1124878
-9.84874 -3.4506683 2.876831
-9.877304 -3.4792328 2.6364136
-9.767807 -3.326889 2.6173706
-9.732101 -3.0840912 2.6554565
-9.6940155 -2.986496 2.7125854
-9.677353 -2.7794037 2.8173218
-9.53215 -2.5128021 2.8934937
-9.429794 -2.4009247 3.0625
-9.413132 -2.2771454 3.1743774
-9.356003 -2.1985931 3.2053223
-9.279831 -2.2866669 3.1862793
-9.234604 -2.2985687 3.171997
-9.217941 -2.5104218 2.9672852
-9.215561 -2.6818085 2.8363647
-9.277451 -2.9055634 2.5507202
-9.320297 -3.1626434 2.2555542
-9.341721 -3.3863983 1.9841919
-9.356003 -3.5363617 1.7104492
-9.351242 -3.7291718 1.529541
-9.332199 -3.852951 1.3700562
-9.298874 -3.8553314 1.2605591
-9.265549 -3.8862762 1.2177124
-9.332199 -3.8600922 1.0391846
-9.33696 -3.8767548 0.98443604
-9.27507 -3.9148407 0.85827637
-9.277451 -3.9600677 0.78448486
-9.244125 -4.024338 0.7225952
-9.2512665 -4.052902 0.70355225
-9.244125 -3.9672089 0.708313
-9.201279 -4.026718 0.68927
-9.125107 -4.1385956 0.7059326
-9.07988 -4.217148 0.6392822
-9.0846405 -4.2076263 0.69641113
-9.113205 -4.1957245 0.6488037
-9.151291 -4.1623993 0.7011719
-9.158432 -4.0743256 0.7225952
-9.203659 -3.981491 0.8392334
-9.270309 -3.917221 0.9463501
-9.341721 -3.7648773 1.132019
-9.370285 -3.557785 1.3962402
-9.351242 -3.3744965 1.6914063
-9.415512 -3.2507172 2.0270386
-9.4631195 -3.1174164 2.3769531
-9.4655 -2.9579315 2.722107
-9.446457 -2.7651215 2.960144
-9.389328 -2.6889496 3.0744019
-9.308395 -2.6318207 3.3100586
-9.310776 -2.56279 3.3219604
-9.277451 -2.6032562 3.3481445
-9.260788 -2.581833 3.3362427
-9.248886 -2.5842133 3.3457642
-9.203659 -2.6627655 3.229126
-9.203659 -2.7651215 3.1243896
-9.246506 -2.9555511 2.9910889
-9.248886 -3.0721893 2.857788
-9.256027 -3.1935883 2.7173462
-9.239365 -3.3483124 2.5340576
-9.229843 -3.4578094 2.4436035
-9.2322235 -3.5435028 2.2365112
-9.201279 -3.603012 2.1341553
-9.175095 -3.7291718 2.0413208
-9.189377 -3.8053436 1.9770508
-9.14415 -3.8696136 1.9032593
-9.137009 -3.948166 1.862793
-9.134628 -4.0290985 1.8461304
-9.125107 -4.095749 1.760437
-9.1489105 -4.1266937 1.7390137
-9.179855 -4.1195526 1.7056885
-9.177475 -4.1171722 1.7532959
-9.215561 -4.1385956 1.7628174
-9.170334 -4.186203 1.8342285
-9.137009 -4.193344 1.8270874
-9.182236 -4.2266693 1.888977
-9.110825 -4.2076263 1.9175415
-9.156052 -4.23143 1.8961182
-9.122726 -4.2147675 1.9342041
-9.170334 -4.186203 1.8723145
-9.222702 -4.174301 1.9746704
-9.234604 -4.1504974 1.9818115
-9.175095 -4.090988 2.0579834
-9.172714 -3.9838715 2.1436768
-9.1679535 -3.9600677 2.2365112
-9.170334 -3.9410248 2.184143
-9.177475 -3.8696136 2.2555542
-9.160812 -3.8291473 2.2579346
-9.186996 -3.769638 2.3531494
-9.206039 -3.6934662 2.3579102
-9.177475 -3.6887054 2.362671
-9.20842 -3.6625214 2.4126587
-9.213181 -3.686325 2.4102783
-9.203659 -3.7125092 2.4436035
-9.186996 -3.7339325 2.3674316
-9.177475 -3.7601166 2.3222046
-9.1679535 -3.7863007 2.222229
Time Stop = 5824
