Time Start = 1457245006
0.4106598 -3.2721405 9.418091
0.21070862 -3.1459808 9.365723
0.3106842 -3.0198212 9.406189
0.5249176 -3.0602875 9.432373
0.5582428 -3.191208 9.439514
0.46302795 -3.2840424 9.365723
0.46064758 -3.3435516 9.387146
0.6415558 -3.3364105 9.434753
0.68440247 -3.2340546 9.472839
0.6248932 -3.14122 9.506165
0.57014465 -3.153122 9.4609375
0.591568 -3.2150116 9.434753
0.5987091 -3.2721405 9.394287
0.508255 -3.2507172 9.327637
0.43684387 -3.2911835 9.308594
0.46540833 -3.364975 9.353821
0.4011383 -3.345932 9.418091
0.4106598 -3.2983246 9.556152
0.4416046 -3.1650238 9.513306
0.47969055 -3.1007538 9.494263
0.5153961 -3.07695 9.501404
0.5677643 -3.1007538 9.484741
0.5153961 -3.1221771 9.458557
0.5249176 -3.2411957 9.470459
0.5106354 -3.3530731 9.503784
0.47969055 -3.3935394 9.53949
0.4344635 -3.3483124 9.522827
0.45350647 -3.255478 9.496643
0.43208313 -3.281662 9.432373
0.41542053 -3.2721405 9.408569
0.4178009 -3.1483612 9.339539
0.43208313 -3.0793304 9.365723
0.4749298 -3.0198212 9.320496
0.5344391 -3.0745697 9.187195
0.5677643 -3.2840424 9.272888
0.57966614 -3.2007294 9.451416
0.6177521 -3.1055145 9.470459
0.6629791 -3.0364838 9.53949
0.6391754 -3.0412445 9.584717
0.57966614 -2.9008026 9.632324
0.5891876 -2.6889496 9.665649
0.6629791 -2.781784 9.66803
0.5677643 -3.0793304 9.610901
0.6153717 -3.2483368 9.60614
0.6320343 -3.1888275 9.713257
0.62727356 -3.1674042 9.66803
0.6058502 -3.2911835 9.763245
0.62965393 -3.338791 9.856079
0.6082306 -3.2483368 9.958435
0.5987091 -3.179306 10.17981
0.7296295 -3.262619 10.470215
0.98908997 -3.2221527 10.63208
1.0843048 -4.1124115 10.353577
0.8153229 -5.243088 9.939392
0.42494202 -6.47612 10.034607
0.57728577 -7.1640472 10.160767
1.284256 -6.1785736 10.05603
1.4913483 -4.8384247 10.8272705
1.3461456 -4.2480927 10.920105
1.7531891 -3.9148407 11.098633
1.6317902 -3.705368 11.960327
1.3556671 -2.9055634 12.243591
1.015274 -2.2628632 11.774658
1.541336 -2.3295135 12.04364
1.7531891 -2.2604828 12.184082
1.9245758 -2.4366302 11.329529
2.2625885 -2.2628632 11.562805
2.2744904 -1.3107147 11.5199585
1.8888702 -0.20146179 11.389038
1.7341461 0.4079132 11.472351
1.6603546 0.7483063 11.424744
1.431839 0.7387848 11.422363
1.2866364 0.17701721 10.929626
1.412796 -0.1348114 10.50592
1.4389801 -0.30381775 10.144104
1.4008942 -0.19908142 9.951294
1.1890411 0.29127502 9.813232
1.0843048 1.0291901 9.589478
0.91767883 1.7766266 9.594238
0.69392395 2.2050934 9.418091
0.6082306 2.2431793 9.2229
0.5891876 1.8504181 8.822998
0.67726135 1.490982 8.511169
0.70344543 1.3243561 8.411194
0.71058655 1.6599884 8.230286
0.75105286 2.0717926 8.461182
0.5987091 2.6811676 8.508789
0.50349426 3.2524567 8.749207
0.3368683 3.5142975 8.70874
0.3511505 3.3524323 8.623047
0.43684387 3.0144196 8.213623
0.527298 2.838272 7.982727
0.48683167 2.7716217 7.68042
0.47254944 3.152481 7.566162
0.42018127 3.6880646 7.7089844
0.35591125 4.333145 7.9851074
0.29640198 5.0234528 8.085083
0.26545715 5.39003 8.087463
0.2202301 5.370987 8.023193
0.2368927 5.102005 7.816101
0.22261047 4.87825 7.4281006
0.26307678 4.6878204 7.161499
0.31544495 4.6616364 6.980591
0.35353088 4.4878693 6.6782837
0.45350647 4.7021027 6.442627
0.5344391 5.1377106 6.2664795
0.59632874 5.64711 6.20697
0.66059875 6.044632 6.185547
0.67012024 6.28743 6.0236816
0.7320099 6.135086 5.88562
0.8200836 5.9184723 5.6642456
0.8700714 5.7589874 5.5238037
0.8629303 5.613785 5.3428955
0.9224396 5.613785 5.269104
0.8319855 5.889908 5.3547974
0.739151 6.3421783 5.364319
0.6820221 6.6254425 5.4262085
0.6963043 6.880142 5.295288
0.59632874 6.775406 5.2786255
0.55348206 6.335037 5.0215454
0.5582428 6.0541534 4.876343
0.6010895 6.135086 4.902527
0.6891632 6.430252 5.057251
0.66773987 6.634964 5.1905518
0.62727356 6.8515778 5.2286377
0.6082306 6.937271 5.3476563
0.6153717 6.9325104 5.283386
0.5820465 6.896805 5.3048096
0.5891876 6.732559 5.257202
0.6153717 6.6825714 5.2453003
0.66059875 6.768265 5.2929077
0.6153717 6.9944 5.3928833
0.5987091 7.339554 5.569031
0.5677643 7.527603 5.6261597
0.50587463 7.3300323 5.7213745
0.4915924 7.1253204 5.680908
0.5749054 6.961075 5.6190186
0.6629791 6.942032 5.5856934
0.6915436 7.0301056 5.673767
0.68678284 7.0753326 5.616638
0.75819397 7.0681915 5.7213745
0.7700958 6.956314 5.6523438
0.72724915 6.839676 5.5238037
0.7796173 6.815872 5.609497
0.8296051 6.827774 5.545227
0.8296051 6.9015656 5.4404907
0.85102844 6.987259 5.514282
0.82484436 6.9277496 5.4785767
0.86531067 6.9134674 5.5476074
0.9391022 6.877762 5.4904785
0.98194885 6.8444366 5.4571533
1.034317 6.711136 5.5047607
1.0057526 6.620682 5.4143066
0.98194885 6.665909 5.366699
1.0081329 6.796829 5.442871
0.9533844 6.9134674 5.4452515
0.86769104 7.0610504 5.4904785
0.8462677 7.1634064 5.552368
0.822464 7.168167 5.597595
0.8724518 7.0491486 5.6428223
0.93434143 6.8372955 5.614258
1.015274 6.6373444 5.5809326
1.0247955 6.551651 5.6499634
1.0319366 6.6183014 5.6571045
0.96528625 6.892044 5.802307
0.9438629 7.18721 5.8427734
0.8891144 7.3490753 5.9594116
0.88435364 7.38002 5.980835
0.905777 7.3490753 6.0284424
0.8700714 7.282425 6.0284424
0.91767883 7.2205353 6.0665283
0.97480774 7.1586456 6.0355835
0.9676666 7.0919952 6.01178
0.9391022 7.1134186 6.018921
0.9462433 7.108658 6.0855713
0.9676666 7.1396027 6.090332
0.9391022 7.161026 6.154602
0.89149475 7.1515045 6.161743
0.9105377 7.130081 6.128418
0.8891144 7.111038 6.102234
0.886734 7.0610504 6.057007
0.8557892 7.046768 6.037964
0.8557892 7.0824738 6.01178
0.86531067 7.096756 6.0308228
0.8486481 7.1015167 6.0427246
0.822464 7.0039215 5.954651
0.822464 6.8420563 5.9451294
0.8296051 6.8230133 5.897522
0.80104065 6.8420563 5.828491
0.82484436 6.9515533 5.9570313
0.7986603 6.9539337 5.9832153
0.8486481 6.911087 5.9713135
0.8058014 6.86586 5.9594116
0.7819977 6.8039703 5.9141846
0.8058014 6.8253937 6.0213013
0.85102844 6.9467926 5.94751
0.8486481 7.05867 5.9570313
0.87483215 7.0991364 5.897522
0.8462677 7.1895905 5.859436
0.86769104 7.0991364 5.8546753
0.8438873 7.127701 5.8427734
0.8724518 7.063431 5.788025
0.80104065 7.044388 5.8189697
0.9200592 6.9848785 5.8237305
0.886734 7.0182037 5.7785034
0.83436584 7.0991364 5.8546753
0.80818176 7.013443 5.8808594
0.81770325 7.0420074 5.845154
0.81056213 7.044388 5.82135
0.7867584 7.0919952 5.8237305
0.75819397 7.0753326 5.807068
0.81770325 7.12294 5.909424
0.8557892 7.1776886 5.9522705
0.8391266 7.175308 5.9855957
0.8367462 7.2848053 5.9570313
0.81770325 7.3490753 6.026062
0.7891388 7.384781 6.0355835
0.7724762 7.4204865 6.1117554
0.7962799 7.456192 6.07843
0.7962799 7.520462 6.27124
0.8891144 7.5157013 6.1188965
0.81770325 7.4538116 6.0284424
0.7986603 6.146988 5.7356567
0.8296051 5.7161407 5.3762207
0.97480774 5.5661774 5.409546
1.1580963 6.011307 5.6237793
1.0914459 6.565933 6.007019
0.9462433 7.1253204 6.3807373
0.7700958 7.4657135 6.692566
0.9129181 8.117935 6.8615723
1.0414581 8.59639 6.9901123
1.1033478 8.636856 7.0043945
1.0843048 8.260757 6.97583
0.86769104 7.5180817 6.8044434
0.6463165 6.3302765 6.5664063
0.35829163 3.3072052 5.954651
0.60346985 1.2672272 4.757324
1.1342926 -0.18955994 4.8953857
1.8222198 -0.0062713623 5.171509
2.1221466 1.952774 5.814209
1.7603302 4.5330963 6.9710693
1.1604767 6.8563385 8.023193
0.39875793 7.906082 8.758728
0.129776 7.879898 8.701599
0.16072083 6.5921173 7.8756104
0.26545715 5.094864 6.6401978
0.49635315 3.7570953 5.6237793
0.52015686 2.850174 4.9786987
0.3202057 2.2574615 4.8573
0.1131134 1.6980743 5.0167847
-0.0011444092 1.3124542 5.0929565
-0.16062927 0.8435211 5.121521
-0.33439636 0.3603058 4.864441
-0.332016 -0.061019897 4.716858
-0.16300964 -0.4966278 4.9715576
0.2868805 -0.9846039 5.261963
0.75819397 -1.3821259 5.569031
0.9938507 -1.8748627 5.9641724
1.2533112 -2.384262 6.390259
1.4365997 -2.6318207 6.8449097
1.477066 -2.9983978 7.2995605
1.367569 -3.2935638 7.4923706
1.2937775 -3.429245 7.8827515
1.303299 -3.3983002 8.454041
1.496109 -3.6268158 9.020569
1.6532135 -3.9076996 9.451416
1.9745636 -4.5432587 9.960815
2.188797 -5.0288544 10.177429
2.2744904 -5.790573 10.227417
2.2102203 -6.4023285 10.196472
1.9745636 -6.983139 10.198853
1.7317657 -7.3901825 10.241699
1.534195 -7.4211273 10.420227
1.5032501 -7.297348 11.124817
1.5699005 -7.240219 11.65802
1.431839 -7.349716 11.362854
1.2176056 -7.7805634 10.986755
1.0438385 -8.420883 10.265503
0.951004 -9.054062 9.391907
0.9676666 -9.637253 8.618286
0.91529846 -9.703903 7.823242
0.7962799 -9.463486 6.923462
0.7653351 -9.292099 6.749695
0.3678131 -9.601547 8.420715
0.93434143 -9.468246 9.725159
1.9555206 -8.339951 12.026978
3.055252 -9.542038 14.547791
1.8531647 -10.441818 11.281921
-0.07017517 -9.458725 8.775391
-0.50816345 -9.592026 7.970825
0.04170227 -9.582504 5.5547485
0.9033966 -9.984787 3.7052002
2.086441 -10.537033 3.781372
2.6743927 -10.294235 4.2645874
3.343277 -9.960983 4.247925
2.8481598 -9.622971 5.0167847
2.2840118 -9.163559 5.2143555
2.0174103 -8.91362 5.288147
1.6960602 -8.754135 5.3167114
1.7008209 -8.91362 5.9332275
1.855545 -8.901718 5.9260864
2.0507355 -8.20665 6.763977
2.2649689 -7.854355 6.787781
2.279251 -7.725815 6.514038
2.1745148 -7.9091034 6.2617188
1.9293365 -8.201889 5.923706
1.4270782 -8.473251 6.340271
1.1961823 -8.163803 6.230774
1.015274 -7.88768 6.4854736
0.9771881 -7.5115814 6.6973267
0.8629303 -7.433029 6.5735474
0.82722473 -7.687729 6.4830933
0.61061096 -7.937668 6.6449585
0.4582672 -8.170944 6.430725
0.32972717 -8.287582 6.314087
0.3440094 -8.339951 6.2141113
0.35829163 -8.351852 6.095093
0.4582672 -8.363754 6.040344
0.44874573 -8.554184 6.1569824
0.36543274 -8.568466 6.0355835
0.35353088 -8.616074 6.01416
0.37971497 -8.611313 5.968933
0.4106598 -8.65892 6.0855713
0.45588684 -8.742233 6.0236816
0.46302795 -8.670822 5.999878
0.4273224 -8.458969 6.276001
0.3440094 -8.001938 6.5164185
0.21308899 -7.8067474 6.5949707
0.117874146 -7.7234344 6.3974
0.2202301 -7.892441 6.178406
0.3844757 -8.028122 6.2355347
0.5011139 -8.097153 6.07843
0.572525 -8.266159 6.180786
0.5891876 -8.254257 6.1069946
0.6225128 -8.180466 6.057007
0.49397278 -8.306625 6.1712646
0.40351868 -8.282822 5.995117
0.277359 -8.361374 6.159363
0.21784973 -8.3780365 6.223633
0.17024231 -8.289963 6.3640747
0.1464386 -8.135239 6.3640747
0.1464386 -8.106674 6.4640503
0.1464386 -8.023361 6.3997803
0.17500305 -7.9805145 6.2355347
0.18928528 -8.049545 6.2474365
0.19404602 -8.156662 6.0093994
0.23927307 -8.328049 6.033203
0.23451233 -8.468491 6.064148
0.2202301 -8.566086 6.0927124
0.2535553 -8.649399 6.0236816
0.2868805 -8.65654 6.1522217
0.29164124 -8.425644 6.2617188
0.3368683 -7.9733734 6.237915
0.34877014 -7.8257904 6.4188232
0.39875793 -7.7615204 6.3045654
0.37257385 -7.7877045 6.499756
0.42018127 -7.8186493 6.2998047
0.4915924 -7.8972015 6.314087
0.572525 -7.982895 6.2783813
0.6058502 -7.937668 6.2974243
0.71058655 -7.9924164 6.0355835
0.7082062 -8.187607 6.0855713
0.71772766 -8.504196 5.9641724
0.7082062 -8.732712 5.845154
0.68678284 -8.906479 5.8165894
0.71772766 -9.10881 5.614258
0.71772766 -9.208786 5.697571
0.67726135 -9.020737 5.678528
0.6058502 -8.768417 5.7475586
0.52967834 -8.577988 5.7666016
0.52015686 -8.423264 5.807068
0.49873352 -8.242355 5.7356567
0.48921204 -8.137619 5.826111
0.42970276 -8.170944 5.9784546
0.31544495 -8.220932 6.0213013
0.28450012 -8.325668 6.0427246
0.1869049 -8.256638 6.018921
0.28450012 -8.216171 5.8380127
0.31306458 -8.2733 5.7356567
0.3440094 -8.537521 5.826111
0.3106842 -8.518478 5.783264
0.16548157 -8.563705 5.723755
0.048843384 -8.611313 5.9641724
-0.103500366 -8.58989 5.8760986
-0.21775818 -8.689865 5.8308716
-0.21775818 -8.651779 5.9022827
-0.17015076 -8.699387 5.7856445
-0.13444519 -8.730331 5.8237305
-0.122543335 -8.730331 5.680908
-0.055892944 -8.766037 5.6832886
-0.060653687 -8.699387 5.723755
-0.08921814 -8.697006 5.764221
-0.077316284 -8.616074 5.840393
0.008377075 -8.528 5.82135
0.034561157 -8.4423065 5.9260864
0.046463013 -8.458969 5.814209
0.12501526 -8.444687 5.8880005
0.1131134 -8.508957 5.8308716
0.1869049 -8.535141 5.814209
0.129776 -8.551804 5.8832397
0.10121155 -8.528 5.9141846
0.13929749 -8.489914 5.88562
0.115493774 -8.456589 5.8999023
0.13215637 -8.425644 5.7713623
0.13929749 -8.432785 5.6761475
0.17262268 -8.520859 5.7666016
0.12501526 -8.613693 5.783264
0.12025452 -8.611313 5.776123
0.10121155 -8.65654 5.833252
0.11073303 -8.616074 5.8570557
0.1797638 -8.58989 5.8546753
0.22499084 -8.516098 5.749939
0.20594788 -8.494675 5.7404175
0.2702179 -8.511337 5.738037
0.27259827 -8.542282 5.75708
0.2535553 -8.523239 5.8237305
0.23213196 -8.520859 5.8760986
0.2202301 -8.532761 5.892761
0.22499084 -8.532761 5.8808594
0.22499084 -8.501816 5.7404175
0.18928528 -8.554184 5.764221
0.17262268 -8.566086 5.6904297
0.1464386 -8.644638 5.788025
0.12501526 -8.604172 5.7737427
0.094070435 -8.644638 5.6523438
0.12263489 -8.647018 5.6713867
0.10597229 -8.651779 5.8427734
0.1131134 -8.554184 5.8118286
0.12263489 -8.511337 5.7666016
0.17738342 -8.585129 5.7070923
0.18928528 -8.597031 5.647583
0.18214417 -8.613693 5.685669
0.1464386 -8.599411 5.718994
0.12025452 -8.604172 5.7142334
0.14405823 -8.558945 5.749939
0.16072083 -8.599411 5.828491
0.16786194 -8.561325 5.749939
0.129776 -8.597031 5.8165894
0.117874146 -8.620834 5.680908
0.16072083 -8.627975 5.6832886
0.16072083 -8.677963 5.659485
0.12263489 -8.730331 5.635681
0.096450806 -8.71843 5.595215
0.12739563 -8.689865 5.5595093
0.117874146 -8.661301 5.519043
0.13691711 -8.630356 5.6452026
0.08692932 -8.65892 5.678528
0.096450806 -8.635117 5.69281
0.1131134 -8.599411 5.678528
0.07978821 -8.639877 5.635681
0.048843384 -8.630356 5.697571
0.075027466 -8.627975 5.583313
0.10121155 -8.649399 5.635681
0.09169006 -8.635117 5.621399
0.072647095 -8.682724 5.6380615
0.02027893 -8.635117 5.680908
-0.0011444092 -8.651779 5.6880493
0.048843384 -8.580368 5.69281
0.046463013 -8.666061 5.718994
0.051223755 -8.632736 5.685669
0.07740784 -8.630356 5.7475586
0.034561157 -8.613693 5.6309204
0.04170227 -8.677963 5.7261353
0.10121155 -8.620834 5.7546997
0.075027466 -8.611313 5.780884
0.12501526 -8.632736 5.6713867
0.10597229 -8.639877 5.6642456
0.094070435 -8.563705 5.7261353
0.12739563 -8.606552 5.718994
0.1131134 -8.563705 5.6571045
0.129776 -8.597031 5.659485
0.10835266 -8.637497 5.6071167
0.117874146 -8.668442 5.666626
0.04170227 -8.647018 5.6309204
0.11073303 -8.680344 5.6261597
0.12025452 -8.663681 5.704712
0.10121155 -8.661301 5.6452026
0.13215637 -8.6089325 5.678528
0.096450806 -8.58989 5.6690063
0.09883118 -8.611313 5.6880493
0.14405823 -8.642258 5.7094727
0.117874146 -8.6922455 5.697571
0.096450806 -8.6732025 5.6571045
0.07026672 -8.618454 5.621399
0.10359192 -8.635117 5.5666504
0.09169006 -8.668442 5.6118774
0.072647095 -8.6732025 5.576172
0.08692932 -8.65892 5.6190186
0.10121155 -8.597031 5.621399
0.12025452 -8.604172 5.5809326
0.13453674 -8.613693 5.640442
0.10121155 -8.635117 5.659485
0.129776 -8.661301 5.7070923
0.09883118 -8.651779 5.6904297
0.14405823 -8.670822 5.7094727
0.10597229 -8.651779 5.654724
0.11073303 -8.644638 5.62854
0.094070435 -8.666061 5.6261597
0.12739563 -8.680344 5.6309204
0.10359192 -8.713669 5.5595093
Time Stop = 1457245011
