Time Start = 1457237127
-4.2810516 -0.11338806 8.163635
-4.1072845 0.40315247 8.8515625
-3.8716278 0.4340973 9.870361
-3.6978607 0.3436432 10.282166
-3.6978607 0.12940979 10.110779
-3.7906952 -0.049118042 9.791809
-3.9382782 -0.28715515 9.568054
-4.1572723 -0.5561371 9.537109
-4.1953583 -0.4633026 9.113403
-4.1453705 -0.4061737 8.818237
-4.0501556 -0.5466156 8.753967
-3.962082 -0.71562195 8.77063
-4.045395 -0.927475 9.237183
-4.2667694 -1.3011932 9.908447
-4.5928802 -1.3940277 10.027466
-4.880905 -1.4916229 9.975098
-4.942795 -1.5320892 9.86084
-4.669052 -1.3130951 9.101501
-4.359604 -1.2059784 8.465942
-4.045395 -1.2488251 8.168396
-3.8121185 -1.4678192 8.030334
-3.6621552 -1.6987152 8.225525
-3.6050262 -1.6939545 8.554016
-3.6074066 -1.6487274 9.344299
-3.7597504 -1.8010712 10.396423
-4.038254 -2.0557709 11.186707
-4.4452972 -1.9915009 11.122437
-4.6024017 -1.555893 10.203613
-4.545273 -1.2250214 9.113403
-4.2286835 -1.3845062 8.653992
-3.7430878 -2.2985687 9.118164
-3.4074554 -2.9769745 9.534729
-3.1694183 -3.1436005 9.937012
-3.0861053 -2.6437225 9.7561035
-3.0884857 -2.2438202 10.210754
-3.1527557 -1.812973 10.996277
-3.288437 -1.517807 11.331909
-3.4098358 -1.684433 11.46759
-3.5383759 -1.9581757 11.127197
-3.533615 -2.005783 10.401184
-3.3955536 -1.6630096 9.215759
-3.302719 -1.3773651 8.739685
-3.3170013 -1.3297577 9.487122
-3.212265 -1.5059052 11.20813
-3.1956024 -1.6320648 11.769897
-3.1241913 -1.241684 11.71991
-2.7718964 -0.6465912 11.638977
-2.333908 -0.080062866 11.560425
-1.8506927 0.27223206 11.384277
-1.486496 0.41505432 11.062927
-1.1984711 0.44361877 10.896301
-1.1222992 0.14845276 10.958191
-1.3103485 0.36268616 10.508301
-1.6650238 0.92445374 10.148865
-2.069687 1.3743439 10.05603
-2.2148895 1.6742706 10.146484
-2.1887054 1.9432526 9.801331
-2.0411224 1.8289948 9.808472
-1.826889 1.4766998 9.917969
-1.595993 1.2743683 9.848938
-1.4626923 1.0244293 9.934631
-1.4888763 1.1672516 9.753723
-1.6221771 1.3862457 9.782288
-1.6769257 1.6552277 9.577576
-1.6935883 2.1027374 8.682556
-1.6316986 2.3669586 8.173157
-1.4983978 2.2717438 8.187439
-1.3317719 2.05513 8.582581
-1.1841888 1.7980499 9.087219
-1.0961151 1.676651 9.389526
-1.0151825 1.6671295 9.772766
-1.1103973 1.9313507 10.017944
-1.1675262 2.164627 9.815613
-1.236557 2.4026642 9.322876
-1.2341766 2.3740997 9.077698
-1.1413422 2.4026642 8.313599
-0.99375916 2.202713 7.944641
-0.82951355 1.657608 8.294556
-0.4724579 1.3481598 9.044373
-0.18919373 1.3529205 9.718018
0.1131134 1.7956696 10.50116
0.1131134 2.3169708 11.322388
-0.11778259 3.069168 11.170044
-0.50816345 3.3214874 10.727295
-0.73905945 3.4095612 9.4609375
-0.7676239 3.0858307 8.725403
-0.71287537 2.7263947 8.796814
-0.68193054 2.5764313 9.420471
-0.62480164 2.7073517 9.549011
-0.5605316 3.1739044 9.641846
-0.46769714 3.8285065 9.572815
-0.38676453 4.345047 9.139587
-0.7604828 4.49263 8.865845
-0.5867157 4.2712555 8.680176
-0.53196716 3.8784943 8.594482
-0.4224701 3.6309357 8.501648
-0.39152527 3.6380768 8.456421
-0.4058075 3.909439 8.330261
-0.2320404 4.276016 8.26123
-0.07017517 4.730667 8.218384
-0.15348816 5.173416 7.963684
-0.21061707 5.280533 7.8565674
-0.29154968 5.151993 7.7851563
-0.60813904 5.113907 7.3685913
-0.479599 5.011551 6.935364
-0.39152527 5.056778 6.821106
-0.2725067 5.211502 6.7806396
-0.22727966 5.549515 6.6901855
-0.23680115 5.8113556 6.623535
-0.30821228 5.954178 6.65448
-0.3153534 6.0017853 6.109375
-0.26298523 5.9970245 5.9974976
-0.26298523 6.0041656 5.423828
-0.39866638 5.927994 5.231018
-0.43437195 5.8732452 5.133423
-0.479599 5.8565826 5.390503
-0.50102234 5.994644 5.56427
-0.55101013 6.28981 5.4333496
-0.5676727 6.5349884 5.281006
-0.6438446 6.732559 5.0929565
-0.55815125 6.9063263 5.064392
-0.51530457 7.149124 4.607361
-0.42723083 7.199112 4.0860596
-0.5057831 7.230057 4.209839
-0.5367279 7.175308 3.7599487
-0.5795746 7.1515045 4.057495
-0.60813904 7.2610016 4.1693726
-0.6128998 7.430008 4.28125
-0.7247772 7.641861 4.2788696
-0.60813904 7.5871124 3.9622803
-0.35105896 7.7751617 4.1693726
-0.26060486 7.8560944 4.21698
-0.30345154 7.758499 3.4719238
-0.44865417 7.6775665 3.3410034
-0.5795746 7.57283 3.005371
-0.6105194 7.4918976 3.005371
-0.7247772 7.5609283 3.0125122
-0.8271332 7.57283 3.2576904
-0.9961395 7.6823273 3.4362183
-1.1151581 7.687088 3.5742798
-1.1651459 7.615677 3.2957764
-1.1127777 7.5823517 3.0339355
-0.91044617 7.4538116 2.9172974
-0.68193054 7.4347687 2.7578125
-0.51768494 7.358597 2.6221313
-0.4391327 7.468094 2.8815918
-0.4700775 7.4776154 3.0529785
-0.5391083 7.7156525 3.3029175
-0.50816345 7.963211 3.414795
-0.36296082 8.02272 3.7528076
-0.23680115 7.8941803 4.0932007
-0.14634705 7.8775177 3.8813477
-0.101119995 7.853714 4.1051025
-0.029708862 7.944168 4.274109
-0.098739624 8.203629 4.2645874
-0.29631042 8.460709 4.6763916
-0.44389343 8.758255 4.15271
-0.5867157 8.772537 3.883728
-0.63908386 8.551163 3.9813232
-0.5938568 8.329788 4.378845
-0.5700531 8.194107 4.7835083
-0.43675232 8.232193 4.9977417
-0.34391785 8.327408 5.038208
-0.43437195 8.434525 5.0929565
-0.5867157 8.503555 5.166748
-0.58909607 8.444046 5.5357056
-0.62242126 8.505936 5.5285645
-0.73905945 8.836807 3.993225
-0.7438202 8.653519 3.017273
-0.793808 8.325027 3.248169
-0.74858093 8.039383 3.8551636
-0.646225 8.182205 4.545471
-0.5938568 8.248856 4.9382324
-0.49150085 8.184586 4.9001465
-0.41056824 8.025101 4.72876
-0.31773376 7.9584503 4.659729
-0.31059265 7.853714 4.5359497
-0.46769714 7.7918243 4.7144775
-0.6533661 8.044144 3.9194336
-0.7033539 7.9536896 3.6314087
-0.70573425 7.948929 3.9908447
-0.5533905 7.8632355 4.440735
-0.4629364 8.032242 4.5478516
-0.39866638 8.08461 4.531189
-0.2986908 8.098892 4.47406
-0.13444519 8.0750885 4.383606
0.008377075 7.9846344 4.371704
0.1131134 7.8370514 4.352661
0.094070435 7.8061066 4.459778
0.055984497 7.8632355 4.0217896
-0.053512573 7.9132233 3.7194824
-0.13920593 8.037003 2.9696655
-0.13682556 7.948929 2.6673584
-0.16062927 7.872757 3.0148926
-0.060653687 7.822769 3.5338135
-0.036849976 7.756119 4.000366
-0.053512573 7.801346 4.21698
-0.017807007 7.82753 4.2265015
0.003616333 7.801346 4.319336
0.08454895 7.8489532 4.205078
0.2035675 7.8370514 4.100342
0.19404602 7.7156525 4.2145996
0.24403381 7.6704254 4.0717773
0.12263489 7.758499 4.062256
0.08216858 8.001297 3.7599487
0.005996704 8.132217 3.5004883
0.04170227 8.132217 3.6575928
0.06312561 8.058426 4.236023
0.048843384 8.003677 4.6621094
0.06788635 7.975113 4.8620605
0.05836487 8.006058 4.8287354
0.12501526 8.106033 4.8430176
0.18452454 8.258377 4.8882446
0.18928528 8.301224 4.909668
0.12025452 8.308365 4.981079
0.06312561 8.410721 4.626404
0.0012359619 8.501175 3.9170532
0.010757446 8.40834 3.7528076
0.0155181885 8.336929 3.762329
0.005996704 8.246475 4.212219
0.025039673 8.348831 4.645447
0.048843384 8.351212 4.897766
0.06788635 8.296463 4.92395
0.13215637 8.303604 4.9191895
0.14881897 8.27504 4.838257
0.117874146 8.253616 4.92157
-0.06303406 8.353592 4.8930054
-0.13206482 8.5368805 4.3598022
-0.14634705 8.4535675 3.8099365
-0.04399109 8.310745 3.6623535
0.034561157 8.21315 3.9265747
0.1131134 8.303604 4.4002686
0.15596008 8.47261 4.6049805
0.1797638 8.2417145 4.690674
0.19642639 8.079849 4.674011
0.12501526 7.8632355 4.262207
-0.0844574 7.7418365 3.793274
-0.17015076 7.513321 3.7194824
-0.0059051514 7.5180817 4.005127
0.35591125 7.487137 4.3288574
0.56062317 7.6775665 5.11438
0.71772766 7.8489532 5.602356
0.9367218 8.239334 5.999878
1.3390045 8.539261 6.102234
1.3247223 8.524979 6.373596
1.11763 8.34169 5.3762207
0.58680725 7.525223 5.0548706
0.90101624 7.513321 4.178894
1.810318 7.237198 5.404785
2.0816803 7.032486 6.2926636
1.976944 7.3681183 6.9282227
1.541336 7.410965 7.6518555
1.1200104 8.08223 7.340027
1.1057281 8.01796 6.290283
1.4151764 7.2205353 5.847534
1.912674 6.5944977 5.88562
2.0840607 6.41835 6.2331543
1.8317413 6.335037 6.366455
1.4818268 6.077957 6.192688
1.329483 5.575699 5.7213745
1.681778 5.5923615 5.109619
2.4673004 5.3376617 5.6642456
2.8219757 5.5876007 6.2926636
2.5387115 5.4400177 6.661621
1.9936066 5.366226 6.8687134
1.8603058 5.613785 7.006775
2.048355 5.620926 6.8377686
2.2387848 5.7708893 6.9210815
2.5053864 5.844681 6.2331543
2.8291168 5.58284 6.1522217
3.0719147 5.4781036 6.1950684
3.0719147 5.549515 6.3307495
2.4434967 5.4257355 6.935364
2.4958649 5.806595 7.4066772
2.900528 5.3805084 7.9422607
3.086197 5.030594 8.018433
2.990982 4.821121 7.9017944
2.8672028 4.9329987 7.7803955
3.1266632 4.883011 7.4804688
3.42659 4.8996735 7.335266
3.4551544 5.0210724 7.237671
3.3766022 5.1638947 7.35907
3.4408722 5.1424713 7.5875854
3.5598907 4.9258575 7.713745
3.5384674 4.485489 7.5185547
3.6741486 4.314102 7.42572
3.843155 4.402176 7.2662354
3.8812408 4.6449738 6.456909
4.024063 4.825882 6.242676
4.06929 4.7282867 6.6068726
3.8336334 4.5211945 6.8710938
3.645584 4.178421 6.918701
3.702713 3.792801 6.9734497
4.0002594 3.2310333 7.0305786
4.2525787 3.1429596 6.982971
4.233536 3.497635 7.025818
3.959793 4.023697 7.2281494
3.600357 4.575943 7.0377197
3.407547 5.116287 6.71875
3.5265656 5.423355 6.552124
3.6860504 5.77565 6.437866
3.6979523 6.0017853 6.5664063
3.5789337 5.8803864 6.649719
3.343277 5.9708405 6.704468
3.0957184 5.6375885 6.942505
2.8672028 5.5661774 6.7973022
2.9171906 5.5876007 6.704468
3.0457306 5.782791 6.763977
3.2290192 6.051773 6.7473145
3.3861237 6.404068 6.449768
3.286148 6.4897614 6.0355835
3.2075958 6.5278473 5.9522705
3.1480865 6.5111847 4.9501343
3.0647736 6.1184235 4.659729
3.010025 6.218399 4.383606
2.8981476 6.832535 4.209839
2.624405 7.0943756 4.266968
2.1864166 7.4585724 4.1955566
1.560379 7.675186 4.4335938
0.78437805 7.6466217 4.7192383
0.12501526 7.4609528 4.9525146
-0.479599 7.244339 5.2286377
-0.91996765 7.05867 5.300049
-1.2270355 6.961075 5.064392
-1.1889496 6.7397003 5.026306
-0.9509125 6.684952 5.140564
-0.6200409 6.711136 5.2024536
-0.37724304 6.7277985 5.511902
-0.38438416 6.8944244 6.071289
-0.5795746 7.1396027 6.585449
-0.9556732 7.6585236 7.0996094
-1.2651215 7.95607 7.442383
-1.4626923 8.053665 7.525696
-1.4008026 7.8632355 7.4161987
-1.1746674 7.4776154 7.3495483
-0.89378357 7.1895905 7.301941
-0.75572205 6.915848 7.48999
-0.65574646 6.7539825 7.732788
-0.6033783 6.744461 7.8827515
-0.8318939 6.987259 8.056519
-1.0580292 6.7420807 8.349304
-1.1199188 6.623062 8.163635
-0.9818573 6.173172 8.187439
-0.8485565 5.5090485 8.163635
-0.6866913 5.0662994 7.949402
-0.49150085 4.7854156 7.732788
-0.26774597 4.568802 7.861328
-0.14634705 4.4235992 8.008911
0.075027466 4.6164093 8.380249
0.17500305 4.8687286 9.1657715
0.12263489 5.13295 9.353821
0.13453674 5.2971954 9.332397
0.20832825 5.1615143 8.9348755
0.30830383 4.909195 8.377869
0.35353088 4.628311 7.7994385
0.4677887 4.459305 7.052002
0.5153961 3.8213654 6.854431
0.5344391 3.0453644 7.0043945
0.6415558 2.3145905 7.2471924
0.88435364 1.0125275 7.354309
1.2890167 -1.3845062 7.449524
1.7603302 -1.036972 6.423584
2.0531158 0.45552063 6.4212036
2.1649933 2.0051422 6.987732
2.0007477 3.3786163 7.123413
1.8983917 4.3355255 7.340027
2.041214 5.237686 7.1448364
2.4173126 5.730423 6.916321
2.964798 5.8803864 6.790161
3.907425 5.9065704 6.8306274
4.7786407 5.532852 7.1400757
5.5594025 4.9591827 7.732788
5.6808014 4.478348 7.282898
5.549881 3.9118195 6.706848
4.9262238 3.4690704 6.0165405
4.1168976 3.3809967 5.557129
3.4170685 3.6190338 5.4714355
2.926712 3.9641876 5.583313
2.5077667 4.1236725 6.0236816
2.3030548 4.485489 5.833252
2.1602325 4.3926544 5.8165894
2.0126495 3.7951813 5.9332275
2.20784 3.3738556 5.8499146
2.5577545 2.978714 5.923706
2.8481598 3.0596466 5.8832397
2.855301 3.7237701 6.121277
2.5958405 4.5021515 6.4093018
2.1649933 5.218643 6.5616455
1.7841339 5.768509 6.9901123
1.5556183 6.1684113 7.059143
1.4865875 6.3826447 6.9663086
1.4032745 6.0541534 6.7925415
1.4580231 5.685196 6.6592407
1.4818268 5.275772 6.4592896
1.3604279 4.690201 6.880615
0.9462433 4.628311 7.316223
0.43208313 5.090103 7.6637573
-0.06541443 5.430496 7.6637573
-0.4391327 5.806595 7.5828247
-0.7342987 5.987503 7.5042725
-0.87950134 6.1755524 7.35907
-0.8247528 6.2398224 7.180542
-0.7009735 6.1517487 6.949646
-0.42723083 6.2136383 7.006775
-0.16539001 6.249344 7.256714
-0.098739624 6.006546 7.692322
-0.33439636 5.7542267 8.213623
-0.646225 5.71138 8.249329
-0.9056854 5.8423004 8.168396
-1.1651459 5.9446564 7.7851563
-1.3222504 5.768509 7.3709717
-1.3412933 5.544754 7.0615234
-1.2865448 5.256729 7.021057
-1.2198944 5.094864 7.1448364
-1.1627655 5.0401154 7.3519287
-1.0818329 4.8996735 7.656616
-1.1675262 4.7449493 8.051758
-1.2675018 4.7592316 8.415955
-1.2413177 4.806839 8.780151
-1.2484589 4.825882 8.932495
-1.1627655 4.6640167 8.887268
-0.93663025 4.4045563 8.696838
-0.77238464 3.8689728 8.149353
-0.73191833 3.2976837 8.277893
-0.7676239 2.4478912 8.220764
-0.82951355 1.6552277 8.06366
-0.8437958 1.7456818 7.7423096
-0.87950134 2.028946 7.7613525
-0.99375916 2.4550323 7.713745
-1.0746918 2.9096832 7.6851807
-1.2556 3.4928741 7.6470947
-1.1889496 4.3283844 8.023193
-0.877121 4.9306183 8.292175
-0.31773376 5.230545 8.223145
0.32496643 5.1567535 8.161255
0.8058014 4.4569244 8.856323
0.84150696 3.5381012 9.199097
0.39637756 2.228897 9.344299
-0.17253113 0.8220978 9.827515
-0.90330505 -0.5466156 11.01532
-1.2675018 -0.101486206 9.66803
-1.6578827 -0.73228455 9.453796
-1.5412445 0.71736145 7.251953
-1.6864471 1.7932892 7.449524
-1.7245331 4.0665436 7.789917
-1.8316498 5.7399445 9.639465
-1.8435516 5.7137604 12.407837
-1.8554535 5.2329254 13.769409
-2.1291962 4.190323 13.938416
-2.7837982 2.831131 12.852966
-3.6764374 0.95539856 11.20813
-4.5881195 -0.0038909912 9.60614
-5.1641693 -0.45854187 8.054138
-5.5902557 0.0627594 7.032959
-5.894943 0.9673004 6.583069
-5.8901825 1.6504669 6.27124
-5.4402924 2.1503448 5.8499146
-4.7047577 1.6052399 6.59021
-4.0358734 2.017044 7.611389
-3.6621552 2.8406525 8.742065
-3.5050507 3.8856354 10.303589
-3.3550873 4.3474274 11.550903
-3.321762 4.2331696 13.393311
-3.3170013 3.6999664 14.604919
-3.969223 2.721634 14.890564
-4.9737396 1.9813385 13.695618
-6.142502 0.855423 12.407837
-7.2231903 0.079422 11.3723755
-8.037277 -0.8917694 11.410461
-7.842087 -1.4844818 11.974609
-5.9401703 -2.0200653 11.900818
-4.8237762 -2.0867157 10.265503
-4.162033 -2.8627167 9.822754
-3.8240204 -3.486374 8.508789
-3.8264008 -3.917221 7.468567
-4.3453217 -4.238571 7.047241
-5.36174 -4.1171722 6.963928
-5.9687347 -3.7577362 7.456665
-5.257004 -3.255478 8.085083
-4.1144257 -3.0864716 9.187195
-3.2075043 -2.9341278 10.294067
-2.1958466 -3.0412445 10.9748535
-1.4888763 -3.2221527 10.946289
-1.3627167 -2.4699554 11.010559
-1.5864716 -0.6061249 11.215271
-1.8887787 0.8459015 10.796326
-2.2220306 0.72688293 11.231934
-2.448166 0.5578766 10.527344
-2.4124603 0.89826965 9.513306
-2.179184 0.6078644 9.210999
-2.076828 0.35792542 9.032471
-2.2767792 -0.056259155 8.782532
-2.7290497 -0.12767029 8.618286
-3.276535 -0.0015106201 8.646851
-3.6526337 0.050857544 8.782532
-3.931137 0.1532135 8.972961
-4.064438 0.18415833 9.168152
-4.102524 0.17939758 9.3133545
-4.0311127 -0.032455444 9.337158
-4.097763 -0.25621033 9.258606
Time Stop = 1457237132
