Time Start = 4761
-9.598801 -3.0436249 1.2938843
-9.727341 -2.8222504 1.4152832
-9.513107 -2.8698578 1.3557739
-9.479782 -3.1102753 1.0986938
-9.472641 -3.2007294 0.9225464
-9.382187 -3.319748 0.8820801
-9.363144 -3.3364105 0.8987427
-9.420273 -3.4530487 0.91064453
-9.375046 -3.512558 0.7797241
-9.325058 -3.5554047 0.71069336
-9.289352 -3.5363617 0.6321411
-9.129868 -3.5411224 0.6416626
-9.106064 -3.5220795 0.69403076
-9.165573 -3.5625458 0.78686523
-9.222702 -3.595871 0.99871826
-9.325058 -3.4387665 1.1010742
-9.394089 -3.436386 1.0082397
-9.453598 -3.3245087 0.7583008
-9.429794 -3.4197235 0.5750122
-9.446457 -3.5030365 0.5036011
-9.434555 -3.7315521 0.6345215
-9.429794 -3.9338837 0.68927
-9.429794 -4.000534 0.73687744
-9.405991 -3.9267426 0.9296875
-9.33934 -3.864853 1.0463257
-9.360764 -3.7934418 0.95825195
-9.477402 -3.9386444 0.8154297
-9.46788 -4.1076508 0.72735596
-9.360764 -4.371872 0.70355225
-9.196518 -4.507553 0.55596924
-9.2108 -4.571823 0.5036011
-9.3155365 -4.514694 0.46313477
-9.458359 -4.345688 0.40124512
-9.558334 -4.217148 0.44171143
-9.513107 -4.000534 0.46313477
-9.458359 -3.9267426 0.5012207
-9.384567 -3.8029633 0.38934326
-9.4631195 -3.7410736 0.21795654
-9.517868 -3.622055 0.051330566
-9.6297455 -3.6696625 -0.055786133
-9.793991 -3.6696625 -0.043884277
-9.7773285 -3.6625214 0.115600586
-9.7202 -3.6553802 0.20843506
-9.651169 -3.7148895 0.11798096
-9.6107025 -3.7291718 0.020385742
-9.6297455 -3.660141 -0.14147949
-9.624985 -3.5244598 -0.1652832
-9.617844 -3.4530487 -0.2890625
-9.651169 -3.429245 -0.29382324
-9.713058 -3.5077972 -0.30096436
-9.746384 -3.6172943 -0.24621582
-9.708298 -3.6649017 -0.25097656
-9.672592 -3.8029633 -0.2652588
-9.679733 -3.8505707 -0.33666992
-9.682114 -3.7743988 -0.38427734
-9.705917 -3.5292206 -0.45568848
-9.672592 -3.3054657 -0.34143066
-9.677353 -3.243576 -0.15100098
-9.677353 -3.281662 -0.062927246
-9.691635 -3.4839935 -0.09863281
-9.703537 -3.6625214 -0.14624023
-9.751144 -3.7958221 -0.215271
-9.7202 -3.833908 -0.19146729
-9.7202 -3.8386688 -0.103393555
-9.729721 -3.7482147 -0.07720947
-9.72496 -3.660141 0.018005371
-9.734482 -3.7267914 0.0061035156
-9.674973 -3.7958221 0.115600586
-9.605942 -3.7743988 0.2536621
-9.572617 -3.7529755 0.30841064
-9.65593 -3.7315521 0.3131714
-9.741623 -3.826767 0.33221436
-9.927292 -4.03862 0.477417
-10.112961 -4.1838226 0.5250244
-10.379562 -4.398056 0.53930664
-10.600937 -4.9003143 0.772583
-10.855637 -5.669174 1.3795776
-11.203171 -7.1735687 1.6152344
-12.200546 -9.096909 1.4105225
-13.019394 -9.687241 -0.24145508
-12.848007 -9.096909 -1.0484009
-12.388596 -8.40184 0.05609131
-12.410019 -8.444687 1.5152588
-12.198166 -9.013596 3.0291748
-11.898239 -10.39183 3.8337402
-12.500473 -12.234238 2.8482666
-12.947983 -14.064743 2.0913086
-12.795639 -14.976425 1.4700317
-12.962265 -14.935959 1.1558228
-12.940842 -14.381332 1.022522
-13.019394 -13.46965 0.7392578
-13.0360565 -12.681747 0.6392822
-12.950363 -12.043808 0.9439697
-12.640915 -11.403488 1.279602
-12.072006 -10.798874 1.8556519
-11.864914 -10.201401 2.5150146
-11.617355 -9.6610565 2.3150635
-11.312668 -9.3658905 2.593567
-10.896103 -8.9874115 2.5673828
-10.205795 -8.251877 1.9580078
-9.515488 -8.309006 1.9056396
-8.994186 -7.766281 1.5581055
-8.227707 -7.175949 1.9318237
-7.515976 -6.195236 2.1722412
-6.804245 -6.0428925 2.9553833
-6.5781097 -6.4808807 3.152954
-6.599533 -6.721298 3.0625
-6.221054 -6.7117767 3.145813
-5.830673 -6.0381317 3.043457
-5.1522675 -5.1145477 3.2077026
-4.438156 -4.3242645 3.4314575
-3.5359955 -4.512314 4.395508
-3.6907196 -6.135727 4.947754
-4.359604 -6.79747 4.788269
-4.571457 -8.416122 5.2643433
-4.3572235 -7.7948456 4.3359985
-3.6883392 -6.135727 4.4454956
-3.1456146 -4.3361664 4.7787476
-2.750473 -2.9793549 5.2524414
-2.3815155 -2.5104218 5.4119263
-1.8768768 -2.5580292 5.7546997
-1.7483368 -3.6744232 5.9379883
-2.0887299 -4.121933 5.2453003
-2.3029633 -3.8767548 5.031067
-2.391037 -2.9174652 5.3357544
-2.3029633 -1.7129974 5.5285645
-2.1387177 -1.0869598 5.5357056
-1.7935638 -0.825119 5.2667236
-1.5721893 -0.79655457 4.9906006
-1.6412201 -0.41807556 5.0167847
-1.864975 0.3007965 5.1119995
-1.8483124 1.1458282 5.4904785
-1.7959442 2.1051178 5.3690796
-1.9030609 2.600235 5.661865
-1.8959198 2.8287506 6.0855713
-1.7221527 3.1120148 5.9379883
-1.6055145 3.2762604 5.94989
-1.5388641 3.2143707 5.9974976
-1.5388641 3.4119415 5.973694
-1.5602875 3.8094635 5.8570557
-1.6650238 4.2212677 6.0927124
-1.486496 4.818741 6.097473
-1.3865204 4.923477 6.2736206
-1.3627167 4.6568756 6.211731
-1.5174408 4.594986 5.9022827
-1.4460297 4.6687775 5.987976
-1.1556244 4.9568024 6.245056
-0.8485565 5.3376617 6.487854
-0.793808 5.556656 6.873474
-0.96043396 5.889908 6.7425537
-1.0842133 5.340042 6.5759277
-1.5817108 4.2569733 6.5497437
-1.4460297 3.9760895 6.090332
-1.1508636 4.461685 6.0427246
-1.0794525 5.7732697 6.4188232
-1.2889252 6.582596 7.0424805
-1.281784 7.327652 7.263855
-1.3460541 7.8441925 7.116272
-1.4579315 7.591873 7.085327
-1.3079681 7.191971 6.916321
-1.0604095 6.54451 6.583069
-1.108017 5.878006 6.46167
-1.3032074 5.3543243 6.3426514
-1.4365082 5.1876984 6.4140625
-1.2436981 5.347183 6.71875
-0.9651947 5.8351593 6.9067993
-0.858078 6.2160187 7.063904
-0.9342499 6.389786 6.852051
-1.0770721 6.4588165 6.6116333
-1.2294159 6.456436 6.4926147
-1.2698822 6.3945465 6.473572
-1.0723114 6.22554 6.302185
-0.8509369 6.039871 6.2855225
-0.71287537 5.825638 6.2998047
-0.87950134 5.908951 6.6116333
-0.85569763 5.949417 6.704468
-0.78904724 6.0684357 6.892517
-0.6105194 6.0922394 6.8615723
-0.65574646 6.166031 6.9091797
-0.62242126 6.346939 6.809204
-0.6200409 6.565933 6.8829956
-0.8604584 6.711136 6.961548
-1.0532684 6.539749 6.97583
-0.94615173 6.16127 6.963928
-1.0342255 5.7732697 6.7854004
-1.2127533 5.820877 6.828247
-1.2889252 6.146988 7.0401
-1.2389374 6.487381 7.316223
-1.1984711 6.839676 7.509033
-1.1199188 6.794449 7.573303
-0.9842377 6.601639 7.4590454
-1.1318207 6.139847 7.123413
-1.3127289 5.7899323 6.794922
-1.3889008 5.639969 6.6401978
-1.236557 5.801834 6.9210815
-1.2103729 6.218399 7.123413
-1.153244 6.468338 7.328125
-1.0294647 6.6183014 7.3757324
-0.87950134 6.396927 7.2352905
-0.8652191 6.1493683 6.892517
-0.941391 5.9375153 6.744934
-1.1270599 5.844681 6.5878296
-1.300827 5.923233 6.692566
-1.2698822 6.1065216 6.878235
-1.0984955 6.2660065 7.0615234
-1.0175629 6.3517 7.090088
-0.91996765 6.3040924 7.047241
-1.1175385 6.142227 6.813965
-1.236557 6.0041656 6.7473145
-1.2698822 5.908951 6.7425537
-1.2436981 6.077957 6.8877563
-1.2151337 6.199356 7.052002
-1.1032562 6.3112335 7.085327
-1.069931 6.377884 7.1448364
-1.0032806 6.3826447 7.0043945
-1.0627899 6.1184235 6.763977
-1.1556244 5.801834 6.661621
-1.2222748 5.6518707 6.559265
-1.134201 5.7780304 6.711609
-1.1580048 6.0612946 6.9401245
-1.1294403 6.270767 7.1019897
-1.1270599 6.404068 7.123413
-1.1461029 6.4064484 7.1067505
-1.1818085 6.2398224 6.9520264
-1.2556 5.9327545 6.7615967
-1.365097 5.661392 6.7354126
-1.2484589 5.673294 6.749695
-1.1699066 5.8375397 6.9663086
-1.1056366 6.180313 6.968689
-1.1889496 6.3517 7.047241
-1.3317719 6.48024 7.025818
-1.3246307 6.435013 6.968689
-1.1865692 6.2612457 6.7996826
-1.1889496 6.051773 6.7211304
-1.2436981 6.0303497 6.692566
-1.3412933 6.104141 6.809204
-1.3531952 6.2422028 6.9258423
-1.19133 6.294571 7.090088
-1.1294403 6.3755035 7.0686646
-1.0794525 6.3683624 7.059143
-1.0937347 6.2422028 7.025818
-1.19133 6.2350616 6.9782104
-1.2865448 6.1779327 6.982971
-1.274643 6.1446075 7.021057
-1.2127533 6.146988 6.9853516
-1.108017 6.1565094 6.9210815
-1.0913544 6.2279205 6.987732
-1.0746918 6.22316 7.0091553
-1.1841888 6.256485 6.942505
-1.3246307 6.199356 7.0734253
-1.3484344 6.1517487 7.059143
-1.2794037 6.166031 7.078186
-1.1675262 6.173172 7.013916
-1.1103973 6.2541046 7.0353394
-1.1246796 6.270767 6.9520264
-1.2151337 6.4207306 7.0377197
-1.338913 6.4135895 7.0424805
-1.4127045 6.230301 7.078186
-1.31987 6.044632 7.047241
-1.2317963 6.0208282 6.935364
-1.1246796 6.089859 6.935364
-1.0009003 6.1493683 6.937744
-1.0318451 6.146988 6.7996826
-1.2508392 6.146988 6.7425537
-1.3674774 6.1112823 6.706848
-1.2675018 6.082718 6.6949463
-1.0413666 6.070816 6.7544556
-0.9342499 6.011307 6.892517
-1.0461273 5.9779816 6.7973022
-1.2841644 5.9208527 6.666382
-1.4769745 5.9065704 6.6259155
-1.3151093 5.9517975 6.692566
-1.153244 6.1636505 6.7925415
-1.1103973 6.4921417 6.885376
-1.0842133 6.539749 7.0281982
-1.1556244 6.4635773 6.9282227
-1.2103729 6.358841 6.961548
-1.3055878 6.135086 6.9091797
-1.4008026 5.956558 6.897278
-1.3127289 5.8494415 6.9067993
-1.236557 6.051773 6.9782104
-1.1008759 6.1826935 7.0115356
-1.1580048 6.2779083 7.013916
-1.3293915 6.3802643 7.0234375
-1.3365326 6.41597 7.032959
-1.3103485 6.392166 7.128174
-1.3055878 6.173172 6.980591
-1.2675018 6.0351105 6.9091797
-1.2032318 5.973221 6.9710693
-1.19133 6.013687 7.0281982
-1.2651215 6.1755524 6.9472656
-1.4198456 6.244583 7.002014
-1.4246063 6.2660065 7.0353394
-1.3055878 6.22554 7.025818
-1.2936859 6.2469635 7.025818
-1.3174896 6.154129 6.9853516
-1.2317963 6.1779327 6.9591675
-1.2436981 6.051773 6.8710938
-1.3603363 6.0946198 6.9139404
-1.4174652 6.1303253 6.916321
-1.3436737 6.173172 6.9734497
-1.2722626 6.301712 6.9924927
-1.217514 6.335037 7.013916
-1.1413422 6.2207794 6.9901123
-1.0913544 6.037491 6.794922
-1.1770477 5.7518463 6.733032
-1.1270599 5.7280426 6.680664
-1.0556488 5.9589386 6.768738
-1.0199432 6.263626 6.9782104
-1.0913544 6.41835 6.949646
-1.2008514 6.3802643 6.885376
-1.2413177 6.058914 6.7973022
-1.3293915 5.7899323 6.673523
-1.3317719 5.7351837 6.559265
-1.2603607 5.949417 6.635437
-1.2722626 6.204117 6.7592163
-1.3055878 6.3159943 6.706848
-1.2270355 6.204117 6.556885
-1.403183 5.9256134 6.3569336
-1.5388641 5.7470856 6.1522217
-1.4936371 5.6518707 5.9665527
-1.3912811 5.7209015 5.9332275
-1.3674774 5.5923615 5.730896
-1.2698822 5.442398 5.6380615
-1.2151337 5.435257 5.3952637
-1.1841888 5.461441 5.24292
-1.2056122 5.280533 5.0215454
-1.3341522 5.159134 4.8287354
-1.5007782 5.090103 4.6954346
-1.550766 5.0924835 4.723999
-1.3912811 5.0972443 4.8287354
-0.89616394 4.8663483 4.85968
-0.60813904 4.5592804 4.757324
-0.6367035 4.3093414 4.53833
-0.858078 4.04274 4.609741
-1.2127533 3.8737335 4.7073364
-1.7316742 3.7190094 4.8239746
-1.9244843 3.4000397 5.1453247
-1.7864227 3.0334625 5.345276
-1.4579315 2.8335114 5.4404907
-0.72239685 2.5716705 5.4976196
-0.14396667 2.657364 5.6761475
-0.16062927 2.8525543 5.942749
-0.8318939 2.7906647 5.890381
-1.6602631 2.4764557 5.6523438
-2.2458344 1.7242584 5.488098
-2.6005096 0.8768463 5.4833374
-2.5862274 0.003250122 5.88562
-2.3101044 -0.37046814 6.0617676
-2.012558 -0.66563416 6.102234
-1.864975 -1.0702972 5.826111
-1.4983978 -1.9891205 5.0025024
-1.6078949 -3.2721405 3.9456177
-2.531479 -4.6646576 3.2791138
-3.4384003 -5.892929 2.9434814
-3.647873 -6.718918 2.8268433
-3.5145721 -6.899826 3.8670654
-3.4122162 -6.4094696 4.674011
-3.802597 -6.0905 4.9572754
-4.759506 -6.5380096 4.481201
-5.8140106 -8.087631 2.9672852
-6.830429 -9.377792 0.56311035
-7.6992645 -10.160934 -1.3173828
-7.6921234 -10.38945 -1.6387329
-6.9351654 -9.844345 -1.4102173
-6.5709686 -8.706528 -1.0793457
-7.0113373 -7.6924896 -1.1531372
-8.30864 -7.4401703 -1.6911011
-9.877304 -7.6782074 -2.8955688
-11.355515 -7.509201 -4.5737305
-10.891342 -9.1349945 -4.192871
-10.029648 -9.327805 -3.3597412
-9.8415985 -8.627975 -3.0455322
-10.781845 -7.4615936 -3.038391
-12.212448 -6.7236786 -3.03125
-12.962265 -7.1140594 -3.7144165
-13.719223 -8.20665 -4.7022705
-14.545212 -9.473007 -5.449707
-15.016525 -10.7322235 -5.9710083
-15.137924 -11.86528 -6.0805054
-14.783249 -11.936691 -6.116211
-14.588058 -11.320175 -6.297119
-14.528549 -10.791733 -6.4804077
-14.350021 -10.341843 -6.361389
-13.973923 -9.487289 -5.6401367
-13.371689 -8.423264 -4.76178
-12.845627 -7.2878265 -4.197632
-12.571884 -6.199997 -3.5287476
-12.374313 -5.2549896 -2.9765015
-12.236252 -4.7217865 -2.7218018
-12.245773 -4.8003387 -2.2671509
-12.100571 -4.8741302 -2.1505127
-12.167221 -5.2978363 -2.0386353
-12.35527 -5.76915 -1.645874
-12.200546 -5.7048798 -0.4961548
-11.6054535 -4.48851 0.4607544
-11.146042 -2.9198456 0.38458252
-10.986557 -2.017685 0.14654541
-10.9960785 -2.100998 -0.20812988
-10.798508 -2.910324 -0.6937256
-10.74614 -3.7077484 -1.5506592
-10.453354 -4.3504486 -2.1671753
-10.267685 -4.8003387 -2.357605
-9.97966 -5.181198 -2.3885498
-9.820175 -5.3311615 -2.364746
-9.791611 -5.3644867 -2.4266357
-9.667831 -5.3621063 -2.3147583
-9.510727 -5.2359467 -2.402832
-9.310776 -5.1264496 -2.595642
-9.265549 -4.916977 -2.6242065
-9.582138 -4.6837006 -2.6670532
-9.91539 -4.3575897 -2.7908325
-10.181992 -4.171921 -2.5670776
-9.460739 -3.9148407 -2.4909058
-9.929672 -3.6244354 -1.8862915
-9.677353 -3.422104 -1.7696533
-9.574997 -3.2530975 -1.4197388
-9.365524 -2.8793793 -1.7006226
-9.589279 -2.4009247 -1.7767944
-9.66069 -1.9248505 -1.6077881
-9.489304 -1.6439667 -1.2602539
-9.439316 -1.8939056 -0.80322266
-9.391708 -2.377121 -0.56518555
-9.377426 -2.7556 -0.5628052
-9.667831 -2.467575 -0.008178711
-8.982285 -1.8915253 -0.84368896
-9.246506 -1.8820038 -0.7984619
-9.641647 -1.979599 -1.2174072
-10.015366 -2.089096 -1.9338989
-10.260544 -2.1985931 -2.2266846
-10.029648 -2.4842377 -2.1386108
-9.6107025 -2.7556 -1.8386841
-9.198898 -2.8293915 -1.5411377
-9.134628 -2.7651215 -1.4030762
-9.427414 -2.293808 -1.369751
-9.834457 -1.7534637 -1.2888184
-10.141525 -1.2583466 -1.0983887
-10.320053 -0.844162 -0.95080566
-10.403366 -0.5561371 -0.76275635
-10.346237 -0.08720398 -0.7770386
-10.341476 0.13417053 -0.39379883
-10.324814 0.08656311 -0.11529541
-10.260544 0.005630493 -0.13433838
-10.267685 -0.4490204 -0.27001953
-10.339096 -0.8274994 -0.5604248
-10.315292 -1.1131439 -1.0436401
-10.381943 -1.3368988 -1.2412109
-10.317673 -1.4797211 -1.4602051
-10.17247 -1.4773407 -1.479248
-9.946335 -1.6035004 -1.3340454
-9.827316 -1.7272797 -1.2959595
-9.867783 -1.9319916 -1.2554932
-9.877304 -2.1700287 -1.1936035
-9.827316 -2.236679 -1.1483765
-9.617844 -2.1176605 -1.1412354
-9.646408 -2.0605316 -1.1864624
-9.7202 -2.0724335 -1.3388062
-9.810654 -2.043869 -1.3864136
-9.751144 -2.036728 -1.3673706
-9.684494 -2.153366 -1.2531128
-9.696396 -2.217636 -1.3340454
-9.779709 -2.267624 -1.4911499
-9.908249 -2.2438202 -1.61969
-9.7582855 -2.0914764 -1.6744385
-9.634506 -2.024826 -1.3840332
-9.579758 -2.1224213 -1.3602295
-9.667831 -2.255722 -1.1936035
-9.674973 -2.3533173 -1.1793213
-9.503586 -2.312851 -1.388794
-9.72258 -2.331894 -1.2911987
-9.753525 -2.1390839 -1.5506592
-9.846359 -1.934372 -1.5863647
-9.839218 -1.7653656 -1.4887695
-9.710678 -1.7225189 -1.3269043
-9.5464325 -1.8891449 -1.2531128
-9.422653 -2.0010223 -1.1912231
-9.444077 -2.0605316 -1.2531128
-9.482162 -2.0605316 -1.2174072
-9.479782 -1.9867401 -1.286438
-9.517868 -1.9557953 -1.350708
-9.608322 -1.8558197 -1.3816528
-9.736862 -1.9010468 -1.2626343
-9.7773285 -2.0557709 -1.2078857
-9.741623 -2.1819305 -1.2745361
-9.701157 -2.2319183 -1.2174072
-9.65593 -2.1938324 -1.2150269
-9.710678 -2.1676483 -1.3364258
-9.863022 -2.0771942 -1.3911743
-9.927292 -1.9415131 -1.3649902
-9.903488 -1.8558197 -1.3340454
-9.858261 -1.8272552 -1.0722046
-9.755905 -1.7748871 -1.0126953
-9.772568 -1.6939545 -1.0507813
-9.755905 -1.6582489 -0.94366455
-9.78923 -1.6582489 -1.0150757
-9.78923 -1.6439667 -1.1459961
-9.901108 -1.6987152 -1.203125
-9.84874 -1.7963104 -1.2388306
-9.765427 -1.8153534 -1.2840576
-9.767807 -1.8867645 -1.2197876
Time Stop = 4766
