Time Start = 642
-9.52739 -3.0222015 0.7654419
-9.360764 -2.6841888 0.7297363
-9.763046 -1.8986664 0.71069336
-9.058456 -2.6246796 0.20843506
-9.65593 -2.7960663 0.3203125
-9.672592 -2.7127533 0.4845581
-9.748764 -2.6437225 0.6488037
-9.7773285 -2.4532928 0.71307373
-9.755905 -2.365219 0.6987915
-9.813034 -2.2223969 0.7011719
-9.958237 -2.3461761 0.8201904
-9.908249 -2.5413666 0.85113525
-9.8606415 -2.729416 0.89160156
-9.85112 -2.8151093 0.87731934
-9.874924 -2.8151093 0.85113525
-9.8606415 -2.762741 0.72021484
-9.78923 -2.7722626 0.6654663
-9.734482 -2.865097 0.6011963
-9.696396 -2.8627167 0.5654907
-9.701157 -2.717514 0.52264404
-9.639267 -2.5937347 0.5488281
-9.5464325 -2.710373 0.43695068
-9.555954 -2.9388885 0.5155029
-9.548813 -2.967453 0.49884033
-9.679733 -3.01268 0.5083618
-9.686874 -2.812729 0.5988159
-9.701157 -2.7056122 0.65356445
-9.729721 -2.698471 0.7583008
-9.696396 -2.793686 0.7249756
-9.767807 -2.8484344 0.74401855
-9.779709 -2.7794037 0.7749634
-9.779709 -2.7698822 0.7559204
-9.774948 -2.7198944 0.72021484
-9.879684 -2.6556244 0.7463989
-9.843979 -2.7079926 0.7630615
-9.772568 -2.717514 0.75115967
-9.703537 -2.6603851 0.77734375
-9.663071 -2.608017 0.77734375
-9.665451 -2.6484833 0.71069336
-9.663071 -2.7198944 0.6321411
-9.651169 -2.69133 0.50598145
-9.682114 -2.5770721 0.5202637
-9.589279 -2.4437714 0.60595703
-9.579758 -2.5009003 0.7225952
-9.5464325 -2.6389618 0.6821289
-9.674973 -2.62706 0.6226196
-9.653549 -2.62706 0.5988159
-9.639267 -2.6056366 0.53692627
-9.634506 -2.5223236 0.6583252
-9.582138 -2.6222992 0.77734375
-9.65831 -2.762741 0.7654419
-9.696396 -2.8222504 0.7892456
-9.774948 -2.81987 0.77020264
-9.686874 -2.9150848 0.69403076
-9.698776 -3.0007782 0.64642334
-9.641647 -2.8912811 0.8201904
-9.670212 -2.8317719 0.77734375
-9.7582855 -2.9246063 0.67974854
-9.863022 -3.0222015 0.5916748
-9.965378 -3.07695 0.5083618
-9.967758 -2.9555511 0.39648438
-9.934433 -2.7579803 0.37982178
-9.796371 -2.6437225 0.3703003
-9.691635 -2.4961395 0.50598145
-9.65593 -2.3485565 0.56073
-9.689255 -2.203354 0.60595703
-9.770187 -2.146225 0.5440674
-9.672592 -2.2533417 0.5916748
-9.66069 -2.3057098 0.56311035
-9.565475 -2.4390106 0.62023926
-9.601181 -2.4056854 0.60357666
-9.667831 -2.4199677 0.6559448
-9.703537 -2.3890228 0.6392822
-9.679733 -2.505661 0.66070557
-9.734482 -2.5651703 0.7963867
-9.78447 -2.5151825 0.81066895
-9.84874 -2.5723114 0.6821289
-9.839218 -2.6389618 0.6749878
-9.839218 -2.6437225 0.59643555
-9.774948 -2.7889252 0.59643555
-9.741623 -2.8865204 0.5916748
-9.682114 -2.7913055 0.5512085
-9.7582855 -2.69133 0.5821533
-9.803513 -2.7198944 0.5274048
-9.877304 -2.7317963 0.4845581
-9.965378 -2.8817596 0.45837402
-9.815414 -2.9960175 0.6107178
-9.765427 -2.9174652 0.7344971
-9.698776 -2.9507904 0.8154297
-9.641647 -2.8246307 0.82733154
-9.751144 -2.729416 0.6845093
-9.813034 -2.7556 0.6321411
-9.796371 -2.81987 0.5440674
-9.705917 -2.8603363 0.5488281
-9.641647 -2.7698822 0.5845337
-9.667831 -2.7222748 0.5773926
-9.705917 -2.4747162 0.6511841
-9.705917 -2.312851 0.708313
-9.686874 -2.3437958 0.6987915
-9.715439 -2.4128265 0.71069336
-9.7773285 -2.5389862 0.6488037
-9.843979 -2.4723358 0.7392578
-9.813034 -2.3890228 0.7892456
-9.798752 -2.2462006 0.8630371
-9.696396 -2.2128754 0.9130249
-9.708298 -2.2247772 0.9296875
-9.713058 -2.4342499 0.791626
-9.817795 -2.5842133 0.64404297
-10.027267 -2.4961395 0.43695068
-9.97728 -2.3437958 0.5107422
-9.834457 -2.5104218 0.5321655
-9.715439 -2.5723114 0.66070557
-9.601181 -2.403305 0.8320923
-9.508347 -2.3723602 0.9606323
-9.422653 -2.5984955 1.0748901
-9.6107025 -2.812729 0.9273071
-9.8535 -2.9246063 0.94158936
-10.082016 -2.846054 0.7797241
-10.04393 -2.846054 0.855896
-10.04631 -2.781784 1.5176392
-9.955856 -2.596115 1.1296387
-9.889206 -2.9531708 1.1486816
-9.672592 -3.0626678 1.0391846
-9.413132 -3.3554535 1.4866943
-9.241745 -3.474472 1.4438477
-9.434555 -3.531601 1.3938599
-9.78685 -3.436386 1.2653198
-10.112961 -3.3816376 1.3700562
-10.096298 -3.1674042 1.2962646
-9.839218 -3.1769257 1.0748901
-9.763046 -3.576828 0.9701538
-9.8415985 -4.16716 1.1177368
-10.005844 -4.636093 1.132019
-10.262924 -4.6194305 1.0748901
-10.320053 -4.4908905 1.2081909
-10.320053 -4.3623505 1.3962402
-10.274826 -4.3766327 1.6057129
-10.272446 -4.2480927 1.9556274
-10.132004 -4.0219574 1.946106
-9.991562 -4.0481415 1.9651489
-9.829697 -4.0290985 1.7937622
-9.705917 -4.110031 1.5866699
-9.613083 -4.16716 1.3581543
-9.66069 -4.200485 1.1843872
-9.805893 -4.352829 1.086792
-9.943954 -4.4075775 1.1629639
-9.965378 -4.7527313 1.2486572
-9.991562 -5.0955048 1.3700562
-10.04393 -5.2478485 1.5771484
-10.067734 -5.0740814 1.6890259
-9.986801 -4.8003387 1.9318237
-9.967758 -4.578964 1.9770508
-10.024887 -4.5813446 1.8675537
-10.281967 -5.0169525 2.0460815
-10.527145 -5.4930267 2.3579102
-10.560471 -5.802475 2.6744995
-10.36528 -5.995285 3.017273
-10.0724945 -6.0952606 3.0505981
-9.746384 -6.195236 3.2814941
-9.579758 -6.1904755 3.5909424
-9.479782 -6.0952606 3.7432861
-9.444077 -6.000046 3.8789673
-9.570236 -5.9929047 4.1955566
-9.72258 -5.757248 4.5335693
-9.601181 -5.854843 4.973938
-9.515488 -6.0500336 5.223877
-9.484543 -6.245224 5.7927856
-9.441696 -6.238083 5.795166
-9.422653 -6.116684 5.4452515
-9.389328 -6.085739 4.9953613
-9.358383 -6.1071625 4.8239746
-9.234604 -5.9595795 4.962036
-9.027512 -5.6953583 5.2667236
-8.684738 -5.340683 5.8237305
-8.418137 -4.9479218 6.5545044
-8.144394 -4.6384735 7.025818
-8.039658 -4.493271 7.2686157
-7.901596 -4.538498 7.2543335
-7.777817 -4.719406 6.9020386
-7.7064056 -4.776535 6.378357
-7.73497 -4.795578 6.037964
-7.689743 -4.80986 6.07843
-7.4826508 -4.564682 6.4711914
-7.130356 -4.1005096 7.0353394
-6.7828217 -3.6006317 7.6851807
-6.418625 -3.2007294 8.075562
-6.1472626 -2.8912811 8.166016
-5.9592133 -2.8436737 8.016052
-5.930649 -2.876999 7.887512
-5.9425507 -2.9174652 7.6209106
-5.952072 -3.0460052 7.3186035
-6.040146 -3.1935883 7.0567627
-5.87352 -3.1650238 7.090088
-5.42601 -3.01268 7.347168
-4.983261 -2.6056366 7.797058
-4.5952606 -2.024826 8.211243
-4.373886 -1.6439667 8.608765
-4.1834564 -1.267868 8.844421
-4.1144257 -1.1702728 8.903931
-4.0811005 -0.927475 8.415955
-4.0763397 -0.87272644 8.206482
-4.0501556 -0.9441376 8.151733
-3.9263763 -0.9346161 8.020813
-3.56456 -0.87986755 8.06366
-3.1360931 -0.8655853 8.199341
-2.7671356 -0.53471375 8.38501
-2.4957733 -0.1181488 8.70636
-2.4410248 0.21986389 8.830139
-2.3600922 0.29841614 8.827759
-2.3791351 0.27223206 8.573059
-2.3434296 0.48408508 8.161255
-2.1768036 0.7126007 7.887512
-1.9601898 0.88160706 7.949402
-1.5602875 0.90779114 8.018433
-1.2675018 1.0387115 8.296936
-1.1365814 1.3029327 8.554016
-1.1127777 1.6100006 8.670654
-1.1199188 1.7290192 8.682556
-1.1699066 1.952774 8.335022
-1.1222992 2.100357 8.13031
-1.2698822 2.0789337 8.154114
-1.2222748 1.9432526 7.8327637
-1.0342255 1.7980499 7.578064
-0.774765 1.740921 7.559021
-0.5843353 1.6695099 7.8137207
-0.4867401 1.695694 7.839905
-0.50102234 1.7147369 8.230286
-0.5533905 2.0694122 8.32312
-0.6676483 2.4764557 8.182678
-0.6866913 2.7787628 7.994629
-0.4700775 2.8620758 7.87323
-0.38200378 2.857315 7.820862
-0.41770935 2.8858795 7.775635
-0.45103455 2.933487 7.7542114
-0.38438416 2.9382477 7.8494263
-0.3653412 2.9239655 7.9732056
-0.27964783 3.0453644 8.00415
-0.25346375 3.228653 8.106506
-0.16539001 3.1620026 8.149353
-0.15110779 3.3286285 8.046997
-0.2082367 3.652359 7.820862
-0.22966003 3.7237701 7.737549
-0.38676453 3.9308624 7.3876343
-0.4724579 3.9975128 7.270996
-0.47483826 4.0451202 7.3900146
-0.34391785 4.068924 7.5542603
-0.18205261 4.114151 7.8065796
0.027420044 4.268875 7.949402
0.14167786 4.359329 8.0946045
0.046463013 4.356949 8.032715
-0.10588074 4.3617096 7.982727
-0.08207703 4.2831573 7.982727
-0.1749115 4.330765 7.823242
-0.28678894 4.371231 7.609009
-0.24394226 4.311722 7.4542847
-0.18443298 4.254593 7.4661865
-0.09635925 4.2569733 7.597107
-0.034469604 4.3426666 7.975586
0.13691711 4.564041 8.180298
0.14881897 4.6354523 8.213623
0.21308899 4.74971 8.051758
0.15596008 4.6997223 7.868469
0.10121155 4.590225 7.8946533
0.08216858 4.459305 7.868469
0.10597229 4.5330963 7.673279
0.19404602 4.6045074 7.7161255
0.10359192 4.7140045 7.68042
-0.02494812 4.6568756 7.7661133
-0.0677948 4.6306915 8.016052
-0.055892944 4.544998 8.173157
0.029800415 4.5664215 8.239807
0.09169006 4.6187897 8.187439
0.12263489 4.737808 8.170776
0.096450806 4.780655 7.968445
0.072647095 4.856827 7.835144
-0.051132202 4.8020782 7.839905
-0.103500366 4.6830597 7.8184814
-0.15348816 4.583084 7.9470215
-0.06541443 4.568802 8.039856
-0.036849976 4.6878204 8.201721
0.04408264 4.6806793 8.206482
0.13929749 4.6759186 8.280273
0.19404602 4.7021027 8.282654
0.1631012 4.799698 8.13269
0.15834045 4.9306183 8.058899
0.08454895 4.928238 7.9470215
0.075027466 4.8687286 7.9589233
0.0155181885 4.9139557 7.9279785
0.07740784 5.0282135 7.8708496
0.14405823 4.9520416 7.828003
0.17738342 4.859207 7.9208374
0.18928528 4.859207 7.9470215
0.23451233 4.8949127 7.9993896
0.2202301 4.9496613 8.013672
0.13691711 5.00679 8.046997
0.12501526 4.94252 8.104126
0.117874146 4.9449005 8.080322
0.10835266 4.9520416 7.868469
0.09169006 4.794937 7.604248
-0.0011444092 4.6806793 7.4709473
-0.0677948 4.594986 7.55188
-0.015426636 4.625931 7.692322
0.027420044 4.833023 7.9327393
0.1797638 4.9972687 8.116028
0.1631012 4.992508 8.308838
0.072647095 4.935379 8.206482
-0.013046265 4.885391 8.06366
-0.06541443 4.8473053 7.9375
-0.079696655 4.863968 7.8137207
-0.013046265 4.9591827 7.732788
-0.017807007 4.916336 7.585205
-0.051132202 4.8687286 7.737549
-0.11778259 4.8687286 7.8303833
-0.079696655 4.9591827 8.108887
-0.036849976 5.0163116 8.225525
0.08216858 4.968704 8.26123
0.1464386 4.8949127 8.185059
0.06312561 4.8758698 8.061279
0.013137817 4.856827 7.956543
-0.017807007 4.825882 7.9375
-0.036849976 4.792557 7.8898926
-0.07255554 4.8235016 7.9922485
-0.034469604 4.8020782 8.06366
0.032180786 4.8282623 8.051758
0.094070435 4.863968 8.087463
0.07740784 4.890152 8.06604
0.07026672 4.8544464 8.106506
-0.0011444092 4.818741 8.077942
0.005996704 4.8996735 8.0112915
-0.077316284 4.909195 7.9851074
-0.14396667 4.8663483 7.9922485
-0.12968445 4.890152 8.006531
-0.0677948 4.921097 8.049377
-0.0059051514 4.999649 8.163635
-0.022567749 5.0139313 8.182678
0.008377075 5.0615387 8.204102
-0.1415863 5.0401154 8.080322
-0.14872742 5.00679 8.104126
-0.17729187 5.00441 8.099365
-0.15348816 5.0591583 8.0112915
-0.101119995 5.018692 7.9398804
-0.07255554 5.00441 8.00177
-0.12968445 4.980606 8.027954
-0.098739624 4.9258575 8.013672
-0.055892944 4.8996735 8.135071
-0.032089233 4.840164 8.135071
-0.09635925 4.8115997 8.175537
-0.13444519 4.8615875 8.113647
-0.14396667 4.8758698 7.9375
-0.07255554 4.8925323 7.725647
-0.103500366 4.863968 7.7423096
-0.032089233 4.8687286 7.87323
0.03694153 4.8044586 7.970825
0.048843384 4.799698 8.089844
0.034561157 4.799698 8.085083
0.04170227 4.690201 8.092224
0.04408264 4.6830597 8.104126
0.008377075 4.768753 7.9613037
0.003616333 4.7973175 7.9470215
-0.022567749 4.837784 7.9541626
-0.11778259 4.806839 7.9398804
-0.17015076 4.8163605 7.9660645
-0.11778259 4.8235016 8.0112915
-0.06303406 4.761612 8.046997
-0.041610718 4.74971 8.013672
-0.0011444092 4.640213 7.970825
-0.029708862 4.5711823 7.918457
-0.039230347 4.549759 7.880371
-0.027328491 4.5092926 7.7232666
-0.039230347 4.4450226 7.656616
0.05836487 4.4378815 7.5233154
0.06788635 4.49263 7.5352173
0.0393219 4.4116974 7.3328857
0.010757446 4.378372 7.2733765
-0.010665894 4.4140778 7.3876343
0.013137817 4.4116974 7.475708
0.03694153 4.4045563 7.36145
0.05836487 4.359329 7.3757324
0.022659302 4.1546173 7.4590454
-0.08207703 4.126053 7.366211
-0.13682556 3.973709 7.316223
-0.15586853 3.973709 7.161499
-0.1749115 3.8237457 7.218628
-0.2082367 3.709488 7.211487
-0.24156189 3.6285553 7.313843
-0.21537781 3.678543 7.4923706
-0.16062927 3.7071075 7.5804443
-0.11064148 3.5714264 7.6399536
-0.17729187 3.3881378 7.4780884
-0.248703 3.266739 7.2543335
-0.36296082 3.1786652 6.8948975
-0.51530457 2.9691925 6.7806396
-0.7033539 2.581192 6.9401245
-0.91996765 2.0789337 7.4161987
-0.9985199 1.8313751 7.8827515
-0.941391 1.7932892 7.9970093
-0.77238464 1.6885529 8.073181
-0.72953796 1.6623688 8.006531
-0.8080902 1.6052399 7.866089
-0.9485321 1.4719391 7.6470947
-1.1127777 1.4743195 7.2091064
-1.1127777 1.3314972 7.0615234
-1.153244 1.2291412 7.128174
-1.1175385 1.0053864 7.2210083
-1.0770721 0.88160706 7.320984
-1.0151825 1.0196686 7.592346
-1.0961151 1.1648712 7.6780396
-1.1699066 1.2481842 7.5566406
-1.2913055 1.426712 7.2733765
-1.3341522 1.3457794 7.0401
-1.486496 0.8435211 7.147217
-1.910202 0.15559387 7.5114136
-2.364853 -0.25144958 7.732788
-2.557663 -0.5204315 7.8113403
-2.5862274 -0.70610046 8.106506
-2.53862 -0.64897156 8.168396
-2.4600677 -0.5775604 7.8327637
-2.5433807 -0.6513519 7.763733
-2.8218842 -0.7180023 7.739929
-3.2003632 -0.9988861 7.532837
-3.7073822 -1.389267 7.5566406
-4.1953583 -1.9748383 7.775635
-4.635727 -2.56279 8.232666
-4.9523163 -2.9817352 8.45166
-5.0308685 -3.3697357 8.330261
-5.002304 -3.7006073 8.327881
-5.1403656 -3.8196259 8.342163
-5.2665253 -3.9648285 8.358826
-5.342697 -3.981491 8.220764
-5.637863 -3.8957977 7.8898926
-6.1163177 -3.9053192 7.2686157
-6.6399994 -4.1385956 6.9591675
-6.9732513 -4.340927 6.78302
-7.0898895 -4.507553 7.1400757
-7.2303314 -4.557541 7.6518555
-7.2826996 -4.469467 7.8327637
-7.4040985 -4.5361176 7.949402
-7.689743 -4.6646576 7.789917
-8.039658 -4.8170013 7.5161743
-8.37767 -4.9026947 7.213867
-8.63475 -5.0217133 6.9591675
-8.968002 -5.416855 6.8687134
-9.360764 -5.9738617 6.963928
-9.577377 -6.295212 7.059143
-9.560715 -6.5165863 7.2400513
-9.317917 -6.6403656 7.573303
-9.225082 -6.552292 7.8446655
-9.165573 -6.4356537 7.7922974
-9.206039 -6.059555 7.2043457
-9.260788 -5.5358734 5.916565
-10.065353 -5.669174 4.92395
-11.00798 -6.1024017 4.1955566
-11.410263 -6.5998993 3.9622803
-10.955612 -6.9736176 4.1360474
-10.010605 -7.202133 4.3859863
-9.270309 -7.05217 4.295532
-9.044174 -6.5760956 4.1741333
-9.258408 -6.1262054 4.02417
-9.360764 -5.840561 3.9170532
-9.360764 -5.7286835 3.5647583
-9.163193 -5.7048798 3.2148438
-9.0013275 -5.6572723 2.7792358
-8.972763 -5.6572723 2.4745483
-9.01799 -5.533493 2.048462
-9.132248 -5.5120697 1.6818848
-9.229843 -5.647751 1.4890747
-9.220322 -5.70726 1.4676514
-9.177475 -5.7477264 1.5081177
-9.179855 -5.7667694 1.5152588
-9.206039 -5.8238983 1.6271362
-9.329819 -5.7739105 1.5771484
-9.360764 -5.700119 1.4557495
-9.448837 -5.6382294 1.3081665
-9.386948 -5.6001434 1.2700806
-9.256027 -5.609665 1.2105713
-9.1679535 -5.669174 1.2034302
-9.170334 -5.585861 1.3272095
-9.246506 -5.609665 1.5961914
-9.3798065 -5.5572968 1.65094
-9.565475 -5.4477997 1.5271606
-9.698776 -5.397812 1.151062
-9.703537 -5.333542 0.6321411
-9.615463 -5.2597504 0.3274536
-9.577377 -5.2740326 0.30841064
-9.589279 -5.397812 0.5274048
-9.584518 -5.4144745 0.9273071
-9.7582855 -5.4287567 1.3034058
-9.9249115 -5.2978363 1.420044
-10.1558075 -4.995529 1.0153809
-10.003464 -4.462326 0.3536377
-9.703537 -4.007675 -0.13195801
-9.327438 -3.8696136 -0.08911133
-9.258408 -4.0552826 0.16082764
-9.306015 -4.398056 0.49645996
-9.544052 -4.7217865 0.4036255
-9.827316 -4.8884125 0.14892578
-10.067734 -4.80986 -0.3128662
-10.051071 -4.514694 -0.50805664
-9.846359 -4.2409515 -0.53900146
-9.505966 -4.0481415 -0.43188477
Time Stop = 647
