Time Start = 596
-9.59642 -3.9053192 0.6654663
-9.125107 -3.8172455 0.855896
-8.960861 -4.2671356 0.83447266
-9.060837 -4.659897 0.6583252
-9.115585 -4.7741547 0.5488281
-9.172714 -4.9193573 0.6083374
-9.127487 -5.014572 0.68688965
-9.220322 -4.864609 0.8130493
-9.258408 -4.5742035 0.96539307
-9.175095 -4.3504486 1.0915527
-9.060837 -4.288559 1.0558472
-8.968002 -4.333786 1.0986938
-9.027512 -4.3694916 1.0249023
-9.032272 -4.193344 0.92492676
-9.334579 -3.1888275 0.67974854
-8.76091 -3.0198212 0.8987427
-9.496445 -3.7958221 0.47265625
-9.7773285 -4.6456146 0.38934326
-9.636887 -5.0312347 0.50598145
-9.284592 -4.598007 0.53692627
-9.022751 -4.121933 0.5678711
-8.965622 -3.7910614 0.65356445
-9.039413 -3.814865 0.65356445
-9.260788 -4.064804 0.7392578
-9.27507 -4.2671356 0.70355225
-9.27507 -4.3385468 0.68927
-9.14415 -4.2718964 0.7797241
-9.053696 -4.1766815 0.7344971
-8.963242 -4.4266205 0.68927
-8.948959 -4.5694427 0.7463989
-9.106064 -4.595627 0.85827637
-9.346481 -4.1433563 0.87731934
-9.551193 -3.7410736 0.9296875
-9.577377 -3.7291718 0.72735596
-9.415512 -4.052902 0.6083374
-9.227463 -4.4004364 0.45361328
-9.189377 -4.74559 0.45837402
-9.191757 -4.8884125 0.541687
-9.253647 -4.8384247 0.5845337
-9.27507 -4.8312836 0.5178833
-9.213181 -4.8836517 0.47265625
-9.20842 -4.893173 0.48217773
-9.191757 -4.724167 0.4512329
-9.270309 -4.533737 0.40600586
-9.282211 -4.364731 0.25128174
-9.329819 -4.3813934 0.3607788
-9.417892 -4.3742523 0.41314697
-9.494064 -4.2718964 0.44885254
-9.4655 -4.03862 0.4845581
-9.377426 -3.9624481 0.45361328
-9.348862 -4.0362396 0.5512085
-9.284592 -4.136215 0.6678467
-9.260788 -4.3123627 0.7249756
-9.225082 -4.3766327 0.6583252
-9.196518 -4.4908905 0.6749878
-9.184616 -4.74321 0.87493896
-9.125107 -5.0621796 1.0463257
-9.120346 -5.4025726 1.2272339
-9.091782 -5.5572968 1.2438965
-9.160812 -5.559677 1.2677002
-9.346481 -5.564438 1.0534668
-9.444077 -5.416855 0.8225708
-9.663071 -5.328781 0.5036011
-9.622604 -5.0955048 0.30603027
-9.608322 -4.6527557 0.5107422
-9.644028 -4.379013 1.4795532
-9.353622 -4.319504 2.1674805
-9.122726 -5.2859344 2.1531982
-9.346481 -6.6713104 2.4031372
-9.444077 -7.471115 2.010376
-9.613083 -7.425888 2.593567
-9.65593 -7.1783295 1.5961914
-10.062973 -8.07811 2.2841187
-10.022507 -7.937668 1.6914063
-10.186752 -8.109055 2.1722412
-10.129623 -8.239975 2.574524
-10.086777 -8.137619 2.657837
-10.022507 -8.068588 2.7720947
-9.855881 -7.970993 2.7125854
-9.827316 -8.023361 2.9887085
-9.770187 -8.035263 3.0482178
-9.770187 -8.170944 2.8554077
-9.801132 -8.46373 2.8744507
-9.91301 -8.65892 2.8220825
-9.936813 -8.739853 2.9363403
-9.910629 -8.823166 3.0386963
-9.641647 -8.825546 3.25531
-9.432175 -8.804123 3.402893
-9.301254 -8.539902 3.4743042
-9.277451 -8.132858 3.550476
-9.279831 -7.8448334 3.6885376
-9.117966 -7.656784 3.8480225
-8.991806 -7.644882 4.036072
-8.713303 -7.592514 4.1051025
-8.425278 -7.3639984 4.036072
-8.092026 -6.9426727 4.0075073
-7.6921234 -6.378525 4.166992
-7.3398285 -5.6334686 4.274109
-7.049423 -4.8550873 4.526428
-6.778061 -4.1504974 4.685913
-6.4995575 -3.5244598 4.769226
-6.1901093 -3.1507416 5.1429443
-5.9425507 -3.20549 5.378601
-5.6902313 -3.538742 5.319092
-5.656906 -4.0481415 5.3119507
-5.7806854 -4.6837006 5.3286133
-6.0187225 -5.2097626 5.6452026
-6.2424774 -5.5120697 5.9832153
-6.3448334 -5.366867 6.135559
-6.180588 -5.264511 6.673523
-5.8901825 -5.052658 6.91156
-5.6545258 -4.943161 7.2233887
-5.668808 -4.924118 7.661377
-5.764023 -4.667038 7.611389
-5.8068695 -4.5551605 7.775635
-5.6902313 -4.8050995 7.9422607
-5.5450287 -5.116928 8.032715
-5.5117035 -4.9907684 8.275513
-5.4236298 -4.6194305 8.413574
-5.154648 -4.0814667 8.570679
-4.6571503 -3.667282 8.682556
-4.3381805 -3.2411957 8.656372
-4.166794 -3.0555267 8.872986
-4.0311127 -2.974594 8.751587
-3.8430634 -2.800827 8.461182
-3.8454437 -3.0007782 8.423096
-3.8906708 -2.6675262 8.468323
-3.712143 -2.0391083 8.727783
-3.3360443 -1.6249237 8.870605
-2.852829 -1.3535614 9.015808
-2.576706 -1.0060272 8.996765
-2.2863007 -0.48472595 9.194336
-2.1482391 -0.14433289 9.213379
-1.8245087 0.17939758 8.927734
-1.5769501 0.053237915 8.782532
-1.3984222 -0.15385437 8.806335
-1.4555511 -0.11100769 8.599243
-1.5602875 0.25556946 8.518311
-1.6031342 0.605484 8.661133
-1.5364838 0.8435211 8.792053
-1.2651215 1.0291901 8.906311
-1.1651459 1.4481354 8.913452
-1.0270844 1.805191 8.870605
-0.8104706 1.9622955 8.692078
-0.7414398 1.8980255 8.446899
-0.7676239 1.6195221 8.096985
-0.941391 1.3767242 7.923218
-1.0461273 1.362442 7.9803467
-1.0984955 1.5909576 8.249329
-0.9556732 1.7242584 8.418335
-0.858078 1.7147369 8.656372
-0.6795502 1.8575592 8.625427
-0.65574646 2.157486 8.411194
-0.61528015 2.1336823 8.216003
-0.5557709 2.619278 7.720886
-0.5533905 2.7335358 7.675659
-0.46055603 2.9192047 7.816101
-0.4724579 2.8335114 8.049377
-0.54862976 2.8739777 8.032715
-0.543869 2.8715973 8.0946045
-0.37010193 3.1762848 7.956543
-0.1415863 3.357193 7.9279785
-0.077316284 3.5714264 7.756592
-0.058273315 3.8689728 7.6851807
0.11073303 3.9165802 7.963684
0.06074524 3.8927765 7.823242
-0.09397888 3.7380524 7.6399536
-0.11778259 3.6095123 7.444763
-0.15110779 3.678543 7.437622
-0.051132202 3.761856 7.509033
0.115493774 3.9546661 7.589966
0.20594788 3.9903717 7.55188
0.19404602 4.0903473 7.4519043
0.15357971 4.166519 7.29718
0.022659302 4.330765 7.180542
-0.098739624 4.2403107 7.290039
-0.17015076 4.1808014 7.2543335
-0.079696655 4.1760406 7.335266
0.06550598 4.128433 7.3376465
0.14405823 4.1927032 7.354309
0.14881897 4.416458 7.385254
0.12501526 4.499771 7.4352417
0.12263489 4.506912 7.418579
0.029800415 4.506912 7.4733276
0.08692932 4.6806793 7.340027
0.19642639 4.883011 7.3757324
0.18214417 5.1067657 7.218628
0.21784973 5.1234283 7.199585
0.17500305 4.883011 7.4519043
0.12025452 4.6759186 7.509033
0.19404602 4.594986 7.6447144
0.24879456 4.709244 7.7423096
0.3440094 4.780655 7.8375244
0.43684387 4.8235016 7.9422607
0.3368683 4.9496613 7.968445
0.29640198 5.063919 7.911316
0.28450012 5.1424713 7.6137695
0.21308899 5.1043854 7.3876343
0.19642639 5.0615387 7.1853027
0.19404602 5.025833 7.0877075
0.19404602 5.0543976 7.135315
0.23927307 5.1567535 7.5542603
0.24879456 5.230545 7.8946533
0.31782532 5.3947906 8.00177
0.32972717 5.2924347 8.118408
0.23927307 5.0472565 7.918457
0.24879456 4.8734894 7.694702
0.2202301 4.8663483 7.4780884
0.19642639 5.025833 7.5233154
0.19166565 5.0782013 7.5614014
0.13929749 5.087723 7.5614014
0.072647095 4.992508 7.751831
0.07978821 5.0805817 7.956543
0.13691711 5.1757965 8.0946045
0.21546936 5.3543243 8.085083
0.32496643 5.3614655 8.054138
0.34638977 5.3352814 8.0112915
0.3440094 5.2852936 7.7661133
0.34877014 5.2019806 7.6708984
0.4844513 5.19722 7.7732544
0.42018127 5.26149 7.8113403
0.38923645 5.230545 7.8946533
0.2940216 5.2257843 7.778015
0.28211975 5.256729 7.7161255
0.31544495 5.3233795 7.816101
0.3939972 5.3614655 7.74469
0.36543274 5.351944 7.74469
0.35353088 5.385269 7.611389
0.30592346 5.19722 7.6328125
0.27497864 5.1186676 7.6970825
0.27973938 5.109146 7.923218
0.23927307 5.173416 8.00415
0.27259827 5.2733917 7.9589233
0.32972717 5.282913 7.866089
0.42018127 5.2733917 7.7946777
0.42970276 5.32576 7.7232666
0.44636536 5.347183 7.7351685
0.36305237 5.3090973 7.770874
0.26783752 5.166275 7.7042236
0.20832825 5.06868 7.720886
0.21546936 5.1043854 7.7684937
0.26545715 5.230545 7.7994385
0.3939972 5.3043365 7.868469
0.43922424 5.2781525 7.7946777
0.41542053 5.318619 7.7304077
0.39637756 5.2781525 7.642334
0.33210754 5.2400665 7.7304077
0.21784973 5.19722 7.8184814
0.14405823 5.256729 7.7089844
0.15357971 5.382889 7.7684937
0.23451233 5.3733673 7.861328
0.34638977 5.3376617 7.839905
0.31306458 5.2733917 7.7684937
0.32972717 5.3043365 7.725647
0.22975159 5.3281403 7.816101
0.096450806 5.416214 7.8708496
-0.008285522 5.3352814 7.944641
0.005996704 5.4566803 7.756592
0.07026672 5.5161896 7.7113647
0.20832825 5.673294 7.6899414
0.30592346 5.654251 7.7803955
0.42256165 5.64711 7.7661133
0.47254944 5.5042877 7.7423096
0.4011383 5.366226 7.642334
0.3939972 5.2067413 7.635193
0.32972717 5.044876 7.61615
0.24879456 4.9068146 7.5756836
0.17024231 4.7663727 7.6518555
0.129776 4.647354 7.539978
0.09169006 4.640213 7.4995117
0.15834045 4.6187897 7.5114136
0.24403381 4.6640167 7.4519043
0.26783752 4.6164093 7.4661865
0.30116272 4.537857 7.3328857
0.28450012 4.49263 7.2614746
0.27497864 4.442642 7.1210327
0.22499084 4.4759674 7.052002
0.12739563 4.473587 7.002014
0.12263489 4.311722 6.987732
0.06312561 4.3022003 7.044861
0.15834045 4.2831573 7.1186523
0.12263489 4.333145 7.2400513
0.096450806 4.352188 7.2495728
0.029800415 4.359329 7.3828735
0.027420044 4.3878937 7.29718
0.013137817 4.3426666 7.1781616
0.013137817 4.4069366 7.340027
-0.02494812 4.4069366 7.313843
0.0393219 4.3688507 7.2162476
0.0155181885 4.3664703 7.225769
-0.13920593 4.326004 7.16864
-0.21775818 4.3164825 7.0877075
-0.23442078 4.17128 7.044861
-0.17967224 3.9380035 6.963928
-0.16777039 3.7951813 6.7996826
-0.14396667 3.7309113 6.6973267
-0.12730408 3.7642365 6.6259155
-0.16300964 3.7832794 6.7473145
-0.22966003 3.709488 6.794922
-0.24156189 3.4881134 6.6711426
-0.2820282 3.100113 6.8234863
-0.3558197 2.7263947 6.9544067
-0.5272064 2.6097565 6.899658
-0.55101013 2.4669342 7.0401
-0.5367279 2.5193024 7.3376465
-0.6128998 2.6597443 7.6185303
-0.646225 2.4859772 7.739929
-0.7176361 2.112259 7.87323
-0.73905945 1.8908844 7.8375244
-0.7604828 1.8194733 7.8494263
-0.7366791 1.7837677 7.9089355
-0.72953796 1.695694 7.8113403
-1.0913544 1.7052155 7.975586
-1.3603363 1.5433502 8.204102
-1.3984222 1.1553497 8.570679
-1.4246063 0.7625885 8.875366
-1.505539 0.60310364 9.175293
-1.6269379 0.6221466 9.253845
-1.6555023 0.5650177 9.172913
-1.6102753 0.41505432 8.796814
-1.5293427 0.37934875 8.211243
-1.7840424 0.227005 8.056519
-2.160141 -0.06578064 8.173157
-2.4243622 -0.58470154 8.518311
-2.4910126 -1.2631073 8.903931
-2.493393 -1.7129974 9.215759
-2.519577 -1.8105927 9.434753
-2.5909882 -1.7510834 9.130066
-2.5171967 -1.5701752 8.877747
-2.5481415 -1.3297577 8.925354
-2.852829 -1.3392792 8.711121
-3.5859833 -1.9319916 8.720642
-4.39769 -2.7770233 9.189575
-4.7928314 -3.6077728 9.67041
-4.8190155 -4.148117 9.975098
-4.7404633 -4.012436 10.170288
-4.4857635 -3.4697113 10.177429
-4.166794 -3.0650482 10.094116
-4.0358734 -2.8936615 10.029846
-4.264389 -2.762741 9.782288
-4.650009 -2.800827 9.308594
-4.91185 -3.153122 8.9158325
-5.0165863 -3.603012 8.544495
-4.9808807 -3.750595 8.482605
-5.1522675 -3.493515 8.794434
-5.149887 -3.2269135 8.951538
-5.073715 -3.2935638 9.149109
-5.2093964 -3.217392 9.320496
-5.342697 -3.160263 8.903931
-5.5950165 -3.0341034 8.146973
-6.097275 -3.4411469 7.547119
-6.6519012 -4.1814423 6.9210815
-6.9613495 -4.814621 6.5997314
-7.1351166 -5.1145477 6.7282715
-7.113693 -5.0098114 7.066284
-6.920883 -4.783676 7.42334
-6.759018 -4.6432343 7.4804688
-6.8661346 -4.595627 7.609009
-7.008957 -4.7741547 7.1638794
-7.235092 -5.116928 6.621155
-7.651657 -5.078842 5.9855957
-8.218185 -5.0217133 5.7332764
-8.463364 -5.0883636 5.352417
-8.496689 -5.359726 5.0667725
-8.525253 -5.666794 4.9501343
-8.589523 -5.7881927 4.878723
-8.63237 -5.8238983 5.0358276
-8.637131 -5.7548676 5.1500854
-8.675217 -5.752487 5.223877
-8.69902 -5.6406097 5.11438
-8.796616 -5.4930267 4.709717
-8.882309 -5.121689 4.1384277
-9.063217 -5.6001434 3.7218628
-9.496445 -5.328781 3.107727
-9.958237 -5.2549896 3.0791626
-10.010605 -5.435898 3.043457
-9.796371 -5.988144 3.1315308
-9.641647 -6.407089 3.171997
-9.641647 -6.4094696 2.9768066
-9.677353 -6.214279 2.8268433
-9.824936 -5.919113 2.7340088
-9.8606415 -5.70726 2.5983276
-9.846359 -5.609665 2.6364136
-9.713058 -5.4835052 2.5697632
-9.641647 -5.3383026 2.4388428
-9.677353 -5.2526093 2.4031372
-9.820175 -5.159775 2.2650757
-9.927292 -5.2811737 2.196045
-9.943954 -5.6001434 2.3007813
-9.822556 -5.6406097 2.222229
-9.6107025 -5.604904 2.196045
-9.446457 -5.5287323 1.9627686
-9.317917 -5.5477753 1.7080688
-9.265549 -5.628708 1.4557495
-9.253647 -5.6596527 1.2938843
-9.310776 -5.5501556 1.086792
-9.408371 -5.45018 1.0153809
-9.453598 -5.2526093 0.9534912
-9.408371 -5.1002655 0.9534912
-9.351242 -4.905075 1.067749
-9.27269 -4.6694183 0.8154297
-9.182236 -4.500412 0.41314697
-9.091782 -4.6384735 0.11798096
-9.096542 -4.7789154 -0.22003174
-9.044174 -5.0288544 -0.32000732
-9.039413 -5.2097626 -0.3295288
-9.070358 -5.3049774 -0.33190918
-9.122726 -5.2597504 -0.22479248
-9.2322235 -5.007431 -0.36761475
-9.244125 -4.912216 -0.5961304
-9.260788 -4.924118 -0.8389282
-9.20842 -5.00029 -0.9246216
-9.186996 -5.0740814 -0.7651367
-9.317917 -5.2026215 -0.60565186
-9.370285 -5.2407074 -0.3961792
-9.475021 -5.2216644 -0.20574951
-9.615463 -4.943161 -0.0034179688
-9.727341 -4.647995 -0.11291504
-9.684494 -4.2861786 -0.27001953
-9.679733 -4.076706 -0.46520996
-9.548813 -3.9910126 -0.677063
-9.460739 -4.129074 -0.77227783
-9.248886 -4.314743 -0.7175293
-9.286972 -4.5099335 -0.62231445
-9.375046 -4.67894 -0.6937256
-9.472641 -4.6503754 -0.77941895
-9.567856 -4.48851 -0.8555908
-9.413132 -4.3385468 -0.76989746
-9.267929 -4.219528 -0.888916
-9.065598 -4.340927 -0.907959
-8.872787 -4.4980316 -0.94366455
-8.806137 -4.61467 -0.82940674
-8.856125 -4.674179 -0.9246216
-8.939438 -4.6908417 -0.94366455
-8.994186 -4.697983 -0.8651123
-9.0203705 -4.647995 -0.760376
-9.067978 -4.507553 -0.66278076
-9.089401 -4.3433075 -0.54852295
-9.141769 -4.2480927 -0.6104126
-9.284592 -4.1243134 -0.6365967
-9.356003 -4.1243134 -0.62945557
-9.417892 -4.2219086 -0.7318115
-9.417892 -4.3099823 -0.8960571
-9.439316 -4.5694427 -1.0674438
-9.389328 -4.719406 -1.0198364
-9.425034 -4.833664 -1.0055542
-9.477402 -4.833664 -0.93414307
-9.508347 -4.6884613 -0.81036377
-9.539291 -4.590866 -0.82702637
-9.482162 -4.48851 -0.87939453
-9.4655 -4.462326 -0.8746338
-9.425034 -4.3623505 -0.972229
-9.27269 -4.276657 -0.9555664
-9.296494 -4.3552094 -0.75323486
-9.327438 -4.3052216 -0.59851074
-9.415512 -4.281418 -0.5366211
-9.475021 -4.148117 -0.6746826
-9.482162 -4.012436 -0.81274414
-9.40361 -3.8791351 -0.907959
-9.3155365 -3.7982025 -0.9960327
-9.248886 -3.807724 -1.0007935
-9.253647 -3.9053192 -0.8151245
-9.375046 -3.9053192 -0.7103882
-9.470261 -3.917221 -0.6532593
-9.548813 -3.8172455 -0.72229004
-9.555954 -3.7672577 -0.86987305
-9.455978 -3.6768036 -0.9579468
-9.308395 -3.6553802 -0.99365234
-9.298874 -3.6291962 -0.96032715
-9.310776 -3.6744232 -0.8984375
-9.460739 -3.7577362 -0.84606934
-9.627365 -3.762497 -0.71276855
-9.744003 -3.7077484 -0.77941895
-9.765427 -3.6458588 -0.85321045
-9.644028 -3.6006317 -0.9793701
-9.551193 -3.4839935 -0.91033936
-9.477402 -3.391159 -0.805603
-9.382187 -3.3816376 -0.75323486
-9.386948 -3.4197235 -0.7008667
-9.505966 -3.595871 -0.7032471
-9.598801 -3.6196747 -0.7913208
-9.651169 -3.6268158 -0.75323486
-9.620224 -3.5982513 -0.77941895
-9.541672 -3.550644 -0.760376
-9.4655 -3.5720673 -0.7746582
-9.451218 -3.686325 -0.7746582
-9.505966 -3.7482147 -0.8317871
-9.632126 -3.7077484 -0.7841797
-9.6940155 -3.6553802 -0.6604004
-9.755905 -3.5982513 -0.52233887
-9.872543 -3.6244354 -0.40570068
-9.879684 -3.7101288 -0.48425293
-9.839218 -3.7648773 -0.48901367
-9.696396 -3.8553314 -0.4794922
-9.574997 -3.8101044 -0.49139404
-9.344101 -3.705368 -0.49139404
-9.317917 -3.5982513 -0.40808105
-9.322678 -3.486374 -0.43902588
-9.382187 -3.4839935 -0.42712402
-9.470261 -3.448288 -0.57470703
Time Stop = 601
