Time Start = 1457244991
0.5511017 -7.1783295 7.2686157
0.44874573 -7.05217 7.259094
0.23213196 -6.9807587 7.2948
0.19642639 -6.9855194 7.380493
0.25593567 -7.0069427 7.4328613
0.33448792 -6.9141083 7.4090576
0.38209534 -6.9474335 7.3947754
0.38209534 -6.9974213 7.3495483
0.32972717 -7.0450287 7.449524
0.34638977 -6.9879 7.4542847
0.40827942 -6.956955 7.449524
0.4511261 -6.904587 7.4209595
0.4677887 -6.971237 7.385254
0.443985 -7.033127 7.397156
0.34877014 -7.0188446 7.411438
0.31544495 -7.016464 7.4161987
0.3511505 -7.092636 7.340027
0.38209534 -7.123581 7.342407
0.36543274 -7.0878754 7.3186035
0.39875793 -7.11644 7.380493
0.39875793 -7.0688324 7.4400024
0.4011383 -7.0616913 7.3709717
0.39161682 -7.11644 7.4066772
0.37257385 -7.1450043 7.42334
0.33924866 -7.0497894 7.468567
0.28926086 -7.05217 7.4352417
0.24403381 -7.0497894 7.5042725
0.28450012 -7.0236053 7.4590454
0.22737122 -6.9236298 7.5233154
0.22499084 -6.9283905 7.5185547
0.2202301 -6.8974457 7.5875854
0.1631012 -6.86174 7.578064
0.15596008 -6.8307953 7.604248
0.16548157 -6.7927094 7.5304565
0.17024231 -6.7998505 7.604248
0.22737122 -6.7332 7.7232666
0.2368927 -6.680832 7.899414
0.19404602 -6.5380096 8.077942
0.20594788 -6.399948 8.311218
0.19404602 -6.340439 8.287415
0.21546936 -6.2238007 8.413574
0.25831604 -6.5618134 8.013672
0.508255 -6.9617157 8.292175
0.5106354 -7.002182 8.139832
0.4915924 -6.3904266 8.173157
0.3511505 -6.169052 8.399292
0.6058502 -6.7308197 8.415955
0.7082062 -7.82341 8.499268
0.7629547 -9.020737 8.056519
0.5106354 -10.222824 6.733032
-0.23442078 -11.1297455 6.1379395
0.07740784 -11.467758 6.1712646
1.0319366 -11.251144 6.71875
1.6841583 -10.622726 7.5233154
2.0745392 -9.963364 8.292175
2.2744904 -9.765793 9.208618
2.048355 -8.927902 8.865845
2.3578033 -10.496567 10.279785
1.24617 -8.163803 10.446411
1.0081329 -7.2568817 11.103394
1.0200348 -6.840317 11.955566
0.90815735 -6.7617645 11.622314
0.970047 -7.3568573 11.117676
1.2794952 -8.299484 10.401184
1.367569 -9.246872 9.703735
1.4104156 -10.063339 9.28241
1.4246979 -10.406113 9.0896
1.3366241 -10.220444 9.034851
1.367569 -9.772934 9.134827
1.3009186 -9.10405 9.103882
1.2604523 -8.425644 9.246704
1.2747345 -7.6591644 9.2229
1.2366486 -6.707016 9.275269
1.2318878 -5.8072357 9.472839
1.2080841 -5.007431 8.970581
1.0676422 -4.3623505 9.037231
1.0390778 -3.7006073 9.134827
1.1390533 -3.3483124 8.958679
1.1414337 -3.1697845 8.351685
1.0366974 -3.2602386 8.182678
1.1223907 -3.07695 7.8970337
1.3770905 -2.5937347 7.673279
1.3152008 -1.8010712 7.418579
1.3342438 -0.7203827 7.5304565
1.1247711 0.17939758 7.770874
1.034317 0.8220978 7.4971313
0.99861145 1.195816 7.385254
0.9533844 1.195816 7.0162964
0.82484436 1.1767731 7.032959
0.9771881 1.3695831 6.4711914
0.95814514 1.9741974 6.095093
0.97480774 2.8549347 5.795166
0.89149475 3.8070831 5.9403687
0.71058655 4.6806793 6.033203
0.67726135 5.173416 5.8356323
0.61299133 5.3352814 5.678528
0.59394836 5.2400665 5.4904785
0.6653595 4.8044586 5.171509
0.7819977 4.435501 4.9525146
0.80104065 4.3997955 4.9382324
0.85102844 4.518814 4.904907
0.76771545 4.852066 4.9310913
0.7629547 5.2472076 5.007263
0.69392395 5.737564 4.9834595
0.77485657 6.0422516 4.92157
0.8319855 6.3159943 4.7858887
0.81056213 6.5492706 4.769226
0.81770325 6.5873566 4.5930786
0.75819397 6.4707184 4.4883423
0.83436584 6.430252 4.4764404
0.85102844 6.4207306 4.5026245
0.82722473 6.5754547 4.6049805
0.83436584 6.7397003 4.7144775
0.7558136 7.0039215 4.840637
0.73677063 7.327652 4.9834595
0.6463165 7.629959 5.11438
0.527298 7.660904 5.121521
0.52967834 7.756119 5.1453247
0.5177765 7.5823517 5.204834
0.45350647 7.31575 5.045349
0.3844757 6.982498 4.876343
0.42018127 6.756363 4.8287354
0.42970276 6.915848 4.8501587
0.39161682 7.0943756 5.1000977
0.37495422 7.308609 5.276245
0.39875793 7.3871613 5.288147
0.4844513 7.327652 5.4976196
0.52015686 7.051529 5.4595337
0.46064758 7.0182037 5.37146
0.5439606 7.0681915 5.314331
0.56062317 7.2871857 5.3762207
0.5106354 7.4538116 5.3881226
0.5249176 7.5371246 5.390503
0.6153717 7.301468 5.2786255
0.65345764 7.070572 5.2524414
0.6915436 6.942032 5.1810303
0.68440247 7.0301056 5.231018
0.68440247 7.206253 5.326233
0.6891632 7.3443146 5.3809814
0.6629791 7.463333 5.488098
0.65345764 7.5371246 5.507141
0.67726135 7.4585724 5.4452515
0.67012024 7.3300323 5.3809814
0.66059875 7.211014 5.3428955
0.69392395 7.1015167 5.4404907
0.7320099 7.12294 5.430969
0.7082062 7.2229156 5.488098
0.674881 7.3443146 5.6261597
0.674881 7.525223 5.699951
0.7486725 7.6013947 5.7856445
0.7867584 7.5037994 5.814209
0.76057434 7.4276276 5.802307
0.7700958 7.38002 5.7904053
0.7796173 7.282425 5.8094482
0.7796173 7.0729523 5.697571
0.9033966 7.032486 5.7475586
0.81770325 6.9967804 5.768982
0.886734 7.0872345 5.8380127
0.7986603 7.127701 5.864197
0.7700958 7.18721 5.8832397
0.79151917 7.168167 5.88562
0.79389954 7.077713 5.8760986
0.7486725 7.0824738 5.9213257
0.6986847 7.1634064 5.82135
0.67012024 7.3324127 5.82135
0.6510773 7.4133453 5.916565
0.57728577 7.3514557 5.828491
0.65345764 7.263382 5.82135
0.69392395 7.0753326 5.7713623
0.75819397 7.0229645 5.685669
0.78437805 7.05867 5.716614
0.75819397 7.1586456 5.680908
0.7867584 7.2229156 5.7475586
0.7534332 7.289566 5.6951904
0.72010803 7.2014923 5.7666016
0.77723694 7.103897 5.6380615
0.76771545 7.089615 5.533325
0.82722473 7.103897 5.5547485
0.76771545 7.2038727 5.4595337
0.7296295 7.3633575 5.549988
0.70106506 7.3871613 5.633301
0.72724915 7.3871613 5.6499634
0.68440247 7.230057 5.595215
0.73439026 7.172928 5.590454
0.76771545 7.168167 5.530945
0.7629547 7.1372223 5.557129
0.71772766 7.2205353 5.5856934
0.7891388 7.334793 5.666626
0.7296295 7.4657135 5.742798
0.71058655 7.4847565 5.8165894
0.6510773 7.3562164 5.7023315
0.6891632 7.237198 5.7332764
0.7224884 7.2490997 5.6761475
0.7700958 7.308609 5.678528
0.75105286 7.353836 5.716614
0.75105286 7.4276276 5.802307
0.7296295 7.456192 5.8094482
0.68678284 7.391922 5.680908
0.69392395 7.25148 5.635681
0.70344543 7.006302 5.621399
0.7534332 6.903946 5.514282
0.77723694 6.892044 5.571411
0.739151 7.0491486 5.569031
0.75819397 7.230057 5.5095215
0.7224884 7.339554 5.614258
0.7296295 7.372879 5.514282
0.6986847 7.4276276 5.4952393
0.7558136 7.4776154 5.321472
0.7486725 7.5418854 5.345276
0.7891388 7.591873 5.397644
0.82722473 7.558548 5.4404907
0.7320099 7.108658 5.4976196
0.6986847 6.468338 5.071533
0.6963043 6.0089264 4.7454224
0.655838 5.5804596 4.5407104
0.5511017 5.4447784 4.4312134
0.5891876 5.64711 4.5478516
0.5820465 5.8303986 4.754944
0.6153717 5.870865 4.966797
0.63679504 5.756607 5.1048584
0.8391266 5.4400177 5.0596313
0.9129181 5.0282135 4.940613
1.0485992 4.5283356 4.9525146
1.11763 4.0070343 5.121521
1.1699982 3.6618805 5.231018
1.1866608 3.3452911 5.2738647
1.1533356 2.9882355 5.666626
1.0009918 1.8932648 6.442627
0.9033966 1.2029572 6.3426514
0.970047 0.43647766 6.4402466
1.1604767 -0.35142517 6.6378174
1.2485504 -0.80607605 6.673523
1.3651886 -1.0441132 6.7734985
1.2580719 -1.3011932 6.8496704
1.1890411 -1.7606049 7.0496216
1.2057037 -2.1319427 7.3447876
1.2866364 -2.5175629 7.6851807
1.1533356 -3.1626434 7.687561
1.0033722 -3.807724 7.720886
0.9557648 -4.4194794 7.770874
0.9200592 -4.9788666 7.5375977
1.0176544 -5.802475 7.373352
1.2057037 -6.526108 7.251953
1.3889923 -7.3449554 7.149597
1.4104156 -8.073349 7.128174
1.534195 -8.547043 7.244812
1.6198883 -8.9231415 7.3519287
1.7055817 -9.130234 7.475708
1.791275 -9.213547 7.718506
1.8388824 -9.04216 7.9613037
1.7531891 -8.85173 8.168396
1.7555695 -8.744614 8.19696
1.8150787 -8.799362 8.139832
1.855545 -9.080246 7.968445
1.912674 -9.525375 7.7851563
1.8960114 -9.93718 7.6899414
1.9007721 -10.0585785 7.861328
1.8174591 -9.768173 8.06842
1.6960602 -9.389694 7.987488
1.5865631 -9.137375 7.9970093
1.4651642 -9.204025 7.820862
1.4580231 -9.508713 7.7018433
1.4984894 -9.970505 7.4519043
1.6151276 -10.394211 7.270996
1.6151276 -10.634628 6.963928
1.6389313 -10.739365 6.706848
1.4556427 -10.627487 6.4521484
1.2818756 -10.229965 6.154602
1.136673 -9.74675 6.0213013
1.034317 -9.161179 5.909424
1.0247955 -8.585129 5.8094482
1.0271759 -8.20903 5.75708
0.89149475 -9.0516815 6.878235
1.2223663 -9.23735 7.609009
1.2556915 -9.2825775 8.396912
1.1200104 -9.313522 8.392151
0.8795929 -9.599167 7.9660645
0.886734 -9.87529 7.194824
1.1509552 -10.203781 6.20697
1.3104401 -10.496567 5.621399
1.3532867 -10.170456 4.9263306
1.2723541 -9.434921 4.3479004
1.1200104 -9.208786 3.9718018
1.0747833 -9.254013 3.7837524
1.1104889 -9.639633 3.800415
1.1652374 -9.987167 3.845642
1.2961578 -10.037155 3.928955
1.3770905 -9.787216 4.0336914
1.3271027 -9.465866 4.2265015
1.3175812 -9.035019 4.228882
1.2295074 -8.72319 4.3026733
1.2414093 -8.59227 4.3812256
1.2961578 -8.837448 4.1550903
1.2366486 -9.137375 4.0551147
1.1390533 -9.475388 3.9599
1.0366974 -9.87529 3.9813232
0.93434143 -10.339462 4.0075073
0.82484436 -10.587021 3.9837036
0.7320099 -10.64653 4.1765137
0.73439026 -10.494186 4.0717773
0.7248688 -10.239487 3.9837036
0.8129425 -9.9109955 4.0217896
0.89149475 -9.55632 4.1884155
1.0438385 -9.475388 4.0479736
1.1485748 -9.463486 3.8051758
1.2414093 -9.406357 3.8099365
1.3699493 -9.611069 3.550476
1.4413605 -9.791977 3.550476
1.3056793 -10.229965 3.864685
1.2271271 -10.251389 4.2145996
0.9272003 -10.253769 4.4883423
0.60346985 -10.118088 4.864441
0.37257385 -9.944321 4.9334717
0.2035675 -9.463486 5.3309937
0.055984497 -9.130234 5.2000732
0.01789856 -8.854111 5.019165
0.01789856 -8.618454 4.9572754
0.029800415 -8.549423 4.7216187
0.115493774 -8.65654 4.5668945
0.17500305 -9.013596 4.5097656
0.17500305 -9.189743 4.3479004
0.16072083 -9.401596 4.3026733
0.1464386 -9.580124 4.4121704
0.12025452 -9.518234 4.4312134
0.15834045 -9.501572 4.4312134
0.19642639 -9.465866 4.3359985
0.22737122 -9.36351 4.2598267
0.3511505 -9.325424 4.2788696
0.42018127 -9.304001 4.2074585
0.40351868 -9.318283 4.28125
0.43208313 -9.408737 4.3098145
0.31306458 -9.473007 4.3240967
0.3368683 -9.630112 4.3931274
0.33210754 -9.687241 4.293152
0.3106842 -9.627731 4.288391
0.3368683 -9.565842 4.159851
0.3035431 -9.544418 4.1741333
0.30592346 -9.542038 4.166992
0.27259827 -9.444443 4.083679
0.25831604 -9.475388 4.1170044
0.21308899 -9.575363 4.083679
0.21070862 -9.570602 4.083679
0.20118713 -9.482529 4.08844
0.1464386 -9.575363 4.147949
0.15834045 -9.613449 4.0860596
0.10121155 -9.725327 4.0075073
0.07978821 -9.737228 3.9527588
0.051223755 -9.737228 3.909912
0.094070435 -9.651535 4.012268
0.08692932 -9.639633 3.9837036
0.05836487 -9.651535 3.947998
0.08454895 -9.599167 3.8980103
0.096450806 -9.611069 3.9051514
0.12739563 -9.68248 3.8908691
0.13453674 -9.599167 3.8623047
0.12501526 -9.627731 3.8861084
0.16786194 -9.6800995 3.864685
0.15834045 -9.651535 3.8527832
0.13929749 -9.653915 3.8694458
0.15357971 -9.651535 3.864685
0.1631012 -9.61821 3.928955
0.1131134 -9.646774 3.857544
0.129776 -9.637253 3.9813232
0.10359192 -9.62059 3.909912
0.10359192 -9.663437 3.9075317
0.10835266 -9.675339 3.9194336
0.12739563 -9.62059 3.7504272
0.16786194 -9.677719 3.8099365
0.17500305 -9.622971 4.0336914
0.10597229 -9.511093 3.9313354
0.16072083 -9.506332 3.8337402
0.19404602 -9.644394 3.7956543
0.17024231 -9.715805 3.7147217
0.15596008 -9.782455 3.7242432
0.1464386 -9.799118 3.7147217
0.17024231 -9.756271 3.664734
0.2035675 -9.794357 3.6361694
0.25831604 -9.787216 3.6361694
0.2702179 -9.718185 3.679016
0.23451233 -9.730087 3.7385254
0.2202301 -9.727707 3.717102
0.21308899 -9.765793 3.7266235
0.16548157 -9.732468 3.7908936
0.19880676 -9.706284 3.7885132
0.13691711 -9.658676 3.7242432
0.14405823 -9.651535 3.7385254
0.1131134 -9.611069 3.7456665
0.117874146 -9.634872 3.6218872
0.08692932 -9.630112 3.7409058
0.06550598 -9.646774 3.7028198
0.12739563 -9.696762 3.6552124
0.12263489 -9.737228 3.793274
0.13929749 -9.711044 3.7789917
0.15834045 -9.701523 3.736145
0.12025452 -9.715805 3.7861328
0.17024231 -9.675339 3.6671143
0.2035675 -9.651535 3.698059
0.18214417 -9.68248 3.698059
0.20118713 -9.694382 3.6813965
0.20118713 -9.74675 3.679016
0.18214417 -9.765793 3.7409058
0.18214417 -9.74913 3.664734
0.22975159 -9.699142 3.5718994
0.1797638 -9.692001 3.7575684
0.1131134 -9.630112 3.883728
0.115493774 -9.520615 3.6599731
0.17738342 -9.653915 3.645691
0.20594788 -9.715805 3.6195068
0.23213196 -9.789597 3.4957275
0.18928528 -9.830063 3.5742798
0.23451233 -9.8276825 3.6361694
0.24403381 -9.763412 3.729004
0.21546936 -9.787216 3.709961
0.18928528 -9.787216 3.7052002
0.20832825 -9.782455 3.6813965
0.19404602 -9.74675 3.6599731
0.2035675 -9.706284 3.7052002
0.19642639 -9.651535 3.6813965
0.23927307 -9.725327 3.7004395
0.17262268 -9.689621 3.6433105
0.1797638 -9.734848 3.6861572
0.20594788 -9.694382 3.6694946
0.12501526 -9.727707 3.6290283
0.18452454 -9.737228 3.6671143
0.1631012 -9.751511 3.6552124
0.10835266 -9.711044 3.6099854
0.115493774 -9.701523 3.6837769
0.14405823 -9.68486 3.5718994
0.1631012 -9.713425 3.581421
0.15119934 -9.74675 3.5957031
0.12025452 -9.74675 3.607605
0.14167786 -9.765793 3.562378
0.15596008 -9.775314 3.5576172
0.26545715 -9.715805 3.550476
0.23213196 -9.777695 3.543335
0.19404602 -9.772934 3.5552368
0.19642639 -9.772934 3.5123901
0.20594788 -9.825302 3.524292
0.20594788 -9.765793 3.6314087
0.23451233 -9.756271 3.562378
0.20832825 -9.753891 3.6575928
0.20594788 -9.7443695 3.5647583
0.24403381 -9.675339 3.645691
0.22975159 -9.737228 3.6290283
0.27259827 -9.801498 3.5933228
0.26545715 -9.734848 3.607605
0.24403381 -9.777695 3.5290527
0.22737122 -9.756271 3.5838013
0.24165344 -9.768173 3.6052246
0.21308899 -9.784836 3.5718994
0.19166565 -9.753891 3.5576172
0.17738342 -9.770554 3.607605
0.15596008 -9.758652 3.5909424
0.19642639 -9.7443695 3.531433
0.19404602 -9.734848 3.6385498
0.22499084 -9.730087 3.550476
0.20832825 -9.718185 3.6480713
0.1797638 -9.737228 3.581421
0.1797638 -9.74913 3.4933472
0.25117493 -9.734848 3.498108
0.24879456 -9.772934 3.562378
0.22975159 -9.722946 3.505249
0.21070862 -9.794357 3.581421
0.2535553 -9.765793 3.505249
0.24879456 -9.768173 3.5076294
0.21784973 -9.841965 3.588562
0.2202301 -9.820541 3.5742798
0.2202301 -9.839584 3.5933228
0.1869049 -9.820541 3.5576172
0.17500305 -9.801498 3.5861816
0.17738342 -9.772934 3.543335
0.16548157 -9.734848 3.5123901
0.19642639 -9.706284 3.498108
0.22261047 -9.74675 3.505249
0.2535553 -9.692001 3.5004883
0.20594788 -9.737228 3.5576172
0.24879456 -9.777695 3.5171509
0.2535553 -9.780075 3.5742798
0.27497864 -9.770554 3.6195068
0.2702179 -9.706284 3.6004639
0.22499084 -9.701523 3.5647583
0.26307678 -9.722946 3.5195313
0.29164124 -9.777695 3.5290527
0.26783752 -9.830063 3.5123901
0.27259827 -9.80864 3.460022
0.29164124 -9.791977 3.4719238
0.24879456 -9.87529 3.5290527
0.26545715 -9.801498 3.4576416
0.27497864 -9.868149 3.4624023
0.25593567 -9.765793 3.5028687
0.3035431 -9.741989 3.5552368
0.26307678 -9.6610565 3.5004883
0.2368927 -9.753891 3.550476
0.24403381 -9.730087 3.4957275
0.21546936 -9.737228 3.5980835
0.25593567 -9.780075 3.569519
0.2035675 -9.741989 3.5528564
0.24879456 -9.801498 3.5742798
0.21546936 -9.770554 3.5385742
0.23213196 -9.787216 3.5195313
Time Stop = 1457244996
