Time Start = 4705
-9.389328 -3.6577606 2.241272
-9.394089 -3.6053925 2.157959
-9.184616 -3.5173187 2.0913086
-9.058456 -3.4173431 2.305542
-9.013229 -3.4340057 2.3031616
-9.034653 -3.486374 2.2388916
-9.129868 -3.6244354 2.1865234
-9.1489105 -3.7125092 2.0246582
-9.189377 -3.7267914 1.8794556
-9.14653 -3.7125092 1.84375
-9.096542 -3.698227 1.8794556
-9.117966 -3.6744232 1.9032593
-9.137009 -3.5863495 1.90802
-9.177475 -3.538742 1.9389648
-9.258408 -3.486374 2.0008545
-9.220322 -3.3411713 1.9841919
-9.213181 -3.2459564 2.0341797
-9.244125 -3.262619 1.9984741
-9.279831 -3.262619 1.9841919
-9.382187 -3.2983246 1.8699341
-9.551193 -3.4006805 1.8580322
-9.691635 -3.326889 1.741394
-9.65593 -3.1626434 1.612854
-9.358383 -3.1031342 1.7199707
-9.07988 -3.1674042 2.0008545
-8.908493 -3.364975 2.1674805
-8.9561 -3.6625214 2.1698608
-9.027512 -3.8743744 2.0341797
-8.984665 -4.0671844 1.9246826
-8.82756 -4.243332 1.9675293
-8.860886 -4.3385468 1.8366089
-8.88707 -4.3361664 1.8485107
-8.963242 -4.281418 1.8342285
-9.0203705 -4.262375 1.8913574
-9.134628 -4.255234 1.8413696
-9.258408 -4.2671356 1.8675537
-9.291733 -4.3504486 1.7770996
-9.267929 -4.371872 1.7056885
-9.227463 -4.3552094 1.7247314
-9.358383 -4.3052216 1.6747437
-9.439316 -4.2100067 1.6199951
-9.505966 -4.2028656 1.4724121
-9.667831 -4.133835 1.5128784
-9.715439 -4.0862274 1.6176147
-9.72258 -3.9434052 1.7651978
-9.684494 -3.788681 1.8294678
-9.589279 -3.6506195 1.5462036
-9.453598 -3.6910858 1.1915283
-9.356003 -3.743454 0.8654175
-9.2512665 -3.8886566 0.708313
-9.191757 -4.050522 0.6273804
-9.041794 -4.200485 0.72021484
-8.960861 -4.340927 0.6226196
-8.963242 -4.345688 0.67736816
-9.14653 -4.129074 0.78686523
-9.234604 -3.9695892 0.90112305
-9.267929 -3.9196014 0.8654175
-9.27507 -4.007675 0.74401855
-9.263168 -4.0671844 0.61309814
-9.222702 -4.16716 0.6392822
-9.139389 -4.2028656 0.6011963
-9.08226 -4.212387 0.5773926
-9.098923 -4.319504 0.53692627
-9.215561 -4.4147186 0.45599365
-9.415512 -4.345688 0.36553955
-9.689255 -4.0862274 0.55358887
-9.710678 -3.6315765 0.73687744
-9.558334 -3.2459564 0.9368286
-9.432175 -3.115036 1.0177612
-9.482162 -3.255478 1.0725098
-9.539291 -3.5030365 1.022522
-9.560715 -3.7220306 0.7297363
-9.677353 -3.91008 0.48217773
-9.84874 -3.8553314 0.3536377
-9.958237 -3.698227 0.33935547
-9.855881 -3.403061 0.4274292
-9.689255 -3.2483368 0.5512085
-9.548813 -3.2340546 0.6821289
-9.508347 -3.4078217 0.6416626
-9.582138 -3.6458588 0.4940796
-9.670212 -3.7482147 0.32507324
-9.641647 -3.7386932 0.26794434
-9.541672 -3.6172943 0.246521
-9.496445 -3.493515 0.41314697
-9.601181 -3.436386 0.42266846
-9.689255 -3.4173431 0.52264404
-9.827316 -3.538742 0.42504883
-9.836838 -3.6553802 0.3703003
-9.801132 -3.705368 0.3036499
-9.703537 -3.7101288 0.37506104
-9.574997 -3.7458344 0.47979736
-9.541672 -3.7363129 0.6416626
-9.570236 -4.064804 0.9154053
-9.674973 -4.333786 0.855896
-9.751144 -4.3932953 0.68927
-9.791611 -4.3575897 0.55596924
-9.78923 -4.340927 0.45599365
-9.6107025 -4.5289764 0.42504883
-9.429794 -4.6694183 0.48217773
-9.306015 -4.700363 0.42504883
-9.258408 -4.6646576 0.49884033
-9.206039 -4.5242157 0.57025146
-9.206039 -4.4218597 0.74401855
-9.220322 -4.1052704 0.9368286
-9.222702 -3.9148407 0.99871826
-9.267929 -4.0552826 0.8963623
-9.327438 -4.5361176 0.89398193
-9.5464325 -5.207382 0.75115967
-9.824936 -5.6072845 0.33935547
-10.022507 -5.8643646 0.070373535
-10.022507 -5.995285 -0.060546875
-9.889206 -5.873886 0.046569824
-9.736862 -5.731064 0.15130615
-9.59166 -5.7548676 0.44647217
-9.46788 -6.007187 0.58691406
-9.479782 -6.399948 0.89160156
-9.553574 -6.964096 1.0915527
-9.717819 -7.240219 0.86779785
-9.970139 -7.2687836 0.6845093
-10.117722 -7.0236053 0.8249512
-9.943954 -6.86174 1.1296387
-9.796371 -7.0616913 1.3652954
-9.682114 -7.2806854 1.2391357
-9.536911 -8.14476 1.1129761
-9.717819 -9.004074 0.855896
-9.753525 -9.55394 0.6821289
-9.627365 -9.737228 1.0510864
-9.325058 -9.584885 1.5771484
-9.087021 -9.206406 1.77948
-9.056076 -8.858871 1.8675537
-8.875168 -8.780319 1.7104492
-8.689499 -8.792221 1.8104248
-8.613327 -9.061203 1.9175415
-8.88707 -9.0707245 2.2198486
-9.0203705 -8.544662 2.7649536
-8.979904 -8.382797 3.2219849
-8.837082 -8.256638 3.248169
-8.739487 -8.53038 3.2124634
-8.587143 -8.563705 2.8363647
-8.289597 -8.78508 2.6245117
-8.025375 -8.761276 2.517395
-7.784958 -8.792221 3.036316
-7.868271 -8.697006 3.8408813
-8.075363 -8.223312 4.307434
-8.039658 -7.6591644 4.576416
-7.708786 -7.4163666 4.550232
-7.361252 -7.95195 4.6359253
-7.432663 -8.554184 4.1289063
-7.561203 -8.894577 3.5957031
-7.277939 -8.863632 3.44812
-6.7161713 -8.939804 4.08844
-6.64476 -8.6089325 4.5335693
-7.0898895 -8.125717 5.2214966
-7.118454 -7.740097 5.897522
-6.8090057 -7.463974 6.07605
-6.356735 -7.304489 6.1069946
-5.9401703 -7.3759003 6.026062
-5.642624 -7.37352 5.8046875
-5.4331512 -7.494919 6.0427246
-5.623581 -7.1402435 5.995117
-5.6735687 -6.0119476 5.973694
-5.3498383 -4.9003143 6.095093
-4.566696 -4.3552094 6.5092773
-3.9192352 -4.538498 6.7211304
-3.6526337 -4.250473 6.7663574
-3.5478973 -4.595627 6.9520264
-3.8240204 -4.129074 6.5092773
-3.9263763 -3.1864471 6.2664795
-3.583603 -2.2009735 6.583069
-3.0146942 -1.2012177 6.668762
-2.198227 -0.90367126 7.3519287
-1.6293182 -1.6106415 7.7875366
-1.4841156 -1.9081879 7.4161987
-1.8054657 -2.1985931 7.0401
-2.2863007 -2.0010223 6.616394
-2.4243622 -1.1821747 6.6640015
-2.1506195 -0.39427185 7.0115356
-1.6269379 0.015151978 7.525696
-1.300827 0.079422 7.449524
-0.8747406 0.14607239 7.5042725
-0.65812683 -0.529953 7.720886
-0.8271332 -0.2752533 7.4066772
-1.0318451 0.074661255 7.6375732
-1.3412933 0.457901 7.797058
-1.3936615 1.2005768 7.8375244
-1.2698822 1.5576324 7.725647
-0.7271576 1.7361603 7.925598
-0.16300964 1.6623688 8.049377
0.04170227 1.888504 7.868469
0.094070435 1.8504181 8.125549
-0.26774597 1.7147369 8.299316
-0.69621277 1.8456573 8.456421
-1.2698822 1.9741974 8.282654
-1.7554779 2.1693878 7.989868
-1.7530975 2.8668365 7.8946533
-1.3293915 3.5333405 7.854187
-0.7819061 4.1879425 7.6589966
-0.33677673 4.3236237 7.42572
-0.1749115 4.1379547 7.7351685
-0.4224701 4.2188873 7.509033
-1.1484833 4.402176 7.2924194
-1.6745453 4.6568756 7.1710205
-1.6721649 4.787796 6.961548
-1.2651215 4.7140045 6.9901123
-0.68907166 4.9187164 6.833008
-0.4629364 5.0424957 6.571167
-0.6009979 5.2924347 6.435486
-0.80332947 5.468582 6.4973755
-0.85331726 5.575699 6.7854004
-1.0342255 5.416214 6.9972534
-1.1627655 5.178177 7.123413
-1.1937103 4.7901764 6.752075
-1.172287 4.6425934 6.475952
-0.90330505 4.7068634 6.4783325
-0.61528015 5.00679 6.6116333
-0.62242126 5.363846 6.8377686
-0.7509613 5.6875763 7.237671
-1.0461273 5.885147 7.8137207
-1.3293915 5.96846 8.025574
-1.3674774 5.8542023 7.854187
-1.2579803 5.7018585 7.5875854
-0.9580536 5.525711 7.063904
-0.7342987 5.32576 6.942505
-0.83903503 5.287674 6.9782104
-1.0104218 5.351944 7.2019653
-1.0794525 5.6304474 7.4209595
-1.0009003 5.6494904 7.528076
-0.858078 5.499527 7.4209595
-0.7438202 5.4328766 7.2210083
-0.83665466 5.3114777 7.335266
-0.9842377 5.2971954 7.206726
-0.8747406 5.3352814 7.0115356
-0.8509369 5.2210236 7.1138916
-0.6866913 5.3281403 7.237671
-0.48197937 5.468582 7.237671
-0.4700775 5.5923615 7.29718
-0.59147644 5.473343 7.354309
-0.7700043 5.5590363 7.36145
-0.8485565 5.6447296 7.2091064
-0.8652191 5.628067 7.2210083
-0.6747894 5.7137604 7.199585
-0.55815125 5.7851715 7.180542
-0.5105438 5.8542023 7.225769
-0.49864197 5.8875275 7.2543335
-0.5771942 5.8303986 7.437622
-0.7985687 5.7161407 7.309082
-0.9080658 5.5804596 7.259094
-0.691452 5.613785 6.899658
-0.6628876 5.737564 6.7782593
-0.627182 5.6375885 6.923462
-0.5676727 5.956558 6.987732
-0.6438446 5.8732452 7.4328613
-0.74858093 5.7209015 7.720886
-0.7985687 5.6875763 7.6708984
-0.72239685 5.64711 7.6970825
-0.59861755 5.723282 7.4709473
-0.50102234 5.7970734 7.4542847
-0.45817566 5.7994537 7.35907
-0.5605316 5.756607 7.29718
-0.66526794 5.725662 7.29718
-0.74620056 5.7518463 7.194824
-0.68193054 5.761368 7.301941
-0.5034027 5.8232574 7.513794
-0.41770935 5.8494415 7.604248
-0.4962616 5.8613434 7.5614014
-0.5771942 5.7351837 7.5875854
-0.7438202 5.601883 7.3447876
-0.83665466 5.466202 7.3186035
-0.81999207 5.5399933 7.2162476
-0.65812683 5.723282 7.2281494
-0.5700531 5.8303986 7.275757
-0.56529236 5.866104 7.3828735
-0.61528015 5.725662 7.520935
-0.6747894 5.64711 7.55188
-0.71525574 5.659012 7.6209106
-0.6795502 5.699478 7.5614014
-0.5843353 5.613785 7.528076
-0.4962616 5.6566315 7.48761
-0.5938568 5.730423 7.4471436
-0.74858093 5.704239 7.42334
-0.8747406 5.71138 7.2043457
-0.8747406 5.730423 7.256714
-0.8747406 5.8994293 7.3495483
-0.7700043 6.0874786 7.437622
-0.65574646 6.063675 7.506653
-0.68193054 5.9375153 7.5566406
-0.73191833 5.768509 7.4804688
-0.76524353 5.64711 7.3233643
-0.774765 5.6494904 7.251953
-0.80332947 5.749466 7.1829224
-0.7676239 5.7899323 7.2281494
-0.6605072 5.7923126 7.3233643
-0.6128998 5.7470856 7.3257446
-0.6843109 5.7161407 7.3566895
-0.7914276 5.6447296 7.206726
-0.75572205 5.549515 7.090088
-0.7081146 5.494766 6.994873
-0.64146423 5.4900055 7.0996094
-0.5200653 5.4971466 7.1210327
-0.54862976 5.461441 7.1448364
-0.6367035 5.401932 6.987732
-0.7200165 5.340042 6.866333
-0.80332947 5.2519684 6.840149
-0.7414398 5.280533 6.9258423
-0.6795502 5.4543 6.8901367
-0.5724335 5.435257 6.9472656
-0.6128998 5.3924103 6.8948975
-0.6295624 5.235306 6.7354126
-0.646225 4.9829865 6.768738
-0.5533905 4.9306183 6.866333
-0.62242126 5.1115265 6.866333
-0.68907166 5.147232 6.904419
-0.58909607 5.1115265 6.756836
-0.6105194 4.837784 6.980591
-0.7509613 4.742569 7.335266
-0.8914032 4.923477 7.6447144
-0.8104706 5.2472076 7.87323
-0.5367279 5.756607 7.8637085
-0.627182 6.0684357 7.887512
-0.8842621 5.9256134 8.163635
-1.1056366 5.7518463 8.339783
-1.134201 5.7089996 8.518311
-0.8818817 5.6947174 8.632568
-0.7081146 5.6423492 8.792053
-0.82237244 5.5995026 8.775391
-1.0104218 5.544754 8.815857
-1.2127533 5.530472 8.825378
-1.365097 5.5019073 8.822998
-1.3079681 5.4209747 8.763489
-1.2960663 5.363846 8.639709
-1.2936859 5.401932 8.582581
-1.2270355 5.4185944 8.439758
-1.1603851 5.5090485 8.406433
-1.2627411 5.4828644 8.373108
-1.3341522 5.282913 8.404053
-1.2960663 5.102005 8.365967
-1.236557 5.1043854 8.142212
-1.1032562 5.1496124 8.204102
-0.9961395 5.1377106 8.099365
-0.84617615 5.090103 8.051758
-0.922348 5.0020294 8.0112915
-1.0604095 5.018692 7.987488
-1.0818329 4.968704 7.8327637
-0.9961395 5.011551 7.885132
-0.87950134 5.0805817 7.8589478
-0.84617615 5.128189 7.8065796
-0.8104706 5.109146 7.585205
-0.84617615 4.9972687 7.5233154
-0.8818817 4.9568024 7.5161743
-0.94377136 4.9496613 7.7280273
-0.94377136 5.0020294 7.80896
-0.89378357 4.9782257 7.8065796
-0.89378357 4.9449005 7.782776
-0.8842621 4.9258575 7.592346
-0.89378357 4.8734894 7.4281006
-0.91282654 4.775894 7.3114624
-0.8723602 4.7211456 7.29718
-0.92948914 4.7473297 7.2352905
-0.96995544 4.6997223 7.392395
-0.9818573 4.7211456 7.282898
-0.93663025 4.7187653 7.2233887
-0.82951355 4.6759186 7.2210083
-0.81999207 4.5473785 7.1591187
-0.858078 4.5092926 7.180542
-0.85331726 4.504532 7.1853027
-0.79618835 4.568802 7.16864
-0.8652191 4.692581 7.1210327
-0.8890228 4.7021027 7.0115356
-1.0270844 4.5664215 6.937744
-1.19133 4.447403 6.7782593
-1.2794037 4.2855377 6.840149
-1.281784 4.306961 6.7806396
-1.2579803 4.466446 6.878235
-1.1746674 4.485489 6.840149
-1.2056122 4.3474274 6.571167
-1.1151581 3.9237213 6.3688354
-0.8247528 3.3333893 6.456909
-0.5676727 2.754959 6.4212036
-0.47721863 2.3288727 6.442627
-0.5105438 2.036087 6.4783325
-0.5391083 1.9765778 6.5545044
-0.59861755 2.0789337 6.8877563
-0.6438446 2.5764313 7.342407
-0.90330505 2.8335114 7.3947754
-1.0865936 2.5764313 7.380493
-0.9580536 1.9051666 7.218628
-0.7985687 1.2267609 7.23053
-0.691452 0.8292389 7.501892
-0.5557709 0.72450256 7.7113647
-0.5462494 0.6792755 7.904175
-0.8675995 0.34602356 8.075562
-1.4150848 0.0460968 8.106506
-1.9316254 -0.35380554 7.706604
-2.0601654 -0.8751068 7.5994873
-1.743576 -1.4701996 7.804199
-1.1199188 -1.8201141 7.842285
-0.7033539 -1.79393 7.699463
-0.6128998 -1.7986908 7.5637817
-0.93663025 -2.2152557 7.7851563
-1.4150848 -2.986496 7.6589966
-1.9459076 -3.7220306 6.916321
-2.5743256 -4.462326 6.242676
-2.7528534 -5.0693207 5.7856445
-2.4695892 -5.538254 5.538086
-2.0244598 -5.4906464 5.250061
-1.9506683 -5.1764374 5.2643433
-2.0530243 -4.8765106 5.595215
-2.3934174 -5.2787933 6.276001
-2.8123627 -6.430893 6.4188232
-3.5240936 -7.7948456 5.6713867
-4.4786224 -9.015976 4.5026245
-5.1784515 -10.177597 3.2267456
-5.7759247 -10.948837 2.1151123
-5.80925 -10.706039 2.2008057
-5.49028 -10.080002 2.8078003
-5.257004 -9.156418 3.7480469
-5.0165863 -8.363754 4.4050293
-5.0546722 -8.061447 4.5169067
-5.521225 -8.225693 4.081299
-6.187729 -8.458969 3.2529297
-6.7804413 -8.568466 2.5769043
-6.937546 -8.485153 1.9699097
-7.047043 -8.663681 1.8604126
-7.470749 -8.561325 1.5152588
-8.0967865 -8.539902 0.78686523
-8.7894745 -9.035019 0.29412842
-9.939194 -8.832687 -0.5532837
-9.279831 -10.175217 -0.824646
-9.039413 -10.45134 -0.35333252
-8.8537445 -10.57988 -0.26049805
-9.098923 -10.272812 -0.28668213
-9.515488 -9.658676 -0.5842285
-10.0082245 -9.368271 -0.85321045
-10.281967 -9.399216 -1.0888672
-10.322433 -9.711044 -1.1864624
-10.248642 -9.806259 -1.3792725
-10.084396 -9.8134 -1.5339966
-10.193893 -9.42778 -1.6244507
-10.339096 -8.642258 -2.062439
-10.3867035 -8.123337 -2.5599365
-10.655685 -7.449692 -3.2478638
-11.093674 -6.9402924 -3.1002808
-10.919907 -6.488022 -2.8170166
-10.467636 -6.000046 -2.3338013
-9.955856 -5.519211 -2.2266846
-9.91777 -5.1931 -2.2338257
-10.229599 -4.9717255 -2.440918
-10.586655 -4.893173 -2.614685
-10.589035 -5.0740814 -2.9884033
-10.546188 -5.207382 -3.0717163
-10.496201 -5.3882904 -3.0526733
-10.3629 -5.7215424 -2.8551025
-10.324814 -6.0190887 -2.5099487
-10.227219 -5.583481 -2.1243286
-10.1082 -5.1645355 -1.7886963
-10.032028 -4.9526825 -1.5387573
-10.012985 -4.8812714 -1.434021
-9.943954 -5.1002655 -1.4316406
-9.91539 -5.25737 -1.6387329
-9.772568 -5.571579 -1.8910522
-9.78685 -5.681076 -2.126709
-10.053452 -5.347824 -2.1790771
-10.086777 -4.87175 -2.281433
-10.115341 -4.609909 -2.2861938
-10.112961 -4.4004364 -2.2195435
-9.91777 -4.390915 -2.2147827
-9.66069 -4.602768 -2.1195679
-9.413132 -4.80748 -2.024353
-9.289352 -4.924118 -2.1052856
-9.320297 -4.976486 -2.0529175
-9.422653 -4.8574677 -1.9838867
-9.484543 -4.705124 -1.8434448
-9.441696 -4.5599213 -1.7767944
-9.439316 -4.500412 -1.6815796
-9.382187 -4.595627 -1.61969
-9.317917 -4.5742035 -1.517334
-9.265549 -4.576584 -1.517334
-9.265549 -4.467087 -1.4387817
-9.413132 -4.243332 -1.3745117
-9.520248 -4.0624237 -1.331665
-9.586899 -3.9457855 -1.388794
-9.598801 -3.8434296 -1.4006958
-9.603561 -3.8053436 -1.3292847
-9.703537 -3.7291718 -1.3483276
-9.765427 -3.5649261 -1.4554443
-9.889206 -3.3983002 -1.4697266
-9.951096 -3.2126312 -1.5720825
-9.967758 -3.1483612 -1.6077881
-9.867783 -3.14122 -1.536377
-9.689255 -3.2507172 -1.5720825
-9.484543 -3.2792816 -1.6101685
-9.539291 -3.14122 -1.7553711
-9.65593 -2.910324 -1.7648926
-9.663071 -2.7079926 -1.7220459
-9.601181 -2.6222992 -1.562561
-9.455978 -2.6603851 -1.434021
-9.3798065 -2.7913055 -1.3364258
-9.296494 -2.9841156 -1.4244995
-9.356003 -3.0388641 -1.414978
-9.422653 -2.8341522 -1.4221191
Time Stop = 4710
