Time Start = 1457237050
-5.6664276 -1.934372 8.4730835
-4.97612 -2.3033295 8.803955
-4.283432 -2.3533173 9.170532
-3.783554 -2.236679 9.180054
-3.5597992 -2.0676727 9.039612
-3.7145233 -1.9581757 8.994385
-3.8811493 -1.8224945 8.89679
-4.147751 -1.8105927 8.749207
-4.3643646 -1.9676971 8.725403
-4.385788 -2.024826 8.811096
-4.3191376 -1.998642 8.884888
-4.109665 -2.0153046 8.872986
-3.9477997 -1.979599 8.994385
-3.9097137 -1.9867401 9.058655
-3.9287567 -1.9534149 9.065796
-3.9906464 -1.9581757 8.9991455
-4.1596527 -1.8867645 8.918213
-4.328659 -1.9105682 8.863464
-4.438156 -1.9891205 8.865845
-4.5048065 -2.0272064 8.665894
-4.4667206 -2.0462494 8.70874
-4.404831 -2.070053 8.77063
-4.385788 -2.1152802 8.749207
-4.219162 -2.1057587 8.882507
-4.0549164 -2.1033783 8.953918
-3.8882904 -2.0938568 9.053894
-3.802597 -2.0224457 9.111023
-3.7668915 -2.0105438 9.141968
-3.7668915 -2.005783 9.113403
-3.8882904 -1.9653168 8.982483
-4.0501556 -1.8629608 8.994385
-4.2358246 -1.9200897 8.932495
-4.3358 -1.9915009 8.853943
-4.2810516 -2.1605072 8.877747
-4.200119 -2.2866669 8.856323
-4.085861 -2.365219 8.90155
-3.9668427 -2.4461517 8.953918
-3.9739838 -2.422348 8.980103
-4.0168304 -2.1248016 9.1657715
-4.07872 -1.8105927 9.144348
-4.135849 -1.7820282 9.039612
-4.200119 -1.7986908 8.942017
-4.2167816 -1.7439423 8.880127
-4.264389 -1.812973 8.882507
-4.381027 -1.8534393 8.83728
-4.423874 -1.9367523 8.892029
-4.4286346 -2.0676727 8.887268
-4.373886 -2.2271576 8.870605
-4.283432 -2.3271332 8.763489
-4.188217 -2.3985443 8.727783
-4.121567 -2.4271088 8.742065
-4.1763153 -2.3533173 8.7682495
-4.173935 -2.1890717 8.868225
-4.0739594 -2.1152802 9.044373
-4.0477753 -2.062912 9.15387
-4.0430145 -2.0295868 9.15387
-4.121567 -1.9629364 9.15387
-4.2477264 -1.9200897 9.0896
-4.359604 -1.851059 9.070557
-4.3691254 -1.7748871 8.982483
-4.321518 -1.6511078 9.039612
-4.276291 -1.5868378 9.053894
-4.1572723 -1.3797455 9.103882
-4.121567 -1.2726288 9.09436
-4.128708 -1.2321625 8.982483
-4.097763 -1.3368988 8.877747
-4.097763 -1.5701752 8.908691
-4.102524 -2.1319427 9.125305
-4.2024994 -2.6960907 9.039612
-4.4262543 -2.8793793 8.753967
-4.628586 -2.8722382 8.989624
-4.842819 -2.827011 9.058655
-4.828537 -2.6294403 9.006287
-4.6642914 -2.350937 8.822998
-4.366745 -2.300949 8.775391
-4.066818 -2.2723846 8.539734
-3.731186 -2.1962128 8.480225
-3.6074066 -2.172409 8.561157
-3.481247 -2.248581 8.634949
-3.4574432 -2.7032318 8.582581
-3.4788666 -3.2673798 8.665894
-3.533615 -3.9529266 9.041992
-3.814499 -4.262375 9.679932
-4.4357758 -4.250473 10.401184
-5.0879974 -4.007675 10.7630005
-5.5688324 -3.5720673 10.63446
-5.5878754 -3.2126312 10.239319
-5.173691 -3.3173676 10.260742
-4.6000214 -3.8481903 10.560669
-4.052536 -4.431381 10.805847
-3.6883392 -5.559677 11.029602
-3.7026215 -7.2759247 11.491394
-3.9001923 -8.406601 11.636597
-4.495285 -8.84697 11.59613
-5.42601 -8.547043 11.229553
-6.4043427 -7.828171 10.220276
-7.0518036 -7.199753 9.494263
-6.951828 -6.687973 9.572815
-6.4281464 -7.1711884 10.613037
-5.61882 -7.0188446 10.941528
-5.0570526 -6.430893 10.893921
-4.738083 -6.128586 10.636841
-4.4357758 -5.264511 9.817993
-4.1191864 -4.133835 9.203857
-3.7097626 -3.2292938 8.987244
-3.4503021 -1.9748383 8.932495
-3.6978607 -1.2964325 9.103882
-3.7668915 0.3007965 9.522827
-3.7811737 0.5174103 9.813232
-3.6835785 -0.19432068 9.913208
-2.9218597 -0.3085785 9.118164
-2.0554047 0.06037903 8.461182
-1.4983978 0.9601593 7.944641
-1.2936859 1.5005035 7.6899414
-1.1413422 2.1860504 7.8946533
-0.7914276 2.8001862 7.7851563
-0.3558197 2.9263458 7.9089355
0.19642639 2.5883331 8.249329
0.60346985 1.4362335 8.920593
0.9033966 0.72450256 8.8349
1.1461945 1.1553497 8.085083
1.0866852 1.7290192 7.970825
0.86769104 2.516922 7.8256226
0.66773987 3.2024689 8.023193
0.52967834 3.8856354 8.104126
0.5844269 4.8925323 8.089844
0.7653351 5.575699 7.9993896
1.0652618 5.299576 8.070801
1.5460968 4.935379 7.835144
1.9721832 4.402176 8.216003
2.4315948 4.583084 8.418335
2.4673004 5.075821 8.45166
1.9959869 5.4852448 8.630188
1.2152252 5.5876007 9.132446
0.3844757 5.2638702 9.41333
-0.34391785 4.602127 9.28479
-0.8318939 3.9951324 8.623047
-0.9080658 3.9975128 7.378113
-0.70573425 4.447403 5.852295
-0.41056824 5.4209747 4.224121
-0.18681335 5.889908 3.9741821
0.12263489 6.108902 4.0551147
0.44636536 6.104141 4.3359985
0.51301575 5.699478 5.788025
0.2702179 5.480484 7.0401
-0.40342712 5.1377106 7.9589233
-1.2532196 4.780655 8.418335
-2.038742 5.13295 7.8518066
-2.545761 5.551895 7.0996094
-2.6909637 5.601883 6.499756
-2.5148163 5.363846 6.256958
-2.050644 5.680435 6.0427246
-1.6816864 5.980362 6.178406
-1.5650482 6.185074 5.923706
-1.7007294 6.604019 5.828491
-1.9863739 6.8111115 5.654724
-2.1434784 6.732559 5.654724
-2.1077728 6.5683136 5.473816
-1.9316254 6.3231354 5.204834
-1.781662 6.0279694 5.269104
-1.7364349 6.154129 4.2574463
-1.9173431 6.0803375 3.6195068
-1.9673309 5.9827423 3.5599976
-2.031601 5.9898834 4.0455933
-2.1506195 6.104141 4.7835083
-2.114914 6.3112335 5.0858154
-1.8863983 6.525467 5.088196
-1.5674286 6.7920685 5.1239014
-1.338913 6.9729767 5.0620117
-1.281784 7.0158234 4.73114
-1.2222748 6.873001 4.352661
-1.1437225 6.7087555 4.7073364
-1.0794525 6.6754303 4.390747
-1.0104218 6.6587677 4.1360474
-0.95329285 6.9063263 3.8932495
-0.9794769 7.0420074 3.7766113
-0.97709656 7.161026 3.845642
-1.043747 7.2014923 3.883728
-1.1580048 7.1324615 3.9979858
-1.1699066 7.0872345 4.2407837
-1.2675018 7.1657867 4.6359253
-1.5174408 7.7013702 4.7858887
-1.7054901 8.322647 2.267456
-1.781662 8.039383 0.7654419
-1.5745697 7.687088 1.0748901
-1.3246307 6.9396515 2.5697632
-1.0366058 6.699234 3.3981323
-0.8414154 6.8230133 4.2645874
-0.71287537 7.2276764 4.8882446
-0.50816345 7.6251984 5.133423
-0.25346375 7.8108673 5.7023315
-0.2820282 8.070328 5.961792
-0.35820007 8.289322 5.7261353
-0.46531677 8.482132 4.043213
-0.5105438 8.046524 4.2455444
-0.4700775 7.672806 5.2476807
-0.55815125 7.2681427 5.9403687
-0.691452 7.275284 6.480713
-1.024704 7.577591 6.6759033
-1.153244 7.9846344 6.8948975
-1.088974 8.220291 7.0115356
-0.82951355 8.132217 7.154358
-0.6628876 8.191727 6.8068237
-0.6533661 8.08699 6.0498657
-0.77952576 8.02272 5.9665527
-1.134201 7.948929 5.780884
-1.4888763 7.8108673 5.6047363
-1.7221527 7.718033 5.614258
-1.8078461 7.6585236 5.6118774
-1.698349 7.539505 5.6261597
-1.6483612 7.399063 5.5404663
-1.5341034 7.1657867 5.430969
-1.5150604 7.025345 5.4214478
-1.5840912 6.8896637 5.718994
-1.6769257 7.2610016 5.5618896
-1.7697601 7.7418365 4.28125
-1.7269135 7.7608795 2.9839478
-1.6293182 7.418106 2.5150146
-1.4341278 6.8301544 3.1981812
-1.236557 6.4516754 4.2074585
-1.1580048 6.4707184 5.0334473
-1.1580048 6.7992096 5.6642456
-1.1651459 7.25148 5.852295
-1.088974 7.4514313 5.992737
-0.9818573 7.525223 6.1903076
-0.94377136 7.4847565 6.159363
-0.9723358 7.3943024 5.6904297
-1.0270844 7.2610016 5.300049
-1.1175385 7.2657623 5.004883
-1.1246796 7.308609 4.614502
-1.0937347 7.37764 4.8549194
-1.2127533 7.6275787 5.314331
-1.3365326 7.7751617 5.5476074
-1.3627167 7.9394073 5.8046875
-1.3460541 7.9584503 5.8308716
-1.2341766 7.887039 5.8237305
-1.2198944 7.789444 5.878479
-1.2722626 7.7870636 5.635681
-1.3674774 7.737076 5.4523926
-1.4412689 7.8775177 5.095337
-1.4912567 7.820389 4.757324
-1.5650482 7.6918488 4.916809
-1.6245575 7.615677 5.314331
-1.679306 7.525223 5.552368
-1.6888275 7.5157013 5.69281
-1.6293182 7.6132965 5.699951
-1.5341034 7.720413 5.826111
-1.5269623 7.8251495 5.9451294
-1.5364838 7.8632355 5.9570313
-1.569809 7.7608795 5.866577
-1.5817108 7.756119 5.7475586
-1.6293182 7.7989655 5.133423
-1.6745453 7.69899 4.21698
-1.7269135 7.525223 4.178894
-1.717392 7.3109894 4.383606
-1.7507172 7.103897 4.9453735
-1.7364349 7.1253204 5.480957
-1.679306 7.191971 5.7094727
-1.550766 7.3371735 5.761841
-1.4246063 7.365738 5.718994
-1.3246307 7.3490753 5.6951904
-1.281784 7.2990875 5.852295
-1.2984467 7.2157745 5.8760986
-1.3508148 7.2919464 5.549988
-1.4008026 7.5180817 5.095337
-1.4460297 7.687088 4.005127
-1.4698334 7.5609283 4.119385
-1.486496 7.482376 4.576416
-1.5436249 7.4466705 5.0215454
-1.5364838 7.5299835 5.338135
-1.5626678 7.6632843 5.6690063
-1.4412689 7.656143 5.633301
-1.3508148 7.6204376 5.6523438
-1.2698822 7.5228424 5.635681
-1.2127533 7.3943024 5.5428467
-1.2698822 7.430008 5.6190186
-1.3865204 7.629959 4.92395
-1.5341034 7.7418365 3.9575195
-1.595993 7.449051 4.0527344
-1.569809 7.244339 4.762085
-1.5364838 7.1253204 5.166748
-1.5150604 7.232437 5.5095215
-1.4722137 7.4918976 5.6832886
-1.4698334 7.6323395 5.661865
-1.3936615 7.5942535 5.6309204
-1.3222504 7.532364 5.590454
-1.3246307 7.3824005 5.5095215
-1.3793793 7.3681183 5.6452026
-1.3698578 7.720413 4.543091
-1.422226 7.7156525 4.0265503
-1.5102997 7.675186 4.1384277
-1.5793304 7.591873 4.1741333
-1.595993 7.5561676 4.8168335
-1.6436005 7.5109406 5.402405
-1.5888519 7.5633087 5.680908
-1.4365082 7.610916 5.738037
-1.4293671 7.5609283 5.7142334
-1.3746185 7.50856 5.7713623
-1.3508148 7.3871613 5.8308716
-1.3722382 7.308609 5.897522
-1.3698578 7.4776154 5.454773
-1.4460297 7.649002 4.3883667
-1.505539 7.6466217 4.1241455
-1.486496 7.513321 4.212219
-1.5745697 7.3443146 4.8668213
-1.5674286 7.3824005 5.4119263
-1.5150604 7.5037994 5.659485
-1.4626923 7.6585236 5.802307
-1.3746185 7.737076 5.738037
-1.3317719 7.610916 5.711853
-1.2389374 7.5180817 5.5880737
-1.2984467 7.410965 5.6951904
-1.338913 7.5871124 5.2143555
-1.3484344 7.756119 4.2384033
-1.365097 7.770401 3.9599
-1.4841156 7.6251984 4.0075073
-1.5269623 7.3490753 4.781128
-1.6293182 7.358597 5.2905273
-1.5769501 7.475235 5.761841
-1.4936371 7.7227936 5.7975464
-1.3627167 7.7275543 5.749939
-1.300827 7.591873 5.6499634
-1.2651215 7.4466705 5.6761475
-1.3222504 7.3490753 5.730896
-1.3412933 7.5990143 5.661865
-1.4436493 7.9417877 4.754944
-1.4603119 8.041763 3.8480225
-1.5079193 7.5490265 4.0075073
-1.3579559 7.096756 4.4907227
-1.3317719 6.8706207 4.8858643
-1.4055634 7.134842 5.3095703
-1.5293427 7.660904 5.4571533
-1.7269135 7.846573 5.430969
-1.8768768 8.003677 6.121277
-1.6316986 8.425003 5.954651
-1.2770233 8.172684 6.230774
-0.9818573 7.8703766 5.847534
-1.1246796 7.5871124 5.2000732
-1.38414 7.608536 4.2598267
-1.5222015 7.641861 3.9360962
-1.4769745 7.5157013 4.6383057
-1.4912567 7.149124 5.269104
-1.4960175 7.0420074 5.904663
-1.3984222 7.4728546 6.135559
-1.2270355 7.8941803 6.07605
-1.1508636 7.622818 6.0474854
-1.1675262 7.230057 6.01178
-1.2246552 7.1396027 5.469055
-1.2675018 7.270523 4.7144775
-1.3627167 7.327652 4.5359497
-1.4531708 7.1562653 4.716858
-1.3865204 6.9896393 5.5238037
-1.1984711 7.0681915 6.0093994
-1.0342255 7.070572 6.411682
-1.0389862 7.130081 6.4830933
-1.6959686 6.7777863 6.4902344
-1.0818329 7.0753326 6.180786
-0.5676727 6.8039703 6.623535
-0.62480164 6.8182526 5.987976
-1.0175629 6.6968536 5.135803
-1.44841 6.4588165 5.1000977
-1.5579071 6.339798 5.802307
-1.2675018 6.2398224 6.583069
-0.8747406 6.1517487 7.0805664
-0.62242126 6.404068 6.968689
-0.6795502 6.86586 6.5949707
-0.95329285 6.8563385 6.8829956
-1.108017 6.8944244 6.749695
-1.1032562 7.039627 5.788025
-1.0770721 6.820633 5.635681
-1.1103973 6.3040924 5.88562
-1.0032806 6.2350616 6.3378906
-0.9175873 6.501663 6.6378174
-0.80332947 6.6373444 6.6330566
-0.77238464 6.4826202 6.4093018
-0.91282654 6.332657 6.585449
-1.0389862 6.501663 6.8710938
-1.0675507 6.9206085 6.4592896
-1.0270844 7.111038 6.3355103
-1.0723114 6.93013 6.1950684
-1.0508881 6.456436 6.52594
-0.89616394 6.35408 6.3355103
-0.86283875 6.7206573 6.378357
-1.0413666 6.589737 6.763977
-1.1603851 6.520706 6.20459
-1.0865936 6.4445343 6.223633
-0.9580536 6.494522 6.8568115
-1.0318451 6.1684113 6.7663574
-0.92710876 6.6183014 6.6520996
-0.9152069 6.903946 6.521179
-1.043747 6.6183014 6.302185
-1.2389374 6.2517242 6.059387
-1.2127533 6.256485 6.5759277
-1.0580292 6.623062 6.437866
-0.94615173 6.8682404 6.3616943
-1.2389374 6.0303497 6.7925415
-1.1937103 6.2517242 6.583069
-1.1199188 6.494522 6.873474
-1.1032562 6.601639 6.6901855
-1.0913544 6.411209 6.6520996
-1.1580048 6.8944244 5.359558
-1.4555511 7.0610504 4.704956
-1.8364105 6.377884 5.231018
-1.9387665 5.994644 5.776123
-1.8816376 6.2802887 5.916565
-1.5983734 6.6373444 6.3688354
-1.4983978 6.7468414 6.1712646
-1.5412445 6.604019 5.9974976
-1.679306 6.4397736 5.545227
-1.8102264 6.35408 5.6261597
-1.7530975 6.3374176 6.1879272
-1.5840912 6.7087555 6.059387
-1.4246063 7.0943756 5.7023315
-1.403183 7.3109894 5.514282
-1.44841 7.232437 5.2976685
-1.6388397 6.80159 5.5095215
-1.7054901 6.668289 5.3357544
-1.7316742 6.654007 5.135803
-1.7245331 6.725418 4.940613
-1.6650238 6.7016144 5.0429688
-1.4936371 6.5540314 5.4071655
-1.2627411 6.4778595 5.704712
-1.024704 6.6444855 5.82135
-0.8985443 6.9325104 5.795166
-0.9842377 7.0372467 5.557129
-0.9842377 7.2276764 5.533325
-1.043747 7.199112 5.378601
-1.1699066 7.2157745 5.192932
-1.2246552 7.211014 5.295288
-1.365097 7.1562653 5.171509
-1.3960419 7.0753326 5.088196
-1.5031586 6.963455 5.1381836
-1.4055634 6.8230133 5.4190674
-1.2579803 6.6754303 5.5047607
-1.1413422 6.665909 5.6951904
-1.0199432 6.67305 5.697571
-0.9247284 6.873001 5.6832886
-1.024704 6.8634796 5.7475586
-1.1270599 6.7873077 5.847534
-1.2436981 6.732559 5.9784546
-1.31987 6.7468414 6.0665283
-1.2794037 6.796829 5.916565
-1.1960907 6.6897125 5.9403687
-1.0842133 6.551651 6.454529
-1.0818329 6.346939 6.583069
-1.1389618 6.0493927 6.8068237
-1.1484833 5.9137115 7.1757813
-1.0604095 5.8303986 7.5875854
-0.774765 5.930374 7.801819
-0.543869 6.275528 7.892273
-0.4462738 6.596878 8.013672
-0.5462494 6.454056 7.8898926
-0.59861755 6.058914 7.899414
-0.5676727 5.9065704 6.987732
-0.53434753 5.666153 6.359314
-0.5129242 5.6328278 6.673523
-0.54862976 5.6947174 7.021057
-0.627182 5.7280426 7.3709717
-0.44151306 5.9660797 7.7994385
-0.017807007 6.192215 8.008911
0.37495422 6.2350616 8.265991
0.50587463 5.9446564 8.137451
0.443985 5.494766 7.982727
0.28211975 5.154373 7.970825
0.1797638 5.235306 8.049377
-0.02494812 5.6328278 7.6185303
-0.18681335 5.9470367 7.128174
-0.36058044 5.878006 7.4590454
-0.5843353 5.494766 8.006531
-0.75572205 5.2019806 8.487366
-0.94377136 5.0591583 8.418335
-1.0961151 4.711624 8.027954
-1.0794525 4.704483 7.642334
-0.9675751 4.5854645 7.649475
-0.9009247 4.3212433 7.820862
-0.8318939 4.057022 7.739929
-0.82951355 3.6118927 7.573303
-0.89616394 2.940628 7.1757813
-0.8485565 2.543106 7.0162964
-0.86283875 2.331253 7.1972046
-0.77952576 1.9432526 7.442383
-0.48435974 1.6385651 7.74469
-0.010665894 1.548111 8.330261
0.48683167 1.8408966 8.484985
0.9391022 2.081314 8.720642
1.2961578 2.3812408 8.908691
1.4627838 2.6145172 8.980103
1.3818512 2.6811676 8.96344
1.0605011 2.4550323 9.011047
0.69392395 1.8718414 9.470459
0.30592346 1.4338531 9.546631
0.20118713 1.1624908 9.422852
0.3273468 1.150589 9.596619
0.64393616 1.5790558 9.458557
1.0843048 2.3907623 8.64209
1.3509064 2.350296 8.830139
1.4223175 2.036087 8.946777
1.3628082 1.8004303 9.096741
1.1938019 1.7980499 9.439514
1.0438385 1.8408966 10.05603
Time Stop = 1457237055
