Time Start = 659
-9.051315 -4.1814423 0.3607788
-9.358383 -4.2528534 0.28936768
-9.196518 -4.1457367 0.30126953
-9.027512 -4.2599945 0.3774414
-9.044174 -4.2933197 0.2869873
-9.229843 -4.3314056 0.12512207
-9.282211 -4.243332 0.094177246
-9.234604 -3.372116 0.14178467
-9.320297 -2.9888763 -0.00579834
-9.801132 -3.7553558 0.053710938
-9.598801 -4.405197 0.23699951
-9.384567 -4.409958 0.39886475
-9.267929 -4.307602 0.3703003
-9.33934 -4.0029144 0.4036255
-9.396469 -3.7791595 0.38220215
-9.441696 -3.705368 0.3203125
-9.296494 -3.917221 0.05609131
-9.1679535 -4.0624237 0.03466797
-9.277451 -4.0362396 -0.058166504
-9.325058 -4.0100555 -0.26049805
-9.289352 -4.090988 -0.2390747
-9.2108 -4.1195526 -0.103393555
-9.14415 -4.2219086 -0.13909912
-9.14415 -4.269516 -0.124816895
-9.253647 -4.300461 -0.031982422
-9.363144 -4.450424 -0.06530762
-9.422653 -4.5932465 -0.02722168
-9.413132 -4.724167 -0.06530762
-9.325058 -4.731308 -0.079589844
-9.239365 -4.74559 -0.21765137
-9.137009 -4.750351 -0.1986084
-9.206039 -4.769394 -0.13433838
-9.2108 -4.852707 -0.04626465
-9.284592 -4.764633 0.013244629
-9.348862 -4.578964 0.12750244
-9.325058 -4.462326 -0.043884277
-9.248886 -4.5408783 -0.031982422
-9.14415 -4.7075043 -0.13433838
-9.196518 -4.6956024 -0.12957764
-9.184616 -4.436142 -0.14385986
-9.2512665 -4.2790375 -0.02722168
-9.20842 -4.4004364 0.10131836
-9.263168 -4.595627 0.05609131
-9.289352 -4.6527557 0.12512207
-9.236984 -4.6456146 0.246521
-9.20842 -4.6432343 0.091796875
-9.215561 -4.87175 0.12988281
-9.301254 -5.2216644 0.1560669
-9.413132 -5.155014 -0.034362793
-9.479782 -4.6265717 -0.22955322
-9.503586 -4.155258 -0.21289063
-9.439316 -4.152878 0.115600586
-9.3798065 -4.4789886 0.3607788
-9.156052 -5.078842 0.477417
-9.075119 -5.650131 0.51312256
-9.077499 -5.938156 0.2869873
-9.213181 -5.9095917 0.3607788
-9.184616 -5.6382294 0.4440918
-9.098923 -5.621567 0.49645996
-9.113205 -5.7596283 0.8463745
-9.2512665 -6.021469 1.2438965
-9.189377 -6.2666473 1.022522
-9.313156 -7.1069183 1.5604858
-9.486923 -7.1854706 1.427185
-9.053696 -7.297348 2.1936646
-8.810898 -6.297592 2.7768555
-8.829941 -6.192856 1.7175903
-9.496445 -7.6020355 3.8242188
-9.186996 -7.411606 2.3721924
-9.644028 -7.9852753 2.8554077
-9.536911 -7.959091 2.953003
-9.586899 -8.068588 2.9434814
-9.689255 -8.27092 3.4171753
-9.689255 -8.1471405 3.800415
-9.729721 -7.751999 4.250305
-9.84874 -7.130722 4.800171
-9.884445 -6.868881 5.2143555
-10.053452 -7.035507 5.5095215
-10.203415 -7.425888 5.6499634
-10.205795 -7.7734222 5.569031
-10.141525 -7.856735 5.7094727
-10.11058 -7.6901093 5.9855957
-10.04631 -7.18309 6.314087
-9.946335 -6.930771 6.5664063
-9.834457 -6.695114 6.821106
-9.810654 -6.426132 7.342407
-9.760666 -5.9452972 7.494751
-9.634506 -5.6406097 7.2543335
-9.441696 -5.5549164 7.0353394
-9.127487 -5.566818 6.9853516
-8.703781 -5.309738 7.0091553
-8.268173 -4.5813446 7.218628
-7.742111 -3.8505707 7.623291
-7.342209 -3.550644 7.6970825
-6.96611 -3.6125336 7.0805664
-6.6542816 -3.9695892 6.661621
-6.528122 -3.7220306 6.9139404
-6.1282196 -2.6389618 6.9663086
-5.5378876 -1.5868378 6.775879
-5.0618134 -0.8989105 6.9448853
-4.6833344 -0.7346649 7.3186035
-4.673813 -1.2512054 7.5875854
-5.10466 -1.9415131 7.816101
-5.611679 -2.4390106 7.778015
-6.054428 -2.4723358 8.023193
-5.8449554 -1.7963104 8.170776
-5.1665497 -1.2773895 8.532593
-4.5571747 -1.0298309 8.711121
-4.173935 -0.4490204 8.349304
-3.9477997 0.10084534 8.163635
-3.904953 0.40553284 8.144592
-3.9977875 0.43885803 8.508789
-4.0620575 0.015151978 8.858704
-3.9716034 -0.31095886 8.625427
-3.943039 -0.4561615 8.77063
-3.7216644 0.053237915 8.363586
-3.2408295 0.55311584 8.294556
-2.583847 1.0529938 8.049377
-2.0863495 1.3481598 8.016052
-1.845932 1.7885284 7.6518555
-1.6412201 2.0408478 7.528076
-1.5745697 1.869461 7.861328
-1.5769501 1.759964 7.8256226
-1.4888763 1.9694366 7.61615
-1.2508392 2.1979523 7.68042
-1.0223236 2.5454865 7.36145
-0.71525574 2.6978302 7.180542
-0.5224457 2.895401 7.021057
-0.543869 3.2048492 6.725891
-0.7533417 3.4738312 7.025818
-1.0151825 3.7666168 7.1972046
-1.0818329 3.5595245 7.6899414
-1.0913544 3.2453156 7.9160767
-0.9985199 3.3286285 7.589966
-0.8914032 3.3357697 7.463806
-0.75572205 3.4500275 7.2471924
-0.5771942 3.4524078 7.002014
-0.5129242 3.319107 6.9258423
-0.5843353 3.1120148 7.111511
-0.5676727 3.3524323 7.123413
-0.32725525 3.6475983 7.3067017
0.003616333 4.0094147 7.475708
0.20832825 4.087967 7.5637817
0.26545715 4.0475006 7.623291
0.26307678 4.0594025 7.42334
0.26307678 3.992752 7.109131
0.3202057 3.8927765 6.7544556
0.27973938 3.826126 6.775879
0.32972717 3.8665924 6.771118
0.26783752 3.9998932 6.9139404
0.22975159 4.3545685 7.0234375
0.15119934 4.4116974 7.2233887
0.09883118 4.5092926 7.0186768
0.07978821 4.5021515 6.9544067
0.05836487 4.473587 6.859192
-0.060653687 4.5283356 6.9544067
-0.15586853 4.6354523 6.8948975
-0.332016 4.518814 7.090088
-0.479599 4.523575 7.2852783
-0.5771942 4.602127 7.649475
-0.5605316 4.659256 7.923218
-0.40818787 4.568802 7.970825
-0.30821228 4.5521393 7.9279785
-0.44151306 4.806839 7.842285
-0.50816345 4.954422 7.8446655
-0.5533905 5.2091217 7.7161255
-0.46531677 5.1876984 7.5804443
-0.50816345 5.0139313 7.611389
-0.44389343 4.859207 7.635193
-0.3653412 4.9496613 7.7922974
-0.2653656 5.0996246 8.035095
-0.22251892 5.13295 8.213623
-0.21061707 5.1448517 8.046997
-0.38438416 5.385269 7.9993896
-0.44865417 5.0972443 8.189819
-0.34629822 4.5854645 7.763733
-0.31297302 4.356949 7.7304077
-0.47721863 4.478348 7.675659
-0.43199158 4.690201 7.911316
-0.35105896 4.856827 8.118408
-0.2320404 4.8282623 8.332642
-0.1749115 4.704483 8.465942
-0.15586853 4.628311 8.404053
-0.24632263 4.6616364 8.301697
-0.23918152 4.735428 8.1922
-0.30821228 4.6616364 8.016052
-0.38438416 4.5092926 7.847046
-0.40342712 4.4450226 7.8946533
-0.396286 4.6116486 7.801819
-0.33439636 4.768753 7.7684937
-0.37010193 4.833023 7.7922974
-0.3653412 4.833023 7.8827515
-0.28678894 4.8473053 7.887512
-0.28440857 4.844925 7.8137207
-0.19633484 4.885391 7.7304077
-0.24632263 4.992508 7.547119
-0.3653412 5.0734406 7.5352173
-0.41770935 5.0234528 7.468567
-0.4700775 5.0853424 7.5804443
-0.32011414 5.1115265 7.694702
-0.22013855 4.980606 7.661377
-0.3486786 4.8282623 7.8137207
-0.5129242 4.833023 7.7613525
-0.51768494 4.8615875 7.7851563
-0.4058075 4.8044586 7.8256226
-0.39866638 4.737808 7.8518066
-0.562912 4.794937 7.816101
-0.53196716 4.8282623 7.923218
-0.5391083 4.852066 7.9541626
-0.59147644 4.723526 7.994629
-0.4629364 4.7854156 8.042236
-0.36058044 4.954422 8.1779175
-0.27964783 5.0091705 8.099365
-0.18443298 4.8949127 8.104126
-0.2653656 4.8115997 8.218384
-0.27012634 4.840164 8.099365
-0.20347595 4.7187653 8.12793
-0.22727966 4.614029 8.113647
-0.2082367 4.6568756 8.06604
-0.24156189 4.7663727 8.013672
-0.24394226 4.806839 7.944641
-0.24632263 4.7782745 8.023193
-0.27964783 4.94252 8.096985
-0.16300964 5.011551 8.368347
-0.16062927 4.9591827 8.277893
-0.15348816 4.902054 8.156494
-0.16300964 4.9496613 8.13269
-0.20347595 5.030594 8.080322
-0.22251892 4.9901276 7.963684
-0.26060486 4.8544464 8.035095
-0.29393005 4.9496613 8.020813
-0.2891693 5.082962 8.101746
-0.24156189 5.211502 8.018433
-0.1749115 5.2067413 8.175537
-0.2820282 5.3352814 8.1922
-0.51530457 5.1686554 8.099365
-0.3891449 5.0091705 8.051758
-0.25346375 5.0329742 8.006531
-0.248703 5.037735 8.00415
-0.32487488 4.966324 8.013672
-0.39390564 4.935379 7.8518066
-0.45341492 5.1948395 7.994629
-0.32487488 5.173416 8.149353
-0.27726746 5.0401154 8.101746
-0.3153534 5.056778 8.19696
-0.23442078 4.9901276 8.218384
-0.09635925 4.7901764 8.1779175
-0.079696655 4.7639923 8.096985
-0.22013855 4.890152 8.111267
-0.248703 4.8949127 7.9589233
-0.30345154 4.666397 7.9970093
-0.30821228 4.6354523 8.051758
-0.3058319 4.856827 8.137451
-0.18443298 4.923477 8.180298
-0.16062927 4.856827 8.149353
-0.21061707 4.902054 7.9660645
-0.20585632 4.9449005 7.9470215
-0.13920593 4.9449005 8.016052
-0.077316284 4.883011 8.056519
-0.11064148 5.025833 8.075562
-0.11540222 5.0163116 7.8946533
-0.029708862 4.973465 7.9017944
-0.12730408 4.968704 7.8898926
-0.08921814 5.0234528 7.868469
-0.1582489 5.090103 7.8446655
-0.1749115 5.147232 7.835144
-0.15586853 5.116287 7.720886
-0.21061707 5.0615387 7.7018433
-0.12730408 4.9639435 7.713745
-0.06303406 5.011551 7.8637085
-0.039230347 4.9639435 7.8256226
0.08692932 4.7782745 7.816101
0.13215637 4.723526 7.732788
0.17262268 4.787796 7.6256714
0.20832825 4.825882 7.782776
0.21308899 4.8615875 7.8303833
0.22499084 4.8663483 7.8708496
0.16786194 4.885391 7.918457
0.07978821 4.9377594 8.006531
-0.010665894 4.9568024 8.089844
-0.09159851 4.87825 8.13031
-0.18205261 4.904434 8.201721
-0.2986908 5.0020294 8.315979
-0.34391785 4.9306183 8.246948
-0.4224701 4.999649 8.113647
-0.5129242 4.999649 8.13031
-0.479599 4.980606 8.151733
-0.45817566 4.968704 8.349304
-0.41056824 5.025833 8.330261
-0.34391785 5.0543976 8.318359
-0.332016 5.011551 8.220764
-0.3153534 5.0472565 8.06604
-0.27964783 5.13295 8.06366
-0.31059265 5.109146 8.032715
-0.24632263 5.0353546 8.00415
-0.21537781 4.928238 8.00415
-0.20109558 4.9972687 7.9970093
-0.16062927 4.9782257 8.049377
-0.1582489 4.856827 8.00415
-0.19395447 4.883011 7.956543
-0.19633484 4.9948883 7.9613037
-0.18681335 4.968704 7.885132
-0.22966003 5.0234528 7.8946533
-0.22251892 5.044876 7.9279785
-0.21299744 5.030594 7.970825
-0.2320404 4.968704 7.9660645
-0.17015076 5.00441 7.9613037
-0.18205261 4.9496613 7.9732056
-0.2082367 4.8758698 7.9613037
-0.18919373 4.9329987 7.949402
-0.16062927 4.9139557 8.042236
-0.22727966 4.8663483 8.016052
-0.2820282 4.973465 8.035095
-0.24156189 5.0329742 8.030334
-0.1915741 5.018692 8.077942
-0.21299744 5.044876 8.106506
-0.1915741 5.090103 8.042236
-0.22013855 5.0853424 8.13031
-0.21775818 5.0424957 8.116028
-0.19871521 4.871109 8.168396
-0.17729187 4.999649 8.113647
-0.19633484 4.9829865 8.142212
-0.13682556 4.9187164 8.044617
-0.18443298 4.9496613 8.00177
-0.19871521 4.9449005 8.039856
-0.21775818 4.968704 8.056519
-0.17253113 5.0091705 8.0112915
-0.15348816 5.018692 7.987488
-0.2082367 4.966324 7.9803467
-0.11064148 4.9758453 7.982727
-0.10826111 4.883011 7.9422607
-0.098739624 4.904434 7.918457
-0.16062927 4.8877716 7.847046
-0.17015076 4.8806305 7.9398804
-0.16777039 4.923477 7.820862
-0.122543335 4.94014 7.8184814
-0.0844574 4.902054 7.804199
-0.079696655 4.947281 7.7994385
-0.11778259 5.0329742 7.732788
-0.09159851 4.8734894 7.839905
-0.101119995 4.7140045 7.758972
-0.16300964 4.730667 7.758972
-0.1415863 4.68544 7.7089844
-0.13444519 4.614029 7.5685425
-0.19395447 4.5569 7.4709473
-0.25584412 4.6640167 7.4161987
-0.27964783 4.4950104 7.449524
-0.20109558 4.4973907 7.3566895
-0.24394226 4.8615875 7.461426
-0.21775818 5.0353546 7.7089844
-0.17729187 4.9591827 7.801819
-0.14634705 4.8115997 7.758972
-0.24156189 4.7473297 7.737549
-0.27964783 4.6616364 7.5494995
-0.42723083 4.5592804 7.4780884
-0.46055603 4.440262 7.5161743
-0.37010193 4.2022247 7.559021
-0.28678894 4.2450714 7.6470947
-0.34153748 4.2450714 7.6970825
-0.3558197 4.2450714 7.7423096
-0.3796234 4.211746 7.7113647
-0.39390564 4.1808014 7.699463
-0.38676453 4.1998444 7.6280518
-0.33677673 4.23555 7.6589966
-0.332016 4.242691 7.5494995
-0.30107117 4.178421 7.397156
-0.31059265 4.183182 7.3900146
-0.33439636 4.1808014 7.270996
-0.3224945 4.1617584 7.2162476
-0.25584412 4.0355988 7.0877075
-0.22966003 3.9641876 6.918701
-0.14634705 3.799942 6.8234863
-0.101119995 3.5785675 6.8639526
0.029800415 3.4309845 6.802063
-0.013046265 3.364334 6.416443
-0.21775818 3.4738312 6.102234
-0.5462494 3.3024445 5.9403687
-0.89378357 3.0858307 5.4595337
-1.1675262 2.5716705 5.1905518
-1.4293671 2.0218048 5.2333984
-1.5007782 1.5433502 5.4190674
-1.4531708 1.3505402 5.5999756
-1.486496 1.2672272 5.7594604
-1.4603119 1.1720123 5.82135
-1.6102753 1.1006012 5.9451294
-1.7649994 1.1458282 6.159363
-1.845932 0.88160706 6.4331055
-2.0244598 0.43885803 6.5878296
-2.2458344 0.13893127 6.540222
-2.5029144 0.01991272 6.437866
-2.7576141 0.050857544 6.404541
-2.8885345 0.14845276 6.5426025
-3.0789642 0.0460968 6.6592407
-3.4526825 -0.075302124 6.5545044
-3.9930267 -0.46806335 6.480713
-4.481003 -1.0345917 6.6140137
-4.995163 -1.4749603 6.8449097
-5.149887 -1.6415863 7.1710205
-5.0998993 -1.7463226 7.1138916
-5.214157 -1.7225189 7.0305786
-5.464096 -1.9010468 6.7401733
-6.0234833 -2.1176605 5.826111
-6.7566376 -2.4699554 5.4404907
-7.4088593 -3.0912323 5.7975464
-7.882553 -4.238571 6.9258423
-8.018234 -4.364731 8.7872925
-7.5254974 -3.993393 10.208374
-6.747116 -4.019577 11.267639
-6.482895 -4.1314545 11.003418
-6.9423065 -4.2742767 10.048889
-7.546921 -4.995529 9.308594
-7.73497 -5.919113 8.637329
-7.9801483 -6.4785004 7.9089355
-8.315781 -6.4023285 7.290039
-8.603806 -6.468979 7.0615234
-8.5395355 -7.021225 7.2210083
-8.468124 -7.3592377 7.378113
-8.315781 -7.221176 7.6661377
-8.089645 -6.983139 7.9398804
-8.170578 -6.8522186 7.820862
-8.434799 -6.8117523 7.263855
-8.672836 -6.8260345 6.604492
-8.960861 -6.952194 6.123657
-9.14415 -7.1331024 6.0046387
-9.375046 -7.078354 6.0046387
-9.439316 -6.854599 6.128418
-9.420273 -6.54039 5.9855957
-9.408371 -6.354721 5.7666016
-9.572617 -6.366623 5.526184
-9.779709 -6.4713593 4.9572754
-9.967758 -6.783188 4.6502075
-10.070114 -7.206894 4.576416
-10.060593 -7.323532 4.4383545
-9.984421 -7.3782806 4.3098145
-9.927292 -7.2735443 4.100342
-9.927292 -6.868881 4.0217896
-9.965378 -6.3261566 4.069397
-9.882065 -6.0357513 4.3598022
-9.617844 -5.476364 4.1170044
-9.320297 -6.1024017 3.8908691
-9.20842 -6.461838 3.12677
-9.434555 -6.945053 2.6245117
-9.574997 -7.3568573 2.4007568
-9.555954 -7.399704 2.286499
-9.282211 -7.0950165 2.3483887
-9.01799 -6.5380096 2.710205
-8.922775 -5.8762665 2.8839722
-8.844223 -5.3882904 2.5983276
-8.798996 -4.8884125 1.9937134
-8.803757 -4.3956757 0.54644775
-9.0013275 -4.390915 -0.5699463
-9.525009 -5.0883636 -0.84606934
-10.129623 -5.873886 -0.7246704
-10.17009 -6.54039 -0.4199829
-9.855881 -6.6475067 0.115600586
-9.460739 -6.1714325 0.394104
-9.310776 -5.635849 0.6273804
-9.327438 -5.140732 0.6821289
-9.408371 -4.8574677 0.6845093
-9.444077 -4.609909 0.40600586
-9.436935 -4.628952 0.2631836
-9.460739 -4.931259 0.52978516
-9.598801 -5.1645355 0.9963379
-9.565475 -5.3311615 1.0272827
-9.3988495 -5.397812 0.9225464
-9.134628 -5.283554 0.9154053
-8.841843 -5.038376 0.9439697
-8.756149 -4.826523 0.93444824
-8.739487 -4.674179 0.8535156
-8.627609 -4.8241425 0.90112305
-8.5395355 -5.026474 0.81066895
-8.537155 -5.1526337 0.8059082
-8.534775 -5.0502777 0.7416382
-8.482407 -4.8693695 0.7583008
-8.468124 -4.67894 0.85113525
-8.522873 -4.5623016 1.0558472
-8.541916 -4.3932953 1.1343994
-8.601425 -4.212387 1.2177124
-8.708542 -4.1695404 1.279602
-8.872787 -4.200485 1.151062
-9.110825 -4.238571 1.022522
-9.308395 -4.314743 0.8535156
-9.59404 -4.3385468 0.5916748
-9.8606415 -4.3242645 0.42980957
-10.024887 -4.2647552 0.28936768
-10.279587 -4.0814667 0.1798706
-10.403366 -3.7910614 -0.00579834
-10.408127 -3.5411224 -0.16290283
-10.410507 -3.3530731 -0.24383545
-10.384323 -3.2959442 -0.41046143
-10.334335 -3.3602142 -0.54852295
-10.310532 -3.384018 -0.5770874
-10.2200775 -3.3744965 -0.68182373
-10.148666 -3.3221283 -0.6270752
-10.034409 -3.0626678 -0.5532837
-9.967758 -2.7556 -0.44378662
-9.951096 -2.319992 0.0037231445
-9.970139 -2.0962372 0.2536621
-10.079636 -2.0748138 0.32269287
-10.124863 -2.2961884 0.31079102
Time Stop = 664
