Time Start = 4385
-1.2984467 3.9046783 8.544495
-1.2198944 3.9522858 8.594482
-1.2079926 3.9951324 8.725403
-1.2198944 4.037979 8.570679
-1.1199188 3.9618073 8.32312
-1.0009003 3.7856598 8.037476
-0.7771454 3.6618805 7.739929
-0.7414398 3.709488 7.525696
-0.7366791 3.9237213 7.3828735
-0.7009735 4.057022 7.2471924
-0.68193054 4.1808014 7.0615234
-0.6343231 4.276016 6.91156
-0.5938568 4.3997955 6.687805
-0.5700531 4.4378815 6.328369
-0.44389343 4.4521637 6.097473
-0.2820282 4.378372 5.783264
-0.1749115 4.1950836 5.4523926
-0.2320404 4.1165314 5.231018
-0.22966003 4.1308136 5.2453003
-0.15586853 4.2522125 5.5476074
-0.32011414 4.152237 5.9974976
-0.49150085 3.9784698 6.1760254
-0.46769714 3.7213898 6.123657
-0.25584412 3.4190826 5.8237305
-0.0035247803 3.3167267 5.538086
0.10597229 3.3476715 5.3500366
0.02027893 3.414322 5.2667236
-0.18919373 3.2191315 5.2595825
-0.41770935 2.4502716 5.0144043
-0.63194275 1.1862946 4.7525635
-0.8152313 -0.0443573 4.1931763
-1.1675262 -0.78227234 3.793274
-1.3698578 -1.2440643 3.7789917
-1.7340546 -1.8748627 3.7528076
-2.3362885 -2.9698334 3.2957764
-3.0980072 -4.976486 2.4626465
-3.9597015 -7.0807343 1.298645
-4.419113 -8.149521 -0.058166504
-4.4405365 -8.408981 -0.7341919
-3.7930756 -8.116196 -0.4937744
-3.1717987 -7.7377167 -0.124816895
-3.083725 -7.637741 -0.081970215
-3.5312347 -7.8186493 -0.42474365
-4.3953094 -8.275681 -0.9389038
-5.404587 -8.668442 -1.2007446
-6.2043915 -8.523239 -1.157898
-6.7423553 -8.168564 -0.8651123
-7.1041718 -7.82341 -0.8722534
-7.9111176 -7.8591156 -1.2840576
-9.0203705 -8.339951 -2.0457764
-10.467636 -8.9874115 -2.4361572
-11.538803 -9.189743 -2.3528442
-12.302902 -9.146896 -2.607544
-13.293137 -9.62059 -3.550171
-14.566635 -10.146652 -4.6046753
-14.673752 -11.274948 -5.056946
-14.269089 -11.386826 -4.723694
-13.942978 -10.475143 -4.7022705
-13.852524 -9.346848 -4.416626
-13.938217 -8.101913 -4.238098
-14.0858 -6.9283905 -4.307129
-14.27861 -5.873886 -4.5046997
-14.3405 -5.25737 -4.4142456
-14.373825 -4.943161 -3.897705
-14.461899 -4.700363 -3.5620728
-14.621384 -4.6956024 -3.1931152
-14.873703 -4.7979584 -3.1740723
-15.180771 -4.969345 -3.1931152
-15.549728 -5.124069 -3.1026611
-15.940109 -5.1573944 -2.9550781
-15.94249 -4.993149 -3.114563
-16.037704 -4.8503265 -3.390686
-16.116257 -4.8741302 -3.6739502
-16.163864 -4.8574677 -3.9000854
-16.097214 -4.878891 -3.973877
-16.061508 -4.9455414 -3.9762573
-16.101974 -5.0621796 -3.7786865
-16.032944 -5.0883636 -3.633484
-15.411667 -4.845566 -3.3168945
-14.188156 -4.6241913 -2.8051147
-12.783737 -4.5884857 -2.2623901
-11.695908 -4.738449 -1.7125244
-10.974655 -4.8836517 -1.4268799
-10.389084 -4.847946 -1.4387817
-9.834457 -4.7741547 -1.3745117
-9.034653 -4.5170746 -1.1436157
-8.137253 -4.1957245 -1.0031738
-7.4088593 -3.8553314 -0.9127197
-6.8589935 -3.5982513 -0.7080078
-6.735214 -3.2221527 -0.6246948
-6.9042206 -2.8698578 -0.3890381
-7.318405 -2.5937347 -0.24621582
-8.05632 -2.4628143 -0.2319336
-8.69426 -2.3795013 -0.3795166
-9.051315 -2.3890228 -0.40808105
-8.948959 -2.4818573 -0.43902588
-8.425278 -2.4818573 -0.24145508
-7.920639 -2.3866425 -0.05102539
-7.508835 -2.2319183 0.32507324
-7.432663 -1.9010468 0.4512329
-7.489792 -1.582077 0.5654907
-7.723068 -1.286911 0.62023926
-7.868271 -0.927475 0.5274048
-7.830185 -0.70848083 0.541687
-7.618332 -0.7441864 0.5202637
-7.4040985 -1.0298309 0.47265625
-7.151779 -1.2202606 0.20129395
-7.023239 -1.4035492 0.17272949
-7.1232147 -1.5011444 0.046569824
-7.3469696 -1.3940277 -0.22241211
-7.587387 -1.4178314 -0.18670654
-7.8587494 -1.4773407 -0.32714844
-8.080124 -1.7463226 -0.59375
-8.325302 -2.217636 -0.7984619
-8.670456 -2.6746674 -1.010315
-8.9561 -3.3030853 -1.0888672
-9.027512 -3.8505707 -1.2102661
-9.063217 -4.1814423 -1.2293091
-9.334579 -4.3504486 -1.1674194
-9.579758 -4.402817 -1.1888428
-10.012985 -4.307602 -1.2721558
-10.527145 -4.2790375 -1.2935791
-11.084152 -4.4647064 -1.3364258
-11.534042 -4.621811 -1.5387573
-11.998215 -4.80986 -1.6149292
-12.550461 -4.9003143 -1.8101196
-13.559738 -5.0621796 -1.9505615
-14.616623 -5.1145477 -2.0600586
-15.295029 -5.078842 -2.3171387
-15.594955 -5.135971 -2.486145
-16.128159 -5.264511 -2.633728
-16.749435 -5.2335663 -2.921753
-17.249313 -5.097885 -3.4978027
-17.254074 -4.8360443 -3.9262695
-16.594711 -4.724167 -3.8024902
-15.278366 -4.6003876 -2.8312988
-13.733505 -4.217148 -1.5768433
-12.252914 -3.5030365 -0.7437134
-11.376938 -2.672287 -0.44140625
-11.467392 -2.0105438 -0.6508789
-12.450485 -1.6630096 -1.0769653
-13.63353 -1.6177826 -1.6744385
-14.285751 -1.8558197 -2.217163
-14.188156 -2.1890717 -2.1814575
-13.719223 -2.5770721 -1.9291382
-13.176498 -2.7960663 -1.7053833
-12.557602 -2.6651459 -1.8743896
-11.912521 -2.396164 -2.1576538
-11.036545 -2.2223969 -2.3623657
-10.079636 -2.2438202 -2.3528442
-9.139389 -2.448532 -2.1624146
-8.422897 -2.8484344 -1.6363525
-7.7635345 -3.1007538 -1.5387573
-7.444565 -3.1459808 -1.4935303
-7.3350677 -2.9888763 -1.4768677
-7.277939 -2.6413422 -1.4911499
-7.2684174 -2.108139 -1.5078125
-7.1279755 -1.646347 -1.600647
-6.9280243 -1.2845306 -1.581604
-6.728073 -1.0893402 -1.5768433
-6.5257416 -1.0512543 -1.5339966
-6.411484 -1.1321869 -1.4721069
-6.399582 -1.4059296 -1.3150024
-6.5566864 -1.5297089 -1.3364258
-6.7804413 -1.5963593 -1.3530884
-6.8923187 -1.5082855 -1.3364258
-6.8661346 -1.5297089 -1.3483276
-6.932785 -1.7344208 -1.2697754
-6.9613495 -1.9200897 -1.4364014
-7.266037 -2.0748138 -1.6506348
-7.7111664 -2.108139 -1.8553467
-8.265793 -1.8843842 -2.1148071
-8.744247 -1.6058807 -2.1386108
-8.958481 -1.2154999 -1.9481812
-8.896591 -0.76560974 -1.7434692
-8.884689 -0.51091003 -1.4816284
-8.851364 -0.36332703 -1.2888184
-8.76329 -0.40141296 -1.1483765
-8.63475 -0.5608978 -1.0436401
-8.6228485 -0.95365906 -1.0293579
-8.82756 -1.415451 -1.2293091
-9.534531 -1.8224945 -1.6982422
-10.403366 -1.9272308 -2.107666
-10.986557 -1.8177338 -2.5932617
-11.255539 -2.070053 -2.5170898
-11.379318 -2.4937592 -2.5361328
-11.631638 -2.8936615 -2.7479858
-12.074387 -3.2269135 -3.0145874
-12.245773 -3.5815887 -2.9645996
-11.917282 -3.898178 -2.6694336
-11.279343 -4.257614 -2.3599854
-11.022263 -4.4004364 -2.2314453
-11.310287 -4.2980804 -2.402832
-11.943466 -4.005295 -2.8527222
-12.517136 -3.724411 -3.1431274
-12.997971 -3.5482635 -3.171692
-13.357407 -3.4506683 -3.1883545
-13.519272 -3.4911346 -3.050293
-13.743027 -3.5673065 -2.8527222
-14.004868 -3.6625214 -2.6503906
-14.27623 -3.6577606 -2.4171143
-14.392868 -3.7743988 -2.2124023
-14.245285 -3.7934418 -2.2385864
-14.038193 -3.7672577 -2.1814575
-13.76445 -3.788681 -2.2338257
-13.493088 -3.8696136 -2.3266602
-13.062241 -3.8791351 -2.274292
-12.457626 -3.7363129 -2.0195923
-11.693527 -3.3530731 -1.5387573
-10.922287 -2.7389374 -1.2745361
-10.324814 -2.255722 -1.1959839
-9.932053 -2.3057098 -1.4364014
-9.672592 -2.6294403 -1.6982422
-9.382187 -3.0793304 -1.9957886
-9.089401 -3.429245 -2.3480835
-8.672836 -3.7220306 -2.4813843
-8.37529 -3.91008 -2.6170654
-8.241989 -4.057663 -2.7313232
-8.222946 -4.1314545 -2.6837158
-8.31102 -4.281418 -2.8955688
-8.577621 -4.4147186 -3.1954956
-8.844223 -4.4718475 -3.364502
-8.95134 -4.4385223 -3.5097046
-8.922775 -4.533737 -3.3549805
-8.815659 -4.693222 -3.0098267
-8.820419 -4.988388 -2.7218018
-8.970383 -5.135971 -2.6027832
-9.075119 -5.283554 -2.6837158
-9.27507 -5.502548 -2.717041
-9.541672 -5.6977386 -3.0074463
-9.936813 -6.0167084 -3.069336
-10.412888 -6.2476044 -3.2097778
-10.903244 -6.6475067 -3.178833
-11.162704 -6.854599 -3.069336
-11.219833 -6.9236298 -3.0717163
-11.13652 -6.880783 -3.0979004
-11.181747 -6.809372 -3.1574097
-11.567368 -6.785568 -3.28833
-12.22673 -6.8903046 -3.3478394
-12.914658 -6.9022064 -3.4382935
-13.57164 -6.7046356 -3.5977783
-14.323837 -6.404709 -3.8215332
-15.076035 -6.1214447 -3.6834717
-15.509262 -6.0738373 -3.5216064
-15.214096 -6.1857147 -3.2121582
-14.390488 -6.328537 -2.7717896
-13.559738 -6.3261566 -2.6408691
-12.997971 -6.214279 -2.6860962
-12.493332 -5.950058 -2.8170166
-12.345749 -5.6144257 -3.15979
-12.664719 -5.2668915 -3.5692139
-13.462143 -4.957443 -4.033386
-14.369064 -4.481369 -4.385681
-15.11174 -3.8124847 -4.5618286
-15.713974 -2.9507904 -4.5999146
-16.049606 -1.934372 -4.7022705
-16.187668 -1.0226898 -4.468994
-16.059128 -0.37760925 -4.299988
-15.644943 0.008010864 -4.1619263
-15.083176 0.16273499 -3.9381714
-14.499985 0.11512756 -3.5049438
-13.726364 -0.058639526 -3.0669556
-12.781357 -0.13243103 -2.633728
-11.9839325 -0.30619812 -2.0410156
-11.434067 -0.33952332 -1.9267578
-11.238876 -0.47044373 -1.7149048
-11.034164 -0.64183044 -1.5030518
-10.648544 -1.010788 -1.536377
-10.353378 -1.4035492 -1.7767944
-10.243881 -1.8082123 -2.2861938
-10.227219 -1.9272308 -2.6956177
-10.141525 -1.8534393 -3.1502686
-9.893967 -1.6820526 -3.3764038
-9.570236 -1.4511566 -3.5477905
-9.277451 -1.2250214 -3.659668
-8.88945 -1.0821991 -3.7025146
-8.420517 -1.0821991 -3.666809
-8.020615 -1.2845306 -3.5073242
-7.723068 -1.5749359 -3.3311768
-7.613571 -1.9010468 -3.1455078
-7.401718 -2.070053 -2.9360352
-7.1922455 -2.100998 -2.6361084
-7.047043 -2.089096 -2.3528442
-7.054184 -2.0224457 -2.4837646
-7.1660614 -2.0843353 -2.6551514
-7.2493744 -2.350937 -2.5718384
-7.330307 -2.7032318 -2.229065
-7.34935 -2.7960663 -1.8148804
-7.568344 -2.910324 -1.2935791
-7.6088104 -2.9722137 -0.8341675
-7.5564423 -3.057907 -0.677063
-7.4755096 -2.9769745 -0.6008911
-7.5135956 -2.7841644 -0.5675659
-7.6492767 -2.4651947 -0.56518555
-8.049179 -2.0533905 -0.82702637
-8.370529 -1.7225189 -1.0198364
-8.7894745 -1.8296356 -0.8579712
-9.198898 -1.9772186 -1.0293579
-9.544052 -1.998642 -1.4268799
-9.939194 -1.8248749 -1.5673218
-10.286728 -1.8748627 -1.3554688
-10.4509735 -1.7463226 -1.074585
-10.350998 -1.684433 -0.9627075
-10.3033905 -1.72966 -0.77227783
-10.55809 -1.8153534 -0.95318604
-10.965134 -1.8439178 -1.4292603
-11.419785 -1.7606049 -1.9077148
-11.672104 -1.9058075 -2.100525
-11.58165 -2.089096 -2.1362305
-11.362656 -2.4509125 -2.0291138
-11.215073 -2.8341522 -1.9077148
-11.341232 -3.2102509 -2.145752
-11.793503 -3.3816376 -2.7694092
-12.2790985 -3.3411713 -3.2121582
-12.319565 -3.1126556 -3.3811646
-11.991074 -3.0388641 -2.736084
-11.443588 -3.0031586 -2.2243042
-11.122238 -3.0388641 -1.7577515
-11.012741 -2.910324 -1.4768677
-11.167465 -2.6437225 -1.2911987
-11.160324 -2.4747162 -1.0912476
-11.084152 -2.4818573 -1.0912476
-11.0056 -2.608017 -0.98651123
-11.010361 -2.8436737 -0.80322266
-11.0056 -2.9317474 -0.8508301
-10.988937 -2.9793549 -1.0031738
-10.950851 -3.0745697 -1.1031494
-10.94371 -3.1864471 -1.3364258
-10.957993 -3.307846 -1.5958862
-10.986557 -3.3768768 -1.7696533
-11.141281 -3.338791 -2.1029053
-11.248398 -3.3126068 -2.1743164
-11.307907 -3.3816376 -2.3099976
-11.186508 -3.467331 -2.293335
-11.038925 -3.7006073 -2.3290405
-11.022263 -4.069565 -2.1029053
-11.06987 -4.512314 -2.183838
-11.160324 -4.9526825 -2.512329
-11.529282 -5.454941 -2.77417
-12.183884 -6.123825 -2.8860474
-12.902756 -7.1640472 -2.5004272
-13.019394 -8.242355 -2.5075684
-12.695663 -8.9874115 -1.9886475
-13.740646 -9.94194 -2.8241577
-11.793503 -9.356369 -1.9862671
-14.754684 -9.339706 -2.6289673
-15.606857 -9.606308 -3.4882813
-12.840866 -8.685104 -2.5289917
-10.81041 -8.151901 -1.3483276
-9.8606415 -8.599411 -0.9627075
-9.948715 -8.175705 -1.5982666
-10.020126 -7.868637 -1.5935059
-10.348618 -7.5948944 -1.2769165
-10.919907 -7.2735443 -1.7006226
-11.788742 -6.790329 -2.2266846
-12.564743 -6.335678 -2.6551514
-13.224106 -6.2166595 -2.9955444
-13.802536 -6.226181 -3.319275
-14.242905 -5.983383 -3.678711
-14.1905365 -5.688217 -3.595398
-13.626389 -5.416855 -3.4240112
-12.933701 -5.1978607 -3.1240845
-12.771835 -5.1264496 -2.8241577
-12.86467 -5.0217133 -2.7099
-13.090805 -4.9717255 -2.781311
-13.464523 -4.8741302 -2.83844
-13.809677 -4.924118 -2.9122314
-14.373825 -4.686081 -3.3026123
-14.673752 -4.6646576 -3.5811157
-15.126022 -4.3290253 -4.1190796
-15.49736 -3.9886322 -4.5285034
-15.647324 -3.493515 -4.95697
-15.490219 -3.0602875 -5.097412
-15.395004 -2.4437714 -4.961731
-14.761826 -1.9200897 -4.6903687
-13.723984 -1.5344696 -4.2714233
-12.786118 -1.0917206 -3.961975
-11.807785 -0.90605164 -3.6715698
-11.20079 -0.82273865 -3.326416
-10.929428 -0.677536 -3.0360107
-10.822311 -0.594223 -2.9384155
-10.55809 -0.6846771 -2.9431763
-10.384323 -0.8346405 -3.069336
-10.460495 -0.8489227 -3.088379
-10.5342865 -0.6941986 -3.2645264
-10.17009 -0.87034607 -3.235962
-9.905869 -0.8989105 -3.235962
-9.66069 -0.93699646 -3.2312012
-9.27507 -0.927475 -3.2502441
-8.894211 -0.9155731 -3.1121826
-8.499069 -0.9846039 -2.8551025
-8.046799 -1.267868 -2.652771
-7.784958 -1.4297333 -2.588501
-7.630234 -1.8272552 -2.3933105
-7.6707 -1.9843597 -2.5765991
-7.8468475 -1.9200897 -2.6765747
-7.7873383 -1.6320648 -2.5337524
-7.515976 -1.1131439 -2.2433472
-7.3517303 -0.6061249 -2.2147827
-7.3469696 -0.1847992 -2.1243286
-7.5397797 0.06752014 -2.1052856
-7.663559 0.06990051 -2.043396
-7.4302826 -0.21336365 -1.6577759
-7.0827484 -0.5775604 -1.3007202
-6.8280487 -0.87272644 -0.86987305
-6.5257416 -0.87986755 -0.65563965
-6.292465 -0.83226013 -0.16290283
-6.244858 -0.5966034 0.029907227
-6.7161713 -0.13719177 -0.060546875
-7.720688 0.28889465 -0.3795166
-8.856125 0.27223206 -0.86035156
-9.801132 -0.22764587 -1.1126709
-10.712814 -1.0655365 -1.3173828
-11.810165 -1.7010956 -1.7030029
-12.774216 -2.3295135 -2.0100708
-13.383591 -2.88414 -1.6577759
-13.326462 -3.134079 -1.2721558
-12.8051605 -3.1674042 -1.0960083
-12.283859 -3.0721893 -0.82702637
-11.979172 -2.6413422 -0.61279297
-12.152939 -2.6651459 -0.75323486
-12.890854 -3.01268 -1.0841064
-13.624008 -3.07695 -1.729187
-14.01915 -2.903183 -2.2385864
-14.223862 -2.7722626 -2.4932861
-14.188156 -2.9507904 -2.8027344
-14.27861 -3.1293182 -2.126709
-14.178635 -2.8174896 -1.6696777
-14.250046 -2.267624 -0.96984863
-14.440475 -2.0295868 -0.06768799
-14.319077 -1.9438934 1.067749
-13.888229 -1.8558197 1.8128052
-13.421677 -1.703476 2.4697876
-13.178879 -1.3987885 2.6149902
-12.871811 -1.2607269 2.3936157
-12.624252 -0.87272644 2.0579834
-12.302902 -1.2750092 1.8699341
-11.643539 -1.9391327 1.5319214
-11.281723 -2.358078 1.1629639
-10.831833 -2.608017 0.7154541
-10.577133 -2.5794525 -0.041503906
-10.434311 -3.024582 -1.5911255
-10.229599 -3.0293427 -1.2626343
-9.772568 -2.8103485 -1.3078613
-9.322678 -2.8722382 -1.4816284
-9.196518 -2.9436493 -1.7149048
-9.08226 -3.1507416 -1.9957886
-9.094162 -3.3935394 -1.6791992
-9.27507 -3.0745697 -1.9910278
-9.520248 -2.8627167 -1.9362793
-9.78447 -2.974594 -1.9838867
-9.946335 -3.281662 -1.6934814
-10.203415 -3.5149384 -1.4125977
-10.408127 -3.686325 -1.305481
-10.7509 -3.9267426 -1.2983398
-11.057968 -4.383774 -1.2745361
-11.269821 -4.93602 -1.2316895
-11.415024 -5.4287567 -1.2935791
-11.717331 -5.726303 -1.2459717
-11.9006195 -5.816757 -1.3292847
-11.907761 -5.969101 -1.3935547
-11.853012 -6.188095 -1.517334
-11.760178 -6.4285126 -1.7720337
-11.812546 -6.7236786 -2.0338745
-12.062485 -6.937912 -2.1624146
-12.574265 -7.349716 -2.1195679
-13.0360565 -7.792465 -1.9124756
-13.212204 -7.9162445 -1.6982422
-13.31456 -7.8900604 -1.7839355
-13.747787 -7.8638763 -1.61969
-14.233383 -7.554428 -1.61969
-14.459518 -6.9926605 -1.7863159
-14.461899 -6.3642426 -1.9743652
-14.247665 -5.7429657 -1.8363037
-13.845383 -5.1931 -1.8244019
-13.319321 -4.628952 -1.8029785
-12.940842 -4.3552094 -1.9172363
-12.836105 -4.1052704 -2.2028809
-13.007492 -3.9434052 -2.524231
-13.612106 -3.5792084 -2.7384644
-14.328598 -3.005539 -2.8432007
-15.123642 -2.1319427 -3.4787598
-15.337875 -1.8082123 -3.050293
-15.354538 -1.5130463 -2.807495
-15.773483 -1.305954 -2.8027344
-16.366196 -1.0393524 -2.96698
-16.478073 -0.6608734 -2.8551025
-16.001999 -0.42997742 -2.5147095
-14.942734 -0.41807556 -2.229065
-14.007248 -0.5632782 -2.2028809
-13.25267 -0.8608246 -2.1600342
-12.517136 -1.1750336 -2.2980957
-11.783981 -1.4083099 -2.281433
-11.138901 -1.4559174 -2.550415
-10.391464 -1.4130707 -2.4932861
-9.863022 -1.4463959 -2.5289917
-9.386948 -1.4463959 -2.562317
-9.003708 -1.4011688 -2.5908813
-8.656174 -1.3535614 -2.6194458
-8.430038 -1.3630829 -2.6027832
Time Stop = 4390
