Time Start = 4337
-0.42008972 3.2572174 8.301697
-0.91044617 3.7523346 8.937256
-1.274643 3.8285065 9.0824585
-1.1841888 3.5190582 8.913452
-0.877121 3.2786407 8.665894
-0.69859314 3.1620026 8.38501
-0.6771698 3.1215363 8.025574
-0.6676483 3.1953278 7.699463
-0.5224457 3.2834015 7.475708
-0.44865417 3.40242 7.3114624
-0.4700775 3.4714508 7.194824
-0.64146423 3.542862 6.968689
-0.86997986 3.5595245 6.621155
-1.1984711 3.6595001 6.3307495
-1.3555756 3.6833038 6.1260376
-1.4650726 3.7071075 5.8880005
-1.5579071 3.6737823 5.461914
-1.6840668 3.5785675 5.071533
-1.7697601 3.53096 4.9382324
-1.9054413 3.3167267 4.8358765
-1.9125824 3.2429352 4.562134
-2.0815887 3.3262482 4.295532
-2.391037 3.254837 4.0527344
-2.621933 2.9882355 3.312439
-2.7457123 2.6787872 2.4816895
-2.8623505 2.0408478 2.1055908
-2.9575653 1.7385406 2.2008057
-3.1765594 1.4481354 2.8030396
-3.4312592 0.63642883 3.6218872
-3.6335907 -0.7513275 4.02417
-4.1905975 -2.0748138 3.5909424
-4.9808807 -3.2126312 3.036316
-5.4093475 -3.981491 1.8842163
-5.226059 -4.712265 0.920166
-4.699997 -5.764389 0.68688965
-4.2358246 -6.526108 0.98205566
-4.045395 -6.745102 1.5271606
-4.385788 -7.085495 2.2198486
-5.0165863 -7.880539 2.472168
-5.9401703 -8.951706 2.324585
-7.0184784 -10.13237 1.71521
-8.05394 -11.201157 1.1034546
-8.88945 -12.298508 0.92492676
-9.284592 -12.253281 0.5940552
-9.106064 -11.743881 0.34649658
-8.813278 -10.803635 0.18463135
-8.779953 -10.00145 0.39172363
-9.220322 -9.582504 0.4512329
-9.867783 -9.658676 0.44171143
-10.605698 -9.868149 0.4440918
-11.248398 -9.94194 0.32269287
-11.51976 -10.034775 0.070373535
-11.972031 -9.770554 -0.5175781
-12.3624115 -9.632492 -1.767273
-12.926559 -9.789597 -3.1264648
-13.340744 -10.339462 -4.1619263
-13.740646 -10.83934 -4.3880615
-13.257431 -10.882187 -4.6260986
-12.438583 -10.90123 -4.82605
-11.772079 -10.9631195 -5.218811
-11.286484 -10.867905 -5.623474
-10.872299 -11.072617 -6.1138306
-10.629501 -11.182114 -6.4470825
-10.6175995 -10.960739 -6.256653
-10.420029 -10.841721 -5.9995728
-10.286728 -10.777451 -5.6068115
-10.270065 -10.758408 -5.223572
-10.327194 -10.532272 -5.0021973
-10.265305 -10.265671 -4.9902954
-10.091537 -10.037155 -4.8760376
-10.132004 -9.944321 -4.6046753
-10.372421 -9.93956 -4.269043
-10.49144 -9.820541 -4.0595703
-10.648544 -9.884811 -3.8739014
-11.115097 -10.049057 -3.6072998
-11.767319 -9.934799 -3.576355
-12.367172 -9.999069 -3.512085
-12.667099 -10.268051 -3.4644775
-12.871811 -10.508469 -3.4263916
-12.936081 -10.351364 -3.3526
-13.047958 -9.953842 -3.243103
-13.364548 -9.315903 -2.9693604
-13.754929 -8.832687 -2.6194458
-13.976303 -8.523239 -2.281433
-13.740646 -8.213791 -1.9672241
-12.957504 -7.811508 -1.6434937
-11.912521 -7.24736 -1.2007446
-11.06749 -6.4404144 -0.9984131
-10.531906 -5.6572723 -0.59375
-10.265305 -4.7670135 -0.5270996
-10.186752 -4.0362396 -0.53186035
-10.412888 -3.6268158 -0.61517334
-10.729477 -3.4459076 -0.7246704
-11.019882 -3.5173187 -1.1436157
-11.203171 -3.6910858 -1.5958862
-11.267441 -3.8434296 -2.107666
-11.184128 -3.8386688 -2.479004
-10.986557 -3.8624725 -2.7884521
-10.629501 -3.800583 -3.1883545
-10.201035 -3.6482391 -3.390686
-9.734482 -3.448288 -3.3978271
-9.306015 -3.3364105 -3.2907104
-8.95134 -3.319748 -2.940796
-8.687119 -3.2745209 -2.5718384
-8.446701 -3.2292938 -2.3695068
-8.394333 -3.1888275 -2.0910034
-8.253891 -2.8531952 -1.9838867
-8.068222 -2.5580292 -1.9029541
-7.8539886 -2.2890472 -1.9267578
-7.651657 -2.0034027 -1.8291626
-7.4731293 -1.9248505 -1.7244263
-7.2898407 -1.9391327 -1.6220703
-7.2422333 -2.1414642 -1.4768677
-7.1779633 -2.2533417 -1.536377
-6.2805634 -2.5151825 -1.8220215
-6.656662 -2.1676483 -2.0529175
-7.1089325 -1.6701508 -0.043884277
-7.2755585 -1.2393036 -0.16766357
-5.5497894 -1.3773651 -0.9460449
-5.5878754 -1.9105682 -1.0245972
-6.611435 -2.3414154 -0.62945557
-7.439804 -2.49852 -0.54852295
-7.5397797 -2.62706 -0.71990967
-7.3279266 -2.710373 -1.0412598
-7.406479 -2.6651459 -1.414978
-7.8587494 -2.5270844 -1.5792236
-8.415756 -2.2890472 -1.6434937
-9.065598 -1.9700775 -1.8720093
-9.322678 -2.0272064 -1.1936035
-9.334579 -1.6963348 -1.498291
-9.306015 -2.2319183 -1.4316406
-9.505966 -2.5913544 -1.010315
-9.234604 -3.0388641 -0.94366455
-9.451218 -3.6315765 -0.907959
-10.608078 -3.7672577 -1.2459717
-11.495956 -3.6268158 -1.8910522
-12.110092 -2.8674774 -2.3671265
-13.176498 -2.9912567 -1.9910278
-12.700424 -3.569687 -2.2028809
-9.520248 -2.9365082 -1.5149536
-11.788742 -3.6910858 -0.23669434
-14.845139 -3.6291962 -2.743225
-13.76207 -5.3502045 -1.9243774
-12.371933 -5.423996 -1.7553711
-11.931564 -4.7289276 -1.5792236
-11.843491 -4.5480194 -1.3673706
-11.315048 -4.74321 -1.4744873
-10.639023 -4.905075 -1.350708
-10.462875 -4.924118 -1.157898
-11.062729 -4.80986 -1.3459473
-11.579269 -4.8741302 -1.0317383
-11.467392 -4.821762 -0.70562744
-11.224594 -4.719406 -0.44854736
-10.917526 -4.531357 -0.2819214
-10.781845 -4.212387 -0.36523438
-10.81517 -3.936264 -0.48187256
-10.855637 -3.5530243 -0.6008911
-10.781845 -3.4506683 -0.71990967
-10.584274 -3.550644 -0.7151489
-10.162949 -3.852951 -0.5794678
-9.696396 -4.1052704 -0.7103882
-9.27269 -4.255234 -0.7175293
-9.060837 -4.319504 -0.83654785
-8.796616 -4.5218353 -0.88653564
-8.465744 -4.48851 -0.8317871
-8.125351 -4.4075775 -0.8151245
-7.8016205 -4.3742523 -0.86035156
-7.5254974 -4.321884 -0.7817993
-7.280319 -4.3694916 -0.91986084
-7.0137177 -4.1766815 -0.9317627
-6.9089813 -4.0290985 -1.0626831
-6.9113617 -3.9315033 -0.91748047
-6.9732513 -3.8838959 -0.9746094
-7.2493744 -4.005295 -0.9246216
-7.496933 -4.16716 -0.87701416
-7.7064056 -4.3956757 -0.7103882
-7.939682 -4.595627 -0.58898926
-8.080124 -4.712265 -0.6437378
-8.12059 -4.878891 -0.8960571
-8.413376 -5.083603 -1.0484009
-8.756149 -5.5168304 -1.1269531
-9.194138 -6.059555 -1.2412109
-9.808273 -6.468979 -1.4173584
-10.477158 -6.726059 -1.6387329
-11.088913 -6.854599 -1.8672485
-11.622116 -6.783188 -2.0957642
-11.993454 -6.4999237 -2.3338013
-12.22197 -6.1404877 -2.5575562
-12.307663 -5.726303 -2.5646973
-12.276718 -5.3692474 -2.4504395
-12.405258 -5.124069 -2.364746
-12.850388 -5.0812225 -2.2266846
-13.709702 -5.1907196 -1.9743652
-14.745163 -5.5549164 -2.2409668
-15.418808 -6.064316 -2.3099976
-15.661606 -6.3690033 -2.5456543
-15.706833 -6.4023285 -2.7313232
-15.578293 -6.059555 -2.8741455
-14.928452 -5.5501556 -3.1264648
-13.8953705 -4.988388 -3.076477
-12.92894 -4.431381 -3.0193481
-11.96489 -3.7529755 -2.781311
-11.474533 -3.4911346 -2.414734
-11.303146 -3.262619 -2.1052856
-11.181747 -3.2673798 -1.8029785
-11.231735 -3.3173676 -1.7625122
-11.412643 -3.2340546 -1.4054565
-11.545944 -3.0983734 -1.4364014
-11.676865 -3.0745697 -1.6244507
-11.783981 -2.9055634 -1.8267822
-11.469772 -2.857956 -2.0291138
-10.891342 -2.9579315 -2.3933105
-10.322433 -3.179306 -2.402832
-9.78447 -3.2721405 -2.3528442
-9.363144 -3.1197968 -2.2909546
-8.908493 -2.9626923 -2.13385
-8.30864 -2.922226 -1.9838867
-7.8016205 -2.8032074 -1.9291382
-7.239853 -2.531845 -2.0314941
-6.8518524 -2.1581268 -2.100525
-6.599533 -2.005783 -2.017212
-6.2567596 -2.017685 -1.979126
-5.9592133 -2.1771698 -1.9029541
-5.7378387 -2.3914032 -1.7744141
-5.5759735 -2.6580048 -1.7030029
-5.5569305 -2.876999 -1.4244995
-5.6069183 -2.9269867 -1.3221436
-5.721176 -2.8555756 -1.3126221
-5.785446 -2.672287 -1.6030273
-6.021103 -2.5675507 -1.6173096
-6.1163177 -2.5128021 -1.7601318
-6.1329803 -2.698471 -1.7125244
-6.213913 -2.9888763 -1.4554443
-6.4471893 -3.3506927 -1.2316895
-7.068466 -3.5673065 -1.3364258
-7.8539886 -3.057907 -1.3173828
-8.491928 -2.6294403 -1.5339966
-8.915634 -2.3247528 -1.7387085
-9.1489105 -2.062912 -1.8410645
-9.153671 -2.0081635 -1.9100952
-9.096542 -2.0795746 -2.0481567
-9.089401 -2.267624 -1.9481812
-9.027512 -2.486618 -1.9672241
-8.970383 -2.793686 -1.7982178
-8.934677 -3.0983734 -1.5697021
-9.132248 -3.3245087 -1.3673706
-9.791611 -3.338791 -1.4435425
-10.755661 -3.0079193 -1.9196167
-11.745895 -2.319992 -2.5266113
-12.457626 -2.0295868 -2.7265625
-12.669479 -2.3271332 -2.107666
-12.469528 -3.2388153 -1.5435181
-12.400497 -4.300461 -1.5220947
-12.35527 -5.3002167 -1.6553955
-11.993454 -5.8619843 -1.5268555
-11.429306 -5.77153 -1.3150024
-10.922287 -5.1502533 -1.203125
-10.8294525 -4.398056 -1.1912231
-10.929428 -3.9838715 -1.2721558
-11.2079315 -3.5649261 -1.2983398
-11.667343 -3.5744476 -1.4816284
-12.152939 -3.4530487 -1.5530396
-12.828964 -3.384018 -1.6863403
-12.848007 -3.436386 -1.1507568
-13.140793 -3.024582 -0.9127197
-13.112228 -3.0079193 -0.79608154
-12.717087 -2.8484344 -0.3866577
-12.181503 -2.3437958 -0.27478027
-11.724472 -2.2914276 -0.2390747
-11.51976 -1.9462738 -0.26049805
-11.445969 -1.3130951 -0.024841309
-10.865158 -1.5273285 0.22271729
-10.120102 -1.9772186 0.51312256
-9.356003 -2.6627655 0.19891357
-8.794235 -3.2697601 0.08465576
-8.527634 -3.7148895 -0.031982422
-8.211044 -4.0029144 -0.24383545
-7.9230194 -4.083847 -0.3890381
-7.6016693 -4.1195526 -0.5770874
-7.3207855 -4.050522 -0.8722534
-7.201767 -4.000534 -0.86987305
-7.1541595 -4.000534 -0.907959
-7.085129 -3.9267426 -1.1102905
-7.1541595 -3.9529266 -1.1221924
-7.316025 -4.0219574 -1.1150513
-7.4160004 -4.024338 -1.1269531
-7.5373993 -4.1814423 -1.1888428
-7.8730316 -4.3742523 -1.3840332
-8.287216 -4.5408783 -1.5149536
-8.88707 -4.8312836 -1.7220459
-9.33696 -5.147873 -1.4863892
-9.624985 -5.4335175 -1.6315918
-9.877304 -5.8238983 -1.7387085
-10.1558075 -6.1904755 -1.8434448
-10.553329 -6.514206 -2.1100464
-11.055588 -6.6903534 -2.3814087
-11.769699 -6.8569794 -2.8027344
-12.462387 -6.8760223 -2.9431763
-12.8051605 -6.778427 -3.0169678
-12.900375 -6.5879974 -3.1764526
-12.890854 -6.3975677 -3.050293
-13.081284 -6.278549 -3.0098267
-13.621628 -6.404709 -2.4909058
-14.207199 -6.41185 -2.1171875
-14.609482 -6.47612 -2.0600586
-14.776108 -6.3118744 -2.0195923
-14.880844 -6.014328 -2.152893
-14.992722 -5.443039 -2.4194946
-15.009384 -4.859848 -2.7503662
-14.754684 -4.133835 -2.9645996
-14.226242 -3.4839935 -2.9122314
-13.63353 -3.0793304 -2.890808
-13.18602 -2.9150848 -2.7765503
-12.881332 -2.7341766 -2.6503906
-12.61235 -2.9531708 -2.4004517
-12.502853 -3.1459808 -2.429016
-13.107468 -2.7341766 -2.8622437
-13.712082 -2.5723114 -2.8336792
-13.750168 -2.4532928 -2.8146362
-13.364548 -2.3890228 -2.5480347
-12.662338 -2.319992 -2.376648
-11.798264 -2.3057098 -2.1433716
-11.119858 -2.3675995 -2.1171875
-10.569992 -2.2819061 -2.1576538
-9.877304 -2.1557465 -1.9338989
-9.194138 -2.0867157 -1.7125244
-8.594284 -1.9272308 -1.6672974
-7.894455 -1.79393 -1.6434937
-7.3017426 -1.7439423 -1.562561
-6.7613983 -1.7010956 -1.4697266
-6.206772 -1.7391815 -1.2911987
-5.661667 -1.9653168 -1.2626343
-5.1713104 -2.248581 -1.3530884
-4.968979 -2.403305 -1.5578003
-4.9404144 -2.5223236 -1.6815796
-5.0570526 -2.6222992 -1.7506104
-5.2332 -2.6556244 -1.914856
-5.6592865 -2.7032318 -1.9767456
-6.375778 -2.486618 -2.1814575
-6.8328094 -2.229538 -2.414734
-7.0756073 -2.2581024 -2.5456543
-7.2255707 -2.403305 -2.364746
-7.22081 -2.581833 -2.2243042
-7.337448 -2.762741 -2.3790283
-7.830185 -2.6960907 -2.6384888
-8.456223 -2.505661 -2.8812866
-9.053696 -2.0652924 -2.5932617
-9.598801 -1.5463715 -2.2909546
-9.263168 -1.0464935 -2.1743164
-8.820419 -0.95365906 -1.8934326
-8.668076 -1.1797943 -1.7839355
-8.908493 -1.4678192 -1.7720337
-9.134628 -1.79393 -1.8029785
-9.137009 -2.2152557 -1.7125244
-9.389328 -2.7484589 -1.5435181
-9.896347 -3.160263 -1.4578247
-10.9127655 -3.1245575 -1.5078125
-11.722092 -2.7889252 -1.7244263
-12.121994 -2.5651703 -1.9362793
-11.703049 -2.7389374 -1.1697998
-12.236252 -3.0460052 -0.98413086
-12.09819 -3.8291473 -1.3530884
-11.695908 -4.6122894 -1.7696533
-11.429306 -5.012192 -1.7268066
-11.212692 -4.852707 -1.6934814
-11.353134 -4.705124 -1.7458496
-11.2603 -4.450424 -1.6530151
-11.465012 -4.3123627 -1.5078125
-11.96965 -4.2076263 -1.6220703
-12.450485 -3.8196259 -1.8743896
-13.012253 -3.948166 -1.9910278
-12.67424 -4.057663 -2.0195923
-13.095566 -4.348068 -1.6696777
-12.73851 -4.179062 -1.5935059
-12.41954 -3.929123 -1.2578735
-11.960129 -3.7006073 -0.73657227
-11.58403 -3.2197723 -0.35095215
-10.667587 -3.0460052 0.03704834
-10.838974 -2.7484589 0.008483887
-10.984177 -2.6484833 -0.44378662
-10.539047 -3.14122 -0.6104126
-10.231979 -3.364975 -0.3557129
-10.0724945 -3.3483124 -0.39855957
-9.791611 -3.3411713 -0.33190918
-9.196518 -3.5435028 -0.22003174
-8.460983 -3.7672577 -0.25097656
-8.003952 -3.898178 -0.2319336
-7.6730804 -3.9029388 -0.34143066
-7.3017426 -3.8957977 -0.52233887
-7.0565643 -4.019577 -0.8389282
-7.208908 -4.2100067 -1.1793213
-7.246994 -4.481369 -1.0698242
-7.201767 -4.6241913 -1.0269775
-7.2231903 -4.931259 -1.0079346
-7.273178 -5.026474 -1.0579224
-7.361252 -5.0740814 -1.0126953
-7.549301 -4.845566 -0.9960327
-7.701645 -4.8955536 -1.0936279
-7.9872894 -5.0740814 -1.2554932
-8.275314 -5.4406586 -1.2983398
-8.44194 -6.059555 -1.157898
-8.6418915 -6.592758 -1.0007935
-8.818039 -7.016464 -0.93414307
-9.191757 -7.3759003 -1.2293091
-9.824936 -7.528244 -1.5101929
-10.531906 -7.6210785 -1.7553711
-11.205551 -7.5377655 -1.9648438
-11.748276 -7.130722 -1.9910278
-11.929184 -6.6403656 -1.9243774
-11.950607 -6.21904 -1.664917
-12.129135 -5.5477753 -1.4578247
-12.690903 -5.250229 -1.1507568
-13.538315 -5.347824 -0.52233887
-14.414291 -5.6072845 -0.039123535
-15.128403 -5.9595795 0.08227539
-15.709213 -6.1000214 -0.215271
-16.028183 -6.1857147 -0.7246704
-16.087692 -6.0809784 -1.4387817
-15.235519 -5.5572968 -1.7363281
-14.038193 -4.8812714 -2.0600586
-13.033676 -4.2480927 -2.183838
-12.241013 -3.9005585 -2.0529175
-11.674484 -3.633957 -1.8125
-11.13176 -3.641098 -1.6173096
-11.06987 -3.84581 -1.5482788
-11.303146 -4.0790863 -1.9053345
-12.138657 -3.512558 -2.2028809
-12.005356 -3.3744965 -1.9505615
-11.738754 -3.2792816 -2.1600342
-11.77684 -3.403061 -2.0862427
-12.038681 -3.2483368 -2.062439
-12.2148285 -2.929367 -2.236206
-11.933945 -2.7913055 -2.364746
-11.288864 -2.7389374 -2.3099976
-10.722336 -2.653244 -2.3742676
-10.353378 -2.505661 -2.4075928
-9.779709 -2.4390106 -2.3861694
-9.160812 -2.3366547 -2.364746
-8.587143 -2.293808 -2.19812
-8.034897 -2.2462006 -1.9529419
-7.5588226 -1.9915009 -1.9815063
-7.2636566 -1.8820038 -1.7577515
-6.9494476 -1.5773163 -1.5792236
-6.6399994 -1.3083344 -1.3292847
-6.4019623 -1.1440887 -1.2245483
-6.3257904 -1.0488739 -1.2792969
-6.459091 -1.0964813 -1.2626343
-6.630478 -1.3654633 -1.4840088
-6.9089813 -1.8391571 -1.6030273
-7.368393 -2.248581 -2.0743408
-7.677841 -2.5032806 -2.3266602
-7.823044 -2.274765 -2.467102
-7.79924 -1.9391327 -2.5170898
-7.79924 -1.7772675 -2.4813843
-7.875412 -1.9438934 -2.4171143
-8.149155 -1.9724579 -2.3718872
-8.584763 -1.9653168 -2.3552246
-9.160812 -1.8748627 -2.562317
-9.729721 -1.5844574 -2.7575073
-10.0724945 -1.1345673 -2.6884766
-9.85112 -0.760849 -2.255249
-9.78685 -0.6870575 -1.6434937
-9.78447 -0.36808777 -1.3983154
-9.598801 -0.10624695 -1.3364258
-9.4655 -0.13957214 -1.0079346
-9.258408 -0.29429626 -0.7270508
-9.3798065 -0.7299042 -0.6104126
-10.262924 -1.4011688 -0.41046143
-11.767319 -1.620163 -1.2174072
-13.426437 -2.0724335 -2.2338257
-14.3381195 -2.8793793 -2.467102
-14.100082 -3.9243622 -1.8172607
-13.243149 -4.633713 -0.93414307
-12.550461 -4.7146454 -0.446167
-12.057724 -4.859848 0.17510986
-11.624496 -4.7075043 0.36315918
-11.343613 -4.448044 0.7392578
-11.305527 -4.0433807 1.0748901
-11.355515 -3.807724 1.0915527
-11.424545 -3.7863007 0.86779785
-11.629257 -3.8672333 0.44647217
-11.929184 -4.152878 0.33459473
-12.167221 -4.595627 0.43218994
-12.052963 -4.890793 0.47265625
-11.848251 -5.097885 0.42504883
-11.664963 -4.8765106 0.47503662
-11.484055 -4.443283 0.43933105
-11.138901 -3.97435 0.45361328
-10.781845 -3.8101044 0.21795654
-10.553329 -3.8053436 -0.15338135
-10.389084 -4.069565 -0.4295044
-10.23436 -4.4599457 -0.6175537
-10.020126 -4.7551117 -0.6675415
-9.805893 -4.912216 -0.8317871
-9.482162 -4.9645844 -1.0245972
-9.151291 -4.8812714 -0.9650879
-8.791855 -4.788437 -1.1126709
-8.532394 -4.712265 -1.1817017
-8.234848 -4.5599213 -1.3031006
-7.9753876 -4.6646576 -1.3768921
Time Stop = 4342
