Time Start = 4358
-2.5362396 3.7404327 7.904175
-2.1101532 3.459549 7.673279
-1.8530731 3.7332916 8.061279
-1.8054657 4.0332184 8.632568
-1.7007294 4.1546173 8.815857
-1.6650238 4.1569977 8.753967
-1.7054901 4.0784454 8.618286
-1.8340302 4.2831573 8.461182
-1.7673798 4.5402374 8.289795
-1.5293427 4.5211945 8.120789
-1.2484589 4.4188385 7.923218
-1.0366058 4.3212433 7.6708984
-1.069931 4.140335 7.482849
-1.1294403 4.17128 7.36145
-1.1389618 4.140335 7.2662354
-1.0389862 4.1498566 7.16626
-0.941391 4.076065 6.8710938
-1.0223236 4.0094147 6.6568604
-0.9342499 4.0260773 6.4283447
-0.8485565 3.940384 6.2807617
-0.8104706 3.9903717 6.2593384
-0.8080902 4.133194 6.230774
-0.5462494 4.261734 6.33313
-0.22013855 3.8951569 5.776123
-0.36772156 3.504776 5.4642944
-0.5533905 3.4357452 5.2595825
-0.48912048 3.6499786 5.1119995
-0.14872742 3.9165802 5.135803
0.21308899 4.2641144 5.095337
0.39161682 4.356949 5.083435
0.37495422 4.3878937 4.9977417
0.19166565 4.4069366 5.038208
-0.122543335 4.197464 5.197693
-0.4129486 3.8880157 5.250061
-0.5867157 3.59523 5.1453247
-0.74620056 3.292923 4.852539
-1.1318207 3.0715485 4.5407104
-1.486496 2.7882843 4.255066
-1.8506927 2.3836212 3.7789917
-2.0411224 1.8932648 3.2624512
-2.2791595 1.1553497 3.0482178
-3.0051727 0.6292877 3.0910645
-4.0477753 -0.26097107 3.5409546
-5.278427 -1.9748383 3.3267212
-6.5495453 -3.5982513 2.3150635
-7.701645 -5.159775 1.0106201
-8.332443 -6.3642426 -0.23431396
-8.468124 -7.1473846 -1.4221191
-8.334824 -7.24736 -1.2959595
-7.9825287 -6.778427 -0.40808105
-7.675461 -5.881027 0.17749023
-7.406479 -5.521591 0.43218994
-7.523117 -5.750107 0.43695068
-7.970627 -6.5118256 -0.15576172
-8.734726 -7.347336 -0.9293823
-9.375046 -7.8376923 -1.5839844
-10.093918 -7.7377167 -2.7908325
-10.922287 -8.14476 -3.8619995
-12.024399 -8.523239 -4.704651
-12.952744 -8.796982 -5.6377563
-14.131027 -9.080246 -6.4399414
-14.768967 -10.284714 -7.5896606
-15.404526 -11.474899 -8.368042
-15.62352 -12.543686 -8.565613
-15.399765 -13.607712 -8.22998
-15.316452 -13.643417 -8.296631
-15.759201 -12.341354 -8.537048
-15.861557 -10.298996 -8.653687
-15.709213 -8.716049 -8.92981
-15.316452 -7.7424774 -8.415649
-14.66185 -7.0616913 -8.051453
-13.973923 -6.5118256 -7.213562
-13.733505 -5.7239227 -6.949341
-14.054855 -5.00029 -6.8636475
-14.464279 -4.576584 -6.3875732
-14.271469 -4.2790375 -5.40448
-13.843002 -3.9053192 -4.583252
-13.82634 -3.595871 -3.781067
-14.061996 -3.0912323 -3.3621216
-14.166733 -2.672287 -3.4906616
-14.559494 -2.588974 -4.257141
-15.128403 -2.910324 -4.7593994
-15.36882 -3.3697357 -4.616577
-14.804672 -3.9862518 -4.0024414
-13.804916 -4.281418 -3.5715942
-12.686142 -4.417099 -3.1478882
-11.400742 -4.379013 -2.8741455
-10.084396 -4.1957245 -2.8432007
-9.2322235 -3.7648773 -2.9717407
-8.95372 -3.3102264 -3.178833
-9.134628 -3.1840668 -2.9979248
-9.277451 -3.4649506 -2.690857
-9.217941 -4.2718964 -1.8172607
-8.875168 -4.8384247 -1.3364258
-8.446701 -4.8550873 -0.9127197
-8.106308 -4.647995 -0.3795166
-7.920639 -3.5625458 0.23937988
-7.906357 -2.7056122 1.2200928
-7.9634857 -2.6556244 1.5438232
-8.092026 -3.069809 1.279602
-8.187241 -3.4316254 0.5274048
-8.3919525 -4.0481415 0.17749023
-8.510971 -4.636093 -0.39141846
-8.546677 -4.9788666 -1.2578735
-8.639511 -5.2526093 -1.6411133
-8.753769 -5.4144745 -1.8458252
-8.749008 -5.307358 -1.8720093
-8.537155 -5.2930756 -1.8482056
-8.406235 -4.7527313 -1.0579224
-8.275314 -3.4958954 -0.3961792
-8.115829 -2.1962128 0.17272949
-8.087265 -1.1655121 0.7154541
-8.187241 -0.6608734 1.1867676
-8.318161 -0.54185486 1.4771729
-8.444321 -0.59898376 1.6723633
-8.591904 -0.9488983 1.6223755
-8.739487 -1.1988373 1.5747681
-8.944199 -1.3821259 1.1415405
-9.244125 -1.7701263 0.7154541
-9.739243 -2.312851 0.1394043
-10.260544 -2.7675018 -0.50567627
-10.834213 -3.236435 -1.138855
-11.379318 -3.667282 -1.5030518
-11.757797 -3.9576874 -1.7220459
-11.924423 -4.0290985 -1.9005737
-12.010117 -4.095749 -2.0291138
-12.207687 -4.198105 -2.1790771
-12.67186 -4.3171234 -2.3885498
-13.1884 -4.2861786 -2.383789
-13.4978485 -4.1243134 -2.3790283
-13.738266 -3.7743988 -2.3076172
-14.061996 -3.4268646 -2.2504883
-14.576157 -3.1935883 -2.229065
-15.378342 -3.3054657 -2.421875
-16.099594 -3.7577362 -2.3480835
-16.451889 -4.4218597 -2.229065
-16.52092 -4.864609 -1.8672485
-15.9353485 -4.8050995 -1.7149048
-14.823715 -4.152878 -1.7720337
-13.562119 -3.3673553 -1.7886963
-12.369553 -2.7651215 -1.7410889
-11.429306 -2.4104462 -1.7744141
-10.94133 -2.3461761 -1.6244507
-10.917526 -2.4628143 -1.3221436
-11.310287 -2.56279 -1.2340698
-11.952988 -2.6675262 -1.2745361
-12.35527 -2.7198944 -1.4911499
-12.424301 -2.6841888 -1.7315674
-12.398117 -2.5389862 -2.0410156
-12.305283 -2.339035 -2.4932861
-12.072006 -2.2390594 -2.7860718
-11.555466 -2.2200165 -2.8765259
-10.786606 -2.1890717 -2.595642
-9.943954 -2.2842865 -2.19812
-9.129868 -2.2533417 -1.7791748
-8.365768 -2.0676727 -1.6601563
-7.708786 -1.8486786 -1.8410645
-7.175583 -1.6796722 -1.8601074
-6.797104 -1.5606537 -1.6315918
-6.3257904 -1.6344452 -1.3911743
-5.9354095 -1.6987152 -1.0507813
-5.6854706 -1.9081879 -0.8817749
-5.547409 -2.108139 -0.49139404
-5.4783783 -2.0295868 -0.3461914
-5.411728 -1.7748871 -0.4295044
-5.3784027 -1.5915985 -0.43426514
-5.5117035 -1.6106415 -0.47711182
-5.637863 -1.7796478 -0.54852295
-5.783066 -2.2819061 -0.6365967
-6.0187225 -2.7460785 -0.7080078
-6.4995575 -3.0460052 -0.907959
-7.0065765 -2.8222504 -1.3007202
-7.375534 -2.448532 -1.4697266
-7.644516 -2.0391083 -1.3340454
-7.7516327 -1.6725311 -1.0841064
-7.8516083 -1.6106415 -0.95318604
-8.196762 -1.7106171 -0.9888916
-8.8228 -1.8248749 -1.1079102
-9.486923 -1.7701263 -1.222168
-9.943954 -1.6891937 -1.3745117
-9.967758 -1.72966 -1.3768921
-9.674973 -1.8439178 -1.1079102
-9.365524 -2.172409 -0.7437134
-9.158432 -2.6199188 -0.45568848
-9.365524 -3.160263 -0.3866577
-10.084396 -3.422104 -0.74609375
-11.32933 -3.3102264 -1.5482788
-12.807541 -3.0745697 -2.2600098
-13.95488 -2.974594 -2.8027344
-14.457138 -3.198349 -2.524231
-14.557114 -3.6101532 -1.9505615
-14.373825 -3.5244598 -1.6982422
-13.859665 -3.1174164 -1.8624878
-13.228867 -3.0198212 -1.7410889
-12.2981415 -3.224533 -1.4173584
-11.415024 -3.6363373 -1.3983154
-10.734238 -3.8315277 -1.2888184
-10.374802 -3.9219818 -1.055542
-10.1082 -3.7672577 -1.2911987
-10.055832 -3.6053925 -1.2507324
-10.381943 -3.4768524 -1.0698242
-11.022263 -3.4387665 -1.3483276
-11.803024 -3.372116 -1.7744141
-12.540939 -3.3768768 -2.3147583
-12.876572 -3.3863983 -2.4528198
-12.914658 -2.9079437 -3.088379
-10.42955 -2.865097 -0.16052246
-9.872543 -4.319504 -1.6125488
-11.714951 -2.615158 -2.7765503
-13.05748 -3.1650238 -1.7958374
-11.010361 -2.8412933 -1.0650635
-8.906113 -2.127182 0.08465576
-8.453842 -3.3935394 0.25604248
-9.846359 -4.4956512 -0.3295288
-9.872543 -4.893173 -1.2935791
-9.632126 -4.6694183 -0.5461426
-8.582382 -4.5932465 -0.31524658
-8.384811 -4.724167 -0.80322266
-7.8611298 -4.833664 -0.58898926
-7.273178 -4.5742035 -0.5699463
-6.970871 -4.4575653 -0.52233887
-6.8066254 -4.443283 -0.5199585
-6.818527 -4.383774 -0.61279297
-7.020859 -4.3290253 -0.84368896
-7.2755585 -4.333786 -1.119812
-7.9944305 -4.1623993 -1.3078613
-8.380051 -4.283798 -1.5530396
-8.901352 -4.4647064 -1.5601807
-9.265549 -4.68132 -1.5482788
-9.589279 -4.9645844 -1.6101685
-9.898727 -5.1931 -1.5982666
-10.039169 -5.4930267 -1.7339478
-10.077255 -5.8310394 -1.7625122
-10.410507 -6.0119476 -1.5458984
-10.660446 -6.2476044 -1.7458496
-11.2079315 -6.4713593 -1.9434204
-11.872055 -6.5499115 -2.3861694
-12.488571 -6.449936 -2.7241821
-12.778976 -6.3499603 -2.7836914
-12.669479 -6.257126 -2.5789795
-12.450485 -6.2547455 -2.4194946
-12.326706 -6.259506 -2.1505127
-12.5457 -6.2238007 -1.9672241
-12.8884735 -6.4166107 -1.8244019
-13.362167 -6.771286 -1.8148804
-13.783493 -7.1069183 -1.7268066
-14.014389 -7.297348 -1.5744629
-14.261948 -7.471115 -1.453064
-14.6523285 -7.387802 -1.5149536
-14.7165985 -6.952194 -1.8386841
-14.345261 -6.2499847 -2.0791016
-13.466904 -5.5620575 -2.1695557
-12.73851 -5.0169525 -2.1743164
-12.457626 -4.4218597 -2.338562
-12.186264 -4.019577 -1.9458008
-12.079147 -3.243576 -1.2150269
-11.512619 -2.6127777 -0.9650879
-11.588791 -2.6556244 -1.8339233
-12.712326 -2.7722626 -2.2671509
-13.174118 -2.9317474 -2.4456787
-12.5457 -3.2388153 -1.9291382
-12.012497 -2.6389618 -2.2314453
-11.824448 -2.4294891 -2.00531
-11.850632 -1.9962616 -2.3242798
-11.560226 -1.8582001 -2.4313965
-10.834213 -1.998642 -2.5813599
-10.067734 -2.2057343 -2.7670288
-9.615463 -2.2866669 -2.8717651
-9.1679535 -2.2842865 -2.9526978
-8.608566 -2.581833 -2.9979248
-8.020615 -2.9507904 -2.9622192
-7.7373505 -2.9793549 -3.0145874
-7.470749 -2.736557 -3.0193481
-7.1993866 -2.2961884 -2.986023
-6.906601 -1.8986664 -2.7575073
-6.656662 -1.5582733 -2.4575806
-6.418625 -1.3368988 -2.4361572
-6.4876556 -1.305954 -2.5480347
-6.7947235 -1.3821259 -2.781311
-7.323166 -1.4368744 -2.8717651
-7.7373505 -1.3630829 -3.0836182
-8.153915 -1.2726288 -3.0979004
-8.534775 -1.2726288 -3.0740967
-8.837082 -1.3011932 -2.9384155
-8.958481 -1.3416595 -2.9169922
-9.182236 -1.1226654 -3.0431519
-9.27269 -0.96318054 -2.6932373
-9.52977 -0.7441864 -2.4718628
-9.729721 -0.15861511 -2.486145
-9.672592 0.44837952 -2.312378
-9.2322235 0.75068665 -1.8125
-8.777573 0.5959625 -1.1864624
-8.69426 0.16749573 -0.76989746
-9.096542 -0.42045593 -0.96746826
-10.267685 -0.81321716 -1.3102417
-11.500717 -0.7679901 -1.8434448
-12.238632 -0.27049255 -1.6387329
-12.188644 0.6483307 -1.1221924
-12.069626 1.169632 -0.48901367
-11.693527 0.5578766 0.0061035156
-11.933945 -0.70848083 -0.0034179688
-12.302902 -2.0034027 -0.19384766
-12.052963 -2.6294403 -0.41046143
-11.367416 -2.2223969 -0.36999512
-10.631882 -1.3297577 -0.15338135
-10.248642 -0.7108612 0.029907227
-10.310532 -0.6037445 0.020385742
-10.924667 -0.93699646 -0.13433838
-11.924423 -1.3797455 -0.7579956
-13.014633 -1.9891205 -1.350708
-13.659714 -2.9460297 -1.498291
-13.992966 -3.8220062 -1.5339966
-14.052475 -4.3504486 -1.479248
-14.009628 -4.7027435 -1.2055054
-13.804916 -4.8503265 -1.0031738
-13.616867 -4.7551117 -0.93652344
-13.352646 -4.345688 -0.6008911
-12.857529 -4.0481415 -0.54852295
-12.6575775 -3.7934418 -0.7151489
-12.260056 -3.9053192 -0.54852295
-11.617355 -4.514694 -0.22717285
-10.972275 -5.2978363 0.03704834
-10.284348 -5.7144012 -0.19146729
-9.78685 -6.5165863 -0.4533081
-10.053452 -6.0119476 -0.824646
-10.2391205 -5.295456 -0.66516113
-9.822556 -5.669174 -1.2840576
-8.044418 -5.283554 -1.4649658
-6.6280975 -4.5432587 -0.6508789
-8.139633 -4.6241913 -1.7910767
-8.0967865 -5.302597 -2.1409912
-8.458603 -4.6503754 -2.2909546
-7.9825287 -4.467087 -2.1195679
-7.4826508 -4.762253 -1.8267822
-7.7706757 -4.4980316 -1.8172607
-8.270554 -4.379013 -1.8291626
-8.815659 -4.5099335 -1.9338989
-9.053696 -4.9384003 -2.0529175
-9.175095 -5.3383026 -2.1243286
-9.525009 -5.571579 -2.3361816
-9.644028 -5.7024994 -2.479004
-9.667831 -5.8238983 -2.678955
-9.910629 -5.847702 -3.024109
-10.422409 -5.8691254 -3.583496
-10.722336 -6.297592 -3.8024902
-11.184128 -6.6141815 -4.0143433
-11.538803 -6.8712616 -4.3118896
-11.612595 -7.225937 -4.1714478
-12.16008 -7.592514 -4.257141
-13.178879 -7.9424286 -4.159546
-14.300034 -8.356613 -4.12146
-14.445236 -8.456589 -3.8310547
-14.102463 -8.306625 -3.4406738
-13.628769 -7.8376923 -3.2073975
-13.405014 -7.290207 -2.940796
-13.428818 -6.5689545 -2.7789307
-13.238388 -5.873886 -2.671814
-12.455246 -5.4716034 -2.4932861
-11.767319 -5.0621796 -2.4266357
-11.26506 -4.828903 -2.1766968
-10.991318 -4.5480194 -2.0552979
-10.87944 -4.5242157 -2.1743164
-11.662582 -4.2290497 -2.06958
-11.788742 -4.1647797 -2.3528442
-11.800644 -4.083847 -2.3147583
-12.683762 -3.9386444 -2.1862183
-12.667099 -3.9672089 -2.7075195
-13.112228 -3.833908 -2.9384155
-13.526413 -3.474472 -2.826538
-13.421677 -3.2221527 -2.6575317
-12.579025 -3.2935638 -2.8170166
-12.467148 -3.1769257 -2.6027832
-11.886337 -3.153122 -2.8170166
-10.838974 -3.410202 -2.6027832
-11.5221405 -3.871994 -1.6506348
-11.357895 -4.0481415 -0.8817749
-9.327438 -3.686325 -1.1364746
-8.275314 -3.0150604 -1.1626587
-7.4612274 -2.3223724 -1.7339478
-7.132736 -1.7629852 -2.0910034
-7.035141 -1.53685 -2.4194946
-7.020859 -1.6725311 -2.77417
-7.1660614 -1.998642 -2.9050903
-7.1422577 -2.3080902 -2.9431763
-7.197006 -2.596115 -2.736084
-7.515976 -2.4961395 -2.2719116
-7.382675 -2.365219 -2.3338013
-7.694504 -2.3080902 -2.183838
-8.115829 -2.0843353 -2.145752
-8.225327 -1.703476 -2.505188
-8.344345 -1.4225922 -2.4361572
-8.075363 -1.53685 -2.3814087
-7.920639 -1.8558197 -2.414734
-8.575241 -2.0295868 -2.2719116
-8.963242 -1.9248505 -2.5480347
-9.824936 -0.6680145 -2.402832
-10.579514 1.3791046 -2.1433716
-10.650925 3.247696 -1.0531616
-10.112961 3.9451447 0.2631836
-9.446457 4.068924 0.625
-8.777573 3.5785675 0.20843506
-8.434799 2.7525787 -0.15338135
-8.834702 2.0694122 -0.41522217
-9.824936 1.6195221 -0.75561523
-10.900864 1.7861481 -1.2150269
-11.448349 1.9146881 -1.3150024
-12.043442 1.6242828 -1.8172607
-12.9717865 0.27461243 -1.9719849
-14.054855 -1.4202118 -2.3980713
-14.764206 -2.967453 -2.7503662
-14.47142 -3.7672577 -3.3049927
-14.207199 -4.0219574 -2.6242065
-13.052719 -2.929367 -2.2576294
-12.119614 -2.1962128 -1.600647
-11.952988 -1.9676971 -1.0436401
-12.526657 -2.2319183 -0.7841797
-12.936081 -2.2414398 -1.0936279
-13.609726 -1.877243 -1.8125
-13.609726 -1.5939789 -1.74823
-12.559982 -2.1581268 -2.0219727
-12.574265 -2.6222992 -2.1933594
-13.428818 -2.8603363 -2.248108
-13.63353 -3.1959686 -2.64563
-13.602585 -4.224289 -3.5335083
-14.002487 -5.135971 -4.12146
-14.073898 -5.307358 -4.3690186
-13.474045 -5.269272 -3.807251
-12.793259 -4.976486 -3.5216064
-12.386215 -4.7098846 -3.15979
-11.991074 -4.6384735 -3.076477
-11.284103 -4.912216 -3.012207
-10.715195 -5.393051 -3.2145386
-10.246262 -5.8000946 -3.1478882
-9.893967 -5.9929047 -3.1098022
-9.405991 -6.0238495 -3.0740967
-8.875168 -5.9929047 -2.993164
-8.389572 -5.8762665 -2.8741455
-7.9349213 -5.757248 -2.6694336
-7.599289 -5.5620575 -2.512329
-7.3398285 -5.3502045 -2.3028564
-7.2636566 -5.090744 -2.1148071
-7.1041718 -5.057419 -1.979126
-7.0184784 -5.090744 -1.998169
-7.113693 -5.2549896 -2.1219482
-7.1017914 -5.457321 -2.3171387
-7.023239 -5.545395 -2.562317
-7.106552 -5.5287323 -2.8598633
-7.3279266 -5.5549164 -2.9622192
-7.663559 -5.609665 -3.216919
-8.070602 -5.8429413 -3.3930664
-8.551437 -6.0381317 -3.576355
-8.939438 -6.180954 -3.762024
-9.248886 -6.464218 -4.071472
-9.7202 -6.7355804 -4.3309326
-10.3867035 -6.899826 -4.6832275
-11.050827 -7.021225 -4.9712524
-11.507858 -7.033127 -5.0926514
-11.579269 -7.002182 -5.252136
-11.548325 -6.995041 -5.2402344
-11.922043 -7.24498 -5.0426636
-12.809921 -7.6091766 -4.8236694
-13.462143 -7.547287 -4.961731
-13.659714 -7.3378143 -4.8546143
-13.657333 -7.05217 -4.6118164
-13.738266 -6.8307953 -4.473755
-13.862045 -6.6213226 -4.4071045
-13.862045 -6.3832855 -4.4261475
-13.50737 -6.1024017 -4.2904663
-12.912277 -5.602524 -4.1952515
-12.47905 -5.0288544 -4.031006
-12.276718 -4.519455 -3.9476929
-12.193405 -4.2742767 -3.7834473
-12.35051 -4.1838226 -3.7453613
-12.695663 -4.2457123 -3.7548828
-13.226486 -4.171921 -4.0857544
-13.838242 -4.179062 -4.2285767
-14.252426 -3.993393 -3.8596191
-14.604721 -3.467331 -4.371399
-14.890366 -3.1459808 -4.621338
-14.971298 -2.9079437 -4.1309814
-14.514267 -2.7151337 -3.7786865
-14.428574 -2.1105194 -3.7572632
-14.526169 -1.960556 -3.390686
-13.997726 -2.0771942 -3.3026123
-13.2026825 -2.1248016 -3.2859497
-12.28862 -2.0843353 -3.178833
-11.312668 -1.877243 -3.1264648
-10.722336 -1.5939789 -2.909851
-10.141525 -1.3797455 -2.6099243
-9.505966 -1.3368988 -2.1862183
-9.029892 -1.2940521 -2.0719604
-8.603806 -1.0726776 -1.8482056
-8.163437 -0.97984314 -1.7910767
-7.784958 -0.87034607 -1.6934814
-7.489792 -0.8489227 -1.6149292
-7.316025 -0.8941498 -1.7767944
-7.201767 -0.84654236 -1.8291626
-7.0898895 -0.78227234 -1.94104
-6.9161224 -0.7180023 -1.9029541
-6.8018646 -0.6061249 -1.9196167
Time Stop = 4363
