Time Start = 2826
5.0000153 -3.3316498 9.829895
2.2840118 -3.107895 9.265747
1.034317 -3.769638 9.896545
1.4413605 -3.326889 9.744202
2.1530914 -2.781784 8.480225
1.9936066 -2.5389862 8.120789
1.1128693 -3.0531464 9.615662
1.2080841 -2.6484833 8.020813
1.598465 -3.319748 7.835144
1.5460968 -3.7410736 7.2281494
1.9531403 -4.071945 7.6518555
2.0269318 -3.6101532 8.634949
1.8531647 -3.3221283 9.251465
1.8222198 -2.8484344 9.782288
2.1792755 -2.543747 9.646606
2.6148834 -2.8151093 9.687073
2.7053375 -3.288803 9.003906
2.843399 -2.1700287 9.572815
2.4720612 -2.7056122 10.294067
1.9698029 -2.6222992 9.7751465
2.59346 -2.81987 9.7751465
2.8386383 -3.0388641 9.4609375
2.5767975 -3.2269135 9.332397
2.2292633 -3.3578339 9.125305
2.1221466 -3.1840668 8.894409
2.169754 -3.2697601 8.875366
1.938858 -3.384018 9.113403
2.0459747 -3.8577118 9.3776245
2.1483307 -3.198349 9.337158
1.9936066 -3.372116 9.701355
1.9912262 -3.1269379 9.827515
2.20784 -3.2221527 9.713257
2.3530426 -2.7841644 9.753723
2.2816315 -2.7913055 9.4609375
2.3339996 -3.3102264 8.530212
2.457779 -4.526596 9.018188
2.3149567 -3.679184 8.13269
1.1747589 -3.224533 9.125305
2.1126251 -2.7460785 9.111023
2.0959625 -3.300705 8.539734
1.5651398 -3.2983246 8.475464
1.4842072 -3.5792084 8.808716
1.5913239 -3.917221 8.618286
1.7698517 -5.390671 8.775391
1.9031525 -4.9979095 8.625427
1.8460236 -2.9460297 8.784912
1.560379 -3.826767 9.584717
1.9245758 -4.4718475 9.522827
1.9269562 -4.012436 9.194336
2.234024 -3.9005585 8.732544
3.2361603 -4.219528 9.065796
3.3742218 -4.371872 8.725403
3.3099518 -5.269272 8.839661
3.702713 -5.45018 9.075317
4.1930695 -5.6905975 9.163391
3.8145905 -4.647995 9.034851
3.657486 -4.909836 8.339783
3.4242096 -5.1121674 7.854187
3.2194977 -5.250229 7.611389
3.0623932 -5.340683 7.544739
2.9695587 -4.9645844 7.713745
2.5910797 -4.4980316 7.804199
2.6910553 -4.500412 7.904175
2.8862457 -4.667038 7.5352173
2.8529205 -4.697983 7.4352417
2.7196198 -4.7670135 7.5375977
2.733902 -5.0502777 7.797058
2.7362823 -5.6072845 7.673279
2.9171906 -6.680832 7.6066284
3.0647736 -7.2283173 7.0234375
2.9766998 -6.714157 6.897278
2.881485 -5.6406097 7.5947266
2.919571 -5.0359955 8.058899
3.0623932 -4.9407806 8.287415
2.9576569 -4.80986 8.275513
2.907669 -4.6575165 8.408813
2.8410187 -4.6456146 8.442139
2.9124298 -4.783676 8.499268
2.9409943 -4.9907684 8.5373535
2.9695587 -5.1335907 8.527832
3.029068 -5.340683 8.218384
2.971939 -5.5620575 7.9589233
2.8672028 -5.6525116 7.8637085
2.6981964 -5.647751 7.7494507
2.4434967 -5.1193085 7.880371
2.3411407 -4.795578 8.199341
2.3125763 -4.905075 8.3897705
2.4339752 -5.1835785 8.301697
2.5077667 -5.12883 8.339783
2.5553741 -4.802719 8.506409
2.7386627 -4.757492 8.5802
2.888626 -4.864609 8.468323
2.7957916 -4.9003143 8.784912
2.7577057 -5.1335907 8.968201
2.8481598 -4.9264984 8.984863
2.9314728 -4.3885345 9.034851
2.6172638 -3.4601898 8.525452
2.612503 -4.647995 8.082703
2.7267609 -4.1504974 7.059143
2.1411896 -4.9193573 8.561157
1.9245758 -3.5554047 8.475464
1.9626617 -3.326889 8.9158325
2.169754 -3.6529999 8.611145
2.0388336 -4.2338104 8.4730835
1.7222443 -4.538498 8.06842
1.9840851 -5.500168 7.8708496
2.01503 -5.8238983 7.866089
2.1150055 -4.443283 7.842285
2.2173615 -4.005295 8.592102
2.2935333 -3.7386932 8.646851
2.1721344 -4.0814667 8.723022
2.5077667 -4.9717255 8.727783
3.086197 -5.6001434 8.720642
3.086197 -5.1978607 8.711121
3.1004791 -4.3123627 8.849182
3.029068 -3.4625702 9.182434
2.9148102 -3.4506683 9.294312
2.8457794 -3.9434052 9.137207
2.8291168 -4.4218597 8.884888
2.8600616 -4.8384247 8.692078
3.1457062 -5.1121674 8.244568
3.42659 -5.6977386 8.042236
3.7646027 -6.1071625 7.718506
3.5408478 -5.8572235 7.5542603
3.2456818 -4.969345 8.208862
2.8529205 -4.1885834 9.03009
2.688675 -3.929123 9.327637
2.8862457 -4.136215 9.270508
3.036209 -4.5599213 8.913452
3.2194977 -5.109787 8.294556
3.3789825 -5.2668915 7.797058
3.1933136 -4.9479218 7.36145
2.9124298 -5.0740814 8.244568
2.771988 -4.8241425 9.103882
2.574417 -4.61467 8.156494
2.8672028 -5.0693207 8.922974
2.8076935 -4.2028656 9.15387
2.3006744 -3.217392 9.096741
2.0816803 -3.1555023 8.865845
1.9555206 -3.7767792 8.544495
2.162613 -4.931259 8.0112915
2.3768463 -5.621567 7.8303833
2.560135 -5.571579 7.589966
2.5696564 -5.1835785 7.5566406
2.4625397 -4.924118 7.7470703
2.445877 -4.8955536 8.118408
2.4244537 -5.1335907 8.692078
2.7672272 -4.955063 8.434998
3.1171417 -4.7336884 8.815857
3.1242828 -4.8955536 8.863464
3.1480865 -4.93602 8.742065
3.2004547 -4.8170013 8.727783
3.2361603 -4.7336884 8.64209
3.317093 -4.602768 8.625427
3.2433014 -4.526596 8.456421
3.0600128 -4.61467 8.532593
2.9505157 -4.7908173 8.265991
2.8862457 -5.00029 8.089844
2.8267365 -5.147873 8.13269
2.7815094 -5.2526093 8.315979
2.836258 -5.207382 8.380249
2.9433746 -5.1931 8.682556
2.771988 -4.87175 8.596863
2.6458282 -4.417099 8.558777
2.65773 -4.140976 8.523071
2.6815338 -4.3123627 8.482605
2.650589 -4.35997 8.275513
2.5339508 -4.55278 8.392151
2.4815826 -4.705124 8.468323
2.3720856 -4.7717743 8.430237
2.4220734 -4.7670135 8.499268
2.4530182 -4.6884613 8.658752
2.5720367 -4.493271 8.649231
2.6196442 -4.4004364 8.589722
2.7934113 -4.5408783 8.582581
2.8981476 -4.705124 8.484985
2.9243317 -4.636093 8.520691
2.9171906 -4.455185 8.64447
2.8457794 -4.148117 8.730164
2.7362823 -4.090988 8.830139
2.7124786 -4.155258 8.713501
2.6672516 -4.224289 8.582581
2.669632 -4.409958 8.399292
2.6386871 -4.6051483 8.361206
2.510147 -4.7027435 8.308838
2.5720367 -4.700363 8.365967
2.6934357 -4.8241425 8.263611
2.6434479 -4.6527557 8.249329
2.483963 -4.383774 8.565918
2.2554474 -4.2647552 8.818237
2.20784 -4.2528534 8.9348755
2.343521 -4.402817 8.7682495
2.40065 -4.2957 9.046753
2.4482574 -4.5551605 8.711121
3.16951 -4.931259 9.487122
2.8743439 -4.5694427 8.994385
2.3649445 -4.4337616 8.439758
2.6386871 -4.000534 9.177673
2.6291656 -3.6553802 8.573059
2.33638 -3.4244843 8.894409
2.4054108 -3.5435028 8.315979
2.2840118 -4.090988 7.887512
2.3792267 -4.538498 7.4066772
2.2768707 -4.9907684 7.2471924
2.2625885 -5.1954803 7.7946777
2.2959137 -5.1907196 8.26123
2.329239 -5.1335907 8.501648
2.6101227 -4.6694183 9.194336
2.8457794 -4.4409027 9.070557
3.2433014 -3.9767303 7.789917
2.952896 -3.8243866 9.289551
2.8314972 -1.9724579 9.087219
2.8648224 -3.8410492 9.582336
2.9814606 -4.307602 8.889648
2.6839142 -3.8553314 8.625427
2.7838898 -4.5932465 8.349304
2.3149567 -4.4647064 8.020813
2.060257 -3.3792572 8.154114
1.4675446 -4.912216 8.489746
2.0174103 -5.802475 7.982727
2.5958405 -4.340927 8.501648
2.0697784 -3.281662 9.296692
2.2054596 -3.7006073 9.139587
2.310196 -4.3290253 8.694458
2.695816 -4.6908417 8.70874
2.9171906 -4.5694427 8.825378
3.0005035 -4.345688 8.663513
3.036209 -4.2933197 8.565918
3.0409698 -4.4123383 8.38739
3.1409454 -4.5694427 8.518311
3.1433258 -4.697983 8.70874
3.0980988 -4.788437 8.5802
2.9790802 -4.7670135 8.51593
2.8791046 -4.7289276 8.489746
2.676773 -4.3694916 8.418335
2.3673248 -4.1314545 8.558777
2.253067 -4.2266693 8.615906
2.2387848 -4.367111 8.51593
2.3125763 -4.647995 8.5373535
2.5125275 -4.9836273 8.582581
2.7553253 -5.121689 8.3255005
2.8957672 -5.1978607 8.280273
2.9052887 -5.2335663 8.013672
2.9124298 -5.269272 7.9351196
2.9790802 -5.038376 8.1922
2.9505157 -4.7479706 8.527832
2.900528 -4.493271 8.694458
2.8838654 -4.321884 8.723022
2.862442 -4.371872 8.715881
2.8767242 -4.371872 8.637329
2.7743683 -4.386154 8.789673
2.695816 -4.3433075 8.665894
2.5553741 -4.4789886 8.623047
2.4792023 -4.531357 8.539734
2.4244537 -4.8003387 8.349304
2.5625153 -4.955063 8.51593
2.6410675 -4.455185 8.489746
2.4696808 -4.35997 8.665894
2.4125519 -4.4385223 8.494507
2.4315948 -4.4861298 8.606384
2.5363312 -4.436142 8.663513
2.6029816 -4.3932953 8.920593
2.560135 -4.3242645 8.806335
2.5839386 -4.5289764 8.618286
2.771988 -4.667038 8.404053
2.8029327 -4.6432343 8.404053
2.688675 -4.531357 8.632568
2.3720856 -4.276657 8.8515625
2.4125519 -4.110031 9.134827
2.2887726 -4.088608 9.132446
2.4220734 -4.462326 8.980103
2.8576813 -4.6003876 8.45166
3.16951 -5.0550385 7.9398804
3.464676 -5.538254 7.6328125
3.5313263 -5.540634 7.6661377
3.286148 -5.1645355 8.082703
3.0171661 -4.68132 8.4730835
2.7767487 -4.238571 8.894409
2.8219757 -4.0671844 9.253845
2.9695587 -4.2933197 9.191956
2.9790802 -4.307602 9.108643
2.8219757 -4.571823 8.454041
2.6363068 -4.828903 7.847046
2.560135 -4.893173 8.615906
2.3482819 -4.0100555 8.254089
2.086441 -4.064804 8.611145
2.0269318 -3.7529755 7.9208374
1.8603058 -4.217148 7.649475
1.7603302 -4.9074554 6.9734497
1.7008209 -5.4668427 7.6899414
1.8460236 -5.688217 8.237427
2.4101715 -5.347824 8.051758
2.162613 -3.91008 8.806335
2.2649689 -4.0671844 9.458557
2.560135 -4.217148 9.180054
2.7196198 -4.3099823 9.2229
2.9171906 -5.0026703 8.775391
3.4480133 -5.3835297 8.330261
3.6479645 -5.2859344 8.354065
3.6170197 -5.1074066 8.399292
3.5717926 -4.943161 8.549255
3.414688 -4.916977 8.806335
3.1909332 -4.916977 8.563538
3.1742706 -5.3502045 8.1779175
3.2694855 -5.250229 7.673279
3.0219269 -5.2359467 7.756592
2.779129 -5.155014 7.578064
2.605362 -5.121689 8.101746
2.5839386 -5.224045 9.018188
2.4220734 -4.571823 8.444519
2.162613 -4.2457123 8.313599
2.3197174 -4.2861786 8.244568
2.393509 -4.10289 8.492126
2.4363556 -4.5361176 8.670654
2.4482574 -4.886032 8.363586
2.5458527 -5.033615 8.12793
2.6339264 -5.2026215 8.13269
2.6458282 -5.226425 7.956543
2.6815338 -5.2216644 7.7613525
2.8910065 -5.4263763 7.9017944
3.093338 -5.5287323 8.113647
3.1885529 -5.476364 8.232666
3.221878 -5.290695 8.494507
3.0385895 -4.61467 8.882507
2.6981964 -3.8362885 9.310974
2.3768463 -3.6053925 9.651367
2.33638 -3.7101288 9.420471
2.4934845 -4.4528046 8.870605
2.9219513 -5.0312347 8.501648
2.9957428 -5.2621307 8.349304
2.971939 -5.212143 8.046997
2.7577057 -4.383774 7.9089355
2.752945 -3.5054169 8.12793
2.624405 -2.967453 8.968201
2.279251 -3.1174164 9.601379
1.8079376 -3.2745209 9.35144
1.912674 -3.6744232 9.053894
2.041214 -3.8862762 8.551636
2.041214 -4.0481415 8.244568
2.003128 -4.5861053 8.470703
1.9698029 -5.057419 8.351685
2.2316437 -5.174057 8.218384
2.7838898 -4.8693695 8.208862
2.7315216 -4.155258 8.437378
2.6648712 -3.9767303 8.594482
2.7505646 -4.302841 8.699219
2.9766998 -4.662277 8.611145
3.286148 -4.9860077 8.570679
3.3861237 -5.0217133 8.639709
3.3718414 -4.833664 8.64209
3.1909332 -4.5408783 8.742065
2.9481354 -4.3052216 8.64447
2.8314972 -4.3694916 8.608765
2.6839142 -4.583725 8.361206
2.6220245 -4.9455414 8.25885
2.6434479 -4.955063 8.125549
2.6077423 -5.090744 8.135071
2.5886993 -4.893173 8.208862
2.5434723 -4.7979584 8.296936
2.59346 -4.8003387 8.344543
2.7053375 -4.9003143 8.339783
2.7553253 -4.788437 8.330261
2.771988 -4.595627 8.5373535
2.836258 -4.5099335 8.51593
2.8219757 -4.4385223 8.584961
2.7743683 -4.5051727 8.822998
2.7862701 -4.405197 8.680176
2.7386627 -4.379013 8.732544
2.7100983 -4.5027924 8.611145
2.6601105 -4.5694427 8.358826
2.650589 -4.659897 8.308838
2.560135 -4.6122894 8.489746
2.6672516 -4.750351 8.408813
2.7005768 -4.7741547 8.227905
2.6672516 -4.8622284 8.270752
2.752945 -4.845566 8.446899
2.7743683 -4.7027435 8.492126
2.7481842 -4.5551605 8.542114
2.733902 -4.5027924 8.639709
2.669632 -4.5884857 8.763489
2.624405 -4.467087 8.865845
2.574417 -4.35997 8.608765
2.5315704 -4.302841 8.5563965
2.4673004 -4.340927 8.5373535
2.4887238 -4.462326 8.5373535
2.6077423 -4.583725 8.470703
2.7053375 -4.6432343 8.375488
2.7648468 -4.781296 8.465942
2.9576569 -4.840805 8.308838
3.0314484 -4.762253 8.1588745
3.0433502 -4.845566 8.420715
3.0171661 -4.8765106 8.332642
3.1242828 -4.859848 8.287415
3.0171661 -4.7075043 8.427856
2.9171906 -4.6527557 8.558777
2.8314972 -4.4075775 8.475464
2.7029572 -4.4647064 8.663513
2.6006012 -4.4718475 8.611145
2.5363312 -4.6122894 8.554016
2.4815826 -4.7741547 8.499268
2.4696808 -4.8312836 8.425476
2.4411163 -4.5623016 8.539734
2.4054108 -4.500412 8.806335
2.3316193 -4.3552094 8.825378
2.3887482 -4.409958 8.7682495
2.5839386 -4.609909 8.775391
2.8576813 -4.9217377 8.653992
3.1052399 -4.8955536 8.525452
3.2266388 -4.833664 8.587341
3.2361603 -4.348068 8.539734
2.952896 -3.7220306 8.568298
2.888626 -3.936264 8.803955
2.4411163 -2.827011 8.032715
2.3244781 -4.1909637 8.630188
2.3316193 -3.8220062 8.563538
2.0816803 -3.78154 8.518311
2.0055084 -3.8767548 8.494507
1.772232 -4.348068 8.634949
1.7555695 -5.012192 8.865845
1.9412384 -4.8836517 8.758728
2.2316437 -4.2742767 9.044373
2.3316193 -3.3435516 9.15387
2.5553741 -3.436386 8.746826
2.6648712 -4.0171967 8.7039795
2.8648224 -4.8241425 8.927734
3.1409454 -5.1335907 8.96582
3.093338 -4.8360443 9.172913
3.0719147 -4.7908173 9.296692
3.221878 -4.364731 8.906311
3.1266632 -4.598007 8.330261
3.1647491 -4.840805 7.9470215
3.2456818 -5.4001923 7.8113403
3.2575836 -5.662033 7.5042725
3.1028595 -5.9214935 7.5685425
3.055252 -5.70726 7.506653
3.0219269 -5.457321 7.949402
2.9171906 -5.052658 8.154114
2.9790802 -4.7170258 8.25885
2.9743195 -4.5742035 8.739685
2.8981476 -4.8384247 8.96344
3.0266876 -4.7931976 8.308838
3.1171417 -4.129074 7.7946777
2.8910065 -3.474472 10.205994
2.4720612 -2.9722137 10.43689
2.2816315 -2.929367 8.675415
2.695816 -4.2861786 7.378113
3.0457306 -5.1145477 6.6116333
2.7672272 -5.8429413 7.861328
2.4339752 -6.1143036 7.5828247
2.7886505 -5.938156 8.087463
2.7648468 -5.5168304 8.627808
3.7098541 -4.531357 8.83252
3.1742706 -3.6887054 8.799194
2.779129 -4.052902 8.64447
2.5696564 -3.4839935 7.842285
2.650589 -4.4766083 8.830139
3.343277 -3.6934662 8.482605
3.0528717 -3.403061 9.444275
2.7624664 -3.2483368 9.867981
2.0174103 -3.4982758 9.951294
2.3982697 -3.455429 9.327637
2.3697052 -4.007675 8.204102
0.3273468 -4.5742035 5.999878
0.8486481 -6.611801 10.265503
1.9531403 -4.429001 8.096985
2.5839386 -2.6175385 9.15625
1.6674957 -4.2861786 8.456421
2.2245026 -3.6006317 9.3776245
2.1864166 -5.174057 7.3876343
2.6196442 -6.040512 9.032471
3.6027374 -4.2219086 9.3966675
3.4099274 -4.7075043 8.251709
1.8912506 -4.364731 8.782532
3.4123077 -5.7596283 9.022949
3.4551544 -4.174301 9.491882
3.5241852 -2.384262 8.877747
1.6365509 -2.3414154 9.151489
0.42494202 -3.2864227 10.339294
1.2818756 -3.6720428 9.706116
2.9100494 -4.640854 7.237671
1.9245758 -3.3816376 7.1019897
0.8605499 -4.1766815 6.4926147
0.6510773 -5.726303 7.10437
0.8058014 -4.5480194 8.113647
1.5318146 -6.02861 9.191956
1.3009186 -3.8434296 9.225281
2.926712 -3.5815887 9.867981
3.3456573 -3.9767303 9.372864
3.593216 -4.0362396 9.006287
3.793167 -4.0743256 8.632568
3.8645782 -4.2957 8.377869
3.9026642 -4.4908905 8.775391
3.5789337 -3.5911102 9.134827
2.7267609 -3.5554047 9.334778
2.4958649 -4.005295 8.06842
1.9293365 -4.3242645 7.2281494
1.579422 -4.5051727 7.2495728
1.515152 -5.1193085 7.899414
2.27211 -4.602768 8.649231
2.169754 -4.398056 9.934631
Time Stop = 2831
