Time Start = 1457244961
0.38685608 -9.837204 4.621643
0.19404602 -9.437302 5.0025024
0.13453674 -9.061203 5.102478
0.21308899 -8.920761 5.0405884
0.31782532 -8.706528 5.2595825
0.36543274 -8.547043 5.3762207
0.33924866 -8.487534 5.4785767
0.33210754 -8.478012 5.6428223
0.3511505 -8.511337 5.640442
0.3678131 -8.623215 5.4833374
0.31306458 -8.899338 5.428589
0.25117493 -9.1349945 5.3309937
0.1131134 -9.268295 5.254822
0.10121155 -9.325424 5.216736
0.06788635 -9.320663 5.171509
0.07026672 -9.175461 5.17865
0.005996704 -8.956467 5.2262573
0.09169006 -8.78508 5.2476807
0.14405823 -8.735092 5.340515
0.12263489 -8.675583 5.4381104
0.13215637 -8.6089325 5.4714355
0.13453674 -8.582748 5.4833374
0.22261047 -8.585129 5.3500366
0.3202057 -8.618454 5.254822
0.3773346 -8.72081 5.2286377
0.36305237 -8.811264 5.3238525
0.31544495 -8.949326 5.276245
0.34638977 -8.999313 5.319092
0.2702179 -9.0516815 5.4595337
0.14405823 -9.080246 5.364319
0.08216858 -9.137375 5.223877
0.13691711 -9.151657 5.2262573
0.19642639 -8.939804 5.2286377
0.22499084 -8.763657 5.2143555
0.33448792 -8.780319 5.2405396
0.2940216 -8.885056 5.302429
0.3511505 -8.7827 5.2286377
0.40351868 -8.694626 5.2905273
0.41304016 -8.71843 5.5023804
0.42018127 -8.537521 5.4904785
0.2606964 -8.39946 5.507141
0.24165344 -8.618454 5.3095703
0.29164124 -9.339706 5.3167114
0.24165344 -9.520615 5.30719
0.1464386 -9.182602 5.326233
0.32972717 -9.325424 5.302429
0.47016907 -9.358749 4.5906982
0.6582184 -9.123093 5.0620117
0.66773987 -8.566086 5.0025024
0.6248932 -8.180466 5.0786743
0.25117493 -7.5948944 6.2807617
-0.19395447 -7.290207 6.3640747
-0.28678894 -8.637497 6.3378906
-0.16300964 -9.932419 6.0498657
-0.06541443 -10.277573 5.7285156
-0.0011444092 -9.634872 5.166748
0.13929749 -9.651535 5.135803
0.443985 -9.713425 5.031067
0.62013245 -9.844345 5.1119995
0.66059875 -9.74913 5.711853
0.82484436 -9.246872 5.7975464
1.2080841 -9.377792 6.5473633
1.4199371 -11.127365 6.9210815
1.765091 -12.903122 6.916321
1.579422 -14.445602 6.449768
1.0676422 -15.362045 5.9641724
0.73677063 -14.845505 5.1691284
0.572525 -12.941208 4.505005
1.3318634 -10.691757 5.4190674
1.791275 -8.892197 6.628296
1.8507843 -6.9426727 7.5542603
1.7103424 -4.840805 8.792053
1.3413849 -2.6032562 9.951294
0.67726135 -0.6227875 11.320007
0.08454895 0.7316437 13.221924
-0.079696655 0.9934845 14.581116
-0.09635925 0.23652649 13.448059
0.048843384 -1.3583221 12.403076
0.6058502 -3.422104 10.741577
1.1509552 -4.909836 9.320496
1.4532623 -5.4858856 8.237427
1.5437164 -4.7360687 7.751831
1.2866364 -2.993637 7.887512
0.79389954 -1.1893158 8.437378
0.34162903 0.15559387 8.927734
0.36305237 0.81733704 9.032471
0.58680725 0.61976624 9.034851
0.96528625 0.13179016 8.504028
1.2771149 -0.40379333 8.187439
1.4270782 -0.48234558 8.187439
1.2937775 -0.032455444 8.432617
1.0795441 0.61024475 8.780151
0.9771881 0.9696808 8.715881
0.99147034 1.2196198 8.499268
0.951004 1.3148346 8.349304
0.8962555 1.2220001 8.139832
1.0128937 1.3695831 8.154114
1.0605011 1.4481354 8.187439
1.0605011 1.3767242 7.956543
1.1342926 1.5695343 7.9779663
0.92481995 1.5838165 7.956543
0.7819977 1.4338531 8.020813
0.98908997 1.2672272 7.6399536
0.9962311 1.5504913 7.592346
1.0009918 2.3812408 7.399536
0.803421 3.678543 7.6589966
0.5487213 4.6949615 7.904175
0.37019348 5.3376617 8.013672
0.2035675 5.1876984 7.9660645
0.21546936 4.825882 7.801819
0.2535553 4.454544 7.461426
0.38923645 4.273636 7.475708
0.52967834 4.375992 7.3685913
0.57014465 4.792557 7.6828003
0.42256165 5.1996 7.804199
0.33210754 5.468582 7.713745
0.17262268 5.628067 7.468567
0.1464386 5.685196 7.187683
0.2035675 5.673294 6.999634
0.25593567 5.5019073 6.6520996
0.38685608 5.3424225 6.1188965
0.33210754 5.4447784 5.9189453
0.2035675 5.544754 5.859436
0.2035675 6.0493927 5.8618164
0.28450012 6.6302032 6.20697
0.23927307 7.175308 6.506897
0.17262268 7.3871613 6.730652
0.13453674 7.001541 6.873474
0.2202301 6.2541046 6.692566
0.30116272 5.3543243 6.2998047
0.34162903 5.2210236 6.07843
0.3035431 5.597122 6.2141113
0.15596008 6.4326324 6.321228
0.15596008 7.0610504 6.435486
-0.041610718 7.2276764 6.3164673
-0.12968445 7.0491486 6.173645
-0.120162964 6.680191 5.9855957
0.008377075 6.0160675 5.9641724
0.0012359619 5.6947174 6.097473
-0.11778259 5.718521 6.4021606
-0.10826111 5.9589386 6.673523
-0.23680115 6.218399 6.949646
-0.3796234 6.308853 7.142456
-0.36058044 6.275528 7.0305786
-0.20585632 5.916092 6.7473145
-0.12968445 5.7328033 6.559265
0.053604126 5.5661774 6.3950195
0.13215637 5.8161163 6.3378906
0.13691711 6.1684113 6.4592896
0.11073303 6.551651 6.4783325
0.07978821 6.8111115 6.6568604
-0.0011444092 6.6944733 6.749695
-0.027328491 6.5302277 6.706848
0.034561157 6.268387 6.8068237
0.14881897 6.192215 6.8234863
0.15119934 6.1517487 6.752075
0.15119934 6.077957 6.749695
0.22499084 6.1303253 6.763977
0.2868805 6.166031 6.685425
0.2606964 6.206497 6.7139893
0.21784973 6.22316 6.6782837
0.18928528 6.249344 6.6901855
0.1631012 6.28743 6.6568604
0.11073303 6.373123 6.706848
0.075027466 6.3945465 6.7854004
0.09169006 6.346939 6.918701
0.115493774 6.2398224 6.8877563
0.16786194 6.058914 7.0305786
0.15596008 5.83992 6.9329834
0.12501526 5.9208527 6.9901123
0.034561157 6.075577 6.968689
-0.0677948 6.3802643 7.0996094
-0.16300964 6.6944733 7.130554
-0.16539001 6.751602 7.128174
-0.08683777 6.520706 7.0281982
0.096450806 6.2350616 6.8377686
0.16786194 6.011307 6.8568115
0.17262268 6.063675 6.9139404
0.1797638 6.204117 6.9520264
0.08454895 6.192215 7.006775
0.06788635 6.1755524 6.982971
0.046463013 6.127945 6.9282227
0.10597229 6.0803375 6.8568115
0.15596008 6.0874786 6.790161
0.096450806 6.22316 6.7544556
0.08454895 6.3231354 6.7592163
0.03694153 6.2969513 6.666382
-0.04637146 6.1707916 6.5735474
-0.032089233 6.0731964 6.544983
-0.051132202 6.0660553 6.494995
-0.103500366 6.082718 6.3974
-0.12730408 6.3112335 6.442627
-0.12968445 6.7206573 6.487854
-0.10826111 7.020584 6.521179
-0.04875183 7.1205597 6.6592407
0.051223755 7.1205597 6.7663574
0.075027466 6.8872833 6.854431
-0.036849976 6.3564606 6.628296
-0.12730408 5.96846 6.249817
-0.22489929 5.2091217 6.5473633
-0.07255554 3.8856354 5.359558
0.34162903 4.247452 3.9718018
0.42018127 2.4431305 5.321472
0.44636536 2.2431793 5.614258
0.44636536 2.785904 6.0546265
0.3511505 2.9453888 7.0091553
0.04408264 3.062027 7.55188
-0.248703 2.8477936 7.694702
-0.4962616 2.100357 7.5994873
-0.39866638 1.0577545 7.052002
-0.09635925 -0.07292175 6.899658
-0.02494812 -1.4844818 6.8877563
-0.09159851 -2.5937347 6.65448
-0.13444519 -3.2959442 6.6973267
-0.13444519 -3.679184 6.878235
-0.11302185 -3.9434052 7.3305054
-0.10588074 -3.5554047 7.7803955
-0.32963562 -3.2983246 8.13269
-0.6033783 -3.1578827 8.294556
-0.8104706 -3.4006805 8.289795
-0.99375916 -3.8101044 7.963684
-1.0770721 -4.826523 7.756592
-1.0032806 -6.147629 7.0948486
-0.8437958 -7.1902313 6.942505
-0.7342987 -7.682968 6.821106
-0.7176361 -8.149521 6.435486
-0.6105194 -8.72319 6.1141357
-0.396286 -9.432541 5.871338
-0.103500366 -10.341843 5.616638
0.07026672 -11.420151 5.1810303
0.2035675 -12.141403 5.0739136
0.26545715 -12.453232 5.4904785
0.3106842 -12.003342 5.999878
0.25593567 -11.227341 6.5687866
0.17738342 -10.246628 6.91156
0.115493774 -9.699142 7.506653
0.032180786 -8.920761 7.270996
0.22499084 -9.256393 7.071045
0.31544495 -9.204025 6.840149
0.27259827 -9.551559 6.5664063
0.051223755 -11.548691 8.113647
-0.6843109 -11.917648 9.794189
0.034561157 -14.895493 7.892273
0.52253723 -17.854294 4.2455444
1.3628082 -18.056625 4.3050537
2.2054596 -16.126144 3.44812
2.245926 -13.407761 3.0958252
1.2033234 -11.163071 3.4171753
0.508255 -9.884811 3.5171509
0.27259827 -9.096909 3.8075562
0.1631012 -8.701767 4.171753
0.19642639 -8.470871 4.1884155
0.10359192 -8.325668 4.183655
-0.08921814 -7.932907 4.119385
-0.23680115 -7.3378143 4.607361
-0.29631042 -7.156906 4.959656
-0.34391785 -7.4020844 5.1381836
-0.36296082 -7.7734222 5.24292
-0.5129242 -8.0638275 5.314331
-0.47483826 -8.285202 5.004883
-0.46531677 -8.506577 4.7787476
-0.42008972 -8.616074 4.607361
-0.3891449 -8.823166 4.371704
-0.3391571 -9.004074 4.2764893
-0.37010193 -9.123093 3.8408813
-0.32487488 -9.294479 3.8813477
-0.21775818 -9.672958 3.8908691
-0.16539001 -9.951462 3.7670898
-0.039230347 -10.172836 3.6242676
-0.058273315 -10.372787 3.3648071
-0.02494812 -10.51799 3.024414
0.053604126 -10.696518 2.922058
0.1631012 -10.951218 2.960144
0.26545715 -10.844101 2.7554321
0.35353088 -10.8988495 2.4959717
0.39637756 -11.001205 2.5911865
0.3939972 -11.086899 2.7792358
0.5582428 -11.041672 2.7054443
0.33448792 -10.8155365 2.4507446
0.32258606 -10.713181 2.6744995
0.20594788 -10.494186 2.774475
0.22737122 -10.303757 2.7601929
0.26545715 -10.213303 2.86969
0.19642639 -10.010971 2.9434814
0.1131134 -9.861008 3.0934448
0.025039673 -9.80864 3.107727
0.003616333 -9.765793 3.1600952
-0.04875183 -9.765793 3.2814941
-0.060653687 -9.844345 3.2386475
-0.0844574 -9.880051 3.1386719
-0.060653687 -9.787216 3.036316
-0.10826111 -9.884811 3.0648804
-0.051132202 -9.903854 2.876831
-0.008285522 -9.896713 2.9196777
-0.04399109 -9.968124 2.876831
-0.10826111 -10.015732 2.9910889
-0.029708862 -10.077621 2.9125366
0.053604126 -10.077621 2.9172974
0.005996704 -10.051437 2.8149414
0.06788635 -9.9109955 2.7078247
0.027420044 -9.949081 2.7768555
0.12501526 -9.982407 2.7601929
0.10121155 -10.020493 2.8363647
0.04408264 -10.080002 2.9434814
0.029800415 -10.0395355 2.8911133
0.01789856 -10.032394 2.8982544
0.01789856 -10.00383 2.9291992
-0.0011444092 -9.977646 2.972046
0.029800415 -9.922897 2.9030151
0.0393219 -9.934799 2.9291992
0.027420044 -9.946701 2.9363403
-0.027328491 -10.015732 2.838745
0.025039673 -10.015732 2.8482666
0.0012359619 -9.996689 2.9506226
-0.029708862 -10.037155 2.888733
-0.04875183 -10.120468 2.8078003
-0.0677948 -10.041916 2.7649536
-0.077316284 -10.015732 2.684021
-0.07255554 -9.930038 2.6364136
-0.077316284 -9.972885 2.722107
-0.060653687 -10.00621 2.7363892
-0.053512573 -10.0395355 2.7435303
-0.09635925 -10.0395355 2.8792114
-0.07017517 -10.0395355 2.7958984
-0.08683777 -10.075241 2.8078003
-0.027328491 -10.160934 2.7649536
-0.13206482 -10.087143 2.7839966
-0.036849976 -10.101425 2.774475
-0.060653687 -10.034775 2.7839966
-0.077316284 -10.046677 2.7982788
-0.13206482 -10.025253 2.786377
-0.08921814 -10.044296 2.729248
-0.09159851 -10.044296 2.703064
-0.09397888 -10.051437 2.7625732
-0.124923706 -10.015732 2.7316284
-0.098739624 -9.982407 2.7911377
-0.10826111 -9.963364 2.7911377
-0.08921814 -9.996689 2.8030396
-0.10588074 -9.996689 2.8482666
-0.13682556 -10.008591 2.74115
-0.13682556 -10.00145 2.767334
-0.11064148 -10.049057 2.7578125
-0.11778259 -9.991928 2.67688
-0.07255554 -9.996689 2.7697144
-0.14396667 -9.953842 2.786377
-0.098739624 -10.0681 2.722107
-0.079696655 -10.101425 2.6530762
-0.032089233 -10.084763 2.645935
-0.058273315 -10.072861 2.7173462
-0.0677948 -10.053818 2.7887573
-0.077316284 -10.022873 2.7982788
-0.053512573 -10.027634 2.7578125
-0.08921814 -9.991928 2.7697144
-0.0844574 -10.00145 2.7768555
-0.0677948 -10.013351 2.7268677
0.0012359619 -10.056198 2.8006592
-0.029708862 -10.056198 2.710205
0.0012359619 -10.080002 2.691162
-0.010665894 -10.049057 2.767334
-0.02494812 -10.060959 2.7839966
-0.039230347 -10.06572 2.7697144
-0.032089233 -10.027634 2.7435303
-0.008285522 -10.072861 2.722107
-0.032089233 -10.030014 2.7887573
-0.051132202 -10.034775 2.812561
-0.034469604 -9.984787 2.691162
-0.04637146 -10.037155 2.7435303
-0.053512573 -10.018112 2.7459106
-0.07255554 -10.046677 2.722107
-0.06541443 -10.051437 2.7459106
-0.060653687 -10.07048 2.8149414
-0.029708862 -10.099045 2.7197266
-0.0844574 -10.049057 2.7054443
-0.04875183 -10.027634 2.684021
-0.027328491 -10.049057 2.6245117
-0.04637146 -10.00383 2.5864258
-0.034469604 -10.049057 2.6721191
-0.02494812 -10.082382 2.6316528
-0.029708862 -10.094284 2.793518
-0.06303406 -10.127609 2.774475
-0.0677948 -10.084763 2.710205
-0.077316284 -10.084763 2.6864014
-0.060653687 -10.103806 2.6411743
-0.09635925 -10.096664 2.6483154
-0.0844574 -10.056198 2.6435547
-0.08921814 -10.049057 2.710205
-0.09635925 -10.056198 2.6530762
-0.08207703 -10.044296 2.619751
-0.036849976 -10.032394 2.6364136
-0.060653687 -10.041916 2.6721191
-0.0059051514 -10.008591 2.6602173
-0.020187378 -10.027634 2.7125854
-0.013046265 -10.0395355 2.7006836
-0.060653687 -9.999069 2.7578125
-0.04399109 -10.053818 2.74115
-0.027328491 -9.991928 2.710205
-0.051132202 -10.00621 2.6673584
-0.08921814 -10.0585785 2.6173706
-0.041610718 -10.113327 2.6102295
-0.04875183 -10.101425 2.6245117
-0.029708862 -10.077621 2.5840454
-0.0035247803 -10.080002 2.555481
0.01789856 -10.06572 2.5888062
-0.029708862 -10.089523 2.5959473
0.0155181885 -10.046677 2.6625977
-0.039230347 -10.053818 2.7054443
-0.015426636 -10.051437 2.6983032
-0.020187378 -10.025253 2.7173462
-0.051132202 -10.030014 2.7601929
0.013137817 -10.044296 2.664978
0.0012359619 -10.037155 2.7363892
-0.022567749 -10.075241 2.6340332
0.025039673 -10.099045 2.6744995
0.01789856 -10.06572 2.7054443
0.013137817 -10.089523 2.6721191
-0.02494812 -10.13475 2.7078247
-0.020187378 -10.056198 2.6483154
-0.027328491 -10.051437 2.684021
-0.0035247803 -10.053818 2.6554565
-0.04637146 -10.025253 2.6935425
-0.04399109 -10.027634 2.6959229
-0.020187378 -10.018112 2.6935425
-0.0011444092 -10.049057 2.7363892
0.010757446 -10.0585785 2.645935
-0.034469604 -10.103806 2.6625977
-0.013046265 -10.046677 2.6673584
0.005996704 -10.072861 2.6506958
0.003616333 -10.063339 2.645935
0.034561157 -9.999069 2.638794
0.003616333 -10.022873 2.6483154
-0.029708862 -10.084763 2.619751
-0.04399109 -10.06572 2.626892
-0.020187378 -10.089523 2.6364136
-0.039230347 -10.077621 2.6673584
-0.02494812 -10.084763 2.6721191
-0.04399109 -10.053818 2.6340332
-0.041610718 -10.046677 2.5959473
-0.06303406 -10.034775 2.6316528
-0.04875183 -10.075241 2.664978
-0.022567749 -10.0681 2.6030884
-0.0059051514 -10.051437 2.6316528
-0.04399109 -10.063339 2.619751
-0.020187378 -10.07048 2.6149902
-0.058273315 -10.077621 2.6673584
-0.041610718 -10.060959 2.6411743
-0.017807007 -10.063339 2.6364136
-0.013046265 -10.044296 2.684021
-0.020187378 -10.089523 2.6221313
-0.0035247803 -10.087143 2.7078247
-0.0059051514 -10.113327 2.6054688
-0.0059051514 -10.089523 2.6126099
0.013137817 -10.108566 2.638794
-0.010665894 -10.072861 2.6221313
-0.04637146 -10.063339 2.6030884
-0.010665894 -10.060959 2.6173706
0.008377075 -10.051437 2.657837
-0.022567749 -10.06572 2.5864258
-0.041610718 -10.13237 2.5888062
-0.036849976 -10.113327 2.657837
0.010757446 -10.118088 2.5650024
0.003616333 -10.087143 2.593567
-0.010665894 -10.080002 2.6292725
0.053604126 -10.087143 2.6364136
0.010757446 -10.032394 2.6506958
-0.022567749 -10.106186 2.6316528
0.025039673 -10.139511 2.6554565
0.005996704 -10.149033 2.626892
0.003616333 -10.110947 2.6340332
-0.0035247803 -10.091904 2.574524
-0.02494812 -10.137131 2.6054688
-0.0059051514 -10.060959 2.5292969
-0.051132202 -10.072861 2.517395
-0.020187378 -10.060959 2.574524
-0.008285522 -10.063339 2.543579
-0.04637146 -10.013351 2.5721436
0.008377075 -10.0585785 2.6054688
0.027420044 -10.049057 2.6530762
-0.0011444092 -10.00383 2.6054688
0.0012359619 -10.020493 2.6721191
0.029800415 -10.046677 2.6364136
0.034561157 -10.041916 2.5388184
0.0393219 -10.094284 2.581665
-0.020187378 -10.12999 2.593567
0.013137817 -10.125229 2.5507202
0.04408264 -10.158554 2.5769043
0.003616333 -10.146652 2.5388184
0.04170227 -10.139511 2.574524
0.01789856 -10.0585785 2.581665
0.06550598 -10.089523 2.472168
0.025039673 -10.0585785 2.555481
0.008377075 -10.051437 2.5602417
0.029800415 -10.030014 2.5197754
0.008377075 -10.049057 2.5911865
0.01789856 -10.110947 2.6030884
-0.008285522 -10.089523 2.6316528
-0.0059051514 -10.07048 2.6364136
0.032180786 -10.108566 2.6340332
-0.0011444092 -10.113327 2.6245117
-0.02494812 -10.077621 2.536438
-0.0059051514 -10.115707 2.574524
Time Stop = 1457244966
