Time Start = 1457245023
0.46302795 -7.8448334 6.4640503
0.24879456 -7.744858 6.502136
0.094070435 -7.75914 6.583069
0.18214417 -7.9210052 6.571167
0.27973938 -7.9471893 6.5925903
0.2606964 -8.028122 6.4854736
0.14167786 -8.047165 6.454529
0.094070435 -8.120956 6.4664307
0.10835266 -8.092392 6.302185
0.10121155 -8.289963 6.3497925
0.096450806 -8.275681 6.3616943
0.06312561 -8.306625 6.4140625
0.12739563 -8.261398 6.378357
0.17024231 -8.216171 6.328369
0.2035675 -8.128098 6.3450317
0.26783752 -8.066208 6.3640747
0.24879456 -8.08049 6.4331055
0.26307678 -8.001938 6.371216
0.21546936 -7.978134 6.4021606
0.18928528 -7.940048 6.4021606
0.21070862 -7.856735 6.4093018
0.21070862 -7.778183 6.59021
0.12025452 -7.7734222 6.556885
0.16072083 -7.95195 6.5616455
0.21546936 -8.030502 6.5925903
0.29164124 -7.975754 6.499756
0.33924866 -8.01622 6.3950195
0.36305237 -8.087631 6.33313
0.360672 -8.109055 6.3640747
0.40351868 -8.156662 6.256958
0.3939972 -8.106674 6.3640747
0.37019348 -7.95195 6.502136
0.36543274 -7.7829437 6.5045166
0.3440094 -7.7234344 6.5878296
0.29878235 -7.740097 6.571167
0.3106842 -7.709152 6.5307007
0.33448792 -7.811508 6.502136
0.3368683 -8.035263 6.4902344
0.34162903 -8.130478 6.4212036
0.3511505 -8.101913 6.430725
0.3368683 -8.123337 6.4783325
0.34162903 -8.235214 6.4402466
0.30830383 -8.297104 6.347412
0.2202301 -8.323288 6.27124
0.14167786 -8.249496 6.3426514
0.10597229 -8.135239 6.3497925
0.055984497 -7.9852753 6.456909
0.005996704 -7.82341 6.4711914
0.05836487 -7.6544037 6.6520996
0.07026672 -7.4806366 6.6068726
0.12263489 -7.611557 6.6973267
0.13453674 -7.811508 6.7806396
0.16548157 -7.880539 6.6592407
0.3511505 -7.944809 6.5664063
0.40827942 -7.7877045 6.552124
0.18214417 -7.6663055 6.7235107
-0.27012634 -7.932907 6.833008
-0.32487488 -8.511337 6.9734497
-0.17015076 -8.604172 6.8187256
0.3440094 -8.597031 6.359314
0.72010803 -8.587509 6.1950684
0.8962555 -8.46373 5.859436
1.05336 -8.304245 5.871338
1.1247711 -8.149521 6.2474365
1.0938263 -7.809128 6.7211304
1.072403 -7.561569 7.063904
1.0652618 -7.4877777 7.192444
0.970047 -7.6472626 7.758972
0.6582184 -7.721054 7.6899414
0.4582672 -8.120956 7.6209106
0.4273224 -8.9874115 8.111267
0.85816956 -9.444443 7.002014
1.162857 -9.958603 7.1638794
1.3509064 -10.572739 6.918701
1.5222931 -11.358261 6.65448
1.329483 -12.453232 5.9403687
0.6177521 -12.581772 6.123657
0.48683167 -12.457993 7.3828735
1.3770905 -11.805771 8.57782
1.8626862 -10.913132 9.15625
1.6555939 -10.244247 9.589478
1.0081329 -9.625351 10.148865
0.45350647 -9.096909 10.086975
0.3939972 -8.9040985 9.884644
0.53681946 -8.918381 9.801331
0.7534332 -8.916 9.882263
0.8391266 -9.125473 9.92511
0.8891144 -9.239731 9.951294
0.97242737 -9.251633 9.929871
0.96528625 -9.03978 10.189331
1.0485992 -8.580368 10.267883
1.0485992 -7.9686127 10.239319
1.1319122 -7.252121 9.982239
1.0605011 -6.8712616 9.891785
1.0509796 -6.528488 9.663269
1.0938263 -6.135727 9.41095
1.0224152 -6.0357513 9.180054
1.1081085 -5.8262787 9.046753
1.0128937 -5.8953094 8.596863
1.0866852 -6.0738373 7.887512
1.1842804 -6.3499603 7.2424316
1.0866852 -6.188095 6.6140137
1.1914215 -5.5691986 6.3807373
1.3794708 -4.1457367 6.5735474
1.3556671 -2.653244 6.604492
0.970047 -1.7510834 6.5045166
0.7296295 -0.6608734 6.5545044
0.6820221 0.4507599 6.65448
0.7129669 1.2838898 6.533081
0.68678284 2.0598907 6.84729
0.7962799 2.4574127 6.616394
0.79389954 2.414566 6.245056
0.79389954 2.6668854 6.033203
0.91767883 2.728775 5.5785522
1.0700226 2.9263458 5.2262573
1.0676422 3.2000885 4.8882446
1.1414337 3.421463 4.443115
1.2390289 3.845169 4.2003174
1.2747345 4.318863 4.2145996
1.2223663 4.5997467 4.2979126
1.4342194 4.973465 4.126526
1.3770905 5.0662994 4.1955566
1.4008942 5.075821 3.9813232
1.3604279 5.351944 3.909912
1.2818756 5.597122 3.9194336
1.1938019 5.8732452 4.064636
1.2080841 6.211258 4.190796
1.0866852 6.494522 4.2574463
1.0652618 6.6825714 4.462158
1.0128937 6.949173 4.5526123
0.970047 7.146744 4.659729
0.9129181 7.422867 4.6573486
0.85816956 7.63472 4.7906494
0.77485657 7.6513824 4.7382813
0.7082062 7.720413 4.7906494
0.5891876 7.6132965 4.92157
0.51301575 7.2490997 4.743042
0.46064758 7.1848297 4.7597046
0.43208313 7.3562164 5.0429688
0.3678131 7.475235 5.1000977
0.3202057 7.7346954 5.2976685
0.17262268 7.8751373 5.5928345
0.19404602 7.932266 5.7023315
0.21546936 7.8132477 5.6047363
0.27259827 7.6966095 5.666626
0.3440094 7.5680695 5.514282
0.3511505 7.5299835 5.538086
0.43684387 7.4966583 5.5166626
0.4178009 7.341934 5.469055
0.47254944 7.18721 5.4214478
0.5177765 7.1634064 5.257202
0.5344391 7.2490997 5.333374
0.6153717 7.384781 5.345276
0.59394836 7.5823517 5.5
0.55348206 7.7085114 5.5618896
0.5249176 7.732315 5.526184
0.5249176 7.6966095 5.590454
0.5415802 7.5299835 5.507141
0.62965393 7.301468 5.37146
0.6153717 6.9896393 5.4571533
0.60346985 6.8111115 5.333374
0.61299133 6.808731 5.3476563
0.62965393 6.9206085 5.4904785
0.60346985 7.1253204 5.557129
0.5677643 7.341934 5.5999756
0.5891876 7.422867 5.7404175
0.6082306 7.475235 5.6880493
0.57728577 7.406204 5.616638
0.56062317 7.3966827 5.673767
0.5677643 7.372879 5.711853
0.5749054 7.320511 5.7523193
0.5153961 7.1324615 5.7737427
0.5249176 6.8563385 5.7023315
0.5677643 6.7206573 5.666626
0.6225128 6.744461 5.7142334
0.6629791 6.899185 5.7404175
0.66059875 7.1253204 5.8760986
0.66773987 7.230057 5.9141846
0.6629791 7.3943024 5.864197
0.6320343 7.4204865 5.897522
0.6725006 7.341934 5.909424
0.6344147 7.191971 5.9189453
0.62965393 7.1015167 5.9451294
0.61299133 7.0348663 5.9665527
0.59632874 7.05867 6.026062
0.62013245 7.0991364 6.0284424
0.62727356 7.199112 6.0284424
0.66773987 7.3109894 6.0665283
0.6891632 7.4014435 6.0165405
0.6629791 7.4133453 6.0474854
0.6344147 7.384781 5.930847
0.6582184 7.320511 5.8237305
0.56300354 7.1586456 5.780884
0.5487213 6.922989 5.6880493
0.52253723 6.8634796 5.6452026
0.63679504 6.8753815 5.749939
0.62013245 7.0039215 5.699951
0.5487213 7.096756 5.749939
0.56062317 7.1205597 5.659485
0.58680725 7.1586456 5.7404175
0.56062317 7.0872345 5.576172
0.5749054 7.05867 5.5476074
0.5891876 7.1372223 5.557129
0.57728577 7.211014 5.5618896
0.6058502 7.225296 5.635681
0.5844269 7.2729034 5.716614
0.59632874 7.270523 5.738037
0.57966614 7.1967316 5.673767
0.61061096 7.194351 5.7142334
0.6177521 7.1205597 5.6523438
0.61061096 7.146744 5.647583
0.6320343 7.25148 5.6832886
0.63679504 7.360977 5.723755
0.62727356 7.425247 5.661865
0.6486969 7.4133453 5.776123
0.6344147 7.456192 5.788025
0.6320343 7.399063 5.8808594
0.65345764 7.2610016 5.866577
0.7082062 7.2348175 5.7999268
0.7248688 7.294327 5.8832397
0.7129669 7.308609 5.911804
0.69392395 7.277664 5.890381
0.71772766 7.296707 5.9189453
0.72010803 7.2086334 5.88562
0.6963043 7.130081 5.8237305
0.76057434 7.1634064 5.7904053
0.7153473 7.218155 5.8118286
0.66059875 7.334793 5.909424
0.65345764 7.44429 5.8189697
0.6653595 7.372879 5.852295
0.62727356 7.322891 5.859436
0.59632874 7.161026 5.7713623
0.6415558 6.892044 5.6713867
0.655838 6.7539825 5.557129
0.6582184 6.846817 5.5476074
0.6391754 7.089615 5.583313
0.6082306 7.339554 5.6690063
0.5677643 7.44191 5.7070923
0.5891876 7.3943024 5.7070923
0.59632874 7.206253 5.6428223
0.5820465 7.149124 5.5547485
0.6058502 7.180069 5.4571533
0.5653839 7.308609 5.4714355
0.5891876 7.539505 5.5
0.5439606 7.8299103 5.4976196
0.5487213 8.053665 5.5166626
0.52253723 8.296463 5.576172
0.54634094 8.372635 5.6571045
0.44636536 8.156021 5.7404175
0.35591125 7.6894684 5.5999756
0.14881897 7.0729523 5.1762695
-0.11540222 6.3255157 4.7073364
-0.41532898 5.5161896 4.2407837
-0.71287537 4.7473297 3.7861328
-0.9794769 4.064163 3.3886108
-1.1508636 3.5285797 3.2267456
-1.1008759 3.0001373 3.3267212
-0.7438202 2.543106 3.3719482
-0.3724823 1.721878 3.5195313
0.04170227 0.84114075 3.9956055
0.360672 0.17701721 3.7599487
0.7629547 -0.58232117 3.857544
1.11763 -1.3416595 4.1384277
1.4913483 -1.9653168 4.5359497
1.9221954 -2.460434 5.1643677
2.2054596 -2.6318207 5.904663
2.4411163 -2.653244 6.7592163
2.4411163 -2.4842377 7.9136963
2.419693 -2.300949 8.892029
2.3459015 -2.267624 9.5442505
2.2649689 -2.4271088 9.618042
2.2364044 -2.9055634 9.325256
2.2316437 -3.7529755 8.872986
2.245926 -4.724167 8.382629
2.362564 -5.8834076 7.828003
2.476822 -6.785568 7.468567
2.4173126 -7.4425507 7.4209595
2.3054352 -7.9924164 7.449524
2.041214 -8.351852 7.2924194
1.8150787 -9.03978 7.213867
1.5246735 -10.056198 7.3447876
1.5175323 -11.134506 7.392395
1.6889191 -11.755783 7.0424805
1.855545 -12.065231 6.8115845
1.9174347 -11.92717 6.673523
1.8603058 -11.441574 6.6449585
1.7032013 -10.679855 6.6401978
1.6175079 -10.010971 6.649719
1.6889191 -9.401596 6.4450073
1.7222443 -9.244492 6.290283
1.7055817 -9.377792 6.3450317
1.6722565 -9.703903 6.5616455
1.7222443 -9.908615 6.3878784
1.7888947 -10.0681 6.242676
1.7674713 -9.925278 5.864197
1.7389069 -9.611069 5.576172
1.662735 -9.094528 5.300049
1.8769684 -8.439926 5.569031
1.9459991 -7.9852753 5.9974976
2.0531158 -7.732956 6.6140137
2.612503 -7.4806366 8.418335
4.895279 -10.137131 10.736816
4.554886 -14.362289 9.032471
1.9698029 -15.128769 5.678528
0.34877014 -15.983322 5.2929077
0.117874146 -15.216843 3.5766602
1.0390778 -13.898117 2.2127075
2.3006744 -13.0221405 3.4647827
3.1861725 -11.651047 4.3859863
3.0338287 -10.151413 5.2595825
2.2102203 -8.823166 5.1310425
1.3723297 -7.978134 4.9715576
0.9438629 -7.7377167 4.773987
0.82484436 -7.9852753 4.3931274
1.0033722 -8.3780365 4.08844
1.1200104 -8.792221 3.9003906
1.0009918 -9.177841 3.8599243
0.7486725 -9.558701 3.9360962
0.47731018 -9.739609 4.3026733
0.20594788 -9.915756 4.5407104
0.08216858 -9.87529 4.723999
0.13691711 -9.594406 4.9191895
0.23927307 -9.249252 4.8287354
0.3939972 -8.961227 4.773987
0.39875793 -8.927902 4.7906494
0.4273224 -9.082626 4.7335205
0.32258606 -9.213547 4.5073853
0.28450012 -9.265915 4.4716797
0.3368683 -9.342087 4.307434
0.3773346 -9.475388 4.0551147
0.42018127 -9.358749 3.7766113
0.5677643 -9.396835 3.690918
0.59394836 -9.5134735 3.7432861
0.56300354 -9.687241 3.6956787
0.59394836 -9.882431 3.633789
0.62965393 -10.077621 3.793274
0.6010895 -10.113327 3.7313843
0.5558624 -10.179977 3.7599487
0.6320343 -10.110947 3.6480713
0.5987091 -9.968124 3.5766602
0.5487213 -9.915756 3.7194824
0.4582672 -9.908615 3.7242432
0.44636536 -9.849106 3.6218872
0.40351868 -9.901474 3.774231
0.40827942 -9.839584 3.6314087
0.4416046 -9.739609 3.679016
0.49873352 -9.751511 3.690918
0.48207092 -9.751511 3.7409058
0.5439606 -9.665817 3.8051758
0.52253723 -9.653915 3.8551636
0.5749054 -9.622971 3.8551636
0.57966614 -9.599167 3.8313599
0.5987091 -9.587265 3.9003906
0.6177521 -9.646774 3.8694458
0.6510773 -9.6610565 3.7766113
0.6891632 -9.701523 3.7575684
0.72724915 -9.6610565 3.762329
0.7558136 -9.672958 3.7028198
0.7462921 -9.644394 3.7908936
0.73439026 -9.625351 3.6813965
0.74391174 -9.630112 3.6242676
0.6391754 -9.675339 3.7313843
0.6391754 -9.687241 3.607605
0.62013245 -9.701523 3.524292
0.57014465 -9.761032 3.4743042
0.5320587 -9.853867 3.5718994
0.508255 -9.832443 3.5480957
0.4749298 -9.815781 3.5123901
0.4273224 -9.8134 3.550476
0.40351868 -9.8134 3.5742798
0.41304016 -9.832443 3.4457397
0.36543274 -9.689621 3.6195068
0.4416046 -9.672958 3.5171509
0.4011383 -9.711044 3.4647827
0.39161682 -9.8276825 3.5385742
0.40827942 -9.837204 3.5528564
0.40351868 -9.768173 3.4624023
0.49635315 -9.782455 3.5361938
0.50587463 -9.720566 3.5718994
0.49397278 -9.730087 3.4838257
0.5106354 -9.806259 3.5742798
0.52967834 -9.777695 3.5766602
0.5558624 -9.81102 3.6314087
0.527298 -9.756271 3.6171265
0.55348206 -9.763412 3.633789
0.5439606 -9.763412 3.588562
0.5487213 -9.722946 3.633789
0.527298 -9.706284 3.626648
0.5582428 -9.644394 3.6052246
0.5344391 -9.622971 3.6004639
0.56062317 -9.646774 3.5290527
0.5177765 -9.720566 3.588562
0.5011139 -9.770554 3.5076294
0.49635315 -9.803879 3.5576172
0.47969055 -9.791977 3.562378
0.47969055 -9.756271 3.6171265
0.47969055 -9.727707 3.6171265
0.46540833 -9.74675 3.633789
0.43208313 -9.730087 3.6195068
0.44874573 -9.708664 3.581421
0.46064758 -9.708664 3.6099854
0.48683167 -9.741989 3.5385742
0.4844513 -9.768173 3.5790405
0.5011139 -9.799118 3.588562
0.47969055 -9.837204 3.569519
0.47969055 -9.789597 3.6599731
0.4344635 -9.692001 3.645691
0.5177765 -9.689621 3.645691
0.5153961 -9.730087 3.6361694
0.47969055 -9.763412 3.5457153
0.47254944 -9.715805 3.5671387
0.49397278 -9.675339 3.5718994
0.49397278 -9.634872 3.6195068
0.50349426 -9.677719 3.5718994
0.49397278 -9.761032 3.5480957
0.5153961 -9.8276825 3.614746
0.508255 -9.801498 3.562378
0.49397278 -9.780075 3.5599976
0.49635315 -9.758652 3.531433
0.52015686 -9.772934 3.5909424
0.47731018 -9.741989 3.5290527
0.4677887 -9.687241 3.6171265
0.48683167 -9.699142 3.6433105
0.50349426 -9.711044 3.5528564
0.49397278 -9.730087 3.5861816
0.50587463 -9.761032 3.5552368
0.4582672 -9.799118 3.5766602
0.47016907 -9.765793 3.479065
0.46302795 -9.765793 3.4719238
0.45350647 -9.753891 3.4719238
0.5011139 -9.753891 3.467163
0.4582672 -9.715805 3.5028687
0.4749298 -9.672958 3.5028687
0.508255 -9.708664 3.5457153
0.46302795 -9.770554 3.588562
0.47254944 -9.753891 3.5552368
0.44874573 -9.772934 3.5909424
0.48683167 -9.74913 3.6004639
0.49397278 -9.7443695 3.5861816
0.46064758 -9.711044 3.5861816
0.46540833 -9.677719 3.5980835
0.4844513 -9.732468 3.569519
0.46540833 -9.737228 3.4885864
0.5011139 -9.780075 3.5385742
0.49873352 -9.791977 3.5195313
0.45350647 -9.765793 3.5361938
0.43922424 -9.775314 3.5290527
0.47016907 -9.74675 3.5028687
0.45350647 -9.715805 3.498108
0.43922424 -9.706284 3.6028442
0.45588684 -9.687241 3.607605
0.48921204 -9.701523 3.4838257
0.5011139 -9.753891 3.6218872
0.47731018 -9.741989 3.626648
0.4677887 -9.780075 3.645691
0.508255 -9.768173 3.562378
0.52967834 -9.761032 3.5957031
0.5320587 -9.7443695 3.5671387
0.46540833 -9.765793 3.5409546
0.5106354 -9.772934 3.5147705
0.50349426 -9.718185 3.5409546
0.5177765 -9.772934 3.6028442
0.52253723 -9.68486 3.5528564
0.5011139 -9.711044 3.5576172
0.4915924 -9.782455 3.5742798
0.53681946 -9.74913 3.5599976
0.51301575 -9.730087 3.607605
0.4511261 -9.74675 3.5290527
0.5177765 -9.7443695 3.5790405
0.50349426 -9.741989 3.5766602
0.49397278 -9.730087 3.5576172
0.508255 -9.753891 3.5576172
0.5177765 -9.777695 3.5409546
0.47016907 -9.711044 3.5338135
0.49873352 -9.822922 3.5385742
0.5177765 -9.780075 3.5647583
0.49635315 -9.739609 3.5076294
0.48207092 -9.758652 3.5576172
0.5106354 -9.768173 3.5528564
0.508255 -9.727707 3.6028442
0.48683167 -9.780075 3.5219116
0.5106354 -9.768173 3.505249
0.49873352 -9.758652 3.5599976
0.48207092 -9.725327 3.5552368
0.48921204 -9.761032 3.5100098
0.4749298 -9.730087 3.4743042
0.50349426 -9.720566 3.5957031
0.48207092 -9.765793 3.550476
0.49635315 -9.74913 3.6004639
0.4749298 -9.780075 3.5957031
0.51301575 -9.756271 3.505249
0.48921204 -9.715805 3.531433
0.508255 -9.74913 3.569519
0.49635315 -9.81102 3.562378
0.5320587 -9.80864 3.5647583
0.47016907 -9.784836 3.5100098
0.49397278 -9.780075 3.531433
0.527298 -9.772934 3.5409546
0.48683167 -9.715805 3.5290527
0.45588684 -9.68248 3.581421
Time Stop = 1457245028
