Time Start = 1457238108
1.2699738 1.150589 7.5304565
0.96528625 1.2553253 7.5756836
0.10835266 1.3791046 8.085083
-0.08207703 1.445755 8.534973
0.26545715 1.4290924 8.83728
0.60346985 1.4029083 8.796814
0.7653351 1.4719391 8.661133
0.72010803 1.6361847 8.570679
0.7462921 1.6980743 8.423096
0.8629303 1.7075958 8.118408
0.8129425 1.5957184 7.866089
0.6510773 1.5814362 7.4971313
0.46540833 1.6052399 7.1376953
0.27259827 1.6076202 6.8948975
0.003616333 1.6623688 6.7663574
-0.17967224 1.5909576 6.628296
-0.45817566 1.483841 6.449768
-0.71525574 1.3386383 6.3640747
-0.9056854 1.317215 6.166504
-1.1270599 1.2505646 5.9570313
-1.2960663 1.1458282 5.7332764
-1.4341278 1.0244293 5.3238525
-1.5626678 0.7887726 5.3571777
-1.7150116 0.5483551 5.2976685
-1.8126068 0.29841614 5.238159
-1.8697357 -0.080062866 5.1810303
-1.7459564 -0.529953 5.238159
-1.800705 -1.120285 5.5357056
-2.2410736 -2.0462494 6.090332
-2.8813934 -2.7079926 6.2926636
-3.378891 -3.024582 6.328369
-3.5693207 -2.9579315 6.185547
-3.488388 -2.5556488 6.0927124
-3.700241 -2.4104462 6.506897
-4.0953827 -2.5651703 6.65448
-4.4929047 -2.800827 6.5045166
-4.8380585 -3.095993 6.2093506
-5.1284637 -3.172165 5.738037
-5.533127 -3.2697601 5.56427
-6.309128 -3.8505707 5.5095215
-7.1589203 -4.4456635 5.423828
-8.103928 -4.9384003 5.2476807
-8.908493 -5.4097137 5.1119995
-9.701157 -5.9857635 5.2286377
-10.377182 -6.9212494 5.2786255
-10.81279 -7.868637 5.1500854
-11.105576 -8.373276 5.2095947
-11.269821 -8.042404 5.5404663
-11.629257 -7.3830414 5.8499146
-12.02916 -6.4546967 6.2855225
-12.357651 -5.473984 6.59021
-12.852768 -4.9407806 6.7425537
-13.455002 -4.840805 6.5687866
-14.173874 -5.1645355 6.052246
-14.866562 -6.4356537 5.397644
-14.926071 -8.518478 4.390747
-14.445236 -10.251389 3.4385986
-13.70256 -11.246384 3.0148926
-13.159836 -11.236862 3.1600952
-12.947983 -10.570358 3.562378
-13.014633 -9.703903 3.9741821
-13.078903 -8.892197 4.3098145
-13.033676 -8.132858 4.704956
-12.771835 -7.366379 5.057251
-12.238632 -6.657028 5.935608
-11.938705 -5.885788 7.2852783
-10.817551 -4.5932465 5.533325
-10.293869 -6.1143036 5.3309937
-9.955856 -6.7236786 4.012268
-9.515488 -8.2304535 3.2767334
-9.120346 -8.873154 2.9244385
-8.903732 -8.992172 2.972046
-8.982285 -8.580368 3.338623
-9.303635 -7.7758026 3.7647095
-9.746384 -7.002182 4.019409
-9.896347 -6.2880707 4.2074585
-9.639267 -5.738205 4.209839
-9.117966 -5.2621307 4.1765137
-8.75853 -4.9860077 4.1693726
-8.615707 -4.9074554 4.1051025
-8.737106 -5.1335907 3.8813477
-8.82756 -5.4668427 3.6837769
-8.968002 -5.604904 3.4314575
-9.117966 -5.5811005 3.4171753
-9.189377 -5.443039 3.300537
-9.446457 -5.2549896 3.3433838
-9.617844 -5.1002655 3.2886353
-9.824936 -4.9264984 3.3029175
-10.058212 -4.802719 3.229126
-10.23436 -4.7265472 3.236267
-10.424789 -4.7527313 3.0958252
-10.577133 -4.912216 2.9649048
-10.727097 -4.9788666 2.9077759
-10.798508 -4.9336395 3.1362915
-10.974655 -4.74321 3.331482
-11.146042 -4.6194305 3.4957275
-11.181747 -4.5670624 3.395752
-11.110336 -4.640854 3.12677
-11.029404 -4.781296 2.941101
-10.915146 -4.8812714 3.024414
-10.710434 -4.9788666 3.2791138
-10.543808 -4.8574677 3.9360962
-10.465256 -4.6503754 4.3859863
-10.462875 -4.4266205 4.6168823
-10.431931 -4.2219086 4.678772
-10.403366 -4.174301 4.6049805
-10.23674 -4.2909393 4.2265015
-10.001083 -4.4861298 4.0527344
-9.729721 -4.783676 3.9884644
-9.351242 -4.897934 4.1051025
-8.975143 -4.609909 4.447876
-8.922775 -4.269516 4.712097
-9.006088 -3.9196014 4.754944
-9.122726 -3.7863007 4.6954346
-9.215561 -3.7743988 4.7263794
-9.248886 -3.679184 4.621643
-9.058456 -3.6720428 4.6954346
-8.791855 -3.5601654 4.9334717
-8.432419 -3.4173431 5.3095703
-8.258652 -3.391159 5.4000244
-8.177719 -3.4911346 5.1810303
-8.527634 -3.6053925 4.6692505
-9.196518 -4.0362396 3.8932495
-9.736862 -4.224289 3.395752
-9.665451 -4.088608 3.1767578
-9.189377 -3.7648773 3.286255
-8.580002 -3.4911346 3.6433105
-8.0134735 -3.3887787 4.081299
-7.6849823 -3.2459564 4.274109
-7.344589 -3.2316742 4.364563
-6.9613495 -3.0269623 4.2193604
-6.5685883 -2.9198456 3.857544
-6.361496 -2.812729 3.479065
-6.221054 -2.7913055 3.3029175
-6.168686 -2.7603607 3.267212
-6.3257904 -2.7484589 3.3410034
-6.694748 -2.7127533 3.433838
-7.1589203 -2.415207 3.5790405
-7.504074 -2.255722 3.5718994
-7.4993134 -2.255722 3.5718994
-7.1422577 -2.4294891 3.7385254
-6.6090546 -2.5604095 3.9241943
-6.047287 -2.6651459 3.8718262
-5.611679 -2.7484589 3.9051514
-5.36174 -2.569931 3.947998
-5.42601 -2.524704 4.012268
-5.5117035 -2.1866913 4.1122437
-5.6331024 -1.9177094 4.371704
-5.661667 -2.062912 4.212219
-5.7806854 -2.3080902 4.133667
-5.9092255 -2.6889496 4.081299
-6.028244 -3.1578827 3.9003906
-6.142502 -3.0936127 4.0598755
-6.4352875 -2.8055878 4.1360474
-6.5757294 -2.7436981 4.1170044
-6.8256683 -2.6175385 4.2526855
-7.106552 -2.7032318 4.416931
-7.4112396 -2.762741 4.485962
-7.7135468 -2.8508148 4.3883667
-7.754013 -2.9555511 4.1741333
-7.773056 -2.4651947 4.5787964
-7.8777924 -2.0676727 5.1191406
-8.006332 -1.5701752 4.9263306
-8.137253 -1.7772675 4.773987
-8.749008 -2.865097 3.6361694
-9.867783 -4.9669647 2.8149414
-10.134384 -7.0616913 0.98205566
-10.708054 -10.284714 0.5178833
-8.125351 -6.085739 2.6554565
-7.4755096 8.69751E-4 8.00177
-7.4755096 4.0213165 10.893921
-8.230087 1.1029816 8.951538
-6.2162933 -0.6370697 1.6604614
-9.408371 -1.9653168 6.1641235
-17.087448 -7.0117035 6.752075
-11.724472 -5.790573 6.9067993
-11.267441 3.9998932 6.4069214
-10.8484955 5.2519684 7.5756836
-16.58757 -1.0821991 9.494263
-16.687546 -9.189743 2.8078003
-9.97966 -1.222641 12.657776
-11.643539 1.003006 11.348572
-8.515732 -0.74180603 7.8779907
-7.8658905 -0.6037445 7.025818
-9.258408 -1.5059052 6.6640015
-7.742111 -0.83940125 6.423584
-6.3448334 -1.748703 7.2543335
-4.6262054 -5.159775 7.1638794
-3.7692719 -5.9738617 8.682556
-3.82164 -5.500168 9.420471
-4.8951874 -4.1266937 8.661133
-6.016342 -3.1316986 7.949402
-6.8399506 -2.0105438 8.06842
-7.401718 -1.1440887 7.801819
-7.4493256 -0.7299042 7.1972046
-7.765915 -0.09196472 6.916321
-7.8849335 0.17225647 7.0305786
-7.511215 -0.5966034 7.3828735
-6.6399994 -2.0010223 7.3186035
-5.9401703 -1.620163 6.9591675
-6.2639008 -3.2792816 7.380493
-5.930649 -2.9960175 8.415955
-6.104416 -2.9650726 8.365967
-6.535263 -2.5865936 7.789917
-7.113693 -1.5844574 7.3828735
-7.9753876 -0.77989197 7.059143
-8.232468 -0.52757263 6.8710938
-8.018234 -0.44664 6.1831665
-7.061325 -0.056259155 6.1831665
-7.0256195 -1.1988373 6.2664795
-6.6661835 -2.0153046 6.473572
-6.6733246 -2.588974 6.897278
-6.694748 -2.8984222 7.2043457
-6.5685883 -2.9769745 7.3566895
-7.1993866 -2.5937347 7.218628
-7.7254486 -1.6058807 7.378113
-7.996811 -1.2916718 7.463806
-7.7373505 -0.8489227 6.7163696
-7.6230927 -0.5727997 6.3117065
-7.727829 -0.71562195 5.9213257
-7.806381 -0.78941345 5.783264
-7.458847 -0.81559753 5.980835
-7.111313 -1.9629364 6.340271
-7.344589 -2.9317474 6.59021
-7.344589 -2.165268 6.7235107
-7.277939 -1.5082855 6.7782593
-7.125595 -1.8296356 6.52594
-7.2493744 -2.2152557 6.456909
-7.5254974 -1.6772919 6.359314
-7.7706757 -1.1916962 6.147461
-7.8801727 -1.2321625 6.494995
-7.953964 -1.2440643 5.4714355
-7.701645 -0.8608246 5.8808594
-7.587387 -1.2059784 5.6761475
-7.561203 -1.3535614 5.923706
-7.761154 -1.582077 5.980835
-8.263412 -1.4844818 6.2664795
-8.525253 -1.555893 6.2926636
-8.653793 -1.094101 6.0927124
-8.532394 -0.73228455 5.9022827
-8.127731 -1.0274506 5.569031
-7.6659393 -0.90367126 5.257202
-7.5850067 -1.3964081 5.9594116
-7.92778 -2.267624 6.321228
-8.415756 -2.2628632 6.6640015
-8.43718 -1.9891205 6.7020874
-8.482407 -1.9510345 6.1974487
-8.37291 -2.081955 5.973694
-8.303879 -1.812973 5.6571045
-8.470505 -1.4225922 5.614258
-8.401474 -1.6249237 5.866577
-7.7944794 -1.555893 5.397644
-7.6992645 -2.3295135 4.9525146
-7.254135 -2.717514 5.3738403
-7.4540863 -2.3866425 5.776123
-8.306259 -2.7579803 5.749939
-8.720444 -3.2530975 6.0022583
-8.399094 -2.653244 6.473572
-8.480026 -2.0391083 6.052246
-9.013229 -2.5461273 5.288147
-8.829941 -2.9555511 5.0358276
-8.425278 -2.5223236 4.79541
-8.663315 -3.3744965 4.7906494
-8.515732 -4.762253 5.2333984
-7.939682 -5.1835785 6.0046387
-7.394577 -4.6694183 6.571167
-7.0184784 -3.9219818 6.6401978
-6.818527 -3.4697113 6.237915
-6.5376434 -3.095993 5.764221
-6.4233856 -2.8722382 5.0739136
-6.830429 -2.8984222 4.3812256
-7.201767 -3.107895 3.8527832
-7.3398285 -3.0364838 3.5361938
-7.632614 -3.0412445 3.7075806
-8.082504 -3.217392 4.378845
-8.43956 -2.9698334 4.947754
-8.848984 -2.6889496 5.107239
-9.141769 -2.7317963 5.064392
-9.048935 -2.800827 5.1310425
-8.470505 -2.6294403 4.5169067
-8.015854 -2.6484833 4.583557
-7.977768 -3.1650238 5.109619
-8.061081 -3.71727 5.852295
-8.1610565 -4.431381 6.1950684
-7.946823 -4.833664 5.826111
-7.344589 -4.928879 5.128662
-7.085129 -4.647995 4.66687
-7.9039764 -4.719406 4.807312
-8.670456 -4.4718475 5.3738403
-9.034653 -3.7672577 6.01178
-9.201279 -3.3983002 5.9903564
-8.968002 -3.429245 5.404785
-8.087265 -3.1507416 5.0215454
-7.5516815 -2.9246063 4.7644653
-7.28508 -2.4628143 4.628784
-7.3898163 -2.4818573 4.397888
-7.663559 -3.2769012 5.552368
-7.9420624 -3.8029633 5.82135
-8.099167 -4.340927 5.9784546
-8.103928 -4.6003876 5.892761
-7.9301605 -4.578964 5.6261597
-7.9039764 -4.602768 5.385742
-7.844467 -4.662277 5.197693
-7.696884 -4.262375 5.166748
-7.432663 -3.4958954 5.1500854
-7.5183563 -3.319748 5.2000732
-7.4421844 -3.3959198 5.128662
-7.444565 -3.5101776 5.0858154
-7.6040497 -3.6172943 4.883484
-7.7873383 -3.4578094 4.7835083
-7.7040253 -3.1197968 4.626404
-7.6492767 -2.7603607 4.735901
-7.7064056 -2.8603363 4.704956
-7.844467 -3.0293427 4.7025757
-8.008713 -3.448288 5.171509
-8.196762 -3.8743744 5.4000244
-8.546677 -4.1766815 5.442871
-8.801376 -4.409958 5.4190674
-8.596664 -4.4266205 5.102478
-7.9373016 -4.140976 4.678772
-6.7804413 -2.910324 3.9194336
-6.097275 -2.800827 4.0265503
-6.0829926 -3.8386688 4.100342
-6.7233124 -4.995529 4.3050537
-7.7944794 -5.188339 4.904907
-8.948959 -4.821762 5.6832886
-9.682114 -4.3290253 6.2545776
-9.891586 -3.8886566 6.699707
-9.572617 -3.6125336 6.7020874
-8.851364 -3.2507172 6.1260376
-8.513351 -3.6649017 5.9641724
-7.953964 -3.8957977 5.447632
-6.8923187 -2.9983978 4.7335205
-6.6328583 -2.7698822 4.904907
-6.8827972 -3.3578339 4.959656
-7.5207367 -4.171921 5.2286377
-7.8706512 -4.3552094 5.5856934
-7.8849335 -4.019577 6.14032
-7.9682465 -3.5744476 6.5687866
-8.227707 -3.3126068 6.521179
-8.415756 -3.2745209 6.404541
-8.456223 -3.4197235 6.3426514
-8.380051 -3.3697357 6.20459
-8.37767 -3.3959198 5.9903564
-8.43956 -3.2459564 5.7904053
-8.530014 -2.8484344 5.8880005
-8.644272 -2.3533173 5.8094482
-8.839462 -2.1628876 5.5214233
-8.7704315 -2.2271576 5.0429688
-8.834702 -2.1295624 5.088196
-8.894211 -1.6534882 5.5166626
-9.648788 -2.1962128 4.693054
-9.744003 -3.4530487 4.050354
-8.946579 -3.3364105 4.3550415
-9.52739 -3.2530975 3.479065
-10.481918 -3.97435 4.709717
-9.541672 -2.9269867 5.3952637
-9.408371 -2.3437958 5.859436
-9.108444 -2.6651459 5.8427734
-8.330063 -3.1269379 5.7785034
-7.7135468 -2.9317474 5.5023804
-6.9756317 -2.2700043 5.8570557
-6.687607 -1.877243 4.9953613
-7.7254486 -2.5389862 4.2836304
-8.111069 -2.384262 4.0336914
-8.018234 -1.3035736 4.7216187
-8.165817 -0.13957214 4.1241455
-9.003708 -0.3895111 4.2026978
-9.184616 -1.3607025 3.4433594
-8.50145 -3.5530243 2.369812
-7.465988 -2.422348 2.3840942
-7.568344 1.0767975 3.986084
-8.7704315 3.2643585 4.7644653
-9.013229 2.9049225 3.8242188
-8.299118 0.95539856 2.1651
-7.5826263 -0.6061249 1.946106
-7.344589 -0.99412537 2.0437012
-7.382675 -1.517807 2.3745728
-7.9682465 -1.7606049 3.31958
-8.434799 -2.2057343 3.300537
-8.813278 -2.774643 3.3481445
-8.777573 -3.2483368 3.3933716
-8.463364 -3.288803 3.986084
-8.144394 -3.243576 3.4576416
-7.946823 -3.3149872 3.0767822
-7.939682 -3.3292694 2.67688
-8.070602 -3.5482635 2.1222534
-8.320541 -3.569687 1.7342529
-8.368149 -3.750595 1.4985962
-8.960861 -3.9886322 1.5747681
-9.943954 -4.0410004 1.4533691
-10.81279 -4.000534 1.3700562
-11.012741 -3.814865 1.1534424
-10.646164 -3.5934906 1.3391113
-10.082016 -3.6387177 1.9841919
-9.8535 -3.345932 2.2817383
-10.065353 -3.281662 2.074646
-10.336716 -3.7006073 2.0651245
-10.439072 -3.243576 3.0863037
-10.819931 -2.6484833 3.0910645
-11.253159 -2.4437714 2.5292969
-11.514999 -2.4913788 1.9318237
-11.714951 -3.1769257 1.5152588
-11.738754 -4.2100067 1.1605835
-11.6054535 -5.1264496 1.0748901
-11.593552 -5.571579 0.6488037
-11.598312 -6.066696 -0.036743164
-11.750656 -6.816513 1.6295166
-12.386215 -6.528488 2.4650269
-12.8051605 -5.5501556 2.2103271
-13.152695 -4.2718964 2.6030884
-13.369308 -3.057907 3.4171753
-13.63353 -3.467331 2.850647
-13.293137 -4.1171722 0.35125732
-12.688522 -2.236679 1.2248535
-11.505478 1.5409698 1.6247559
-11.015121 3.4524078 1.3748169
-11.379318 5.3233795 1.8151855
-11.405502 4.935379 2.1936646
-11.13414 1.4766998 0.7963867
-10.336716 0.23890686 0.34649658
-9.672592 -1.120285 0.14178467
-9.898727 -3.088852 -0.20098877
-10.23674 -4.057663 -0.47473145
-10.448593 -4.288559 -0.43188477
-10.4509735 -4.1243134 -0.27478027
-10.336716 -3.698227 0.06085205
-10.079636 -3.5554047 0.31555176
-9.865402 -3.7339325 0.4036255
-9.665451 -4.007675 0.29412842
-9.522629 -4.114792 0.11798096
-9.363144 -4.10289 -0.017700195
-9.263168 -3.7553558 -0.103393555
-9.165573 -3.288803 -0.06768799
-9.034653 -2.8222504 0.008483887
-8.903732 -2.441391 0.15130615
-8.732346 -2.1962128 0.22509766
-8.537155 -2.043869 0.3441162
-8.349106 -2.0129242 0.2631836
-8.287216 -2.0771942 0.27508545
-8.394333 -2.1248016 0.22509766
-8.670456 -2.2081146 0.18225098
-8.908493 -2.2842865 0.16796875
-9.175095 -2.4318695 0.24176025
-9.270309 -2.634201 0.32507324
-9.172714 -2.8174896 0.3774414
-9.094162 -2.9983978 0.44885254
-9.010849 -3.107895 0.5821533
-8.910873 -3.1507416 0.65356445
-8.898972 -3.2197723 0.77020264
-8.898972 -3.2031097 0.8249512
-8.89183 -3.1126556 0.8820801
-8.898972 -3.1031342 0.9534912
-8.846603 -3.0007782 0.91064453
-8.958481 -2.8817596 1.0344238
-9.110825 -2.774643 1.0725098
-9.360764 -2.6484833 1.1177368
-9.746384 -2.581833 1.2200928
-10.039169 -2.6199188 1.3343506
-10.248642 -2.672287 1.2962646
-10.251022 -2.7841644 1.465271
-10.212936 -2.8936615 1.5081177
-10.079636 -2.9388885 1.5533447
-10.032028 -2.9769745 1.9342041
-10.04155 -2.5770721 2.2198486
-10.422409 -2.8603363 5.345276
-11.057968 -1.9367523 8.9991455
-11.365036 -0.42759705 12.062683
-10.500961 0.5174103 9.001526
-9.125107 -1.3916473 6.33313
-8.577621 -2.377121 3.357666
-8.834702 -3.1769257 1.4105225
-9.039413 -3.8291473 0.34887695
-9.222702 -4.705124 -0.69610596
-9.560715 -6.692734 -1.0222168
-9.560715 -7.361618 -1.203125
-9.27269 -7.1259613 -0.42474365
-9.184616 -5.873886 0.20367432
-9.282211 -4.845566 0.67974854
-9.472641 -4.1076508 1.0153809
-9.503586 -3.6268158 1.0891724
-9.325058 -3.3768768 1.2772217
-9.334579 -3.2292938 1.4343262
-9.367905 -3.0674286 1.4605103
-9.351242 -2.9127045 1.5343018
-9.40123 -2.8222504 1.7128296
-9.432175 -2.81987 1.7699585
-9.498825 -2.838913 1.8056641
-9.555954 -3.0150604 1.8294678
-9.65593 -3.1174164 1.741394
-9.78685 -3.1888275 1.6247559
-9.846359 -3.1769257 1.4962158
-9.884445 -3.1364594 1.4081421
-9.934433 -3.1697845 1.2867432
-10.022507 -3.2411957 1.2129517
-9.993942 -3.2792816 1.1582031
-10.010605 -3.3697357 1.0106201
-9.991562 -3.4340057 0.9891968
-9.97728 -3.576828 0.9630127
-9.884445 -3.6815643 0.8535156
Time Stop = 1457238113
