Time Start = 1457238328
-0.5843353 -0.2419281 10.013184
-0.31773376 -0.29667664 9.777527
0.16072083 -0.51091003 9.825134
0.14881897 -0.58232117 9.884644
-0.08207703 -0.5228119 9.920349
-0.022567749 -0.5727997 9.908447
0.24403381 -0.5204315 9.894165
0.20118713 -0.6370697 9.896545
0.010757446 -0.7441864 9.903687
-0.103500366 -0.70848083 10.144104
-0.19395447 -0.6370697 10.010803
-0.1749115 -0.59898376 9.972717
-0.16777039 -0.39427185 9.810852
-0.077316284 -0.22050476 9.853699
0.22499084 -0.4394989 9.956055
0.12739563 -0.0015106201 10.101257
-0.060653687 -0.28477478 10.003662
-0.16062927 -0.72514343 9.910828
-0.20109558 -0.82987976 9.872742
0.5011139 -0.7037201 10.265503
0.46064758 -1.184555 9.787048
-0.6605072 -1.1036224 10.063171
0.14405823 -1.177414 9.791809
0.25117493 -1.5392303 9.629944
-0.3558197 -1.5059052 9.929871
-0.29631042 -1.286911 10.358337
-0.89378357 -0.9750824 11.048645
0.6510773 -1.5796967 10.084595
0.6820221 -1.8367767 9.03009
0.20594788 -1.896286 9.172913
0.075027466 -1.3749847 9.34906
0.129776 -1.2988129 9.846558
0.360672 -0.81321716 9.456177
0.6415558 -0.8751068 9.491882
0.43208313 -0.82987976 9.47998
0.3106842 -0.5799408 9.494263
0.40589905 -0.30619812 9.820374
0.32972717 -0.3895111 9.86322
0.52253723 0.08894348 9.437134
0.7296295 -0.051498413 9.051514
0.81770325 -0.08720398 8.751587
0.59394836 -0.3895111 8.51355
0.16548157 -0.87272644 9.058655
-0.034469604 -0.8274994 9.268127
0.0155181885 -0.6061249 10.322632
-0.32963562 -0.39665222 11.450928
-0.7771454 -1.0298309 12.231689
-1.134201 -1.6320648 10.563049
-1.6935883 -2.56279 11.91272
0.10835266 -0.7917938 9.913208
1.0866852 -1.8558197 9.449036
0.23927307 -2.653244 8.70874
-0.2986908 -3.1221771 8.596863
-0.0011444092 -2.6889496 8.549255
0.24403381 -2.608017 8.96344
-0.22251892 -2.1057587 9.748962
-0.46531677 -1.0702972 10.734436
-0.18681335 -0.7299042 10.394043
-0.48912048 -1.53685 10.158386
-0.6700287 -1.9772186 10.334534
0.13929749 -2.2128754 9.322876
-0.0035247803 -2.2795258 8.792053
-0.3891449 -2.229538 8.696838
-0.41770935 -2.531845 8.358826
-0.15110779 -3.6196747 8.058899
0.02027893 -2.8984222 8.437378
0.129776 -2.0867157 9.522827
0.117874146 -2.2128754 9.956055
0.32496643 -2.0605316 10.170288
0.39637756 -1.6558685 9.867981
0.2035675 -1.3654633 9.718018
-0.0035247803 -1.2440643 9.582336
-0.396286 -1.0155487 10.067932
-0.5724335 -0.6608734 10.405945
-0.8247528 -0.49900818 11.693726
-0.17729187 -0.8417816 10.960571
-0.122543335 -1.7582245 10.860596
0.06550598 -1.979599 9.594238
0.360672 -1.6082611 9.384766
-0.101119995 -2.2985687 8.225525
-0.9342499 -1.3202362 9.784668
1.7936554 -2.1057587 9.98938
0.7296295 -1.684433 9.689453
-0.332016 -1.4559174 9.584717
-0.11064148 -1.4130707 9.660889
-1.2270355 -0.5537567 9.215759
0.2035675 -1.4202118 9.79657
0.8319855 -1.8177338 9.41095
0.12501526 -1.748703 9.47522
-0.49864197 -1.4797211 9.380005
-0.47721863 -1.1345673 9.765625
0.30116272 -1.0655365 9.315735
-0.098739624 -1.3488007 10.784424
-0.5557709 -0.26811218 10.75824
-0.2820282 -0.65849304 10.686829
-0.13444519 -0.8417816 10.039368
0.22499084 -0.8108368 9.891785
0.61061096 -1.1298065 9.953674
0.5749054 -1.0917206 9.941772
0.3678131 -1.3011932 10.025085
0.360672 -1.0226898 10.17981
0.003616333 -0.4561615 10.415466
-0.27726746 -0.56803894 10.079834
-0.43199158 -0.8774872 9.663269
-0.5795746 -0.7299042 9.982239
-0.6795502 -2.0153046 9.011047
-0.37724304 -3.583969 8.606384
0.096450806 -3.5625458 8.587341
0.4416046 -3.345932 8.982483
0.3939972 -2.4509125 9.380005
0.23213196 -1.4106903 9.846558
-0.07493591 -0.63468933 10.008423
-0.23918152 -0.080062866 10.351196
-0.09397888 0.65071106 10.232178
-0.20347595 0.06513977 10.896301
-0.3724823 -0.09196472 9.806091
-0.25584412 -0.55137634 10.032227
-0.32963562 -1.2797699 9.751343
-0.11540222 -1.8224945 9.482361
0.06312561 -2.0129242 9.444275
0.094070435 -1.934372 9.568054
-0.07255554 -1.7415619 9.601379
-0.0677948 -1.415451 9.7751465
0.03694153 -1.1512299 9.875122
0.055984497 -0.9560394 9.906067
0.094070435 -0.61802673 10.058411
0.13691711 -0.66563416 11.258118
-1.1746674 0.77211 9.744202
0.29164124 -0.7584686 10.001282
0.77723694 -0.8846283 9.9227295
-0.077316284 -0.4894867 10.041748
-0.3558197 -0.46092224 10.017944
-0.032089233 -0.56565857 9.975098
0.075027466 -0.77275085 9.951294
-0.04637146 -1.0131683 9.698975
-0.14396667 -1.0774384 9.679932
-0.0677948 -1.0988617 9.815613
0.034561157 -1.075058 9.7561035
0.029800415 -1.1036224 9.791809
-0.041610718 -1.075058 9.741821
-0.0035247803 -1.0226898 9.877502
0.04170227 -0.92985535 9.901306
0.08216858 -0.7370453 9.913208
0.034561157 -0.73942566 9.906067
-0.103500366 -0.7751312 10.127441
-0.06541443 -0.77275085 9.7751465
-0.06303406 -0.8513031 9.7561035
-0.08683777 -0.8608246 9.898926
-0.02494812 -0.68229675 9.865601
-0.11778259 -0.6465912 9.887024
-0.16300964 -0.85606384 9.715637
-0.034469604 -0.927475 9.803711
-0.02494812 -0.93937683 9.801331
-0.103500366 -1.0012665 9.794189
-0.020187378 -0.8513031 9.765625
0.06312561 -0.9584198 10.001282
-0.04399109 -0.972702 10.31311
0.0393219 -0.9655609 9.963196
0.055984497 -0.9346161 9.906067
0.02027893 -1.0298309 8.844421
-0.034469604 -0.9560394 10.24646
0.13453674 -0.78941345 9.79657
-0.036849976 -0.65849304 9.644226
-0.3058319 -0.8084564 9.856079
-0.14396667 -0.80607605 9.79895
-0.013046265 -0.9155731 9.801331
-0.14396667 -0.83940125 9.86084
-0.2725067 -0.6870575 9.832275
-0.08207703 -0.75608826 9.789429
-0.11540222 -0.8489227 10.355957
0.1131134 -0.6108856 9.496643
0.17024231 -1.0607758 9.715637
-0.10826111 -1.3821259 9.79895
-0.0844574 -1.075058 9.889404
0.0012359619 -0.7537079 9.975098
0.013137817 -0.7703705 9.963196
-0.06541443 -0.8608246 9.7751465
-0.032089233 -1.0464935 9.79657
-0.0059051514 -0.991745 9.787048
-0.036849976 -0.8751068 9.848938
-0.10588074 -0.77989197 9.827515
-0.09397888 -0.8108368 9.932251
-0.08683777 -0.86320496 9.887024
-0.032089233 -1.0060272 9.763245
-0.010665894 -1.0631561 9.763245
0.005996704 -1.0322113 9.829895
0.04170227 -1.1131439 9.727539
0.046463013 -1.1417084 9.610901
0.046463013 -0.9655609 9.663269
0.010757446 -0.9155731 9.960815
0.003616333 -0.8013153 9.844177
-0.058273315 -0.77989197 9.822754
-0.11540222 -0.82987976 9.901306
-0.04875183 -0.81559753 9.848938
-0.055892944 -0.83940125 9.9869995
-0.017807007 -0.97032166 9.844177
-0.06541443 -1.0203094 9.891785
0.008377075 -1.1083832 9.834656
0.025039673 -0.991745 9.79895
0.022659302 -1.0226898 9.789429
0.04170227 -1.0250702 9.834656
0.06074524 -0.87034607 9.806091
-0.051132202 -0.7679901 9.898926
-0.103500366 -0.7299042 9.877502
-0.124923706 -0.6846771 9.898926
-0.020187378 -0.9584198 9.960815
0.027420044 -1.0345917 9.782288
0.051223755 -0.92033386 9.7323
-0.04875183 -0.93699646 9.810852
-0.04637146 -0.9108124 9.632324
0.07740784 -0.87986755 9.841797
0.13691711 -0.5727997 9.946533
-0.07255554 -0.7346649 10.084595
-0.37486267 -1.010788 10.251221
-0.055892944 -0.69181824 9.713257
0.13929749 -1.0084076 9.787048
-0.120162964 -1.5796967 8.946777
-0.077316284 -1.3964081 10.0060425
0.27259827 -1.075058 9.67041
-0.051132202 -0.69895935 9.665649
-0.30345154 -0.73942566 10.0060425
-0.17967224 -0.7299042 9.894165
-0.0035247803 -0.6465912 9.929871
-0.08207703 -0.48710632 10.020325
-0.04637146 -0.30143738 9.7323
-0.058273315 -0.3419037 9.648987
0.0155181885 -0.62516785 9.877502
-0.17729187 -0.85606384 10.510681
0.12739563 -0.677536 9.575195
0.01789856 -1.267868 9.737061
-0.13444519 -1.3440399 9.934631
-0.032089233 -0.92033386 9.710876
-0.11302185 -0.88938904 9.951294
-0.13920593 -1.0322113 9.879883
0.12739563 -1.0441132 9.577576
0.08454895 -1.1250458 9.956055
0.06788635 -1.0036469 9.808472
-0.06541443 -0.8513031 9.86084
-0.101119995 -0.6442108 9.853699
-0.103500366 -0.6204071 9.877502
-0.16062927 -0.70848083 10.063171
-0.12730408 -0.74894714 9.875122
-0.053512573 -0.97032166 9.841797
0.02027893 -1.0988617 9.791809
0.051223755 -1.177414 9.660889
0.12501526 -1.241684 9.872742
0.053604126 -1.2512054 9.675171
0.034561157 -1.2916718 9.618042
-0.04875183 -1.4011688 9.696594
-0.0677948 -1.351181 9.746582
-0.051132202 -1.2726288 9.9227295
-0.101119995 -1.0060272 9.967957
-0.120162964 -0.7203827 9.910828
-0.08921814 -0.825119 9.846558
0.005996704 -1.2440643 9.903687
0.13929749 -1.4297333 9.758484
0.12739563 -1.4940033 9.570435
0.072647095 -1.5844574 9.632324
-0.017807007 -1.4130707 9.751343
0.01789856 -1.1678925 9.86084
-0.11064148 -1.1655121 9.875122
-0.1915741 -1.0441132 10.017944
-0.122543335 -0.9155731 9.979858
0.032180786 -0.7441864 10.058411
0.06074524 -0.72276306 9.958435
-0.053512573 -0.8655853 9.977478
-0.029708862 -1.0893402 9.851318
0.04408264 -1.2059784 9.801331
0.022659302 -1.3178558 9.551392
-0.11302185 -1.47258 9.584717
-0.1582489 -1.4630585 9.779907
-0.020187378 -1.2559662 9.856079
-0.101119995 -1.2797699 9.846558
-0.15586853 -1.2988129 9.970337
-0.11778259 -1.2321625 10.067932
-0.020187378 -1.0702972 10.201233
-0.060653687 -1.0036469 10.096497
-0.1582489 -1.0131683 10.075073
-0.04637146 -1.0798187 10.160767
0.17262268 -1.0869598 9.806091
0.15357971 -1.3821259 9.889404
0.032180786 -1.286911 10.494019
-0.06541443 -0.8036957 10.691589
-0.23442078 -0.7537079 10.479736
-0.098739624 -0.99650574 10.094116
0.1869049 -1.3868866 10.036987
-0.22013855 -1.6677704 9.113403
-0.78904724 -2.448532 8.70636
-0.6176605 -3.9457855 8.9158325
-0.0011444092 -4.057663 8.216003
-0.11064148 -3.191208 8.520691
-0.053512573 -2.0200653 9.272888
0.048843384 -1.6582489 9.60614
-0.120162964 -1.4606781 9.803711
-0.30345154 -1.2440643 9.858459
-0.34153748 -1.3488007 9.794189
-0.25584412 -1.241684 9.808472
-0.06303406 -1.1797943 9.47998
-0.18205261 -1.5082855 9.551392
-0.34629822 -1.9510345 9.47998
-0.09635925 -1.832016 9.210999
-0.21775818 -2.0200653 10.772522
-0.7700043 -1.8010712 10.69635
-0.5676727 -1.6249237 10.251221
0.24165344 -1.6677704 10.208374
0.47016907 -1.9462738 9.515686
0.34162903 -2.3866425 9.7323
0.094070435 -2.0414886 9.294312
0.09169006 -1.646347 9.318115
0.032180786 -1.2202606 9.644226
-0.15348816 -0.63230896 9.815613
-0.3724823 -0.4633026 10.151245
-0.42723083 -0.5370941 9.98938
-0.22489929 -0.9346161 9.844177
-0.07255554 -1.1536102 9.763245
-0.060653687 -1.203598 10.096497
-0.055892944 -1.1298065 9.946533
-0.15110779 -1.2154999 10.075073
-0.27012634 -0.7584686 9.437134
-0.36058044 -1.5439911 9.92749
-0.44389343 -1.4868622 10.275024
-0.11540222 -1.5654144 9.877502
0.12263489 -1.453537 9.675171
0.1464386 -1.305954 9.887024
0.12025452 -1.1916962 9.813232
0.04408264 -1.094101 9.9869995
-0.06541443 -1.075058 9.879883
-0.0059051514 -0.9893646 9.706116
-0.022567749 -0.8274994 10.029846
-0.09159851 -0.7132416 9.965576
-0.13444519 -0.69895935 9.882263
-0.22489929 -0.5228119 10.003662
-0.14634705 -0.42997742 9.998901
-0.21775818 -0.760849 9.806091
-0.26774597 -1.1607513 9.746582
-0.058273315 -1.3345184 9.753723
0.04170227 -1.4416351 9.827515
0.01789856 -1.53685 9.7561035
-0.022567749 -1.53685 9.682312
-0.0011444092 -1.4392548 9.891785
0.18214417 -1.2773895 9.765625
0.08692932 -1.1179047 9.815613
-0.027328491 -0.9250946 9.817993
-0.15586853 -0.8179779 9.910828
-0.14872742 -0.6370697 9.948914
-0.11540222 -0.58470154 10.225037
-0.008285522 -0.6061249 10.539246
-0.02494812 -0.6561127 10.432129
-0.1582489 -1.0441132 9.779907
-0.34391785 -1.5915985 9.308594
-0.079696655 -1.4249725 8.892029
0.39875793 -1.139328 9.537109
0.048843384 -1.5963593 9.618042
-0.44389343 -1.6915741 9.144348
-0.29631042 -1.9081879 9.463318
0.08454895 -1.5844574 9.522827
0.008377075 -0.9346161 9.708496
-0.33439636 -0.67277527 9.853699
-0.37724304 -0.88700867 9.746582
-0.41056824 -0.9893646 10.008423
0.010757446 -0.7275238 9.546631
-0.098739624 -1.4321136 10.232178
-0.4962616 -1.5225677 10.201233
-0.21775818 -0.8536835 10.194092
0.19166565 -0.41807556 10.517822
0.37019348 -0.4323578 10.491638
0.2035675 -0.7037201 10.067932
0.14881897 -0.93699646 9.715637
0.06550598 -0.8917694 9.832275
0.14167786 -1.1060028 9.851318
0.10359192 -0.07054138 10.041748
-0.13682556 -0.058639526 9.896545
-0.90330505 -0.78941345 9.301453
-0.71287537 -1.5297089 9.491882
-0.15586853 -2.3414154 9.496643
0.08930969 -2.774643 9.265747
0.13691711 -2.5532684 9.420471
0.13215637 -1.7701263 9.5442505
0.034561157 -1.2131195 9.844177
0.01789856 -0.844162 10.065552
-0.013046265 -0.44187927 10.470215
0.02027893 -0.30619812 9.875122
0.027420044 -0.45854187 9.79895
0.055984497 -0.027694702 10.444031
-0.04875183 -0.4561615 10.191711
-0.17253113 -1.1488495 9.768005
-0.124923706 -1.1702728 9.722778
-0.04875183 -1.1797943 9.867981
-0.060653687 -1.2178802 9.815613
-0.015426636 -1.0631561 9.956055
-0.017807007 -0.7537079 9.958435
0.01789856 -0.7370453 10.077454
0.027420044 -0.825119 10.086975
0.03694153 -0.92985535 10.044128
-0.036849976 -0.81559753 9.975098
-0.04875183 -0.75608826 9.817993
-0.20347595 -0.8822479 9.739441
-0.31059265 -1.3178558 9.803711
-0.28678894 -1.5939789 9.687073
-0.08207703 -1.9224701 9.363342
0.06550598 -2.3247528 9.399048
0.034561157 -2.3699799 9.491882
0.117874146 -2.0295868 9.60376
0.14405823 -1.5915985 9.682312
0.075027466 -1.3535614 9.777527
0.003616333 -1.2250214 9.841797
-0.0059051514 -1.010788 9.917969
-0.10826111 -0.9155731 10.05127
-0.16300964 -0.9322357 9.829895
-0.09159851 -1.1893158 9.751343
-0.0059051514 -1.2107391 9.768005
0.04408264 -1.1750336 9.79895
-0.13444519 -1.1940765 9.848938
-0.15110779 -1.2059784 9.915588
-0.027328491 -1.1060028 9.92749
-0.07017517 -0.99650574 9.884644
-0.06303406 -0.9679413 9.998901
0.027420044 -0.908432 9.951294
-0.058273315 -0.98698425 9.825134
-0.008285522 -1.120285 9.944153
0.08454895 -1.1060028 9.894165
0.10121155 -0.9488983 9.934631
-0.07017517 -0.9179535 9.768005
-0.09159851 -0.9512787 9.877502
-0.11064148 -1.1274261 9.834656
-0.027328491 -1.241684 9.782288
0.013137817 -1.3178558 9.737061
-0.008285522 -1.3559418 9.727539
-0.015426636 -1.3678436 9.589478
-0.008285522 -1.3154755 9.791809
-0.02494812 -1.286911 10.077454
-0.027328491 -1.2583466 10.322632
0.008377075 -1.075058 10.075073
0.07740784 -0.9560394 9.646606
0.022659302 -1.0179291 9.86322
-0.12730408 -1.010788 9.894165
-0.124923706 -0.9608002 9.913208
-0.06541443 -1.0988617 9.794189
-0.10826111 -1.1988373 9.787048
-0.06541443 -1.2916718 9.803711
0.0155181885 -1.3154755 9.834656
0.025039673 -1.2821503 9.848938
0.03694153 -1.1464691 9.753723
0.051223755 -1.0607758 9.858459
0.010757446 -0.9893646 9.894165
-0.010665894 -0.9655609 9.787048
-0.010665894 -0.9417572 9.832275
-0.020187378 -1.056015 9.898926
-0.017807007 -1.0131683 9.844177
0.032180786 -1.2488251 9.879883
0.06074524 -1.2750092 9.79895
0.04170227 -1.3154755 9.772766
0.0155181885 -1.177414 9.651367
0.008377075 -1.0464935 9.803711
-0.010665894 -0.8917694 9.827515
-0.11540222 -1.0036469 9.841797
-0.08683777 -0.99650574 9.9869995
-0.0844574 -0.90605164 9.970337
-0.04875183 -0.991745 9.825134
-0.07493591 -1.2154999 9.789429
0.010757446 -1.3559418 9.825134
0.18928528 -1.1869354 9.570435
0.117874146 -1.222641 9.634705
0.07740784 -1.1464691 9.846558
-0.055892944 -1.1369476 9.870361
-0.09159851 -1.0964813 9.758484
-0.013046265 -1.0417328 9.882263
-0.034469604 -1.0084076 9.929871
-0.0011444092 -1.010788 9.894165
-0.06541443 -1.1155243 9.86084
0.0155181885 -1.2535858 9.915588
-0.0035247803 -1.4749603 10.084595
0.034561157 -1.434494 10.032227
0.1797638 -1.3868866 9.944153
0.16072083 -0.9655609 9.934631
0.02027893 -0.48234558 10.191711
-0.06541443 -0.20384216 10.375
-0.15348816 -0.1348114 10.151245
-0.3391571 -0.39189148 9.903687
-0.71287537 -1.139328 9.848938
-0.44865417 -1.8534393 8.818237
-0.098739624 -2.9626923 9.077698
0.24165344 -2.8222504 8.9348755
0.26783752 -2.729416 9.151489
0.15357971 -2.1367035 9.182434
0.022659302 -1.4440155 9.489502
-0.12968445 -0.8774872 9.829895
-0.24632263 -0.23716736 10.165527
-0.22727966 0.541214 10.334534
0.005996704 0.008010864 10.934387
-0.6843109 -0.42997742 10.865356
0.02027893 -0.9560394 10.24408
0.6963043 -1.1893158 9.748962
0.4416046 -1.9177094 9.7751465
-0.15110779 -0.6037445 9.7751465
0.08692932 0.41981506 10.096497
-0.3558197 -0.54185486 10.125061
-0.5700531 -1.241684 9.522827
-0.36296082 -1.5749359 9.301453
-0.16062927 -1.6582489 9.563293
Time Stop = 1457238333
