Time Start = 1457237661
-0.4724579 1.5338287 8.308838
-0.96995544 1.3148346 8.32074
-1.1151581 1.1743927 8.699219
-0.8723602 1.1672516 9.237183
-0.76524353 1.1767731 9.510925
-0.68193054 1.2957916 9.637085
-0.6105194 1.4386139 9.739441
-0.5272064 1.5814362 9.708496
-0.3891449 1.7480621 9.644226
-0.3058319 1.7099762 9.394287
-0.19395447 1.7361603 9.130066
-0.11064148 1.7433014 8.865845
-0.08921814 1.7694855 8.604004
-0.053512573 1.843277 8.461182
-0.053512573 1.9004059 8.294556
0.0155181885 1.9503937 8.292175
0.096450806 1.9813385 8.339783
0.12501526 2.05513 8.254089
0.18214417 2.0408478 8.037476
0.2940216 2.009903 7.839905
0.3511505 2.145584 7.506653
0.42256165 2.3098297 7.2805176
0.43684387 2.4669342 7.116272
0.2940216 2.555008 6.892517
0.23451233 2.6097565 6.7163696
0.18928528 2.664505 6.3997803
0.117874146 2.8001862 6.211731
0.06550598 2.9382477 5.9974976
-0.022567749 3.1215363 5.6690063
-0.1749115 3.2024689 5.3952637
-0.3224945 3.1358185 4.928711
-0.5938568 2.8715973 4.4883423
-0.8890228 2.4359894 3.864685
-1.1699066 1.9337311 3.3624268
-1.569809 1.3314972 2.8815918
-2.0411224 0.65071106 2.4174194
-2.4767303 0.03895569 1.9627686
-3.0051727 -0.4633026 1.5271606
-3.5812225 -1.0322113 1.0653687
-4.283432 -1.5677948 0.62976074
-4.968979 -2.0414886 0.053710938
-5.785446 -2.5175629 -0.3461914
-6.4876556 -2.8222504 -0.5628052
-7.3850555 -3.1364594 -0.82702637
-8.656174 -3.467331 -0.45568848
-9.943954 -3.5934906 0.018005371
-11.465012 -3.7101288 0.3274536
-13.357407 -4.136215 0.9225464
-15.49736 -4.2147675 1.0320435
-17.956284 -4.731308 1.0272827
-19.671936 -5.2859344 1.1724854
-19.671936 -5.57872 0.9035034
-19.671936 -5.802475 0.58691406
-19.671936 -5.9976654 0.2131958
-19.671936 -6.2023773 0.10369873
-19.671936 -6.321396 -0.017700195
-19.671936 -6.4094696 -0.02960205
-19.671936 -6.8569794 0.4179077
-19.671936 -6.899826 0.8082886
-19.671936 -6.930771 1.4224243
-19.671936 -6.66893 1.9175415
-19.671936 -5.795334 2.119873
-19.671936 -4.571823 1.8199463
-19.53685 -3.4078217 1.420044
-19.4702 -2.588974 1.4295654
-19.139328 -2.2152557 1.6628418
-18.272873 -1.7415619 1.8532715
-17.465927 -1.6177826 1.8818359
-16.566147 -2.1390839 1.8461304
-15.633041 -3.1935883 1.9889526
-13.843002 -3.7863007 1.0368042
-11.862534 -3.4006805 0.81781006
-10.741379 -2.8032074 1.5866699
-10.2200775 -2.2604828 1.9318237
-9.972519 -2.0676727 1.7866211
-9.870163 -2.4080658 1.4509888
-9.829697 -2.9507904 1.0320435
-9.760666 -3.4911346 0.5940552
-9.608322 -3.929123 0.29174805
-9.4631195 -4.321884 0.19415283
-9.234604 -4.636093 -0.18432617
-9.006088 -4.8574677 -0.446167
-8.846603 -5.109787 -0.8079834
-8.722824 -5.3240204 -1.0222168
-8.453842 -5.462082 -1.3007202
-7.99205 -5.559677 -1.4459229
-7.3850555 -5.5477753 -1.4292603
-6.861374 -5.495407 -1.3435669
-6.6161957 -5.181198 -1.157898
-6.482895 -4.7789154 -0.9389038
-6.3972015 -4.3242645 -0.7151489
-6.3186493 -3.9576874 -0.42712402
-6.251999 -3.7982025 -0.362854
-6.311508 -3.724411 -0.31048584
-6.3591156 -3.6553802 -0.4366455
-6.4495697 -3.576828 -0.52471924
-6.5495453 -3.3697357 -0.5961304
-6.6971283 -3.1436005 -0.53186035
-6.9161224 -2.9388885 -0.47711182
-7.1232147 -2.774643 -0.33428955
-7.3469696 -2.7032318 -0.27478027
-7.54216 -2.7675018 -0.17242432
-7.6921234 -3.0460052 -0.20336914
-7.825424 -3.4173431 -0.081970215
-8.049179 -3.8862762 0.21557617
-8.291977 -4.2861786 0.8225708
-8.806137 -4.5218353 1.3248291
-9.3798065 -4.571823 1.7128296
-9.865402 -4.1266937 2.081787
-10.231979 -3.4244843 2.119873
-10.49144 -2.9317474 2.1912842
-10.905624 -2.8079681 2.2079468
-11.2079315 -3.0912323 2.2626953
-11.588791 -3.6482391 2.2698364
-11.972031 -4.236191 2.7340088
-12.402878 -4.640854 3.2624512
-12.819443 -4.738449 3.6004639
-13.243149 -4.659897 3.8718262
-13.624008 -4.469467 3.9313354
-14.016769 -4.319504 3.8051758
-14.423813 -4.2980804 3.5409546
-15.073654 -4.48851 3.2338867
-15.837753 -4.8574677 3.171997
-16.273361 -5.2359467 3.1743774
-15.88298 -5.5239716 3.331482
-14.814194 -5.6191864 3.7337646
-13.712082 -5.3454437 4.357422
-12.769455 -4.928879 4.6549683
-12.121994 -4.429001 4.3931274
-11.684006 -3.993393 4.1360474
-11.472153 -3.769638 3.7385254
-11.557846 -3.7291718 3.6552124
-11.657822 -4.0148163 3.6813965
-11.745895 -4.4528046 3.152954
-11.674484 -5.3359222 2.748291
-11.310287 -3.6196747 2.4769287
-11.481674 -0.16575623 2.4197998
-12.045822 3.0406036 1.1534424
-12.017258 5.2543488 0.95111084
-12.821823 3.754715 3.267212
-11.986313 2.4359894 2.6697388
-10.858017 -0.3157196 2.691162
-9.615463 -1.6082611 2.6625977
-8.575241 -1.434494 2.8339844
-7.546921 -0.52757263 3.19104
-6.766159 0.17939758 3.5790405
-6.45195 0.10322571 3.664734
-6.304367 -0.42759705 3.2077026
-6.182968 -1.2726288 2.6245117
-6.187729 -2.1152802 1.9794312
-6.144882 -2.6437225 1.3938599
-6.0901337 -2.7389374 0.9963379
-6.1353607 -2.69133 0.8487549
-6.3067474 -2.679428 0.54644775
-6.4543304 -2.7532196 0.39886475
-6.6280975 -2.9388885 0.24414063
-6.83757 -3.050766 0.053710938
-7.09227 -3.172165 -0.13195801
-7.3731537 -3.2840424 -0.25811768
-7.644516 -3.2983246 -0.2557373
-8.05632 -3.255478 -0.11529541
-8.534775 -3.243576 0.0037231445
-9.120346 -3.1888275 0.06085205
-9.6107025 -3.0602875 0.1965332
-9.905869 -2.9127045 0.21081543
-9.951096 -2.7960663 0.26080322
-9.836838 -2.7651215 0.22747803
-9.7202 -2.9198456 0.2131958
-9.78685 -3.0912323 0.12750244
-10.0082245 -3.2530975 0.1560669
-10.474777 -3.3292694 0.22509766
-11.012741 -3.3102264 0.3036499
-11.462631 -3.1388397 0.28460693
-11.593552 -2.9269867 0.2703247
-11.317429 -2.8674774 0.2631836
-10.579514 -2.8746185 0.30126953
-9.960617 -3.0150604 0.35839844
-9.701157 -3.1697845 0.22509766
-9.696396 -3.2983246 0.12512207
-9.736862 -3.3935394 0.14654541
-9.78923 -3.3625946 0.20605469
-10.443832 -3.2483368 0.17749023
-11.657822 -3.1507416 -0.04626465
-13.002731 -3.1031342 -0.36523438
-13.778732 -3.217392 -0.6199341
-13.904892 -3.3744965 -0.5866089
-13.333603 -3.5482635 -0.4866333
-12.440964 -3.6815643 -0.041503906
-11.419785 -3.6577606 0.56311035
-10.708054 -3.5911102 1.1558228
-10.167709 -3.576828 1.7009277
-9.943954 -3.512558 2.2174683
-9.827316 -3.436386 2.657837
-9.715439 -3.3316498 2.67688
-9.52977 -3.255478 2.5388184
-9.122726 -3.0483856 2.536438
-8.594284 -2.9722137 2.5316772
-8.030136 -2.812729 2.4293213
-7.554062 -2.6127777 2.4388428
-7.0898895 -2.3985443 2.460266
-6.6971283 -2.089096 2.4674072
-6.501938 -1.915329 2.4031372
-6.3900604 -1.7391815 2.3174438
-6.309128 -1.7320404 2.2626953
-6.285324 -1.7891693 2.1603394
-6.335312 -1.7439423 2.1079712
-6.5376434 -1.9415131 2.260315
-6.7114105 -1.7653656 3.0625
-6.8209076 -1.2107391 3.6885376
-7.1779633 -1.2250214 4.3669434
-7.630234 -1.7106171 4.3169556
-7.958725 -2.5675507 3.6575928
-8.046799 -3.5744476 2.7078247
-8.18248 -4.514694 1.9365845
-8.218185 -5.2526093 1.4224243
-8.291977 -5.5096893 1.5366821
-8.537155 -5.7786713 1.8984985
-9.515488 -6.0190887 1.8413696
-10.398605 -6.192856 1.7485352
-10.698532 -6.2023773 1.991333
-11.098434 -5.938156 2.286499
-11.762558 -5.374008 2.5316772
-12.550461 -4.8503265 2.6602173
-13.190781 -4.3361664 2.838745
-13.733505 -3.9219818 2.972046
-14.242905 -3.557785 3.0958252
-14.414291 -3.3316498 3.1148682
-14.390488 -3.1126556 3.183899
-14.302414 -2.9198456 3.2600708
-14.611862 -2.7770233 3.300537
-15.190292 -2.6389618 3.4076538
-15.371201 -2.5342255 3.5004883
-14.909409 -2.3675995 3.5933228
-14.114365 -2.2414398 3.5457153
-13.50499 -2.2152557 3.531433
-13.150314 -2.293808 3.2386475
-12.883713 -2.550888 2.7958984
-12.505234 -2.653244 2.3412476
-12.133896 -2.8341522 1.9603882
-11.96489 -3.0483856 1.4962158
-12.041061 -3.2911835 1.0796509
-12.169601 -3.4649506 0.8201904
-12.364792 -3.5220795 0.4845581
-12.629013 -3.4816132 0.3441162
-12.67186 -3.5077972 0.3536377
-12.41954 -3.5077972 0.49645996
-11.950607 -3.474472 0.6178589
-11.229355 -3.4697113 0.7749634
-10.546188 -3.429245 0.9891968
-9.891586 -3.345932 1.1867676
-9.177475 -3.1769257 1.3795776
-8.451462 -3.0102997 1.4628906
-7.6349945 -2.8865204 1.5914307
-7.0065765 -2.8222504 1.6866455
-6.540024 -2.672287 1.6628418
-6.2043915 -2.5128021 1.6199951
-6.073471 -2.3699799 1.567627
-6.1020355 -2.2223969 1.4628906
-6.1139374 -2.017685 1.1986694
-6.175827 -1.9391327 1.0963135
-6.2734222 -1.960556 0.8297119
-6.3662567 -1.9653168 0.66070557
-6.425766 -2.1438446 0.42980957
-6.606674 -2.2319183 0.3203125
-6.7423553 -2.415207 0.10369873
-6.932785 -2.5151825 0.048950195
-7.0946503 -2.62706 -0.043884277
-7.3136444 -2.717514 0.018005371
-7.5135956 -2.8222504 -0.11291504
-7.8325653 -2.88414 -0.062927246
-8.080124 -2.9507904 -0.036743164
-8.43718 -3.0483856 -0.105773926
-8.737106 -3.0745697 -0.17004395
-9.006088 -3.1507416 -0.22003174
-9.186996 -3.2721405 -0.1986084
-9.322678 -3.384018 -0.18670654
-9.422653 -3.5030365 -0.124816895
-9.53215 -3.5435028 -0.031982422
-9.682114 -3.5292206 0.13464355
-9.832077 -3.4601898 0.3203125
-9.91301 -3.2959442 0.49884033
-10.053452 -3.172165 0.7011719
-10.358139 -3.0460052 0.8320923
-10.862778 -2.9269867 0.7654419
-11.45549 -2.8627167 0.62976074
-11.783981 -2.8817596 0.55358887
-11.71257 -2.9198456 0.6011963
-11.472153 -2.967453 0.62023926
-11.317429 -2.9841156 0.67736816
-11.229355 -3.005539 0.791626
-11.279343 -3.057907 1.0201416
-11.2912445 -3.1245575 1.3010254
-11.384079 -3.2269135 1.6342773
-11.653061 -3.3149872 1.9675293
-11.898239 -3.2769012 2.4507446
-12.119614 -3.2126312 2.7435303
-12.164841 -3.050766 2.9196777
-11.981552 -2.8293915 3.0601196
-11.731613 -2.717514 2.9863281
-11.293625 -2.6032562 2.9244385
-10.727097 -2.6222992 2.7244873
-10.103439 -2.6294403 2.593567
-9.46788 -2.56279 2.703064
-8.76091 -2.4937592 2.7316284
-8.063461 -2.2985687 2.767334
-7.504074 -2.1033783 2.8220825
-7.0898895 -1.9129486 2.831604
-6.9875336 -0.5323334 2.9244385
-6.5781097 -1.8201141 1.3486328
-6.456711 -1.5677948 3.119629
-6.611435 -1.3726044 5.314331
-7.066086 -0.37522888 5.5238037
-7.2636566 -0.83226013 4.6002197
-7.194626 -2.2604828 2.972046
-7.0303802 -3.5435028 2.0841675
-6.9494476 -4.276657 1.3057861
-7.170822 -5.071701 1.1105957
-7.7111664 -5.3383026 1.6152344
-8.296738 -5.097885 1.824707
-8.637131 -4.9264984 1.8746948
-8.829941 -4.571823 1.9127808
-8.865646 -4.4908905 1.9818115
-8.710922 -4.383774 2.1746216
-8.449081 -4.0600433 2.6697388
-8.572861 -3.9029388 2.7244873
-8.877548 -3.7291718 2.5340576
-9.120346 -3.448288 2.5292969
-9.3988495 -3.0721893 2.5292969
-10.017746 -2.717514 2.5721436
-10.822311 -2.5746918 2.5054932
-11.857773 -2.698471 2.5269165
-12.962265 -2.8722382 2.5911865
-13.985825 -3.338791 2.6245117
-14.635666 -3.7220306 2.5911865
-14.721359 -3.981491 2.6030884
-14.376205 -4.1504974 2.6554565
-14.102463 -4.2338104 2.645935
-14.181015 -4.314743 2.7173462
-14.226242 -4.340927 2.838745
-14.035812 -4.3694916 2.9291992
-13.704941 -4.4218597 2.9506226
-13.70018 -4.4075775 2.8363647
-14.1072235 -4.345688 2.7054443
-14.449997 -4.1266937 2.510254
-14.323837 -3.7553558 2.2436523
-13.883469 -3.3292694 2.0151367
-13.500229 -3.0412445 1.7199707
-13.276474 -2.9150848 1.3724365
-13.12413 -2.8555756 0.96777344
-13.062241 -2.8365326 0.78686523
-13.012253 -2.7913055 0.76068115
-12.890854 -2.7532196 0.69641113
-12.493332 -2.6937103 0.85113525
-11.831589 -2.6699066 1.0772705
-11.100815 -2.581833 1.3581543
-10.29863 -2.4913788 1.6342773
-9.65831 -2.5032806 1.7913818
-9.070358 -2.4723358 2.0222778
-8.596664 -2.422348 2.1079712
-8.158676 -2.4509125 2.2650757
-7.6992645 -2.3723602 2.1674805
-7.2446136 -2.350937 2.2365112
-6.823288 -2.3033295 2.119873
-6.5376434 -2.2842865 2.074646
-6.3972015 -2.2223969 1.8580322
-6.3900604 -2.255722 1.6057129
-6.406723 -2.229538 1.3867188
-6.440048 -2.2390594 1.1867676
-6.399582 -2.3152313 1.0606079
-6.463852 -2.3866425 0.99871826
-6.432907 -2.4175873 0.9225464
-6.509079 -2.4842377 0.84399414
-6.70903 -2.5794525 0.6559448
-7.001816 -2.6865692 0.5083618
-7.1993866 -2.7841644 0.6011963
-7.420761 -2.8317719 0.477417
-7.573105 -2.929367 0.4940796
-7.7064056 -2.9983978 0.44885254
-7.806381 -2.993637 0.44171143
-7.9991913 -3.0293427 0.43933105
-8.358627 -3.0198212 0.477417
-8.946579 -3.0079193 0.47265625
-9.622604 -2.903183 0.40600586
-10.23436 -2.7341766 0.3536377
-10.767563 -2.781784 0.20367432
-10.936569 -2.7198944 0.09655762
-10.698532 -2.7675018 0.03704834
-10.184372 -2.8484344 0.11798096
-9.558334 -3.0079193 0.25604248
-9.301254 -3.1055145 0.5512085
-9.684494 -3.1888275 0.772583
-10.4700165 -3.1674042 0.836853
-11.117477 -3.0674286 0.93444824
-11.469772 -3.0222015 0.9296875
-11.7530365 -3.0102997 0.6845093
-12.198166 -3.0793304 0.394104
-12.61235 -3.20549 0.20129395
-12.86705 -3.4435272 0.23937988
-13.009872 -3.531601 0.477417
-13.152695 -3.6887054 0.86779785
-13.231247 -3.6506195 1.2891235
-13.181259 -3.6053925 1.9246826
-12.983688 -3.5625458 2.4412231
-12.655197 -3.4768524 2.9006348
-12.243393 -3.403061 3.338623
-11.598312 -3.2840424 3.5219116
-10.798508 -3.088852 3.4885864
-9.8606415 -2.8341522 3.2719727
-8.798996 -2.615158 3.024414
-7.8278046 -2.4247284 2.6554565
-7.016098 -2.1938324 2.4388428
-6.304367 -1.9724579 2.3721924
-5.7878265 -1.748703 2.267456
-5.5069427 -1.5344696 2.2246094
-5.36174 -1.3964081 2.1698608
-5.3117523 -1.3035736 2.0865479
-5.392685 -1.3654633 2.0508423
-5.55455 -1.4130707 2.2079468
-5.783066 -1.4582977 2.2650757
-6.1067963 -1.6534882 2.0865479
-6.5114594 -1.8415375 1.7723389
-6.989914 -2.1628876 1.529541
-7.432663 -2.4747162 1.3129272
-7.7825775 -2.9198456 1.105835
-8.220566 -3.2745209 1.0701294
-8.744247 -3.6529999 1.1296387
-9.267929 -3.9648285 1.3867188
-9.770187 -4.179062 1.7366333
-10.198654 -4.2290497 2.0722656
-10.758041 -4.3171234 2.3721924
-11.219833 -4.5551605 2.6554565
-11.600693 -4.7479706 2.8101807
-11.819687 -4.9336395 2.9910889
-11.986313 -5.0240936 3.0958252
-12.22197 -4.988388 3.31958
-12.595688 -4.8741302 3.3648071
-12.812302 -4.7217865 3.2148438
-13.152695 -4.5932465 3.2957764
-13.388351 -4.4599457 3.1672363
-13.554977 -4.3575897 3.0910645
-13.588303 -4.1957245 3.0648804
-13.759689 -4.088608 2.9291992
-14.376205 -3.9124603 2.7839966
-15.106979 -3.8600922 2.6744995
-15.599716 -3.8053436 2.581665
-15.411667 -3.6815643 2.6173706
-14.72374 -3.5720673 2.7054443
-13.928696 -3.5006561 2.684021
-13.116989 -3.319748 2.5483398
-12.5099945 -3.2673798 2.2912598
-12.169601 -3.191208 1.9413452
-12.193405 -3.20549 1.5200195
-12.450485 -3.2864227 1.2248535
-12.817062 -3.3173676 0.97491455
-13.069382 -3.3245087 0.7987671
-13.305038 -3.2935638 0.71307373
-13.459763 -3.2935638 0.6273804
-13.3502655 -3.338791 0.6011963
-12.86705 -3.3102264 0.69641113
-12.079147 -3.300705 0.78686523
-11.055588 -3.2483368 1.048706
-9.991562 -3.1888275 1.465271
-8.987045 -3.0793304 1.8128052
-8.137253 -2.941269 2.1103516
-7.4540863 -2.8151093 2.3460083
-6.789963 -2.6246796 2.4578857
-6.368637 -2.5151825 2.510254
-6.0758514 -2.4199677 2.4412231
-5.956833 -2.3985443 2.279358
-5.956833 -2.3104706 1.9841919
-6.099655 -2.2342987 1.6866455
-6.180588 -2.070053 1.4176636
-6.3591156 -1.9748383 1.2629395
-6.5066986 -1.9224701 1.0368042
-6.739975 -1.9438934 0.92492676
-6.9946747 -2.043869 0.7654419
-7.311264 -2.1819305 0.6273804
-7.6016693 -2.3437958 0.49645996
-7.823044 -2.5532684 0.40124512
-8.034897 -2.7008514 0.33221436
-8.072983 -2.8317719 0.246521
-8.042038 -2.986496 0.14178467
-7.9991913 -3.1507416 0.20129395
-8.0325165 -3.2840424 0.33935547
-8.268173 -3.3483124 0.35125732
-8.5585785 -3.3411713 0.32269287
-8.837082 -3.300705 0.2536621
-9.184616 -3.2745209 0.089416504
-9.40123 -3.1555023 0.08465576
-9.717819 -3.1126556 0.1060791
-9.962997 -3.0936127 0.16320801
-10.255783 -3.0674286 0.3274536
-10.379562 -3.069809 0.4607544
-10.417648 -3.07695 0.6678467
-10.350998 -3.01268 0.82733154
-10.484299 -3.050766 0.9439697
-10.908005 -3.0817108 0.9225464
-11.484055 -3.1935883 0.8535156
-11.898239 -3.3364105 0.9439697
-11.845871 -3.4173431 0.9772949
Time Stop = 1457237666
