Time Start = 1457237908
-1.0151825 1.9741974 10.332153
-0.76524353 1.9741974 10.446411
-0.72239685 1.7075958 10.263123
-0.7247772 1.6909332 10.096497
-0.62242126 1.8147125 9.958435
-0.4058075 1.9599152 9.889404
-0.396286 1.8408966 9.646606
-0.36772156 1.8004303 9.4609375
-0.45341492 1.8908844 9.458557
-0.41770935 1.9337311 9.579956
-0.4962616 1.9765778 9.627563
-0.50816345 1.9384918 9.60614
-0.4557953 1.8742218 9.739441
-0.38676453 1.779007 9.615662
-0.32725525 1.8480377 9.494263
-0.32487488 1.8599396 9.437134
-0.4224701 1.8837433 9.506165
-0.51768494 1.7861481 9.587097
-0.49864197 1.7528229 9.570435
-0.4557953 1.6290436 9.458557
-0.5057831 1.7290192 9.5252075
-0.5533905 1.7742462 9.637085
-0.5557709 1.8194733 9.582336
-0.55101013 1.8028107 9.587097
-0.5367279 1.7671051 9.613281
-0.59147644 1.7337799 9.553772
-0.61528015 1.7075958 9.482361
-0.48435974 1.7623444 9.434753
-0.52482605 1.8123322 9.4609375
-0.5795746 1.7861481 9.482361
-0.58909607 1.5909576 9.449036
-0.5200653 1.6671295 9.3133545
-0.543869 1.86232 9.441895
-0.5843353 1.952774 9.501404
-0.6176605 1.9194489 9.484741
-0.61528015 1.8932648 9.472839
-0.6105194 1.8575592 9.41095
-0.65812683 1.8147125 9.4776
-0.68193054 1.6528473 9.441895
-0.5724335 1.7480621 9.353821
-0.5391083 1.8361359 9.3776245
-0.42723083 1.7861481 9.318115
-0.33439636 1.7623444 9.234802
-0.32963562 1.7766266 9.322876
-0.35105896 1.8218536 9.425232
-0.38438416 1.86232 9.4776
-0.39390564 1.8194733 9.632324
-0.37486267 1.7123566 9.458557
-0.40104675 1.7052155 9.465698
-0.41056824 1.7552032 9.470459
-0.43199158 1.7671051 9.470459
-0.479599 1.7980499 9.41333
-0.4867401 1.7861481 9.472839
-0.44865417 1.721878 9.458557
-0.479599 1.8099518 9.506165
-0.50102234 1.9646759 9.665649
-0.6105194 1.9194489 9.656128
-0.646225 1.7766266 9.679932
-0.55101013 1.7123566 9.575195
-0.5129242 1.7766266 9.529968
-0.43437195 1.8575592 9.53949
-0.3558197 1.7337799 9.556152
-0.2986908 1.5861969 9.372864
-0.25346375 1.6790314 9.482361
-0.2820282 1.8123322 9.515686
-0.34391785 1.8004303 9.60614
-0.35343933 1.5885773 9.449036
-0.40342712 1.6861725 9.501404
-0.5034027 1.7575836 9.6085205
-0.4962616 1.8908844 9.620422
-0.5057831 1.8766022 9.639465
-0.43437195 1.7647247 9.587097
-0.40818787 1.8480377 9.665649
-0.48435974 1.9218292 9.66803
-0.50816345 1.9123077 9.656128
-0.5462494 1.9384918 9.689453
-0.7081146 1.9480133 9.758484
-0.67240906 1.7766266 9.537109
-0.6200409 1.7861481 9.60614
-0.58195496 1.9146881 9.484741
-0.543869 1.9313507 9.558533
-0.56529236 2.017044 9.582336
-0.78666687 2.426468 9.870361
-1.1770477 2.9501495 10.084595
-1.8126068 3.485733 10.317871
-2.8671112 3.7570953 10.241699
-4.1144257 3.6618805 9.939392
-5.180832 3.7237701 9.456177
-5.573593 3.5357208 8.882507
-5.3974457 3.281021 8.239807
-4.91185 3.0263214 7.6470947
-4.502426 2.664505 7.6637573
-4.045395 2.2812653 6.9520264
-4.019211 1.8908844 6.392639
-4.3572235 0.8863678 6.20459
-3.9811249 0.18415833 6.083191
-3.1598969 -0.30381775 6.8258667
-2.4457855 -1.1417084 7.3067017
-1.6007538 -2.0034027 7.7732544
-0.13206482 -2.479477 8.211243
1.4461212 -2.6818085 9.106262
2.3768463 -2.8341522 10.31311
2.855301 -2.9055634 10.958191
2.7743683 -2.8103485 10.877258
2.5315704 -3.050766 10.289307
2.5625153 -3.4578094 9.725159
2.9576569 -4.371872 8.70874
3.959793 -5.2169037 8.382629
4.845291 -5.205002 8.404053
5.2404327 -4.697983 9.822754
7.5731964 -4.314743 13.795593
7.673172 -2.569931 12.350708
5.088089 -13.745773 14.238342
1.4675446 -12.460373 11.753235
1.3437653 -7.816269 12.564941
5.216629 -1.1274261 13.176697
5.576065 -1.7272797 10.298828
3.6622467 -7.856735 6.468811
4.512039 -12.862656 4.440735
5.318985 -10.460861 5.3428955
5.7902985 -6.316635 6.794922
4.5644073 -4.1266937 7.694702
3.2504425 -3.9862518 7.9279785
2.9481354 -4.6384735 7.456665
3.067154 -5.354965 6.859192
3.0790558 -5.9452972 6.283142
2.8862457 -6.123825 6.1903076
2.4220734 -5.3359222 6.559265
1.6198883 -5.250229 6.4450073
0.7700958 -7.016464 5.661865
0.5987091 -8.420883 4.9453735
0.7486725 -8.854111 4.4692993
0.5106354 -9.004074 4.416931
0.37257385 -8.844589 4.8573
0.13929749 -8.4423065 5.5595093
-0.041610718 -7.982895 6.4069214
-0.23680115 -7.906723 7.173401
-0.38676453 -8.20665 7.2471924
-0.37010193 -8.775558 7.0091553
-0.077316284 -9.261154 6.930603
-0.008285522 -9.194504 6.623535
-0.14396667 -9.392075 6.597351
-0.4867401 -8.866013 6.1117554
-0.63194275 -7.6139374 5.5999756
-0.9747162 -6.8831635 6.6568604
-1.5293427 -7.1473846 7.9422607
-1.531723 -8.092392 7.7661133
-0.7176361 -8.46611 6.0093994
0.06788635 -8.123337 5.8808594
0.21546936 -7.702011 5.7404175
0.13691711 -8.485153 5.012024
0.22499084 -10.960739 4.935852
0.87483215 -10.58226 5.133423
1.1723785 -9.17308 2.7459106
-0.4700775 -7.9471893 4.4121704
-2.3886566 -7.6996307 4.628784
-3.4098358 -8.009079 5.8094482
-3.6240692 -9.903854 6.5497437
-2.3362885 -10.932175 6.135559
-1.4079437 -11.065475 5.602356
-1.134201 -10.491806 5.385742
-0.93663025 -10.415634 5.6261597
-0.6438446 -10.715561 6.161743
-0.25584412 -11.205917 6.4259644
0.12025452 -11.336838 6.2926636
0.59394836 -10.827438 6.3878784
0.93434143 -10.308517 6.680664
0.9962311 -9.984787 7.1448364
0.9533844 -9.772934 7.573303
1.0247955 -9.494431 7.782776
1.2985382 -9.111191 7.9160767
1.496109 -8.935043 7.887512
1.6198883 -8.98027 7.5994873
1.9317169 -8.630356 7.4352417
2.2316437 -8.156662 7.263855
2.40065 -7.9233856 7.342407
2.2887726 -8.418503 7.635193
2.4887238 -8.092392 7.513794
2.926712 -7.24736 7.5828247
3.2123566 -6.4665985 7.6970825
3.4860992 -6.000046 7.6637573
3.7098541 -5.76915 7.687561
3.4123077 -5.90007 7.654236
3.343277 -5.545395 7.078186
3.5313263 -5.0502777 6.7592163
4.0407257 -4.6646576 6.642578
4.3358917 -4.474228 6.6759033
4.2882843 -4.6194305 6.9401245
4.0597687 -4.988388 7.2019653
3.6527252 -5.226425 7.449524
3.4313507 -5.159775 7.48999
3.445633 -5.685837 7.623291
3.9217072 -5.3002167 7.544739
4.3977814 -4.957443 7.7875366
4.5644073 -4.667038 7.661377
4.8095856 -4.4861298 7.4138184
4.954788 -4.8003387 7.123413
5.1690216 -4.6956024 7.047241
5.107132 -4.674179 7.35907
5.0595245 -3.7791595 7.0424805
5.152359 -3.422104 6.8496704
5.395157 -3.1578827 6.692566
5.7331696 -2.8055878 6.6782837
5.8688507 -2.9341278 6.730652
5.902176 -2.6818085 6.7473145
5.8807526 -2.350937 6.756836
6.0283356 -1.5392303 6.7592163
6.0283356 -0.7013397 6.8948975
6.1616364 -0.39665222 6.392639
6.1759186 -0.2823944 6.0927124
6.2330475 -0.3323822 5.7404175
6.5329742 -0.14195251 5.8237305
6.4449005 -0.14671326 6.264099
6.166397 -0.06578064 6.1712646
6.147354 0.15083313 6.166504
6.147354 0.54359436 6.057007
6.3020782 0.79115295 6.211731
6.1616364 0.9030304 6.287903
6.0521393 0.8697052 5.847534
6.114029 0.17225647 6.052246
6.2782745 0.16035461 6.0546265
6.3925323 0.40553284 6.4973755
6.2473297 0.41981506 6.5473633
6.209244 0.17463684 6.4640503
6.325882 0.1865387 6.3355103
6.5805817 0.32460022 5.9832153
6.7257843 0.3841095 5.4452515
6.9590607 0.7126007 5.090576
6.968582 1.3124542 5.4404907
6.63533 1.6861725 5.94751
6.499649 1.8075714 5.697571
6.5020294 1.5266876 5.8427734
6.5591583 1.6790314 5.5809326
6.511551 2.3383942 5.3167114
6.2021027 2.671646 5.549988
6.1687775 2.3621979 6.2141113
6.5234528 1.6457062 6.1903076
6.6067657 0.7364044 5.94751
6.499649 0.4412384 5.8880005
6.2520905 0.71022034 6.347412
6.0092926 1.0529938 6.7544556
5.9569244 1.0125275 6.8449097
6.147354 0.7887726 6.597351
6.2259064 0.5745392 6.4926147
6.306839 0.64356995 6.1641235
6.480606 0.64356995 5.892761
6.5996246 0.7625885 5.8118286
6.768631 0.9934845 5.7475586
6.832901 1.260086 5.661865
6.794815 1.5314484 5.704712
6.7138824 1.5885773 5.7475586
6.654373 1.5219269 5.7975464
6.6638947 1.3576813 5.7546997
6.5972443 1.1267853 5.9332275
6.69722 1.1053619 5.7523193
6.7448273 1.1410675 5.892761
6.6234283 1.1196442 6.147461
6.421097 0.82447815 6.5045166
6.280655 0.7316437 6.661621
6.1806793 0.4340973 6.621155
6.1354523 0.01991272 6.514038
6.2449493 -0.3419037 6.621155
6.2830353 -0.43711853 6.3426514
6.2282867 -0.825119 6.0736694
6.087845 -1.0322113 6.0284424
5.9331207 -1.1107635 6.3807373
5.7141266 -0.9608002 6.4854736
5.530838 -0.7537079 6.385498
5.2404327 -1.4011688 6.33313
4.9952545 -2.0462494 6.192688
4.8405304 -2.8746185 6.499756
4.5453644 -3.8410492 6.3236084
4.5334625 -4.321884 6.2164917
4.600113 -4.300461 6.325989
4.5191803 -4.348068 6.744934
4.2002106 -4.402817 7.0805664
3.8479156 -4.7408295 7.4733276
3.517044 -5.4097137 7.673279
3.36232 -6.1333466 7.5375977
3.1480865 -7.4044647 7.180542
3.2528229 -8.251877 7.2948
3.4741974 -7.7305756 7.8518066
3.1647491 -6.654648 8.377869
2.548233 -6.2214203 8.337402
2.3911285 -6.328537 7.751831
2.6720123 -6.8784027 7.2400513
3.0266876 -7.406845 7.0543823
3.067154 -7.4615936 7.078186
2.919571 -7.6544037 7.0924683
2.7220001 -7.9210052 7.1829224
2.8100739 -7.828171 7.4138184
2.6196442 -7.937668 7.9375
2.2649689 -8.120956 8.277893
1.8960114 -8.397079 8.475464
1.7817535 -8.382797 8.263611
1.8460236 -8.189987 7.8779907
2.0959625 -8.428024 7.718506
2.3697052 -8.175705 7.7280273
2.310196 -7.406845 7.6066284
2.0126495 -7.2116547 7.378113
1.8841095 -7.4877777 7.35907
1.9079132 -7.7353363 7.4138184
1.8031769 -7.6091766 7.36145
1.643692 -7.5901337 7.3043213
1.3961334 -8.035263 7.1329346
1.3866119 -8.320908 7.256714
1.4675446 -7.9543304 7.520935
1.3175812 -7.771042 7.573303
1.24617 -7.8781586 7.578064
1.3770905 -7.7567596 7.282898
1.3128204 -7.856735 7.199585
1.0843048 -7.9686127 7.275757
0.88435364 -8.094772 7.147217
0.9438629 -8.275681 7.090088
1.1342926 -8.035263 7.187683
1.1509552 -7.835312 7.2924194
1.0938263 -7.873398 7.2543335
0.9938507 -7.997177 7.2091064
1.0271759 -8.111435 7.116272
0.99147034 -8.175705 7.097229
0.87483215 -8.289963 6.994873
0.8319855 -8.175705 6.899658
0.951004 -7.970993 6.787781
0.9795685 -7.861496 6.7282715
0.98908997 -8.020981 6.5806885
1.0057526 -8.047165 6.4711914
0.97242737 -8.025742 6.604492
0.90101624 -7.9210052 6.6140137
1.0271759 -7.9210052 6.794922
1.1200104 -7.982895 6.8758545
1.0700226 -7.894821 6.9282227
1.0105133 -7.7353363 6.9591675
0.9938507 -7.725815 6.899658
0.9771881 -7.7043915 6.6401978
1.0628815 -7.675827 6.378357
1.1652374 -7.725815 6.2593384
1.1390533 -7.649643 6.4783325
0.9272003 -7.5687103 6.775879
0.6344147 -7.6067963 6.8449097
0.5106354 -7.7496185 6.775879
0.5320587 -7.8329315 6.6830444
0.5177765 -7.8781586 6.6187744
0.57014465 -7.9495697 6.5473633
0.674881 -8.01384 6.4664307
0.75105286 -8.104294 6.5878296
0.7415314 -8.047165 6.6711426
0.70106506 -7.8710175 6.78302
0.6344147 -9.387314 10.203613
0.886734 -9.087387 6.3997803
0.9795685 -8.239975 5.88562
0.23451233 -6.680832 6.768738
0.6463165 -7.1283417 7.0496216
1.1842804 -8.33519 6.3450317
1.1319122 -9.115952 6.737793
0.8129425 -8.351852 6.1831665
0.5391998 -7.649643 6.866333
0.4844513 -7.5901337 6.866333
0.77723694 -7.9091034 6.6187744
0.7320099 -8.07811 6.840149
0.5415802 -7.937668 6.642578
0.5439606 -7.709152 6.7282715
0.7129669 -7.656784 6.4592896
0.7700958 -7.6472626 6.3688354
0.79151917 -7.6401215 6.4021606
0.7796173 -7.604416 6.499756
0.60346985 -7.6329803 6.7020874
0.38923645 -7.721054 6.9091797
0.31782532 -7.668686 7.0281982
0.37257385 -7.7805634 6.866333
0.44636536 -7.816269 6.7734985
0.5749054 -7.9233856 6.768738
0.90101624 -8.092392 6.533081
0.9843292 -8.473251 6.2402954
0.9105377 -8.84935 6.135559
0.82722473 -8.582748 6.2593384
0.56300354 -8.244736 6.435486
0.33924866 -7.9995575 6.564026
0.2702179 -7.9352875 6.5045166
0.40351868 -7.797226 6.454529
0.6463165 -7.592514 6.4854736
0.7129669 -7.3449554 6.604492
0.68440247 -7.2545013 6.5664063
0.6629791 -7.2283173 6.8948975
0.61061096 -6.9331512 7.1210327
0.47254944 -6.9664764 7.1067505
0.4178009 -7.123581 7.0734253
0.47254944 -7.413986 7.0377197
0.6225128 -7.497299 6.935364
0.66059875 -7.625839 6.583069
0.77485657 -7.828171 5.718994
0.9391022 -7.8472137 5.8165894
0.8891144 -7.2568817 6.295044
0.50587463 -6.809372 6.583069
0.05836487 -5.8762665 6.521179
-0.27964783 -6.407089 6.20697
-0.16539001 -6.609421 5.545227
0.37019348 -6.4713593 5.549988
0.5653839 -6.2880707 6.071289
0.3511505 -6.34758 6.404541
-0.31297302 -6.771286 6.5354614
-0.9152069 -7.194992 6.756836
-0.9247284 -7.6163177 6.987732
0.2035675 -6.6332245 9.270508
2.3339996 -10.249008 9.984619
1.5508575 -12.069992 9.820374
-0.32963562 -11.420151 9.120544
-1.2913055 -10.218063 9.044373
-4.4405365 -9.968124 7.090088
-0.69621277 -8.749374 7.5494995
2.4792023 -8.792221 6.4450073
2.355423 -8.725571 6.373596
1.2152252 -8.299484 6.2331543
0.2940216 -7.497299 6.1379395
-0.0059051514 -6.5808563 6.116516
0.37971497 -5.5430145 6.0236816
0.7891388 -4.8241425 5.980835
1.05336 -5.0883636 5.866577
1.6508331 -5.438278 5.9260864
1.265213 -5.9905243 6.52594
0.62013245 -6.714157 7.2733765
0.13453674 -7.066452 8.532593
-0.562912 -7.366379 10.098877
-1.274643 -7.5425262 10.410706
-1.2436981 -7.856735 10.139343
-0.45341492 -8.123337 8.26123
0.7867584 -7.497299 7.0091553
1.624649 -6.904587 6.3355103
0.26783752 -6.1452484 6.602112
0.24641418 -6.392807 6.8710938
0.591568 -6.687973 8.030334
-0.008285522 -6.4975433 8.77301
-0.53196716 -6.257126 8.922974
-0.5795746 -5.7048798 8.846802
-0.74620056 -5.2740326 8.70874
0.16072083 -5.416855 8.565918
0.5320587 -5.6715546 8.592102
-0.101119995 -5.4787445 8.499268
0.0012359619 -5.8453217 8.427856
0.072647095 -6.0881195 8.44928
0.18214417 -6.2214203 8.244568
-0.1915741 -6.0095673 8.2421875
0.14881897 -5.957199 8.268372
0.51301575 -6.0738373 8.185059
-0.010665894 -6.014328 8.268372
-0.015426636 -5.9738617 8.239807
0.12501526 -6.0762177 8.1779175
0.19880676 -6.180954 8.237427
0.08692932 -6.2023773 8.201721
0.10359192 -6.309494 8.108887
0.094070435 -6.295212 8.144592
0.117874146 -6.2928314 8.12793
0.08216858 -6.2047577 8.135071
0.03694153 -6.1904755 8.166016
0.051223755 -6.1000214 8.175537
0.05836487 -5.9976654 8.327881
0.008377075 -5.9262543 8.318359
-0.039230347 -5.904831 8.382629
-0.060653687 -5.957199 8.299316
0.08930969 -6.078598 8.206482
0.04408264 -6.199997 8.099365
0.08930969 -6.2499847 8.120789
0.055984497 -6.2023773 8.101746
0.06788635 -6.211899 8.096985
-0.010665894 -6.0690765 8.204102
-0.015426636 -6.0167084 8.287415
0.029800415 -5.916733 8.285034
-0.008285522 -5.8572235 8.377869
0.04408264 -5.821518 8.351685
0.08692932 -5.9214935 8.311218
0.06074524 -5.9452972 8.273132
0.072647095 -5.9548187 8.335022
0.025039673 -5.90007 8.368347
0.032180786 -5.873886 8.327881
0.025039673 -5.809616 8.365967
0.0012359619 -5.8191376 8.38501
0.034561157 -5.8619843 8.337402
0.055984497 -5.885788 8.296936
0.046463013 -5.995285 8.354065
0.053604126 -6.0190887 8.287415
0.013137817 -6.02861 8.289795
0.0155181885 -6.1190643 8.227905
0.03694153 -6.1333466 8.170776
0.010757446 -6.1571503 8.146973
0.022659302 -6.1143036 8.187439
0.032180786 -6.1071625 8.218384
0.010757446 -6.0619354 8.182678
0.04408264 -6.047653 8.26123
0.08930969 -6.000046 8.292175
0.03694153 -5.9548187 8.304077
0.051223755 -5.8715057 8.335022
0.06788635 -5.9095917 8.342163
0.096450806 -5.8381805 8.361206
0.032180786 -5.873886 8.358826
0.032180786 -5.885788 8.265991
0.010757446 -5.885788 8.370728
0.053604126 -5.9357758 8.346924
0.08930969 -5.9738617 8.285034
0.0155181885 -5.995285 8.280273
0.072647095 -5.983383 8.220764
0.07026672 -6.052414 8.227905
Time Stop = 1457237913
