Time Start = 1457237705
0.07978821 0.92207336 9.22052
0.8058014 0.79829407 9.063416
0.2535553 0.84114075 9.049133
-0.47721863 0.76020813 9.187195
-0.5462494 0.7221222 9.227661
-0.24394226 0.7887726 9.275269
0.07026672 1.0268097 9.256226
0.13215637 1.3100739 9.341919
0.075027466 1.4362335 9.325256
0.13215637 1.3743439 9.353821
0.30830383 1.1720123 9.22052
0.47731018 0.8625641 8.930115
0.5891876 0.70069885 8.77063
0.5987091 0.6150055 8.64209
0.63679504 0.7126007 8.501648
0.52967834 0.9363556 8.494507
0.4178009 1.3053131 8.173157
0.032180786 1.9765778 7.994629
-0.16539001 1.5147858 8.235046
-0.10826111 1.8456573 7.7113647
-0.041610718 1.8028107 7.3828735
-0.0035247803 1.9051666 6.9853516
-0.19633484 1.8766022 6.647339
-0.27726746 1.9408722 6.1760254
-0.47483826 1.8361359 5.878479
-0.5795746 1.740921 5.5856934
-0.71287537 1.5457306 5.3238525
-0.7771454 1.3505402 4.9263306
-0.86997986 1.1291656 4.6644897
-1.0818329 0.94825745 4.4883423
-1.2651215 0.77211 4.255066
-1.4555511 0.6126251 3.9718018
-1.6626434 0.5388336 3.7956543
-1.8316498 0.43885803 3.5671387
-2.1006317 0.32936096 3.38385
-2.4386444 0.12226868 3.1148682
-2.8028412 -0.13957214 2.7197266
-3.2360687 -0.3895111 2.4769287
-3.6931 -0.6799164 2.1531982
-4.2144012 -0.9488983 1.9342041
-4.8142548 -1.3297577 1.8842163
-5.55455 -1.8820038 1.8604126
-6.4352875 -2.6960907 1.9484863
-7.625473 -3.8291473 2.1555786
-8.968002 -5.224045 2.3840942
-10.210556 -6.418991 2.4197998
-11.0056 -6.9974213 2.415039
-11.384079 -6.906967 2.7268677
-11.926804 -6.271408 2.9196777
-12.850388 -5.507309 2.9030151
-14.202438 -5.0621796 2.5864258
-15.647324 -4.74559 2.093689
-17.265976 -4.3504486 1.9223022
-19.27739 -4.262375 2.1293945
-19.671936 -4.174301 1.9627686
-19.671936 -4.4647064 1.3462524
-19.671936 -4.988388 0.26794434
-19.671936 -5.552536 -0.7008667
-19.671936 -6.1404877 -1.7506104
-19.671936 -6.9783783 -2.5289917
-19.671936 -8.009079 -2.7027588
-19.671936 -9.1707 -2.300476
-19.671936 -9.589645 -2.100525
-19.489243 -9.04216 -1.9672241
-18.972702 -7.875778 -1.8172607
-18.77037 -6.6641693 -1.7006226
-18.675156 -5.821518 -1.4197388
-18.537094 -5.462082 -1.2721558
-18.330002 -5.4406586 -1.5649414
-17.982468 -5.6453705 -1.7625122
-17.67778 -5.942917 -1.8005981
-17.023178 -5.8310394 -1.9386597
-16.216232 -5.616806 -1.9553223
-15.187912 -5.3192596 -1.8172607
-14.145309 -5.109787 -1.7172852
-13.05986 -5.1074066 -1.498291
-11.83873 -5.0859833 -1.626831
-10.579514 -4.738449 -1.3483276
-9.489304 -4.193344 -1.2459717
-8.584763 -3.769638 -1.2055054
-8.027756 -3.5101776 -1.4578247
-7.6873627 -3.4268646 -1.9100952
-7.5064545 -3.5077972 -2.3718872
-7.197006 -3.5435028 -2.83844
-6.8470917 -3.641098 -3.0217285
-6.4281464 -3.7363129 -3.235962
-6.163925 -3.91008 -3.281189
-6.1282196 -4.050522 -3.3859253
-6.2162933 -4.114792 -3.2669067
-6.356735 -4.1171722 -3.152649
-6.6019135 -4.205246 -2.8931885
-6.8970795 -4.409958 -2.5551758
-7.149399 -4.5884857 -2.0148315
-7.394577 -4.5932465 -1.498291
-7.5064545 -4.3099823 -1.1697998
-7.5064545 -3.9410248 -1.0126953
-7.361252 -3.550644 -0.8484497
-7.175583 -3.3602142 -0.62231445
-7.1613007 -3.2292938 -0.31048584
-7.3255463 -3.115036 0.14178467
-7.715927 -2.9127045 0.7321167
-8.151535 -2.486618 1.0629883
-8.408615 -2.0224457 1.0010986
-8.494308 -1.6725311 0.87731934
-8.301498 -1.555893 0.4940796
-8.151535 -1.8677216 0.43933105
-8.168198 -2.4318695 0.3703003
-8.37767 -2.974594 0.3274536
-8.725204 -3.1816864 0.8201904
-9.194138 -3.0293427 0.85827637
-9.677353 -2.5794525 0.7821045
-10.096298 -2.2128754 0.7821045
-10.420029 -2.0200653 0.8796997
-10.5985565 -2.1700287 0.99871826
-10.712814 -2.5366058 1.2081909
-10.565231 -2.922226 1.6390381
-10.400986 -3.2197723 2.0079956
-10.377182 -3.2459564 2.684021
-10.55571 -3.024582 3.1815186
-10.838974 -2.5865936 3.5766602
-11.06749 -2.100998 3.967041
-11.345993 -1.6511078 4.224121
-11.6483 -1.4773407 4.274109
-11.9839325 -1.5487518 4.2145996
-12.54808 -1.8677216 4.243164
-13.278854 -2.319992 3.9646606
-13.966782 -2.7436981 3.4647827
-14.428574 -3.0864716 3.0982056
-14.66423 -3.3245087 2.8149414
-14.521408 -3.4816132 2.7078247
-14.078659 -3.6529999 2.7173462
-13.402634 -3.603012 2.710205
-13.102707 -3.7125092 2.9863281
-13.63829 -3.7934418 3.5290527
-14.061996 -3.6458588 3.645691
-13.526413 -3.2221527 3.3148193
-12.141037 -2.6770477 3.2005615
-10.927048 -2.3461761 3.0148926
-10.424789 -2.3152313 2.850647
-10.572372 -2.6603851 2.5888062
-10.960373 -3.3102264 2.1817627
-11.32457 -3.8220062 2.081787
-11.495956 -4.1124115 1.9151611
-11.745895 -4.2861786 2.1436768
-11.962509 -4.4266205 1.7961426
-12.010117 -3.7458344 1.484314
-12.145798 -3.0293427 1.2105713
-11.995834 -2.4651947 1.1582031
-11.936325 -2.0867157 1.2629395
-11.938705 -2.4937592 1.0296631
-11.705429 -3.3030853 0.3131714
-11.241257 -3.8934174 -0.21765137
-10.724716 -2.4580536 0.4845581
-10.629501 -1.6701508 1.4771729
-10.1082 -1.7153778 1.4152832
-9.220322 -2.0343475 0.791626
-8.525253 -2.1938324 0.7059326
-8.0134735 -2.4080658 0.8796997
-7.527878 -2.2819061 0.939209
-7.182724 -2.2319183 1.1082153
-6.9946747 -2.1486053 1.298645
-6.90184 -2.1319427 1.2296143
-6.8780365 -2.274765 1.0391846
-6.7994843 -2.4318695 0.94158936
-6.792343 -2.5128021 0.9225464
-6.7756805 -2.505661 0.9273071
-6.811386 -2.550888 0.8868408
-6.8661346 -2.5842133 0.83447266
-6.985153 -2.6056366 0.68688965
-6.970871 -2.679428 0.5440674
-6.970871 -2.7246552 0.37982178
-7.0946503 -2.793686 0.24414063
-7.235092 -2.8365326 0.26794434
-7.527878 -2.9127045 0.1394043
-7.908737 -3.0483856 0.15844727
-8.270554 -3.1269379 0.14416504
-8.582382 -3.1316986 0.08465576
-8.76091 -3.1769257 0.06085205
-8.765671 -3.1269379 0.09893799
-8.677597 -3.1293182 0.22271729
-8.627609 -3.172165 0.32269287
-8.668076 -3.191208 0.4607544
-8.903732 -3.217392 0.49884033
-9.310776 -3.2316742 0.49884033
-9.791611 -3.2126312 0.49884033
-10.2391205 -3.1697845 0.43695068
-10.467636 -3.172165 0.4940796
-10.560471 -3.153122 0.5178833
-10.679489 -3.1459808 0.38458252
-10.860397 -3.1697845 0.2131958
-11.019882 -3.2459564 0.08703613
-10.798508 -3.3364105 0.09655762
-10.308151 -3.429245 0.3203125
-9.967758 -3.493515 0.2703247
-10.358139 -3.391159 0.15130615
-11.246017 -3.319748 -0.041503906
-12.060104 -3.3697357 -0.28430176
-12.243393 -3.5435028 -0.29858398
-11.981552 -3.750595 -0.21289063
-11.476913 -3.9053192 0.07513428
-11.107956 -4.0171967 0.57977295
-10.929428 -4.1052704 1.1605835
-10.755661 -4.1647797 1.8675537
-10.665207 -4.10289 2.222229
-10.643784 -3.981491 2.4126587
-10.49144 -3.8172455 2.4650269
-10.23674 -3.5720673 2.4293213
-9.905869 -3.3506927 2.2127075
-9.436935 -3.2292938 2.1293945
-8.996567 -3.1459808 1.9937134
-8.580002 -3.0460052 1.9389648
-8.256271 -2.8746185 1.9246826
-7.9944305 -2.717514 2.0270386
-7.8325653 -2.5175629 2.131775
-7.73497 -2.3533173 2.2579346
-7.6230927 -2.2866669 2.2936401
-7.5659637 -2.3342743 2.3721924
-7.587387 -2.4009247 2.4317017
-7.5516815 -2.596115 2.426941
-7.7064056 -2.800827 2.3769531
-7.8206635 -2.986496 2.4840698
-8.006332 -3.1626434 2.5507202
-8.149155 -3.1555023 3.0577393
-8.132492 -2.8889008 3.8075562
-8.418137 -3.0460052 4.2265015
-9.417892 -3.557785 3.800415
-9.636887 -3.936264 3.7075806
-9.186996 -4.2338104 3.6599731
-9.056076 -4.371872 3.6409302
-9.40361 -4.3099823 3.9646606
-9.91777 -4.2147675 4.0527344
-10.577133 -4.2457123 4.050354
-11.234116 -4.348068 3.9622803
-11.769699 -4.35997 3.7599487
-12.141037 -4.307602 3.4005127
-12.443344 -4.257614 3.107727
-12.733749 -4.0790863 2.8601685
-12.990829 -3.9243622 2.7268677
-13.209824 -3.7101288 2.703064
-13.288376 -3.5649261 2.6887817
-13.081284 -3.493515 2.6602173
-12.990829 -3.5268402 2.5316772
-13.166977 -3.6125336 2.581665
-13.552597 -3.7910614 2.626892
-13.609726 -3.8624725 2.6530762
-13.047958 -3.7934418 2.7149658
-12.407639 -3.7291718 2.6126099
-12.145798 -3.7410736 2.574524
-12.2790985 -3.7077484 2.4317017
-12.464767 -3.6720428 2.1674805
-12.405258 -3.5435028 1.9818115
-12.22197 -3.5006561 1.7294922
-12.191025 -3.4625702 1.3486328
-12.348129 -3.531601 0.9368286
-12.514755 -3.569687 0.55596924
-12.664719 -3.6125336 0.33221436
-12.878952 -3.6077728 0.115600586
-13.152695 -3.583969 -0.031982422
-13.305038 -3.5815887 0.032287598
-13.133652 -3.5077972 0.029907227
-12.574265 -3.391159 0.20129395
-11.667343 -3.300705 0.31079102
-10.646164 -3.2007294 0.4440918
-9.615463 -3.1626434 0.6345215
-8.765671 -3.1102753 0.7487793
-7.973007 -3.0626678 0.836853
-7.3469696 -3.0198212 0.920166
-6.797104 -2.9888763 1.022522
-6.456711 -2.8722382 1.0891724
-6.228195 -2.7508392 1.0249023
-6.1663055 -2.6199188 1.0010986
-6.25914 -2.5032806 0.8059082
-6.3400726 -2.396164 0.6916504
-6.4043427 -2.3890228 0.6416626
-6.440048 -2.3866425 0.5488281
-6.6161957 -2.4509125 0.5178833
-6.8827972 -2.5199432 0.46313477
-7.2231903 -2.5413666 0.4512329
-7.637375 -2.5675507 0.33459473
-8.068222 -2.5984955 0.29888916
-8.408615 -2.6127777 0.22747803
-8.610947 -2.6937103 0.12988281
-8.56572 -2.7484589 0.03704834
-8.403854 -2.7770233 0.09893799
-8.306259 -2.8293915 0.07989502
-8.291977 -2.9365082 0.12512207
-8.484787 -2.993637 0.18939209
-8.915634 -2.9960175 0.23937988
-9.325058 -3.0102997 0.24176025
-9.78923 -3.005539 0.26556396
-10.186752 -2.9793549 0.28460693
-10.55809 -3.0293427 0.23699951
-10.786606 -2.993637 0.14178467
-10.758041 -3.1221771 0.2536621
-10.569992 -3.1674042 0.37506104
-10.393845 -3.2459564 0.625
-10.531906 -3.3625946 0.79400635
-11.07225 -3.391159 1.0653687
-11.512619 -3.4578094 1.1867676
-11.569748 -3.4459076 1.3843384
-11.360275 -3.422104 1.567627
-11.027023 -3.2840424 1.6461792
-10.860397 -3.1436005 1.6247559
-10.793747 -3.115036 1.7033081
-10.7509 -3.1293182 1.7747192
-10.655685 -3.1555023 1.8389893
-10.562851 -3.1364594 2.0056152
-10.472397 -3.0364838 2.1174927
-10.455734 -2.9341278 2.4745483
-10.4509735 -2.8246307 2.7697144
-10.503342 -2.6865692 3.100586
-10.569992 -2.6746674 3.5004883
-10.669968 -2.608017 3.690918
-10.539047 -2.6032562 3.8337402
-10.286728 -2.4842377 3.8027954
-9.832077 -2.2723846 3.543335
-9.213181 -2.0272064 3.1577148
-8.515732 -1.8177338 2.7887573
-7.806381 -1.7153778 2.479309
-7.149399 -1.6296844 2.2936401
-6.6661835 -1.620163 2.1032104
-6.3186493 -1.6558685 2.1103516
-6.1710663 -1.7510834 2.0317993
-6.182968 -1.9557953 2.0341797
-6.240097 -2.1438446 2.10083
-6.4424286 -2.3604584 2.2246094
-6.7494965 -2.5080414 2.1889038
-7.0589447 -2.6008759 2.0770264
-7.4231415 -2.6437225 2.0651245
-7.792099 -2.7603607 1.9627686
-8.158676 -2.9555511 1.8199463
-8.549057 -3.1578827 1.8508911
-8.908493 -3.3673553 1.9246826
-9.298874 -3.5863495 2.1889038
-9.644028 -3.7648773 2.3745728
-9.903488 -3.7839203 2.6221313
-10.048691 -3.7863007 2.9077759
-10.201035 -3.7529755 3.088684
-10.3629 -3.7910614 3.1220093
-10.643784 -3.8481903 3.1029663
-11.048447 -4.0290985 3.12677
-11.569748 -4.1766815 3.1315308
-12.050583 -4.2028656 3.1291504
-12.588547 -4.2457123 3.1791382
-13.162216 -4.186203 3.2434082
-13.712082 -4.1814423 3.2457886
-14.1262665 -4.136215 3.274353
-14.197678 -4.076706 3.4195557
-13.7287445 -4.0362396 3.4314575
-13.105087 -3.9386444 3.4933472
-12.943222 -3.8386688 3.4766846
-13.145554 -3.7410736 3.524292
-13.133652 -3.6268158 3.5004883
-12.457626 -3.4316254 3.5766602
-11.641159 -3.2221527 3.4124146
-11.236496 -3.1102753 3.3171997
-11.288864 -3.115036 3.017273
-11.612595 -3.1007538 2.7125854
-11.955368 -3.0079193 2.3745728
-12.105331 -2.9174652 2.0865479
-12.241013 -2.8603363 1.7866211
-12.357651 -3.0388641 1.593811
-12.519516 -3.2150116 1.1415405
-12.745651 -3.3578339 0.836853
-12.933701 -3.4982758 0.47503662
-13.200302 -3.4958954 0.30603027
-13.136032 -3.5006561 0.3607788
-12.978928 -3.4578094 0.4179077
-12.407639 -3.3887787 0.6654663
-11.603073 -3.3054657 0.91778564
-10.700912 -3.2078705 1.1201172
-9.751144 -3.0650482 1.4105225
-8.932297 -2.9555511 1.7366333
-8.256271 -2.774643 1.8961182
-7.592148 -2.7389374 2.0198975
-7.132736 -2.6603851 2.0794067
-6.830429 -2.6008759 2.067505
-6.649521 -2.4556732 1.8199463
-6.623337 -2.3628387 1.6676025
-6.6971283 -2.2009735 1.4676514
-6.7637787 -2.1343231 1.2843628
-6.823288 -2.1343231 1.0844116
-6.989914 -2.184311 0.772583
-7.1160736 -2.2533417 0.6178589
-7.2755585 -2.3604584 0.41314697
-7.4564667 -2.4842377 0.26794434
-7.6207123 -2.5842133 0.23937988
-7.727829 -2.7222748 0.20843506
-7.811142 -2.8674774 0.113220215
-7.856369 -3.0102997 0.09655762
-7.8516083 -3.1007538 0.10369873
-7.8135223 -3.198349 0.1227417
-7.8325653 -3.262619 0.14178467
-7.9182587 -3.3697357 0.091796875
-8.030136 -3.384018 0.23699951
-8.265793 -3.4078217 0.23699951
-8.477646 -3.4149628 0.16558838
-8.727585 -3.3530731 0.26080322
-8.9370575 -3.372116 0.2298584
-9.186996 -3.243576 0.32983398
-9.372665 -3.153122 0.3703003
-9.420273 -3.1174164 0.47027588
-9.327438 -3.0840912 0.6488037
-9.172714 -3.0840912 0.81781006
-9.184616 -3.0674286 0.99157715
-9.639267 -3.1126556 0.9368286
-10.327194 -3.0817108 0.7892456
-10.886581 -3.134079 0.708313
-11.205551 -3.2031097 0.68688965
-11.5864105 -3.2411957 0.59643555
-12.105331 -3.3149872 0.47503662
-12.7408905 -3.3173676 0.25604248
-13.364548 -3.4601898 0.16558838
-13.57402 -3.5244598 0.20367432
-13.412155 -3.6839447 0.44647217
-12.959885 -3.705368 0.8201904
-12.48381 -3.6434784 1.2058105
-12.079147 -3.6458588 1.612854
-11.733994 -3.622055 1.9389648
-11.495956 -3.6696625 2.4031372
-11.141281 -3.7101288 2.5983276
-10.824692 -3.7339325 2.8220825
-10.481918 -3.622055 3.017273
-9.97728 -3.4506683 3.0601196
-9.408371 -3.1174164 3.036316
-8.768051 -2.7008514 2.9244385
-8.168198 -2.2819061 2.8101807
-7.5373993 -1.9557953 2.6602173
-7.1208344 -1.6439667 2.517395
-6.7875824 -1.3916473 2.4864502
-6.501938 -1.2964325 2.4935913
-6.38768 -1.2773895 2.543579
-6.373398 -1.305954 2.4674072
-6.482895 -1.4749603 2.5269165
-6.6328583 -1.6939545 2.426941
-6.8637543 -2.0224457 2.312683
-7.099411 -2.3152313 2.2460327
-7.4302826 -2.62706 2.112732
-7.773056 -2.9722137 2.0841675
-8.103928 -3.2721405 1.9746704
-8.353867 -3.5220795 2.1246338
-8.627609 -3.6934662 2.305542
-8.8537445 -3.7767792 2.4055176
-9.0846405 -3.7743988 2.5531006
-9.203659 -3.7839203 2.7268677
-9.291733 -3.7672577 2.9768066
-9.425034 -3.826767 3.210083
-9.674973 -3.8886566 3.4743042
-9.998703 -3.8672333 3.6004639
-10.500961 -3.7982025 3.774231
-11.091293 -3.7291718 3.633789
-11.769699 -3.71727 3.4266968
-12.22435 -3.583969 3.229126
-12.640915 -3.5054169 3.0267944
-13.012253 -3.436386 2.9268188
-13.345505 -3.4268646 2.8792114
-13.44548 -3.5149384 2.850647
-13.419296 -3.6363373 2.8101807
-13.590683 -3.7077484 2.7554321
-14.171494 -3.871994 2.574524
-14.785629 -3.948166 2.5864258
-14.847519 -3.97435 2.67688
-14.111984 -3.936264 2.8792114
-13.200302 -3.9576874 2.8601685
-12.712326 -4.031479 2.703064
-12.493332 -4.121933 2.5959473
-12.274338 -4.0171967 2.4174194
-11.986313 -3.8029633 2.2174683
-11.736374 -3.5625458 1.9651489
-11.714951 -3.4387665 1.65094
-12.005356 -3.4340057 1.2272339
-12.343369 -3.5054169 0.89398193
-12.631393 -3.6125336 0.60357666
-12.798019 -3.641098 0.4345703
-12.852768 -3.6172943 0.47979736
-12.724228 -3.6006317 0.48693848
-12.393356 -3.4459076 0.6488037
-11.681625 -3.3245087 0.772583
-10.774704 -3.1459808 0.87493896
-9.813034 -3.1102753 1.0439453
-8.939438 -3.1436005 1.2105713
-8.070602 -3.1626434 1.4224243
-7.3065033 -3.2102509 1.5557251
-6.728073 -3.2221527 1.6223755
-6.285324 -3.1459808 1.6747437
-6.061569 -3.07695 1.5890503
-6.0115814 -2.9127045 1.4676514
-6.099655 -2.7008514 1.3105469
-6.240097 -2.550888 1.2129517
-6.3972015 -2.422348 1.0201416
-6.6280975 -2.4128265 0.7821045
-6.8851776 -2.4437714 0.61309814
-7.132736 -2.5104218 0.4179077
-7.47789 -2.6365814 0.3369751
-7.8539886 -2.6437225 0.24890137
-8.201523 -2.646103 0.19415283
-8.525253 -2.634201 0.18701172
-8.684738 -2.646103 0.13464355
-8.753769 -2.6175385 0.15368652
-8.7894745 -2.6627655 0.1798706
Time Stop = 1457237709
