Time Start = 1457237831
-2.0673065 -1.8201141 9.7323
-0.89616394 -1.434494 9.887024
-0.39390564 -1.4130707 9.791809
-0.7676239 -1.5249481 10.065552
-1.2698822 -1.6630096 10.253601
-1.153244 -1.8558197 9.7323
-0.77952576 -2.293808 9.939392
-0.46055603 -2.6556244 9.513306
-0.5843353 -2.7579803 9.47998
-0.7033539 -2.5794525 9.429993
-0.6938324 -2.4437714 9.520447
-0.6700287 -2.3437958 9.660889
-0.7581024 -2.4390106 9.67041
-0.8818817 -2.6413422 10.139343
-0.8437958 -2.6032562 9.520447
-0.8152313 -2.6937103 9.472839
-0.8437958 -2.6294403 9.537109
-0.88664246 -2.422348 9.570435
-0.9080658 -2.2271576 9.663269
-0.89378357 -1.9319916 10.139343
-0.9056854 -1.7415619 9.903687
-0.8318939 -1.7653656 9.803711
-0.8509369 -1.9367523 9.784668
-0.81999207 -2.1224213 9.737061
-0.74620056 -2.2723846 9.684692
-0.710495 -2.3247528 9.770386
-0.71525574 -2.3080902 9.853699
-0.85331726 -2.1676483 9.67041
-0.81999207 -2.3271332 9.813232
-0.80570984 -2.441391 10.010803
-0.8890228 -2.422348 9.844177
-1.024704 -2.4461517 9.941772
-1.0865936 -2.4294891 9.803711
-1.1865692 -2.350937 10.048889
-1.0746918 -1.9915009 10.489258
0.24641418 -1.8082123 9.503784
-2.7576141 -2.0652924 8.554016
-3.5240936 -3.7148895 9.953674
-0.8152313 -2.4509125 9.803711
-0.0677948 -2.2628632 9.577576
-0.6700287 -2.4580536 9.658508
-1.2603607 -1.9629364 9.813232
-1.5817108 -1.8677216 10.265503
-1.6674042 -1.1226654 11.267639
-1.7316742 -0.0062713623 11.857971
-1.929245 0.39363098 12.184082
-2.1934662 0.048477173 12.110291
-2.2767792 -0.67277527 11.446167
-1.7983246 -1.1750336 10.617798
-1.4983978 -1.0726776 10.486877
-1.5341034 -0.6037445 10.415466
-1.3698578 -0.36332703 10.165527
-0.9152069 -0.18955994 9.489502
-0.58909607 -0.4633026 9.206238
-0.5129242 -1.2607269 9.149109
-0.49864197 -2.005783 9.210999
-0.42723083 -2.7675018 8.994385
-0.19395447 -3.1674042 8.618286
-0.12730408 -3.4244843 8.349304
-0.13444519 -3.8196259 8.365967
-0.11302185 -3.78154 8.246948
-0.06303406 -3.4435272 8.12793
-0.11302185 -3.4340057 7.839905
-0.060653687 -3.5054169 7.213867
-0.16062927 -4.148117 6.809204
-0.26060486 -5.224045 6.8044434
-0.098739624 -6.457077 6.1307983
0.44874573 -7.7734222 5.4333496
1.1914215 -8.46373 5.3738403
1.348526 -8.528 5.333374
1.2295074 -8.573227 5.526184
1.2675934 -8.506577 5.723755
1.6865387 -8.501816 5.530945
2.1530914 -8.685104 5.738037
2.5077667 -8.906479 5.7785034
2.6339264 -9.223068 5.864197
2.3720856 -10.118088 5.8546753
2.1173859 -11.3415985 6.173645
1.8198395 -11.765305 6.930603
1.772232 -11.248764 7.42572
1.8222198 -10.553696 7.673279
1.976944 -10.384689 6.84729
2.5077667 -10.139511 6.07843
3.214737 -9.446823 6.0355835
3.7574615 -8.713669 5.2643433
3.5789337 -8.532761 5.1239014
3.2433014 -8.447067 5.152466
3.0147858 -8.2947235 5.3690796
2.7243805 -7.978134 5.6237793
2.4530182 -7.8257904 5.673767
2.2364044 -7.766281 5.7713623
2.0626373 -7.6782074 5.745178
2.0174103 -7.5496674 5.864197
1.7412872 -7.918625 5.9022827
1.4032745 -8.620834 5.6190186
1.2128448 -8.794601 5.488098
0.40351868 -9.415878 5.6832886
-0.10826111 -9.542038 4.98822
0.39161682 -9.018356 5.24292
0.66773987 -8.137619 5.083435
0.7986603 -7.9281464 5.012024
0.591568 -8.382797 5.171509
0.73439026 -8.542282 5.345276
0.8557892 -8.806503 5.7023315
0.92481995 -9.120712 5.7332764
1.0605011 -9.382553 5.635681
1.1057281 -9.154037 5.4190674
1.2104645 -8.651779 6.3117065
1.1461945 -7.1021576 7.342407
0.8462677 -6.2547455 7.8898926
0.3106842 -6.842697 7.694702
-0.22489929 -8.611313 6.802063
0.01789856 -9.032639 5.892761
0.5344391 -8.9040985 5.283386
1.2295074 -8.504196 4.947754
1.5460968 -8.120956 5.090576
1.5818024 -7.585373 5.704712
1.1319122 -7.290207 6.0998535
0.5487213 -7.8448334 5.840393
0.822464 -6.9593353 4.9644165
0.14881897 -6.6141815 7.8327637
-0.94377136 -7.142624 8.9348755
-0.24394226 -7.918625 8.189819
0.5415802 -8.20903 6.9282227
0.91767883 -7.8710175 6.2212524
0.86531067 -7.559189 6.5997314
0.58680725 -8.056686 4.92395
1.1747589 -8.775558 3.8027954
1.9602814 -9.799118 3.005371
2.27211 -10.339462 3.2695923
1.7960358 -10.087143 4.247925
0.6058502 -8.920761 5.2453003
-0.3796234 -8.280441 6.290283
-0.6747894 -8.418503 6.7401733
-0.3058319 -9.6610565 6.3569336
0.37971497 -10.725082 6.180786
0.6153717 -11.098801 6.790161
0.3273468 -10.7322235 7.354309
-0.017807007 -10.6679535 7.642334
-0.04875183 -10.989304 7.3709717
0.5558624 -11.329697 7.0091553
1.3413849 -11.16069 6.897278
1.6056061 -10.977402 6.937744
1.6294098 -10.798874 7.2019653
1.6555939 -10.551315 7.4995117
1.6579742 -10.38945 7.5042725
1.9888458 -10.239487 7.335266
2.2768707 -9.880051 7.6018677
2.2006989 -9.606308 8.123169
2.098343 -9.318283 8.4730835
2.2102203 -9.132614 8.527832
2.707718 -9.020737 8.423096
3.286148 -8.746994 8.346924
3.6289215 -8.14476 7.956543
3.8931427 -7.842453 7.7351685
4.016922 -7.5258636 7.887512
3.9312286 -7.214035 7.8970337
4.0573883 -6.5879974 7.7161255
4.4168243 -6.1452484 7.48999
4.766739 -5.8715057 7.128174
4.9167023 -5.302597 6.6330566
5.069046 -4.4718475 6.5354614
5.0023956 -4.012436 6.8258667
4.8857574 -3.6815643 6.8377686
5.073807 -3.7077484 6.949646
4.9762115 -4.0552826 6.963928
4.9571686 -3.6744232 6.4069214
5.038101 -2.7603607 6.2474365
5.235672 -1.9415131 6.2664795
5.452286 -1.4178314 5.9403687
5.504654 -1.4011688 6.01416
5.1952057 -1.9915009 6.0546265
4.933365 -1.979599 5.828491
4.914322 -1.6677704 5.7785034
4.8857574 -1.7248993 6.037964
4.842911 -1.620163 5.9832153
4.997635 -1.5416107 5.878479
5.266617 -1.1488495 5.928467
5.4689484 -0.613266 5.82135
5.576065 -0.25382996 5.9141846
5.5784454 -0.2585907 5.890381
5.5927277 -0.51805115 5.716614
5.614151 -0.7584686 5.6832886
5.6379547 -0.8941498 5.859436
5.5736847 -0.9655609 5.7332764
5.5855865 -0.5561371 5.666626
5.626053 -0.18003845 5.8808594
5.652237 0.08656311 6.0665283
5.776016 0.036575317 6.2022095
5.747452 -0.1181488 6.1331787
6.109268 -0.101486206 5.9213257
6.125931 -0.07292175 5.8570557
6.0521393 0.03895569 6.123657
5.999771 0.1698761 6.352173
6.004532 -0.0062713623 6.4140625
6.1949615 -0.04673767 6.2974243
6.363968 0.079422 6.2736206
6.4115753 0.3341217 6.2402954
6.4591827 0.50312805 6.1307983
6.57106 0.5340729 5.909424
6.590103 0.5007477 5.8570557
6.57106 0.58644104 5.7332764
6.575821 0.5912018 5.8046875
6.6043854 0.4745636 6.090332
6.575821 0.4674225 6.33313
6.7067413 0.31269836 6.6068726
6.737686 0.3269806 6.7663574
6.787674 0.20796204 6.7473145
6.799576 0.08418274 6.4973755
6.8424225 -0.14671326 6.3997803
6.866226 -0.14195251 6.306946
6.813858 -0.0015106201 6.2974243
6.730545 0.03895569 6.218872
6.7329254 0.15797424 6.2022095
6.7019806 0.37220764 6.1879272
6.704361 0.4912262 6.1879272
6.678177 0.50312805 6.2141113
6.63295 0.4174347 6.211731
6.5924835 0.21510315 5.968933
6.6829376 0.08180237 5.911804
6.5091705 0.074661255 5.897522
6.397293 0.17939758 5.892761
6.173538 0.28889465 5.995117
6.0402374 0.24842834 5.9713135
5.9331207 0.23176575 5.8308716
5.9331207 0.2674713 5.7975464
5.9235992 0.39839172 5.9213257
5.973587 0.47694397 5.94751
6.049759 0.49360657 5.8832397
6.114029 0.39363098 5.904663
6.125931 0.24604797 5.904663
6.025955 0.1365509 5.866577
5.8664703 -0.037216187 5.8618164
5.6879425 -0.21336365 5.704712
5.4879913 -0.50138855 5.6309204
5.4261017 -0.7537079 5.783264
5.4713287 -0.9750824 5.973694
5.5451202 -1.1250458 6.230774
5.557022 -1.2535858 6.3640747
5.5403595 -1.6082611 6.5092773
5.473709 -2.0533905 6.321228
5.4427643 -2.5580292 6.2402954
5.311844 -2.8793793 6.1331787
5.204727 -3.0674286 6.1974487
5.080948 -3.1197968 6.385498
5.011917 -2.838913 6.456909
4.8857574 -2.812729 6.2974243
4.7953033 -3.3364105 6.3045654
4.761978 -4.371872 6.3831177
4.909561 -4.9669647 6.185547
5.0595245 -5.51445 6.2998047
5.023819 -5.681076 6.6378174
4.883377 -5.5430145 6.9734497
4.728653 -5.4668427 7.4542847
4.5001373 -5.797714 7.48761
4.312088 -6.34758 7.135315
4.221634 -6.9093475 6.5164185
4.471573 -7.771042 5.930847
4.7500763 -8.049545 6.102234
4.671524 -7.8376923 6.790161
4.2073517 -7.1021576 7.2876587
3.645584 -7.0117035 7.5828247
3.3575592 -7.5330048 7.3067017
3.4480133 -8.068588 6.7782593
3.6717682 -8.568466 6.771118
3.4384918 -8.961227 6.7663574
3.1457062 -8.813644 6.7592163
3.0600128 -8.766037 6.8615723
3.055252 -8.766037 6.987732
3.202835 -8.320908 6.942505
3.2647247 -7.997177 6.8234863
2.862442 -8.111435 6.6782837
2.5982208 -8.297104 6.4926147
2.374466 -8.742233 6.302185
2.33638 -9.04454 6.3997803
2.3768463 -8.84935 6.65448
2.3387604 -8.437546 6.828247
2.2744904 -8.239975 6.880615
2.245926 -8.644638 6.7473145
2.1792755 -9.068344 6.597351
1.9626617 -9.423019 6.533081
1.6175079 -9.727707 6.390259
1.5318146 -9.473007 6.4140625
1.5437164 -8.999313 6.7354126
1.5722809 -8.649399 7.0948486
1.6270294 -8.501816 6.9663086
1.7198639 -8.642258 6.768738
1.7603302 -8.708908 6.6140137
1.8055573 -8.725571 6.6187744
1.7865143 -8.830307 6.442627
1.7293854 -8.908859 6.352173
1.7032013 -9.035019 6.2855225
1.6698761 -8.84697 6.2545776
1.5460968 -8.504196 6.533081
1.2818756 -8.40184 6.6378174
1.1414337 -8.404221 6.499756
1.0843048 -8.663681 6.1498413
1.1795197 -8.989792 5.968933
1.3223419 -8.985031 6.090332
1.3985138 -8.789841 6.1974487
1.4175568 -8.611313 6.2141113
1.5080109 -8.599411 6.147461
1.5389557 -8.542282 6.226013
1.4199371 -8.358994 6.2474365
1.4246979 -10.208542 9.529968
2.0102692 -8.942184 5.9570313
1.4270782 -8.418503 5.7475586
0.2368927 -7.6472626 6.1831665
1.515152 -7.509201 6.4188232
2.5958405 -8.213791 5.9022827
2.0721588 -8.863632 5.511902
1.4556427 -8.932663 6.180786
1.4104156 -8.282822 5.780884
1.1699982 -8.137619 5.999878
1.4437408 -8.197128 6.218872
1.3318634 -8.2947235 6.264099
1.1819 -8.306625 6.2474365
1.2414093 -8.268539 6.090332
1.496109 -8.111435 5.7975464
1.515152 -8.0638275 5.75708
1.3128204 -8.2304535 5.6452026
1.1580963 -8.275681 5.6642456
1.1604767 -8.216171 5.7999268
1.2866364 -8.170944 5.9570313
1.2628326 -8.097153 6.007019
1.1914215 -8.109055 6.178406
1.1771393 -8.113815 6.20697
1.2295074 -8.385178 6.123657
1.3794708 -8.263779 5.704712
1.2104645 -8.827927 5.6261597
0.9771881 -9.156418 5.7594604
1.24617 -8.823166 5.8189697
1.5579987 -8.516098 5.640442
1.5318146 -8.406601 5.7785034
1.2509308 -8.389938 5.602356
1.0509796 -8.492294 5.7285156
1.0390778 -8.518478 5.7475586
1.162857 -8.330429 5.954651
1.284256 -8.151901 6.071289
1.3770905 -8.042404 6.154602
1.4485016 -7.932907 6.226013
1.5460968 -7.7543793 6.2998047
1.4627838 -7.5901337 6.2736206
1.3747101 -7.4734955 6.245056
1.348526 -7.411606 6.040344
1.367569 -7.497299 5.8308716
1.4175568 -7.702011 5.8618164
1.4937286 -7.828171 5.892761
1.477066 -7.990036 6.0879517
1.4032745 -8.2114105 6.147461
1.3437653 -8.528 6.135559
1.2247467 -8.71843 5.828491
1.0105133 -8.573227 5.6380615
0.89863586 -8.499435 5.9570313
0.8319855 -8.382797 6.109375
0.69392395 -8.599411 6.1950684
0.6153717 -8.65654 6.3616943
0.47969055 -8.282822 6.559265
0.33210754 -7.6972504 6.5616455
0.07978821 -7.573471 6.6068726
0.008377075 -7.925766 6.287903
-0.032089233 -6.904587 5.776123
-0.6938324 -5.545395 6.2783813
-1.4817352 -5.393051 5.5166626
-1.3460541 -6.533249 5.935608
-0.36058044 -5.309738 6.116516
-0.1415863 -5.3311615 5.9641724
-0.543869 -5.9286346 5.954651
-0.8675995 -6.7355804 5.9974976
-1.0366058 -7.6710663 5.8618164
-1.0389862 -8.280441 5.9594116
-0.94615173 -8.668442 5.9641724
-0.86283875 -8.704147 6.0308228
-0.8342743 -8.727951 6.071289
-0.46769714 -8.320908 6.680664
-0.10826111 -7.75914 6.5164185
-0.5962372 -5.7048798 7.5828247
3.074295 -7.7043915 10.103638
5.2071075 -10.099045 10.782043
2.2364044 -12.124741 12.441162
-1.6483612 -12.593674 11.322388
-2.1458588 -12.200912 8.658752
-0.08207703 -9.358749 6.242676
2.5958405 -6.8974457 6.211731
3.4313507 -5.931015 7.052002
2.6339264 -5.526352 7.2543335
1.5246735 -5.2288055 7.225769
1.2057037 -5.359726 7.392395
1.1771393 -5.6001434 7.7661133
1.8246002 -5.1931 8.304077
0.7700958 -6.3118744 8.180298
-0.6938324 -7.6710663 9.651367
-1.0961151 -6.509445 9.172913
-0.45817566 -5.2787933 8.430237
0.1631012 -5.109787 8.101746
0.07740784 -5.2549896 8.113647
-0.2725067 -5.3502045 8.687317
-0.7771454 -5.185959 9.258606
-0.90330505 -5.102646 9.28717
-0.5295868 -5.0240936 8.932495
-0.16062927 -5.32164 8.746826
-0.24156189 -5.495407 8.64209
-0.33439636 -5.5811005 8.618286
-0.37010193 -5.7477264 8.346924
-0.124923706 -5.8643646 8.232666
-0.04399109 -6.02861 8.046997
0.13215637 -6.1785736 7.9732056
0.1131134 -6.290451 8.235046
-0.034469604 -6.359482 8.373108
-0.16300964 -5.983383 8.499268
-0.26060486 -5.4025726 8.663513
-0.2582245 -5.0431366 8.77063
-0.30821228 -4.893173 9.006287
-0.43199158 -4.8765106 9.008667
-0.4629364 -4.8955536 8.982483
-0.38438416 -4.974106 8.753967
-0.2820282 -5.290695 8.527832
-0.19633484 -5.51445 8.504028
-0.25346375 -5.6977386 8.4730835
-0.3058319 -5.9476776 8.358826
-0.2582245 -6.0095673 8.349304
-0.20585632 -5.8262787 8.444519
-0.2582245 -5.5477753 8.499268
-0.32487488 -5.423996 8.499268
-0.24394226 -5.423996 8.718262
-0.35105896 -5.3763885 8.680176
-0.3153534 -5.443039 8.606384
-0.27488708 -5.500168 8.573059
-0.18443298 -5.4977875 8.4730835
-0.21299744 -5.6977386 8.520691
-0.19871521 -5.752487 8.480225
-0.18681335 -5.685837 8.504028
-0.16777039 -5.564438 8.489746
-0.19871521 -5.559677 8.587341
-0.26060486 -5.473984 8.558777
-0.25584412 -5.397812 8.637329
-0.22251892 -5.3811493 8.668274
-0.24394226 -5.3835297 8.611145
-0.26298523 -5.38591 8.613525
-0.27726746 -5.4454193 8.518311
-0.19633484 -5.5549164 8.423096
-0.25108337 -5.64299 8.427856
-0.22966003 -5.8358 8.408813
-0.1749115 -5.981003 8.3897705
-0.21775818 -5.90007 8.313599
-0.2082367 -5.621567 8.492126
-0.22251892 -5.4787445 8.587341
-0.19633484 -5.476364 8.637329
-0.25584412 -5.3311615 8.587341
-0.28440857 -5.3002167 8.680176
-0.2820282 -5.3311615 8.680176
-0.2582245 -5.378769 8.596863
-0.2582245 -5.5049286 8.6206665
-0.22727966 -5.688217 8.489746
-0.20109558 -5.6834564 8.363586
-0.16300964 -5.764389 8.45166
-0.23442078 -5.8691254 8.423096
-0.21299744 -5.7429657 8.499268
-0.19633484 -5.4787445 8.546875
-0.24156189 -5.419235 8.565918
-0.2582245 -5.3954315 8.651611
-0.28678894 -5.438278 8.64209
-0.26298523 -5.4716034 8.575439
-0.26060486 -5.4835052 8.5802
-0.21299744 -5.5120697 8.623047
-0.25108337 -5.500168 8.606384
-0.23680115 -5.521591 8.594482
-0.15348816 -5.5358734 8.765869
-0.28440857 -5.457321 8.415955
-0.1415863 -5.685837 8.313599
-0.12968445 -5.764389 8.427856
-0.103500366 -5.885788 8.382629
-0.19633484 -5.9548187 8.32312
-0.1749115 -5.8572235 8.434998
-0.21061707 -5.623947 8.456421
-0.22966003 -5.5430145 8.558777
-0.22251892 -5.5549164 8.549255
-0.24394226 -5.566818 8.530212
-0.21299744 -5.623947 8.446899
-0.20347595 -5.6905975 8.494507
-0.19395447 -5.7477264 8.458801
-0.17015076 -5.7286835 8.373108
-0.2082367 -5.738205 8.313599
-0.18443298 -5.7405853 8.434998
-0.17729187 -5.733444 8.4730835
-0.20347595 -5.616806 8.463562
-0.20347595 -5.521591 8.542114
-0.17729187 -5.4906464 8.520691
-0.17967224 -5.5096893 8.561157
-0.24156189 -5.5168304 8.5563965
-0.16300964 -5.5811005 8.494507
-0.16300964 -5.6144257 8.5373535
-0.2320404 -5.669174 8.401672
-0.23442078 -5.6763153 8.430237
-0.16777039 -5.7286835 8.399292
-0.124923706 -5.776291 8.380249
-0.12730408 -5.7858124 8.404053
-0.17967224 -5.8358 8.4730835
-0.20109558 -5.6834564 8.51355
-0.17015076 -5.57872 8.487366
Time Stop = 1457237836
