Time Start = 1457238137
-0.69859314 2.4455109 8.480225
-0.62242126 2.7430573 8.363586
-0.5938568 2.7168732 8.223145
-0.55101013 2.414566 8.13031
-0.49150085 2.1360626 8.1588745
-0.33439636 2.1717682 8.442139
-0.24394226 2.2884064 8.7872925
-0.0844574 2.324112 9.191956
-0.04637146 2.2693634 9.265747
-0.077316284 2.1741486 9.3133545
-0.120162964 2.1979523 9.172913
-0.14872742 2.2146149 8.922974
-0.1415863 2.3145905 8.637329
-0.25108337 2.3717194 8.442139
-0.32963562 2.388382 8.270752
-0.51530457 2.3645782 8.018433
-0.6200409 2.2312775 7.906555
-0.70573425 2.2550812 7.8446655
-0.793808 2.293167 7.8113403
-0.8318939 2.350296 7.6780396
-0.774765 2.426468 7.6280518
-0.8485565 2.3907623 7.4709473
-0.9175873 2.2884064 7.2019653
-0.9247284 2.18367 6.961548
-0.8914032 2.1051178 6.6711426
-0.8604584 1.9837189 6.3450317
-0.8247528 1.9099274 6.0022583
-0.85331726 1.7956696 5.730896
-0.9318695 1.612381 5.352417
-1.1008759 1.0006256 5.0477295
-1.1437225 -0.13719177 5.166748
-1.1246796 -1.1107635 5.321472
-1.3365326 -1.2393036 5.8165894
-1.6102753 -0.8108368 6.4259644
-1.7507172 -0.120529175 6.9067993
-1.7483368 0.6078644 7.047241
-1.4531708 1.400528 7.2852783
-1.1508636 1.99086 7.4995117
-0.86997986 2.4812164 7.475708
-0.93663025 2.6407013 7.4209595
-0.9985199 2.5335846 7.404297
-0.9961395 2.2431793 7.4542847
-1.7078705 0.88160706 7.494751
-2.6052704 -2.2342987 7.3114624
-3.443161 -5.2549896 6.982971
-3.4526825 -7.0902557 7.4066772
-3.0337372 -7.1783295 8.9158325
-3.250351 -6.3713837 10.751099
-4.0953827 -4.8170013 11.896057
-4.8451996 -3.1055145 12.5078125
-5.385544 -2.070053 12.498291
-5.9615936 -2.017685 11.684204
-6.9494476 -3.1007538 9.984619
-8.027756 -6.176193 8.301697
-8.782333 -9.899094 6.9972534
-8.389572 -13.174484 6.744934
-6.970871 -13.7148285 7.270996
-6.311508 -12.448471 8.415955
-6.8518524 -10.639389 9.698975
-7.9492035 -8.7827 10.841553
-8.756149 -7.2759247 11.831787
-9.134628 -6.1595306 12.6553955
-9.282211 -5.5168304 12.598267
-9.417892 -5.995285 11.6604
-8.972763 -7.5948944 10.106018
-8.108688 -9.03978 8.818237
-7.470749 -9.470627 8.0112915
-7.2374725 -8.885056 7.6447144
-7.5897675 -7.963852 7.6518555
-8.211044 -7.2497406 7.5614014
-8.541916 -6.8950653 7.4971313
-8.582382 -6.5879974 7.4780884
-8.332443 -6.0738373 7.699463
-8.208664 -5.38591 8.070801
-8.220566 -4.781296 8.351685
-8.544296 -4.4599457 8.456421
-9.01561 -4.300461 8.237427
-9.558334 -4.633713 7.4971313
-9.8415985 -4.957443 6.6782837
-9.962997 -5.290695 6.102234
-9.922531 -5.3644867 5.897522
-9.6940155 -5.2930756 6.0736694
-9.351242 -5.0669403 6.3640747
-8.970383 -4.6194305 6.956787
-8.651413 -4.0100555 7.5804443
-8.370529 -3.384018 8.016052
-8.008713 -2.9626923 7.944641
-7.511215 -2.774643 7.630432
-6.9803925 -2.7865448 7.23291
-6.6019135 -3.0674286 6.8948975
-6.2353363 -3.422104 6.3640747
-5.9853973 -3.5268402 5.9784546
-5.771164 -3.4649506 5.7023315
-5.706894 -3.3149872 5.5023804
-5.8449554 -3.3245087 5.109619
-6.1353607 -3.2911835 4.79303
-6.523361 -3.3030853 4.2598267
-6.4424286 -3.3625946 3.8146973
-6.330551 -3.3863983 3.8504028
-6.297226 -3.0293427 3.9837036
-6.440048 -2.7317963 4.0027466
-6.7494965 -2.5723114 4.0336914
-7.208908 -2.49852 3.7599487
-7.489792 -2.4937592 3.6314087
-7.694504 -2.6865692 3.3790894
-7.561203 -2.736557 3.2648315
-7.3969574 -2.6103973 3.171997
-7.3398285 -2.3890228 2.9101563
-7.2422333 -2.0748138 2.8673096
-7.311264 -1.8034515 3.0029907
-7.5516815 -1.5392303 3.2529297
-7.951584 -1.5130463 3.402893
-8.351486 -1.6130219 3.5266724
-8.530014 -1.7915497 3.4624023
-8.358627 -1.9891205 3.4005127
-7.9801483 -1.8701019 3.5480957
-7.7302094 -1.4297333 3.7028198
-7.784958 -0.6299286 3.671875
-7.882553 -0.21812439 3.1339111
-8.291977 -0.7537079 2.6054688
-8.106308 -0.86320496 3.3338623
-8.208664 0.017532349 3.8694458
-8.24675 0.2032013 3.7670898
-7.9634857 0.4983673 4.1622314
-7.8539886 0.56977844 4.114624
-7.875412 0.49360657 3.7337646
-8.427658 -0.29667664 3.5933228
-8.18486 0.7054596 3.633789
-9.117966 2.88826 1.2462769
-9.384567 -0.8989105 5.94751
-8.211044 1.2719879 4.864441
-9.1679535 0.4912262 3.4766846
-8.679977 1.1291656 -5.3235474
-11.010361 0.18177795 5.930847
-10.793747 3.1881866 1.0939331
-9.751144 6.22554 4.314575
-10.658066 6.327896 8.049377
-11.046066 2.7811432 10.094116
-10.370041 3.3881378 5.9022827
-10.948471 -2.56279 13.119568
-13.0550995 2.0598907 15.82843
-10.49382 2.2455597 10.589233
-9.834457 0.11036682 9.47522
-9.560715 -2.331894 8.980103
-8.50383 -4.6456146 8.273132
-7.020859 -5.5572968 7.7613525
-6.8209076 -5.681076 8.775391
-6.1329803 -4.962204 7.9660645
-6.5114594 -2.5270844 7.573303
-7.2303314 -1.2464447 7.9541626
-7.489792 -0.122909546 7.8898926
-7.9634857 0.41505432 7.8565674
-8.11821 0.3269806 8.375488
-8.470505 1.2315216 8.425476
-8.387192 1.6980743 8.377869
-7.6016693 0.83161926 8.296936
-6.958969 0.59358215 7.8065796
-6.3472137 -0.2585907 7.6708984
-6.316269 -0.93699646 7.6470947
-6.51622 -1.6582489 8.13031
-6.687607 -2.3747406 7.739929
-7.1851044 -2.4532928 8.9158325
-7.3707733 -2.4009247 9.741821
-7.644516 -0.68229675 10.653503
-6.8090057 -0.95365906 10.934387
-6.8899384 -1.9081879 8.532593
-7.208908 -1.4940033 7.982727
-7.2898407 -1.0441132 6.9782104
-7.1398773 -1.0798187 5.2929077
-6.932785 -1.5297089 4.659729
-6.5900116 -0.5370941 4.79541
-6.982773 -1.1869354 5.507141
-7.1851044 -2.5104218 5.9903564
-7.0113373 -1.1083832 4.826355
-7.715927 -1.120285 3.4647827
-8.596664 -2.88414 2.312683
-7.599289 -2.1962128 3.7504272
-7.0137177 -1.60112 5.302429
-7.5397797 -2.1057587 5.442871
-8.482407 -2.4390106 6.226013
-9.051315 -2.5080414 6.449768
-10.074875 -2.846054 6.5925903
-10.498581 -2.6841888 6.392639
-10.198654 -2.531845 5.764221
-9.270309 -2.2961884 5.083435
-8.12059 -2.4199677 5.385742
-7.216049 -3.7220306 4.7525635
-6.8518524 -4.826523 4.4835815
-7.168442 -6.3071136 4.4193115
-6.8066254 -6.79747 4.1812744
-6.330551 -6.1785736 3.6409302
-6.2829437 -5.7667694 2.7149658
-6.720932 -5.7024994 2.7768555
-7.2707977 -5.207382 3.1553345
-7.4160004 -3.9838715 3.3695679
-7.6611786 -3.7363129 4.1741333
-8.11821 -4.462326 4.326477
-8.382431 -4.583725 4.0336914
-9.027512 -4.095749 3.7789917
-9.9249115 -3.2197723 3.902771
-10.339096 -3.8957977 4.428833
-9.808273 -4.6503754 4.7835083
-8.660934 -5.6453705 4.8668213
-7.004196 -6.4546967 4.7073364
-5.9425507 -6.868881 4.338379
-5.573593 -7.1140594 3.467163
-5.7545013 -7.009323 2.748291
-6.4281464 -6.2404633 2.331726
-7.227951 -5.366867 2.2626953
-7.6278534 -5.162155 2.6054688
-7.496933 -5.688217 3.055359
-6.9613495 -6.378525 3.883728
-6.490036 -7.6020355 4.9715576
-6.278183 -7.7639008 6.090332
-6.970871 -7.240219 6.8068237
-7.856369 -5.9262543 5.840393
-8.56572 -4.057663 3.9575195
-9.034653 -2.608017 1.6604614
-9.113205 -2.8079681 0.7321167
-8.756149 -4.5742035 1.381958
-8.0325165 -6.4094696 2.4674072
-7.6730804 -6.649887 3.8313599
-8.172958 -5.9262543 5.2286377
-8.7704315 -4.7217865 5.621399
-9.175095 -3.9957733 5.276245
-9.277451 -2.941269 3.6837769
-9.33696 -3.512558 3.7123413
-9.070358 -5.4930267 3.7599487
-8.0325165 -6.6260834 3.902771
-7.28508 -6.8569794 4.288391
-6.970871 -6.975998 4.435974
-6.789963 -6.7427216 4.062256
-7.049423 -6.4785004 3.928955
-7.535019 -6.1595306 3.652832
-7.6659393 -5.443039 3.2410278
-7.625473 -5.5549164 3.0958252
-7.4350433 -5.8953094 2.5792847
-6.920883 -5.5882416 2.1293945
-6.689987 -5.988144 2.1555786
-6.5757294 -6.328537 2.260315
-6.6542816 -6.578476 2.9649048
-7.099411 -6.597519 3.5599976
-7.296982 -6.2023773 3.9432373
-7.561203 -6.547531 4.212219
-7.5564423 -6.8831635 3.8551636
-7.1398773 -6.3571014 3.467163
-6.8661346 -6.699875 3.4243164
-6.670944 -7.3973236 3.1791382
-6.5257416 -7.6329803 3.395752
-6.459091 -6.7998505 3.0267944
-6.4091034 -6.507065 3.036316
-6.6852264 -6.7427216 2.8863525
-6.985153 -6.6141815 3.036316
-7.4683685 -6.6070404 3.6171265
-7.811142 -6.7022552 4.350281
-8.089645 -6.21904 4.716858
-8.3134 -5.7167816 4.7454224
-7.7897186 -4.283798 3.1553345
-6.6019135 -4.7336884 2.5983276
-5.7997284 -7.1473846 2.0794067
-4.97612 -8.418503 1.65094
-4.983261 -8.556564 2.4745483
-5.7687836 -8.001938 3.6885376
-6.8708954 -7.349716 5.1572266
-7.9254 -6.737961 6.2974243
-8.339584 -6.445175 6.78302
-7.3065033 -4.7336884 4.743042
-5.007065 -4.436142 3.0601196
-3.8549652 -7.649643 2.4364624
-3.4217377 -9.753891 1.8746948
-3.7621307 -9.534897 2.7340088
-4.9285126 -8.151901 4.462158
-6.2758026 -6.5356293 6.1879272
-8.094406 -5.9214935 7.951782
-9.33696 -5.602524 8.377869
-9.129868 -5.6334686 8.199341
-7.658798 -5.6596527 6.878235
-4.899948 -4.2147675 3.3909912
-2.8218842 -5.7239227 2.767334
-2.7171478 -8.880295 3.3291016
-3.9597015 -9.720566 4.326477
-5.7878265 -8.113815 6.264099
-6.816147 -5.783432 7.7684937
-7.7444916 -4.6503754 8.918213
-8.389572 -4.700363 9.172913
-8.051559 -5.1193085 8.246948
-7.2303314 -5.4001923 7.002014
-6.394821 -4.928879 5.928467
-5.847336 -4.4409027 5.3048096
-5.9544525 -4.67894 5.1453247
-6.663803 -5.12883 5.552368
-7.356491 -5.3763885 6.4830933
-7.920639 -5.2026215 7.6661377
-8.356247 -4.950302 7.823242
-8.222946 -4.469467 7.559021
-7.73497 -3.6839447 7.2091064
-7.446945 -3.5339813 7.066284
-7.2898407 -3.057907 6.9472656
-7.2826996 -2.0153046 6.064148
-7.8325653 -1.3797455 5.507141
-8.3134 -0.8417816 5.1762695
-8.587143 0.005630493 3.8742065
-9.008469 0.3841095 3.6004639
-9.505966 1.3529205 3.9718018
-9.98204 1.9289703 4.7716064
-10.460495 1.7623444 5.526184
-11.13176 0.5507355 5.609497
-11.8363495 -0.6465912 5.321472
-11.843491 -1.4321136 4.709717
-10.94133 -1.2464447 4.3359985
-10.051071 -1.4559174 4.017029
-9.317917 -1.6368256 3.7647095
-8.599045 -1.3464203 3.5957031
-7.901596 -0.3419037 3.312439
-7.246994 1.1148834 3.4005127
-6.6590424 2.407425 3.4314575
-6.2543793 2.914444 3.5766602
-6.3448334 2.4193268 4.973938
-6.478134 2.388382 6.518799
-6.8328094 2.3217316 4.295532
-6.6661835 2.1479645 3.8265991
-7.0375214 2.793045 2.222229
-7.965866 2.2907867 1.9246826
-8.660934 2.05513 2.9053955
-9.077499 1.869461 3.8218384
-9.227463 1.2029572 4.2788696
-9.151291 0.2936554 3.876587
-8.829941 -1.1893158 4.1098633
-8.380051 -0.74894714 4.8692017
-8.334824 0.6150055 5.538086
-8.434799 2.9834747 5.057251
-8.449081 2.524063 4.916809
-7.8801727 -0.6608734 4.376465
-6.5709686 -1.4821014 3.9146729
-6.440048 -2.441391 3.5385742
-6.6852264 -1.915329 5.012024
-7.0303802 0.08180237 6.306946
-8.153915 -0.037216187 5.7023315
-8.420517 -1.0012665 4.6192627
-8.065842 -1.8010712 3.1743774
-7.7444916 -2.56279 2.1436768
-7.8658905 -2.9626923 1.5628662
-8.406235 -1.9391327 2.3341064
-9.0846405 -0.31333923 2.8744507
-9.132248 -0.696579 1.4771729
-8.334824 -1.6749115 1.0010986
-8.646652 -1.2297821 1.8842163
-9.217941 -1.0845795 2.4840698
-8.915634 -1.7368011 2.3745728
-8.537155 -2.3485565 1.9699097
-8.677597 -2.5294647 1.71521
-9.391708 -2.5009003 4.0265503
-10.029648 -3.4578094 3.0006104
-8.142014 -4.655136 0.49645996
-6.7685394 -4.314743 -0.036743164
-7.842087 -3.569687 0.4440918
-9.829697 -3.2388153 1.0058594
-11.146042 -3.14122 1.5009766
-11.58403 -3.1578827 1.612854
-11.51738 -3.319748 1.3081665
-11.124619 -3.2530975 1.1343994
-10.636642 -3.300705 1.0463257
-10.189133 -3.4149628 1.2915039
-9.863022 -3.5173187 1.0629883
-9.541672 -3.5673065 0.5678711
-9.327438 -3.7006073 0.3274536
-9.265549 -3.5244598 0.1965332
-9.608322 -3.3292694 -0.2557373
-10.222458 -3.6196747 -1.0460205
-10.827072 -4.0029144 -1.7863159
-11.612595 -4.474228 -2.531372
-12.360031 -4.67894 -2.9550781
-13.152695 -4.526596 -2.96698
-14.016769 -3.8934174 -2.1314697
-14.7999115 -2.7960663 -0.98413086
-15.335495 -1.4487762 -0.30096436
-15.4092865 -0.50852966 0.3703003
-15.068893 -0.053878784 0.8201904
-14.971298 -0.51091003 0.6583252
-14.15007 -1.8010712 0.45837402
-14.219101 -8.33757 -1.5649414
-18.551376 -10.663193 -2.421875
-16.963669 15.109085 -0.8389282
-9.820175 18.907562 5.8165894
-7.5064545 10.995804 7.4328613
-10.496201 6.896805 3.4124146
-11.643539 0.7197418 1.8461304
-11.122238 -2.857956 -0.43426514
-11.467392 -4.7170258 -2.5028076
-11.267441 -6.4023285 -3.2930908
-10.662827 -6.6332245 -2.83844
-10.489059 -5.764389 -2.0124512
-10.496201 -4.224289 -1.1936035
-10.246262 -2.4723358 -0.3961792
-9.59642 -1.2821503 0.3131714
-8.708542 -0.60136414 0.5202637
-8.070602 -0.33714294 0.31555176
-7.6683197 -0.64183044 -0.07006836
-7.6016693 -1.1607513 -0.5866089
-7.7135468 -1.7606049 -1.0341187
-7.946823 -2.191452 -1.2435913
-8.092026 -2.4532928 -1.1793213
-8.142014 -2.6960907 -1.1340942
-8.225327 -2.9817352 -1.0507813
-8.325302 -3.3126068 -0.9746094
-8.57048 -3.6553802 -0.9960327
-8.810898 -3.9124603 -0.96746826
-9.160812 -3.9410248 -0.91033936
-9.372665 -3.8957977 -0.7484741
-9.448837 -3.8101044 -0.5128174
-9.475021 -3.5934906 -0.2819214
-9.479782 -3.4316254 0.051330566
-9.477402 -3.3530731 0.35839844
-9.472641 -3.262619 0.55358887
-9.517868 -3.3149872 0.7749634
-9.5464325 -3.4459076 1.3510132
-9.601181 -3.2959442 2.5673828
-10.189133 -2.6889496 6.685425
-10.4509735 -0.37998962 8.101746
-10.855637 -0.14433289 6.5616455
-11.105576 -3.826767 5.7999268
-10.431931 -6.5380096 3.164856
-9.729721 -6.385666 1.132019
-8.315781 -5.7739105 -0.71990967
-8.75853 -6.41185 -0.9389038
-9.384567 -6.123825 -0.6699219
-9.967758 -5.3383026 -0.55804443
-10.210556 -4.9003143 0.5488281
-10.217697 -4.3433075 1.3486328
-10.122482 -3.6053925 1.3867188
-9.674973 -3.3435516 1.1248779
-9.170334 -3.4125824 0.8297119
-8.879929 -3.2840424 0.80114746
-8.806137 -3.2792816 0.96777344
-8.8228 -3.2221527 1.1034546
-9.008469 -3.1507416 1.2557983
-9.129868 -2.941269 1.3843384
-9.201279 -2.846054 1.5581055
-9.260788 -2.7222748 1.8413696
-9.329819 -2.5199432 1.946106
-9.427414 -2.5485077 2.1508179
-9.382187 -2.672287 2.093689
-9.346481 -2.8865204 1.760437
-9.27507 -3.4530487 1.1915283
-9.115585 -4.057663 0.31079102
-8.9370575 -4.6075287 -0.081970215
-8.920395 -4.750351 0.022766113
-8.879929 -4.67894 0.3703003
-9.027512 -4.4409027 0.708313
-9.289352 -4.2742767 1.0582275
-9.605942 -4.0433807 1.4533691
-9.877304 -3.8862762 1.7342529
-10.04393 -3.6196747 2.1246338
-10.112961 -3.2649994 2.479309
-10.036789 -2.9436493 2.6530762
-10.034409 -2.6199188 2.7125854
-10.058212 -2.4937592 2.555481
-10.077255 -2.6294403 2.4126587
-10.003464 -2.8555756 2.2103271
-9.829697 -3.1626434 2.119873
-9.701157 -3.3126068 1.8818359
-9.59404 -3.448288 1.6890259
-9.470261 -3.4697113 1.6152344
-9.439316 -3.5244598 1.6295166
-9.496445 -3.6006317 1.65094
-9.491684 -3.7029877 1.5604858
-9.508347 -3.7529755 1.5462036
-9.472641 -3.7077484 1.4605103
-9.425034 -3.569687 1.5581055
-9.427414 -3.364975 1.6842651
-9.475021 -3.255478 1.6628418
-9.515488 -3.1578827 1.6223755
-9.505966 -3.1055145 1.6152344
-9.541672 -3.1055145 1.6033325
-9.553574 -3.14122 1.4866943
-9.65593 -3.1436005 1.4890747
-9.672592 -3.1626434 1.5128784
-9.689255 -3.088852 1.6057129
-9.677353 -2.9769745 1.5152588
-9.698776 -2.9198456 1.6152344
-9.622604 -2.857956 1.5890503
-9.589279 -2.7151337 1.5462036
-9.598801 -2.6770477 1.5985718
-9.584518 -2.672287 1.6057129
-9.608322 -2.608017 1.5795288
-9.651169 -2.588974 1.529541
-9.782089 -2.62706 1.5223999
-9.810654 -2.5842133 1.5319214
-9.85112 -2.6365814 1.427185
-9.791611 -2.6413422 1.4771729
-9.736862 -2.5984955 1.4533691
-9.696396 -2.6056366 1.4438477
-9.674973 -2.588974 1.4390869
-9.715439 -2.588974 1.4486084
-9.670212 -2.6032562 1.336731
-9.560715 -2.6675262 1.3533936
-9.555954 -2.6651459 1.317688
-9.601181 -2.6103973 1.2677002
-9.6297455 -2.6484833 1.2724609
-9.636887 -2.6508636 1.2724609
Time Stop = 1457238142
