Time Start = 1457238073
0.52967834 1.0268097 8.589722
-0.036849976 0.85780334 8.730164
-0.38200378 0.9934845 9.387146
-0.23680115 1.2243805 9.946533
-0.14634705 1.1244049 10.267883
-0.15110779 1.0172882 10.305969
-0.21061707 1.0172882 10.11554
-0.013046265 1.0363312 10.05365
0.129776 1.0625153 9.856079
0.10121155 1.1482086 9.653748
-0.008285522 1.2386627 9.53949
-0.08921814 1.3291168 9.437134
-0.21537781 1.5005035 9.465698
-0.29631042 1.5243073 9.5252075
-0.30821228 1.4171906 9.549011
-0.27488708 1.2672272 9.520447
-0.33439636 1.214859 9.382385
-0.3391571 1.260086 9.299072
-0.3486786 1.3529205 9.322876
-0.35820007 1.4243317 9.325256
-0.4224701 1.5124054 9.41333
-0.53196716 1.5171661 9.372864
-0.61528015 1.5124054 9.406189
-0.6438446 1.5528717 9.315735
-0.5867157 1.5719147 9.244324
-0.52482605 1.5861969 9.03009
-0.49388123 1.5885773 8.83252
-0.4867401 1.657608 8.684937
-0.4557953 1.7242584 8.539734
-0.32725525 1.7361603 8.380249
-0.32963562 1.7290192 8.173157
-0.33677673 1.6837921 7.9160767
-0.36296082 1.5647736 7.6470947
-0.4557953 1.426712 7.3067017
-0.51530457 1.3148346 6.9782104
-0.56529236 1.2220001 6.752075
-0.6628876 1.0648956 6.3974
-0.75572205 0.8387604 6.007019
-0.8080902 0.6316681 5.6237793
-0.9723358 0.32936096 5.2024536
-1.1175385 -0.21574402 4.7025757
-1.2032318 -0.7203827 4.3169556
-1.236557 -1.0012665 4.0908203
-1.4150848 -1.0036469 4.043213
-1.6507416 -0.83940125 4.031311
-1.9578094 -0.69181824 3.947998
-2.2672577 -0.5727997 3.6885376
-2.5290985 -0.5156708 3.5671387
-2.7814178 -0.39427185 3.6290283
-2.9861298 -0.6703949 4.2265015
-3.3812714 -1.7415619 5.4571533
-3.814499 -3.1245575 6.2617188
-4.3119965 -4.2909393 6.1331787
-4.7737885 -5.7786713 5.2976685
-4.3358 -7.2925873 4.7787476
-3.6692963 -8.08049 4.550232
-3.3289032 -8.304245 5.026306
-3.4788666 -8.14238 6.3164673
-4.090622 -7.8138885 8.030334
-4.8904266 -7.3854218 9.772766
-6.0044403 -6.7498627 9.753723
-6.849472 -7.8138885 8.83252
-6.9756317 -10.084763 8.456421
-6.816147 -11.67247 8.00415
-6.5900116 -11.99382 8.420715
-6.630478 -11.167831 8.761108
-7.085129 -9.74913 8.354065
-8.015854 -9.027878 6.2402954
-8.175339 -9.825302 4.4907227
-8.022995 -10.410873 2.9696655
-8.132492 -11.084518 0.1798706
-7.6492767 -12.82695 -1.7006226
-7.382675 -13.957626 -1.1269531
-7.6611786 -14.87645 1.105835
-8.358627 -14.712204 3.5861816
-9.284592 -13.683884 5.7332764
-10.0082245 -12.112839 6.9853516
-10.436691 -10.784592 7.2876587
-10.420029 -10.096664 7.0924683
-10.055832 -10.118088 6.813965
-9.6940155 -11.141647 6.8568115
-9.477402 -12.303268 7.320984
-9.389328 -13.181625 7.797058
-9.041794 -13.367294 7.9993896
-8.689499 -12.7912445 7.80896
-8.50383 -11.953354 7.42572
-8.546677 -11.253525 7.1781616
-8.596664 -10.90361 7.1019897
-8.50145 -10.920273 7.2733765
-8.289597 -10.96788 7.5804443
-8.075363 -10.77507 7.692322
-8.008713 -10.249008 7.5994873
-8.05632 -9.668198 7.4400024
-8.211044 -9.187363 7.1638794
-8.465744 -8.954086 6.661621
-8.584763 -8.768417 6.01416
-8.577621 -8.663681 5.833252
-8.551437 -8.478012 5.94989
-8.69664 -8.009079 6.1569824
-8.815659 -7.5306244 6.256958
-9.101303 -6.964096 6.340271
-9.313156 -6.699875 6.083191
-9.3988495 -6.4785004 5.9189453
-9.277451 -6.2357025 5.9070435
-8.9370575 -5.9476776 5.788025
-8.572861 -5.585861 5.7404175
-8.432419 -5.32164 5.492859
-8.57048 -4.993149 5.211975
-8.63475 -4.564682 4.7977905
-8.449081 -4.4385223 4.435974
-7.8730316 -4.1576385 4.224121
-7.151779 -3.7648773 4.0527344
-6.792343 -3.4459076 3.8337402
-6.535263 -3.172165 3.3933716
-6.3138885 -2.9055634 3.0077515
-6.035385 -2.5223236 2.3864746
-5.8378143 -2.4651947 1.8699341
-6.047287 -2.5865936 1.446228
-6.8090057 -2.8174896 0.99871826
-7.7325897 -3.0174408 0.6678467
-8.351486 -3.0912323 0.53692627
-8.520493 -2.6508636 0.7463989
-8.50621 -2.217636 1.041565
-8.358627 -1.7510834 1.279602
-8.101547 -1.6749115 1.279602
-7.939682 -1.9058075 1.3200684
-7.7873383 -2.3057098 1.3557739
-7.8397064 -2.5461273 1.2415161
-7.6849823 -2.5651703 1.5176392
-7.6397552 -2.1628876 1.8984985
-7.920639 -1.6225433 2.0437012
-8.261032 -1.9629364 1.3391113
-8.734726 -2.8531952 1.2962646
-8.084885 -0.2419281 4.0979614
-9.091782 -0.65849304 3.9170532
-9.313156 -1.4582977 3.5361938
-9.046555 -2.5080414 3.5338135
-8.972763 -3.384018 2.9434814
-9.044174 -3.3768768 2.4674072
-9.567856 -3.762497 2.7316284
-9.265549 -2.4294891 3.6694946
-9.2322235 -0.41331482 3.9360962
-9.677353 -0.32762146 3.7147217
-10.481918 -2.6865692 4.614502
-9.029892 -3.3245087 5.4214478
-9.186996 -6.378525 3.3933716
-6.2567596 -5.609665 2.203186
-7.527878 -0.18955994 4.8239746
-10.629501 -0.9655609 4.1503296
-9.0013275 -3.2078705 4.659729
-7.9563446 -4.450424 4.909668
-8.884689 -4.257614 4.7835083
-9.277451 -3.6720428 4.7025757
-9.141769 -3.300705 5.9022827
-9.258408 -2.5794525 9.28479
-9.384567 -1.4035492 13.107666
-11.564987 -4.7670135 10.593994
-6.459091 -3.0817108 1.6747437
-13.209824 -3.384018 4.5097656
-11.595932 -2.0391083 4.704956
-7.3065033 -3.1007538 4.3693237
-7.9611053 -3.8029633 7.6780396
-7.3660126 -4.8884125 7.380493
-6.6590424 -6.956955 7.970825
-6.559067 -7.0188446 8.182678
-6.9613495 -6.7808075 8.380249
-7.323166 -5.307358 8.6206665
-8.203903 -3.8696136 8.358826
-8.860886 -2.6556244 7.9660645
-9.420273 -1.7510834 7.887512
-8.351486 -2.3795013 7.9327393
-7.3017426 -4.064804 6.833008
-5.6283417 -4.319504 6.9472656
-4.669052 -3.153122 7.1210327
-3.9763641 -3.5411224 6.302185
-4.238205 -3.9910126 6.65448
-5.0689545 -3.9886322 7.3876343
-6.097275 -5.852463 7.8256226
-6.7233124 -6.0357513 8.035095
-7.3779144 -5.007431 7.9993896
-6.728073 -4.0410004 7.147217
-6.8447113 -4.064804 6.8615723
-7.3207855 -3.891037 7.378113
-7.2422333 -3.364975 7.528076
-6.7733 -3.0936127 6.999634
-6.4614716 -3.4197235 6.687805
-6.70903 -3.7125092 6.685425
-7.1017914 -3.9386444 6.6759033
-7.311264 -4.602768 6.583069
-7.299362 -5.071701 6.585449
-7.6730804 -5.4216156 7.147217
-7.451706 -4.840805 6.78302
-7.213669 -3.3316498 6.816345
-6.9351654 -2.0867157 5.987976
-6.8209076 -2.800827 5.3500366
-6.8470917 -3.5054169 5.442871
-7.2446136 -3.6768036 5.659485
-7.523117 -4.462326 5.6690063
-7.444565 -5.102646 5.4404907
-7.8468475 -4.6075287 5.923706
-7.6421356 -3.9219818 5.5214233
-7.28508 -2.8317719 5.4000244
-7.375534 -2.467575 5.2214966
-7.4350433 -2.7056122 5.0667725
-7.496933 -3.3578339 5.102478
-7.4921722 -3.5530243 5.0810547
-7.3588715 -3.4697113 4.8096924
-7.330307 -3.603012 4.7478027
-7.34935 -4.1957245 4.614502
-7.708786 -3.7529755 5.019165
-8.122971 -2.967453 5.05249
-8.315781 -3.0341034 4.928711
-8.344345 -3.0412445 4.9644165
-8.430038 -3.2530975 5.300049
-8.882309 -3.5268402 4.776367
-9.137009 -3.7982025 4.645447
-9.436935 -4.095749 4.288391
-9.905869 -4.762253 4.4050293
-10.30101 -5.4525604 4.5811768
-10.010605 -5.1335907 4.9786987
-9.52739 -5.040756 5.5047607
-8.987045 -4.74559 5.37146
-8.334824 -4.2861786 4.7858887
-7.920639 -3.9862518 4.773987
-7.6921234 -3.6553802 4.6763916
-7.804001 -3.6744232 4.1098633
-7.901596 -3.3792572 3.709961
-8.341965 -3.3792572 3.0101318
-8.610947 -3.4387665 2.8363647
-8.801376 -3.4459076 3.505249
-8.939438 -3.871994 4.5169067
-8.746628 -4.1695404 5.3738403
-7.965866 -3.814865 6.0736694
-7.2446136 -3.2316742 6.502136
-6.670944 -3.2078705 6.6140137
-5.9615936 -3.2150116 6.514038
-5.975876 -3.410202 4.562134
-5.918747 -6.971237 1.7056885
-4.802353 -8.044785 0.85827637
-5.828293 -4.2266693 2.8149414
-8.810898 -4.026718 3.1339111
-9.729721 -4.67894 2.4483643
-9.201279 -5.1692963 2.196045
-9.153671 -6.040512 2.4650269
-9.110825 -6.2928314 2.8911133
-8.934677 -5.983383 3.3410034
-8.587143 -5.2526093 3.7266235
-8.253891 -5.1788177 4.6002197
-7.8849335 -4.9455414 4.909668
-7.5778656 -4.995529 4.8739624
-7.2874603 -5.205002 4.595459
-7.047043 -5.6310883 4.557373
-6.9803925 -5.5311127 3.8908691
-6.925644 -5.4906464 3.7956543
-7.3350677 -5.6120453 3.5671387
-7.973007 -5.816757 3.069641
-8.618088 -5.790573 2.9434814
-9.067978 -5.545395 2.7768555
-9.1679535 -5.3811493 3.0505981
-9.227463 -5.4525604 3.414795
-9.098923 -5.712021 3.9646606
-8.69664 -5.5120697 4.064636
-8.111069 -5.245468 4.02417
-7.6230927 -5.0359955 3.9075317
-7.361252 -5.4454193 3.6052246
-7.3326874 -5.816757 3.4766846
-7.5326385 -6.161911 3.5528564
-7.792099 -6.502304 3.6599731
-7.887314 -6.695114 3.793274
-7.7825775 -6.821274 4.0932007
-7.715927 -6.692734 4.224121
-7.5016937 -6.3690033 4.319336
-7.118454 -5.77153 4.231262
-6.7185516 -5.3502045 3.8694458
-6.3186493 -5.0026703 3.2172241
-6.1520233 -5.012192 2.5316772
-6.1353607 -5.250229 2.081787
-6.297226 -5.533493 1.8723145
-6.5519257 -5.5763397 2.0865479
-6.937546 -5.538254 2.7078247
-7.3207855 -5.6191864 3.4314575
-7.651657 -5.9976654 3.9503784
-7.8777924 -6.495163 4.236023
-8.003952 -6.8141327 4.34552
-8.082504 -7.059311 4.4835815
-7.7897186 -7.0426483 4.1170044
-6.9565887 -6.8498383 3.6099854
-6.2758026 -6.8141327 3.3433838
-5.766403 -6.802231 3.0196533
-5.4545746 -6.635605 3.1172485
-5.4093475 -6.552292 3.3052979
-5.5450287 -6.6070404 3.652832
-5.8520966 -6.737961 4.178894
-6.4210052 -7.1973724 4.5335693
-7.0779877 -7.4211273 4.735901
-7.3065033 -6.873642 4.9453735
-7.344589 -6.195236 4.928711
-7.3898163 -6.147629 4.7716064
-7.3469696 -6.276169 4.4264526
-7.382675 -6.259506 4.3740845
-7.342209 -5.866745 4.545471
-7.2826996 -5.454941 4.754944
-7.125595 -5.019333 4.98822
-6.8209076 -4.788437 5.0144043
-6.4543304 -4.6241913 5.0096436
-6.2186737 -4.5813446 5.1191406
-6.111557 -4.7170258 5.2667236
-6.309128 -4.847946 5.254822
-6.732834 -4.8836517 5.538086
-7.239853 -4.697983 5.909424
-7.792099 -4.3813934 6.2212524
-8.272934 -4.057663 6.4711914
-8.656174 -3.826767 6.768738
-8.865646 -3.538742 6.8449097
-8.920395 -3.4125824 7.052002
-9.186996 -3.1816864 6.980591
-9.734482 -2.9650726 6.8068237
-10.391464 -3.0293427 6.390259
-10.581894 -3.2602386 6.178406
-10.762802 -3.4816132 5.038208
-10.760422 -3.8220062 4.9572754
-10.838974 -4.198105 4.6954346
-10.786606 -4.4861298 4.6168823
-10.462875 -4.2528534 4.5026245
-10.208176 -3.917221 4.5716553
-10.077255 -3.667282 4.7835083
-10.020126 -3.160263 5.235779
-10.198654 -2.7413177 5.56427
-10.10582 -2.5532684 5.840393
-9.353622 -1.5915985 5.6713867
-8.651413 -0.927475 5.281006
-7.682602 -0.92985535 4.421692
-6.7756805 -0.81321716 3.5409546
-6.163925 -0.844162 3.055359
-5.766403 -0.1348114 3.6361694
-5.847336 -0.34666443 3.4314575
-6.649521 -1.4892426 2.9363403
-7.4993134 -2.2223969 3.2529297
-8.234848 -2.4390106 3.9694214
-8.434799 -1.9177094 4.3859863
-8.232468 -1.094101 5.107239
-7.9825287 -1.0179291 4.5097656
-8.239609 -1.8153534 5.1643677
-8.444321 -1.877243 5.6832886
-8.134872 -0.7751312 5.8737183
-7.5254974 0.4912262 5.430969
-7.644516 0.072280884 4.228882
-8.077744 -1.3130951 3.3029175
-8.553818 -2.550888 3.395752
-8.722824 -2.7198944 4.1384277
-8.76091 -2.615158 4.212219
-8.746628 -1.7153778 4.0336914
-8.408615 -1.1940765 4.47406
-8.077744 -1.8105927 3.3719482
-7.4755096 -2.5009003 1.9937134
-7.254135 -3.134079 1.0249023
-7.823044 -3.0460052 1.4486084
-8.420517 -2.229538 2.7625732
-8.882309 -2.6889496 2.4055176
-8.175339 -3.198349 1.6057129
-7.4493256 -3.3126068 1.3843384
-7.496933 -3.179306 1.6699829
-7.951584 -3.0626678 1.8366089
-8.1800995 -3.0840912 1.8080444
-8.099167 -3.2292938 1.2748413
-7.804001 -3.5625458 0.84399414
-7.6349945 -3.5601654 0.5821533
-7.632614 -3.4601898 0.56073
-7.9492035 -3.3126068 0.53930664
-8.270554 -3.3530731 0.64642334
-8.601425 -3.4911346 0.9320679
-8.903732 -3.595871 0.9296875
-9.115585 -3.8291473 0.5988159
-9.363144 -4.179062 0.28460693
-9.674973 -4.481369 0.69403076
-10.227219 -4.326645 0.9701538
-10.834213 -4.0790863 0.81066895
-11.348373 -3.7743988 0.81066895
-11.700668 -3.5220795 0.75354004
-11.960129 -3.4411469 0.54644775
-12.091049 -3.3816376 0.38458252
-12.138657 -3.6625214 0.2298584
-12.379074 -3.8957977 -0.02960205
-12.714706 -4.198105 0.35839844
-13.424057 -4.269516 2.4221802
-14.300034 -3.3030853 2.4864502
-14.635666 -2.043869 2.1174927
-14.549973 -0.9108124 1.8294678
-14.061996 -0.39189148 1.5961914
-13.1884 -0.49424744 1.215332
-12.267197 -0.97984314 0.5488281
-11.638779 -1.9105682 -0.17718506
-11.557846 -2.8531952 -0.0034179688
-12.250534 -3.7767792 0.3536377
-12.976547 -2.9460297 0.5821533
-13.340744 -2.2057343 -0.98413086
-13.902512 -3.3364105 -0.3057251
-14.014389 -1.4797211 -2.9122314
-13.324081 4.0403595 -1.1769409
-12.688522 7.1895905 2.4816895
-11.51738 9.655655 4.1574707
-11.729233 5.6447296 3.8218384
-11.407883 1.3481598 1.2177124
-10.593796 -2.7151337 -0.72943115
-9.548813 -4.7360687 -1.8910522
-8.9561 -5.2811737 -1.9862671
-8.841843 -5.033615 -1.0388794
-8.875168 -4.0338593 -0.14385986
-8.858505 -3.0007782 0.53692627
-8.806137 -2.365219 0.95825195
-8.668076 -2.1319427 1.0058594
-8.339584 -2.184311 0.8201904
-8.12059 -2.5485077 0.42980957
-8.092026 -2.827011 0.0037231445
-8.237228 -3.0460052 -0.3461914
-8.677597 -3.1007538 -0.68896484
-9.225082 -3.0626678 -0.9008179
-9.441696 -3.0079193 -1.0341187
-9.203659 -3.050766 -0.9746094
-8.660934 -3.115036 -0.9055786
-8.168198 -3.2911835 -0.96032715
-8.006332 -3.455429 -0.91986084
-8.072983 -3.5435028 -0.95318604
-8.303879 -3.557785 -0.81274414
-8.344345 -3.5625458 -0.55566406
-8.451462 -3.5101776 -0.19384766
-8.50383 -3.4125824 -0.017700195
-8.620468 -3.3744965 0.24414063
-8.879929 -3.4078217 0.41314697
-9.115585 -3.5101776 0.4607544
-9.344101 -3.6768036 0.69403076
-9.584518 -3.8029633 0.68927
-9.863022 -3.9076996 0.85113525
-10.134384 -3.9791107 0.86065674
-10.381943 -3.9719696 0.8487549
-10.5342865 -3.955307 0.9035034
-10.6818695 -3.9196014 0.836853
-10.696152 -3.871994 0.7821045
-10.591415 -3.7410736 0.7463989
-10.431931 -3.6768036 0.7059326
-10.2391205 -3.583969 0.72021484
-9.986801 -3.512558 0.6749878
-9.824936 -3.4244843 0.6559448
-9.603561 -3.3792572 0.7321167
-9.458359 -3.3935394 0.7463989
-9.434555 -3.4197235 0.77020264
-9.425034 -3.4816132 0.855896
-9.494064 -3.5149384 0.9058838
-9.584518 -3.5863495 1.0558472
-9.78447 -3.6529999 1.2629395
-9.891586 -3.7339325 1.381958
-10.04631 -3.7482147 1.5057373
-10.103439 -3.7982025 1.612854
-10.184372 -3.8553314 1.6890259
-10.217697 -3.8172455 1.8413696
-10.315292 -3.7982025 1.90802
-10.265305 -3.7529755 1.9246826
-10.203415 -3.6577606 2.0770264
-10.027267 -3.5458832 2.10083
-9.97966 -3.3673553 2.3483887
-9.908249 -3.1483612 2.138916
-9.84874 -3.1578827 1.9413452
-9.84874 -3.3030853 1.8080444
-9.744003 -3.455429 1.5033569
-9.605942 -3.595871 1.3057861
-9.434555 -3.5601654 1.0629883
-9.289352 -3.5934906 0.9796753
-9.175095 -3.641098 0.9963379
-9.108444 -3.6887054 0.920166
-9.108444 -3.698227 0.8796997
-9.153671 -3.7529755 0.91064453
-9.2108 -3.7029877 0.89398193
-9.353622 -3.5934906 0.81781006
-9.420273 -3.5863495 0.7654419
-9.425034 -3.4649506 0.81781006
-9.520248 -3.4125824 0.80352783
-9.574997 -3.4006805 0.8463745
-9.579758 -3.3245087 0.8463745
-9.536911 -3.338791 0.8630371
-9.489304 -3.3149872 0.8297119
-9.458359 -3.3506927 0.7821045
-9.496445 -3.3126068 0.75354004
-9.4655 -3.3483124 0.791626
-9.472641 -3.3530731 0.7630615
-9.415512 -3.3030853 0.7821045
-9.436935 -3.2864227 0.85827637
-9.498825 -3.2769012 0.8535156
-9.501205 -3.2388153 0.99157715
-9.5464325 -3.1888275 1.0177612
-9.553574 -3.1102753 0.96777344
-9.617844 -3.031723 0.9534912
-9.572617 -3.0555267 0.9606323
-9.505966 -3.057907 0.92492676
-9.508347 -3.1459808 0.96539307
-9.601181 -3.2530975 0.9035034
-9.586899 -3.288803 0.9630127
-9.565475 -3.3102264 0.9868164
-9.608322 -3.3340302 0.9963379
-9.574997 -3.3340302 1.0748901
-9.603561 -3.3102264 1.1153564
Time Stop = 1457238078
