Time Start = 1457237785
-0.9723358 2.1170197 9.884644
-0.9390106 1.657608 9.768005
-1.0818329 0.92207336 9.527588
-0.8747406 0.008010864 9.896545
-0.4867401 -0.39665222 9.729919
-1.7983246 1.1672516 9.948914
-3.3646088 1.721878 9.822754
-3.0765839 1.3600616 10.346436
-2.776657 0.8792267 9.906067
-2.4243622 0.27461243 10.413086
-1.5531464 0.688797 10.882019
-1.2532196 1.7028351 10.853455
-1.2889252 1.2886505 10.981995
-1.1865692 0.29127502 10.17981
-1.1889496 -0.5704193 9.994141
-0.774765 -0.7275238 9.60614
-0.022567749 -0.59184265 9.553772
1.1699982 -0.51091003 9.013428
0.90101624 0.4650421 6.185547
2.971939 -5.25737 9.572815
3.2480621 -1.979599 7.10437
3.695572 -2.5128021 7.8827515
3.4622955 -2.312851 8.020813
3.0790558 -3.2840424 7.949402
3.2075958 -4.864609 8.411194
2.6648712 -5.9929047 8.673035
1.2628326 -8.7827 7.7994385
-0.13206482 -12.577011 7.1781616
-0.77238464 -13.157822 7.275757
0.16786194 -12.041428 7.5804443
1.3223419 -10.848862 6.2926636
4.0954742 -11.22496 6.5878296
4.6024933 -8.72319 6.1141357
3.3456573 -7.535385 6.226013
2.1150055 -6.7474823 5.699951
2.7648468 -5.681076 6.5687866
3.317093 -5.5930023 7.6661377
1.4818268 -6.5832367 8.244568
1.3199615 -7.5449066 7.8756104
2.214981 -8.470871 7.3328857
2.7291412 -8.794601 6.8496704
2.8386383 -8.323288 6.218872
2.6006012 -7.297348 5.928467
2.2697296 -6.335678 5.8380127
1.7674713 -6.052414 5.802307
1.5508575 -6.3713837 5.4000244
1.643692 -7.323532 4.942993
1.8269806 -8.156662 4.4312134
2.0316925 -8.482773 4.262207
1.9840851 -8.173325 4.7525635
1.7865143 -7.380661 5.0358276
1.431839 -6.6522675 4.9001465
1.3747101 -6.007187 5.8808594
1.0795441 -5.669174 5.7594604
0.56062317 -5.828659 6.5045166
-0.055892944 -6.233322 6.9853516
-0.34153748 -6.840317 7.5042725
-0.5367279 -7.368759 7.951782
-0.31059265 -8.118576 7.7423096
0.08216858 -8.856491 7.592346
0.47731018 -9.120712 7.4971313
0.6582184 -9.180222 7.418579
0.79151917 -8.908859 7.4661865
0.58680725 -8.708908 7.7684937
0.443985 -8.946945 7.7875366
0.32258606 -9.956223 7.732788
-0.45817566 -11.358261 7.9375
1.5960846 -10.38707 7.8708496
3.5075226 -7.956711 7.116272
0.7462921 -7.0569305 6.9020386
2.2126007 -6.885544 6.147461
3.7550812 -7.4354095 5.2857666
2.824356 -8.259018 5.526184
2.1721344 -8.577988 5.8737183
1.9459991 -8.568466 6.0808105
1.7341461 -7.778183 6.4830933
1.4889679 -7.7496185 6.84729
1.1914215 -7.7805634 6.1688843
0.29640198 -6.4856415 5.764221
-0.27488708 -6.637985 6.980591
-1.1841888 -7.304489 7.6280518
-1.3984222 -7.168808 7.4709473
0.41542053 -7.1092987 6.9472656
2.1911774 -6.661789 5.8165894
3.1457062 -7.199753 5.1762695
3.1718903 -8.71843 5.678528
3.6170197 -7.5877533 4.5811768
2.8457794 -7.599655 4.3740845
1.5556183 -8.109055 5.05249
0.77723694 -8.982651 4.8882446
0.6082306 -9.356369 5.480957
0.98908997 -9.584885 5.7023315
1.6912994 -9.87767 6.0879517
1.855545 -10.19902 6.095093
2.124527 -10.030014 5.826111
2.1792755 -10.158554 5.7927856
1.7198639 -9.803879 6.033203
1.5008698 -9.292099 6.6259155
1.579422 -8.868393 6.752075
1.5199127 -9.215927 6.8115845
1.2223663 -9.915756 6.7854004
1.0057526 -10.32518 6.4188232
0.8438873 -10.39183 6.514038
1.0295563 -10.310898 6.9210815
1.284256 -9.675339 7.082947
1.4723053 -9.503952 7.3900146
1.6294098 -9.165939 7.4519043
1.727005 -9.565842 7.251953
2.1078644 -9.223068 6.9972534
2.2887726 -9.096909 7.0615234
2.4339752 -9.049301 6.982971
2.6910553 -8.887436 7.066284
2.6267853 -8.882675 7.566162
2.4482574 -8.944565 7.842285
2.5125275 -8.768417 7.763733
2.9766998 -8.620834 7.6661377
3.414688 -8.351852 7.5042725
3.778885 -7.9733734 7.5042725
3.664627 -7.8448334 7.8303833
3.3647003 -7.7424774 7.789917
3.4503937 -7.7353363 7.5947266
3.8026886 -7.490158 7.0877075
4.3025665 -6.9664764 6.666382
4.702469 -6.571335 6.733032
4.9167023 -6.0690765 6.8449097
4.933365 -5.685837 7.071045
4.702469 -5.397812 7.025818
4.971451 -4.7717743 6.502136
5.2451935 -4.9455414 6.437866
5.454666 -4.955063 6.0546265
5.8402863 -4.4861298 5.666626
6.083084 -4.409958 6.2998047
6.1164093 -3.7791595 6.325989
6.1116486 -2.9579315 6.306946
6.1544952 -2.6175385 6.309326
6.1759186 -2.5865936 6.276001
6.1806793 -2.9269867 5.7261353
6.5353546 -2.6199188 5.0025024
6.685318 -2.5984955 4.9691772
6.775772 -2.1438446 4.878723
6.8305206 -1.3107147 5.038208
6.870987 -0.5466156 5.326233
6.735306 -0.08244324 5.6690063
6.6448517 0.079422 5.338135
6.9328766 0.22938538 5.026306
7.1304474 0.1865387 4.6882935
7.2089996 0.1698761 4.314575
7.1066437 0.37696838 3.967041
7.0590363 0.93159485 3.4005127
7.1756744 1.2743683 3.4362183
7.1828156 1.7194977 3.4885864
7.0471344 1.9099274 3.5742798
6.8805084 1.612381 3.9122925
6.885269 1.1244049 3.8694458
6.9781036 0.7459259 3.9241943
7.185196 0.2841339 3.6004639
7.2970734 0.3007965 3.5266724
7.1066437 0.5888214 3.9884644
6.8924103 0.9434967 4.364563
6.8233795 1.1553497 4.5740356
6.782913 0.8220978 4.674011
6.966202 0.51264954 4.5335693
7.1709137 0.42695618 4.4240723
7.242325 0.5745392 4.262207
7.2089996 0.8435211 4.224121
7.2161407 1.2362823 3.9146729
7.1828156 1.2505646 3.6218872
7.185196 1.0648956 3.524292
7.1566315 0.89826965 3.569519
7.1042633 0.8054352 3.6195068
7.037613 0.7459259 3.7409058
6.9852448 0.5650177 4.017029
6.9519196 0.45552063 4.159851
7.0042877 0.53645325 4.2788696
6.9757233 0.52931213 4.5073853
7.044754 0.56977844 4.545471
7.089981 0.6316681 4.4764404
7.128067 0.48884583 4.3288574
7.14711 0.23176575 4.1812744
7.1375885 0.12226868 4.0908203
7.2851715 0.24128723 4.119385
7.378006 0.30317688 4.231262
7.416092 0.35792542 4.307434
7.2994537 0.24842834 4.5359497
7.070938 -0.0062713623 4.8025513
6.930496 -0.46568298 5.069153
6.799576 -0.80607605 4.9525146
6.9114532 -1.0583954 5.1191406
6.999527 -1.0536346 5.2976685
7.0233307 -0.99650574 5.3167114
6.999527 -1.267868 5.2405396
7.011429 -1.7796478 4.9382324
7.063797 -2.5413666 4.7001953
6.966202 -3.057907 4.9382324
6.590103 -3.0102997 5.397644
6.1616364 -2.9460297 6.2664795
5.4570465 -2.9960175 6.7211304
5.0261993 -3.2316742 6.623535
4.909561 -4.236191 6.095093
5.1356964 -5.881027 5.30719
5.690323 -6.509445 4.7073364
5.878372 -5.566818 5.1239014
5.852188 -4.0981293 6.4592896
5.4689484 -2.9317474 7.525696
4.4549103 -3.057907 7.135315
3.4551544 -5.847702 7.0686646
2.752945 -8.4613495 6.2331543
2.714859 -9.320663 5.609497
3.138565 -8.842209 6.1903076
3.7622223 -7.6996307 7.4780884
3.9931183 -7.1069183 8.506409
4.0597687 -6.7498627 8.294556
4.183548 -6.816513 7.404297
4.364456 -6.5189667 6.642578
4.150223 -7.187851 6.7092285
3.740799 -8.075729 6.430725
3.2480621 -8.437546 6.430725
2.8981476 -8.444687 7.116272
2.8719635 -7.9210052 7.6661377
2.9933624 -7.644882 7.868469
3.16951 -7.6139374 7.630432
3.350418 -7.687729 7.3233643
3.2932892 -8.08049 6.961548
2.9314728 -9.03978 7.0496216
2.5244293 -9.484909 7.404297
2.20784 -9.1349945 7.828003
2.188797 -8.627975 8.156494
2.4125519 -8.473251 8.12793
2.798172 -8.408981 7.9208374
3.119522 -8.187607 7.4471436
3.2433014 -7.7543793 6.942505
3.1100006 -7.9852753 6.8687134
2.6267853 -8.554184 7.0996094
1.9436188 -8.585129 7.059143
1.4580231 -8.489914 7.194824
1.3461456 -8.485153 7.2162476
1.4984894 -8.53038 7.0496216
1.8055573 -8.487534 6.91156
1.9793243 -8.520859 6.873474
1.9340973 -14.195663 14.833435
2.9981232 -10.106186 4.2598267
2.4934845 -8.65416 5.140564
0.08454895 -7.521103 7.994629
1.7627106 -6.597519 7.135315
3.4194489 -8.570847 5.8808594
2.6029816 -9.313522 5.6071167
1.5080109 -8.130478 5.661865
1.3651886 -7.071213 5.9974976
1.7579498 -6.4356537 6.4473877
1.9745636 -6.335678 6.514038
1.8246002 -6.7427216 6.090332
1.772232 -8.137619 7.213867
2.1150055 -8.585129 5.5618896
2.3125763 -8.46373 6.968689
1.2818756 -7.3901825 6.494995
1.1533356 -7.392563 6.661621
1.4675446 -8.061447 6.771118
1.8769684 -8.304245 6.2521973
1.791275 -8.266159 6.3831177
1.5889435 -7.8138885 6.27124
1.5318146 -7.642502 6.506897
1.5841827 -7.513962 6.147461
1.6198883 -7.7734222 5.9570313
1.6532135 -7.932907 5.6452026
1.7960358 -7.8400726 5.666626
1.7817535 -7.7567596 5.7023315
1.7127228 -7.6544037 6.052246
1.6793976 -7.816269 6.416443
1.7127228 -7.5948944 6.649719
1.6103668 -7.490158 6.4640503
1.5508575 -7.597275 6.4450073
1.6865387 -7.6544037 6.3355103
1.7817535 -7.7162933 6.287903
1.6698761 -9.537277 8.018433
2.3768463 -9.318283 7.609009
2.8695831 -8.5256195 6.302185
2.2435455 -8.044785 6.3378906
1.4246979 -7.7948456 5.980835
1.1652374 -7.709152 5.8999023
1.2675934 -7.69487 5.761841
1.5318146 -7.809128 5.911804
1.5889435 -7.9305267 5.840393
1.534195 -8.037643 6.0498657
1.5080109 -8.187607 6.2664795
1.4723053 -8.259018 6.499756
1.4794464 -7.899582 6.6830444
1.4389801 -7.56633 6.8639526
1.4818268 -7.4163666 7.082947
1.707962 -7.187851 6.6901855
1.7793732 -7.7115326 7.6661377
1.8079376 -6.8450775 6.1831665
1.9174347 -6.4737396 6.321228
1.9793243 -5.957199 6.980591
1.8222198 -6.1404877 7.1900635
1.4818268 -6.366623 6.982971
1.4151764 -6.7665253 6.556885
1.3842316 -6.79747 7.1186523
1.1295319 -5.207382 5.633301
0.7153473 -4.8550873 6.1522217
0.17500305 -5.521591 7.1972046
0.28926086 -5.64299 6.775879
0.4915924 -5.9738617 6.647339
0.63679504 -5.881027 6.249817
0.7724762 -5.681076 5.807068
0.98908997 -6.002426 5.749939
1.1319122 -6.354721 6.1379395
1.098587 -6.609421 6.4592896
2.3982697 -0.24668884 4.8668213
9.960709 -13.314926 15.647522
6.594864 -19.796677 14.966736
-2.0934906 -12.974533 7.635193
-3.0503998 -5.8429413 5.4190674
-0.44865417 -4.74321 6.1569824
1.9079132 -8.537521 8.368347
2.5625153 -8.618454 8.318359
1.8174591 -6.740341 7.206726
0.9033966 -6.2023773 6.7020874
0.7819977 -6.468979 6.8449097
0.80104065 -6.7022552 7.4542847
0.48921204 -6.8712616 7.8637085
-0.12968445 -6.6641693 8.135071
-0.16539001 -6.6475067 8.406433
-0.13682556 -6.6403656 7.9470215
0.1131134 -6.5165863 8.146973
0.26783752 -6.418991 8.170776
0.38209534 -6.4213715 8.135071
0.46064758 -6.571335 8.118408
0.0155181885 -6.5570526 8.235046
0.37019348 -6.47612 8.156494
0.7224884 -6.328537 8.0946045
0.7058258 -6.214279 7.911316
0.69392395 -6.1381073 7.7994385
0.8700714 -5.976242 7.8137207
0.8534088 -6.104782 7.9208374
0.72010803 -6.135727 8.049377
0.5677643 -6.128586 8.061279
0.5177765 -6.1381073 8.187439
0.48683167 -6.1785736 8.26123
0.48921204 -6.295212 8.151733
0.591568 -6.297592 8.0946045
0.527298 -6.271408 8.058899
0.508255 -6.230942 8.099365
0.47254944 -6.211899 8.168396
0.508255 -6.2023773 8.082703
0.5487213 -6.169052 8.208862
0.5177765 -6.1000214 8.218384
0.5106354 -6.047653 8.135071
0.591568 -6.1381073 8.168396
0.61299133 -6.066696 8.096985
0.6582184 -6.1714325 8.123169
0.6391754 -6.2428436 8.151733
0.55348206 -6.2404633 8.046997
0.56300354 -6.328537 7.9993896
0.55348206 -6.359482 7.9160767
0.62965393 -6.4094696 7.9017944
0.63679504 -6.4665985 7.8756104
0.62013245 -6.373764 7.923218
0.5844269 -6.34758 7.9541626
0.6010895 -6.3451996 7.951782
0.54634094 -6.230942 8.0112915
0.54634094 -6.128586 8.189819
0.5106354 -6.161911 8.237427
0.4178009 -6.238083 8.268372
0.48207092 -6.2166595 8.208862
0.52015686 -6.195236 8.106506
0.5677643 -6.2023773 8.0946045
0.5891876 -6.1904755 8.039856
0.5582428 -6.1976166 8.058899
0.5820465 -6.1857147 8.106506
0.59632874 -6.142868 8.077942
0.57966614 -6.1714325 8.023193
0.5987091 -6.169052 8.104126
0.62013245 -6.276169 8.080322
0.572525 -6.233322 8.023193
0.57966614 -6.169052 8.082703
0.6010895 -6.2047577 8.118408
0.6010895 -6.2499847 8.06604
0.5487213 -6.1857147 8.099365
0.57014465 -6.1071625 8.06604
0.57966614 -6.111923 8.151733
0.52967834 -6.1381073 8.137451
0.48921204 -6.1666718 8.227905
0.5249176 -6.211899 8.175537
0.5511017 -6.1904755 8.113647
0.59632874 -6.2880707 8.077942
0.5344391 -6.4023285 8.027954
0.47254944 -6.380905 8.032715
0.51301575 -6.340439 7.9970093
0.5249176 -6.392807 7.9541626
0.5891876 -6.378525 8.044617
0.56062317 -6.354721 8.016052
0.5011139 -6.302353 7.994629
0.6153717 -6.252365 8.082703
0.60346985 -6.2666473 8.061279
0.59394836 -6.2285614 8.046997
0.57966614 -6.195236 8.054138
0.591568 -6.2737885 8.108887
0.5582428 -6.276169 8.056519
0.5677643 -6.230942 8.049377
0.57728577 -6.2547455 8.042236
0.5653839 -6.264267 8.046997
0.57728577 -6.252365 8.020813
0.5987091 -6.21904 8.135071
0.5749054 -6.188095 8.027954
0.572525 -6.147629 8.00177
0.6391754 -6.2285614 8.085083
0.6177521 -6.3237762 8.032715
0.5511017 -6.28331 7.9922485
0.54634094 -6.214279 8.06842
0.58680725 -6.3499603 8.085083
0.5249176 -6.3975677 8.039856
0.52253723 -6.4094696 7.925598
0.53681946 -6.4285126 7.9660645
0.59394836 -6.4356537 7.9351196
0.5487213 -6.502304 7.925598
0.5153961 -6.4356537 7.9327393
0.52967834 -6.41185 7.9160767
0.6082306 -6.359482 8.006531
0.57728577 -6.2214203 7.9993896
0.5558624 -6.2428436 8.113647
0.5677643 -6.1976166 8.099365
0.56062317 -6.2476044 8.0946045
0.5558624 -6.2666473 8.075562
0.60346985 -6.245224 7.975586
0.54634094 -6.214279 8.077942
0.6177521 -6.2856903 8.046997
0.5653839 -6.290451 7.9613037
0.5987091 -6.28331 8.00415
0.5844269 -6.21904 8.042236
0.61299133 -6.2404633 8.06366
0.591568 -6.3975677 8.046997
0.54634094 -6.404709 7.9136963
0.6010895 -6.34758 7.923218
0.5891876 -6.4475555 7.9922485
0.5987091 -6.3951874 7.925598
0.51301575 -6.361862 7.968445
0.50587463 -6.342819 8.006531
0.5153961 -6.297592 8.035095
0.57966614 -6.2737885 7.9613037
0.62727356 -6.271408 8.075562
0.5820465 -6.271408 7.9589233
0.5558624 -6.2547455 8.00415
0.5987091 -6.3190155 7.9779663
0.6344147 -6.407089 8.00177
0.59632874 -6.418991 7.9779663
0.5749054 -6.4213715 7.944641
0.5558624 -6.407089 7.963684
0.5391998 -6.407089 7.9589233
0.5677643 -6.385666 7.968445
0.56062317 -6.373764 7.956543
0.56300354 -6.3380585 7.968445
0.56300354 -6.3071136 8.006531
0.57014465 -6.295212 8.00177
0.572525 -6.335678 8.051758
0.54634094 -6.3118744 8.051758
0.572525 -6.2214203 8.018433
0.5677643 -6.2690277 8.0946045
0.5820465 -6.290451 8.06842
0.62013245 -6.2476044 7.9993896
0.6177521 -6.3451996 8.032715
0.6415558 -6.2737885 8.044617
0.62727356 -6.271408 8.051758
0.5249176 -6.2856903 8.058899
0.50587463 -6.3523407 7.975586
0.6082306 -6.378525 7.9851074
0.65345764 -6.366623 7.994629
0.65345764 -6.3380585 7.930359
0.6058502 -6.442795 7.9375
0.6058502 -6.483261 7.9089355
0.5653839 -6.378525 7.892273
0.5653839 -6.3951874 7.9279785
0.56062317 -6.399948 7.9541626
0.49635315 -6.438034 7.9851074
0.49873352 -6.4546967 7.9351196
0.56062317 -6.3761444 7.968445
0.61061096 -6.3380585 7.989868
0.6153717 -6.3261566 7.9922485
0.62727356 -6.2856903 7.9779663
0.6153717 -6.252365 7.9613037
0.62965393 -6.21904 8.023193
0.6082306 -6.264267 8.092224
0.5820465 -6.21904 8.037476
0.57966614 -6.2214203 8.042236
0.6082306 -6.214279 7.951782
0.6058502 -6.180954 8.073181
0.5391998 -6.199997 8.170776
0.508255 -6.4213715 7.9922485
0.5415802 -6.4594574 7.880371
0.60346985 -6.449936 7.8637085
0.59394836 -6.597519 7.8589478
0.572525 -6.5641937 7.8756104
0.52015686 -6.4356537 7.970825
0.5344391 -6.4166107 7.944641
0.57966614 -6.2618866 7.9993896
0.5987091 -6.2404633 8.037476
0.61299133 -6.328537 8.125549
0.5439606 -6.340439 7.968445
0.5891876 -6.359482 7.9160767
0.591568 -6.4475555 7.9970093
0.5987091 -6.3975677 7.9732056
Time Stop = 1457237790
