Time Start = 6672
9.477493 -1.3464203 1.3890991
9.572708 -1.4202118 1.446228
9.52034 -1.5606537 1.3248291
9.479874 -1.5487518 1.2081909
9.52034 -1.5987396 1.132019
9.489395 -1.5796967 1.1010742
9.460831 -1.5654144 1.1939087
9.441788 -1.6035004 1.0915527
9.475113 -1.6511078 1.1082153
9.529861 -1.6130219 0.9796753
9.498917 -1.6487274 0.9725342
9.379898 -1.6677704 1.0177612
9.384659 -1.6344452 1.0844116
9.294205 -1.5915985 1.1629639
9.379898 -1.6320648 1.0748901
9.32753 -1.6320648 1.1367798
9.315628 -1.6320648 1.1034546
9.332291 -1.646347 1.1867676
9.339432 -1.7153778 1.2867432
9.351334 -1.7344208 1.2843628
9.367996 -1.7725067 1.2653198
9.310867 -1.8939056 1.298645
9.277542 -2.0105438 1.170105
9.351334 -2.0486298 1.1343994
9.377518 -2.1152802 1.1272583
9.422745 -2.1557465 1.1129761
9.410843 -2.1628876 1.1296387
9.363235 -2.1581268 1.1201172
9.308487 -2.1438446 1.2510376
9.258499 -2.0914764 1.3676758
9.275162 -2.0581512 1.420044
9.26326 -1.9534149 1.3319702
9.258499 -1.8177338 1.3914795
9.182327 -1.7344208 1.4628906
9.194229 -1.6772919 1.484314
9.222794 -1.6392059 1.3843384
9.346573 -1.7058563 1.2819824
9.4275055 -1.832016 1.362915
9.560806 -1.9177094 1.362915
9.527481 -1.9938812 1.2843628
9.525101 -2.036728 1.2296143
9.539383 -2.0724335 1.3010254
9.5750885 -2.0986176 1.279602
9.667923 -2.191452 1.3771973
9.727432 -2.210495 1.3962402
9.77742 -2.1581268 1.3343506
9.765518 -2.2604828 1.4033813
9.798843 -2.5009003 1.5581055
9.820267 -2.7198944 1.6818848
9.858353 -2.9579315 1.8984985
9.991653 -3.1174164 1.9841919
10.003555 -2.9983978 2.0579834
10.029739 -2.8365326 2.0460815
9.965469 -2.6484833 2.3817139
9.979752 -2.5342255 2.8601685
10.189224 -2.8317719 3.1339111
10.451065 -3.0602875 3.0934448
10.686722 -3.1578827 2.9625244
10.772415 -3.2340546 3.0958252
10.762894 -3.455429 3.4314575
10.862869 -3.5934906 3.9646606
10.927139 -3.6244354 4.5359497
11.100906 -3.569687 4.9906006
11.134232 -3.486374 5.204834
11.196121 -3.5101776 5.3762207
11.217545 -3.583969 5.385742
11.160416 -3.6101532 5.2095947
11.079483 -3.5720673 5.1262817
10.846207 -3.5887299 5.171509
10.753372 -3.7410736 5.338135
10.720047 -3.9767303 5.4381104
10.698624 -4.2147675 5.4523926
10.603409 -4.3314056 5.5095215
10.443924 -4.417099 5.485718
10.236832 -4.4908905 5.595215
10.117813 -4.4861298 5.538086
9.836929 -4.383774 5.5999756
9.610794 -4.319504 5.7094727
9.415604 -4.2718964 5.7023315
9.353714 -4.398056 5.7904053
9.237076 -4.4218597 5.764221
8.991898 -4.4456635 5.82135
8.715775 -4.4718475 5.866577
8.637222 -4.5242157 5.8618164
8.480118 -4.467087 5.904663
8.089737 -4.198105 6.199829
7.7588654 -3.936264 6.5545044
7.6779327 -3.9076996 6.859192
7.556534 -3.7982025 6.9091797
7.3613434 -3.800583 6.7996826
7.113785 -3.6101532 6.621155
6.8043365 -3.7101288 6.813965
6.6305695 -3.9457855 6.9091797
6.50441 -3.8886566 6.78302
6.1306915 -3.6839447 6.7163696
5.7141266 -3.262619 6.4830933
5.190445 -2.941269 6.621155
4.823868 -3.0222015 6.8710938
4.612015 -3.031723 7.059143
4.542984 -3.0031586 7.047241
4.364456 -2.838913 6.9472656
4.1287994 -2.6318207 7.013916
3.7527008 -2.422348 7.002014
3.3004303 -2.2462006 7.1519775
2.9957428 -2.0795746 7.23053
2.6815338 -1.498764 7.2162476
2.476822 -1.4392548 7.513794
2.2768707 -1.3226166 7.5161743
2.162613 -1.4749603 7.778015
2.1007233 -1.3178558 7.7089844
1.9650421 -0.9988861 7.7351685
1.7531891 -0.7132416 7.854187
1.4913483 -0.19670105 7.737549
1.1604767 0.06513977 7.835144
0.905777 0.10560608 8.020813
0.7486725 0.30555725 7.8327637
0.7891388 0.27223206 7.8756104
0.75105286 0.31507874 7.866089
0.47731018 0.28175354 8.00177
0.40351868 0.33650208 7.9208374
0.33210754 0.34840393 8.054138
0.29164124 0.61738586 7.9160767
0.17738342 0.93873596 7.963684
0.08930969 0.9934845 8.1779175
-0.022567749 1.3529205 8.039856
-0.11302185 1.4290924 8.1588745
-0.15348816 1.4719391 8.070801
-0.21061707 1.6052399 8.085083
-0.27012634 1.5195465 8.151733
-0.27488708 1.400528 8.265991
-0.27726746 1.3910065 8.239807
-0.27488708 1.6242828 8.3064575
-0.3486786 1.7956696 8.482605
-0.4058075 2.0860748 8.468323
-0.46769714 2.2717438 8.551636
-0.50102234 2.3788605 8.6206665
-0.50816345 2.6097565 8.508789
-0.48912048 2.5978546 8.656372
-0.47721863 2.7406769 8.570679
-0.5724335 2.7835236 8.549255
-0.6533661 2.6478424 8.492126
-0.71287537 2.555008 8.361206
-0.774765 2.459793 8.337402
-0.77238464 2.4740753 8.308838
-0.85331726 2.6407013 8.413574
-0.93663025 2.690689 8.492126
-0.9175873 2.8715973 8.565918
-0.9485321 3.0667877 8.568298
-0.97709656 3.1405792 8.496887
-1.0770721 3.1691437 8.442139
-1.0818329 3.088211 8.508789
-0.9961395 2.9477692 8.501648
-1.0556488 2.869217 8.5563965
-1.0723114 2.850174 8.508789
-1.0342255 2.793045 8.599243
-0.98661804 2.7835236 8.589722
-0.9985199 2.7621002 8.627808
-0.9675751 2.7002106 8.699219
-0.9056854 2.7882843 8.775391
-0.9318695 2.671646 8.853943
-0.877121 2.6049957 8.956299
-0.8152313 2.524063 9.087219
-0.7247772 2.5788116 9.072937
-0.72953796 2.543106 9.151489
-0.74620056 2.5907135 9.130066
-0.85331726 2.6216583 9.111023
-0.9794769 2.574051 9.068176
-1.0223236 2.509781 9.118164
-1.0865936 2.5859528 9.046753
-0.9985199 2.6168976 9.227661
-1.0342255 2.690689 9.280029
-1.0413666 2.7263947 9.168152
-1.0842133 2.7240143 9.077698
-1.1008759 2.7311554 9.111023
-1.1151581 2.7621002 9.137207
-1.1222992 2.8596954 9.125305
-1.0508881 2.838272 9.237183
-0.9723358 2.8239899 9.270508
-0.9080658 2.7263947 9.272888
-0.8414154 2.638321 9.337158
-0.77952576 2.5978546 9.241943
-0.71287537 2.5930939 9.237183
-0.68907166 2.6930695 9.28479
-0.6533661 2.7454376 9.365723
-0.7247772 2.8358917 9.28717
-0.7604828 2.8239899 9.35144
-0.7581024 2.8811188 9.237183
-0.7200165 2.8906403 9.227661
-0.67240906 2.8620758 9.191956
-0.7342987 2.9049225 9.237183
-0.7366791 2.7954254 9.215759
-0.75572205 2.7382965 9.077698
-0.78666687 2.6478424 9.120544
-0.81999207 2.7192535 9.046753
-0.8842621 2.7811432 9.056274
-0.91044617 2.7954254 9.122925
-0.8985443 2.869217 9.125305
-0.8747406 2.8263702 9.208618
-0.82951355 2.8025665 9.194336
-0.78666687 2.7168732 9.163391
-0.7819061 2.6502228 9.125305
-0.793808 2.6526031 9.106262
-0.88664246 2.6526031 9.127686
-0.84617615 2.6811676 9.072937
-0.78666687 2.7763824 9.137207
-0.74620056 2.8239899 9.041992
-0.7604828 2.857315 8.949158
-0.77238464 2.8715973 8.808716
-0.74858093 2.8358917 8.661133
-0.7200165 2.7763824 8.608765
-0.6795502 2.8144684 8.653992
-0.7271576 2.857315 8.64209
-0.7581024 2.895401 8.761108
-0.83665466 2.9834747 8.715881
-0.80332947 2.959671 8.8349
-0.80332947 2.9691925 8.715881
-0.7509613 2.9620514 8.763489
-0.7509613 2.9192047 8.711121
-0.7414398 2.8025665 8.758728
-0.68193054 2.6026154 8.880127
-0.6676483 2.4883575 9.099121
-0.6676483 2.4288483 9.22052
-0.6938324 2.4431305 9.268127
-0.72953796 2.5193024 9.375244
-0.6438446 2.6430817 9.513306
-0.7342987 2.7240143 9.54187
-0.7342987 2.645462 9.646606
-0.67240906 2.6145172 9.627563
-0.6866913 2.600235 9.682312
-0.64860535 2.5978546 9.689453
-0.6438446 2.607376 9.589478
-0.6200409 2.6216583 9.644226
-0.6009979 2.6240387 9.66803
-0.5391083 2.690689 9.663269
-0.5557709 2.6502228 9.675171
-0.53196716 2.6692657 9.579956
-0.58909607 2.6764069 9.584717
-0.55815125 2.6526031 9.534729
-0.6009979 2.6240387 9.394287
-0.646225 2.5954742 9.41333
-0.65574646 2.5716705 9.427612
-0.68907166 2.5597687 9.389526
-0.70573425 2.5383453 9.3776245
-0.69621277 2.6026154 9.360962
-0.646225 2.5764313 9.270508
-0.68193054 2.5573883 9.294312
-0.710495 2.5716705 9.310974
-0.68193054 2.5145416 9.301453
-0.64860535 2.574051 9.306213
-0.6295624 2.5978546 9.227661
-0.64146423 2.6335602 9.208618
-0.6438446 2.6430817 9.258606
-0.6367035 2.645462 9.161011
-0.5962372 2.6526031 9.15863
-0.58195496 2.690689 9.1467285
-0.5771942 2.6240387 9.1467285
-0.6533661 2.638321 9.15863
-0.6533661 2.657364 9.106262
-0.69859314 2.6787872 9.068176
-0.691452 2.6478424 9.02533
-0.68907166 2.6859283 8.977722
-0.65574646 2.657364 8.9991455
-0.63194275 2.6049957 9.056274
-0.6128998 2.6168976 9.087219
-0.63194275 2.581192 9.187195
-0.6033783 2.6121368 9.163391
-0.59147644 2.5835724 9.0824585
-0.562912 2.6097565 9.137207
-0.5200653 2.6311798 9.141968
-0.5533905 2.619278 9.175293
-0.5224457 2.7073517 9.087219
-0.58195496 2.6597443 9.106262
-0.54862976 2.6216583 9.046753
-0.57481384 2.5859528 9.106262
-0.57481384 2.6145172 9.118164
-0.59147644 2.638321 9.0896
-0.6343231 2.6549835 9.115784
-0.5771942 2.7406769 9.080078
-0.5676727 2.7573395 9.051514
-0.5391083 2.7597198 9.0896
-0.562912 2.6978302 8.972961
-0.5867157 2.6978302 8.89679
-0.5867157 2.6859283 8.803955
-0.5105438 2.6049957 8.689697
-0.4867401 2.5978546 8.568298
-0.46531677 2.6026154 8.45166
-0.38438416 2.6168976 8.356445
-0.3558197 2.5835724 8.254089
-0.3058319 2.5478668 8.1922
-0.25584412 2.607376 8.046997
-0.24632263 2.626419 7.9398804
-0.18205261 2.6407013 7.8827515
-0.15348816 2.5645294 7.6970825
-0.08683777 2.4098053 7.4352417
0.04408264 2.2360382 7.251953
0.13691711 2.1098785 6.9734497
0.19166565 2.1432037 6.9401245
0.27497864 2.1313019 6.9210815
0.24879456 2.157486 6.916321
0.32972717 1.9099274 7.23053
0.41304016 1.740921 7.2614746
0.46302795 1.6457062 7.1972046
0.5177765 1.4576569 7.199585
0.591568 1.426712 7.0924683
0.70106506 1.3267365 7.16864
0.9557648 1.1339264 7.397156
1.2533112 0.92207336 7.3757324
1.5579987 0.8125763 7.244812
1.7698517 0.669754 7.3447876
1.8269806 0.374588 7.270996
1.7293854 0.18891907 7.1257935
1.496109 0.23176575 6.935364
1.3723297 0.21510315 7.0377197
1.4413605 0.2103424 7.0305786
1.6555939 0.13179016 7.251953
2.086441 -0.30619812 7.35907
2.5434723 -0.4061737 7.142456
2.8600616 -0.5799408 6.9710693
3.093338 -0.65849304 6.878235
3.317093 -0.89653015 6.8306274
3.6146393 -1.0512543 6.833008
3.9550323 -1.0250702 6.8377686
4.3144684 -0.9846039 6.980591
4.6358185 -1.1440887 7.0305786
4.9571686 -1.2012177 7.0281982
5.3023224 -1.6177826 7.3257446
5.8022003 -1.8582001 7.244812
6.325882 -1.8843842 7.063904
6.7257843 -2.1105194 7.1067505
7.1304474 -2.2128754 7.071045
7.5493927 -2.1224213 6.9782104
7.865982 -2.0129242 6.7354126
8.087357 -1.9557953 6.5092773
8.289688 -1.8653412 6.237915
8.525345 -1.7748871 6.1046143
8.9014435 -2.0748138 6.1712646
9.437027 -2.5342255 6.0879517
10.015457 -2.7841644 5.718994
10.448685 -3.0198212 5.409546
10.579605 -3.1864471 4.9001465
10.539139 -3.2792816 4.4645386
10.572464 -3.2792816 4.3431396
10.6772 -3.2340546 4.095581
10.896194 -3.2031097 3.9575195
11.25325 -3.2126312 3.7432861
11.534134 -3.2935638 3.5647583
11.807877 -3.384018 3.3790894
11.798355 -3.6387177 3.1886597
11.791214 -3.8196259 3.0625
11.810257 -3.9243622 2.9958496
11.969742 -3.9767303 2.9672852
12.084 -4.0148163 2.9958496
12.091141 -4.019577 2.99823
11.991165 -3.8505707 2.9910889
11.976883 -3.6910858 2.9196777
11.974503 -3.5101776 2.7768555
11.872147 -3.2388153 2.664978
11.665054 -3.0150604 2.4697876
11.388931 -2.8103485 2.362671
11.1080475 -2.6389618 2.1889038
10.722427 -2.3890228 1.9865723
10.234451 -2.1581268 1.71521
9.71077 -2.0867157 1.888977
9.489395 -2.1581268 2.0698853
9.720291 -2.2985687 2.1603394
10.191605 -2.4723358 2.1412964
10.517715 -2.62706 1.991333
10.486771 -2.6960907 1.9580078
10.286819 -2.7127533 1.8865967
10.296341 -2.6318207 1.927063
10.360611 -2.6199188 1.9770508
10.615311 -2.543747 2.0603638
10.810501 -2.396164 2.222229
10.855728 -2.2795258 2.3674316
10.850967 -2.0843353 2.4483643
10.824783 -1.9653168 2.5007324
10.884293 -1.7582245 2.395996
10.850967 -1.5606537 2.3269653
10.796219 -1.4606781 2.2984009
10.746231 -1.3011932 2.2626953
10.61055 -1.2202606 2.157959
10.501053 -1.1488495 2.0508423
10.377274 -1.1131439 1.9294434
10.272537 -1.1916962 1.696167
10.074966 -1.2250214 1.5128784
9.875015 -1.139328 1.2915039
9.627457 -1.0084076 1.151062
9.451309 -1.0441132 1.0344238
9.189468 -1.267868 0.91778564
9.091873 -1.5130463 0.7416382
9.19899 -1.8058319 0.71069336
9.229935 -1.896286 0.5321655
9.320389 -1.9534149 0.46313477
9.26326 -1.9010468 0.42504883
9.341812 -1.7558441 0.3203125
9.398941 -1.6177826 0.3869629
9.441788 -1.6439667 0.32507324
9.467972 -1.6154022 0.23937988
9.496536 -1.5511322 0.26794434
9.513199 -1.5059052 0.27508545
9.551285 -1.498764 0.27270508
9.579849 -1.4273529 0.37268066
9.622696 -1.3416595 0.3869629
9.629837 -1.286911 0.34649658
9.58223 -1.1940765 0.29888916
9.539383 -1.1559906 0.38458252
9.506058 -1.1060028 0.47503662
9.529861 -1.1369476 0.43933105
9.551285 -1.1417084 0.477417
9.525101 -1.1083832 0.43218994
9.529861 -1.1107635 0.37982178
9.415604 -0.9846039 0.42980957
9.301346 -0.87034607 0.5012207
9.218033 -0.82987976 0.55358887
9.241837 -0.88938904 0.61309814
9.39418 -0.9346161 0.56311035
9.52272 -1.0345917 0.5178833
9.541763 -1.1274261 0.46313477
9.508438 -1.1988373 0.4179077
9.444168 -1.222641 0.34649658
9.432266 -1.2059784 0.35125732
9.537003 -1.1321869 0.2703247
9.613174 -1.1821747 0.39648438
9.694107 -1.2321625 0.33221436
9.8059845 -1.2940521 0.30603027
9.810745 -1.3654633 0.26080322
9.822647 -1.389267 0.3203125
9.732193 -1.3845062 0.31793213
9.727432 -1.2988129 0.2798462
9.622696 -1.2154999 0.4274292
9.506058 -1.1464691 0.48931885
9.484634 -1.0917206 0.54644775
9.534622 -1.1488495 0.5488281
9.596512 -1.2512054 0.5107422
9.58699 -1.2535858 0.5178833
9.565567 -1.3297577 0.58691406
9.529861 -1.3678436 0.57025146
9.52272 -1.2107391 0.5654907
9.508438 -1.1060028 0.7059326
9.532242 -1.0084076 0.7249756
9.629837 -0.93937683 0.7344971
9.629837 -1.0322113 0.70355225
9.610794 -1.139328 0.6916504
9.620316 -1.2583466 0.6678467
9.603653 -1.3464203 0.6987915
9.570328 -1.351181 0.6226196
9.577469 -1.4059296 0.625
9.58699 -1.3202362 0.66308594
9.529861 -1.241684 0.72021484
9.479874 -1.2012177 0.7797241
9.498917 -1.1655121 0.8463745
9.4275055 -1.2464447 0.8082886
9.494156 -1.2464447 0.7821045
9.484634 -1.3345184 0.74401855
9.460831 -1.389267 0.75115967
9.444168 -1.4487762 0.8225708
9.475113 -1.4487762 0.8320923
9.5108185 -1.4083099 0.78448486
9.463211 -1.415451 0.855896
9.429886 -1.4630585 0.83447266
9.4275055 -1.4392548 0.82733154
9.451309 -1.3987885 0.84161377
9.425125 -1.4249725 0.81781006
9.463211 -1.4916229 0.79400635
9.52272 -1.4487762 0.71307373
9.5750885 -1.5106659 0.7487793
9.570328 -1.4582977 0.71069336
9.508438 -1.5106659 0.57977295
9.489395 -1.4963837 0.6654663
9.45369 -1.4963837 0.62976074
9.465591 -1.4773407 0.6559448
9.451309 -1.4678192 0.67736816
9.45607 -1.4821014 0.72021484
9.413223 -1.4916229 0.7321167
9.429886 -1.517807 0.6273804
9.406082 -1.5201874 0.5940552
9.406082 -1.498764 0.7344971
9.396561 -1.4773407 0.75354004
9.401321 -1.3726044 0.78448486
9.3918 -1.3392792 0.7987671
9.437027 -1.241684 0.7987671
9.410843 -1.2654877 0.8059082
9.408463 -1.2559662 0.79400635
9.527481 -1.2702484 0.7463989
9.446548 -1.2345428 0.73687744
9.429886 -1.2607269 0.69641113
9.375137 -1.3011932 0.6107178
9.406082 -1.2845306 0.5821533
9.408463 -1.3392792 0.5916748
9.45369 -1.3392792 0.6083374
9.425125 -1.3749847 0.48693848
9.467972 -1.3202362 0.5321655
9.39418 -1.2464447 0.55596924
9.410843 -1.1797943 0.58929443
9.437027 -1.1559906 0.58929443
9.482254 -1.1607513 0.625
9.45845 -1.1345673 0.6321411
9.437027 -1.1536102 0.69641113
9.38942 -1.1298065 0.78686523
9.396561 -1.1536102 0.8201904
Time Stop = 6677
