Time Start = 6412
1.4365997 1.8908844 9.706116
1.7603302 1.5623932 9.8394165
1.6698761 1.362442 9.720398
1.3128204 1.3029327 9.672791
0.93434143 1.5433502 9.663269
0.7320099 1.824234 9.677551
0.7867584 1.8361359 9.553772
0.9224396 1.7742462 9.318115
1.1009674 1.548111 8.992004
1.1295319 1.3362579 8.861084
1.11763 1.252945 8.849182
1.0176544 1.1339264 9.099121
0.9272003 1.0648956 9.113403
0.7058258 1.0696564 9.177673
0.4511261 0.93159485 9.327637
0.17738342 0.9792023 9.251465
0.22737122 1.0387115 9.437134
0.29878235 1.1529694 9.434753
0.36305237 1.3053131 9.499023
0.42018127 1.3600616 9.470459
0.443985 1.1981964 9.484741
0.5106354 1.067276 9.437134
0.5249176 0.90065 9.387146
0.47016907 0.753067 9.453796
0.39637756 0.7221222 9.518066
0.28211975 0.6983185 9.656128
0.27973938 0.76020813 9.810852
0.4344635 0.7554474 9.865601
0.66773987 0.66023254 9.727539
0.86769104 0.52693176 9.772766
1.0485992 0.39363098 9.689453
1.0652618 0.23414612 9.777527
1.0105133 0.096084595 9.739441
0.88197327 0.21748352 9.729919
0.80818176 0.37934875 9.751343
0.88197327 0.522171 9.806091
1.0605011 0.5578766 9.725159
1.219986 0.46980286 9.741821
1.3461456 0.53645325 9.701355
1.412796 0.46266174 9.637085
1.4199371 0.5721588 9.399048
1.1938019 0.65309143 9.170532
0.8391266 0.6792755 9.061035
0.443985 0.6983185 8.975342
0.025039673 0.70069885 8.842041
-0.21537781 0.8220978 8.789673
-0.44151306 0.855423 8.861084
-0.89378357 0.6745148 8.892029
-1.5150604 0.64356995 8.970581
-2.2648773 0.61024475 8.872986
-2.8099823 0.5816803 8.789673
-3.174179 0.5388336 8.799194
-3.2360687 0.4079132 8.932495
-3.0670624 0.14845276 9.215759
-2.7385712 -0.07054138 9.358582
-2.3791351 -0.64183044 9.365723
-2.5552826 -0.7703705 8.742065
-3.147995 -0.5775604 8.237427
-3.8502045 -0.30619812 7.949402
-4.3310394 0.17225647 7.718506
-4.578598 0.6554718 7.918457
-4.699997 1.0886993 8.315979
-4.5905 0.5888214 9.058655
-3.995407 -0.45378113 9.829895
-3.1456146 -1.4249725 10.275024
-2.5410004 -1.9581757 9.932251
-2.5814667 -1.53685 9.070557
-3.1837006 -0.613266 9.196716
-3.5478973 0.42933655 9.306213
-3.590744 0.93873596 9.679932
-3.5098114 0.85066223 10.258362
-3.155136 -0.56565857 10.329773
-2.3124847 -2.3533173 9.815613
-1.1270599 -3.403061 9.122925
-0.26060486 -3.474472 8.746826
0.18452454 -2.7222748 8.906311
0.17262268 -1.5939789 9.15625
-0.032089233 -0.77989197 9.813232
-0.07017517 -0.3657074 10.098877
0.38209534 -1.0250702 9.772766
1.0962067 -2.4747162 8.953918
1.9888458 -3.84581 7.9922485
2.881485 -4.2076263 7.718506
3.3908844 -4.0981293 8.096985
3.509903 -3.319748 8.799194
3.4837189 -2.4556732 9.487122
3.547989 -1.767746 10.017944
3.6622467 -1.4773407 10.05603
3.4837189 -2.2128754 9.627563
4.062149 -2.8032074 8.982483
4.7191315 -2.634201 8.551636
4.7262726 -2.3176117 8.363586
4.6429596 -2.1486053 8.468323
4.640579 -1.6725311 8.723022
4.6858063 -1.0298309 9.1657715
4.9048004 -0.3323822 9.356201
5.1285553 -0.7846527 8.987244
5.9069366 -1.5535126 8.408813
6.287796 -1.555893 7.930359
5.5784454 -1.3630829 7.366211
6.480606 -1.5011444 8.077942
7.249466 -3.217392 8.765869
8.484879 -3.429245 9.725159
6.851944 -1.6106415 10.651123
4.240677 -1.8986664 9.813232
3.7717438 -1.3964081 7.956543
7.2780304 0.42219543 6.71875
7.6136627 -0.9822235 8.356445
3.4051666 -1.3583221 9.28717
3.445633 0.28889465 9.365723
2.7624664 0.7863922 9.520447
4.0954742 -1.1179047 8.651611
6.0330963 -4.3504486 6.7425537
3.9764557 -3.5625458 7.2210083
2.862442 -0.030075073 9.308594
2.9314728 1.2957916 11.048645
3.2171173 -0.5775604 9.960815
3.6336823 -0.61564636 7.6708984
3.3266144 0.3912506 9.2300415
3.2361603 -1.6939545 9.389526
3.8003082 -2.8484344 9.215759
2.1983185 -0.45854187 11.489014
1.1890411 -0.9988861 12.284058
0.4915924 -0.93699646 12.262634
0.10597229 0.5078888 12.726807
0.15119934 0.24604797 13.06958
0.3035431 -0.061019897 12.793457
0.508255 -0.15623474 12.279297
0.05836487 -0.18003845 11.286682
0.16786194 -0.9608002 10.608276
0.04170227 -0.3323822 10.446411
0.30116272 -0.22288513 9.910828
0.19404602 0.47218323 9.189575
0.03694153 0.04371643 9.527588
0.08454895 0.11274719 9.60376
0.19642639 -0.13719177 9.825134
0.34877014 -0.07054138 9.92749
0.4344635 -0.056259155 10.079834
0.57014465 -0.23478699 10.363098
0.5415802 -0.14433289 10.555908
0.6058502 0.03895569 10.31073
0.739151 0.10560608 10.032227
0.9033966 0.24842834 9.47522
0.92481995 0.029434204 9.408569
1.0105133 -0.5704193 9.529968
1.0081329 -0.6204071 9.551392
0.9557648 -0.9679413 9.568054
0.82722473 -1.0726776 9.946533
0.98908997 -0.93699646 10.029846
1.1390533 -0.760849 9.994141
1.3128204 -0.5204315 10.132202
1.4270782 -0.50138855 10.048889
1.5294342 -0.6703949 9.967957
1.5532379 -0.8584442 10.165527
1.7769928 -0.9679413 10.344055
1.9817047 -0.7751312 10.3845215
1.9507599 -0.7751312 10.636841
1.6984406 -0.8417816 10.8272705
1.6270294 -0.64183044 10.789185
1.5484772 -0.7537079 10.620178
1.5722809 -0.8751068 10.241699
1.5722809 -0.9012909 9.832275
1.5080109 -1.0250702 9.246704
1.3889923 -1.0917206 8.9348755
1.5770416 -1.4916229 8.723022
1.6222687 -1.7391815 8.753967
1.7936554 -2.070053 8.825378
2.0316925 -2.1557465 9.080078
2.3673248 -2.0867157 9.422852
2.3197174 -1.8391571 9.277649
2.52919 -1.8486786 8.951538
2.503006 -1.8343964 8.808716
2.5196686 -1.7082367 8.601624
2.4720612 -1.6772919 8.83252
2.2887726 -2.0533905 9.491882
2.5077667 -2.127182 9.86322
2.7458038 -2.2319183 10.113159
2.8672028 -2.1676483 10.106018
2.8672028 -2.0652924 9.917969
2.8933868 -1.8367767 9.589478
3.048111 -1.8034515 9.425232
3.1623688 -1.8010712 9.387146
3.305191 -1.4678192 9.3133545
3.3861237 -1.139328 9.141968
3.4575348 -0.8513031 8.96106
3.4884796 -1.0393524 9.022949
3.4503937 -1.0488739 8.956299
3.2194977 -1.2702484 8.882507
3.3123322 -1.7368011 8.665894
3.6170197 -1.934372 8.813477
3.7431793 -1.6939545 8.972961
3.7050934 -1.6511078 9.130066
3.907425 -1.703476 8.744446
4.138321 -1.7820282 8.532593
4.055008 -1.7653656 8.3064575
4.074051 -1.8820038 8.225525
4.1883087 -1.7248993 8.161255
4.13356 -1.517807 8.151733
4.178787 -1.5487518 8.432617
4.2763824 -1.5892181 8.546875
4.45253 -1.5511322 8.351685
4.619156 -1.60112 8.3255005
4.5596466 -1.7963104 8.504028
4.466812 -1.7248993 8.482605
4.5858307 -1.5606537 8.173157
4.6239166 -1.3488007 8.051758
4.6048737 -1.0726776 8.023193
4.595352 -0.84654236 8.220764
4.5786896 -0.7679901 8.420715
4.542984 -0.66563416 8.499268
4.600113 -0.8941498 8.508789
4.531082 -1.1536102 8.615906
4.5263214 -1.241684 8.539734
4.4192047 -1.4297333 8.487366
4.395401 -1.5939789 8.442139
4.285904 -1.3845062 8.308838
4.4239655 -1.0869598 8.204102
4.7143707 -0.5466156 8.218384
4.7334137 -0.27049255 8.354065
4.6548615 -0.33952332 8.213623
4.77388 -0.6561127 8.168396
4.7453156 -1.036972 8.089844
4.6024933 -1.3321381 8.1779175
4.633438 -1.4463959 8.45166
4.64534 -1.4963837 8.699219
4.464432 -1.4416351 8.758728
4.542984 -1.4011688 8.725403
4.6358185 -1.3440399 8.670654
4.77388 -1.2369232 8.587341
4.761978 -1.177414 8.5802
4.528702 -1.0583954 8.363586
4.3715973 -0.8489227 8.444519
4.633438 -0.86320496 8.594482
4.811966 -0.86320496 8.820618
4.7048492 -0.81321716 9.125305
4.766739 -0.6941986 9.032471
5.4641876 -0.14671326 7.9732056
4.8286285 -1.8391571 9.518066
4.293045 -0.6608734 8.801575
4.8405304 -0.9679413 7.8184814
4.7000885 -0.98698425 7.816101
4.766739 -0.5370941 8.146973
5.035721 -0.38237 8.454041
5.019058 -0.5323334 8.673035
4.9119415 -0.8108368 8.627808
4.8595734 -0.7751312 8.713501
4.77388 -0.6442108 8.825378
4.6358185 -0.6465912 9.032471
4.7262726 -0.8036957 9.070557
4.7905426 -1.0036469 8.856323
4.788162 -1.0536346 8.558777
4.6667633 -0.93937683 8.430237
4.293045 -0.93937683 8.5563965
4.331131 -1.4368744 8.425476
4.38826 -1.786789 8.420715
4.573929 -1.8653412 8.268372
4.5025177 -1.9248505 8.468323
4.6858063 -2.0129242 8.527832
4.807205 -1.6320648 8.582581
4.7262726 -1.1345673 8.57782
4.807205 -0.77989197 8.277893
4.9428864 -0.70848083 8.254089
5.1618805 -0.9822235 8.458801
5.3142242 -1.2726288 8.413574
5.261856 -1.3678436 8.575439
5.299942 -0.93937683 8.853943
5.4189606 -0.6703949 9.053894
5.3999176 -0.6870575 8.992004
5.5974884 -0.9108124 9.046753
6.2782745 -1.3154755 8.542114
6.7329254 -1.6558685 8.075562
7.4470367 -1.4392548 6.597351
7.4827423 -1.2631073 6.1450806
7.230423 -0.58232117 6.4830933
7.0042877 0.096084595 7.0686646
7.116165 0.21748352 6.352173
6.6900787 0.65071106 5.8237305
5.852188 0.37220764 6.5878296
5.897415 0.6221466 6.5687866
5.485611 0.6578522 6.6330566
4.9643097 0.3269806 6.552124
5.4499054 -0.21336365 5.833252
5.9950104 -0.6513519 6.0617676
5.9759674 0.46028137 6.352173
5.916458 0.40553284 6.8829956
5.5022736 0.3603058 6.787781
5.3142242 0.457901 6.8306274
4.8667145 0.6816559 6.2926636
4.690567 0.85780334 5.7546997
4.702469 0.1865387 5.5
4.652481 -0.08482361 5.4000244
4.440628 -0.33476257 5.276245
4.5191803 -0.87272644 4.8239746
4.402542 -1.389267 4.3479004
4.3406525 -1.6344452 4.2907715
4.4311066 -1.7986908 4.21698
4.5525055 -2.1581268 4.1812744
4.652481 -2.3295135 4.1812744
4.800064 -2.350937 4.3098145
4.971451 -2.4366302 4.371704
5.3047028 -2.615158 4.02417
5.497513 -2.846054 2.9839478
5.909317 -3.1221771 2.3103027
6.5734406 -3.3435516 1.4962158
7.3803864 -3.5149384 1.1343994
8.268265 -3.7601166 0.8630371
9.1132965 -3.9886322 0.6416626
9.689346 -4.1885834 0.09893799
10.539139 -4.3694916 -0.20812988
11.260391 -3.9862518 -0.7841797
11.884048 -3.8124847 -1.3364258
12.602921 -3.8505707 -1.7720337
13.514603 -3.9981537 -2.2219238
14.4500885 -4.121933 -2.5980225
15.23085 -4.4528046 -2.940796
15.954483 -5.0812225 -3.140747
16.411514 -5.8072357 -3.205017
16.69954 -6.7332 -3.09552
16.759048 -7.561569 -2.8503418
16.616226 -8.0186 -2.6837158
16.175858 -8.120956 -2.486145
15.735489 -8.047165 -2.1624146
15.221329 -7.7758026 -1.8291626
14.726212 -7.5449066 -1.4411621
14.033524 -7.3449554 -0.91748047
13.347977 -6.971237 -0.32000732
12.6862335 -6.5808563 0.16082764
12.238724 -6.1000214 0.4512329
12.136368 -5.5691986 0.44171143
12.126846 -5.135971 0.5345459
12.133987 -4.8622284 0.46313477
12.041153 -4.7170258 0.52264404
11.784073 -4.6194305 0.67736816
11.312759 -4.602768 0.67974854
11.0247345 -4.4409027 0.56073
10.808121 -4.386154 0.6011963
10.54866 -4.367111 0.52978516
10.320145 -4.493271 0.49645996
10.067825 -4.667038 0.4179077
9.884537 -4.8312836 0.47503662
9.672684 -4.8955536 0.53692627
9.45607 -4.8622284 0.73687744
9.218033 -4.7670135 0.8796997
8.975235 -4.609909 0.7821045
8.872879 -4.345688 0.7297363
8.801468 -4.0029144 0.6726074
8.81337 -3.8029633 0.61309814
8.782425 -3.6887054 0.5916748
8.896683 -3.5649261 0.6273804
9.039505 -3.4006805 0.62976074
9.296585 -3.3126068 0.45837402
9.470352 -3.3102264 0.22271729
9.641739 -3.3816376 0.07989502
9.755997 -3.5435028 -0.079589844
9.786942 -3.436386 -0.19384766
9.813126 -3.319748 -0.32714844
9.784561 -3.1650238 -0.29382324
9.801224 -2.8889008 -0.36047363
9.882156 -2.615158 -0.40093994
9.97261 -2.3247528 -0.2962036
10.024979 -2.165268 -0.25335693
10.020218 -1.9962616 -0.2319336
9.948807 -1.9653168 -0.1986084
9.83931 -1.9177094 -0.19622803
9.71077 -1.7986908 -0.1486206
9.665543 -1.7177582 -0.22479248
9.694107 -1.6177826 -0.25335693
9.694107 -1.5749359 -0.22955322
9.794083 -1.6344452 -0.20336914
9.8702545 -1.5677948 -0.12005615
9.932144 -1.5701752 -0.13671875
9.929764 -1.6439667 -0.10101318
9.927383 -1.6749115 -0.07720947
9.929764 -1.6630096 -0.039123535
9.865494 -1.6415863 -0.14147949
9.922623 -1.6225433 -0.08911133
9.901199 -1.6154022 -0.19146729
10.027359 -1.6915741 -0.24859619
10.044022 -1.5749359 -0.30096436
10.070206 -1.47258 -0.21289063
10.174942 -1.0655365 -0.031982422
10.177322 -0.7537079 0.05609131
10.208267 -0.56565857 0.089416504
10.151138 -0.43711853 0.089416504
9.97261 -0.42997742 0.072753906
9.891678 -0.42045593 0.12036133
9.820267 -0.43711853 0.1560669
9.772659 -0.4061737 0.14416504
9.672684 -0.45854187 0.18225098
9.498917 -0.56565857 0.20843506
9.370377 -0.67277527 0.15368652
9.398941 -0.7132416 0.18463135
9.403702 -0.8108368 0.08703613
9.398941 -0.9560394 0.12512207
9.377518 -1.1726532 0.067993164
9.444168 -1.4606781 0.094177246
9.45369 -1.6082611 0.05609131
9.434647 -1.6558685 0.12988281
9.441788 -1.7272797 0.015625
9.353714 -1.9010468 0.07513428
9.2799225 -1.998642 0.0061035156
9.246597 -2.127182 -0.02960205
9.239456 -2.229538 0.2298584
9.206131 -2.2438202 0.22509766
9.239456 -2.300949 0.23699951
9.291824 -2.300949 0.20605469
9.360855 -2.3675995 0.2869873
9.367996 -2.3628387 0.25604248
9.367996 -2.4580536 0.3036499
9.351334 -2.6008759 0.32269287
9.360855 -2.7698822 0.22747803
9.284683 -2.8698578 0.30126953
9.26326 -3.024582 0.30126953
9.229935 -3.134079 0.2965088
9.291824 -3.1055145 0.22747803
9.270401 -3.0031586 0.24890137
9.268021 -2.9579315 0.28222656
9.229935 -2.9531708 0.34887695
9.244217 -2.8603363 0.40124512
9.284683 -2.9055634 0.45361328
9.306107 -2.8412933 0.40600586
9.379898 -2.88414 0.3703003
9.406082 -2.9055634 0.394104
9.401321 -2.8341522 0.3274536
9.365616 -2.7508392 0.42980957
9.3441925 -2.6960907 0.44171143
9.334671 -2.69133 0.48931885
9.360855 -2.6651459 0.57025146
9.3918 -2.6389618 0.5654907
9.432266 -2.7032318 0.5345459
9.432266 -2.736557 0.5274048
9.377518 -2.7246552 0.5321655
9.396561 -2.7532196 0.5178833
9.351334 -2.7032318 0.5107422
9.382278 -2.6127777 0.5750122
9.353714 -2.5151825 0.58691406
9.332291 -2.2890472 0.625
9.298965 -2.1795502 0.5773926
9.318008 -2.0795746 0.56073
9.298965 -2.0462494 0.53930664
9.375137 -2.0843353 0.5036011
9.420364 -2.1676483 0.4179077
9.38942 -2.293808 0.4036255
9.415604 -2.3699799 0.3607788
9.444168 -2.3628387 0.28936768
9.4917755 -2.396164 0.30126953
9.567947 -2.4318695 0.31079102
9.610794 -2.4175873 0.29412842
9.656021 -2.4294891 0.30603027
9.675064 -2.5342255 0.4107666
9.670303 -2.550888 0.3703003
9.606033 -2.5746918 0.3774414
9.579849 -2.5865936 0.5274048
9.494156 -2.6008759 0.42266846
9.417984 -2.5937347 0.5107422
9.375137 -2.5175629 0.5036011
9.32515 -2.4342499 0.5202637
9.296585 -2.3295135 0.4940796
9.179947 -2.2795258 0.5678711
9.106155 -2.3080902 0.5678711
9.051407 -2.2723846 0.59643555
9.091873 -2.3033295 0.50598145
9.099014 -2.331894 0.47503662
9.118057 -2.3890228 0.35839844
9.156143 -2.4532928 0.25604248
9.153763 -2.5604095 0.16082764
9.189468 -2.6437225 0.1798706
9.189468 -2.634201 0.18225098
9.179947 -2.5984955 0.16558838
9.203751 -2.6365814 0.1560669
9.239456 -2.6484833 0.1965332
9.318008 -2.7246552 0.17034912
9.356094 -2.7389374 0.1965332
9.403702 -2.717514 0.18701172
9.527481 -2.6651459 0.21795654
9.565567 -2.6627655 0.25128174
9.620316 -2.524704 0.2631836
9.591751 -2.4437714 0.4036255
9.52272 -2.3723602 0.4512329
9.508438 -2.3152313 0.5107422
9.525101 -2.2438202 0.48931885
9.556046 -2.165268 0.5155029
9.546524 -2.1248016 0.4845581
9.501297 -2.1438446 0.4440918
9.432266 -2.081955 0.4274292
9.360855 -2.0986176 0.38220215
9.310867 -2.1319427 0.45599365
9.370377 -2.1295624 0.35601807
9.351334 -2.2057343 0.4440918
9.403702 -2.2319183 0.35601807
9.396561 -2.2771454 0.31079102
9.360855 -2.2914276 0.3131714
9.370377 -2.358078 0.3369751
9.3441925 -2.319992 0.42504883
9.351334 -2.2628632 0.477417
9.39418 -2.312851 0.56073
9.367996 -2.312851 0.49169922
9.408463 -2.300949 0.50598145
9.444168 -2.3604584 0.5512085
9.441788 -2.4175873 0.47027588
Time Stop = 6417
