Time Start = 6553
3.8621979 -3.224533 8.418335
3.8074493 -3.2316742 8.487366
3.7741241 -2.986496 8.354065
3.7265167 -2.8531952 8.680176
3.5789337 -2.793686 9.087219
3.6884308 -2.7056122 9.499023
4.024063 -2.736557 9.808472
4.509659 -2.8603363 9.889404
4.690567 -2.7651215 9.817993
4.7334137 -2.4390106 9.951294
4.7143707 -1.9010468 10.086975
4.4953766 -1.6677704 9.872742
4.1359406 -1.9367523 9.549011
3.9859772 -2.8627167 9.451416
3.8383942 -4.0148163 9.646606
3.8574371 -3.9767303 9.237183
3.7003326 -3.569687 8.880127
3.2433014 -3.0222015 8.701599
2.881485 -2.4342499 8.549255
2.7362823 -2.2342987 8.444519
3.0385895 -3.1436005 8.972961
2.4815826 -3.7148895 8.589722
2.888626 -4.42424 8.463562
2.938614 -5.014572 7.9398804
2.5006256 -5.3882904 8.163635
1.9602814 -5.5549164 8.077942
1.6793976 -5.681076 7.8756104
1.412796 -5.540634 7.823242
1.0319366 -5.5096893 7.949402
0.8557892 -5.609665 8.116028
0.8534088 -5.4906464 8.077942
0.8629303 -5.276413 7.9660645
0.79151917 -5.359726 7.609009
0.5844269 -6.392807 6.6830444
0.7700958 -7.11644 6.237915
1.1009674 -7.1450043 5.8237305
1.2556915 -7.028366 6.059387
1.2176056 -6.8831635 6.46167
1.2771149 -6.892685 6.6259155
1.2699738 -7.175949 6.7663574
1.6294098 -7.4592133 6.6330566
1.6841583 -8.025742 6.302185
1.7936554 -8.151901 6.340271
1.6651154 -7.809128 6.404541
1.5818024 -7.4853973 6.725891
1.541336 -7.387802 6.5664063
1.6793976 -7.728195 6.564026
1.7174835 -8.068588 6.4664307
1.772232 -8.128098 6.533081
1.6151276 -8.123337 6.6116333
1.4746857 -7.854355 6.487854
1.4008942 -7.709152 6.571167
1.3842316 -7.6020355 6.3974
1.5651398 -7.6663055 6.0284424
1.6175079 -7.728195 5.94989
1.4889679 -7.937668 6.1569824
1.4342194 -8.094772 6.416443
1.3342438 -8.268539 6.3045654
1.2295074 -8.239975 6.1688843
1.200943 -8.185226 5.995117
1.1485748 -8.163803 5.845154
1.1414337 -8.244736 5.871338
1.3104401 -8.306625 6.01178
1.3699493 -8.311386 6.3450317
1.4151764 -8.261398 6.3164673
1.496109 -8.101913 6.4473877
1.5103912 -7.9686127 6.775879
1.643692 -7.661545 6.4830933
1.3818512 -8.27092 5.8880005
1.4723053 -8.625595 6.0213013
1.6151276 -8.392319 6.1046143
1.2437897 -8.523239 6.1760254
1.2985382 -9.027878 6.6259155
1.2533112 -8.713669 6.564026
0.62013245 -8.361374 6.083191
0.6177521 -8.627975 5.269104
0.93434143 -9.230209 4.8477783
1.5508575 -9.506332 5.1881714
1.4008942 -9.437302 5.1881714
1.367569 -10.475143 5.2095947
1.6603546 -11.03215 5.826111
1.4532623 -10.822678 6.3426514
1.2128448 -10.715561 6.7139893
1.0462189 -10.886948 6.7806396
1.0200348 -11.429672 6.833008
0.92481995 -12.024765 6.378357
1.2318878 -12.386581 5.8880005
1.2080841 -11.853378 5.82135
0.93196106 -11.520126 6.245056
0.71772766 -11.420151 6.8115845
0.5415802 -11.186874 6.9139404
0.44636536 -11.103561 6.8068237
0.41542053 -11.058334 6.7020874
0.2606964 -10.984543 6.371216
-0.017807007 -10.841721 6.506897
-0.25346375 -10.905991 6.609253
-0.40104675 -10.765549 6.230774
-0.5105438 -10.225204 5.9379883
-0.69859314 -9.796738 6.090332
-1.0461273 -9.332565 6.1450806
-1.3127289 -9.139755 6.2402954
-1.5460052 -8.770798 6.095093
-1.9435272 -8.109055 5.8046875
-2.1553802 -8.316147 5.62854
-2.2648773 -8.768417 5.530945
-2.3767548 -8.832687 5.7285156
-2.3696136 -8.173325 6.1069946
-2.5743256 -7.368759 6.3164673
-2.8361664 -6.9402924 6.27124
-2.9694672 -6.7689056 6.2974243
-3.288437 -6.4594574 5.9260864
-3.359848 -6.661789 5.8737183
-3.4074554 -6.6903534 6.057007
-3.488388 -6.5356293 6.385498
-3.7264252 -6.3975677 6.4902344
-3.719284 -5.892929 6.2331543
-3.9358978 -5.0359955 6.0927124
-4.226303 -4.6075287 6.185547
-4.5547943 -4.7265472 5.9594116
-4.7666473 -5.354965 6.180786
-4.7547455 -5.431137 6.487854
-4.616684 -5.1264496 6.8449097
-4.5619354 -4.5170746 6.9282227
-4.661911 -4.1005096 6.571167
-4.828537 -4.1766815 6.2093506
-4.995163 -4.0671844 5.7213745
-5.047531 -4.064804 5.9832153
-5.1665497 -3.6268158 6.494995
-5.3641205 -3.3816376 6.892517
-5.5259857 -3.5339813 7.078186
-5.5307465 -3.3411713 6.668762
-5.4998016 -3.1626434 6.9734497
-5.528366 -2.7579803 6.916321
-5.6783295 -2.5723114 6.4830933
-5.7997284 -2.793686 6.1427
-5.9544525 -2.653244 6.007019
-6.0496674 -2.384262 6.3164673
-6.1924896 -1.9557953 6.4069214
-6.3329315 -1.915329 6.6520996
-6.2948456 -2.0652924 6.71875
-6.2043915 -1.8986664 6.5735474
-6.206772 -1.8082123 6.5283203
-6.266281 -1.6891937 6.5045166
-6.3329315 -1.6749115 6.4854736
-6.4305267 -1.4297333 6.306946
-6.682846 -1.4130707 6.2331543
-6.7042694 -1.5082855 6.26886
-6.856613 -1.6082611 6.1260376
-6.842331 -1.7320404 6.2164917
-6.792343 -1.120285 6.373596
-6.804245 -0.5727997 6.711609
-6.8708954 -0.5442352 6.930603
-6.978012 -0.54185486 6.6401978
-7.028 -0.76560974 6.3426514
-7.0779877 -0.8989105 5.987976
-7.020859 -0.9012909 5.954651
-7.111313 -1.1107635 6.0546265
-7.3350677 -1.0702972 6.1117554
-7.4731293 -0.8513031 6.218872
-7.4802704 -0.61564636 6.499756
-7.444565 -0.31095886 6.604492
-7.330307 -0.099105835 6.704468
-7.3469696 -0.14433289 6.6259155
-7.4612274 -0.22288513 6.2998047
-7.6016693 -0.38237 6.1879272
-7.7302094 -0.42521667 6.0474854
-7.723068 -0.33952332 5.826111
-7.613571 0.01991272 5.9570313
-7.6468964 0.22938538 6.0736694
-7.625473 0.17225647 6.2593384
-7.6492767 0.19844055 6.3878784
-7.6040497 0.3174591 6.435486
-7.594528 0.457901 6.435486
-7.546921 0.4817047 6.3569336
-7.568344 0.63404846 6.295044
-7.6207123 0.56977844 6.0927124
-7.720688 0.41505432 5.9570313
-7.7135468 0.1365509 5.8760986
-7.720688 0.10322571 5.82135
-7.7111664 0.20796204 6.0165405
-7.682602 0.37220764 6.314087
-7.611191 0.48646545 6.3569336
-7.5707245 0.79829407 6.3378906
-7.6540375 1.0006256 6.2664795
-7.701645 0.97206116 6.123657
-7.8159027 0.77449036 6.223633
-7.887314 0.5983429 6.083191
-8.037277 0.4983673 5.968933
-8.132492 0.6316681 5.749939
-7.9801483 0.82447815 5.635681
-7.882553 1.0625153 5.5999756
-7.868271 1.2434235 5.454773
-7.8849335 1.2077179 5.442871
-7.773056 1.1148834 5.685669
-7.7444916 1.1672516 5.871338
-7.7183075 1.3529205 6.057007
-7.7706757 1.3053131 6.0022583
-7.773056 1.3219757 5.8880005
-7.8016205 1.169632 5.8308716
-7.7706757 0.9173126 5.909424
-7.7825775 0.5650177 5.916565
-7.7754364 0.51979065 5.864197
-7.723068 0.5340729 6.0427246
-7.6849823 0.6745148 6.218872
-7.694504 0.83638 6.102234
-7.651657 0.90541077 5.9379883
-7.6397552 0.983963 5.6499634
-7.7254486 0.94825745 5.5547485
-7.6540375 1.0767975 5.404785
-7.7516327 1.1648712 5.3928833
-7.7635345 1.3291168 5.5404663
-7.773056 1.3553009 5.6761475
-7.7064056 1.5600128 5.8237305
-7.6683197 1.6242828 5.742798
-7.723068 1.4386139 5.647583
-7.723068 1.150589 5.597595
-7.8801727 1.1648712 5.590454
-7.970627 1.1934357 5.761841
-7.8801727 1.2005768 5.8165894
-7.901596 1.3600616 5.859436
-7.8801727 1.4219513 5.847534
-7.932541 1.3410187 5.833252
-7.965866 1.2696075 5.9141846
-7.970627 1.2957916 5.8737183
-7.882553 1.2267609 5.852295
-7.92778 1.2386627 5.711853
-7.9111176 1.3219757 5.6047363
-7.913498 1.4552765 5.526184
-7.842087 1.5171661 5.466675
-7.8325653 1.612381 5.5357056
-7.7873383 1.631424 5.549988
-7.720688 1.631424 5.450012
-7.6278534 1.6480865 5.519043
-7.60643 1.6409454 5.4833374
-7.677841 1.5719147 5.447632
-7.7563934 1.5243073 5.404785
-7.830185 1.5576324 5.314331
-7.8658905 1.5790558 5.3571777
-7.8849335 1.5695343 5.473816
-7.7897186 1.5576324 5.6237793
-7.773056 1.5623932 5.666626
-7.8159027 1.5338287 5.5214233
-7.939682 1.5433502 5.6428223
-7.9492035 1.5861969 5.647583
-7.9492035 1.6980743 5.640442
-7.882553 1.7932892 5.4571533
-7.8516083 1.6980743 5.404785
-7.7944794 1.676651 5.5809326
-7.806381 1.6980743 5.473816
-7.8777924 1.5980988 5.5547485
-7.8658905 1.5838165 5.571411
-7.8016205 1.5409698 5.673767
-7.773056 1.5838165 5.711853
-7.773056 1.5362091 5.5999756
-7.79924 1.5338287 5.569031
-7.765915 1.6219025 5.4952393
-7.7968597 1.6647491 5.56427
-7.8087616 1.6004791 5.480957
-7.761154 1.7433014 5.430969
-7.7825775 1.7647247 5.364319
-7.754013 1.7052155 5.454773
-7.79924 1.7171173 5.442871
-7.7444916 1.6647491 5.5404663
-7.618332 1.5028839 5.5238037
-7.527878 1.5005035 5.5785522
-7.5254974 1.5195465 5.6571045
-7.5897675 1.5552521 5.6118774
-7.723068 1.5552521 5.4523926
-7.765915 1.5433502 5.3547974
-7.6849823 1.5433502 5.288147
-7.6540375 1.6076202 5.3238525
-7.644516 1.6219025 5.4404907
-7.6659393 1.7361603 5.4523926
-7.599289 1.6790314 5.526184
-7.554062 1.5695343 5.4642944
-7.5207367 1.5552521 5.4381104
-7.5826263 1.5385895 5.416687
-7.630234 1.4481354 5.314331
-7.632614 1.4100494 5.338135
-7.6492767 1.4409943 5.2405396
-7.682602 1.426712 5.3690796
-7.7040253 1.490982 5.488098
-7.708786 1.4790802 5.5166626
-7.7183075 1.445755 5.6309204
-7.7064056 1.3600616 5.5547485
-7.7825775 1.3338776 5.514282
-7.86351 1.3410187 5.5166626
-7.849228 1.3910065 5.423828
-7.739731 1.3957672 5.3690796
-7.592148 1.3862457 5.3119507
-7.5564423 1.2315216 5.4000244
-7.4945526 1.260086 5.533325
-7.5516815 1.260086 5.6832886
-7.594528 1.3743439 5.7737427
-7.6683197 1.3576813 5.864197
-7.6468964 1.2838898 5.673767
-7.656418 1.260086 5.5285645
-7.5707245 1.2005768 5.430969
-7.5826263 1.1648712 5.514282
-7.6468964 1.112503 5.5809326
-7.7064056 0.9339752 5.8499146
-7.7944794 0.90541077 5.8951416
-7.73497 0.9506378 6.037964
-7.637375 1.0529938 6.090332
-7.546921 1.003006 6.211731
-7.575485 0.9911041 6.0689087
-7.5516815 0.8125763 5.923706
-7.630234 0.72450256 5.8737183
-7.658798 0.65071106 5.909424
-7.739731 0.5507355 5.892761
-7.689743 0.4817047 5.9022827
-7.599289 0.4912262 5.992737
-7.5373993 0.5316925 6.121277
-7.465988 0.51979065 6.3236084
-7.361252 0.5078888 6.371216
-7.277939 0.5650177 6.442627
-7.2422333 0.5578766 6.3450317
-7.2755585 0.54359436 6.0355835
-7.3088837 0.6554718 5.7904053
-7.3779144 0.61024475 5.699951
-7.368393 0.41505432 5.7475586
-7.3850555 0.21272278 5.878479
-7.4040985 0.3174591 6.064148
-7.446945 0.51979065 6.2164917
-7.399338 0.6388092 6.3188477
-7.299362 0.7030792 6.2664795
-7.1993866 0.56977844 6.2212524
-7.216049 0.21272278 6.128418
-7.2112885 -0.06340027 6.095093
-7.227951 -0.38713074 6.0308228
-7.15654 -0.5727997 5.968933
-6.9613495 -0.48472595 5.9213257
-6.797104 -0.51805115 6.0617676
-6.849472 -0.36094666 6.018921
-6.951828 -0.30619812 5.814209
-7.0113373 -0.66563416 5.6832886
-6.9803925 -1.1298065 5.633301
-6.887558 -1.5773163 5.571411
-6.8708954 -1.8915253 5.859436
-6.830429 -1.9177094 5.954651
-6.849472 -1.8843842 5.942749
-6.8256683 -1.8343964 5.8308716
-6.7566376 -1.8177338 5.6713867
-6.778061 -1.9843597 5.7332764
-6.7114105 -2.4247284 5.697571
-6.6995087 -2.8341522 5.6523438
-6.663803 -3.1364594 5.545227
-6.6328583 -3.3506927 5.4333496
-6.611435 -3.5673065 5.5547485
-6.5828705 -3.7315521 5.742798
-6.5566864 -3.5601654 5.8237305
-6.4495697 -3.603012 5.8808594
-6.3448334 -4.281418 6.4640503
-6.099655 -5.0169525 6.352173
-5.854477 -5.5096893 6.0236816
-5.6140594 -5.938156 5.6713867
-5.456955 -5.9143524 5.385742
-5.3950653 -5.500168 5.4714355
-5.290329 -5.4335175 6.1450806
-5.192734 -5.526352 6.578308
-4.9356537 -6.676071 6.8449097
-4.6857147 -7.682968 6.1760254
-4.5428925 -8.292343 5.680908
-4.3905487 -8.116196 5.526184
-4.1644135 -7.5234833 5.8618164
-4.090622 -7.1450043 6.4069214
-3.9787445 -6.904587 6.6140137
-3.7478485 -6.590378 6.661621
-3.4979095 -6.6522675 6.7282715
-3.3550873 -6.7332 6.435486
-3.2646332 -7.2806854 6.4973755
-3.1813202 -7.828171 5.976074
-3.0242157 -8.561325 5.5023804
-2.6981049 -9.115952 5.197693
-2.3434296 -9.123093 5.583313
-2.179184 -8.568466 5.992737
-2.288681 -7.959091 6.4973755
-2.545761 -7.6901093 6.473572
-2.5076752 -8.168564 6.4283447
-2.2791595 -8.647018 6.0284424
-1.7126312 -9.139755 5.569031
-1.1818085 -9.794357 5.442871
-0.8080902 -9.665817 5.7546997
-0.8723602 -9.206406 5.968933
-1.0913544 -8.999313 5.928467
-1.0913544 -9.418259 5.6428223
-0.6200409 -10.272812 5.192932
-0.041610718 -11.055954 4.428833
0.5344391 -11.503464 4.4240723
0.09169006 -10.806015 4.685913
-0.54862976 -9.934799 5.5404663
-0.58909607 -9.55632 5.9784546
-0.48435974 -9.832443 5.5214233
-0.08921814 -10.5846405 5.2453003
0.27259827 -10.925034 5.083435
0.52967834 -11.113083 5.1810303
0.50349426 -10.848862 5.128662
0.5249176 -10.789352 5.0620117
0.42970276 -10.7322235 4.7382813
0.6058502 -10.90361 4.6002197
0.49873352 -10.870285 4.769226
0.47969055 -10.834579 4.9120483
0.7415314 -10.25853 5.1381836
0.6986847 -9.725327 5.1572266
0.6915436 -9.782455 5.140564
0.6486969 -9.951462 5.0167847
0.61061096 -10.253769 4.9191895
0.77723694 -10.229965 4.902527
0.7153473 -10.025253 5.0096436
0.67012024 -9.834824 5.0620117
0.6963043 -9.9109955 5.0477295
0.6963043 -9.794357 4.942993
0.88197327 -9.794357 4.821594
0.7724762 -9.615829 4.8668213
0.6796417 -9.4301605 4.7858887
0.57966614 -9.206406 4.652588
0.56062317 -9.182602 4.709717
0.5891876 -9.187363 4.814453
0.6058502 -9.154037 4.9144287
0.6582184 -9.146896 4.973938
0.72010803 -9.158798 4.935852
0.8367462 -9.194504 4.883484
0.7986603 -9.189743 4.5549927
0.8153229 -9.294479 4.53833
0.78437805 -9.346848 4.5407104
0.74391174 -9.284958 4.7025757
0.79151917 -9.099289 4.743042
0.7653351 -8.963608 4.757324
0.89863586 -8.949326 4.807312
1.11763 -9.23735 4.973938
1.0628815 -9.62059 4.9001465
1.5365753 -9.718185 5.897522
0.19642639 -11.1107025 5.302429
0.10835266 -9.803879 4.312195
1.3128204 -9.420639 5.0334473
0.8367462 -9.161179 4.9572754
0.591568 -8.873154 4.897766
0.8962555 -9.17308 4.8430176
0.85102844 -8.956467 4.773987
1.0224152 -8.873154 4.6621094
0.87483215 -8.616074 4.704956
0.83436584 -8.694626 4.8549194
0.92481995 -8.739853 4.8311157
1.3556671 -8.716049 5.5880737
1.2414093 -9.273056 5.185791
1.1819 -9.758652 5.423828
0.66773987 -9.592026 4.9334717
0.70344543 -9.332565 4.6835327
1.0319366 -9.418259 5.1048584
1.1509552 -9.063583 4.9453735
1.2295074 -8.97551 5.088196
1.0319366 -8.942184 5.1191406
1.0914459 -8.8207855 5.338135
1.2390289 -8.701767 5.549988
1.2794952 -8.780319 5.2905273
1.3961334 -9.213547 5.3928833
1.5579987 -9.318283 5.507141
1.6389313 -9.5967865 5.012024
1.5389557 -8.735092 4.8358765
1.2794952 -8.009079 4.762085
1.4104156 -6.809372 5.1810303
1.4365997 -7.2687836 5.82135
1.4151764 -7.956711 5.69281
1.7365265 -8.685104 5.5285645
1.9793243 -9.068344 5.4761963
1.8912506 -8.863632 5.5428467
1.9650421 -8.53038 5.8189697
1.7317657 -8.049545 5.7856445
1.5627594 -7.668686 6.057007
1.6079865 -7.3854218 6.3640747
1.6912994 -7.1854706 6.649719
1.9055328 -7.078354 6.7996826
1.893631 -7.1402435 6.873474
2.0912018 -7.002182 7.206726
2.0293121 -6.4213715 7.147217
2.0102692 -6.211899 7.2733765
2.0435944 -6.3118744 7.623291
2.060257 -6.457077 7.578064
2.2935333 -6.264267 7.5804443
2.3339996 -6.1262054 7.6708984
2.1983185 -5.7429657 7.6589966
2.1269073 -5.3835297 7.8184814
1.9650421 -5.1764374 7.887512
2.1459503 -5.1716766 8.044617
2.3911285 -5.0621796 7.732788
2.6743927 -4.969345 7.801819
3.067154 -4.462326 7.9160767
3.0838165 -4.198105 8.865845
2.5077667 -3.7410736 8.582581
2.4339752 -3.6958466 8.230286
2.522049 -3.467331 8.099365
2.5815582 -3.0721893 7.8327637
2.586319 -2.8912811 8.187439
2.8386383 -4.069565 8.575439
2.9314728 -4.6884613 8.311218
2.8933868 -4.283798 8.651611
2.7696075 -3.762497 8.839661
2.6339264 -3.8101044 8.889648
2.5339508 -4.1171722 9.018188
2.541092 -4.5408783 8.842041
Time Stop = 6558
