Time Start = 6586
3.1623688 -3.0626678 8.877747
3.1742706 -3.0412445 8.9991455
3.2813873 -3.1316986 9.015808
3.3527985 -2.94841 8.872986
3.3742218 -2.838913 8.822998
3.221878 -2.717514 8.799194
3.183792 -2.7794037 8.727783
3.1528473 -2.9769745 8.949158
3.183792 -3.01268 9.02771
3.2052155 -3.0079193 8.9991455
3.1671295 -2.9817352 9.065796
3.1861725 -2.967453 9.006287
3.2575836 -2.9888763 8.96582
3.1909332 -2.9269867 8.692078
3.1552277 -3.0412445 8.632568
3.1480865 -3.069809 8.720642
3.2694855 -3.0531464 8.822998
3.2552032 -2.941269 8.89679
3.2694855 -2.9008026 8.937256
3.2004547 -2.9055634 8.911072
3.1814117 -2.9079437 8.872986
3.0980988 -2.8627167 8.842041
3.0457306 -2.8817596 8.868225
3.0504913 -2.922226 8.937256
3.1076202 -3.024582 9.020569
3.1742706 -3.1126556 9.113403
3.2099762 -3.2007294 9.111023
3.214737 -3.1102753 8.925354
3.0909576 -2.967453 8.801575
3.010025 -2.865097 8.756348
3.0385895 -2.88414 8.7872925
3.157608 -2.8412933 9.113403
3.3313751 -2.7960663 9.360962
3.3956451 -2.9531708 9.456177
3.547989 -3.20549 9.470459
3.5051422 -3.4078217 9.510925
3.600357 -3.20549 9.584717
3.7550812 -2.9555511 10.194092
3.907425 -2.467575 10.43927
4.376358 -2.6556244 10.432129
3.8360138 -2.9841156 10.355957
3.183792 -3.2031097 10.991516
2.9124298 -2.9722137 11.441406
2.9243317 -2.6103973 11.560425
3.29805 -2.3556976 11.448547
3.4741974 -2.2414398 10.50354
3.1528473 -2.846054 9.998901
2.7005768 -4.6575165 9.896545
1.579422 -5.77153 7.9279785
1.4175568 -6.6332245 7.7280273
1.3366241 -6.9093475 7.0924683
0.81056213 -7.4592133 6.6759033
0.33924866 -8.225693 6.147461
0.18214417 -8.447067 5.75708
0.025039673 -8.028122 5.6880493
-0.06541443 -7.56633 5.942749
-0.29154968 -7.05455 5.8760986
-0.39866638 -6.637985 5.6761475
-0.37724304 -6.6522675 5.4262085
-0.40342712 -7.475876 5.4571533
-0.48912048 -8.620834 4.6763916
-0.101119995 -9.62059 4.7525635
0.13929749 -9.382553 4.821594
0.2368927 -8.237595 4.947754
0.15119934 -7.599655 5.3286133
0.094070435 -7.0759735 5.595215
0.26545715 -7.1259613 5.9903564
0.56300354 -7.3973236 6.102234
0.7129669 -7.592514 6.7806396
1.1152496 -5.8238983 8.049377
1.136673 -4.9145966 8.120789
0.5177765 -6.6451263 7.6899414
0.5415802 -7.4996796 5.680908
1.3199615 -8.059067 5.397644
1.5699005 -7.8019867 5.928467
1.11763 -8.311386 6.0213013
1.0366974 -8.780319 5.878479
1.0271759 -7.5449066 7.044861
0.84150696 -8.9231415 6.840149
0.19404602 -9.353989 5.140564
0.09169006 -9.313522 6.166504
-0.098739624 -9.213547 6.0165405
0.4677887 -9.5134735 6.5283203
0.096450806 -9.977646 5.7999268
0.73439026 -9.120712 5.090576
0.62013245 -9.803879 4.9501343
0.81770325 -9.2825775 4.852539
0.59394836 -10.07048 6.0213013
0.35829163 -10.720322 6.6378174
0.3511505 -10.946457 6.8901367
0.12263489 -10.7512665 6.71875
-0.032089233 -11.058334 6.628296
-0.13682556 -11.377304 6.6759033
-0.35343933 -11.205917 6.878235
-0.38438416 -10.977402 6.852051
-0.43675232 -10.741745 6.9020386
-0.39152527 -10.565598 7.066284
-0.4058075 -10.553696 7.1829224
-0.47721863 -10.434677 7.282898
-0.53434753 -10.698898 7.0996094
-0.6700287 -10.601303 7.047241
-0.9747162 -10.213303 7.316223
-0.9889984 -9.637253 7.501892
-1.2556 -9.254013 7.6066284
-1.5174408 -9.458725 7.2995605
-1.4983978 -10.177597 7.0091553
-1.5602875 -9.870529 6.9210815
-1.7649994 -9.065964 7.1329346
-2.141098 -8.342331 7.2805176
-2.4886322 -7.940048 7.2662354
-2.7457123 -7.785324 7.1448364
-3.0123138 -7.4806366 6.9591675
-3.1884613 -7.2378387 7.044861
-3.3050995 -6.847458 7.340027
-3.583603 -6.490402 7.2091064
-3.8430634 -6.490402 7.090088
-3.9644623 -6.449936 7.052002
-3.9977875 -6.340439 6.821106
-4.0120697 -5.859604 6.7282715
-4.219162 -5.0098114 6.8187256
-4.521469 -4.4956512 7.0877075
-4.8142548 -4.2790375 7.006775
-4.968979 -4.531357 6.6401978
-4.8832855 -4.5099335 6.4402466
-4.714279 -4.148117 6.668762
-4.7428436 -3.3102264 6.84729
-5.052292 -2.7056122 7.0091553
-5.2950897 -2.8603363 6.835388
-5.635483 -3.191208 6.0665283
-5.7235565 -3.3506927 5.8689575
-5.7306976 -2.865097 6.01178
-5.8378143 -2.1700287 6.2926636
-6.009201 -1.79393 6.46167
-6.118698 -1.5892181 6.2283936
-6.142502 -1.5035248 6.20459
-6.0258636 -1.4916229 6.07605
-6.1020355 -1.5320892 6.026062
-6.2734222 -1.3035736 5.866577
-6.520981 -1.2297821 5.776123
-6.6614227 -1.2059784 5.7594604
-6.694748 -1.0869598 5.788025
-6.58049 -1.1298065 5.94751
-6.4233856 -0.9988861 5.9213257
-6.501938 -1.3345184 6.1450806
-6.4852753 -1.3868866 6.064148
-6.6804657 -0.9750824 6.1379395
-6.8827972 -0.594223 6.223633
-7.09227 -0.23954773 5.980835
-7.182724 -0.25621033 5.7975464
-7.016098 -0.7584686 5.6904297
-6.978012 -0.6608734 5.3881226
-7.042282 -0.2585907 5.533325
-7.0970306 0.015151978 5.614258
-7.280319 0.31983948 5.6571045
-7.444565 0.19129944 5.6309204
-7.5373993 0.26985168 5.6237793
-7.530258 0.2769928 5.659485
-7.380295 0.43647766 5.749939
-7.4612274 0.41029358 5.761841
-7.575485 0.15797424 5.4333496
-7.677841 0.20082092 5.2786255
-7.6992645 0.35316467 5.454773
-7.6468964 0.95539856 5.621399
-7.675461 1.4624176 5.807068
-7.7325897 1.593338 5.9784546
-7.727829 1.4886017 5.9855957
-7.742111 1.0458527 5.6523438
-7.868271 0.75068665 5.5476074
-7.932541 0.5816803 5.526184
-7.965866 0.83161926 5.69281
-8.020615 1.0601349 5.764221
-8.001572 1.0744171 5.7023315
-7.8968353 1.3791046 5.7785034
-7.9634857 1.8147125 5.780884
-7.9944305 2.0979767 5.685669
-8.068222 1.7480621 5.576172
-8.034897 1.5314484 5.1619873
-8.044418 1.6552277 4.7787476
-8.099167 2.0146637 4.8882446
-8.080124 2.4359894 5.107239
-8.022995 2.5454865 5.2857666
-8.068222 2.3264923 5.300049
-8.027756 2.093216 5.4262085
-7.9682465 2.0051422 5.4571533
-8.006332 2.0241852 5.552368
-8.003952 1.8147125 5.461914
-7.951584 1.4600372 5.3619385
-7.98967 1.3910065 5.533325
-7.996811 1.4624176 5.6237793
-7.9563446 1.6695099 5.768982
-7.9492035 1.8218536 5.6904297
-7.9825287 1.7909088 5.402405
-7.9944305 1.7980499 5.300049
-7.9349213 1.9361115 5.2072144
-7.8920746 1.9765778 5.2143555
-7.849228 2.2455597 5.2714844
-7.8325653 2.3598175 5.2595825
-7.8135223 2.3598175 5.254822
-7.7325897 2.2312775 5.133423
-7.7563934 2.1051178 5.2786255
-7.761154 1.9432526 5.295288
-7.7682953 1.9599152 5.3571777
-7.8468475 2.0432281 5.3428955
-7.8516083 2.112259 5.1239014
-7.79924 2.2050934 5.133423
-7.7754364 2.1931915 5.1762695
-7.7492523 2.2074738 5.140564
-7.842087 2.1551056 5.1453247
-7.79924 2.0265656 4.966797
-7.7111664 2.0313263 4.807312
-7.618332 2.05513 4.757324
-7.5850067 2.0218048 4.7454224
-7.573105 2.1551056 4.85968
-7.508835 2.2265167 4.940613
-7.587387 2.3526764 5.05011
-7.637375 2.4883575 5.045349
-7.599289 2.516922 5.069153
-7.630234 2.5907135 4.928711
-7.663559 2.5692902 4.85968
-7.7064056 2.343155 4.7073364
-7.7325897 2.0860748 4.723999
-7.720688 2.0075226 4.7977905
-7.651657 2.176529 4.9525146
-7.6468964 2.4026642 5.133423
-7.6397552 2.543106 5.1119995
-7.6802216 2.5526276 5.171509
-7.656418 2.5264435 5.0167847
-7.6492767 2.5002594 4.935852
-7.6492767 2.407425 4.878723
-7.6468964 2.4383698 4.8811035
-7.6468964 2.4621735 4.871582
-7.6040497 2.4740753 4.8692017
-7.592148 2.4407501 4.9525146
-7.611191 2.3479156 5.045349
-7.689743 2.3717194 4.962036
-7.765915 2.414566 4.992981
-7.8159027 2.4954987 5.0286865
-7.777817 2.638321 5.026306
-7.811142 2.6883087 4.9691772
-7.8087616 2.5930939 5.0334473
-7.8278046 2.5026398 4.9572754
-7.777817 2.3931427 4.8953857
-7.708786 2.4098053 4.864441
-7.7064056 2.3479156 4.8501587
-7.689743 2.2646027 4.9072876
-7.701645 2.259842 4.769226
-7.777817 2.1931915 4.9072876
-7.837326 2.2884064 4.942993
-7.7516327 2.4002838 5.031067
-7.715927 2.4407501 5.05249
-7.675461 2.5407257 5.026306
-7.651657 2.5645294 4.9691772
-7.6540375 2.3836212 4.8549194
-7.677841 2.3003082 4.8120728
-7.7111664 2.1670074 4.743042
-7.6707 2.1408234 4.9072876
-7.6349945 2.1908112 4.9763184
-7.599289 2.3098297 5.102478
-7.594528 2.259842 5.2714844
-7.6659393 2.1503448 5.261963
-7.644516 2.017044 5.2262573
-7.5397797 1.9670563 5.071533
-7.561203 1.869461 5.0429688
-7.6016693 1.8599396 5.0025024
-7.6611786 1.888504 5.083435
-7.658798 1.8599396 5.1000977
-7.6421356 1.8575592 5.2024536
-7.6611786 1.7861481 5.3309937
-7.773056 1.5671539 5.4381104
-7.761154 1.445755 5.4761963
-7.7516327 1.5790558 5.4833374
-7.8992157 1.7385406 5.6047363
-7.9182587 1.7718658 5.552368
-7.849228 1.721878 5.5880737
-7.701645 1.4981232 5.673767
-7.6040497 1.3862457 5.5999756
-7.6492767 1.2196198 5.4761963
-7.6849823 1.1363068 5.2786255
-7.6921234 1.2458038 5.2643433
-7.663559 1.1148834 5.352417
-7.656418 1.1434479 5.409546
-7.575485 1.3291168 5.738037
-7.485031 1.4481354 5.9141846
-7.54216 1.5623932 5.9403687
-7.5445404 1.4743195 5.776123
-7.561203 1.464798 5.616638
-7.611191 1.5243073 5.545227
-7.485031 1.4886017 5.4595337
-7.296982 1.3767242 5.4952393
-7.1779633 1.317215 5.633301
-7.2065277 1.2243805 5.780884
-7.3136444 1.214859 5.8618164
-7.3088837 1.1910553 5.9141846
-7.201767 1.1077423 5.852295
-7.1160736 1.0339508 5.871338
-6.8708954 0.85780334 5.776123
-6.7423553 0.2936554 5.6380615
-6.732834 -0.4156952 5.3571777
-6.789963 -0.844162 5.319092
-6.9161224 -0.8203583 5.3762207
-7.0970306 -0.6442108 5.511902
-7.197006 -0.5727997 5.6428223
-7.1160736 -0.77989197 5.8165894
-6.9756317 -1.0583954 5.742798
-6.868515 -1.6963348 5.8689575
-6.951828 -2.486618 5.647583
-7.066086 -3.0602875 5.366699
-7.1279755 -3.115036 5.2857666
-7.1279755 -2.9793549 5.461914
-7.0399017 -2.7079926 5.635681
-6.9042206 -2.5842133 5.8737183
-6.7947235 -2.8365326 5.935608
-6.5971527 -3.2959442 5.892761
-6.5305023 -4.16716 5.788025
-6.5114594 -5.06456 5.2738647
-6.5685883 -5.481125 4.7454224
-6.7114105 -5.166916 4.6763916
-6.687607 -4.7670135 5.0548706
-6.4805145 -4.436142 5.5999756
-6.232956 -4.5599213 6.1260376
-5.9401703 -4.6765594 5.9784546
-5.7283173 -5.526352 5.9332275
-5.6902313 -6.726059 5.485718
-5.8068695 -7.1521454 5.019165
-5.9473114 -7.1259613 4.962036
-5.868759 -6.8712616 5.216736
-5.68071 -6.361862 5.7070923
-5.366501 -5.923874 6.1427
-5.1332245 -5.828659 6.3236084
-4.91185 -6.6141815 6.352173
-4.507187 -7.7829437 6.1188965
-4.1905975 -8.801743 5.430969
-4.064438 -9.320663 5.1262817
-4.083481 -9.101669 5.0429688
-4.0358734 -8.135239 5.5
-3.8811493 -7.444931 6.223633
-3.4860077 -7.1973724 6.442627
-3.000412 -7.944809 6.5497437
-2.9980316 -8.506577 5.7404175
-2.9480438 -9.822922 5.257202
-2.6623993 -10.660812 4.6621094
-2.314865 -11.022629 4.704956
-2.2339325 -10.308517 5.1167603
-2.3434296 -9.642014 5.6261597
-2.3291473 -9.327805 5.826111
-1.9244843 -9.270676 5.7142334
-1.6888275 -9.5967865 5.480957
-1.7935638 -9.846725 5.340515
-1.8602142 -10.784592 4.8168335
-1.5840912 -11.73436 4.493103
-1.19133 -11.441574 4.7977905
-1.0913544 -10.832199 5.2738647
-1.4055634 -10.548935 5.6642456
-1.3412933 -9.696762 5.5856934
-1.403183 -9.349228 5.511902
-1.6221771 -9.68486 5.397644
-1.4150848 -9.639633 4.9786987
-1.1603851 -10.358505 4.8311157
-1.2317963 -11.586777 4.7192383
-0.7414398 -11.136887 4.8358765
-0.7033539 -9.4254 4.693054
-1.1056366 -9.74913 4.9644165
-0.9651947 -9.844345 5.05011
-0.8009491 -9.87291 5.135803
-0.98661804 -9.563461 5.0977173
-0.9889984 -9.546799 5.1500854
-0.82237244 -9.708664 4.966797
-0.7342987 -9.968124 4.6502075
-0.5938568 -10.125229 4.6430664
-0.48197937 -9.980026 4.6644897
-0.52482605 -9.668198 4.6835327
-0.60575867 -9.368271 4.7525635
-0.65812683 -9.194504 4.6383057
-0.6866913 -9.10643 4.693054
-0.71287537 -9.161179 4.6954346
-0.7033539 -9.2825775 4.7001953
-0.5105438 -9.561081 4.6192627
-0.3153534 -9.734848 4.678772
-0.37724304 -9.518234 4.6359253
-0.47483826 -9.223068 4.685913
-0.50102234 -9.139755 4.7073364
-0.5367279 -9.213547 4.647827
-0.45103455 -9.284958 4.4764404
-0.4129486 -9.396835 4.3621826
-0.40818787 -9.446823 4.314575
-0.42723083 -9.394455 4.512146
-0.43675232 -9.358749 4.7525635
-0.42485046 -9.368271 4.709717
0.5987091 -9.284958 6.499756
-1.274643 -10.90361 5.461914
-0.5295868 -10.801254 3.6932983
0.02027893 -9.706284 3.7075806
0.10597229 -9.932419 6.9258423
-1.2436981 -10.560837 3.6885376
-0.562912 -11.1107025 4.2407837
-0.22489929 -9.706284 4.981079
-0.48912048 -8.863632 4.878723
-0.5795746 -8.835068 4.4050293
-0.45341492 -9.065964 4.364563
-0.32725525 -10.156174 4.114624
0.008377075 -10.053818 4.466919
0.115493774 -9.423019 4.7216187
0.1131134 -9.411118 5.3309937
0.032180786 -9.242111 4.9453735
0.03694153 -9.204025 5.069153
0.06312561 -8.742233 5.30719
0.05836487 -8.318527 5.928467
0.046463013 -8.46373 5.7927856
0.20118713 -8.91362 5.238159
0.46064758 -9.575363 5.69281
0.27259827 -9.477768 4.9906006
0.3844757 -9.4301605 4.735901
0.4178009 -9.1349945 4.4835815
0.40589905 -8.280441 4.3740845
0.5749054 -6.968857 5.0667725
0.6725006 -6.778427 5.7927856
0.65345764 -6.642746 6.0093994
0.6963043 -6.707016 6.057007
0.6963043 -6.7689056 5.930847
0.7153473 -7.354477 5.538086
1.0081329 -7.5829926 5.3238525
1.2985382 -7.3782806 5.2738647
1.3794708 -6.885544 5.5880737
1.3985138 -6.5832367 6.2164917
1.11763 -6.3499603 6.8234863
0.803421 -6.328537 7.0043945
0.6653595 -6.6022797 6.4973755
0.8200836 -7.2759247 6.249817
1.162857 -7.3759003 6.411682
1.2866364 -6.9974213 6.604492
1.1747589 -6.4332733 7.052002
1.05336 -5.9476776 7.2662354
1.0890656 -5.5096893 7.544739
1.1414337 -5.1454926 7.7851563
1.3199615 -5.007431 8.120789
1.681778 -4.924118 8.351685
1.9507599 -4.6003876 8.789673
1.9674225 -4.2147675 8.858704
1.829361 -4.133835 8.601624
1.6841583 -4.0433807 8.70636
1.7198639 -3.5220795 8.980103
1.8269806 -3.4006805 9.272888
1.8436432 -4.019577 9.503784
1.5270538 -5.776291 9.953674
2.548233 -6.854599 10.727295
2.631546 -6.509445 12.75061
1.5080109 -5.7786713 12.550659
1.1866608 -5.2169037 11.284302
1.3509064 -3.6625214 10.260742
1.5556183 -2.7151337 9.66803
1.8079376 -2.0462494 9.672791
1.874588 -2.1438446 9.301453
2.2602081 -2.6127777 9.077698
2.6910553 -3.288803 9.308594
2.8838654 -3.422104 9.782288
2.798172 -3.1436005 10.198853
2.695816 -2.5746918 9.910828
2.5363312 -1.9129486 9.529968
2.457779 -1.8248749 9.420471
2.5387115 -1.9629364 9.408569
2.6482086 -2.3533173 9.246704
2.8672028 -2.9579315 9.213379
2.7267609 -3.2697601 9.330017
2.5767975 -3.3030853 9.515686
2.4911041 -3.0674286 9.456177
2.2816315 -2.7389374 9.463318
2.169754 -2.6437225 9.601379
2.2602081 -2.6318207 9.565674
2.3459015 -2.7698822 9.499023
2.355423 -2.8936615 9.327637
2.2959137 -3.0364838 9.0896
2.33638 -2.9650726 8.618286
2.1483307 -2.9912567 8.775391
2.150711 -3.0007782 8.982483
2.3078156 -2.7770233 9.1657715
2.393509 -2.7341766 9.444275
2.3958893 -2.6603851 9.520447
2.4482574 -2.698471 9.463318
2.4530182 -2.7222748 9.291931
2.5315704 -2.717514 9.087219
2.560135 -2.6627655 9.058655
2.5363312 -2.596115 9.072937
2.503006 -2.6032562 9.065796
2.5244293 -2.646103 9.149109
2.5053864 -2.6960907 9.203857
2.4696808 -2.7032318 9.406189
2.4720612 -2.8151093 9.437134
2.4363556 -2.7413177 9.537109
2.3530426 -2.672287 9.425232
2.3268585 -2.5746918 9.35144
2.329239 -2.6556244 9.408569
2.291153 -2.793686 9.263367
2.2387848 -2.9388885 9.237183
2.3030548 -2.922226 9.206238
2.3268585 -2.7865448 9.28479
2.3649445 -2.717514 9.296692
2.3720856 -2.6580048 9.215759
2.3982697 -2.6222992 9.201477
2.329239 -2.5794525 9.161011
2.3720856 -2.6556244 9.201477
Time Stop = 6591
