Time Start = 6689
9.341812 -0.8774872 1.2581787
9.287064 -0.95365906 1.1962891
9.322769 -0.9346161 1.0725098
9.294205 -0.972702 1.0106201
9.337051 -1.0250702 0.86065674
9.32753 -1.0798187 0.920166
9.32753 -1.139328 0.93444824
9.287064 -1.2916718 0.99871826
9.275162 -1.4606781 0.9725342
9.210892 -1.5130463 0.9701538
9.151382 -1.6249237 0.9939575
9.1132965 -1.684433 1.0153809
9.129959 -1.6630096 1.067749
9.232315 -1.7010956 1.1534424
9.315628 -1.7915497 1.2962646
9.398941 -1.877243 1.3986206
9.501297 -2.0843353 1.6676025
9.613174 -2.3461761 1.8556519
9.796463 -2.4294891 1.946106
9.832169 -2.5104218 2.2079468
9.7798 -2.543747 2.3912354
9.896439 -2.56279 2.543579
9.989273 -2.634201 2.6959229
10.113052 -2.838913 2.9315796
10.401077 -3.0198212 3.267212
10.681961 -3.198349 3.2910156
10.915237 -3.4578094 3.6123657
10.977127 -3.641098 3.9503784
11.053299 -3.8696136 4.2407837
11.198502 -4.2980804 4.7454224
11.519852 -4.5551605 5.0477295
11.734085 -4.3742523 5.402405
11.860245 -4.0219574 5.826111
11.910233 -3.5887299 5.9903564
11.860245 -3.3554535 6.27124
11.850723 -3.4839935 6.290283
12.074478 -3.929123 6.3878784
12.207779 -4.7098846 6.6187744
12.531509 -5.288315 6.752075
12.969498 -5.5168304 6.6711426
13.021866 -5.502548 6.737793
12.864761 -5.166916 6.8687134
12.595779 -4.576584 7.0305786
12.350601 -4.2100067 7.411438
12.245865 -3.97435 7.5828247
12.010208 -4.064804 7.494751
11.769791 -4.348068 7.2614746
11.565079 -4.6694183 7.1329346
11.548416 -5.00029 7.052002
11.519852 -5.1907196 6.987732
11.284195 -5.188339 6.816345
10.965225 -4.9907684 6.556885
10.48439 -4.8431854 6.392639
10.165421 -4.80748 6.4473877
9.894058 -4.7741547 6.347412
9.532242 -4.757492 6.347412
9.206131 -4.4004364 5.968933
8.570572 -3.8196259 5.9403687
7.9516754 -3.531601 5.9903564
7.2851715 -3.345932 5.8999023
6.7543488 -3.326889 5.8380127
6.4639435 -3.5554047 5.8737183
6.2520905 -3.1126556 5.3619385
5.795059 -2.479477 5.0977173
5.0857086 -2.1486053 5.3357544
4.5072784 -2.2390594 5.6690063
4.13356 -1.8153534 5.4404907
3.6860504 -1.3440399 5.3357544
3.183792 -0.79893494 5.1810303
2.7577057 -0.26811218 5.2476807
2.381607 0.27461243 5.121521
2.0388336 0.7221222 4.852539
1.6984406 0.82447815 4.942993
1.3985138 0.67689514 4.776367
1.219986 0.80067444 4.4954834
0.9867096 0.90779114 4.6026
0.82722473 1.0363312 4.633545
0.67012024 1.4338531 4.7454224
0.47731018 1.5576324 5.197693
0.4416046 1.6742706 5.5285645
0.2702179 1.8551788 5.768982
0.21308899 2.0241852 5.94989
0.13215637 2.286026 5.9784546
0.055984497 2.1884308 6.1498413
-0.060653687 2.31221 6.223633
-0.20109558 2.395523 6.5616455
-0.34629822 2.5669098 6.9544067
-0.4391327 2.8263702 7.301941
-0.4700775 2.8834991 7.699463
-0.4962616 3.0763092 7.823242
-0.60813904 3.0905914 7.8970337
-0.62480164 3.0310822 7.8446655
-0.5867157 3.1310577 7.7946777
-0.5533905 3.1739044 7.925598
-0.47721863 3.2691193 8.006531
-0.46531677 3.2857819 8.146973
-0.55815125 3.376236 8.249329
-0.6747894 3.5071564 8.38501
-0.8080902 3.5285797 8.3255005
-0.8414154 3.5023956 8.32312
-0.8152313 3.485733 8.263611
-0.81285095 3.447647 8.301697
-0.7533417 3.4452667 8.299316
-0.77952576 3.376236 8.427856
-0.7033539 3.4095612 8.475464
-0.69621277 3.478592 8.689697
-0.71287537 3.523819 8.822998
-0.7819061 3.569046 8.808716
-0.9175873 3.6166534 8.749207
-1.0080414 3.588089 8.680176
-1.1246796 3.5404816 8.663513
-1.1818085 3.5071564 8.623047
-1.2032318 3.4833527 8.637329
-1.1294403 3.4119415 8.775391
-0.97709656 3.447647 8.742065
-0.941391 3.4262238 8.665894
-0.92948914 3.40242 8.634949
-0.99375916 3.376236 8.587341
-0.9390106 3.266739 8.7682495
-0.83665466 3.292923 8.887268
-0.80332947 3.3405304 8.942017
-0.7176361 3.395279 8.987244
-0.76524353 3.542862 8.946777
-0.72239685 3.5523834 8.865845
-0.64860535 3.5571442 8.839661
-0.6367035 3.6214142 8.803955
-0.68907166 3.614273 8.808716
-0.72953796 3.6499786 8.870605
-0.7342987 3.6356964 8.782532
-0.6747894 3.6761627 8.744446
-0.69621277 3.6166534 8.725403
-0.67240906 3.588089 8.746826
-0.71287537 3.6166534 8.687317
-0.8176117 3.6404572 8.656372
-0.9080658 3.652359 8.64447
-0.9152069 3.6595001 8.715881
-0.8652191 3.6595001 8.70636
-0.7914276 3.5857086 8.639709
-0.7438202 3.5142975 8.582581
-0.7509613 3.4952545 8.715881
-0.7581024 3.4071808 8.742065
-0.74620056 3.4690704 8.780151
-0.71525574 3.5142975 8.801575
-0.74620056 3.5190582 8.887268
-0.7533417 3.511917 8.77301
-0.7414398 3.5285797 8.839661
-0.70573425 3.504776 8.839661
-0.6343231 3.569046 8.887268
-0.6367035 3.645218 8.863464
-0.6200409 3.6428375 8.830139
-0.6771698 3.7309113 8.937256
-0.6843109 3.7237701 8.820618
-0.62242126 3.728531 8.846802
-0.6128998 3.709488 8.801575
-0.6033783 3.8166046 8.789673
-0.5867157 3.7951813 8.789673
-0.65574646 3.7880402 8.777771
-0.627182 3.7856598 8.742065
-0.55815125 3.773758 8.780151
-0.5605316 3.8308868 8.680176
-0.627182 3.8070831 8.689697
-0.6938324 3.857071 8.737305
-0.74620056 3.8356476 8.77063
-0.6866913 3.8475494 8.732544
-0.6200409 3.826126 8.732544
-0.6033783 3.792801 8.613525
-0.69859314 3.7475739 8.718262
-0.6771698 3.754715 8.730164
-0.7081146 3.7309113 8.746826
-0.7009735 3.6833038 8.7872925
-0.70573425 3.6642609 8.744446
-0.7366791 3.6618805 8.70874
-0.7438202 3.6690216 8.751587
-0.74858093 3.6595001 8.742065
-0.71525574 3.5761871 8.777771
-0.7414398 3.6047516 8.792053
-0.68907166 3.652359 8.694458
-0.7604828 3.6856842 8.792053
-0.7581024 3.7142487 8.796814
-0.7842865 3.735672 8.792053
-0.7700043 3.7642365 8.758728
-0.7200165 3.709488 8.713501
-0.7676239 3.7142487 8.720642
-0.774765 3.7213898 8.732544
-0.8080902 3.7237701 8.694458
-0.7985687 3.735672 8.732544
-0.8342743 3.690445 8.730164
-0.7342987 3.7570953 8.694458
-0.7509613 3.6999664 8.713501
-0.71287537 3.7499542 8.692078
-0.7342987 3.6737823 8.723022
-0.6700287 3.6618805 8.723022
-0.6628876 3.626175 8.632568
-0.6700287 3.6571198 8.632568
-0.71525574 3.6952057 8.711121
-0.691452 3.7118683 8.742065
-0.60575867 3.7713776 8.753967
-0.60813904 3.792801 8.756348
-0.58909607 3.7785187 8.656372
-0.61528015 3.7713776 8.713501
-0.562912 3.7213898 8.744446
-0.58909607 3.7570953 8.780151
-0.5724335 3.7475739 8.763489
-0.6009979 3.7594757 8.751587
-0.6605072 3.7856598 8.803955
-0.7033539 3.7713776 8.796814
-0.74620056 3.7713776 8.820618
-0.70573425 3.8023224 8.880127
-0.64146423 3.8237457 8.806335
-0.7009735 3.8308868 8.8349
-0.6343231 3.7190094 8.780151
-0.63194275 3.728531 8.758728
-0.63194275 3.7713776 8.737305
-0.62242126 3.7451935 8.775391
-0.5867157 3.7309113 8.775391
-0.54148865 3.697586 8.718262
-0.56529236 3.6761627 8.70874
-0.60813904 3.6880646 8.646851
-0.6128998 3.7071075 8.670654
-0.63194275 3.690445 8.64209
-0.6367035 3.7332916 8.568298
-0.61528015 3.792801 8.551636
-0.58195496 3.773758 8.432617
-0.58909607 3.7404327 8.413574
-0.53434753 3.7475739 8.282654
-0.5938568 3.7071075 8.180298
-0.5795746 3.5976105 8.042236
-0.5533905 3.607132 7.847046
-0.5200653 3.5381012 7.6470947
-0.37010193 3.523819 7.4709473
-0.22489929 3.5023956 7.2852783
-0.11302185 3.523819 7.025818
-0.0677948 3.4524078 6.821106
-0.055892944 3.4833527 6.540222
-0.08921814 3.4547882 6.2212524
-0.13682556 3.4500275 5.992737
-0.11302185 3.3452911 5.742798
-0.11778259 3.1977081 5.6047363
0.096450806 3.035843 5.428589
0.26307678 3.0096588 5.390503
0.44874573 2.9549103 5.283386
0.58680725 2.9287262 5.257202
0.67726135 2.8454132 5.216736
0.81056213 2.702591 5.1691284
0.97242737 2.4098053 5.1810303
1.2176056 2.1812897 5.2095947
1.4746857 1.8980255 5.159607
1.7365265 1.7861481 5.0215454
1.8436432 1.7313995 4.9001465
1.8888702 1.4338531 5.05249
2.0078888 1.1386871 5.019165
2.1911774 0.86494446 4.902527
2.3982697 0.46028137 4.8025513
2.6743927 0.119888306 4.674011
2.9981232 -0.053878784 4.659729
3.3266144 -0.47520447 4.9691772
3.6860504 -0.93937683 5.071533
4.1692657 -1.177414 4.852539
4.550125 -1.47258 4.7216187
4.7834015 -1.960556 4.723999
5.202347 -2.49852 4.550232
5.9188385 -2.7722626 4.371704
6.711502 -3.2507172 4.435974
7.449417 -3.3887787 4.47406
7.91835 -3.3863983 4.588318
8.403946 -3.5006561 4.762085
8.932388 -3.512558 4.876343
9.52272 -3.1959686 4.8573
10.217789 -3.095993 4.800171
10.989029 -3.1745453 4.6049805
11.7816925 -3.4078217 4.4193115
12.719559 -3.8957977 4.288391
13.512222 -4.238571 3.909912
13.831192 -4.5242157 3.1767578
13.9882965 -4.781296 2.7054443
14.412003 -4.886032 2.5197754
15.03804 -5.0026703 2.4578857
15.704544 -5.1454926 2.4840698
16.213943 -5.3383026 2.6245117
16.454361 -5.4335175 2.7887573
16.485306 -5.423996 2.8815918
16.223465 -5.2811737 2.876831
15.790237 -5.0359955 2.8554077
15.278458 -4.878891 2.5959473
14.630997 -4.847946 2.5673828
13.866898 -4.6908417 2.3293457
13.205154 -5.0312347 2.6173706
12.762405 -4.893173 2.9101563
12.460098 -4.6717987 2.9291992
12.283951 -4.6051483 3.017273
12.27919 -4.4456635 2.729248
12.081619 -4.2528534 2.638794
11.884048 -3.807724 2.4674072
11.63649 -3.4768524 2.112732
11.215164 -3.2483368 1.84375
10.5629425 -2.9150848 1.7675781
10.017838 -2.6484833 1.7366333
9.801224 -2.4056854 1.8032837
9.706009 -2.2342987 1.9246826
9.6584015 -2.165268 2.1174927
9.701248 -2.146225 2.048462
9.632217 -2.0676727 1.9699097
9.539383 -2.0652924 1.8984985
9.408463 -2.0414886 1.798523
9.348953 -2.1390839 1.6890259
9.258499 -2.2914276 1.5700073
9.065689 -2.5485077 1.4105225
8.799088 -2.531845 1.3510132
8.730057 -2.5937347 1.2772217
8.860977 -2.5175629 1.2391357
9.1132965 -2.5151825 1.2081909
9.434647 -2.4937592 1.189148
9.684586 -2.184311 1.0915527
9.8892975 -2.0224457 1.0439453
9.948807 -1.851059 1.0296631
9.920242 -1.8224945 1.0844116
9.998795 -1.8653412 0.9296875
10.09639 -1.8605804 0.7487793
10.165421 -1.8534393 0.6083374
10.193985 -1.7653656 0.5821533
10.205887 -1.5606537 0.5845337
10.153519 -1.4368744 0.6821289
10.105911 -1.2797699 0.7154541
10.065445 -1.2274017 0.68688965
10.058304 -1.177414 0.6416626
9.998795 -0.9322357 0.5773926
9.974991 -0.79893494 0.477417
9.989273 -0.71562195 0.5250244
9.917862 -0.70848083 0.47027588
9.884537 -0.69181824 0.34173584
9.867874 -0.79893494 0.28460693
9.851212 -0.7013397 0.16320801
9.803604 -0.6870575 0.14178467
9.789322 -0.6227875 0.12512207
9.653641 -0.6632538 0.048950195
9.58461 -0.7703705 -0.020080566
9.539383 -0.86320496 -0.020080566
9.475113 -0.79655457 0.027526855
9.413223 -0.6275482 -0.0748291
9.306107 -0.4561615 -0.08673096
9.237076 -0.32762146 -0.081970215
9.182327 -0.39665222 -0.012939453
9.218033 -0.5442352 0.010864258
9.241837 -0.7108612 -0.0914917
9.232315 -0.88700867 -0.13909912
9.2799225 -0.9608002 -0.1486206
9.284683 -1.0155487 -0.0914917
9.356094 -0.991745 -0.13909912
9.420364 -1.0345917 -0.09625244
9.501297 -1.0012665 -0.06530762
9.629837 -1.010788 -0.039123535
9.629837 -0.9512787 0.091796875
9.632217 -0.927475 0.06561279
9.613174 -1.0036469 0.015625
9.665543 -1.0226898 0.029907227
9.6584015 -1.0179291 0.06085205
9.632217 -1.0084076 0.048950195
9.603653 -1.0845795 0.07513428
9.570328 -0.9346161 0.089416504
9.529861 -1.0036469 0.11798096
9.498917 -1.0203094 0.1060791
9.544144 -1.1321869 0.21557617
9.610794 -1.120285 0.1798706
9.563187 -1.1559906 0.22271729
9.627457 -1.1179047 0.18939209
9.579849 -1.0655365 0.26556396
9.532242 -1.0345917 0.24176025
9.52272 -1.056015 0.26556396
9.527481 -1.1678925 0.26080322
9.467972 -1.2488251 0.2869873
9.487015 -1.3678436 0.20129395
9.494156 -1.4273529 0.18463135
9.513199 -1.4916229 0.17272949
9.527481 -1.3987885 0.1560669
9.482254 -1.2512054 0.091796875
9.432266 -1.2083588 0.19891357
9.465591 -1.2916718 0.19177246
9.45607 -1.3630829 0.17510986
9.527481 -1.3987885 0.08703613
9.58461 -1.4368744 0.053710938
9.58461 -1.4440155 0.08227539
9.577469 -1.3916473 0.07989502
9.551285 -1.3130951 0.03466797
9.529861 -1.2559662 0.12512207
9.472733 -1.2345428 0.10369873
9.558426 -1.2821503 0.048950195
9.572708 -1.2059784 0.08227539
9.534622 -1.2440643 0.09655762
9.565567 -1.184555 0.0013427734
9.506058 -1.2107391 0.0013427734
9.539383 -1.2654877 -0.022460938
9.537003 -1.2892914 0.032287598
9.610794 -1.305954 -0.06530762
9.558426 -1.2797699 0.025146484
9.5750885 -1.267868 0.044189453
9.565567 -1.2345428 0.053710938
9.58699 -1.1916962 0.115600586
9.570328 -1.1893158 0.09893799
9.551285 -1.1797943 0.08227539
9.527481 -1.1702728 0.17510986
9.558426 -1.0845795 0.23223877
9.525101 -1.036972 0.23223877
9.546524 -1.0012665 0.26556396
9.567947 -0.9822235 0.32269287
9.541763 -1.010788 0.23223877
9.5750885 -1.0679169 0.18701172
9.5750885 -1.1012421 0.17034912
9.603653 -1.2083588 0.14892578
9.632217 -1.2297821 0.22033691
9.641739 -1.305954 0.25128174
9.65126 -1.2083588 0.23461914
9.615555 -1.1821747 0.22033691
9.591751 -1.0988617 0.23461914
9.596512 -1.0798187 0.24890137
9.594131 -1.0536346 0.19891357
9.572708 -1.0917206 0.18225098
9.567947 -1.1631317 0.17272949
9.5750885 -1.241684 0.13702393
9.58461 -1.305954 0.115600586
9.58699 -1.3178558 0.15368652
9.591751 -1.2464447 0.113220215
9.572708 -1.1964569 0.21081543
9.589371 -1.1750336 0.1560669
9.589371 -1.184555 0.20605469
9.636978 -1.2083588 0.12036133
9.603653 -1.2369232 0.089416504
9.565567 -1.2654877 0.16320801
9.501297 -1.2797699 0.013244629
9.5108185 -1.3083344 0.10845947
9.52034 -1.305954 0.046569824
9.475113 -1.2964325 0.048950195
9.501297 -1.3130951 0.025146484
9.527481 -1.3011932 0.020385742
9.515579 -1.2821503 -0.010559082
9.494156 -1.2440643 -0.036743164
9.484634 -1.2488251 0.015625
9.470352 -1.267868 -0.060546875
9.4917755 -1.2750092 0.0061035156
9.494156 -1.2464447 -0.08911133
9.448929 -1.2250214 0.025146484
9.446548 -1.1821747 0.020385742
9.451309 -1.1893158 0.053710938
9.489395 -1.1488495 0.032287598
9.570328 -1.1440887 -0.020080566
9.558426 -1.1250458 0.027526855
9.529861 -1.2012177 0.03704834
9.534622 -1.1988373 0.029907227
9.470352 -1.2012177 0.1227417
9.482254 -1.203598 0.08227539
9.467972 -1.2250214 0.15844727
9.460831 -1.1916962 0.110839844
9.503677 -1.2154999 0.12512207
9.556046 -1.1345673 0.12750244
9.52034 -1.1678925 0.17272949
9.501297 -1.1559906 0.19177246
9.527481 -1.1940765 0.21557617
9.553665 -1.2393036 0.23937988
9.553665 -1.2535858 0.2298584
9.563187 -1.2892914 0.246521
9.615555 -1.3154755 0.28460693
9.544144 -1.2535858 0.28936768
9.589371 -1.2345428 0.28460693
9.546524 -1.1893158 0.34173584
9.503677 -1.1488495 0.3369751
9.537003 -1.177414 0.31555176
9.548904 -1.177414 0.26080322
9.501297 -1.2274017 0.246521
9.544144 -1.2440643 0.24414063
9.4917755 -1.2988129 0.08465576
9.546524 -1.286911 0.20843506
9.498917 -1.2750092 0.12036133
9.534622 -1.2726288 0.12512207
9.501297 -1.2583466 0.12988281
9.563187 -1.2512054 0.12036133
9.548904 -1.2726288 0.10369873
9.489395 -1.2107391 0.12988281
9.579849 -1.1821747 0.072753906
9.556046 -1.2202606 0.10369873
9.515579 -1.203598 0.11798096
9.515579 -1.2464447 0.13226318
9.51796 -1.2512054 0.1227417
9.508438 -1.2274017 0.115600586
9.467972 -1.1988373 0.089416504
9.465591 -1.1821747 0.14892578
9.417984 -1.0607758 0.094177246
9.451309 -1.0250702 0.17510986
9.422745 -0.9988861 0.1060791
9.446548 -1.0631561 0.1394043
9.470352 -1.1702728 0.10845947
9.45369 -1.2369232 0.15130615
9.4917755 -1.3083344 0.08703613
9.539383 -1.3130951 0.115600586
9.513199 -1.3226166 0.12036133
9.544144 -1.2631073 0.2131958
9.560806 -1.1750336 0.18701172
9.546524 -1.1464691 0.24176025
9.551285 -1.184555 0.29412842
9.527481 -1.0893402 0.31793213
9.52034 -1.0774384 0.27508545
9.529861 -1.2131195 0.23461914
Time Stop = 6694
