Time Start = 6731
0.48683167 -1.5416107 9.984619
0.14167786 -1.7844086 9.794189
-0.058273315 -2.0010223 9.622803
0.16072083 -2.0771942 9.596619
0.4273224 -2.0605316 9.5442505
0.4273224 -2.0962372 9.565674
0.33448792 -2.120041 9.537109
0.277359 -2.1819305 9.553772
0.27497864 -2.4175873 9.598999
0.2035675 -2.6413422 9.451416
0.1464386 -2.7556 9.363342
0.15357971 -2.6246796 9.225281
0.02027893 -2.3985443 9.360962
-0.13444519 -2.2961884 9.587097
-0.22013855 -2.0986176 9.708496
-0.2725067 -1.9081879 9.663269
-0.2320404 -1.9415131 9.79895
-0.25108337 -2.2057343 9.953674
-0.055892944 -2.4651947 9.79895
-0.015426636 -2.5294647 9.651367
-0.09635925 -2.5984955 9.815613
-0.16539001 -2.531845 9.806091
0.1131134 -2.3104706 9.651367
-0.39152527 -2.146225 10.025085
-0.23442078 -2.120041 10.2178955
-1.0961151 -1.0988617 11.84845
-1.7221527 -1.1559906 10.815369
-1.1270599 -2.358078 10.50116
-0.562912 -3.807724 9.622803
-0.5938568 -4.8050995 8.908691
-0.30821228 -5.309738 9.1467285
-0.20347595 -4.2409515 9.3776245
-0.65812683 -2.7246552 8.818237
-1.0199432 -2.2961884 8.723022
-0.92948914 -2.1105194 8.380249
-0.58909607 -1.7844086 7.975586
0.053604126 -1.4321136 7.8946533
0.61299133 -1.0702972 7.9017944
0.7819977 -0.972702 7.887512
0.8486481 -1.1678925 7.854187
0.94148254 -1.3630829 7.823242
0.9105377 -1.4630585 7.854187
1.1200104 -2.1747894 11.608032
1.3794708 -3.1459808 13.636108
0.7486725 -2.3295135 12.800598
0.45588684 -3.0007782 10.591614
0.4511261 -2.588974 9.817993
-0.16062927 -1.6820526 9.994141
-0.5700531 -0.88700867 10.574951
-0.68193054 -0.19432068 10.494019
-0.47721863 -0.42997742 10.389282
-0.45103455 -1.0798187 9.994141
-0.59147644 -1.4035492 9.589478
-0.65574646 -1.6939545 9.508545
-0.46769714 -1.7772675 9.639465
-0.27488708 -1.8486786 9.79657
-0.2725067 -2.2438202 9.746582
-0.101119995 -2.9317474 9.687073
0.05836487 -3.3959198 9.67041
-0.1415863 -3.3578339 9.903687
-0.3391571 -2.8984222 9.465698
-0.46055603 -2.0224457 9.494263
-0.37010193 -2.120041 9.501404
-0.48197937 -2.6770477 9.080078
-0.4224701 -3.031723 9.239563
-0.17729187 -3.14122 9.53949
0.13453674 -2.9150848 9.506165
0.73677063 -2.191452 10.729675
0.9105377 -1.036972 11.022461
0.58680725 -0.4323578 10.077454
0.24403381 -0.9988861 9.3776245
-0.0011444092 -1.6392059 9.306213
0.2702179 -2.2795258 9.458557
0.62727356 -3.1769257 9.682312
0.6344147 -3.622055 9.746582
0.4582672 -3.3340302 9.729919
0.01789856 -2.7436981 9.694214
-0.14396667 -2.3080902 9.234802
-0.101119995 -2.2866669 10.039368
-0.11064148 -1.9129486 9.763245
-0.31297302 -2.0510101 9.639465
-0.6938324 -1.7320404 9.67041
-1.0342255 -1.3797455 9.820374
-1.0723114 -1.4297333 9.86322
-0.59147644 -1.6106415 10.18219
-0.5938568 -1.6368256 9.6918335
-1.0009003 -1.47258 9.739441
-0.99375916 -1.6368256 9.427612
-1.365097 -1.47258 9.594238
-0.332016 -2.69133 10.058411
-0.37486267 -2.6746674 9.663269
-0.78666687 -1.9081879 9.260986
-0.47483826 -2.5294647 10.094116
-0.44865417 -3.2316742 9.318115
-0.7581024 -2.3795013 9.437134
-0.9009247 -2.1581268 9.429993
-0.5034027 -2.2819061 9.834656
-0.69621277 -2.0724335 9.656128
-0.98661804 -1.9629364 9.560913
-0.9342499 -2.0200653 9.684692
-1.1437225 -2.043869 9.86084
-1.0627899 -2.229538 9.537109
-0.74858093 -2.1128998 9.944153
-0.60575867 -2.3795013 9.917969
-1.2556 -1.72966 9.439514
-1.1484833 -1.5939789 9.720398
-0.6628876 -1.8439178 10.129822
-0.79618835 -1.8367767 9.910828
-1.108017 -1.4749603 9.7561035
-1.0366058 -1.2631073 9.837036
-0.9342499 -1.2321625 9.994141
-0.6795502 -1.3868866 9.751343
-0.86997986 -1.9177094 9.7561035
-0.65574646 -2.4770966 9.444275
-0.64146423 -2.5556488 9.482361
-0.4724579 -2.3223724 9.358582
-0.23918152 -2.596115 9.791809
-0.18919373 -2.4818573 9.368103
-0.2320404 -1.9653168 9.772766
-0.060653687 -1.3559418 9.853699
0.53681946 -1.267868 10.434509
0.6796417 -1.9962616 10.065552
0.2535553 -1.979599 9.572815
-0.015426636 -1.9938812 9.513306
0.094070435 -2.3057098 9.496643
0.26545715 -2.0581512 9.579956
0.36305237 -1.7582245 9.891785
0.28450012 -1.453537 9.827515
0.31306458 -1.3607025 9.967957
0.31782532 -1.4868622 9.527588
0.3106842 -1.6534882 9.808472
0.35591125 -1.7510834 9.682312
0.277359 -2.1581268 9.496643
0.2702179 -2.3890228 9.727539
0.24403381 -2.6318207 9.698975
0.13453674 -2.1176605 9.867981
0.005996704 -1.5844574 9.632324
0.04170227 -1.1726532 9.939392
0.12501526 -1.1369476 9.98938
0.23451233 -1.8248749 9.629944
0.04408264 -1.8724823 9.8394165
-0.11064148 -1.2654877 9.772766
0.11073303 -1.5416107 9.753723
0.4178009 -1.7915497 10.236938
0.86531067 -2.6603851 10.048889
0.5677643 -3.3173676 9.896545
1.1271515 -3.6887054 7.9779663
0.08454895 -3.0602875 9.563293
-0.041610718 -2.0533905 9.725159
-0.49388123 -1.5082855 9.610901
-0.95329285 -1.3916473 9.817993
-0.9342499 -1.6915741 9.660889
-1.6459808 -1.8701019 9.470459
-1.9459076 -1.6868134 9.484741
-1.9030609 -1.5059052 9.563293
-1.5483856 -1.6439667 9.948914
-1.8744965 -1.5987396 9.901306
-1.6102753 -1.4892426 9.870361
-1.9054413 -1.0774384 9.772766
-1.8411713 -1.305954 9.646606
-2.4457855 -1.3583221 9.365723
-0.5105438 -1.9819794 9.694214
-1.5793304 -2.6389618 9.41571
-1.0366058 -2.6865692 9.718018
-1.5840912 -2.2342987 9.225281
-0.86997986 -1.915329 9.510925
-0.20109558 -1.979599 10.432129
-0.7081146 -1.6511078 9.777527
-1.1365814 -1.4368744 9.556152
-1.51268 -1.9367523 9.184814
0.1464386 -2.7651215 10.653503
-0.04875183 -2.331894 9.720398
-0.9342499 -1.767746 9.806091
-1.0389862 -1.8367767 9.465698
-0.9556732 -2.1795502 9.534729
-1.0080414 -1.5154266 9.815613
-0.82951355 -1.5392303 9.73468
-0.7366791 -2.005783 9.641846
-0.6438446 -2.4247284 9.737061
-0.5724335 -2.5104218 9.653748
-0.7914276 -2.6199188 9.527588
-0.8914032 -2.3914032 9.4609375
-0.92948914 -2.3057098 9.698975
-0.81999207 -2.550888 9.784668
-0.7247772 -2.4937592 9.791809
-0.5224457 -2.6127777 9.760864
-0.8414154 -2.6960907 9.401428
-0.87950134 -2.4747162 9.687073
-0.5938568 -2.3937836 9.651367
-0.51768494 -2.0224457 9.720398
-0.6533661 -1.8272552 9.703735
-0.6605072 -1.7606049 9.744202
-0.60813904 -1.7201385 9.779907
-0.54148865 -1.6987152 9.7323
-0.57481384 -1.8724823 9.801331
-0.691452 -1.8748627 9.867981
-0.34391785 -2.0962372 9.817993
-0.2986908 -2.089096 9.856079
-0.332016 -2.217636 9.753723
-0.40104675 -2.3556976 9.718018
-0.35343933 -2.396164 9.644226
-0.41770935 -2.3247528 9.646606
-0.44151306 -2.2795258 9.679932
-0.50102234 -2.210495 9.741821
-0.44389343 -2.146225 9.648987
-0.47483826 -2.0843353 9.710876
-0.49388123 -1.9962616 9.725159
-0.52482605 -2.081955 9.813232
-0.6605072 -1.7153778 9.963196
-0.7819061 -1.7248993 9.865601
-0.8675995 -1.5082855 9.829895
-0.74858093 -1.5225677 9.801331
-0.62480164 -1.9010468 9.437134
-0.5224457 -2.448532 9.956055
-0.18681335 -2.8722382 9.73468
0.15357971 -3.2959442 9.496643
0.01789856 -3.0531464 9.582336
-0.16300964 -2.7151337 9.534729
-0.10588074 -2.698471 9.5442505
-0.039230347 -2.7484589 9.520447
0.115493774 -2.7698822 9.867981
0.20118713 -2.486618 9.763245
0.11073303 -2.4366302 10.1345825
-0.015426636 -2.384262 9.522827
0.3678131 -2.3414154 10.489258
-0.4867401 -2.5128021 9.172913
-0.6676483 -2.1819305 9.675171
-0.7200165 -2.1057587 9.658508
-0.9794769 -2.5984955 9.506165
-0.86997986 -2.710373 9.403809
-1.2984467 -2.8936615 9.399048
-1.2317963 -2.9626923 9.389526
-1.1413422 -2.903183 9.35144
-1.3365326 -2.6556244 9.575195
-1.2222748 -2.3675995 9.718018
-1.0723114 -2.3152313 9.851318
-1.3936615 -1.6725311 9.703735
-1.31987 -1.7129974 9.808472
-1.4460297 -2.1795502 9.401428
-0.7081146 -2.1985931 9.960815
-0.15110779 -2.812729 9.560913
-0.48912048 -2.679428 10.11792
-1.4698334 -2.7436981 9.084839
-0.8675995 -2.8032074 9.353821
-0.63194275 -3.3316498 9.529968
-1.2008514 -3.0626678 9.208618
-1.2008514 -2.6841888 9.325256
-0.15586853 -2.8246307 9.79657
-0.7033539 -2.274765 9.639465
-1.005661 -1.517807 9.713257
-0.46769714 -2.1224213 9.696594
-0.562912 -2.3937836 9.746582
-1.005661 -2.550888 9.315735
-0.92948914 -2.7651215 9.584717
-1.1413422 -2.8174896 9.418091
-0.85569763 -3.0150604 9.713257
-0.7342987 -2.8817596 9.558533
-0.71287537 -2.7865448 9.625183
-0.28440857 -2.9341278 10.05603
-0.7342987 -2.4842377 9.315735
-0.6176605 -2.120041 9.779907
-0.49864197 -2.2985687 9.696594
-0.48435974 -2.146225 9.768005
-0.6605072 -2.2200165 9.653748
-0.6509857 -2.1509857 9.787048
-0.64860535 -2.203354 9.722778
-0.7271576 -2.248581 9.627563
-0.4058075 -2.4056854 10.008423
-0.40104675 -2.4889984 9.98938
-0.42008972 -2.1605072 9.644226
-0.5295868 -2.1747894 9.579956
-0.7033539 -2.1390839 9.199097
-0.60575867 -2.203354 9.41571
-0.12730408 -2.4699554 9.672791
-0.12968445 -3.0079193 9.420471
-0.1415863 -3.224533 9.641846
-0.015426636 -3.4816132 9.456177
-0.0844574 -3.7934418 9.468079
-0.5700531 -3.769638 9.227661
-0.7676239 -3.107895 9.5442505
-0.3796234 -2.1176605 9.763245
-0.17967224 -1.6487274 10.167908
-0.50816345 -1.6320648 9.022949
-0.9390106 -2.2890472 10.0703125
-0.55815125 -1.6963348 9.665649
-0.30821228 -2.0224457 9.808472
-0.58909607 -2.6127777 9.629944
-0.61528015 -2.8698578 9.610901
-0.43199158 -3.20549 9.532349
-0.32963562 -3.5101776 9.558533
-0.562912 -3.4268646 9.587097
-0.5557709 -2.9960175 9.632324
-0.6771698 -2.6056366 9.506165
-0.922348 -2.5199432 9.503784
-1.1151581 -2.4199677 9.594238
-1.069931 -2.3033295 9.572815
-1.1270599 -2.2914276 9.496643
-1.1556244 -2.2128754 9.656128
-1.2460785 -2.108139 9.5252075
-1.2865448 -2.0676727 9.537109
-1.005661 -2.4509125 9.758484
-0.7200165 -2.3556976 10.032227
-1.0627899 -1.6439667 9.701355
-1.1389618 -1.8248749 9.853699
-1.3412933 -1.9462738 9.520447
-0.7700043 -2.2700043 10.229797
-0.32725525 -2.986496 9.60614
-0.6533661 -2.505661 9.515686
-0.83665466 -2.569931 9.47998
-0.4700775 -3.0793304 9.472839
-0.7081146 -2.974594 9.3966675
-0.793808 -2.6199188 9.41571
-0.9056854 -2.255722 9.60376
-0.8414154 -1.8082123 9.753723
-0.8318939 -2.1033783 9.575195
-0.8485565 -2.0581512 9.803711
-0.793808 -2.165268 9.589478
-0.71525574 -2.608017 9.725159
-0.5700531 -2.717514 9.60376
-0.36772156 -2.729416 9.644226
-0.017807007 -3.1436005 9.908447
-0.48435974 -2.9365082 9.310974
-0.59861755 -2.8722382 9.665649
-0.4391327 -2.838913 9.620422
-0.25108337 -2.4556732 9.684692
-0.30107117 -2.210495 9.615662
0.008377075 -2.3985443 10.141724
-0.14396667 -2.5842133 9.887024
-0.09397888 -1.3488007 10.170288
0.117874146 -2.5128021 9.763245
-0.2986908 -1.5963593 9.446655
-0.37724304 -1.582077 9.496643
-0.23442078 -2.089096 9.677551
-0.29631042 -2.0867157 9.763245
-0.08921814 -2.422348 9.837036
0.034561157 -1.9272308 9.956055
0.2868805 -2.036728 9.908447
0.24165344 -2.3985443 9.501404
0.117874146 -2.88414 9.5252075
0.4106598 -2.94841 9.6085205
0.08692932 -3.4982758 8.839661
0.08216858 -2.8222504 9.79895
-0.0035247803 -2.5770721 9.363342
0.34877014 -2.5532684 9.946533
0.33210754 -2.396164 9.084839
0.6510773 -2.1414642 9.853699
1.1509552 -2.8151093 10.746338
0.86769104 -2.293808 9.28479
0.6653595 -1.2964325 9.960815
0.28926086 -0.88700867 9.494263
0.46540833 -1.0869598 10.125061
0.68440247 -0.844162 9.765625
1.0581207 -0.68943787 9.984619
1.3175812 -1.6582489 10.736816
1.2414093 -2.0652924 12.305481
1.4937286 -2.5580292 11.522339
1.938858 -2.3057098 9.358582
-1.403183 -3.1197968 9.096741
-0.72953796 -4.288559 9.0824585
-2.1268158 -3.9267426 8.746826
-3.5240936 -2.3866425 8.573059
-3.5978851 -1.7986908 8.544495
-3.8002167 -2.9317474 9.080078
-3.1503754 -3.005539 9.103882
-3.083725 -3.2673798 9.149109
-2.5267181 -3.8434296 9.115784
-2.133957 -3.069809 8.96582
-1.7364349 -2.7389374 9.770386
-1.8221283 -1.9248505 9.658508
-1.5460052 -2.5009003 9.239563
-1.4626923 -3.4625702 9.308594
-1.8887787 -3.1293182 9.360962
-1.4745941 -2.339035 9.489502
-1.4841156 -2.0153046 9.8394165
-1.4983978 -2.0462494 9.672791
-1.5936127 -1.8986664 9.665649
-1.3484344 -1.9557953 10.144104
-1.891159 -1.8629608 9.60376
-2.0530243 -1.8248749 9.199097
-1.6555023 -2.184311 9.09436
-0.0677948 -2.49852 10.494019
-0.16062927 -3.467331 9.41333
0.11073303 -2.8960419 11.20813
-0.11778259 -3.6887054 9.470459
-0.32725525 -3.429245 9.339539
-0.16777039 -3.8505707 9.577576
-0.010665894 -3.5911102 9.601379
-0.12730408 -2.6389618 9.508545
-0.31773376 -2.1700287 9.556152
-0.31297302 -2.1033783 9.896545
-0.35105896 -2.017685 9.794189
-0.22727966 -1.9867401 9.753723
-0.4296112 -2.415207 9.558533
-0.7009735 -2.62706 10.001282
-0.8247528 -2.448532 9.318115
-0.7414398 -2.679428 9.746582
-1.217514 -2.4056854 9.553772
-0.97709656 -2.2509613 9.651367
-0.89378357 -2.274765 9.660889
-0.8152313 -1.9557953 9.760864
-0.62242126 -2.1390839 9.844177
-0.78904724 -2.5461273 9.784668
-0.7676239 -2.6865692 9.53949
-0.81999207 -2.6699066 9.644226
-0.8985443 -2.7056122 9.637085
-0.9175873 -2.6818085 9.532349
-1.0199432 -2.6413422 9.453796
-1.1127777 -2.653244 9.508545
-0.97709656 -2.9888763 9.391907
-0.9509125 -3.1055145 9.325256
-0.85569763 -3.0602875 9.449036
-0.7366791 -2.6580048 9.627563
-0.8437958 -2.1890717 9.656128
-0.32963562 -2.127182 10.203613
-0.4296112 -1.9867401 9.713257
-0.73191833 -2.2961884 9.770386
-0.85569763 -2.2009735 9.6085205
-0.91044617 -2.0200653 9.515686
-1.3412933 -1.9867401 9.456177
-0.28678894 -2.7651215 9.763245
-0.12968445 -2.0986176 9.851318
-0.5272064 -1.6534882 9.906067
-0.2820282 -1.8677216 9.879883
-0.41770935 -1.9676971 9.6918335
-0.710495 -1.9915009 9.768005
-0.8080902 -2.377121 9.482361
-0.5462494 -2.7579803 9.825134
-0.7842865 -3.3673553 9.653748
-0.73905945 -2.8508148 9.672791
-0.7271576 -2.2200165 8.863464
-0.27726746 -1.9010468 10.084595
0.2368927 -2.5937347 9.684692
0.06312561 -2.569931 9.3133545
-0.16777039 -2.9150848 9.718018
0.09169006 -3.448288 9.41095
0.05836487 -3.519699 9.2300415
0.11073303 -3.807724 9.646606
-0.2320404 -3.3983002 9.472839
-0.50816345 -2.3747406 9.444275
-0.53434753 -2.2009735 9.584717
-0.34391785 -2.2842865 9.710876
-0.3391571 -2.377121 9.679932
-0.2891693 -2.4723358 9.634705
-0.17967224 -2.56279 9.330017
0.07978821 -2.7960663 10.31073
-0.14634705 -2.736557 9.382385
-0.02494812 -2.8889008 9.713257
-0.23442078 -2.6175385 9.665649
-0.14396667 -2.8936615 9.744202
-0.07255554 -3.1031342 9.618042
-0.14396667 -2.9150848 9.596619
-0.33677673 -2.634201 9.660889
-0.45817566 -2.3818817 9.451416
-0.5557709 -2.2533417 9.632324
-0.5843353 -2.2128754 9.784668
-0.57481384 -2.172409 9.679932
-0.5795746 -2.1700287 9.763245
-0.479599 -2.2271576 9.832275
-0.4058075 -2.3223724 9.663269
-0.3486786 -2.4699554 9.7323
-0.38200378 -2.6103973 9.801331
-0.39390564 -2.7865448 9.618042
-0.46531677 -2.9722137 9.577576
-0.4867401 -2.7556 9.589478
-0.5867157 -2.588974 9.591858
-0.562912 -2.524704 9.5442505
-0.61528015 -2.4342499 9.610901
-0.63908386 -2.4889984 9.66803
-0.5795746 -2.350937 9.468079
-0.4867401 -2.3675995 9.646606
-0.479599 -2.505661 9.760864
-0.44151306 -2.5461273 9.625183
-0.4557953 -2.4651947 9.675171
-0.332016 -2.4937592 9.820374
-0.39152527 -2.4937592 9.627563
-0.5533905 -2.403305 9.753723
-0.63908386 -2.3795013 9.739441
-0.7438202 -2.0533905 9.622803
-0.7700043 -1.9367523 9.487122
-0.8318939 -2.5223236 9.565674
-1.1175385 -2.5984955 9.28717
0.10835266 -2.69133 10.039368
-0.42723083 -2.6175385 9.639465
-0.6866913 -1.8034515 9.627563
-0.50102234 -2.1628876 9.582336
-0.44389343 -2.781784 9.444275
-0.49388123 -2.255722 9.694214
-0.4867401 -2.1295624 9.575195
-0.48912048 -2.5223236 9.587097
-0.5367279 -2.49852 9.79657
-0.60575867 -2.3223724 9.844177
-0.7509613 -2.184311 9.575195
-0.6509857 -1.8820038 10.139343
-0.55815125 -1.9415131 9.484741
-0.562912 -2.4080658 8.887268
-0.20347595 -4.3290253 9.380005
0.025039673 -4.4956512 9.320496
0.56062317 -3.5411224 9.979858
0.3368683 -2.2009735 9.848938
0.0155181885 -1.7915497 9.948914
Time Stop = 6736
