Time Start = 6302
0.26783752 3.9380035 7.4519043
0.29640198 4.099869 7.494751
0.1797638 4.3402863 7.35907
0.032180786 4.352188 7.2043457
0.08930969 4.3688507 7.059143
0.2368927 4.147476 6.935364
0.53681946 4.0355988 6.968689
0.7248688 3.8927765 6.9663086
0.82484436 3.992752 6.8829956
0.89149475 4.0070343 6.935364
0.93434143 4.133194 6.904419
1.0224152 4.242691 7.0162964
1.0057526 4.216507 6.9020386
1.0390778 3.7594757 6.9139404
1.0747833 3.331009 6.668762
1.0390778 2.8787384 6.585449
1.015274 2.4312286 6.583069
1.0747833 2.1884308 6.540222
1.1771393 1.9146881 6.3426514
1.3390045 1.7528229 6.1069946
1.4651642 1.574295 5.761841
1.5865631 1.5433502 5.673767
1.6270294 1.6076202 5.6452026
1.5556183 1.5362091 5.764221
1.624649 1.3957672 5.9832153
1.9745636 1.2672272 6.4021606
2.4958649 1.4029083 6.3378906
2.990982 1.4409943 5.840393
3.3313751 1.0601349 5.1905518
3.3527985 0.33888245 4.5097656
3.2004547 -0.25144958 3.800415
3.1623688 -1.1131439 3.44812
3.2528229 -2.0224457 3.2172241
3.7574615 -3.024582 3.210083
4.5525055 -3.9338837 2.729248
5.48085 -4.3504486 2.5792847
5.9640656 -4.2338104 2.3840942
5.9378815 -3.9886322 2.131775
5.852188 -3.981491 1.9580078
5.7403107 -4.1052704 1.7390137
6.102127 -4.3361664 1.189148
6.9709625 -5.1121674 0.69403076
8.201614 -6.2404633 0.23223877
9.572708 -7.323532 0.07989502
10.686722 -7.4544525 -0.055786133
10.974747 -6.821274 0.048950195
10.720047 -6.1523895 -0.062927246
10.586746 -5.5239716 -0.41760254
11.100906 -5.4525604 -1.1364746
11.888809 -5.621567 -2.1243286
12.588638 -5.881027 -3.0026855
13.695511 -6.0167084 -4.0143433
14.58577 -6.509445 -4.435669
15.028519 -6.6284637 -5.097412
15.623611 -7.0069427 -5.4520874
16.473404 -7.349716 -6.063843
17.458878 -7.349716 -6.573242
17.432693 -8.732712 -6.513733
17.713577 -9.334946 -6.149536
17.454117 -9.696762 -6.059082
17.001846 -9.989548 -5.904358
16.51625 -9.8134 -5.9591064
15.849747 -9.770554 -5.692505
15.364151 -9.584885 -5.5234985
15.409378 -9.020737 -5.3687744
15.480789 -8.711288 -5.2402344
15.314163 -8.59465 -4.7784424
14.633377 -8.287582 -4.2023926
13.962112 -8.137619 -3.550171
13.412247 -7.873398 -3.1264648
12.817154 -7.3330536 -3.0669556
12.479141 -6.6403656 -3.2978516
12.376785 -6.207138 -3.4406738
12.1792145 -6.2238007 -3.4882813
11.672195 -6.488022 -3.3335571
11.217545 -6.509445 -2.9717407
11.027115 -6.290451 -2.4361572
11.065201 -5.566818 -1.793457
11.25325 -4.705124 -1.3768921
11.415115 -3.9981537 -1.074585
11.386551 -4.0624237 -0.9222412
11.067581 -4.402817 -1.0579224
10.684341 -4.7979584 -1.1174316
10.301102 -5.2478485 -1.2650146
9.84169 -5.3383026 -1.4411621
9.539383 -5.0478973 -1.4459229
9.322769 -4.602768 -1.5006714
9.256119 -4.788437 -1.3292847
9.153763 -4.8884125 -1.1959839
9.058548 -5.1716766 -1.0507813
8.889542 -5.3621063 -0.9293823
8.81575 -5.476364 -0.8579712
8.827652 -5.290695 -0.65563965
8.875259 -4.969345 -0.5009155
9.065689 -5.0550385 -0.5675659
9.384659 -5.071701 -0.47473145
9.71077 -4.976486 -0.20098877
9.6584015 -4.845566 0.008483887
9.079971 -4.8741302 0.018005371
8.275406 -4.8050995 0.12750244
7.456558 -4.5861053 0.10131836
6.801956 -4.345688 0.0037231445
6.4568024 -4.238571 -0.015319824
6.50679 -4.0481415 0.05609131
6.909073 -3.9338837 0.022766113
7.5731964 -3.9338837 -0.11767578
8.315872 -4.052902 -0.22479248
9.020462 -4.321884 -0.5461426
9.720291 -4.314743 -0.5270996
10.22493 -4.2861786 -0.59375
10.80574 -4.10289 -0.49853516
11.434158 -3.981491 -0.64849854
11.988785 -3.9886322 -0.824646
12.476761 -3.9672089 -0.92700195
12.871902 -4.0433807 -1.1293335
13.214676 -4.114792 -1.1936035
13.393204 -3.9767303 -1.2721558
13.338455 -3.8624725 -1.3745117
13.245621 -3.7482147 -1.5673218
12.9361725 -3.550644 -1.4054565
12.974258 -3.512558 -1.9957886
12.614822 -3.724411 -1.6553955
12.524368 -3.6244354 -1.9767456
12.305374 -3.3625946 -1.9243774
12.21492 -3.5149384 -1.7529907
11.693619 -3.2292938 -1.6173096
11.341324 -2.857956 -1.4863892
11.12709 -2.5342255 -1.4697266
10.991409 -2.3176117 -1.2840576
10.879532 -2.4056854 -1.498291
10.596268 -2.6865692 -1.5958862
10.477249 -2.9650726 -1.7863159
10.491531 -3.1745453 -1.9053345
10.327286 -3.3221283 -1.8053589
10.198746 -2.8627167 -1.5744629
10.013077 -2.3699799 -1.2412109
9.913101 -1.9748383 -1.0412598
9.965469 -1.8272552 -0.972229
10.070206 -1.8867645 -0.9579468
10.146378 -2.0867157 -1.0484009
10.143997 -2.3271332 -1.1483765
10.09877 -2.6437225 -1.203125
10.146378 -2.7222748 -1.2435913
10.74147 -2.7127533 -1.3340454
11.641251 -2.7865448 -1.414978
12.438675 -2.9531708 -1.3602295
12.576736 -3.2102509 -1.1507568
12.350601 -3.467331 -0.92700195
11.869766 -3.5149384 -0.7984619
11.012833 -3.7125092 -0.5699463
9.9535675 -4.0171967 -0.3461914
8.803848 -4.383774 -0.010559082
7.7779083 -4.6646576 0.12988281
6.787674 -4.609909 0.11798096
6.0783234 -4.4337616 0.0013427734
5.5475006 -4.307602 -0.024841309
5.204727 -4.1124115 -0.12957764
5.140457 -3.8291473 -0.079589844
5.235672 -3.538742 -0.06530762
5.633194 -3.3411713 -0.14624023
5.9569244 -3.2911835 -0.15814209
6.344925 -3.1364594 -0.17004395
6.640091 -3.1126556 0.25128174
6.8352814 -2.9888763 0.5321655
7.089981 -2.9150848 0.5750122
7.3565826 -2.9341278 0.3869629
7.5612946 -2.9436493 0.14416504
7.7588654 -3.1031342 -0.24859619
7.9064484 -3.300705 -0.34857178
8.151627 -3.2935638 -0.4699707
8.023087 -3.455429 -0.3390503
8.018326 -3.6172943 -0.17480469
8.127823 -3.6958466 -0.1986084
8.394424 -3.7220306 -0.1652832
8.62532 -3.750595 -0.16766357
8.8181305 -3.743454 -0.15576172
8.982376 -3.7267914 -0.24859619
9.013321 -3.8957977 -0.38427734
9.084732 -4.2599945 -0.53900146
9.170425 -4.5742035 -0.8508301
9.320389 -5.059799 -1.0936279
9.277542 -5.393051 -1.3031006
9.258499 -5.6120453 -1.3388062
9.296585 -5.7405853 -1.286438
9.565567 -5.840561 -1.3364258
9.736954 -5.745346 -1.4030762
10.09877 -5.566818 -1.4816284
10.474869 -5.333542 -1.4840088
10.810501 -5.1954803 -1.6220703
11.169937 -5.026474 -1.664917
11.474625 -4.9026947 -1.562561
11.653152 -4.8693695 -1.5554199
11.722183 -4.995529 -1.7791748
11.731705 -5.283554 -1.9196167
11.784073 -5.3311615 -2.421875
12.026871 -5.276413 -3.0288696
12.21492 -5.2145233 -3.5335083
12.250626 -5.1335907 -3.9429321
12.238724 -4.912216 -4.0809937
12.27681 -4.6694183 -4.25
12.226822 -4.55278 -4.2666626
12.122086 -4.531357 -4.2071533
12.084 -4.4956512 -4.2071533
12.060196 -4.4123383 -4.197632
11.5507965 -4.5504 -3.9381714
10.367752 -4.9026947 -3.5644531
8.994278 -5.155014 -2.9788818
7.5874786 -5.2740326 -2.2861938
6.363968 -5.1121674 -1.5887451
5.518936 -4.80748 -0.96746826
5.03096 -4.352829 -0.3890381
5.0285797 -3.8029633 0.24890137
5.47847 -3.3625946 0.64404297
6.2473297 -3.0198212 0.6392822
7.1756744 -2.8555756 0.41552734
7.570816 -3.095993 0.4440918
7.873123 -3.8172455 0.47503662
8.011185 -4.3742523 0.5988159
8.127823 -4.8693695 0.8201904
8.449173 -5.181198 0.55596924
8.94429 -5.545395 0.16082764
9.5108185 -5.7144012 -0.05102539
9.641739 -5.7048798 0.20367432
9.594131 -5.666794 0.59643555
9.52272 -5.719162 1.041565
9.45845 -5.6310883 1.5081177
9.434647 -5.3430634 1.8723145
9.4917755 -4.9193573 2.0532227
9.548904 -4.852707 2.0651245
9.515579 -4.8170013 1.9199219
9.460831 -5.0740814 1.5747681
9.348953 -5.226425 1.3200684
9.32991 -5.4477997 1.041565
9.375137 -5.6382294 0.7225952
9.501297 -5.7739105 0.38458252
9.515579 -5.7477264 -0.07720947
9.353714 -5.7596283 -0.07720947
9.184708 -5.2811737 -0.18670654
8.958572 -4.924118 0.15130615
8.870499 -4.776535 0.2131958
9.051407 -4.8503265 0.394104
9.2799225 -4.74559 0.39648438
9.703629 -4.738449 0.23223877
9.977371 -4.7360687 -0.00579834
10.058304 -4.8884125 -0.27954102
10.008316 -4.9074554 -0.7175293
10.151138 -5.078842 -0.73895264
10.070206 -4.833664 -1.036499
10.072586 -4.988388 -1.1507568
10.320145 -5.0169525 -1.4006958
10.660538 -4.893173 -1.7244263
10.881912 -4.776535 -2.0219727
11.281815 -4.6717987 -2.1386108
11.822159 -4.6265717 -2.2504883
12.460098 -4.724167 -2.3504639
12.8528595 -4.9669647 -2.383789
13.150406 -5.307358 -2.229065
13.440811 -5.4977875 -2.13385
13.512222 -5.621567 -2.0648193
13.100418 -5.757248 -2.1362305
12.14827 -5.7024994 -2.2028809
11.029495 -5.6334686 -2.3290405
9.927383 -5.219284 -2.3409424
8.951431 -4.8693695 -2.319519
8.251602 -4.636093 -2.183838
7.956436 -4.4528046 -2.1314697
7.892166 -4.2718964 -2.081482
8.325394 -4.133835 -2.1362305
8.884781 -3.800583 -2.1790771
9.32991 -3.5625458 -2.1671753
9.732193 -3.3506927 -2.1029053
9.991653 -3.2007294 -1.9696045
10.132095 -3.031723 -1.7863159
10.122574 -3.0602875 -1.7815552
10.027359 -2.974594 -1.7506104
9.822647 -2.8317719 -1.7220459
9.377518 -2.8912811 -1.5006714
8.913345 -2.960312 -1.3745117
8.425369 -3.0341034 -0.98413086
8.004044 -3.0483856 -0.7032471
7.5946198 -3.107895 -0.5032959
7.4470367 -3.1864471 -0.49853516
7.3637238 -3.236435 -0.42712402
7.3232574 -3.0936127 -0.32714844
7.192337 -2.5604095 -0.13909912
6.901932 -2.1747894 0.15844727
6.582962 -2.0153046 0.43218994
6.2592316 -1.9653168 0.5202637
6.061661 -2.146225 0.49645996
5.978348 -2.4247284 0.46313477
5.9973907 -2.7270355 0.46551514
6.023575 -3.0460052 0.35125732
6.152115 -3.3221283 0.38458252
6.2473297 -3.603012 0.41314697
6.337784 -3.7863007 0.5107422
6.4187164 -3.84581 0.4512329
6.666275 -3.7529755 0.43695068
7.0399933 -3.583969 0.45599365
7.4018097 -3.3340302 0.38458252
8.018326 -3.1674042 0.33221436
8.708633 -3.0626678 0.31079102
9.382278 -3.0079193 0.22271729
9.97261 -3.0031586 0.14178467
10.2487335 -3.2150116 0.032287598
10.653397 -3.4697113 -0.055786133
11.015213 -3.7410736 -0.2652588
11.481766 -3.7743988 -0.6246948
11.984024 -3.8672333 -0.6532593
12.7695465 -3.9219818 -1.1817017
13.300369 -3.9457855 -1.3364258
14.085892 -4.1076508 -1.5744629
14.1549225 -4.42424 -1.6339722
14.26442 -4.6003876 -1.8862915
13.862137 -5.057419 -1.7149048
13.021866 -5.352585 -1.664917
11.853104 -5.666794 -1.3911743
10.574844 -6.02623 -1.2174072
9.601273 -6.238083 -1.0674438
8.932388 -6.2023773 -0.92700195
8.534866 -5.816757 -0.9246216
8.475357 -5.302597 -0.96746826
8.56105 -4.74559 -1.0079346
8.979996 -4.333786 -1.3768921
9.684586 -4.0600433 -1.3245239
10.2892 -3.97435 -1.3840332
10.681961 -4.250473 -1.331665
10.8771515 -4.6527557 -1.2412109
10.698624 -5.052658 -1.1483765
10.41774 -5.3573456 -0.9817505
10.053543 -5.650131 -0.91986084
9.64888 -5.602524 -1.0436401
9.353714 -5.502548 -1.1436157
8.984756 -5.4287567 -1.203125
8.649124 -5.366867 -0.99365234
8.384903 -5.371628 -0.7270508
8.092117 -5.2668915 -0.39379883
7.937393 -5.3573456 -0.215271
7.8993073 -5.5096893 -0.17718506
7.9516754 -5.852463 -0.13671875
7.8683624 -6.15477 -0.12719727
7.711258 -6.4285126 -0.35809326
7.6184235 -6.6974945 -0.40808105
7.461319 -6.9545746 -0.52471924
7.3827667 -7.05217 -0.55566406
7.3494415 -7.1259613 -0.49139404
7.416092 -7.137863 -0.33190918
7.646988 -7.014084 -0.12957764
7.768387 -6.9355316 -0.062927246
7.889786 -6.79747 -0.04626465
7.9850006 -6.7332 0.15130615
8.130203 -6.7308197 0.30603027
8.4396515 -6.692734 0.48693848
8.7348175 -6.5618134 0.4940796
9.001419 -6.430893 0.44647217
9.289444 -6.3499603 0.18939209
9.836929 -6.1571503 -0.081970215
10.377274 -6.071457 -0.3295288
10.905716 -5.866745 -0.6104126
11.274673 -5.6715546 -0.86273193
11.396072 -5.5430145 -0.96984863
11.605545 -5.435898 -1.1769409
12.238724 -5.4144745 -1.2055054
12.957596 -5.7286835 -1.4030762
13.421768 -6.0690765 -1.600647
13.614578 -6.3713837 -1.6553955
13.716934 -6.5189667 -1.6101685
13.557449 -6.5618134 -1.5292358
13.055191 -6.354721 -1.5887451
12.274429 -5.988144 -1.5982666
11.419876 -5.559677 -1.4911499
10.74147 -4.976486 -1.5268555
10.348709 -4.3623505 -1.61969
10.094009 -3.8410492 -1.6030273
10.09639 -3.493515 -1.61969
10.258255 -3.307846 -1.626831
10.5629425 -3.1840668 -1.6720581
10.884293 -3.134079 -1.8601074
11.119949 -3.2078705 -2.0219727
11.388931 -3.2792816 -2.0910034
11.653152 -3.179306 -2.1029053
11.610306 -3.0674286 -2.107666
11.298477 -3.14122 -2.062439
11.046158 -3.2697601 -2.0457764
10.598648 -3.3935394 -2.1219482
10.09639 -3.4887543 -2.281433
9.701248 -3.3935394 -2.383789
9.208511 -3.2459564 -2.4980469
8.834793 -3.1221771 -2.3742676
8.449173 -2.967453 -2.0648193
8.168289 -2.903183 -1.4387817
7.942154 -2.8960419 -0.8151245
7.7279205 -2.8032074 -0.6413574
7.8255157 -2.729416 -0.6746826
7.9397736 -2.6246796 -0.76275635
8.039749 -2.56279 -0.9412842
7.9207306 -2.5294647 -1.0507813
7.6327057 -2.6008759 -0.96984863
7.2851715 -2.6175385 -0.88653564
7.006668 -2.679428 -0.7984619
6.7400665 -2.838913 -0.7579956
6.6805573 -3.024582 -0.6532593
6.7281647 -3.1674042 -0.37475586
6.602005 -3.0031586 -0.14147949
6.69722 -2.7889252 0.070373535
6.901932 -2.5865936 0.13464355
7.2399445 -2.4056854 0.31793213
7.6065216 -2.127182 0.41552734
7.9969025 -1.9438934 0.4036255
8.396805 -1.9938812 0.27746582
8.713394 -2.2628632 0.16796875
9.082352 -2.5223236 -0.008178711
9.298965 -2.846054 -0.13909912
9.560806 -3.0602875 -0.18432617
9.708389 -3.2578583 -0.1486206
10.260635 -3.474472 -0.3795166
10.946182 -3.5649261 -0.6413574
11.688858 -3.6553802 -0.8389282
11.96022 -3.6101532 -0.64611816
12.1601715 -3.4268646 -0.51519775
12.091141 -3.633957 -0.3390503
11.850723 -3.97435 -0.48425293
11.288956 -4.1885834 -0.3795166
10.593887 -4.493271 -0.29858398
9.746475 -4.697983 -0.15576172
9.187088 -4.9003143 -0.05102539
8.803848 -4.9669647 -0.041503906
8.730057 -5.0240936 -0.043884277
8.991898 -5.00029 -0.30810547
9.541763 -4.9526825 -0.5175781
10.070206 -4.6194305 -0.8651123
10.503433 -4.5599213 -1.2102661
11.086624 -4.647995 -1.3007202
11.215164 -4.7408295 -1.1626587
11.260391 -4.9860077 -1.1102905
11.269913 -5.3240204 -0.9650879
11.248489 -5.7144012 -0.81274414
11.165176 -5.8619843 -0.74609375
10.891434 -5.8881683 -0.57470703
10.622452 -5.757248 -0.4533081
10.22731 -5.545395 -0.4794922
9.763138 -5.4597015 -0.30810547
9.367996 -5.288315 -0.14624023
8.932388 -5.181198 -0.015319824
8.458694 -5.0669403 0.1560669
8.139725 -5.1526337 0.246521
8.092117 -5.3621063 0.33459473
8.1254425 -5.681076 0.37506104
8.134964 -5.8048553 0.25128174
8.242081 -5.89769 0.16320801
8.270645 -5.938156 -0.034362793
8.242081 -5.911972 -0.09863281
8.161148 -5.795334 -0.16052246
8.049271 -5.745346 -0.15814209
7.9921417 -5.6644135 0.0061035156
7.8112335 -5.621567 0.11798096
7.666031 -5.585861 0.2703247
7.604141 -5.6453705 0.3774414
7.6065216 -5.609665 0.5988159
7.7279205 -5.6310883 0.625
7.9850006 -5.7929535 0.5178833
8.2730255 -6.0167084 0.41552734
8.696732 -6.226181 0.22747803
9.191849 -6.392807 0.11798096
9.558426 -6.4332733 0.027526855
9.9535675 -6.5308685 -0.1986084
10.465347 -6.573715 -0.3461914
11.400833 -6.430893 -0.52233887
12.657669 -6.47612 -0.5461426
13.890701 -6.6903534 -0.66278076
14.469131 -6.952194 -0.7984619
14.371536 -6.983139 -0.86987305
14.033524 -6.809372 -0.9293823
13.552689 -6.5570526 -0.7889404
12.940933 -6.2666473 -0.7484741
12.000687 -5.9786224 -0.72229004
10.939041 -5.814377 -0.6413574
9.798843 -5.5691986 -0.5913696
8.994278 -5.347824 -0.7270508
8.596756 -5.1312103 -0.9246216
8.649124 -4.955063 -1.1221924
9.027603 -4.5599213 -1.4768677
9.698868 -4.300461 -1.5863647
10.2487335 -4.0933685 -1.6911011
10.712906 -3.7458344 -1.7767944
11.050919 -3.5149384 -1.8101196
11.277054 -3.3816376 -1.5839844
11.519852 -3.3149872 -1.5268555
11.681717 -3.307846 -1.5101929
11.724564 -3.2792816 -1.6339722
11.557938 -3.2911835 -1.8125
11.231827 -3.2483368 -2.0219727
10.786697 -3.2221527 -2.2671509
10.327286 -3.14122 -2.3790283
9.867874 -3.0293427 -2.3718872
9.306107 -2.8960419 -2.2195435
8.949051 -2.9127045 -1.9719849
8.475357 -2.865097 -1.7791748
8.277786 -2.8079681 -1.6363525
8.227798 -2.7508392 -1.4649658
8.180191 -2.6389618 -1.4030762
Time Stop = 6306
