Time Start = 6448
1.3532867 4.037979 8.630188
1.6294098 3.9308624 8.877747
1.6651154 3.7309113 8.775391
1.5008698 3.902298 8.618286
1.2866364 4.197464 8.653992
1.1438141 4.3045807 8.651611
1.0247955 4.1760406 8.420715
1.1390533 3.8475494 8.311218
1.2961578 3.569046 8.118408
1.3770905 3.5404816 8.0112915
1.3889923 3.550003 8.016052
1.3509064 3.633316 7.9970093
1.3509064 3.7261505 8.056519
1.3628082 3.716629 8.087463
1.348526 3.5285797 8.085083
1.2890167 3.4286041 7.9589233
1.2342682 3.3048248 7.8970337
1.2366486 3.2429352 7.835144
1.1699982 3.2905426 7.839905
1.2104645 3.3595734 7.8898926
1.2247467 3.414322 7.9327393
1.2342682 3.3524323 7.8137207
1.0962067 3.1620026 7.675659
0.9200592 2.9572906 7.5042725
0.65345764 2.7359161 7.5542603
0.40351868 2.6168976 7.649475
0.28450012 2.3193512 8.106506
0.41542053 2.017044 8.282654
0.68440247 1.8408966 8.273132
0.7462921 1.5409698 8.237427
0.4915924 1.4743195 8.265991
0.055984497 1.5600128 8.468323
-0.27964783 1.5885773 8.856323
-0.60575867 1.8361359 9.020569
-0.7247772 1.7956696 9.15863
-0.7438202 1.6171417 9.234802
-0.92948914 1.3481598 9.084839
-1.0580292 1.1791534 9.101501
-1.1103973 1.3291168 9.299072
-0.9889984 1.4171906 9.47522
-0.8176117 1.4886017 9.867981
-0.7604828 1.7099762 9.920349
-0.68907166 1.8718414 10.275024
-0.59147644 2.0717926 10.484497
-0.4391327 2.0979767 10.574951
-0.23680115 1.907547 10.613037
-0.039230347 1.6409454 10.586853
-0.0677948 1.260086 10.05603
-0.20585632 0.88874817 9.684692
-0.5105438 0.52931213 9.694214
-0.71287537 0.2674713 9.825134
-0.78904724 0.08894348 9.877502
-0.65812683 0.024673462 10.086975
-0.4700775 0.029434204 9.748962
-0.41056824 -0.008651733 9.330017
-0.5200653 0.06752014 9.177673
-0.8890228 -0.122909546 9.582336
-1.2317963 -0.60136414 10.165527
-0.922348 -1.1964569 10.296448
-0.38200378 -1.5511322 10.091736
-0.25108337 -1.7725067 9.4776
-0.6009979 -1.7415619 9.1657715
-1.1461029 -1.563034 9.453796
-1.7935638 -1.53685 9.782288
-2.5600433 -1.5582733 10.1203
-2.9147186 -1.5654144 10.522583
-3.155136 -1.5939789 10.515442
-3.3360443 -1.79393 10.177429
-3.2622528 -2.274765 9.632324
-3.1170502 -2.6437225 9.072937
-3.1337128 -2.6746674 8.846802
-3.0694427 -2.581833 9.21814
-3.0337372 -2.2390594 9.779907
-2.9956512 -1.7558441 10.167908
-3.057541 -1.4440155 9.970337
-2.9051971 -1.6106415 9.472839
-2.5529022 -1.9367523 8.737305
-2.2196503 -2.2009735 8.434998
-1.6316986 -2.8793793 8.723022
-0.9485321 -3.1935883 9.208618
-0.37486267 -2.7579803 9.501404
-0.20585632 -1.8248749 9.589478
-0.14634705 -1.1012421 9.92749
0.0393219 -0.70610046 9.601379
0.29640198 -1.2250214 9.075317
1.0771637 -2.1628876 8.44928
2.0245514 -2.5413666 8.146973
2.6434479 -2.5342255 8.058899
2.9743195 -2.6199188 8.392151
3.2290192 -2.146225 9.013428
3.509903 -1.4249725 9.363342
3.8860016 -0.7775116 9.494263
4.1026154 -0.5132904 9.365723
4.369217 -0.84654236 9.246704
5.9331207 -1.5677948 10.294067
5.7593536 -2.1962128 8.020813
6.621048 -4.764633 11.4366455
6.9828644 -3.115036 11.40094
4.247818 -2.6484833 12.55304
4.550125 -3.3245087 10.175049
5.6046295 -3.7482147 7.187683
5.7855377 -3.0555267 6.749695
5.504654 -2.774643 8.544495
3.959793 -1.3273773 7.513794
6.178299 -1.3868866 9.289551
5.4118195 -1.0488739 9.618042
4.683426 -1.4916229 8.868225
4.0835724 -1.5130463 8.951538
3.600357 -2.0034027 8.082703
2.329239 -4.0433807 4.9001465
8.261124 -6.176193 3.5100098
11.196121 -11.432053 6.3378906
1.9293365 -4.160019 13.802734
0.86531067 2.0575104 14.983398
2.7696075 -3.0341034 13.329041
2.8338776 -4.364731 12.422119
2.2030792 -1.8296356 12.564941
1.9293365 -1.7772675 10.9105835
1.8317413 -2.2842865 9.644226
1.8388824 -1.9819794 9.979858
1.5937042 -0.6275482 9.21814
1.8579254 -1.4773407 9.889404
1.4413605 -2.7008514 10.215515
1.0224152 -3.069809 10.56543
0.9272003 -2.929367 10.613037
0.98194885 -2.8174896 10.429749
0.9676666 -3.1697845 9.658508
0.9938507 -3.095993 9.549011
0.674881 -3.0840912 9.520447
0.62013245 -3.1674042 9.263367
0.7700958 -3.14122 9.02533
0.7058258 -3.2388153 9.068176
0.7320099 -3.1436005 9.296692
0.6986847 -3.0983734 9.294312
0.739151 -3.0388641 9.432373
1.0128937 -2.9150848 9.368103
1.1152496 -2.5175629 9.589478
1.162857 -2.5604095 9.577576
1.2152252 -2.4556732 9.551392
1.2866364 -2.5151825 9.648987
1.2223663 -2.4651947 9.834656
1.2104645 -2.7865448 10.136963
1.2366486 -2.8508148 10.05603
1.1033478 -2.986496 10.151245
1.0605011 -2.9769745 10.172668
1.200943 -2.6699066 9.941772
1.284256 -2.7889252 9.722778
1.4842072 -2.857956 9.601379
1.4485016 -2.9317474 9.589478
1.5651398 -2.9579315 9.589478
1.6555939 -2.9388885 9.463318
1.8079376 -2.838913 9.3776245
1.9531403 -2.7389374 9.339539
1.9888458 -2.5651703 9.215759
1.976944 -2.581833 9.134827
1.9340973 -2.8317719 9.003906
1.9602814 -3.0007782 8.83728
2.0912018 -2.8293915 8.839661
2.1150055 -2.6937103 8.865845
2.2863922 -2.596115 8.763489
2.3459015 -2.6389618 8.7872925
2.3125763 -2.7389374 8.930115
2.4958649 -2.9341278 8.913452
2.4434967 -2.8055878 8.937256
2.5720367 -2.8627167 9.068176
2.6410675 -2.505661 8.870605
2.46492 -2.7246552 8.980103
2.5006256 -2.9888763 8.861084
2.4054108 -2.8317719 8.806335
2.2935333 -2.9365082 8.820618
2.2221222 -3.1674042 9.001526
2.131668 -3.2840424 9.375244
2.0507355 -3.2745209 9.737061
2.1602325 -3.5911102 9.832275
2.245926 -3.319748 9.629944
2.6862946 -3.3792572 9.629944
3.4242096 -2.88414 9.268127
3.9478912 -1.8201141 9.020569
3.7693634 -1.79393 9.172913
3.2694855 -2.089096 8.727783
2.9219513 -2.7722626 8.96582
2.8957672 -3.236435 9.2300415
2.9433746 -3.4244843 9.391907
2.8576813 -3.1197968 9.618042
2.381607 -3.7743988 10.777283
1.855545 -3.5530243 10.315491
2.7172394 -3.3483124 9.727539
2.8005524 -2.7008514 9.103882
2.990982 -2.089096 9.161011
3.1147614 -2.0319672 9.127686
3.0838165 -2.4104462 9.063416
2.8791046 -2.6056366 8.649231
3.0909576 -2.4175873 8.563538
3.2194977 -2.1819305 8.456421
3.5955963 -2.3556976 8.625427
3.562271 -2.4628143 8.544495
3.7646027 -2.6865692 8.423096
3.6408234 -2.8032074 8.254089
3.6860504 -2.7603607 8.216003
3.536087 -2.5009003 8.111267
3.5075226 -2.441391 7.923218
3.702713 -2.5342255 8.613525
3.7003326 -2.2057343 8.982483
3.9288483 -2.070053 9.225281
3.8193512 -2.203354 9.275269
3.4432526 -2.6389618 9.391907
3.433731 -2.941269 9.149109
3.5265656 -3.2483368 9.077698
3.4860992 -3.2649994 9.09198
3.464676 -3.281662 9.008667
3.5717926 -3.198349 8.994385
3.6693878 -3.0150604 8.830139
3.8812408 -2.774643 8.6206665
3.7884064 -2.672287 8.3064575
3.759842 -2.7056122 8.277893
3.805069 -2.7198944 8.361206
3.8407745 -2.7651215 8.501648
3.7836456 -2.6413422 8.606384
3.7455597 -2.4247284 8.677795
3.843155 -2.5294647 8.551636
3.8860016 -2.486618 8.701599
3.907425 -2.2890472 8.875366
3.9883575 -2.153366 8.83728
4.0454865 -2.089096 8.765869
4.0764313 -2.1819305 8.796814
4.1692657 -2.460434 8.811096
4.0764313 -2.7508392 8.782532
3.914566 -2.8984222 8.872986
3.9550323 -3.057907 8.89679
3.8407745 -3.0293427 9.011047
3.6884308 -2.9174652 9.065796
3.6241608 -2.7960663 8.932495
3.7241364 -2.6603851 8.827759
3.8788605 -2.6318207 8.689697
3.9931183 -2.6675262 8.51593
4.0074005 -2.762741 8.5563965
3.990738 -2.7222748 8.51593
3.8979034 -2.6056366 8.511169
3.9835968 -2.3937836 8.554016
4.107376 -2.3675995 8.649231
4.3073273 -2.3485565 8.570679
4.2835236 -2.2700043 8.565918
4.2002106 -2.229538 8.627808
4.1049957 -2.184311 8.432617
4.145462 -2.017685 8.044617
4.114517 -2.203354 8.527832
3.6860504 -1.7844086 8.596863
4.06691 -1.8058319 8.856323
4.247818 -1.9653168 8.906311
4.3477936 -2.2271576 8.872986
4.478714 -2.5104218 8.882507
4.3858795 -2.6437225 9.013428
4.233536 -2.6199188 8.789673
4.3216095 -2.543747 8.263611
4.4168243 -2.8984222 8.775391
3.831253 -2.8365326 9.087219
4.050247 -2.319992 9.087219
4.293045 -2.5151825 9.037231
4.062149 -2.5342255 8.939636
3.8550568 -2.4699554 8.9348755
3.721756 -2.2914276 9.09198
3.850296 -2.1486053 9.120544
4.0407257 -2.1367035 8.953918
4.209732 -2.2795258 8.720642
4.2692413 -2.3485565 8.568298
4.343033 -2.3675995 8.463562
4.3216095 -2.2009735 8.437378
4.345413 -2.248581 8.125549
4.3263702 -2.2319183 8.006531
4.3406525 -2.172409 7.9613037
4.4001617 -2.3414154 8.089844
4.4549103 -2.4651947 8.092224
4.433487 -2.6103973 7.9327393
4.5667877 -2.7436981 8.166016
4.369217 -2.4628143 8.420715
4.157364 -2.070053 8.739685
4.114517 -1.9272308 8.977722
4.1430817 -1.9058075 9.180054
4.2644806 -2.172409 9.458557
4.6858063 -2.3057098 9.234802
4.959549 -2.6294403 8.651611
5.023819 -3.0721893 8.796814
4.9619293 -2.7151337 8.475464
5.1047516 -2.6246796 8.427856
5.3737335 -2.2462006 8.701599
5.4046783 -1.5011444 8.511169
5.845047 -1.241684 8.285034
5.959305 -1.036972 7.052002
6.1830597 -1.4749603 7.482849
6.064041 -1.1274261 7.758972
5.9759674 -0.65849304 7.949402
6.1306915 -0.37522888 7.611389
6.128311 -0.23954773 7.130554
5.9759674 0.3269806 6.9663086
5.5546417 0.76020813 6.78302
5.2451935 0.45314026 7.4138184
4.8333893 -0.3323822 7.763733
4.6048737 -0.9488983 8.087463
4.3097076 -1.1012421 8.3255005
3.81221 -0.83940125 7.392395
3.1814117 -0.67277527 7.1329346
3.0838165 -0.33000183 8.108887
3.3647003 0.057998657 8.480225
3.0695343 0.12940979 8.380249
2.4030304 -0.0443573 7.949402
2.3839874 -0.080062866 7.739929
2.33638 -0.3252411 7.630432
2.3506622 -0.67515564 7.316223
2.3268585 -0.9822235 7.0543823
2.2006989 -1.4011688 6.3974
2.1269073 -1.8010712 5.9784546
2.0935822 -1.7915497 5.6190186
2.1530914 -1.9415131 5.4262085
2.2602081 -2.0986176 5.533325
2.4601593 -2.274765 5.8760986
2.7267609 -2.49852 6.059387
2.9814606 -2.5746918 6.07843
3.1457062 -2.827011 6.0879517
3.5313263 -3.050766 5.6832886
3.869339 -3.2007294 4.909668
4.1930695 -3.160263 4.2717285
4.5667877 -3.236435 4.050354
5.0976105 -3.4625702 4.1741333
5.5974884 -3.614914 4.3217163
6.0973663 -3.7363129 4.3050537
6.3687286 -3.7077484 4.019409
6.5805817 -3.8029633 3.7147217
7.0471344 -3.8434296 3.338623
7.7969513 -3.9624481 2.93396
8.8824005 -4.307602 2.5650024
9.846451 -4.788437 2.0770264
10.772415 -5.3573456 2.010376
11.629349 -5.752487 2.2436523
12.27919 -6.083359 2.6435547
12.881424 -6.257126 3.0529785
13.040909 -6.2547455 3.152954
13.30751 -6.252365 3.293396
13.643143 -5.9333954 3.119629
13.843094 -5.7477264 2.6887817
13.793106 -5.6596527 2.498352
13.709793 -5.7239227 2.312683
13.62886 -5.7548676 2.2079468
13.502701 -5.821518 2.0722656
13.217056 -6.0309906 2.010376
12.783829 -6.000046 1.9532471
12.338699 -5.726303 1.9675293
11.976883 -5.6382294 1.7723389
11.710281 -5.333542 1.5628662
11.37941 -5.0669403 1.3843384
11.129471 -4.8884125 1.2700806
10.969986 -4.80748 1.132019
10.7295685 -4.700363 1.0629883
10.503433 -4.74559 1.1439209
10.401077 -4.7789154 1.0153809
10.310623 -4.7860565 0.7892456
10.310623 -4.719406 0.6654663
10.189224 -4.6265717 0.55358887
9.941666 -4.602768 0.4845581
9.698868 -4.4908905 0.42504883
9.477493 -4.481369 0.45599365
9.241837 -4.436142 0.394104
9.00856 -4.448044 0.35601807
8.765762 -4.352829 0.47265625
8.563431 -4.1885834 0.43218994
8.411087 -4.1314545 0.6178589
8.361099 -4.0029144 0.6226196
8.418228 -3.929123 0.708313
8.482498 -3.84581 0.80352783
8.570572 -3.826767 0.9273071
8.653885 -3.7220306 0.98205566
8.782425 -3.7482147 1.067749
9.044266 -3.6268158 1.0891724
9.258499 -3.576828 1.1558228
9.532242 -3.5054169 1.1224976
9.808365 -3.4625702 1.2272339
10.039261 -3.3149872 1.151062
10.258255 -2.9436493 1.0653687
10.398697 -2.441391 0.9058838
10.667679 -1.9748383 0.9891968
10.917618 -1.60112 1.1105957
11.074722 -1.3987885 1.3224487
11.077103 -1.370224 1.5319214
11.362747 -1.241684 2.2626953
11.091385 -0.48710632 1.4486084
11.653152 0.2103424 1.5819092
11.89357 1.4362335 1.1724854
11.89595 2.2550812 1.5176392
11.12471 2.7144928 1.2200928
10.558182 2.7454376 0.6559448
10.41774 2.5692902 0.19415283
10.155899 1.8861237 0.12988281
9.791702 1.4195709 0.05847168
9.701248 1.0339508 0.31555176
9.548904 0.90779114 0.7963867
9.541763 1.0601349 1.1201172
9.6465 1.2100983 1.1201172
9.537003 0.8720856 0.6726074
9.682205 0.02229309 0.14178467
9.8059845 -0.8655853 -0.2962036
9.470352 -1.5320892 -0.4794922
9.146622 -1.9534149 -0.55566406
9.091873 -2.2533417 -0.70562744
9.156143 -2.4723358 -0.72943115
9.20137 -2.5842133 -0.7770386
9.301346 -2.6246796 -0.80322266
9.3441925 -2.6175385 -0.8984375
9.291824 -2.5651703 -1.0412598
9.248978 -2.6127777 -0.991272
9.213272 -2.6365814 -0.9650879
9.158524 -2.7151337 -0.81988525
9.044266 -2.6437225 -0.8341675
9.058548 -2.569931 -0.81036377
9.001419 -2.5128021 -0.81988525
8.996658 -2.358078 -0.7937012
9.037125 -2.293808 -0.7817993
9.103775 -2.1128998 -0.69610596
9.1371 -2.0557709 -0.57232666
9.127579 -1.9581757 -0.48425293
9.151382 -2.0010223 -0.45568848
9.122818 -2.0652924 -0.42236328
9.149002 -2.1509857 -0.38427734
9.184708 -2.2462006 -0.2819214
9.298965 -2.3366547 -0.29858398
9.413223 -2.4437714 -0.24859619
9.515579 -2.5366058 -0.17718506
9.565567 -2.5794525 -0.14385986
9.696487 -2.698471 -0.0034179688
9.791702 -2.7198944 0.067993164
9.984512 -2.7960663 0.27508545
10.041641 -2.6746674 0.45599365
10.453445 -2.165268 0.17749023
10.270157 -2.1438446 0.8892212
10.48439 -1.5273285 1.0796509
10.603409 -0.58470154 1.4938354
10.282059 0.096084595 1.4224243
10.141617 0.310318 1.4557495
9.758377 0.54359436 1.3462524
9.65126 0.6292877 1.215332
9.413223 0.46028137 1.3153076
9.332291 0.11274719 1.5557251
9.39418 -0.0110321045 1.6176147
9.589371 -0.15385437 1.6604614
9.537003 -0.5156708 1.5866699
9.396561 -0.908432 1.3605347
9.370377 -1.3940277 1.0153809
9.375137 -1.9248505 0.7321167
9.398941 -2.448532 0.35601807
9.291824 -2.8793793 0.025146484
9.1966095 -3.255478 -0.35095215
9.144241 -3.448288 -0.45092773
9.141861 -3.519699 -0.45568848
9.158524 -3.5006561 -0.4961548
9.051407 -3.4340057 -0.446167
9.068069 -3.3102264 -0.3557129
9.096634 -3.2388153 -0.35095215
9.075211 -3.1293182 -0.3461914
8.996658 -2.9246063 -0.31524658
9.037125 -2.7389374 -0.21765137
9.103775 -2.531845 -0.18670654
9.156143 -2.4818573 -0.0914917
9.253738 -2.3414154 -0.008178711
9.360855 -2.2414398 -0.10101318
9.417984 -2.1248016 0.09893799
9.487015 -1.8605804 0.28460693
9.551285 -1.4868622 0.62976074
9.529861 -1.1274261 0.87731934
9.660782 -0.92033386 1.086792
9.784561 -0.77275085 1.1962891
9.772659 -0.74894714 1.2605591
9.717911 -0.8346405 1.2700806
9.644119 -1.0131683 1.1415405
9.632217 -1.3083344 1.0963135
9.613174 -1.563034 0.95825195
9.484634 -1.7082367 0.8725586
9.465591 -1.9772186 0.82733154
9.537003 -2.1152802 0.76068115
9.551285 -2.2771454 0.80352783
9.467972 -2.4723358 0.76782227
9.32515 -2.5723114 0.6178589
9.334671 -2.7056122 0.49645996
9.353714 -2.8079681 0.4678955
9.301346 -2.857956 0.42504883
9.256119 -2.9341278 0.2965088
9.144241 -3.0102997 0.24176025
9.084732 -3.0102997 0.30841064
9.118057 -2.9817352 0.30126953
9.153763 -2.974594 0.50598145
9.187088 -2.8936615 0.5440674
9.315628 -2.9388885 0.6821289
9.32753 -2.8484344 0.7797241
9.387039 -2.8627167 0.83447266
9.45845 -2.9388885 0.8630371
9.525101 -2.9365082 0.9225464
9.45369 -2.929367 0.93444824
9.413223 -2.9008026 0.95825195
9.413223 -2.9198456 0.939209
9.365616 -2.9341278 0.9558716
9.296585 -2.8889008 0.87731934
9.246597 -2.800827 0.75354004
9.206131 -2.7770233 0.7963867
Time Stop = 6453
