Time Start = 6389
3.9121857 -0.548996 9.441895
3.7955475 -0.97984314 9.41571
3.5241852 -1.241684 9.458557
3.3742218 -1.2845306 9.537109
3.343277 -1.0726776 9.53949
3.3908844 -0.8822479 9.491882
3.4741974 -0.50138855 9.239563
3.6479645 -0.34666443 8.96344
3.6717682 -0.5537567 9.049133
3.6051178 -0.88700867 9.120544
3.3932648 -1.5868378 9.011047
3.0957184 -2.5199432 8.894409
2.7362823 -3.1935883 8.499268
2.3673248 -3.538742 8.265991
2.1673737 -3.5006561 8.139832
2.0174103 -3.2745209 8.125549
1.772232 -3.2102509 8.406433
1.598465 -3.4506683 8.96344
1.1604767 -3.7863007 9.499023
0.9438629 -4.090988 9.589478
0.52253723 -4.276657 9.21814
-0.0059051514 -4.578964 8.870605
-0.32725525 -5.0502777 8.594482
-0.77952576 -5.090744 8.544495
-1.0104218 -4.776535 8.225525
-1.31987 -5.012192 8.201721
-1.6912079 -5.4073334 8.444519
-1.9911346 -5.352585 8.26123
-2.5029144 -5.374008 8.049377
-3.0956268 -5.4668427 7.8137207
-3.3050995 -5.469223 7.880371
-3.462204 -5.2668915 8.13269
-3.6240692 -4.783676 8.480225
-3.750229 -4.5884857 8.758728
-3.6788177 -4.390915 8.815857
-3.750229 -4.493271 8.687317
-3.8097382 -4.6265717 8.711121
-3.8882904 -4.712265 8.989624
-3.674057 -4.8836517 9.463318
-3.405075 -5.059799 9.875122
-3.3550873 -4.9407806 10.013184
-3.3193817 -4.7027435 9.891785
-3.2741547 -4.4789886 9.551392
-3.1908417 -4.23143 9.465698
-2.9385223 -4.0624237 9.491882
-2.6338348 -3.9434052 9.151489
-2.4910126 -4.314743 9.418091
-2.3362885 -4.5694427 9.577576
-2.167282 -4.431381 9.601379
-1.8721161 -4.7408295 10.001282
-1.403183 -4.4837494 9.713257
-1.0913544 -4.136215 9.163391
-0.9342499 -3.7720184 8.692078
-0.80332947 -3.345932 8.144592
-0.7176361 -3.024582 7.649475
-0.92710876 -2.846054 7.7922974
-1.2722626 -2.6556244 7.8637085
-1.3032074 -2.6318207 8.070801
-1.0865936 -2.8865204 8.868225
-0.25584412 -4.402817 10.208374
0.8129425 -4.905075 9.332397
1.0843048 -5.0693207 8.689697
1.5746613 -4.7789154 8.561157
1.8888702 -4.121933 8.646851
1.4556427 -3.493515 8.682556
0.6820221 -2.9341278 8.546875
0.25593567 -2.62706 8.470703
-0.02494812 -2.3747406 8.187439
-0.19395447 -2.4128265 7.758972
-0.07017517 -2.365219 7.2352905
0.360672 -2.1128998 6.8377686
1.0819244 -1.8272552 6.161743
1.5175323 -2.0652924 5.928467
1.7984161 -1.8986664 5.9522705
1.7174835 -1.5582733 6.7401733
1.5818024 -1.5082855 8.089844
2.022171 -1.8653412 9.203857
3.8407745 -1.7201385 10.76062
3.9550323 -1.8534393 7.6066284
3.6408234 -3.7839203 4.4002686
5.3546906 -4.5480194 4.6430664
17.508865 -8.982651 8.430237
9.120438 -16.687912 17.080505
-1.0961151 -2.710373 19.603699
0.9272003 6.006546 18.027893
2.355423 -3.595871 12.574463
2.374466 -1.9200897 9.751343
2.362564 -0.9750824 10.091736
2.4553986 -1.8820038 10.234558
3.7169952 -1.6249237 10.058411
3.7384186 -1.767746 9.770386
4.883377 -0.7275238 9.920349
3.2313995 0.25080872 10.5321045
1.4889679 -0.98698425 9.439514
2.0578766 -3.14122 8.482605
1.3152008 -2.331894 9.529968
-0.06541443 -1.5915985 10.774902
0.06074524 -1.6939545 10.572571
-0.5105438 -0.5799408 10.3012085
-0.69859314 -0.34428406 10.403564
-0.4724579 -0.86320496 10.286926
0.072647095 -1.4463959 10.079834
0.010757446 -1.056015 10.18457
-0.24156189 -0.7679901 9.817993
-0.16777039 -0.825119 9.534729
0.072647095 -1.0203094 9.375244
0.048843384 -1.3368988 9.320496
-0.16062927 -1.4392548 9.679932
-0.22013855 -1.6511078 9.972717
-0.13682556 -1.7772675 9.98938
-0.077316284 -1.5796967 10.136963
-0.0035247803 -1.351181 10.3845215
0.18214417 -1.1512299 10.391663
0.07740784 -1.056015 10.125061
0.053604126 -1.6582489 9.889404
0.24165344 -1.1893158 9.694214
0.117874146 -1.2107391 9.9227295
0.27497864 -1.1250458 9.848938
0.20594788 -1.3321381 9.694214
0.32972717 -1.498764 9.572815
0.38209534 -1.5701752 9.848938
0.41304016 -1.4487762 9.944153
0.508255 -1.2107391 9.882263
0.5391998 -1.2202606 9.67041
0.47731018 -1.5154266 9.729919
0.5511017 -1.9105682 9.865601
0.5844269 -2.0510101 10.060791
0.6177521 -1.9058075 10.101257
0.7629547 -1.6701508 10.041748
0.6820221 -1.5868378 10.075073
1.0390778 -1.351181 9.815613
1.0247955 -1.1940765 9.939392
1.072403 -1.3416595 9.829895
1.0557404 -1.3868866 9.739441
1.1676178 -1.4368744 9.632324
1.1390533 -1.4297333 9.546631
1.2390289 -1.4678192 9.277649
1.2366486 -2.1057587 9.332397
1.624649 -2.6937103 9.022949
1.7317657 -2.8865204 9.28479
1.9031525 -2.8603363 9.518066
2.4482574 -2.236679 9.98938
2.1911774 -1.9438934 11.136719
2.1078644 -1.8939056 10.884399
2.01503 -1.6106415 10.172668
1.9198151 -1.0441132 9.801331
2.0340729 -0.7037201 9.515686
2.1792755 -0.4394989 8.913452
2.362564 -0.5966034 8.7872925
2.6648712 -1.2393036 8.753967
2.843399 -1.8034515 8.7872925
2.8933868 -2.2414398 8.701599
3.0600128 -2.4913788 8.713501
3.0385895 -2.615158 8.699219
3.1219025 -2.5532684 8.651611
3.3266144 -2.1962128 8.630188
3.4860992 -1.8058319 8.739685
3.793167 -1.5868378 9.013428
3.8145905 -1.6439667 9.2300415
3.9883575 -1.6439667 9.125305
4.0193024 -1.9248505 9.584717
4.0597687 -1.7225189 9.0824585
4.2121124 -1.5487518 9.472839
3.2623444 -2.0771942 9.815613
3.676529 -1.8153534 9.049133
3.7455597 -1.767746 8.677795
4.047867 -1.1131439 8.632568
3.6551056 -1.1726532 8.920593
3.907425 -1.2702484 8.546875
3.9669342 -1.4130707 8.518311
3.824112 -1.3392792 8.468323
4.1478424 -1.4416351 8.285034
4.3668365 -1.305954 8.111267
4.5596466 -1.158371 8.211243
4.5001373 -1.0512543 7.9922485
4.471573 -1.2321625 7.9779663
4.7453156 -1.498764 8.149353
4.7381744 -1.5297089 8.249329
4.7262726 -1.66539 8.465942
4.90242 -1.6868134 8.470703
4.8405304 -1.6273041 8.356445
4.857193 -1.4130707 8.206482
4.652481 -1.2988129 8.113647
4.5072784 -1.5225677 8.544495
4.5025177 -1.7534637 8.684937
4.369217 -1.6939545 8.972961
4.2954254 -1.7225189 9.103882
4.300186 -1.6630096 9.02771
4.4239655 -1.5106659 9.020569
4.5525055 -1.3202362 8.625427
4.6429596 -1.1559906 8.175537
4.652481 -1.1488495 8.073181
4.857193 -1.1298065 8.1922
4.7643585 -1.2535858 8.5563965
4.8405304 -1.4440155 8.680176
5.2642365 -1.4821014 8.677795
5.5332184 -1.3297577 8.920593
5.333267 -1.4749603 9.210999
5.5070343 -1.3654633 9.0896
5.459427 -1.305954 8.870605
5.133316 -0.92985535 8.639709
4.978592 -1.2512054 8.575439
4.7119904 -1.5082855 8.763489
4.171646 -1.5416107 9.180054
4.0788116 -1.7344208 9.315735
4.0526276 -1.9415131 9.256226
4.0835724 -2.070053 8.927734
4.178787 -2.184311 8.45166
4.464432 -2.0962372 8.156494
4.978592 -1.832016 7.835144
5.4499054 -1.2274017 7.7304077
5.549881 -0.85606384 7.823242
5.60701 -0.7917938 8.035095
5.73555 -0.9679413 8.166016
5.9569244 -1.2250214 8.406433
6.480606 -1.4773407 8.339783
6.4520416 -1.9081879 8.289795
6.511551 -2.1438446 8.499268
6.8543243 -2.127182 7.5566406
6.57106 -2.3604584 7.6137695
6.718643 -1.9724579 7.4328613
7.408951 -1.2083588 6.84729
7.392288 -0.77989197 6.956787
7.6446075 0.44837952 6.642578
7.5993805 1.0553741 6.6830444
7.3637238 0.90779114 5.9855957
7.161392 0.25556946 5.8189697
7.094742 -0.49424744 6.1331787
7.249466 -0.7584686 5.62854
6.973343 -0.8655853 6.07605
6.847183 -0.3157196 5.7785034
6.50679 -0.36808777 5.5095215
6.0592804 -1.0345917 5.718994
6.140213 -1.4273529 5.2095947
6.0211945 -2.0486298 6.585449
5.7522125 -1.9129486 7.335266
3.9550323 -1.5130463 6.949646
5.2832794 -1.4273529 6.835388
5.4237213 -1.7415619 5.5785522
5.209488 -1.5082855 4.819214
4.2240143 -2.1581268 4.6502075
2.9409943 -2.1962128 5.3428955
2.919571 -1.5892181 6.033203
2.8267365 -1.6249237 6.3307495
2.574417 -1.4654388 6.378357
2.6720123 -1.3202362 6.5307007
2.8124542 -1.4392548 6.6330566
2.7862701 -1.4916229 6.8068237
2.9362335 -1.3154755 6.9401245
2.9576569 -1.2464447 6.6068726
3.0790558 -1.434494 5.871338
3.6098785 -1.684433 5.090576
4.25972 -1.9843597 4.5859375
5.076187 -2.4842377 4.428833
5.935501 -2.9365082 4.9001465
5.837906 -3.4839935 5.1262817
6.616287 -3.8243866 5.783264
6.7472076 -3.8101044 5.904663
6.806717 -3.9457855 5.2524414
6.6638947 -3.7648773 4.326477
6.844803 -3.6482391 4.057495
7.263748 -3.5173187 3.531433
7.9730988 -3.338791 3.3600464
8.422989 -3.236435 3.164856
8.68959 -3.4768524 2.876831
8.999039 -3.743454 2.5769043
9.372757 -3.71727 2.3031616
9.760757 -3.660141 1.8651733
10.041641 -3.660141 1.4795532
10.379654 -3.6625214 1.105835
10.834305 -3.5887299 0.7321167
11.324661 -3.5934906 0.33221436
11.888809 -3.686325 -0.16052246
12.495804 -4.0671844 -0.4128418
12.979019 -4.4789886 -0.59851074
13.364639 -4.8360443 -0.6604004
13.674088 -5.226425 -0.71276855
13.985916 -5.6144257 -0.77227783
14.126358 -6.000046 -0.71990967
14.145401 -6.147629 -0.72229004
13.957352 -6.359482 -0.6746826
13.612198 -6.385666 -0.446167
13.124222 -6.2856903 -0.2890625
12.593399 -6.1904755 -0.06530762
12.036392 -6.192856 0.13702393
11.612686 -6.0905 0.1560669
11.103287 -5.969101 0.40124512
10.73909 -5.7786713 0.5821533
10.512955 -5.583481 0.6226196
10.472488 -5.4025726 0.44171143
10.641495 -5.162155 0.34887695
10.624832 -4.9717255 0.16558838
10.662918 -4.9336395 0.072753906
10.61293 -4.8765106 -0.08911133
10.4986725 -4.840805 -0.22003174
10.246353 -4.686081 -0.084350586
9.965469 -4.697983 -0.017700195
9.696487 -4.5813446 0.24890137
9.513199 -4.5027924 0.44171143
9.508438 -4.4456635 0.5821533
9.615555 -4.3885345 0.6154785
9.629837 -4.35997 0.7154541
9.703629 -4.288559 0.8154297
9.698868 -4.3694916 0.920166
9.641739 -4.2790375 1.0391846
9.475113 -4.2480927 1.0606079
9.45845 -4.1576385 1.1082153
9.527481 -4.1623993 1.0058594
9.689346 -4.114792 1.022522
10.03212 -3.9910126 1.2391357
10.258255 -3.7410736 1.1296387
10.389175 -3.550644 0.9963379
10.467728 -3.2150116 0.7892456
10.458206 -2.812729 0.84161377
10.327286 -2.4390106 0.71069336
10.146378 -2.0224457 0.71069336
10.103531 -1.6891937 0.6488037
10.058304 -1.4963837 0.5488281
9.948807 -1.3749847 0.57263184
9.758377 -1.3726044 0.59643555
9.653641 -1.4749603 0.46551514
9.498917 -1.748703 0.48693848
9.367996 -2.1152802 0.27746582
9.4275055 -2.505661 0.09655762
9.434647 -2.7960663 -0.17242432
9.532242 -2.8365326 -0.28430176
9.556046 -2.569931 -0.42236328
9.634598 -2.0914764 -0.6008911
9.672684 -1.8058319 -0.5342407
9.727432 -1.4797211 -0.4366455
9.810745 -1.094101 -0.20098877
9.901199 -0.844162 -0.10101318
9.8892975 -0.6513519 -0.012939453
9.872635 -0.52757263 -0.05340576
9.767899 -0.37046814 -0.062927246
9.732193 -0.28715515 -0.08911133
9.729813 -0.29429626 0.008483887
9.563187 -0.4966278 0.03466797
9.515579 -0.82987976 -0.043884277
9.484634 -1.1536102 -0.12005615
9.375137 -1.453537 -0.16766357
9.229935 -1.60112 -0.11053467
9.110916 -1.8082123 -0.22003174
9.165665 -1.9938812 -0.27478027
9.20137 -2.146225 -0.31048584
9.298965 -2.248581 -0.3557129
9.334671 -2.2414398 -0.33428955
9.320389 -2.203354 -0.27716064
9.296585 -2.1295624 -0.2890625
9.308487 -2.1128998 -0.2390747
9.315628 -2.1176605 -0.25335693
9.403702 -2.1747894 -0.2819214
9.403702 -2.1985931 -0.20098877
9.415604 -2.2462006 -0.14147949
9.318008 -2.3104706 -0.0914917
9.32753 -2.2723846 -0.062927246
9.313248 -2.3271332 -0.015319824
9.258499 -2.3295135 -0.0010375977
9.2608795 -2.396164 0.027526855
9.313248 -2.4651947 0.1060791
9.32991 -2.550888 0.044189453
9.356094 -2.6294403 0.13226318
9.334671 -2.6651459 0.18701172
9.32753 -2.634201 0.17034912
9.334671 -2.5104218 0.2298584
9.291824 -2.3628387 0.26556396
9.268021 -2.2604828 0.39648438
9.306107 -2.2223969 0.4179077
9.337051 -2.1819305 0.4345703
9.358475 -2.2581024 0.45361328
9.358475 -2.2985687 0.5107422
9.448929 -2.3414154 0.5583496
9.487015 -2.358078 0.5107422
9.563187 -2.4080658 0.4678955
9.596512 -2.3628387 0.42266846
9.572708 -2.3342743 0.5012207
9.546524 -2.3533173 0.42980957
9.487015 -2.350937 0.47265625
9.446548 -2.4080658 0.3703003
9.398941 -2.4247284 0.35839844
9.348953 -2.4580536 0.35601807
9.32515 -2.4104462 0.31555176
9.332291 -2.3937836 0.38458252
9.287064 -2.339035 0.2631836
9.32515 -2.312851 0.25842285
9.341812 -2.3533173 0.29174805
9.370377 -2.3628387 0.2631836
9.387039 -2.4056854 0.27508545
9.387039 -2.403305 0.25604248
9.417984 -2.4247284 0.21081543
9.446548 -2.4199677 0.19415283
9.45607 -2.4247284 0.22747803
9.45607 -2.441391 0.23461914
9.472733 -2.4080658 0.19891357
9.446548 -2.4199677 0.19415283
9.401321 -2.4056854 0.14892578
9.375137 -2.4342499 0.18701172
9.437027 -2.415207 0.12750244
9.417984 -2.4699554 0.1798706
9.403702 -2.4770966 0.08465576
9.339432 -2.5032806 0.053710938
9.377518 -2.4390106 0.14892578
9.358475 -2.460434 0.113220215
9.384659 -2.422348 0.09893799
9.4275055 -2.3914032 0.15130615
9.408463 -2.3556976 0.15130615
9.429886 -2.3414154 0.16558838
9.408463 -2.3223724 0.09893799
9.39418 -2.2771454 0.15368652
9.363235 -2.293808 0.19177246
9.315628 -2.3342743 0.1798706
9.313248 -2.3485565 0.246521
9.363235 -2.3461761 0.3036499
9.351334 -2.3247528 0.25604248
9.382278 -2.2819061 0.25128174
9.360855 -2.2652435 0.2965088
9.382278 -2.2652435 0.24890137
9.372757 -2.2866669 0.32507324
9.410843 -2.2462006 0.38458252
9.45607 -2.2819061 0.39172363
9.432266 -2.2628632 0.3274536
9.403702 -2.2509613 0.3203125
9.367996 -2.2438202 0.29888916
9.351334 -2.2628632 0.3607788
9.298965 -2.2914276 0.36553955
9.32753 -2.3033295 0.33221436
9.296585 -2.2723846 0.3131714
9.310867 -2.3033295 0.2965088
9.322769 -2.274765 0.2869873
9.365616 -2.365219 0.31079102
9.413223 -2.3747406 0.28222656
9.422745 -2.3795013 0.31555176
9.45845 -2.4104462 0.2631836
9.51796 -2.3937836 0.28936768
9.527481 -2.4509125 0.2131958
9.51796 -2.467575 0.23461914
9.4917755 -2.4532928 0.3036499
9.472733 -2.4128265 0.42266846
9.437027 -2.3604584 0.38220215
9.460831 -2.3604584 0.394104
9.525101 -2.3366547 0.39886475
9.5108185 -2.441391 0.33935547
9.529861 -2.4271088 0.3703003
9.608414 -2.4128265 0.36553955
9.532242 -2.3604584 0.41552734
9.52272 -2.3628387 0.4036255
9.496536 -2.3628387 0.43218994
9.467972 -2.3247528 0.38934326
9.477493 -2.3723602 0.4179077
9.496536 -2.3176117 0.39172363
9.479874 -2.2985687 0.39648438
9.3918 -2.3533173 0.38458252
9.437027 -2.3080902 0.3536377
9.420364 -2.3247528 0.4036255
9.363235 -2.331894 0.3036499
9.39418 -2.3080902 0.39886475
9.334671 -2.217636 0.3441162
9.270401 -2.2628632 0.34887695
9.237076 -2.255722 0.37268066
9.26326 -2.2271576 0.33459473
9.26564 -2.2081146 0.25604248
9.270401 -2.1819305 0.2703247
9.2799225 -2.1819305 0.20129395
9.258499 -2.1771698 0.20605469
9.284683 -2.1605072 0.25128174
9.287064 -2.1866913 0.26794434
9.275162 -2.1795502 0.24414063
9.284683 -2.1866913 0.33221436
9.32991 -2.184311 0.2869873
9.358475 -2.2247772 0.31555176
9.45369 -2.2200165 0.23223877
9.482254 -2.2700043 0.30841064
9.532242 -2.2961884 0.38934326
9.525101 -2.3223724 0.30603027
9.529861 -2.350937 0.2798462
9.567947 -2.312851 0.32983398
9.525101 -2.3366547 0.2298584
9.451309 -2.3342743 0.2965088
9.45607 -2.3675995 0.33459473
9.475113 -2.365219 0.3536377
9.472733 -2.3556976 0.29888916
9.475113 -2.3247528 0.29174805
9.4275055 -2.300949 0.32269287
9.387039 -2.2866669 0.33221436
9.358475 -2.2771454 0.29412842
9.353714 -2.2414398 0.41314697
9.334671 -2.2700043 0.36315918
9.334671 -2.312851 0.39648438
9.351334 -2.2819061 0.3131714
9.372757 -2.331894 0.32269287
9.32991 -2.3271332 0.30603027
9.351334 -2.2890472 0.3274536
9.306107 -2.2652435 0.36791992
9.270401 -2.267624 0.36553955
9.315628 -2.2795258 0.3703003
9.315628 -2.2462006 0.32983398
9.337051 -2.1985931 0.31793213
9.415604 -2.1938324 0.36791992
9.413223 -2.217636 0.24414063
9.448929 -2.210495 0.2703247
Time Stop = 6394
