Time Start = 6654
9.446548 -1.1631317 2.0056152
9.346573 -1.0964813 1.8961182
9.337051 -1.0798187 1.9032593
9.308487 -1.1607513 1.7128296
9.313248 -1.2464447 1.6176147
9.182327 -1.2512054 1.5604858
9.103775 -1.286911 1.446228
9.058548 -1.2654877 1.381958
9.089493 -1.1893158 1.3295898
9.1323395 -1.0917206 1.298645
9.07045 -0.92033386 1.2224731
8.9014435 -0.75608826 1.3343506
8.672928 -0.5870819 1.4724121
8.563431 -0.47758484 1.484314
8.634842 -0.3990326 1.4486084
8.8824005 -0.41331482 1.3248291
9.108536 -0.4323578 1.1653442
9.287064 -0.53471375 1.170105
9.2608795 -0.64897156 1.215332
9.3441925 -0.80607605 1.2700806
9.334671 -1.1298065 1.4390869
9.256119 -1.3464203 1.4438477
9.258499 -1.6035004 1.4628906
9.229935 -1.7963104 1.510498
9.158524 -1.877243 1.5057373
9.189468 -1.8939056 1.4343262
9.294205 -1.8582001 1.4628906
9.2799225 -1.8343964 1.5628662
9.346573 -1.7915497 1.6033325
9.360855 -1.7820282 1.5176392
9.318008 -1.896286 1.4819336
9.268021 -2.0153046 1.3605347
9.2799225 -2.2152557 1.2843628
9.310867 -2.3937836 1.2843628
9.415604 -2.6199188 1.2367554
9.560806 -2.7532196 1.2081909
9.689346 -2.81987 1.215332
9.686966 -2.8365326 1.1677246
9.784561 -2.7675018 1.2272339
9.858353 -2.6865692 1.1939087
9.986893 -2.505661 1.2319946
10.008316 -2.4842377 1.2938843
9.977371 -2.4699554 1.3081665
9.97261 -2.4199677 1.4129028
9.922623 -2.3723602 1.5414429
9.963089 -2.3152313 1.5628662
9.960709 -2.210495 1.5581055
9.822647 -2.203354 1.5319214
9.796463 -2.1938324 1.4486084
9.765518 -2.1105194 1.4033813
9.71077 -2.081955 1.362915
9.653641 -1.9105682 1.3343506
9.487015 -1.8272552 1.317688
9.417984 -1.8272552 1.2962646
9.429886 -1.9200897 1.2677002
9.5750885 -2.0462494 1.2224731
9.65126 -2.0462494 1.1820068
9.667923 -1.9224701 1.1605835
9.725052 -1.8034515 1.0653687
9.727432 -1.6796722 1.0891724
9.701248 -1.5582733 1.1962891
9.763138 -1.5392303 1.2081909
9.789322 -1.5439911 1.3129272
9.9535675 -1.748703 1.5438232
10.0368805 -1.9319916 1.7247314
10.089249 -2.1319427 2.0603638
10.153519 -2.543747 2.2555542
10.336807 -2.7436981 2.2008057
10.593887 -2.8079681 2.3745728
10.686722 -2.8293915 2.838745
10.755753 -2.7579803 3.5552368
10.943802 -2.8698578 4.081299
11.174698 -3.2221527 4.3812256
11.415115 -3.7601166 4.652588
11.669815 -4.300461 5.0144043
12.124466 -4.467087 5.197693
12.3910675 -4.367111 5.5023804
12.333939 -4.1838226 5.8499146
12.319656 -3.8434296 6.0355835
12.255386 -3.9410248 6.3759766
12.333939 -4.3932953 6.52594
12.562454 -4.931259 6.373596
12.774307 -5.1954803 6.340271
12.740982 -5.012192 6.33313
12.419632 -4.4861298 6.621155
12.091141 -3.9981537 7.0924683
11.912613 -3.7220306 7.4019165
11.981644 -3.698227 7.501892
11.9483185 -3.6172943 7.1781616
11.841202 -3.8624725 6.8877563
11.803116 -4.0552826 6.533081
11.372269 -4.0171967 6.3759766
10.92952 -3.9576874 6.2212524
10.489151 -3.955307 6.1188965
10.151138 -3.917221 6.064148
9.736954 -3.622055 5.768982
9.1132965 -3.1316986 5.840393
8.668167 -2.865097 5.995117
8.17543 -2.4628143 5.928467
7.597 -2.5723114 5.928467
7.1947174 -2.5651703 5.745178
6.870987 -2.4961395 5.616638
6.4306183 -2.267624 5.704712
6.030716 -2.0748138 5.928467
5.6498566 -1.8082123 5.8618164
5.2118683 -1.3559418 5.6499634
4.7119904 -1.1964569 5.738037
4.300186 -0.85606384 5.3952637
3.74794 -0.613266 5.5214233
3.2171173 -0.5537567 5.5856934
2.752945 -0.28477478 5.56427
2.355423 -0.3419037 5.852295
2.0745392 -0.034835815 5.738037
1.9436188 0.06752014 6.01416
1.912674 0.20082092 6.1450806
1.8246002 0.7292633 5.8760986
1.560379 1.1815338 5.788025
1.1961823 1.4886017 6.037964
0.78437805 1.6457062 6.1760254
0.5487213 1.6171417 6.392639
0.5011139 1.5147858 6.6187744
0.6915436 1.214859 6.8758545
0.99147034 1.2220001 6.7782593
1.2414093 1.5600128 6.621155
1.3009186 1.9575348 6.623535
0.83436584 2.4098053 6.65448
0.39637756 2.7644806 6.7544556
0.2202301 2.7763824 6.9782104
0.129776 2.6859283 6.9853516
0.31306458 2.645462 7.025818
0.5177765 2.7882843 7.16626
0.5153961 3.004898 7.301941
0.4011383 3.190567 7.3067017
0.24641418 3.300064 7.444763
0.04170227 3.2405548 7.4328613
-0.0011444092 3.27388 7.392395
-0.04875183 3.235794 7.475708
0.0012359619 3.2119904 7.6661377
0.08216858 3.2500763 7.8065796
0.08930969 3.069168 7.956543
0.22261047 3.1405792 7.8446655
0.117874146 3.171524 7.930359
-0.027328491 3.331009 7.923218
-0.08921814 3.542862 7.904175
-0.15348816 3.6309357 8.092224
-0.14396667 3.7761383 8.108887
-0.14634705 3.8308868 8.151733
-0.1415863 3.883255 8.116028
-0.18443298 3.8166046 8.237427
-0.21061707 3.7666168 8.299316
-0.21537781 3.8356476 8.263611
-0.2582245 3.8689728 8.299316
-0.3058319 3.8142242 8.380249
-0.33677673 3.838028 8.44928
-0.26774597 3.7761383 8.470703
-0.21537781 3.8142242 8.530212
-0.16539001 3.6928253 8.675415
-0.21061707 3.5976105 8.730164
-0.25108337 3.5142975 8.734924
-0.1582489 3.4524078 8.739685
-0.21061707 3.5357208 8.725403
-0.2820282 3.7047272 8.64209
-0.31059265 3.7380524 8.727783
-0.36058044 3.6928253 8.696838
-0.42008972 3.5857086 8.711121
-0.44151306 3.5000153 8.699219
-0.4462738 3.4333649 8.656372
-0.45817566 3.440506 8.7039795
-0.41770935 3.4928741 8.699219
-0.42723083 3.5714264 8.639709
-0.49864197 3.5404816 8.615906
-0.5224457 3.5261993 8.615906
-0.5272064 3.4690704 8.646851
-0.38676453 3.4524078 8.777771
-0.34629822 3.5738068 8.811096
-0.30107117 3.5809479 8.865845
-0.2725067 3.6118927 8.818237
-0.35105896 3.6285553 8.792053
-0.34629822 3.6095123 8.756348
-0.34629822 3.6285553 8.775391
-0.3153534 3.6809235 8.742065
-0.23680115 3.7142487 8.792053
-0.20585632 3.7237701 8.763489
-0.19633484 3.6999664 8.744446
-0.1915741 3.6737823 8.746826
-0.23918152 3.6880646 8.775391
-0.2725067 3.6690216 8.746826
-0.2891693 3.6666412 8.70636
-0.29154968 3.6237946 8.730164
-0.25346375 3.5999908 8.799194
-0.22489929 3.5857086 8.844421
-0.22013855 3.6214142 8.846802
-0.2653656 3.6571198 8.892029
-0.27726746 3.6309357 8.911072
-0.29393005 3.6309357 8.908691
-0.31773376 3.5761871 8.953918
-0.27488708 3.4762115 8.944397
-0.2725067 3.5142975 8.906311
-0.24394226 3.504776 8.944397
-0.23680115 3.4928741 8.96344
-0.25584412 3.53096 9.039612
-0.2820282 3.4904938 9.106262
-0.23918152 3.5000153 9.037231
-0.26774597 3.5571442 9.02533
-0.29393005 3.497635 9.049133
-0.36296082 3.588089 8.956299
-0.37010193 3.6237946 8.922974
-0.4129486 3.5666656 8.953918
-0.35820007 3.6166534 8.894409
-0.32011414 3.652359 8.856323
-0.32963562 3.671402 8.818237
-0.40818787 3.652359 8.7872925
-0.40104675 3.569046 8.782532
-0.4224701 3.5761871 8.789673
-0.4557953 3.6023712 8.903931
-0.41532898 3.6356964 8.818237
-0.43675232 3.652359 8.863464
-0.39152527 3.6166534 8.801575
-0.3486786 3.6356964 8.818237
-0.40342712 3.6214142 8.830139
-0.43675232 3.6237946 8.701599
-0.4391327 3.6118927 8.765869
-0.36772156 3.5523834 8.782532
-0.3724823 3.6095123 8.830139
-0.36772156 3.6547394 8.751587
-0.39152527 3.6642609 8.765869
-0.39390564 3.6499786 8.739685
-0.396286 3.6833038 8.715881
-0.41770935 3.633316 8.737305
-0.42008972 3.633316 8.646851
-0.38676453 3.645218 8.5802
-0.396286 3.5976105 8.64447
-0.4296112 3.6595001 8.656372
-0.4129486 3.6118927 8.668274
-0.396286 3.6214142 8.694458
-0.44389343 3.6761627 8.687317
-0.41770935 3.6952057 8.653992
-0.3796234 3.6737823 8.699219
-0.3653412 3.645218 8.720642
-0.41770935 3.652359 8.711121
-0.37486267 3.7023468 8.658752
-0.43199158 3.7047272 8.651611
-0.47721863 3.7761383 8.625427
-0.44151306 3.7499542 8.587341
-0.40104675 3.8070831 8.5563965
-0.3724823 3.7404327 8.575439
-0.3724823 3.7761383 8.461182
-0.37724304 3.7642365 8.446899
-0.3391571 3.7689972 8.38501
-0.33677673 3.8166046 8.437378
-0.34391785 3.8475494 8.363586
-0.3224945 3.902298 8.339783
-0.30345154 3.921341 8.26123
-0.26774597 3.928482 8.170776
-0.33439636 3.8618317 7.9922485
-0.32963562 3.761856 7.823242
-0.3058319 3.690445 7.623291
-0.21537781 3.6475983 7.566162
-0.101119995 3.6428375 7.494751
0.032180786 3.6690216 7.520935
0.14881897 3.6880646 7.4019165
0.24403381 3.6666412 7.3495483
0.29878235 3.633316 7.1567383
0.3368683 3.5476227 6.9258423
0.32496643 3.4000397 6.6259155
0.28926086 3.1977081 6.3164673
0.29640198 3.0334625 5.911804
0.3440094 2.8025665 5.7332764
0.39637756 2.4502716 5.5809326
0.52253723 2.1360626 5.595215
0.77485657 1.7147369 5.69281
1.0319366 1.3933868 5.602356
1.2128448 1.298172 5.5618896
1.3461456 1.2838898 5.4523926
1.3723297 1.298172 5.30719
1.3628082 1.2838898 5.1834106
1.4389801 1.2291412 5.076294
1.662735 1.0625153 5.24292
2.041214 0.8054352 5.454773
2.426834 0.35792542 5.659485
2.8600616 0.2032013 5.5666504
3.1052399 0.14845276 5.621399
3.350418 0.06990051 5.8951416
3.4860992 0.17463684 6.2093506
3.6074982 0.14369202 6.521179
3.9098053 -0.0015106201 6.6449585
4.214493 -0.02293396 6.5045166
4.683426 -0.37522888 6.514038
5.140457 -0.9441376 6.3378906
5.602249 -1.3368988 6.0546265
6.0473785 -1.5915985 5.8808594
6.4329987 -2.0414886 6.0236816
6.8281403 -2.581833 6.173645
7.3351593 -2.94841 6.159363
7.877884 -2.9888763 6.135559
8.277786 -2.9626923 6.178406
8.694351 -2.9436493 6.287903
9.110916 -2.7722626 6.290283
9.572708 -2.8222504 6.3355103
9.989273 -2.8603363 6.20697
10.29158 -3.345932 5.7594604
10.615311 -3.7315521 5.1810303
10.939041 -3.9124603 4.8573
11.277054 -3.9457855 4.607361
11.598404 -3.9005585 4.5145264
11.848343 -3.8696136 4.5145264
11.95546 -3.9838715 4.3598022
11.945938 -4.217148 4.076538
11.936417 -4.319504 3.7194824
12.062576 -4.448044 3.5576172
12.424393 -4.443283 3.6004639
12.748123 -4.526596 3.5599976
12.926651 -4.67894 3.5909424
12.933792 -4.7098846 3.4909668
12.814774 -4.7075043 3.248169
12.683853 -4.674179 3.1243896
12.550552 -4.595627 3.0386963
12.579117 -4.5027924 3.0934448
12.591019 -4.212387 3.0744019
12.541031 -3.9886322 3.088684
12.288712 -3.6815643 2.9839478
12.08638 -3.224533 2.8744507
11.879288 -2.7460785 2.8411255
11.686478 -2.2342987 2.7697144
11.336563 -1.767746 2.5507202
10.80574 -1.3321381 2.664978
10.379654 -0.90367126 2.6221313
10.172562 -0.72514343 2.6173706
10.146378 -0.7180023 2.5983276
10.189224 -0.9488983 2.6625977
10.317764 -1.241684 2.4674072
10.362991 -1.47258 2.3983765
10.2892 -1.3226166 2.1746216
10.09639 -1.3416595 1.7866211
9.925003 -1.6273041 1.6390381
9.83931 -1.9962616 1.4628906
9.960709 -2.3247528 1.2486572
10.201126 -2.6032562 1.2319946
10.451065 -2.5651703 1.253418
10.620071 -2.3033295 1.3867188
10.691483 -1.6630096 1.548584
10.589127 -0.9988861 1.5985718
10.572464 -0.4156952 1.7104492
10.453445 -0.030075073 1.6866455
10.358231 0.15797424 1.4319458
10.298721 0.015151978 1.1201172
10.067825 -0.33952332 0.7654419
9.8892975 -0.85606384 0.4940796
9.853592 -1.2631073 0.3203125
9.896439 -1.4701996 0.29888916
9.925003 -1.6939545 0.32983398
9.898819 -1.7701263 0.29174805
9.863113 -1.7153778 0.32507324
9.822647 -1.7201385 0.33935547
9.798843 -1.6606293 0.2798462
9.765518 -1.6225433 0.22509766
9.71315 -1.4440155 0.14178467
9.603653 -1.2702484 0.07513428
9.410843 -1.0845795 0.10369873
9.298965 -0.97032166 0.09655762
9.227554 -0.9608002 0.03942871
9.191849 -0.95365906 0.06085205
9.177567 -1.1036224 -0.02960205
9.106155 -1.2583466 -0.015319824
9.041885 -1.3226166 -0.11053467
9.168045 -1.2345428 -0.06768799
9.146622 -1.2297821 -0.2390747
9.068069 -1.2512054 -0.17242432
9.110916 -1.2393036 -0.11529541
9.172806 -1.2297821 -0.012939453
9.1966095 -1.1940765 0.07513428
9.268021 -1.1607513 0.13702393
9.406082 -1.1512299 0.16558838
9.52034 -1.1893158 0.089416504
9.617935 -1.1750336 0.046569824
9.670303 -1.1893158 0.115600586
9.620316 -1.1631317 0.14416504
9.684586 -1.1702728 0.14416504
9.706009 -1.1988373 0.07989502
9.672684 -1.2797699 0.22271729
9.686966 -1.3321381 0.20129395
9.732193 -1.3035736 0.23461914
9.753616 -1.2916718 0.3607788
9.717911 -1.2797699 0.3607788
9.665543 -1.0345917 0.4202881
9.563187 -1.0226898 0.45599365
9.603653 -0.99412537 0.45837402
9.589371 -1.0274506 0.49645996
9.594131 -1.0798187 0.4512329
9.579849 -1.1821747 0.4107666
9.558426 -1.267868 0.45837402
9.525101 -1.2988129 0.34173584
9.529861 -1.3178558 0.41552734
9.556046 -1.3368988 0.41552734
9.572708 -1.4202118 0.3607788
9.5750885 -1.3868866 0.38220215
9.551285 -1.2773895 0.41552734
9.537003 -1.2773895 0.39172363
9.537003 -1.3321381 0.34649658
9.51796 -1.3987885 0.30841064
9.498917 -1.4654388 0.23699951
9.537003 -1.5463715 0.22747803
9.508438 -1.5654144 0.2536621
9.484634 -1.5939789 0.25128174
9.503677 -1.5535126 0.2536621
9.498917 -1.5582733 0.3369751
9.515579 -1.4273529 0.35125732
9.487015 -1.4083099 0.30126953
9.4917755 -1.3583221 0.3369751
9.472733 -1.370224 0.40600586
9.45607 -1.3273773 0.38220215
9.498917 -1.3845062 0.49169922
9.4917755 -1.4225922 0.44885254
9.51796 -1.4249725 0.43933105
9.532242 -1.4440155 0.40124512
9.503677 -1.4487762 0.4274292
9.506058 -1.4249725 0.40838623
9.537003 -1.4130707 0.44171143
9.58461 -1.3440399 0.49645996
9.556046 -1.3154755 0.47979736
9.525101 -1.351181 0.37506104
9.448929 -1.4130707 0.33935547
9.506058 -1.4559174 0.33459473
9.451309 -1.4654388 0.30841064
9.406082 -1.4749603 0.20843506
9.403702 -1.4392548 0.34173584
9.379898 -1.434494 0.2631836
9.489395 -1.3773651 0.2703247
9.556046 -1.3559418 0.29412842
9.508438 -1.3226166 0.2631836
9.496536 -1.3345184 0.29412842
9.434647 -1.3345184 0.29412842
9.437027 -1.324997 0.31079102
9.434647 -1.3535614 0.3203125
9.432266 -1.4106903 0.21557617
9.544144 -1.3964081 0.29174805
9.506058 -1.4035492 0.35125732
9.532242 -1.3821259 0.32983398
9.52272 -1.4368744 0.26556396
9.508438 -1.4249725 0.31079102
9.513199 -1.3868866 0.33935547
9.501297 -1.4202118 0.45361328
9.537003 -1.3845062 0.4202881
9.551285 -1.3987885 0.4036255
9.594131 -1.3440399 0.44647217
9.534622 -1.3107147 0.5345459
9.513199 -1.3226166 0.4678955
9.463211 -1.4035492 0.53692627
9.482254 -1.4559174 0.46551514
9.572708 -1.4821014 0.5440674
9.567947 -1.4963837 0.53930664
9.601273 -1.5130463 0.5155029
9.622696 -1.4511566 0.57263184
9.567947 -1.4273529 0.6083374
9.534622 -1.4821014 0.5750122
9.465591 -1.4773407 0.52264404
9.448929 -1.5225677 0.52264404
9.489395 -1.5249481 0.46551514
9.475113 -1.582077 0.5012207
9.4917755 -1.6368256 0.42980957
9.548904 -1.6701508 0.40600586
9.537003 -1.5892181 0.53930664
9.544144 -1.6392059 0.45837402
9.532242 -1.6582489 0.5488281
9.465591 -1.6320648 0.49884033
9.498917 -1.5225677 0.48931885
9.4275055 -1.4844818 0.49645996
9.420364 -1.4797211 0.4940796
9.396561 -1.4582977 0.5274048
9.45369 -1.4940033 0.4036255
9.398941 -1.5154266 0.5036011
9.410843 -1.6154022 0.39648438
9.446548 -1.6701508 0.3869629
9.429886 -1.6963348 0.31555176
9.437027 -1.6439667 0.32507324
9.470352 -1.6511078 0.29412842
9.498917 -1.6320648 0.34173584
9.506058 -1.5582733 0.40124512
9.5108185 -1.5082855 0.4202881
9.539383 -1.4701996 0.38220215
9.52272 -1.4487762 0.42504883
9.537003 -1.4249725 0.40838623
9.498917 -1.4202118 0.43933105
9.506058 -1.5320892 0.41552734
9.525101 -1.5725555 0.40838623
9.541763 -1.5749359 0.39172363
9.527481 -1.5606537 0.3441162
9.532242 -1.517807 0.37268066
9.494156 -1.4701996 0.4512329
9.539383 -1.4392548 0.5345459
9.546524 -1.4035492 0.58691406
9.598892 -1.4249725 0.6154785
9.591751 -1.4559174 0.5583496
9.603653 -1.5249481 0.5583496
9.558426 -1.517807 0.5512085
9.548904 -1.4749603 0.57025146
9.537003 -1.4416351 0.57263184
9.603653 -1.4321136 0.55596924
9.617935 -1.4868622 0.53692627
9.617935 -1.4559174 0.51312256
Time Stop = 6659
