Time Start = 6747
-0.37486267 -1.9748383 10.029846
-0.33677673 -1.8105927 9.979858
-0.7342987 -1.8867645 9.915588
-0.8509369 -2.2128754 9.934631
-0.4962616 -2.4913788 10.025085
-0.17967224 -2.7603607 9.844177
-0.13444519 -2.7508392 9.779907
-0.34629822 -2.7651215 9.856079
-0.5795746 -2.6508636 9.994141
0.4178009 -2.838913 9.722778
-0.27726746 -2.812729 9.891785
-0.02494812 -2.3628387 9.920349
-0.04399109 -2.2009735 9.389526
-1.1984711 -2.967453 8.720642
-0.7081146 -1.9653168 9.039612
0.92481995 -1.0060272 10.405945
0.048843384 -1.4059296 9.125305
-0.4058075 -1.9772186 8.937256
-0.20347595 -2.0200653 8.649231
0.09169006 -1.9319916 8.484985
0.10359192 -1.9629364 8.351685
0.07978821 -2.1581268 9.356201
-0.47483826 -2.596115 9.632324
-0.22727966 -2.6937103 10.970093
-0.26060486 -2.6580048 10.386902
-0.3891449 -2.8317719 10.234558
-0.5962372 -2.581833 10.167908
-0.77952576 -2.2342987 9.791809
-0.8176117 -1.8986664 9.772766
-0.76524353 -1.9486542 9.696594
-0.8723602 -2.1628876 9.637085
-0.9723358 -2.2819061 9.694214
-1.0794525 -2.2795258 9.903687
-1.0199432 -2.3675995 9.79895
-0.80332947 -2.3366547 9.79657
-0.69859314 -2.0938568 9.748962
-0.60575867 -1.8796234 9.629944
-0.61528015 -1.8105927 9.782288
-0.51530457 -1.9177094 9.696594
-0.37486267 -2.0795746 9.663269
-0.23918152 -2.1438446 9.725159
-0.30821228 -1.979599 9.848938
-0.32487488 -1.8558197 9.687073
-0.3486786 -1.6534882 9.817993
-0.46055603 -1.7082367 9.98938
-0.5105438 -1.620163 9.977478
-0.59147644 -1.3321381 10.060791
-0.6509857 -1.2988129 9.789429
-0.43675232 -1.4011688 9.456177
-0.27488708 -1.8177338 9.337158
-0.36772156 -2.3890228 9.553772
-0.41770935 -2.9983978 10.010803
-0.6009979 -2.8936615 10.360718
-0.89616394 -2.127182 9.79657
-1.0604095 -1.4963837 9.194336
-0.7700043 -1.8343964 9.35144
-0.41770935 -1.8343964 9.594238
-0.0677948 -1.3773651 8.739685
0.71058655 -1.5487518 11.6675415
0.4416046 -1.4797211 10.451172
-0.013046265 -2.0414886 9.646606
-0.25108337 -2.036728 8.465942
0.11073303 -2.4104462 9.384766
0.49397278 -2.9579315 9.884644
0.38923645 -3.2983246 9.6918335
0.09169006 -3.1697845 9.422852
-0.25584412 -3.2507172 9.715637
-0.35105896 -3.0102997 8.875366
-0.28678894 -2.9460297 9.887024
-0.19871521 -2.4961395 9.563293
-0.055892944 -2.8365326 10.303589
-0.40104675 -2.2628632 9.851318
-0.9342499 -1.5201874 9.794189
-1.2913055 -1.2845306 9.618042
-1.2389374 -1.4582977 9.560913
-1.3127289 -1.6868134 9.5442505
-1.4555511 -1.4225922 8.889648
-0.5867157 -2.615158 10.320251
-0.60813904 -2.415207 9.86322
-0.7247772 -1.5439911 10.175049
-0.5224457 -1.7344208 9.915588
-0.6176605 -2.5675507 9.589478
-0.85331726 -1.66539 9.41571
-1.0485077 -1.8558197 9.356201
-1.0270844 -2.460434 9.758484
-0.69859314 -2.4818573 9.870361
-0.81285095 -2.4271088 9.537109
-0.89616394 -2.248581 9.503784
-0.86283875 -2.3533173 9.613281
-0.8342743 -2.2652435 9.527588
-0.6367035 -2.3533173 9.677551
-0.57481384 -2.319992 9.694214
-0.34629822 -2.3890228 9.889404
-0.77952576 -2.4889984 9.427612
-1.0580292 -2.1057587 9.508545
-0.89616394 -2.2985687 9.820374
-0.6128998 -2.358078 9.86084
-0.5700531 -2.1319427 9.696594
-0.65574646 -2.089096 9.584717
-0.69859314 -2.1033783 9.60614
-0.6676483 -2.1938324 9.696594
-0.58195496 -2.2819061 9.801331
-0.63194275 -2.2652435 9.629944
-0.7081146 -2.3223724 9.622803
-0.710495 -2.4437714 9.7561035
-0.67240906 -2.3057098 9.910828
-0.6866913 -2.0557709 9.610901
-0.57481384 -1.8153534 9.468079
-0.49864197 -1.9129486 9.572815
-0.396286 -2.384262 9.656128
-0.40342712 -2.2438202 10.032227
0.013137817 -2.467575 9.634705
-0.032089233 -2.5794525 9.658508
-0.12968445 -2.4699554 9.777527
-0.22966003 -2.2271576 9.594238
-0.17015076 -2.467575 9.632324
-0.1415863 -2.7579803 9.856079
-0.2986908 -2.319992 9.6085205
-0.22489929 -1.9391327 9.613281
-0.18443298 -1.5915985 9.7561035
0.0393219 -0.972702 9.706116
0.42494202 -0.4061737 10.086975
0.48683167 -1.351181 10.482117
0.3035431 -1.0060272 10.429749
-0.09635925 -1.6130219 9.765625
-0.22489929 -2.3747406 9.122925
0.05836487 -3.1483612 9.049133
0.40589905 -3.2459564 9.577576
0.4915924 -3.01268 9.660889
0.24641418 -2.4009247 9.54187
-0.010665894 -1.8915253 9.722778
0.03694153 -1.6106415 9.718018
0.2035675 -1.4797211 9.841797
0.29640198 -1.6296844 9.632324
0.22737122 -2.0938568 9.710876
0.0393219 -2.7270355 9.513306
-0.14396667 -3.1626434 9.758484
-0.25108337 -2.62706 9.917969
-0.2725067 -1.7415619 10.034607
-0.18443298 -1.3987885 10.332153
0.0155181885 -1.3464203 10.432129
0.21308899 -2.5675507 10.24646
0.3202057 -3.0079193 9.787048
0.19642639 -2.8603363 9.061035
0.24641418 -2.8698578 8.96344
0.115493774 -2.4366302 9.380005
-0.122543335 -2.1819305 9.663269
-0.08921814 -2.1414642 9.753723
-0.18443298 -2.0510101 9.844177
-0.22727966 -1.6344452 9.694214
-0.060653687 -1.5392303 9.896545
-0.04875183 -1.7606049 10.032227
0.008377075 -2.1438446 10.106018
0.3440094 -3.1388397 9.520447
0.34877014 -3.8577118 9.703735
0.16548157 -4.0100555 10.479736
-0.41532898 -3.7291718 9.132446
-1.2556 -2.9341278 9.299072
-1.043747 -2.9055634 9.339539
-1.2198944 -3.134079 8.951538
-1.762619 -2.8246307 9.239563
-2.0601654 -2.1890717 9.049133
-2.288681 -1.7082367 8.944397
-1.6245575 -2.1057587 10.455933
-1.7102509 -2.2057343 10.048889
-2.012558 -1.6963348 9.184814
-1.3270111 -1.9177094 10.63208
-1.3484344 -1.6487274 9.794189
-1.6602631 -1.8439178 9.601379
-1.4698334 -2.1295624 9.256226
-1.422226 -2.8889008 9.315735
-1.3103485 -2.929367 9.422852
-1.2532196 -2.7270355 9.370483
-1.0675507 -2.9841156 9.2300415
-0.9509125 -3.307846 9.513306
-0.63194275 -3.0222015 9.725159
-0.49150085 -2.300949 10.225037
-0.82237244 -1.3654633 9.901306
-1.1032562 -1.3273773 9.837036
-1.0485077 -1.7772675 9.472839
-1.3341522 -2.267624 8.951538
-0.013046265 -3.3530731 10.027466
-0.18205261 -3.4839935 9.651367
-0.49150085 -2.7889252 9.844177
-0.7771454 -2.127182 9.399048
-0.8247528 -2.2223969 9.565674
-0.64860535 -1.8462982 10.05127
-0.9056854 -1.9224701 9.848938
-1.0318451 -2.0034027 9.770386
-1.1389618 -1.4392548 9.806091
-0.922348 -1.3464203 9.841797
-0.6771698 -1.9200897 9.199097
-0.51530457 -3.5982513 9.634705
-0.61528015 -4.4456635 9.356201
-0.79618835 -3.7982025 9.551392
-0.8985443 -2.8436737 9.41333
-1.0413666 -2.5104218 9.722778
-0.8437958 -2.172409 9.701355
-0.8152313 -2.6175385 9.532349
-1.3032074 -2.6127777 9.21814
-1.1008759 -2.812729 9.572815
-0.8414154 -3.2530975 9.470459
-0.8271332 -3.2769012 9.434753
-0.877121 -3.1507416 9.532349
-0.8509369 -3.0936127 9.615662
-0.6533661 -3.0198212 9.499023
-0.60813904 -2.9555511 9.634705
-0.5867157 -2.717514 9.677551
-0.41532898 -2.7579803 9.596619
-0.38676453 -3.0102997 9.487122
-0.49388123 -3.0864716 9.584717
-0.67240906 -2.8698578 9.506165
-0.6009979 -2.8365326 9.553772
-0.6533661 -2.9127045 9.687073
-0.63908386 -2.7698822 9.522827
-0.6367035 -2.5937347 9.675171
-0.72239685 -2.4937592 9.546631
-0.8080902 -2.49852 9.656128
-0.7438202 -2.6246796 9.687073
-0.691452 -2.634201 9.746582
-0.64860535 -2.479477 9.73468
-0.53434753 -2.5199432 9.651367
-0.59147644 -2.7317963 9.534729
-0.5795746 -2.94841 9.579956
-0.4557953 -3.1507416 9.422852
-0.39866638 -3.0674286 9.444275
-0.5938568 -2.7865448 9.5252075
-0.77952576 -2.5366058 9.553772
-0.5938568 -2.3556976 9.782288
-0.42008972 -2.6127777 9.851318
-0.4058075 -2.710373 9.772766
-0.60575867 -2.9055634 9.249084
-0.4296112 -2.838913 9.972717
-0.1415863 -3.2126312 9.765625
-0.30821228 -3.1245575 9.334778
-0.63194275 -3.1102753 9.360962
-0.45817566 -3.1388397 9.506165
-0.2891693 -3.3602142 9.210999
-0.28440857 -3.6696625 9.144348
-0.23442078 -3.9386444 9.28479
-0.17253113 -3.7458344 9.3776245
0.096450806 -3.0745697 9.777527
0.022659302 -3.107895 9.834656
0.029800415 -3.486374 10.065552
0.28450012 -3.4578094 9.5442505
-0.51530457 -2.8032074 9.825134
-0.8176117 -2.8674774 9.011047
-1.2532196 -2.3033295 9.325256
-1.8506927 -2.505661 9.02533
-1.7507172 -3.0150604 9.149109
-1.7959442 -3.4697113 9.296692
-1.698349 -3.4149628 9.35144
-1.595993 -3.5744476 9.213379
-0.55101013 -3.474472 9.887024
-1.0723114 -3.4982758 9.751343
-1.3865204 -2.3818817 9.827515
-2.429123 -2.0034027 8.958679
-0.43437195 -2.0414886 10.267883
-0.7533417 -3.0650482 9.787048
-1.0485077 -2.9960175 9.882263
-0.9175873 -3.391159 9.327637
-0.89616394 -3.2769012 8.96582
-0.8080902 -3.8553314 9.296692
-1.0865936 -3.2983246 8.475464
0.4582672 -4.0219574 10.094116
-0.6176605 -3.3102264 9.508545
-0.80332947 -2.993637 9.325256
-0.7819061 -3.095993 9.503784
-0.8176117 -3.0674286 9.394287
-0.8818817 -2.8222504 9.515686
-0.9842377 -2.5770721 9.582336
-0.91282654 -2.8698578 9.829895
-1.0413666 -2.729416 9.399048
-1.1937103 -2.7460785 9.458557
-0.92948914 -2.9983978 9.632324
-0.7247772 -3.4720917 9.596619
-0.6795502 -3.3816376 9.508545
-0.7271576 -3.2959442 9.618042
-0.68193054 -3.1055145 9.677551
-0.34391785 -3.1769257 9.684692
-0.9794769 -2.9388885 9.294312
-0.8247528 -2.550888 9.8394165
-0.73905945 -2.8079681 9.739441
-0.5938568 -2.6746674 9.629944
-0.85331726 -2.7675018 9.506165
-1.0532684 -2.672287 9.729919
-0.941391 -2.3223724 9.694214
-0.9842377 -2.339035 9.508545
-0.7604828 -2.3914032 9.556152
-0.42485046 -2.6127777 9.944153
-0.646225 -3.160263 9.389526
-0.6747894 -3.0007782 9.468079
-0.17729187 -3.1388397 9.315735
0.24879456 -3.8029633 9.427612
0.18452454 -4.6717987 9.382385
0.03694153 -4.8312836 9.15625
-0.13444519 -4.4837494 9.077698
0.06788635 -3.7767792 9.263367
0.025039673 -3.448288 9.558533
-0.18681335 -3.5482635 9.489502
-0.3486786 -3.2340546 9.449036
-0.26774597 -3.2721405 9.677551
0.129776 -3.024582 9.970337
-0.7342987 -2.3914032 8.64209
-0.5129242 -2.653244 9.977478
-0.774765 -2.608017 9.375244
-0.96995544 -2.7056122 9.67041
-0.97709656 -2.9198456 9.660889
-0.96281433 -2.910324 9.641846
-0.92710876 -2.9531708 9.510925
-1.0485077 -3.005539 9.439514
-0.9175873 -3.0983734 9.391907
-0.8318939 -3.2150116 9.432373
-0.8104706 -3.2959442 9.463318
-0.75572205 -3.2411957 9.456177
-0.6938324 -3.1650238 9.534729
-0.7438202 -3.069809 9.487122
-0.73905945 -3.1126556 9.403809
-0.68907166 -3.3245087 9.503784
-0.7200165 -3.179306 9.482361
-0.8342743 -3.191208 9.470459
-0.95329285 -3.3578339 9.470459
-1.043747 -3.1935883 9.232422
-0.4724579 -3.2078705 9.844177
-0.774765 -2.729416 9.570435
-1.1770477 -2.1224213 9.484741
-1.5388641 -2.3485565 9.215759
-0.46531677 -2.653244 10.43689
-0.7700043 -2.8246307 9.527588
-0.86997986 -2.2819061 9.468079
-0.81285095 -2.6889496 9.560913
-0.69621277 -2.986496 9.60614
-0.6747894 -2.49852 9.570435
-0.74858093 -2.2128754 9.391907
-0.82951355 -2.2200165 9.906067
-0.7985687 -2.8365326 9.739441
-0.6938324 -2.910324 9.872742
-0.9842377 -3.1578827 9.4609375
-1.0604095 -3.7958221 9.199097
-0.77952576 -3.8053436 9.339539
-0.27964783 -3.5601654 9.496643
0.094070435 -4.564682 9.765625
-0.11778259 -2.56279 10.125061
0.20832825 -4.0743256 9.468079
-0.21537781 -2.812729 9.041992
-0.5224457 -2.7460785 8.858704
-0.27012634 -2.7556 9.656128
-0.15110779 -2.8055878 9.625183
-0.23680115 -2.9317474 9.832275
-0.37724304 -3.2388153 9.484741
-0.33677673 -3.236435 9.549011
-0.35105896 -3.3292694 9.760864
-0.73905945 -3.3483124 8.673035
-0.627182 -1.2512054 9.822754
-0.039230347 -0.5156708 10.032227
0.2368927 -1.8248749 9.972717
0.05836487 -3.4625702 9.887024
-0.28678894 -3.3792572 10.05603
-0.21537781 -2.9722137 8.920593
0.49873352 -3.20549 9.644226
1.1200104 -4.050522 9.339539
1.3366241 -4.1457367 10.091736
0.7248688 -3.1388397 9.061035
0.2702179 -2.4294891 8.77301
0.21308899 -1.6415863 9.260986
0.5439606 -1.8415375 10.098877
0.37019348 -1.8915253 9.889404
0.29878235 -2.3675995 9.848938
0.527298 -3.4078217 9.9227295
0.98194885 -3.8696136 11.139099
3.324234 -4.962204 8.830139
1.3104401 -3.8243866 9.337158
-0.9794769 -3.7791595 8.470703
-0.3653412 -3.372116 9.063416
-1.5864716 -2.2842865 8.892029
-2.629074 -2.0224457 8.903931
-2.7933197 -2.441391 8.968201
-2.8742523 -3.1364594 8.968201
-2.3743744 -3.8696136 9.22052
-1.891159 -3.9957733 9.508545
-2.364853 -3.4435272 9.515686
-2.179184 -3.1840668 9.194336
-1.8887787 -2.8793793 9.468079
-1.569809 -1.9081879 10.215515
-2.1315765 -3.0555267 9.051514
-1.8173676 -2.7127533 9.149109
-1.6388397 -3.4720917 9.408569
-1.5198212 -3.307846 9.310974
-1.4055634 -3.069809 9.272888
-1.4055634 -3.0840912 9.339539
-1.2841644 -2.7984467 9.665649
-0.41532898 -2.9555511 9.803711
-0.26298523 -3.3983002 9.499023
-0.35105896 -3.372116 9.848938
-0.37486267 -3.4530487 9.4776
-0.8152313 -3.3292694 9.41571
-1.0627899 -2.9722137 9.144348
-0.941391 -2.9555511 9.532349
-0.94377136 -2.7841644 9.487122
-0.8247528 -2.5913544 9.549011
-0.6795502 -2.5104218 9.627563
-0.48435974 -2.615158 9.660889
-0.3391571 -2.88414 9.813232
-0.72239685 -2.5556488 9.503784
-0.7176361 -2.6770477 9.639465
-0.77952576 -2.6413422 9.60614
-0.9651947 -2.2414398 9.706116
-0.92948914 -1.9319916 9.41333
-0.7700043 -2.0391083 9.872742
-0.50102234 -2.5128021 9.66803
-0.5272064 -2.922226 9.791809
-0.6009979 -3.07695 9.665649
-0.4867401 -2.9888763 9.689453
-0.72953796 -3.005539 9.5442505
-0.9818573 -2.69133 9.4776
-1.153244 -2.7984467 9.418091
-1.44841 -2.8531952 9.387146
-1.5864716 -2.762741 9.289551
-1.4603119 -2.5865936 9.258606
-1.4150848 -2.7579803 9.125305
-0.710495 -3.0793304 9.913208
-0.5295868 -4.0981293 9.563293
-0.60575867 -4.564682 8.746826
-0.08921814 -4.5623016 9.201477
-0.122543335 -4.6908417 9.41333
-0.50816345 -4.0600433 8.984863
-0.6367035 -3.788681 9.318115
-0.6105194 -3.410202 9.2300415
-0.65574646 -2.9817352 9.372864
-0.6367035 -2.7222748 9.463318
-0.56529236 -2.5651703 9.625183
-0.28440857 -2.5651703 9.856079
-0.18681335 -2.7079926 9.815613
-0.21537781 -3.1221771 10.370239
-0.85569763 -3.403061 9.206238
-0.80570984 -3.6649017 9.437134
-0.8271332 -3.410202 9.363342
-0.9009247 -3.1269379 9.399048
-0.8818817 -2.8508148 9.506165
-0.8747406 -2.4509125 9.563293
-0.7176361 -2.3271332 9.648987
-0.7414398 -2.646103 9.549011
-0.6367035 -2.986496 9.601379
-0.6605072 -3.0936127 9.503784
-0.69859314 -3.2007294 9.4609375
-0.79618835 -3.2840424 9.458557
-0.9794769 -3.326889 9.391907
-1.1056366 -3.3340302 9.280029
-1.1770477 -3.1840668 9.446655
-1.3746185 -2.993637 9.4609375
-1.2603607 -2.9769745 9.275269
-1.2841644 -2.8151093 9.3133545
-0.73905945 -2.88414 10.141724
-0.73905945 -2.4318695 9.739441
-0.99375916 -2.3033295 9.470459
-1.1770477 -2.9174652 9.47998
-0.8890228 -3.4244843 9.503784
-1.2270355 -3.4887543 9.168152
-1.024704 -3.2007294 9.356201
-0.3224945 -3.8362885 9.513306
-0.5938568 -3.0840912 9.591858
-0.6628876 -2.6865692 9.382385
-0.4058075 -2.5913544 9.810852
-0.24632263 -2.5580292 9.594238
-0.29631042 -2.4580536 9.675171
-0.58909607 -2.5532684 9.434753
-0.6866913 -2.6746674 9.748962
-0.70573425 -2.7794037 9.746582
-0.7081146 -2.543747 9.518066
-0.49150085 -2.550888 10.022705
-0.7414398 -2.6651459 9.465698
-0.92948914 -2.6889496 9.513306
-0.65812683 -2.4104462 9.956055
-0.65574646 -2.9626923 9.632324
-1.1103973 -2.8246307 9.560913
-1.0485077 -2.7127533 9.594238
-0.8342743 -2.7675018 9.722778
-0.7414398 -2.717514 9.679932
-0.7604828 -2.7794037 9.529968
-0.8818817 -3.3673553 9.318115
-0.48197937 -3.8243866 9.332397
-0.30107117 -4.019577 9.341919
-0.1915741 -4.6837006 8.546875
0.0393219 -3.8791351 9.577576
0.075027466 -3.698227 9.137207
0.15119934 -2.5604095 9.510925
0.26783752 -2.3628387 9.365723
0.41542053 -2.986496 9.515686
0.1797638 -3.031723 10.082214
0.027420044 -3.667282 9.834656
-0.051132202 -3.7958221 9.713257
-0.30345154 -3.2530975 9.527588
-0.4700775 -2.6651459 10.194092
-0.40342712 -2.5937347 8.975342
-0.22251892 -1.8843842 9.887024
-0.2320404 -2.679428 10.063171
-0.21299744 -3.191208 9.641846
0.048843384 -3.743454 9.601379
-0.124923706 -4.0171967 9.3966675
-0.17967224 -4.031479 9.53949
Time Stop = 6751
