Time Start = 6616
9.682205 -1.1417084 0.9630127
9.339432 -0.9179535 1.1129761
9.160904 -0.9322357 1.0653687
9.282303 -0.9822235 1.0653687
9.434647 -1.0250702 1.1224976
9.425125 -0.97984314 1.2129517
9.306107 -0.8179779 1.2629395
9.320389 -0.69181824 1.3057861
9.315628 -0.60136414 1.1939087
9.272781 -0.677536 1.2557983
9.294205 -0.7679901 1.0368042
9.268021 -0.8989105 1.1439209
9.229935 -0.9608002 1.1677246
9.241837 -1.0226898 1.0463257
9.225174 -0.9893646 1.0653687
9.184708 -1.0250702 1.048706
9.251358 -1.1060028 0.9606323
9.241837 -1.0726776 0.9368286
9.289444 -1.0226898 0.9225464
9.356094 -1.0179291 1.0320435
9.432266 -1.0917206 1.0772705
9.463211 -1.1345673 0.9868164
9.467972 -1.4249725 0.9130249
9.441788 -1.7320404 0.8059082
9.463211 -1.9843597 0.76068115
9.506058 -2.2961884 0.7059326
9.52272 -2.441391 0.74401855
9.541763 -2.4509125 0.76068115
9.591751 -2.5175629 0.81781006
9.6584015 -2.4175873 0.8082886
9.751236 -2.3723602 0.7583008
9.717911 -2.4437714 0.6987915
9.572708 -2.4770966 0.6678467
9.532242 -2.543747 0.6416626
9.437027 -2.6770477 0.6392822
9.356094 -2.710373 0.7225952
9.403702 -2.6651459 0.75115967
9.45607 -2.581833 0.79400635
9.45369 -2.4080658 0.7297363
9.537003 -2.267624 0.81066895
9.572708 -2.0652924 0.78686523
9.4275055 -2.0414886 0.7987671
9.415604 -2.0605316 0.7392578
9.403702 -2.043869 0.8130493
9.567947 -2.0462494 0.73687744
9.746475 -2.1343231 0.68927
9.9535675 -2.1152802 0.6678467
9.867874 -2.1224213 0.7630615
9.877396 -2.005783 0.82733154
9.8059845 -1.9629364 0.855896
9.77504 -1.9486542 0.92492676
9.84169 -1.9367523 1.0153809
10.060684 -2.120041 1.0368042
10.296341 -2.274765 1.2272339
10.236832 -2.4247284 1.3914795
10.186844 -2.3604584 1.5343018
10.077347 -2.3080902 1.7556763
10.094009 -2.3723602 1.8604126
10.058304 -2.4699554 1.9841919
10.03212 -2.4056854 2.2341309
10.074966 -2.543747 2.3364868
10.293961 -2.8293915 2.5197754
10.493912 -3.0840912 2.5292969
10.61293 -3.338791 2.7792358
10.73909 -3.4078217 3.088684
10.774796 -3.4649506 3.4290771
10.834305 -3.3102264 3.7504272
10.9604645 -3.436386 4.005127
11.200882 -3.8838959 3.8742065
11.393692 -4.436142 3.6766357
11.76503 -4.878891 3.562378
11.910233 -4.9264984 3.7789917
11.843582 -4.8765106 4.0217896
11.719803 -4.8241425 4.395508
11.82692 -4.7289276 4.5811768
11.822159 -4.757492 4.814453
11.691238 -4.8955536 4.840637
11.57222 -4.897934 4.845398
11.488907 -4.8170013 4.7716064
11.350845 -4.7170258 4.871582
11.234207 -4.519455 5.135803
11.017593 -4.3123627 5.3476563
10.67482 -4.095749 5.3286133
10.374893 -4.23143 5.416687
10.113052 -4.390915 5.3571777
9.9535675 -4.6503754 5.3952637
9.796463 -4.6051483 5.269104
9.537003 -4.6122894 5.3500366
9.229935 -4.417099 5.3167114
8.972855 -4.450424 5.82135
8.889542 -4.5432587 6.07843
8.884781 -4.61467 6.1522217
8.739578 -4.467087 6.0736694
8.387283 -4.3052216 6.1260376
8.256363 -4.3504486 6.416443
8.1254425 -4.1314545 6.502136
7.9921417 -4.2290497 6.840149
8.051651 -4.4647064 6.8829956
7.737442 -4.179062 6.744934
7.075699 -4.1576385 6.9710693
6.885269 -4.300461 7.0115356
6.8543243 -4.3433075 6.9401245
6.5329742 -4.045761 6.7734985
5.9973907 -3.6053925 6.91156
5.4641876 -3.191208 7.1257935
4.985733 -2.986496 7.263855
4.6358185 -3.0650482 7.544739
4.664383 -3.172165 7.6637573
4.6358185 -2.8722382 7.4471436
4.445389 -2.4628143 7.2352905
3.9050446 -1.6772919 6.9472656
3.2004547 -1.4821014 7.342407
2.6553497 -1.184555 7.4471436
2.3078156 -1.1726532 7.7684937
2.1173859 -1.1155243 7.6851807
2.1602325 -0.7513275 7.2424316
2.1007233 -0.47520447 7.0758057
1.9864655 -0.015792847 6.813965
1.6175079 0.6864166 6.321228
1.0509796 1.0006256 6.290283
0.5582428 1.1720123 6.3188477
0.08692932 1.0910797 6.325989
-0.15110779 1.1220245 6.340271
-0.18205261 1.4076691 6.166504
-0.103500366 1.6457062 6.1379395
0.10121155 2.062271 6.052246
0.01789856 2.5526276 6.0165405
-0.20585632 2.645462 6.1950684
-0.44389343 2.626419 6.5235596
-0.543869 2.6168976 6.468811
-0.59147644 2.5478668 6.404541
-0.5391083 2.5573883 6.390259
-0.48912048 2.5692902 6.4592896
-0.5605316 2.838272 6.435486
-0.66526794 3.023941 6.7401733
-0.7533417 3.1405792 7.111511
-0.7700043 3.1358185 7.4019165
-0.74620056 3.0905914 7.661377
-0.6938324 3.1596222 7.713745
-0.7914276 3.20961 7.751831
-0.9651947 3.311966 7.7946777
-1.2413177 3.4095612 7.8256226
-1.3246307 3.3143463 7.9993896
-1.2627411 3.107254 8.00415
-1.1746674 2.9739532 8.037476
-1.0032806 2.6502228 8.285034
-0.8152313 2.831131 8.156494
-0.8152313 3.0215607 8.277893
-0.9985199 3.1572418 8.423096
-1.1580048 3.1096344 8.458801
-1.2460785 3.023941 8.482605
-1.2651215 3.0072784 8.523071
-1.1746674 2.985855 8.511169
-1.1318207 3.1286774 8.430237
-1.236557 3.1667633 8.482605
-1.2151337 3.1310577 8.592102
-1.2460785 3.183426 8.599243
-1.300827 3.2405548 8.711121
-1.3246307 3.2953033 8.70636
-1.4507904 3.3262482 8.727783
-1.5198212 3.2334137 8.689697
-1.467453 3.2048492 8.596863
-1.4745941 3.1167755 8.796814
-1.3627167 3.0406036 8.949158
-1.2651215 3.0834503 9.072937
-1.3579559 3.0548859 9.189575
-1.4365082 3.1239166 9.115784
-1.4388885 3.1810455 9.122925
-1.3365326 3.2048492 9.177673
-1.2317963 3.1810455 9.139587
-1.2222748 3.1786652 9.180054
-1.1865692 3.1929474 9.144348
-1.2008514 3.2048492 9.210999
-1.1127777 3.1572418 9.2229
-1.1675262 3.2429352 9.208618
-1.2127533 3.3167267 9.1657715
-1.2508392 3.311966 9.139587
-1.2246552 3.3072052 9.163391
-1.2079926 3.3143463 9.063416
-1.236557 3.20961 9.020569
-1.2722626 3.0501251 8.982483
-1.2056122 3.0191803 8.922974
-1.1818085 3.0025177 8.984863
-1.2151337 3.0548859 8.870605
-1.3103485 3.1477203 8.90155
-1.3793793 3.14534 8.830139
-1.4079437 3.1215363 8.815857
-1.4603119 3.0453644 8.922974
-1.4198456 2.9953766 8.863464
-1.3769989 3.0025177 8.880127
-1.4127045 2.9739532 8.89917
-1.3722382 3.0096588 8.903931
-1.4127045 3.0929718 8.922974
-1.338913 3.171524 8.942017
-1.3103485 3.164383 8.889648
-1.2508392 3.1596222 8.89679
-1.2222748 3.1096344 8.839661
-1.1841888 3.1120148 8.763489
-1.108017 3.1120148 8.77301
-1.0794525 3.1810455 8.70874
-1.0818329 3.3072052 8.651611
-1.0865936 3.4048004 8.608765
-1.0794525 3.4286041 8.596863
-1.0818329 3.421463 8.394531
-0.9985199 3.4738312 8.265991
-0.99375916 3.46669 8.0946045
-0.92948914 3.542862 8.077942
-0.98661804 3.59523 8.013672
-0.96281433 3.5023956 7.820862
-0.9723358 3.4190826 7.789917
-0.9247284 3.3262482 7.820862
-0.94377136 3.2500763 7.7732544
-1.0080414 3.281021 7.770874
-1.0961151 3.2262726 8.0112915
-1.0223236 3.2024689 8.039856
-0.9675751 3.171524 8.19696
-0.7438202 2.785904 8.420715
-0.5034027 2.6692657 8.501648
-0.3653412 2.5026398 8.558777
-0.4462738 2.2836456 8.668274
-0.49864197 2.2431793 8.692078
-0.6628876 2.3193512 8.725403
-0.69621277 2.3979034 8.625427
-0.6700287 2.516922 8.5373535
-0.5771942 2.5788116 8.458801
-0.4867401 2.535965 8.615906
-0.43437195 2.331253 8.827759
-0.32725525 2.2003326 8.732544
-0.24632263 1.9480133 8.639709
-0.14634705 1.8337555 8.475464
0.06788635 1.8932648 8.308838
0.17024231 1.8980255 8.289795
0.2368927 1.824234 8.166016
0.21546936 1.7004547 8.206482
0.08454895 1.5980988 8.420715
-0.2082367 1.3529205 8.573059
-0.48435974 1.0006256 8.651611
-0.479599 0.7126007 8.753967
-0.0011444092 0.42695618 8.918213
0.61299133 0.4650421 9.103882
1.0081329 0.6792755 9.172913
1.1223907 0.87446594 9.253845
1.098587 1.0315704 9.113403
0.97242737 1.1720123 9.039612
0.970047 1.2077179 8.90155
1.0914459 1.0767975 8.839661
1.2866364 0.5340729 8.842041
1.4889679 0.08894348 8.494507
1.7389069 -0.26811218 8.175537
1.9317169 -0.55851746 7.8518066
2.1150055 -0.594223 7.5423584
2.14357 -0.4561615 7.3638306
2.124527 -0.24668884 7.335266
2.0840607 -0.26335144 7.635193
2.2054596 -0.77275085 7.842285
2.4792023 -1.0655365 7.6589966
2.7505646 -1.2202606 7.251953
2.9886017 -1.2012177 6.9853516
3.048111 -1.1036224 6.7996826
3.0338287 -1.0322113 6.649719
2.9624176 -0.9250946 6.5687866
2.9171906 -1.1226654 6.245056
2.9243317 -1.6058807 6.223633
3.2266388 -2.3723602 6.147461
3.6908112 -2.812729 5.8165894
4.1240387 -2.8722382 5.511902
4.3168488 -2.7222748 5.2143555
4.3858795 -2.581833 5.076294
4.426346 -2.467575 4.762085
4.3787384 -2.6365814 4.3431396
4.4739532 -3.0364838 4.524048
4.8809967 -3.3863983 4.1955566
5.5260773 -3.3030853 3.9575195
6.1759186 -3.3578339 3.928955
6.806717 -3.3411713 3.9741821
7.256607 -3.134079 3.8313599
7.66127 -2.9341278 3.4624023
7.9921417 -2.8032074 3.2196045
8.444412 -2.6627655 2.793518
9.149002 -2.6580048 2.4816895
10.063065 -2.7032318 2.3364868
11.134232 -2.7008514 2.0508423
12.191116 -2.8079681 1.7580566
13.264664 -3.057907 1.5128784
14.435806 -3.4768524 1.0963135
15.704544 -3.9196014 0.76068115
16.761429 -4.4123383 0.33221436
17.556473 -4.9979095 -0.07006836
17.892105 -5.7405853 -0.42712402
17.868301 -6.740341 -0.7437134
17.523148 -7.554428 -0.7770386
16.992325 -8.139999 -0.81036377
16.1949 -8.499435 -0.510437
15.245132 -8.604172 -0.22955322
14.488174 -8.282822 0.048950195
13.831192 -7.6329803 0.49169922
13.212296 -6.6522675 0.8392334
12.66481 -5.6263275 1.1201172
12.262527 -4.647995 1.4081421
11.926895 -3.864853 1.5700073
11.5746 -3.538742 1.7366333
11.438919 -3.198349 1.6699829
11.036636 -2.941269 1.6652222
10.54866 -2.7532196 1.5723877
10.146378 -2.5842133 1.5033569
9.829788 -2.4437714 1.3224487
9.625076 -2.3057098 1.1986694
9.532242 -2.293808 1.0153809
9.370377 -2.422348 0.8892212
9.170425 -2.396164 0.7059326
9.139481 -2.4770966 0.7154541
9.051407 -2.608017 0.6392822
9.063309 -2.6246796 0.5654907
9.075211 -2.8436737 0.62976074
9.175186 -3.0460052 0.5821533
9.38942 -3.319748 0.57263184
9.470352 -3.4697113 0.50598145
9.734573 -3.3102264 0.44885254
9.960709 -3.0436249 0.39172363
9.974991 -2.7413177 0.2298584
10.041641 -2.550888 0.23461914
10.084488 -2.3295135 0.15130615
10.158279 -2.1128998 0.12036133
10.2677765 -2.0081635 0.08703613
10.274918 -1.8343964 0.11798096
10.170181 -1.7225189 0.044189453
9.97261 -1.6630096 -0.09625244
9.90358 -1.47258 -0.2557373
9.944046 -1.2488251 -0.3795166
9.855972 -1.0464935 -0.47711182
9.694107 -1.0702972 -0.5604248
9.601273 -1.3035736 -0.5461426
9.4917755 -1.4868622 -0.5509033
9.396561 -1.6058807 -0.43188477
9.301346 -1.7201385 -0.5175781
9.239456 -1.7510834 -0.5032959
9.270401 -1.5320892 -0.47711182
9.282303 -1.3940277 -0.51519775
9.310867 -1.3797455 -0.47711182
9.296585 -1.389267 -0.43188477
9.356094 -1.4416351 -0.47711182
9.358475 -1.4011688 -0.4366455
9.406082 -1.3440399 -0.5866089
9.346573 -1.4106903 -0.6104126
9.282303 -1.4416351 -0.6104126
9.215652 -1.5130463 -0.57232666
9.187088 -1.563034 -0.5913696
9.19899 -1.4559174 -0.5461426
9.232315 -1.3488007 -0.51519775
9.2799225 -1.286911 -0.48901367
9.315628 -1.2559662 -0.44140625
9.32515 -1.4249725 -0.41760254
9.382278 -1.5511322 -0.4866333
9.45845 -1.6749115 -0.4628296
9.525101 -1.7415619 -0.4199829
9.506058 -1.7106171 -0.30096436
9.548904 -1.6630096 -0.26049805
9.608414 -1.5749359 -0.17956543
9.656021 -1.5654144 -0.19146729
9.746475 -1.4844818 -0.05102539
9.782181 -1.5201874 -0.15338135
9.803604 -1.555893 -0.11053467
9.886917 -1.5106659 -0.12243652
9.858353 -1.4844818 -0.09387207
9.71077 -1.4844818 -0.15576172
9.4917755 -1.5154266 -0.1486206
9.45369 -1.555893 -0.15576172
9.506058 -1.5535126 -0.15100098
9.567947 -1.6130219 -0.18432617
9.58461 -1.646347 -0.20098877
9.548904 -1.7272797 -0.25097656
9.484634 -1.79393 -0.2319336
9.410843 -1.8082123 -0.18908691
9.379898 -1.8034515 -0.26287842
9.4275055 -1.79393 -0.24383545
9.4275055 -1.8629608 -0.13909912
9.472733 -1.7772675 -0.13671875
9.45607 -1.786789 -0.14147949
9.489395 -1.8296356 -0.14624023
9.434647 -1.79393 -0.15576172
9.475113 -1.7653656 -0.11053467
9.465591 -1.7701263 -0.14147949
9.439407 -1.7153778 -0.081970215
9.417984 -1.7106171 -0.081970215
9.401321 -1.7058563 -0.105773926
9.360855 -1.6677704 -0.055786133
9.417984 -1.7368011 -0.15338135
9.346573 -1.7082367 -0.084350586
9.465591 -1.7558441 -0.12243652
9.460831 -1.7772675 -0.16766357
9.527481 -1.7463226 -0.14147949
9.470352 -1.6987152 -0.18670654
9.420364 -1.703476 -0.12957764
9.432266 -1.7129974 -0.124816895
9.417984 -1.6701508 -0.17480469
9.470352 -1.6772919 -0.20336914
9.484634 -1.7653656 -0.23431396
9.501297 -1.767746 -0.22955322
9.572708 -1.7629852 -0.22241211
9.570328 -1.7796478 -0.22955322
9.563187 -1.7653656 -0.16290283
9.532242 -1.7153778 -0.13671875
9.503677 -1.6891937 -0.11053467
9.472733 -1.6915741 -0.09387207
9.465591 -1.6868134 -0.11053467
9.482254 -1.6868134 -0.13909912
9.496536 -1.72966 -0.07244873
9.494156 -1.7891693 -0.15338135
9.475113 -1.7986908 -0.14624023
9.420364 -1.8867645 -0.12005615
9.441788 -1.8748627 -0.12005615
9.460831 -1.8486786 -0.09625244
9.463211 -1.8248749 -0.0914917
9.472733 -1.7558441 -0.12957764
9.527481 -1.748703 -0.103393555
9.4275055 -1.7201385 -0.055786133
9.465591 -1.7701263 -0.084350586
9.501297 -1.8010712 -0.09625244
9.565567 -1.8343964 -0.15100098
9.560806 -1.8629608 -0.12719727
9.506058 -1.9129486 -0.1652832
9.45369 -1.8939056 -0.13433838
9.45845 -1.8820038 -0.06530762
9.546524 -1.786789 -0.11053467
9.625076 -1.8224945 -0.17242432
9.656021 -1.8224945 -0.14624023
9.546524 -1.8558197 -0.1652832
9.513199 -1.8605804 -0.1081543
9.45607 -1.767746 -0.09863281
9.45607 -1.7748871 -0.06530762
9.4917755 -1.7772675 -0.00579834
9.508438 -1.7915497 0.010864258
9.551285 -1.7582245 0.0061035156
9.525101 -1.7915497 -0.02960205
9.484634 -1.7820282 0.0061035156
9.446548 -1.8058319 -0.07720947
9.472733 -1.8058319 -0.062927246
9.477493 -1.7606049 -0.04864502
9.563187 -1.748703 -0.084350586
9.498917 -1.7344208 -0.16766357
9.463211 -1.6939545 -0.13909912
9.413223 -1.6582489 -0.15576172
9.346573 -1.703476 -0.124816895
9.384659 -1.6796722 -0.19622803
9.38942 -1.703476 -0.19384766
9.408463 -1.7344208 -0.2319336
9.420364 -1.767746 -0.20336914
9.448929 -1.7629852 -0.20812988
9.45369 -1.7320404 -0.2319336
9.444168 -1.6891937 -0.1986084
9.489395 -1.6630096 -0.22717285
9.45607 -1.7391815 -0.16766357
9.422745 -1.7225189 -0.26287842
9.451309 -1.6891937 -0.24859619
9.472733 -1.66539 -0.18908691
9.45845 -1.6273041 -0.13433838
9.429886 -1.6582489 -0.1081543
9.482254 -1.66539 -0.124816895
9.489395 -1.7106171 -0.1486206
9.484634 -1.6820526 -0.15338135
9.463211 -1.7201385 -0.084350586
9.52272 -1.7820282 -0.058166504
9.537003 -1.7320404 -0.07720947
9.484634 -1.7725067 -0.06768799
9.472733 -1.703476 -0.012939453
9.477493 -1.6891937 -0.012939453
9.513199 -1.7153778 0.008483887
9.556046 -1.6630096 -0.008178711
9.534622 -1.7534637 0.046569824
9.506058 -1.7558441 -0.015319824
9.498917 -1.7606049 0.020385742
9.487015 -1.7510834 0.046569824
9.482254 -1.748703 0.0037231445
9.534622 -1.7415619 -0.039123535
9.532242 -1.6963348 0.010864258
9.475113 -1.7344208 -0.0034179688
9.434647 -1.7439423 0.008483887
9.39418 -1.6963348 0.03942871
9.451309 -1.6796722 0.018005371
9.527481 -1.6891937 -0.034362793
9.534622 -1.7082367 0.015625
9.5108185 -1.767746 0.0037231445
9.434647 -1.7606049 -0.0010375977
9.432266 -1.8082123 -0.015319824
9.441788 -1.7320404 0.072753906
9.448929 -1.703476 -0.036743164
9.465591 -1.7606049 0.027526855
9.484634 -1.7415619 -0.05340576
9.501297 -1.8248749 -0.024841309
9.498917 -1.877243 -0.04626465
9.465591 -1.8677216 -0.062927246
9.448929 -1.8724823 -0.008178711
9.501297 -1.8248749 -0.05102539
9.484634 -1.7558441 -0.02960205
9.515579 -1.7058563 -0.062927246
9.501297 -1.7725067 -0.0034179688
9.472733 -1.767746 -0.02722168
9.475113 -1.812973 -0.11291504
9.467972 -1.8486786 -0.18670654
9.494156 -1.8224945 -0.08911133
Time Stop = 6621
