Name: Justine
Date: 2/25/16
Time: 00:20

1136 640 -24
-312 -728 -944
-240 -784 -864
-184 -520 -792
-184 -552 -728
-168 -568 -776
-176 -600 -728
-208 -712 -752
-224 -720 -800
-240 -736 -824

-128 -664 -768
-176 -616 -696
-184 -608 -680
-224 -720 -672
-216 -768 -808
-256 -800 -912
-232 -568 -768
-208 -560 -616
-232 -584 -592
-176 -736 -288

-8 -552 -232
1208 -8 904
2936 656 456
2016 608 784
1752 440 200
1144 432 240
1056 776 304
1368 824 184
1632 472 432
1944 184 576

1552 128 224
1112 216 264
832 160 176
488 112 -352
840 104 160
1800 696 96
1280 760 312
1272 496 144
1184 592 152
1168 632 112

1272 440 272
1496 56 240
1136 120 152
912 248 232
840 160 88
896 264 0
1232 296 224
1232 496 152
1064 336 8
1232 432 112

1272 568 88
1224 416 160
1376 352 368
1176 160 72
952 232 64
936 216 184
888 152 -24
1112 240 48
1320 368 192
1040 328 136

1120 216 -24
1248 424 -104
1304 544 -208
1320 272 312
1424 192 280
1144 168 128
1032 200 200
944 192 24
832 72 -40
1120 184 96

1288 312 264
1232 328 80
1456 376 48
1288 584 -160
1344 448 88
1488 216 416
1336 160 80
1080 232 256
1000 208 128
792 128 -8

936 176 24
1288 304 256
1320 416 208
1400 312 -56
1296 392 -96
1352 456 88
1400 304 320
1432 168 224
1144 200 136
952 232 248

816 152 0
800 200 -128
1096 216 184
1304 368 176
1336 352 64
1336 536 -56
1296 560 -80
1216 432 128
1400 280 432
1208 184 208

1056 192 216
944 144 48
896 192 -48
984 344 24
1056 400 80
1048 416 32
1256 432 128
1152 568 -8
1256 568 8
1272 408 264

1320 264 280
1032 176 152
960 216 208
1024 168 104
928 160 -48
1136 168 128
1160 272 176
1128 440 80
1288 520 64
1304 448 -64

1224 360 128
1376 272 408
1248 248 144
1080 264 232
1016 200 88
736 192 -176
848 256 32
1208 464 168
1128 480 96
1312 464 168

1352 568 48
1088 512 32
1232 448 272
1216 208 224
1064 216 112
1040 232 208
936 192 80
824 224 48
1024 312 40
1144 280 160

1168 400 96
1288 504 32
1248 568 -32
1160 408 152
1440 272 472
1160 160 -32
1000 224 200
952 208 104
800 152 -8
984 280 0

1304 320 168
1224 312 72
1136 264 24
1112 392 -24
1352 600 -96
1336 296 176
1472 192 272
1128 176 112
1048 168 176
976 88 264

840 176 32
1120 248 80
1312 240 144
1248 304 -128
1336 376 -128
1280 440 24
1272 392 192
1464 264 432
1304 192 272
1032 232 240

984 224 224
944 136 40
776 304 -120
1264 320 48
1192 344 -24
1136 384 0
1320 464 -104
1408 544 56
1344 480 360
1544 312 512

1248 184 256
912 232 64
856 248 56
816 264 -192
848 440 128
1184 544 160
1136 536 16
1104 360 -64
1248 456 40
1312 704 -8

1400 368 352
1296 256 304
1168 240 304
1016 216 232
976 200 176
872 160 -88
816 200 -64
1272 368 48
1216 392 -56
1016 472 -56

984 344 -40
936 288 -120
744 240 160
1744 168 536
1304 128 72
664 296 200
576 176 120
1224 312 104
1384 456 -120
1088 504 80

848 488 -56
896 440 -40
1360 440 264
1656 192 392
1152 208 72
656 192 192
752 248 200
1080 584 -120
848 816 -368
656 704 48

712 664 168
1400 832 328
1568 512 384
936 280 -40
616 216 56
568 136 136
1128 280 160
1352 632 -176
1112 560 16
952 480 -136

1312 536 -168
1512 408 344
1312 296 200
1112 248 328
1176 232 256
1064 48 56
920 144 -56
1072 216 -128
1352 152 -104
1112 176 200

1104 976 160
1520 680 544
1592 400 496
1312 240 432
1080 216 448
704 200 -24
608 128 -48
1072 280 24
1384 344 48
1384 472 -304

1352 552 -344
1448 480 0
1432 344 496
1336 208 544
1248 152 392
888 120 176
624 72 128
376 224 72
1024 496 264
1720 992 -128

1208 744 -72
960 496 -64
896 440 56
1296 288 360
1624 256 440
864 256 -8
504 184 24
640 168 192
1128 312 128
1528 728 -240

1144 592 8
888 384 0
744 408 40
1584 264 560
1744 192 128
960 208 136
552 48 40
496 24 56
1240 256 144
1840 888 376

1168 848 328
864 520 -80
920 624 -32
1808 232 576
1456 160 0
936 144 144
600 16 96
512 96 32
1248 256 120
1864 816 -144

1216 600 80
992 400 -168
1024 536 -40
1512 328 840
1656 192 680
1160 200 360
976 168 384
904 120 312
864 176 -104
1128 152 -152

1304 136 -184
1184 312 -224
1080 336 -16
1112 368 296
1352 488 352
1328 360 488
1296 240 456
1016 192 328
1048 240 120
888 104 -104

696 88 -296
1344 344 -96
1288 488 72
1112 440 -168
1024 336 -144
888 208 40
864 200 248
1688 192 472
1264 216 -64
688 128 96

584 -8 80
1232 360 -72
1752 600 -136
1080 440 56
896 344 -200
968 440 96
1464 256 448
1600 96 88
1016 152 24
536 -56 136

648 -16 152
1616 632 -280
1376 872 -88
856 560 -240
792 464 -96
1856 352 656
1576 224 -48
832 48 152
560 -24 64
904 336 -32

1208 608 -152
1176 648 -8
904 736 -56
816 648 56
1456 664 496
1488 448 384
1032 264 312
880 224 288
856 184 288
1256 232 224

1216 496 -48
1064 304 24
1072 288 -8
1120 424 48
1048 384 240
1304 552 608
1224 464 552
1224 456 616
1232 392 472
1136 320 240

1000 256 -56
712 216 -296
832 256 -176
1096 496 0
1136 480 -160
1152 456 -72
1040 400 -168
992 248 0
912 200 168
1408 280 208

1584 208 296
1064 200 104
792 208 32
624 200 40
632 232 -24
1416 456 288
1560 600 -256
1048 200 104
1000 136 -48
856 336 16

904 288 72
1480 200 352
1448 184 184
704 224 -8
592 104 48
688 128 160
1520 280 232
1336 472 -280
944 384 -16
872 416 -48

1000 608 80
1880 256 568
1672 80 144
920 160 160
616 112 136
504 8 128
1072 352 344
1680 928 -216
1296 880 0
832 464 -216

840 528 -192
1536 416 856
1584 312 592
1056 296 296
848 248 328
624 176 240
616 248 -40
1384 584 152
1464 704 80
992 488 -8

968 360 248
968 368 200
1200 416 440
1064 320 184
1080 360 384
1184 304 368
1096 248 424
1056 304 88
928 288 -32
928 72 -200

1016 224 -96
1016 448 0
1064 360 -16
1080 488 32
1280 488 160
1264 248 288
1312 200 304
952 144 160
704 128 264
488 160 128

608 400 216
1448 760 -112
1384 864 40
864 504 -40
752 440 88
952 328 272
1584 344 592
1264 328 -32
872 216 96
536 16 64

808 96 144
1656 520 120
1376 744 -8
944 432 -80
928 424 -32
920 336 24
1432 256 456
1368 160 144
744 264 72
496 -48 128

952 128 384
1688 728 -104
1280 792 48
752 448 -56
944 504 88
1648 192 480
1376 88 -216
672 -80 136
496 -40 112
1088 480 48

1448 848 -352
776 752 -288
640 624 -312
1472 600 360
1808 448 632
1112 376 -48
808 192 216
600 96 72
776 136 -56
1464 688 56

1304 864 64
1008 848 -112
856 680 -176
1576 600 560
1728 64 224
904 96 104
648 160 184
640 16 184
1216 240 312
1560 744 -24

1184 800 -128
768 872 -712
1152 960 -504
2368 800 -232
1816 600 -232
896 192 -168
616 128 -72
832 216 -416
632 352 -872
536 184 -1192

528 1000 176
488 1128 24
464 896 -136
624 856 -40
672 872 -40
576 912 -144
552 952 -240
488 912 -232
472 1152 -120
432 488 -448

376 872 -256
8 1320 24
-40 1424 -520
320 888 -288
312 1128 -288
272 1016 -136
328 1040 -72
352 1016 -64
448 1016 96
496 536 448

760 488 304
1016 200 88
1144 56 -136
1136 -56 -104
1120 160 -48
1032 432 344
1552 664 576
1376 312 336
1432 272 504
1048 248 72

968 224 88
840 40 -96
856 136 -216
1504 368 208
1328 616 296
1224 504 168
1216 616 72
1232 704 112
1328 280 352
1592 104 224

1232 64 160
920 288 304
792 136 80
904 136 -80
1184 240 184
1440 504 40
1192 504 160
1056 464 0
1104 472 32
1328 496 224

1400 320 304
1344 112 208
1112 136 240
920 216 224
808 184 104
832 280 -72
1184 328 176
1288 424 8
1072 496 24
920 408 -48

808 368 -152
1640 304 320
1896 256 400
1248 288 152
864 224 176
464 120 184
616 192 96
1784 472 16
1792 688 40
1080 536 0

1144 448 8
1488 696 -232
1432 384 248
1648 216 416
1360 152 168
1072 216 136
1032 200 176
776 -64 -48
960 80 -136
1392 176 240

1392 344 304
1512 424 120
1424 616 -176
1280 480 16
1416 224 400
1240 192 192
1256 224 296
1208 136 168
976 -16 88
888 80 -64

1104 112 8
1232 240 192
1296 368 160
1408 520 -64
1272 568 -136
1392 576 240
1600 272 488
1280 184 208
1096 256 144
896 176 40

752 72 40
1096 208 40
1504 320 208
1248 424 72
1184 296 32
1400 392 -112
1360 608 -344
1592 200 520
1608 160 344
1184 160 208

1080 256 256
968 96 0
840 -32 -152
1512 80 232
1448 528 32
1320 416 112
1504 440 88
1200 1016 -624
1384 728 80
1704 288 568

1512 168 272
1328 216 208
1200 216 64
800 -40 -112
1040 136 40
1328 312 200
1312 496 128
1616 392 128
1472 552 -8
1312 496 -48

1472 304 480
1384 160 208
1144 200 256
1120 256 216
1008 192 -216
1048 16 -112
1216 80 -8
1088 248 136
1232 288 152
1616 544 -48

1536 688 -80
1272 168 -144
1392 248 240
1152 312 240
1184 240 224
1072 184 -192
992 120 -128
1088 48 0
1024 208 48
1104 312 136

1472 416 104
1448 600 -136
1264 456 -96
1352 368 296
1224 408 160
1344 272 288
1248 200 104
960 64 -56
968 24 -64
1152 144 168

1240 320 280
1520 416 16
1480 440 -32
1288 520 80
1488 224 320
1432 200 376
1288 296 224
1176 168 128
1088 160 -96
984 -8 -96

1104 -16 176
1280 312 264
1392 456 128
1504 432 -96
1256 616 -200
1392 320 304
1416 152 312
1336 320 240
1408 240 200
1088 -144 -40

936 80 -96
1056 48 136
1112 152 120
1480 352 112
1584 408 -128
1352 392 -232
1272 328 136
1488 176 296
1296 256 184
1344 232 152

1472 416 104
1448 600 -136
1264 456 -96
1352 368 296
1224 408 160
1344 272 288
1248 200 104
960 64 -56
968 24 -64
1152 144 168

1240 320 280
1520 416 16
1480 440 -32
1288 520 80
1488 224 320
1432 200 376
1288 296 224
1176 168 128
1088 160 -96
984 -8 -96

1104 -16 176
1280 312 264
1392 456 128
1504 432 -96
1256 616 -200
1392 320 304
1416 152 312
1336 320 240
1408 240 200
1088 -144 -40

936 80 -96
1056 48 136
1112 152 120
1480 352 112
1584 408 -128
1352 392 -232
1272 328 136
1488 176 296
1296 256 184
1344 232 152

1248 56 32
1008 56 -88
1032 48 56
1136 160 176
1344 360 208
1600 568 -32
1432 512 -80
1152 336 -312
1416 408 152
1256 328 104

1264 352 200
1288 248 40
1216 32 48
944 16 -40
992 72 120
1352 248 360
1584 496 216
1392 432 -40
1216 288 -432
1480 232 512

1496 136 272
1312 248 352
1384 280 272
1096 -144 72
976 -48 -104
1008 56 176
1144 224 104
1560 744 -168
1544 568 -104
1312 280 72

1408 248 328
1304 176 216
1280 256 256
1072 176 -24
912 -128 -152
1024 88 -72
1248 200 64
1208 248 232
1216 296 32
1440 256 -128

1424 400 -184
1264 224 208
1464 248 400
1160 248 176
1232 304 240
1264 200 80
1040 -48 -136
968 -40 -64
1104 24 208
1368 368 224

1568 480 112
1432 592 -136
1208 496 -40
1480 312 368
1360 208 208
1256 240 256
1200 184 96
888 -24 -32
1064 32 -16
1200 224 208

1232 328 256
1504 368 120
1384 520 -80
1312 416 -160
1528 232 368
1464 152 136
1336 208 368
1128 248 0
1008 112 -48
960 16 -48

1168 96 200
1408 320 352
1600 488 272
1560 608 -88
1280 568 -160
1544 256 408
1552 168 400
1376 256 328
1304 280 272
928 -48 -8

856 8 -152
1168 32 232
1368 192 408
1768 480 112
1616 760 -136
1280 368 -344
1384 304 48
1512 328 248
1432 264 224
1232 160 8

1088 -136 -8
1000 32 -48
1232 56 176
1592 256 488
1720 576 304
1344 648 -128
1240 704 -344
1704 416 496
1960 224 536
1616 224 368

1400 184 280
928 -32 -160
664 -8 -80
1208 88 304
1792 360 576
1768 664 184
1552 816 -360
1248 856 -616
1976 400 464
1752 152 224

1320 256 296
1072 248 56
888 -40 8
920 16 -128
1320 40 280
1896 408 280
1792 576 -80
1544 192 -240
1432 208 -80
1832 224 528

1776 208 480
1304 248 328
1192 240 176
808 -200 -136
720 -72 -144
1472 120 248
1672 376 264
1616 264 -32
1664 360 -120
1384 560 -88

1440 192 440
1680 144 344
1480 176 360
1280 232 208
984 -32 -104
896 -136 -64
1312 -16 216
1696 376 432
1632 536 48
1464 648 -120

1312 632 -136
1472 216 488
1688 184 424
1424 208 320
1328 232 272
848 88 -208
680 -56 -136
1360 40 160
1624 304 360
1456 456 248

1432 528 152
1232 944 -64
1232 576 88
1536 328 384
1360 224 256
1296 208 224
1136 176 -16
936 -48 -112
1024 -8 80
1280 272 216

1336 368 368
1584 464 80
1448 768 -8
1264 400 48
1464 256 272
1352 384 256
1432 304 336
1280 -16 176
856 -72 56
1056 104 0

1448 160 200
1560 432 336
1624 416 -80
1432 800 -184
1448 240 128
1768 112 400
1520 232 280
1232 264 128
1088 176 -24
872 -104 -56

1088 32 0
1432 216 328
1504 408 216
1584 816 40
1352 984 32
1272 584 72
1568 408 464
1416 344 224
1272 320 144
1088 104 8

832 -176 -16
1136 96 56
1560 200 320
1536 520 288
1512 344 -8
1336 448 -248
1368 408 -80
1848 168 712
1800 136 296
1496 312 464

1304 240 64
752 -152 0
808 -184 -32
1640 152 296
1928 448 536
1560 592 -24
1456 952 -24
1304 456 -112
1568 488 512
1640 264 200

1456 280 304
1296 240 168
1016 -168 -48
808 -24 -144
1160 56 208
1600 360 376
1584 520 104
1480 624 120
1336 736 -48
1384 376 432

1504 216 344
1416 240 264
1408 288 248
1000 -160 88
712 -32 8
1472 240 216
1576 464 112
1352 336 56
1408 304 0
1360 416 -520

1616 176 240
1816 176 464
1416 152 312
1224 272 96
992 72 168
784 -48 -224
1040 88 -16
1560 240 336
1648 488 232
1640 472 -176

1392 560 -280
1456 296 200
1680 184 408
1344 152 264
1304 216 216
1080 0 104
800 -16 -128
1112 56 216
1496 208 368
1512 488 136

1600 448 -96
1352 776 -264
1384 368 104
1816 152 496
1488 224 168
1344 208 336
1096 88 72
792 16 -104
1000 -24 -40
1544 216 312

1560 512 216
1680 464 -72
1384 688 -256
1384 272 160
1664 216 400
1440 256 272
1360 248 200
968 -8 -120
776 -200 -40
1136 80 144

1520 232 432
1416 352 152
1536 336 96
1416 536 -256
1248 448 -184
1576 352 432
1584 168 288
1368 248 200
1424 288 136
936 -312 88

760 -40 -136
1232 168 208
1496 352 232
1616 600 -40
1600 472 -488
1288 408 0
1528 216 368
1464 184 296
1328 280 280
1248 232 112

1056 -96 -88
896 -56 -112
1168 80 88
1424 304 376
1528 528 -80
1648 256 -152
1392 304 -72
1472 256 400
1400 248 416
1240 232 168

1192 168 152
920 -112 -48
920 0 -32
1128 112 200
1328 256 272
1688 576 -8
1640 560 -296
1328 104 -40
1432 272 312
1424 200 216

1320 232 208
1272 176 48
1032 -128 8
864 -8 -120
1032 40 136
1512 296 -168
1592 776 144
1400 768 -128
1216 832 -64
1448 456 416

1368 384 320
1216 328 672
1256 208 312
992 -216 152
920 8 -72
1136 168 96
1272 288 256
1608 472 112
1496 632 -128
1240 704 -24

1360 264 88
1368 280 136
1480 280 408
1328 64 96
1056 -176 144
1032 32 56
1224 136 128
1496 408 216
1624 664 24
1400 792 -240

1312 496 -24
1688 296 448
1568 160 240
1352 240 288
1224 192 80
880 -136 -64
960 -40 72
1464 160 288
1696 416 352
1624 688 8

1384 800 80
1176 616 -56
1456 464 360
1432 240 264
1440 256 320
1296 -56 184
1000 -208 144
1040 136 24
1272 152 136
1512 456 184

1592 528 -64
1336 536 -336
1400 336 88
1904 168 528
1592 104 240
1208 280 248
1000 224 80
712 -72 -152
976 16 0
1432 200 312

1600 312 216
1776 360 -40
1616 712 -152
1336 200 16
1576 200 336
1464 216 232
1344 232 232
992 56 112
808 -128 -16
1136 16 96

1400 72 216
1664 512 248
1624 560 -104
1392 672 -272
1328 544 24
1640 232 440
1440 216 344
1336 344 264
1240 128 288
840 -104 -96

1032 -8 40
1448 216 288
1560 440 304
1576 648 -40
1328 800 -184
1320 600 0
1632 432 376
1472 256 264
1360 208 200
1128 -96 16

920 -216 152
1104 80 56
1504 168 312
1680 664 240
1680 584 -88
1280 760 -280
1312 440 -40
1784 208 496
1576 176 248
1296 232 240

1168 104 128
952 -72 -152
1104 -40 80
1664 216 424
1800 592 32
1568 816 -192
1352 760 -224
1528 432 336
1960 304 632
1584 176 392

1408 304 168
824 -200 -128
640 -208 -56
1504 72 272
1936 400 504
1616 424 24
1616 504 -32
1304 840 -288
1376 424 120
1776 248 432

1536 192 288
1376 224 56
1136 -64 104
872 -80 -40
1040 64 -8
1536 264 352
1624 448 112
1600 576 -96
1344 856 -280
1368 272 136

1600 152 424
1400 224 296
1400 240 304
1072 -136 88
872 -64 -136
1128 24 136
1256 120 288
1544 408 136
1720 576 -40
1376 688 -288

1256 392 -48
1600 288 440
1432 192 288
1272 200 312
1144 -40 176
1016 0 -80
1304 64 144
1352 240 232
1448 408 208
1544 656 -88

1272 768 -224
1272 616 312
1664 408 512
1456 216 328
1472 216 376
1200 -280 160
888 -120 -184
1440 48 224
1832 288 472
1528 560 176

1488 608 88
1136 912 -256
1384 408 216
1752 224 384
1568 240 264
1448 256 256
1096 72 72
832 -32 -72
1024 32 16
1688 240 280

1808 536 320
1640 536 -72
1312 752 -304
1392 512 184
1712 304 368
1512 256 288
1440 232 296
1128 -168 -32
896 -80 24
1256 144 24

1408 320 112
1448 536 8
1504 624 -56
1208 1128 -304
1272 720 72
1520 288 416
1376 272 336
1392 208 152
1144 -128 -88
976 -40 -72

1168 48 216
1504 264 424
1560 504 120
1528 544 -48
1272 816 -240
1528 296 400
1736 192 416
1464 224 264
1368 296 216
1000 -168 -40

896 -80 -152
1304 104 216
1512 240 344
1624 584 24
1680 608 -192
1240 472 -648
1352 440 -184
1592 384 352
1384 264 272
1360 184 136

1128 -168 -96
960 -72 -80
1152 -8 120
1536 240 360
1640 512 64
1704 392 -304
1400 528 -344
1616 208 352
1800 128 488
1528 248 368

1400 200 160
1056 -104 -80
888 -72 -224
1184 56 -8
1536 272 144
1656 704 64
1616 712 -176
1208 752 -480
1320 592 -40
1632 344 312

1456 272 312
1400 208 200
1160 -88 48
984 -8 -40
1224 80 64
1480 296 256
1552 520 160
1472 672 -200
1224 912 -432
1608 480 248

1848 280 376
1528 224 272
1400 240 232
968 -272 -192
848 -112 -120
1512 112 232
1848 304 400
1696 480 0
1640 552 16
1224 872 -96

1504 592 320
1832 240 384
1720 232 400
1432 160 312
1064 144 -176
792 -288 -336
1168 -88 208
1640 376 368
1896 864 240
1368 872 -40

1216 960 0
1456 608 216
1608 392 272
1472 200 240
1336 176 144
952 -240 160
1032 8 8
1616 184 368
1704 488 272
1552 632 16

1368 1024 -48
1304 680 96
1712 496 440
1560 256 368
1480 240 320
1104 -88 192
872 -176 -88
1104 -56 144
1424 88 352
1816 552 312

1704 728 -16
1208 904 -104
1264 792 16
1712 392 424
1584 224 296
1440 184 360
1224 16 128
928 -56 -32
1136 32 80
1552 232 176

1648 448 208
1568 672 0
1264 880 -208
1416 632 152
1720 416 336
1576 256 328
1528 216 152
1216 -152 -88
912 -144 56
944 120 56

1472 344 240
1968 656 216
1712 920 -112
1152 912 -400
1320 688 -16
1808 368 392
1664 240 312
1392 192 192
1144 -88 88
856 -56 -64

1224 24 208
1768 312 448
1808 568 200
1456 792 -32
1280 936 -272
1648 456 344
1808 224 440
1536 176 384
1400 200 352
992 -216 96

952 -24 -48
1344 -48 264
1688 184 456
1760 640 152
1504 680 -168
1344 616 8
1632 304 360
1640 168 320
1488 216 352
1224 104 208

928 -256 128
1160 8 128
1536 88 456
1680 504 176
1680 632 -56
1352 624 -664
1432 240 -272
1936 176 448
1736 136 336
1456 176 304

1128 128 104
776 -136 56
880 -40 -24
1488 176 376
1856 472 24
1824 872 -160
1472 976 -8
1320 472 176
1600 240 248
1520 168 248

1448 216 224
1112 -96 144
880 -16 -128
1008 56 168
1368 264 312
1832 648 152
1696 912 -224
1336 800 -40
1528 592 272
1648 224 264

1584 192 376
1168 24 144
912 -144 32
1136 8 80
1496 104 288
1816 552 296
1752 568 0
1400 920 -296
1400 616 64
1776 200 560

1568 152 304
1368 248 400
1184 88 128
848 -104 -64
1064 0 80
1576 320 264
1672 504 232
1600 624 -48
1360 816 -192
1408 600 168

1808 352 448
1536 216 320
1448 216 224
1112 -16 64
856 -112 -16
992 56 128
1456 184 344
1856 656 216
1736 672 -160
1304 872 -128

1312 624 96
1792 256 496
1600 192 368
1424 184 288
1176 -312 40
1008 -176 -8
1456 40 328
2008 480 352
1704 488 96
1464 440 -240

1320 488 -264
1768 160 720
1992 80 400
1584 200 464
1352 264 240
912 -184 96
840 -8 -80
1360 40 368
1800 248 536
1888 688 160

1608 688 -8
1256 696 -32
1648 432 448
1768 112 280
1560 208 392
1272 208 224
1000 -128 272
800 0 40
1184 -168 456
1912 608 552

1752 832 -48
1328 736 96
1256 776 184
1744 384 624
1640 224 88
1376 248 72
1096 64 8
728 -80 152
992 152 168
1384 152 256

1512 328 304
1664 480 -16
1536 552 -304
1488 296 312
1640 128 416
1512 240 336
1296 264 336
960 192 -24
864 64 -32
1024 88 -56

1344 104 224
1592 416 184
1608 528 -16
1352 616 -104
1312 568 104
1776 136 624
1648 88 288
1368 240 408
1216 240 208
864 -128 16

968 64 8
1488 192 352
1776 432 344
1704 704 -16
1392 752 -184
1416 440 104
1824 160 584
1640 112 312
1448 168 384
1008 -8 184

784 -16 -8
1296 -24 224
1808 288 272
1712 864 -112
1504 896 -336
1136 984 -480
1400 736 -8
1920 320 488
1648 216 376
1328 240 224

1064 40 72
808 -72 -48
1152 0 144
1792 424 368
1720 664 144
1512 664 -144
1264 936 -248
1608 440 368
1752 216 416
1568 192 368

1408 184 368
1072 -136 16
976 -80 -64
1736 320 240
1960 552 496
1456 648 208
1208 792 312
1192 816 248
1672 576 496
1720 184 376

1488 136 368
1216 152 160
960 -128 40
1008 40 64
1472 192 296
1744 552 304
1720 776 48
1320 1056 24
1344 760 192
1704 304 416

1584 168 248
1344 232 192
1016 0 96
896 64 32
1224 152 240
1464 328 360
1488 488 192
1560 840 56
1400 952 16
1368 568 152

1600 360 352
1400 224 288
1368 208 360
1000 -48 40
864 -24 0
1136 184 232
1432 320 272
1640 504 96
1712 648 -224
1416 688 32

1648 392 424
1584 176 320
1408 200 336
1128 88 184
936 -72 -16
1064 32 88
1480 200 336
1712 568 216
1728 536 -8
1336 856 -168

1360 752 40
1880 352 544
1784 168 336
1424 224 272
1144 144 88
744 -72 -120
936 -48 24
1680 208 360
1920 496 336
1808 632 -128

1352 832 -96
1416 592 120
1800 368 464
1640 208 288
1464 184 288
1024 56 -8
784 -40 -16
992 104 88
1416 304 280
1736 528 160

1848 672 64
1280 736 -424
1200 560 -272
1664 336 376
1512 216 232
1288 200 192
1128 136 56
928 -8 -32
1024 24 56
1512 272 296

1672 568 160
1600 496 -392
1328 216 -472
1584 704 320
1696 336 496
1424 208 232
1312 224 192
944 48 -112
784 8 -184
1040 336 64

1264 512 120
1584 608 392
1600 736 208
1256 872 56
1136 704 80
1472 416 392
1296 272 176
1232 176 208
1152 208 -24
992 16 -24

1032 56 80
1312 248 216
1464 432 216
1488 632 -120
1288 848 -8
1408 536 144
1680 376 376
1392 184 248
1224 152 152
928 120 -32

800 -16 24
1216 96 128
1528 200 304
1592 544 88
1688 456 -120
1336 920 -360
1520 456 80
1896 224 520
1656 160 344
1288 304 264

1080 96 128
960 -48 -56
1280 208 -96
1736 528 264
1752 648 184
1416 944 -240
1264 1112 -208
1792 584 272
1848 328 360
1520 296 248

1352 208 48
896 -216 48
896 0 -80
1608 280 248
1840 416 328
1760 568 -56
1424 664 -168
1352 680 72
1656 496 384
1720 256 328

1504 192 320
1208 144 64
952 -216 -48
1128 -16 48
1464 248 248
1760 552 360
1704 648 -56
1304 840 -360
1312 688 -80
1640 424 400

1520 304 312
1448 248 288
1240 120 48
944 -16 -120
1016 0 16
1512 176 288
1720 456 408
1504 640 -64
1360 864 -40
1368 536 112

1664 312 400
1464 208 296
1360 192 288
1128 24 32
840 -40 -32
1096 -16 88
1504 232 288
1600 664 64
1528 752 -48
1104 984 -112

1272 712 128
1664 336 480
1512 176 272
1328 168 248
1080 -40 168
976 32 -144
1136 88 112
1312 184 288
1360 288 256
1600 328 40

1416 600 -48
1240 384 32
1488 336 336
1520 152 280
1312 192 216
1088 208 104
968 104 -56
1064 48 -8
1304 144 176
1392 384 336

1424 416 96
1432 616 -152
1328 776 -176
1592 320 424
1696 192 456
1360 184 264
1256 232 160
1024 -112 0
848 -40 -80
1272 72 232

1640 256 464
1648 440 -16
1624 496 -160
1312 568 48
1416 304 256
1576 168 384
1424 200 344
1216 200 96
992 -256 -72
1072 -32 8

1280 64 328
1536 304 456
1600 552 80
1472 624 -272
1328 712 -112
1584 296 472
1736 232 528
1448 192 312
1304 272 56
896 -248 -184

816 -104 -144
1456 112 488
1664 392 408
1512 408 296
1592 584 -48
1368 1104 96
1608 624 472
1936 248 400
1608 192 320
1152 184 152

840 0 48
800 -32 -88
1152 56 176
1712 232 424
1808 472 176
1728 536 -112
1416 600 -320
1288 328 136
1576 352 448
1592 312 344

1672 248 264
1456 -88 208
944 -176 -136
1040 -136 160
1760 336 464
1744 792 24
1472 888 -64
1184 832 112
1336 616 128
1728 272 336

1552 160 296
1304 128 120
1016 -184 112
968 -264 -16
1456 48 24
1928 360 464
1720 576 80
1328 456 -528
1264 272 -760
1896 40 272

2216 168 480
1552 224 312
1344 280 280
984 56 -80
648 56 8
1272 544 224
1824 504 576
1792 680 320
1688 536 -192
1304 864 -144

1496 440 200
1928 160 376
1632 144 424
1360 192 352
1032 80 248
760 112 -200
912 -56 48
1760 248 184
2144 704 392
1512 840 -240

1360 1104 -64
1520 624 336
1784 344 408
1616 312 352
1512 192 288
864 -176 -160
832 -96 -328
1400 136 64
1680 368 200
1736 672 -560

1448 624 -584
1216 816 -72
1368 656 112
1760 360 360
1664 288 200
1376 16 -8
920 -400 -248
1000 -40 -16
1432 224 136
1640 416 160

1576 576 -48
1312 832 -232
1320 824 -24
1512 488 304
1608 336 424
1328 216 248
1216 184 56
952 -160 -104
928 -56 -48
1512 208 336

1544 408 344
1296 384 104
1320 320 16
1248 616 -304
1520 536 48
1952 48 536
1912 248 400
1352 240 256
1032 168 48
536 -232 -272

608 -160 -40
1728 240 344
2112 416 416
1656 280 40
1624 256 -40
1320 784 -320
1704 432 448
2224 8 456
1864 184 424
1312 192 320

1064 56 152
760 -184 -136
1104 -32 96
2040 328 352
2008 680 272
1744 568 -88
1424 1104 -176
1656 568 440
2032 272 560
1656 208 352

1560 264 280
1008 -408 -72
760 -264 -200
1480 128 312
2024 440 552
1784 688 72
1736 712 -280
1536 904 168
1800 456 464
1856 152 504

1600 216 352
1272 88 168
904 -48 -224
896 -112 -8
1384 40 136
1768 472 304
1712 672 -64
1472 648 -200
1368 728 0
1560 392 496

1584 184 280
1424 224 264
1312 168 152
824 -144 184
944 -88 256
1544 160 392
1512 328 240
1584 248 56
1480 376 -24
1304 416 8

1672 184 336
1656 136 328
1376 160 296
1176 192 256
976 8 160
760 -24 -64
1280 168 64
1432 576 -72
1512 736 -200
1288 832 -256

1216 656 -112
1416 520 248
1448 368 248
1216 248 80
1080 192 -40
888 -16 -32
1064 88 152
1232 296 152
1208 312 232
1408 424 24

1408 656 -160
1312 600 64
1456 424 304
1440 280 304
1328 256 288
1200 176 160
952 -136 24
1056 8 24
1600 136 240
1592 528 200

1488 384 -80
1208 664 -144
1376 712 -80
1912 240 552
1920 200 376
1480 208 384
1248 208 216
760 -232 -56
776 -104 -88
1576 336 272

1808 432 536
1688 400 64
1456 496 -80
1256 904 8
1528 320 488
2032 168 336
1784 200 312
1120 176 184
760 72 40
448 40 80

864 344 104
1824 632 256
1728 712 224
1192 464 216
984 456 168
928 432 -120
1040 376 -32
1152 304 -16
1128 312 360
928 184 248

920 344 360
984 496 -152
976 416 -56
928 336 -80
888 272 80
1080 280 304
1128 360 128
1032 352 160
1024 280 200
912 464 -80

1024 432 -64
1144 240 24
1312 568 120
1192 496 200
1112 480 168
768 344 88
680 216 0
976 -24 104
1320 128 160
1360 440 192

1064 328 328
1032 176 -152
1208 328 -8
1504 496 304
1472 200 560
1440 192 416
1264 192 352
1248 224 224
1112 128 104
688 -24 -152

960 -24 0
1688 224 264
1624 592 -64
1520 264 -128
1528 568 32
1824 192 576
1768 144 400
1304 192 280
1184 224 304
800 16 -112

720 0 -88
1320 152 136
1712 344 312
1672 424 -80
1664 544 -192
1344 864 -8
1616 496 416
1816 224 472
1432 176 288
1120 224 192

912 -40 -80
920 32 0
1216 136 184
1672 528 400
1560 800 16
1416 616 -240
1240 1112 56
1768 752 536
1880 352 592
1440 184 312

1240 200 216
848 -64 -56
768 -8 -80
1520 200 464
1832 464 424
1680 592 -104
1520 800 -88
1400 872 88
1832 464 488
1800 208 416

1504 192 376
1200 168 128
784 -208 -136
888 -72 -32
1696 120 400
1808 592 456
1600 352 -56
1440 776 -144
1488 808 -240
1984 320 584

2032 168 416
1568 176 384
1136 144 112
736 -88 8
824 -56 -80
1800 232 328
2072 496 520
1696 696 -32
1464 856 32
1280 968 136

1736 640 528
1856 232 400
1624 216 392
1200 200 88
1016 -256 0
1088 -32 -56
1584 312 280
1752 608 400
1752 680 96
1296 1096 -40

1344 792 40
1880 416 584
1832 208 440
1496 192 192
1264 64 16
816 -288 -232
1120 16 128
1784 456 448
1696 472 384
1616 544 40

1328 896 -192
1528 632 40
1888 344 360
1776 208 416
1472 168 344
1064 96 112
760 -176 -120
1040 -128 -56
1848 256 200
1616 688 40

1600 504 -8
1472 1144 -8
1424 576 120
1840 264 488
1664 144 336
1408 280 248
1160 88 88
720 -264 -120
1160 0 16
1744 296 504

1632 536 280
1600 408 -24
1432 800 -72
1584 248 560
1864 48 480
1648 120 320
1464 248 288
1112 -128 152
784 -256 152
1392 248 -32

1976 632 184
1528 560 64
1576 648 -72
1304 848 -744
1576 568 72
2040 288 496
1672 184 336
1272 176 256
912 -32 128
720 64 -256

1200 136 -64
1704 584 176
1680 776 8
1448 944 -168
1144 1040 -240
1480 728 120
1800 528 360
1544 312 264
1448 280 32
992 -216 40

824 -56 -120
1528 264 216
1816 448 296
1640 552 -24
1528 648 -176
1296 936 -312
1512 608 160
1944 320 560
1592 200 320
1248 208 152

952 -168 -72
848 -112 -120
1672 160 360
1792 712 376
1528 408 72
1400 504 -56
1328 1088 -248
1832 176 192
1928 176 200
1544 208 328

1328 200 248
920 -96 -24
816 8 -200
1488 376 -88
1880 512 360
1568 592 -96
1496 704 -144
1280 968 -200
1576 640 112
1920 360 488

1560 360 208
1136 128 104
760 -136 -112
1024 -48 -112
1744 160 112
1728 520 280
1552 256 -104
1480 320 -176
1640 752 -520
1744 -8 624

1952 288 296
1424 240 360
1160 160 64
872 -128 -128
752 -160 0
1544 360 128
1808 640 272
1400 616 80
1568 512 0
1552 776 -312

1816 184 704
1936 168 248
1528 256 416
1168 224 208
1080 240 -16
824 -72 -200
912 -64 -8
1456 192 248
1568 448 240
1736 576 -72

1528 400 -248
1408 152 160
1528 176 464
1176 264 48
1288 272 320
1088 80 16
832 -16 88
1096 120 144
1304 152 304
1504 440 376

1616 440 136
1296 824 -304
1288 912 -16
1864 280 656
1688 160 360
1368 168 640
1168 120 -120
920 -48 184
1056 -112 184
1328 248 232

1512 424 384
1824 400 32
1600 920 -288
1232 640 -48
1608 496 312
1480 272 248
1424 192 216
1080 -16 -120
824 -32 -16
1072 96 152

1296 208 248
1544 456 64
1704 448 -152
1384 544 -416
1312 344 -120
1632 272 472
1424 184 288
1280 232 264
1168 248 104
792 -16 -96

976 -24 -24
1440 296 120
1344 408 160
1584 480 -8
1384 632 -184
1424 720 -208
1856 472 464
1696 176 344
1456 144 368
872 160 40

608 144 -216
1144 80 32
1544 152 104
1480 256 240
1576 368 40
1664 496 -272
1488 400 -360
1696 -72 760
1696 168 408
1408 328 216

1400 504 -216
648 480 -488
328 248 -152
736 432 32
1312 608 64
1392 680 32
1248 680 -208
1072 776 96
1024 944 40
1240 792 168

1664 504 440
1496 288 384
1312 216 408
816 408 256
792 712 104
632 368 -320
608 48 -232
1448 240 240
1584 392 240
1368 440 288

976 -24 -24
1440 296 120
1344 408 160
1584 480 -8
1384 632 -184
1424 720 -208
1856 472 464
1696 176 344
1456 144 368
872 160 40

608 144 -216
1144 80 32
1544 152 104
1480 256 240
1576 368 40
1664 496 -272
1488 400 -360
1696 -72 760
1696 168 408
1408 328 216

1400 504 -216
648 480 -488
328 248 -152
736 432 32
1312 608 64
1392 680 32
1248 680 -208
1072 776 96
1024 944 40
1240 792 168

1664 504 440
1496 288 384
1312 216 408
816 408 256
792 712 104
632 368 -320
608 48 -232
1448 240 240
1584 392 240
1368 440 288

1352 352 264
1144 864 88
1120 816 -8
1376 488 272
1680 264 440
1416 360 440
1240 584 72
768 -64 -192
520 8 -328
1016 248 72

1424 488 232
1464 504 176
1384 496 -104
1288 856 -152
1352 912 -8
1368 432 224
1544 352 472
1272 352 104
1104 272 -8
512 56 -216

464 104 -512
1160 224 -80
1504 344 128
1264 384 64
1128 424 256
920 320 296
1056 456 0
1272 1040 -88
1688 424 248
1648 360 112

1368 344 160
1024 272 48
1048 264 32
976 120 8
1032 136 32
1312 256 192
1416 400 152
1552 552 40
1448 680 32
1168 792 -80

1304 624 224
1424 288 264
1432 216 296
1256 160 224
1040 72 -24
1016 8 40
1168 80 184
1400 280 424
1656 584 144
1368 728 -224

1152 592 -136
1600 400 392
1560 256 272
1344 248 184
1240 192 88
856 -40 16
904 32 -32
1376 240 112
1504 360 240
1656 456 160

1400 624 104
1128 712 -16
1400 584 224
1552 280 272
1376 200 216
1152 168 72
944 144 -56
992 184 32
1368 264 192
1344 392 240

1400 408 176
1424 616 -40
1176 968 -256
1536 632 240
1720 416 392
1384 224 200
1232 176 160
824 24 -104
832 -16 56
1360 296 168

1408 464 264
1584 392 80
1632 632 -96
1288 784 -168
1400 496 184
1512 248 344
1360 224 272
1256 256 80
1032 104 24
856 104 -8

1256 256 96
1368 328 192
1432 448 248
1424 688 -8
1248 928 -208
1504 496 168
1672 344 400
1352 192 144
1256 184 288
944 40 -32

800 48 24
1232 216 176
1432 424 264
1472 416 240
1568 448 -48
1344 616 -280
1336 440 96
1576 256 432
1280 184 240
1152 216 264

1048 184 64
880 160 -80
1056 160 136
1176 312 184
1208 400 72
1560 512 40
1392 688 -280
1392 520 144
1680 344 456
1304 272 208

1232 240 288
1080 136 104
784 96 -144
1064 128 48
1248 336 24
1288 552 88
1600 520 48
1456 696 -328
1288 464 -56
1384 296 344

1168 272 280
1200 264 312
1104 208 80
936 72 -80
1080 112 48
1216 280 176
1320 368 192
1512 472 -80
1376 568 -232
1392 392 -32

1656 296 456
1312 176 216
1216 184 272
1080 160 80
904 -24 -64
1112 24 104
1400 304 16
1272 568 -16
1368 584 -192
1152 656 -80

1032 808 -296
1672 568 248
1672 352 216
1296 280 -8
1032 344 -104
744 296 -264
952 272 -16
1104 304 -8
1144 232 32
1224 384 16

1328 528 88
1384 584 40
1248 720 -80
1304 416 176
1472 312 320
1240 304 96
1272 240 248
976 88 -136
864 32 24
1200 184 136

1208 328 184
1208 344 80
1384 400 112
1376 696 -112
1360 496 0
1552 312 360
1288 176 216
1032 152 40
952 104 168
952 128 -40

1176 208 48
1352 216 136
1152 240 80
1248 256 32
1344 336 -56
1352 600 -48
1416 336 200
1520 208 360
1328 384 320
1088 392 104

784 136 -176
920 72 -24
1376 296 216
1320 448 104
1248 504 208
1408 528 96
1304 624 -240
1296 432 -56
1544 304 248
1368 328 192

1224 192 144
1008 104 48
880 104 -120
1184 96 72
1400 232 184
1120 304 184
1392 192 80
1408 608 -152
1272 672 40
1416 208 376

1440 216 344
1256 240 160
1232 232 240
1040 48 56
1024 0 -80
1160 24 144
1128 272 208
1416 472 0
1544 608 -272
1312 568 -152

1384 368 152
1280 360 184
1208 376 240
1240 248 24
1056 128 -128
928 32 -48
1072 72 64
1280 256 240
1440 408 200
1568 704 -80

1272 968 -288
1208 544 -56
1448 504 344
1312 288 168
1304 256 120
1152 152 -56
1016 64 -144
1008 72 80
1112 216 136
1504 464 216

1688 656 -88
1280 800 -224
1248 504 -64
1536 384 464
1360 280 216
1320 232 216
1160 152 8
936 56 -80
960 64 -8
1152 256 192

1376 360 344
1712 720 -136
1520 832 -272
1304 264 96
1536 280 408
1312 256 216
1224 312 128
1088 96 -96
808 -32 -184
1296 24 88

1456 304 136
1208 392 224
1408 368 -56
1432 840 -32
1192 608 144
1432 376 488
1248 280 320
1336 264 280
1296 192 136
984 24 -256

1032 -40 -56
1176 184 144
1232 320 288
1520 600 72
1408 624 -176
1232 368 160
1408 168 408
1368 120 208
1240 216 136
1104 240 192

1000 296 -40
904 264 112
1160 264 152
1376 288 352
1384 560 240
1368 624 104
1200 760 -128
1400 456 328
1464 328 312
1256 312 304

1208 200 248
992 96 -56
904 0 -112
1488 168 112
1296 424 336
1296 352 0
1432 448 56
1288 704 -160
1216 432 32
1448 264 424

1296 248 184
1376 208 200
1248 152 -32
928 -40 -72
1024 8 104
1248 256 264
1432 400 272
1624 640 -56
1376 816 -200
1280 200 -64

1512 200 232
1288 200 280
1312 248 288
1104 72 -40
896 -112 -80
1136 56 144
1256 224 320
1288 336 264
1648 360 168
1392 800 -368

1288 376 -144
1568 256 344
1496 232 256
1416 280 320
1296 240 128
848 -24 16
1016 48 -96
1432 224 48
1328 512 368
1472 472 56

1424 568 -72
1296 312 -32
1528 280 400
1304 192 144
1240 288 232
1272 184 96
1024 -112 -48
928 16 -112
1120 48 160
1192 304 312

1536 424 320
1512 760 -296
1296 632 -312
1496 392 344
1400 304 352
1088 256 184
1064 272 96
1024 136 -136
1024 24 -16
1200 104 232

1224 288 328
1360 440 32
1568 528 -112
1296 592 -328
1336 272 88
1544 240 440
1400 208 224
1272 240 208
1120 168 120
896 0 -56

1112 64 72
1288 240 248
1256 400 264
1624 360 48
1568 816 -312
1448 336 152
1680 256 400
1400 240 296
1192 176 224
912 152 8

888 40 -208
1160 56 -40
1176 184 96
1416 400 304
1672 616 120
1480 880 -48
1232 472 -48
1400 384 440
1304 328 304
1440 216 280

1280 216 16
848 -64 -80
1056 -24 -24
1280 264 240
1288 384 136
1656 536 -120
1512 656 -336
1232 440 -80
1456 408 288
1320 280 224

1328 272 200
1136 176 -56
928 24 -96
992 72 56
1160 200 208
1344 336 280
1704 464 200
1512 672 -176
1216 528 -256
1576 384 288

1568 304 232
1416 264 320
1256 192 144
912 -24 -72
872 8 -48
1216 128 168
1400 240 360
1696 480 88
1520 576 -168
1256 440 -240

1400 432 184
1488 272 216
1368 264 160
1160 176 72
968 64 -128
1000 80 -48
1232 64 72
1344 320 272
1472 448 160
1472 592 -216

1240 864 -376
1432 488 248
1584 320 440
1360 216 304
1296 192 216
1016 0 -248
880 144 -296
1240 264 96
1232 336 192
1496 472 96

1640 672 144
1168 984 152
1224 640 240
1600 312 520
1432 288 296
1344 320 280
1136 312 -152
688 152 -56
704 168 -16
1304 280 24

1680 488 232
1712 752 -248
1416 888 -160
1248 560 128
1456 424 304
1392 368 208
1360 296 176
1072 24 -96
848 -80 -40
1104 64 104

1384 168 296
1504 432 216
1624 432 72
1360 720 -232
1312 544 8
1704 288 456
1536 200 264
1400 224 336
1184 192 88
840 -8 -72

912 72 -32
1296 232 192
1544 400 160
1728 752 -256
1520 896 -200
1232 560 40
1512 456 448
1408 352 216
1424 384 240
1184 280 -88

904 128 -152
832 -112 -32
1080 136 112
1560 616 56
1608 920 -120
1296 784 -248
1320 656 16
1528 344 384
1424 296 312
1424 272 472

1240 264 264
800 152 -360
880 48 -288
1088 312 -16
1144 472 40
1544 776 -8
1472 880 -120
1296 672 88
1424 456 376
1208 304 328

1264 312 440
1296 272 144
1008 160 -192
848 -32 -112
1040 96 16
1176 304 40
1320 392 -32
1648 448 -56
1520 528 -312
1328 408 328

1552 360 576
1152 360 376
1200 376 232
1144 120 -8
896 -24 -144
1136 48 136
1392 192 184
1472 384 136
1624 280 80
1416 600 -248

1360 312 120
1680 176 344
1448 96 408
1288 272 344
1144 248 168
856 16 -64
1008 48 48
1168 512 104
1128 552 -72
1376 864 88

1368 688 -24
1384 480 248
1408 304 472
1080 184 112
976 232 120
864 104 48
904 16 56
1360 392 312
1280 512 136
1064 376 144

1104 408 24
1480 848 -120
1440 728 -16
1688 280 288
1504 200 240
1208 160 160
1040 216 104
792 -24 -40
992 56 -48
1456 264 120

1416 440 264
1520 448 192
1520 608 8
1256 760 48
1528 456 328
1560 216 376
1288 184 288
1200 168 40
1000 -24 -56
1008 48 32

1272 192 200
1376 392 320
1544 456 72
1384 608 -224
1216 592 -288
1568 352 256
1592 240 392
1312 224 240
1272 184 248
976 -8 -24

856 56 -136
1456 96 184
1424 504 296
1216 464 -120
1416 528 128
1208 856 -208
1352 480 144
1488 296 288
1320 256 176
1176 232 136

1032 104 40
896 8 8
1144 120 88
1280 256 320
1264 336 400
1584 528 104
1464 912 -112
1192 576 -120
1480 400 248
1344 176 256

1240 184 232
1104 184 112
920 64 -16
1016 40 32
1256 136 256
1368 392 216
1520 504 80
1400 800 -80
1216 616 -72
1520 312 280

1432 216 272
1256 192 168
1200 184 128
976 0 32
888 64 -8
1224 168 192
1432 264 192
1480 584 88
1376 544 56
1072 936 248

1296 600 256
1520 272 368
1336 192 208
1216 192 240
1048 184 -8
888 72 48
1088 128 112
1288 264 320
1288 336 264
1600 656 -152

1480 640 -192
1408 448 200
1624 296 360
1312 200 88
1176 168 80
896 8 -72
768 0 -32
1224 88 200
1448 264 232
1392 312 280

1632 296 208
1384 552 -472
1136 616 -312
1568 472 400
1592 240 360
1432 184 200
1320 184 160
880 -40 -8
816 -8 -72
1288 128 256

1352 336 328
1576 512 24
1440 752 -136
1208 584 -216
1336 416 88
1360 256 288
1296 200 240
1200 168 160
1040 72 -80
984 40 -80

1240 88 112
1232 296 264
1264 408 160
1392 496 -64
1320 672 -152
1384 344 160
1592 224 424
1272 144 144
1104 200 136
936 136 40

888 128 -96
1264 184 200
1368 304 184
1224 424 272
1352 464 120
1328 856 24
1224 544 64
1456 424 344
1328 312 192
1240 248 184

1144 168 24
968 0 64
1024 88 -8
1360 176 336
1384 312 408
1472 456 88
1368 624 88
1184 608 16
1464 416 288
1624 176 360

1368 176 232
1208 192 160
1040 -40 24
896 -16 -192
1304 96 184
1296 432 176
1312 400 48
1456 608 -96
1240 840 -384
1288 560 184

1648 376 480
1344 184 248
1192 208 168
1008 136 104
856 -16 -40
1208 112 136
1480 272 328
1272 360 312
1360 328 120
1288 632 8

1200 680 -16
1488 264 528
1568 192 336
1352 200 280
1232 232 256
960 24 48
856 -32 -16
1336 184 232
1392 328 400
1408 368 24

1520 448 -40
1408 568 -56
1336 288 208
1504 240 352
1312 208 256
1272 256 192
1088 88 -32
896 -32 -96
1088 16 104
1472 288 336

1472 536 160
1448 424 16
1328 504 -72
1216 216 104
1496 248 464
1432 176 312
1368 224 352
1184 224 128
928 0 8
776 -56 -80

1320 80 216
1504 320 304
1320 376 96
1232 264 -152
1128 312 -296
1400 416 -8
2280 352 744
1920 208 376
1504 280 288
1136 152 176

888 -72 88
768 0 -112
1448 128 304
1704 472 320
1648 368 104
1528 560 -248
1368 648 -296
1728 320 376
1936 232 536
1440 216 296

1288 240 288
832 80 -184
664 -48 -96
1232 56 136
1632 208 288
1560 432 184
1736 192 -8
1448 552 -320
1384 264 216
1672 168 392

1584 176 328
1376 256 336
1216 240 128
760 -104 -144
752 -56 -72
1480 136 328
1608 280 352
1720 368 48
1528 432 -144
1328 320 56

1424 112 440
1584 176 368
1424 216 416
1320 320 -64
936 -224 -32
896 -32 80
1448 176 272
1336 464 400
1424 208 -8
1584 456 -280

1512 400 -336
1544 192 256
1752 336 480
1304 184 272
1232 224 344
944 136 16
648 -64 -104
1048 88 -96
1592 296 176
1488 480 48

1528 536 -80
1344 640 -384
1312 512 32
1688 296 456
1616 192 336
1312 280 488
1168 304 72
888 16 16
672 160 -72
1232 320 96

1488 352 208
1528 544 288
1512 632 224
1232 888 -216
1192 616 40
1680 352 440
1528 248 280
1272 216 248
1104 144 144
720 40 -136

888 16 -16
1544 392 48
1496 488 152
1480 624 -88
1272 544 -400
1240 568 -360
1536 432 136
1696 344 416
1432 272 296
1048 160 120

840 224 -56
832 -64 -144
1144 40 96
1528 304 280
1616 408 368
1608 616 -64
1368 736 -248
1248 496 -72
1672 448 456
1576 256 320

1480 256 384
1096 136 336
904 32 -120
968 -104 16
1496 136 112
1648 600 272
1544 616 -112
1232 648 -168
1320 608 88
1776 344 536

1760 272 448
1384 240 344
1104 184 160
728 32 -240
696 -96 -104
1352 72 104
1600 104 304
1744 496 -16
1728 336 -120
1488 432 -288

1440 216 264
1912 320 672
1616 232 280
1416 264 168
1160 144 48
712 -64 -408
720 -64 -128
1368 216 200
1624 400 400
1832 696 128

1544 624 -264
1192 544 -80
1488 424 408
1712 200 392
1496 248 368
1176 240 128
872 40 -48
744 -8 -112
1200 192 120
1400 376 352

1552 496 0
1536 640 -328
1456 568 -224
1440 160 432
1704 240 392
1408 192 416
1336 336 192
1008 -16 8
664 -224 16
1176 32 296

1616 192 408
1664 464 264
1680 488 96
1352 680 -216
1336 376 184
1768 168 496
1768 184 312
1384 224 424
1144 248 216
744 -120 -64

816 -8 -56
1640 64 448
1792 352 312
1560 552 -72
1424 704 -72
1272 728 -48
1424 464 352
1592 208 472
1352 232 240
1312 328 120

1056 40 -120
792 -96 -192
1104 -32 144
1560 376 168
1472 632 -128
1336 736 -264
1184 904 -416
1168 536 -72
1464 472 280
1384 368 232

1392 296 136
1144 72 -48
864 -160 -160
976 40 24
1320 184 272
1448 352 360
1512 384 112
1392 648 -200
1264 744 -240
1432 384 240

1816 320 520
1512 184 312
1160 256 88
864 48 0
704 -152 -184
1072 40 24
1544 152 280
1496 312 248
1464 368 -16
1344 616 -208

1304 640 -144
1392 256 264
1752 192 440
1552 192 312
1272 232 96
952 56 104
720 -128 8
1032 80 -40
1768 136 504
1480 432 200

1368 320 72
1208 400 -248
1208 328 -176
1544 56 584
1824 144 296
1616 192 448
1192 184 344
792 232 112
672 56 -72
920 -48 -64

1640 120 120
1808 592 416
1520 240 -152
1248 520 -688
1400 576 -344
2248 976 488
2288 896 456
1816 720 416
1232 400 112
688 56 -312
