Name: Scott
Date: 2/25/16
Time: 00:30

384 8 -864
248 -72 -1024
240 -32 -1016
200 -40 -1000
200 -56 -1064
192 -40 -1032
160 -40 -1040
192 -32 -1056
176 -24 -1112
224 -24 -1064

248 -8 -1080
400 -48 -1000
368 -32 -928
528 -208 -568
504 -280 -232
704 264 32
1056 360 32
1792 832 72
1576 648 240
1072 616 -72

1048 544 56
1120 344 40
968 -240 56
968 120 -72
1040 200 56
1016 256 48
1032 256 -136
1024 64 -288
904 424 160
640 624 -160

728 512 -256
1048 640 -56
1192 608 112
1040 336 112
840 200 8
936 56 -24
1104 72 24
960 248 -256
1152 288 -176
912 288 -136

776 200 -80
936 240 -168
1232 256 -176
1040 152 -40
1256 216 232
888 240 -40
808 216 72
976 160 -32
1200 104 64
1088 208 -24

1144 216 -8
776 208 -176
800 280 -96
1128 264 -168
1520 280 0
1288 128 136
1136 224 40
848 200 96
880 208 24
1048 200 -88

1016 208 -40
1248 224 -40
976 264 -160
776 240 -48
872 272 -112
1312 256 -104
1112 200 -32
1184 152 144
944 200 -56
832 224 40

1024 256 48
1216 248 40
880 296 -240
1112 224 48
856 288 -96
784 352 -80
936 400 -152
1512 440 -136
1136 200 -40
1040 168 56

808 216 -56
952 248 16
1104 264 0
960 272 -32
1144 232 -80
848 224 -152
736 240 -24
896 336 -160
1208 336 -96
1056 272 -64

1232 320 8
920 264 8
872 200 144
1008 200 0
1264 176 16
1120 184 -160
1112 104 80
784 160 0
760 384 -80
1000 408 -136

1336 528 -56
1256 352 40
1048 256 88
792 184 64
896 208 64
1040 216 -24
1048 264 40
1216 184 48
904 208 -144
808 216 -48

864 288 -120
1328 344 -48
1096 320 -88
1272 224 104
904 248 24
848 200 96
1056 208 96
1144 232 24
968 320 -224
960 248 -32

768 264 -64
824 288 -88
1080 392 -200
1176 424 -144
1248 312 -48
992 240 -56
848 232 112
904 208 -24
1056 184 48
944 280 -232

1264 224 -8
848 256 -192
760 272 0
888 368 -128
1200 400 -160
1192 328 -144
1352 248 176
816 224 8
736 184 40
1064 184 64

1336 152 40
1200 192 -160
1056 176 -32
768 240 -8
752 304 -96
1056 336 -184
1304 440 -168
1392 264 104
1064 272 -48
872 184 64

904 208 40
1136 256 32
904 304 -200
1048 208 80
832 272 -152
800 320 -136
984 360 -144
1408 464 -160
1280 336 -48
1064 272 16

808 232 0
872 224 8
1032 192 40
976 256 -280
1224 184 24
832 248 -200
752 264 -24
944 320 -152
1232 328 -144
1088 304 -120

1296 232 176
848 272 40
768 192 8
1032 152 48
1216 168 104
1312 240 -80
944 192 -56
712 208 -56
768 320 -128
1176 448 -48

1200 496 -152
1304 312 208
920 272 -64
792 152 104
936 152 24
1248 176 64
1200 240 -192
944 176 -96
760 144 -112
832 216 -160

1112 232 -120
1176 224 -40
1304 224 -16
960 232 -32
824 224 64
920 168 80
1048 136 -56
1136 152 -216
1176 80 0
784 144 -96

792 216 -64
992 312 -200
1400 320 -160
1240 304 -96
1152 264 24
816 240 96
816 192 24
1064 144 112
1256 168 88
1264 88 -8

976 120 -96
768 192 -88
832 304 -216
1112 352 -168
1216 400 -88
1328 280 128
968 264 -96
800 176 72
888 112 0
1344 144 48

1072 224 -288
1096 96 32
800 176 -120
808 248 -184
968 264 -200
1336 296 -152
1224 256 -56
1096 216 32
816 184 40
832 104 56

1096 104 128
1088 128 -64
1192 200 -192
912 176 -168
768 192 -88
840 272 -176
1104 280 -176
1152 256 -48
1368 216 112
896 232 -8

832 168 96
1040 168 48
1128 144 -88
1024 240 -312
1144 72 48
768 144 -64
752 208 -96
944 272 -184
1184 280 -136
1240 288 -128

1256 232 56
848 216 -32
840 176 64
1080 144 120
1200 144 -128
1064 192 -64
1168 152 40
832 176 -72
808 216 -184
984 272 -184

1256 320 -96
1360 288 88
1232 248 96
872 232 48
824 184 16
1024 176 -40
1136 152 0
1280 176 -32
968 192 -32
720 256 -32

784 304 -88
1120 296 -176
1192 368 -224
1432 200 152
1056 192 -48
656 200 128
696 224 24
1432 152 48
1112 88 -296
1232 24 -88

912 120 -128
800 224 -144
1096 304 -144
1376 376 -176
1000 312 -256
1144 152 200
1128 280 136
896 248 184
768 216 72
1040 168 56

1048 136 -32
968 72 -248
1192 112 -88
912 128 -136
856 168 -120
936 240 -152
1152 200 -48
1288 192 40
1232 224 56
792 240 24

840 216 112
1120 96 112
1256 96 96
1272 32 40
992 80 -96
816 168 -56
808 248 -128
1376 304 -112
1176 272 -96
1120 336 -88

968 344 48
896 280 104
928 208 104
1232 112 120
968 160 -264
1208 32 -8
1040 104 -160
808 184 -104
776 264 -152
1088 312 -80

1048 328 -136
1368 192 160
1160 216 -56
856 248 48
792 176 40
976 128 -72
1128 152 48
1352 144 8
976 168 -184
656 392 -32

616 568 8
1224 736 16
1240 408 24
1240 344 136
880 296 -16
688 208 -16
856 144 32
1144 184 64
1304 312 -416
968 304 -224

600 320 -144
648 264 -160
1056 288 -56
1456 96 72
1448 56 32
920 56 96
664 32 -16
760 64 176
1160 120 104
1512 304 -240

1328 224 120
688 240 -48
696 272 24
1152 328 -16
1224 272 -128
1320 88 0
1280 208 -40
912 184 48
832 144 -24
984 152 -32

1088 168 88
1312 216 16
888 304 -48
672 312 -40
792 352 -192
1480 440 -104
1296 280 -16
1176 208 104
808 216 56
816 184 48

1064 160 88
1000 192 -168
1408 104 -8
776 192 -152
704 224 -40
1016 328 -112
1280 376 -96
1352 344 -24
1240 248 152
752 224 64

776 168 72
1064 144 88
1168 120 88
1296 248 -160
1048 160 -8
736 176 -96
800 264 -152
1312 344 -136
1224 272 -72
1208 232 96

912 224 -8
824 168 24
968 136 24
1120 192 56
1176 280 -152
936 248 -112
752 256 -88
856 320 -120
1080 368 -168
1144 368 -112

1392 336 56
888 296 -56
696 224 80
1048 168 112
1264 160 -32
1144 120 -120
1168 104 24
808 184 -88
784 224 -144
1048 240 -112

1344 296 -104
1360 320 -40
1064 328 -104
864 216 40
912 144 48
1184 80 -8
1048 96 -168
1152 112 -64
848 192 -184
776 232 -144

912 304 -200
1304 384 -216
1288 352 -64
1152 272 -40
872 240 88
832 168 64
1040 136 112
992 224 -104
1168 224 -56
968 208 -136

792 232 -48
800 280 -168
1096 304 -104
1432 200 216
1304 240 -56
760 248 -56
704 272 240
1040 216 168
1072 168 -40
1088 168 -360

1216 112 -152
792 152 -104
736 232 -128
920 264 -200
1104 208 16
1328 128 176
1328 144 200
872 320 184
744 296 96
840 280 64

976 224 56
1160 120 -472
1496 -184 192
800 -24 -72
760 40 -16
976 184 -144
1256 184 -64
1240 208 0
1280 104 88
824 208 56

824 168 40
1208 136 160
1344 128 208
1200 48 -8
960 48 16
712 216 -96
888 256 -80
1168 352 -128
1176 400 -96
1296 272 88

912 240 40
888 136 144
1032 88 96
1144 40 160
1320 184 -152
904 200 -88
712 216 -88
928 368 -184
1104 360 -88
1256 352 0

1368 304 152
936 280 120
904 176 128
1048 64 128
1064 72 128
1264 184 64
944 224 -120
800 256 -112
928 288 -136
1352 384 -128

1152 336 -8
1296 248 160
960 256 24
832 168 88
976 152 64
1224 144 128
1080 208 -192
1064 168 -32
856 216 -72
800 296 -152

1080 320 -160
1192 304 -96
1256 280 -32
1088 232 40
968 240 80
888 160 56
1008 112 96
1008 176 -128
1296 184 -16
840 216 -160

768 256 -104
992 376 -224
1376 432 -256
1328 336 -32
1280 288 112
904 280 64
832 184 32
968 160 96
1128 216 72
1192 232 -8

1160 232 -64
848 304 -112
832 336 -152
1040 384 -216
1216 392 -168
1432 320 56
1216 248 48
832 224 144
840 168 88
1000 192 -80

992 232 -104
1152 256 -8
776 272 -176
712 296 -120
960 488 -384
1280 424 -216
1360 256 104
936 288 40
768 280 64
1152 152 48

1304 88 168
1184 32 8
1232 48 40
952 144 -80
712 200 -88
776 408 -96
904 480 -152
1304 488 -112
1040 336 -128
1280 272 176

1064 240 96
840 192 48
872 200 -48
1008 144 -40
1080 176 104
1272 248 -160
1064 272 -96
848 304 -56
840 312 -176
1072 328 -160

1216 400 -208
1280 288 48
1296 224 88
816 200 56
704 200 32
944 264 48
1152 280 -32
1040 312 -200
1192 192 16
880 200 -88

816 200 -96
1040 264 -152
1048 296 -136
1080 224 -56
1208 232 0
808 264 -24
704 240 -16
880 232 8
944 232 -104
1440 248 -440

1312 0 232
672 208 -88
728 296 -280
1456 424 -280
1408 264 8
1184 256 152
832 232 48
808 120 64
1032 80 152
1048 136 8

1336 192 -24
848 288 -168
712 288 -88
976 376 -192
1184 488 -96
1328 312 8
1328 192 176
800 256 80
728 216 32
1016 144 56

1248 176 48
1344 264 -240
1080 248 64
704 288 -56
768 296 -176
1240 328 -16
1280 344 -8
1320 296 24
872 224 -8
776 104 152

976 152 176
1104 184 64
1432 256 -224
840 264 -344
632 264 -168
840 304 -184
1224 312 -104
1616 296 80
1304 280 32
784 208 40

720 120 48
960 88 -56
1080 224 -104
1352 208 40
912 280 -248
704 320 -144
960 336 -208
1264 336 -136
1568 256 152
1040 200 -24

816 168 136
800 120 96
1144 88 -24
1336 168 -200
1120 240 -40
768 272 -32
736 280 -136
1056 280 -128
1232 336 -56
1424 200 88

1056 208 -16
728 152 32
872 72 88
1096 64 -48
1424 160 -80
888 240 -168
720 240 -32
1080 296 -112
1336 296 -56
1064 112 -48

1232 -48 16
1136 96 112
992 176 32
824 128 32
720 144 -80
1296 168 120
1288 264 -216
1032 216 -24
800 192 16
664 472 -72

816 600 -24
1056 664 48
1416 496 112
984 288 -64
744 200 32
888 216 -16
1032 208 -56
1032 280 -256
1272 240 8
752 256 -168

584 296 -112
952 368 -112
1208 304 -144
1584 200 112
1272 216 -40
800 216 32
744 144 24
1000 64 -104
1176 80 32
1264 208 -24

776 288 -256
680 240 -120
864 272 -176
1408 384 -96
1464 312 48
976 240 -40
744 200 40
888 144 40
1072 88 8
1064 152 -184

1312 216 -56
744 256 -152
672 240 -64
1016 264 -152
1416 328 -128
1448 320 32
1256 264 64
800 232 64
784 160 32
1056 96 -8

1128 104 72
1272 320 -192
1016 296 -16
704 304 -88
816 304 -208
1384 360 -152
1320 328 -120
1208 296 48
840 288 16
864 168 0

1064 168 72
1016 96 -64
1320 128 -64
832 200 -248
696 256 -64
944 376 -224
1288 368 -168
1312 408 -264
1296 288 40
840 248 64

848 208 8
1200 184 24
1200 144 8
1176 104 -48
1072 168 -144
736 208 -128
720 272 -128
944 336 -216
1304 360 -240
1280 264 48

1240 248 -56
816 208 72
720 168 48
936 224 -64
1056 200 -88
1184 232 -296
1248 120 -56
688 240 -88
616 328 -144
1000 432 -232

1224 424 -160
1408 336 -56
1256 264 0
808 264 56
704 184 -8
1104 160 -96
1192 160 -112
1240 48 32
808 152 -176
600 304 -72

760 408 -200
1664 496 -368
1248 328 -248
1128 272 -96
784 272 96
840 136 0
1080 40 64
1128 80 -280
1424 104 72
840 200 -88

680 280 -88
880 328 -176
1136 272 -88
1280 256 -128
1368 136 104
968 216 144
736 160 24
824 120 80
992 136 0
1144 200 -208

1336 256 -88
824 256 -160
720 264 -112
920 304 -200
1440 288 -152
1368 256 24
1200 272 40
784 224 104
808 136 128
1112 40 -24

1104 112 -184
1200 120 16
848 208 -248
704 280 -200
936 336 -184
1296 416 -184
1344 344 -8
1088 256 24
824 256 88
848 296 -48

1128 256 96
1024 192 -96
1152 176 -88
944 200 -152
856 216 -8
888 256 -96
992 264 -224
1128 328 -168
1296 296 48
1144 216 56

872 224 120
928 168 104
1088 136 32
960 192 -104
1224 216 -16
976 128 -80
760 176 0
864 320 -72
1128 368 -168
1136 328 -208

1312 216 136
904 248 32
784 184 88
1016 144 32
1368 112 16
1120 64 8
1080 168 24
768 232 -64
760 248 -80
1048 288 -256

1384 264 -120
1400 168 152
1200 208 56
776 208 88
792 168 0
1152 104 16
1112 104 32
1256 40 88
960 160 -120
688 256 -72

848 320 -136
1424 360 0
1144 336 -128
1216 192 128
928 240 8
840 144 64
1056 120 88
1312 80 136
1072 168 -200
1008 112 -64

736 184 -96
704 248 -160
1088 280 -152
1384 264 -40
1232 128 -112
1136 192 0
800 216 72
872 168 32
1096 176 48
1032 120 64

1248 120 -80
928 136 -128
720 192 -16
872 280 -72
1224 344 -160
1136 248 -160
1344 184 216
824 240 -40
816 160 80
1016 160 24

1232 144 -56
1128 120 -160
1208 120 56
712 232 -160
720 248 -88
1056 312 -256
1368 424 -272
1288 376 -96
1168 304 32
768 224 96

872 136 48
1208 120 80
1216 104 112
1208 176 -40
1000 216 -72
752 280 -56
752 352 -80
1032 592 120
1128 624 64
1368 216 288

1040 240 32
768 128 72
952 112 48
1360 88 216
1056 200 -240
1096 216 -72
840 232 -80
744 264 -72
960 264 -112
1400 360 -136

1152 280 -208
1136 288 88
896 280 184
816 192 64
1056 168 64
1144 184 64
1144 208 -200
1016 192 -160
720 200 -48
776 280 -144

1024 360 -224
1136 440 -176
1352 312 -16
992 280 -64
768 224 72
960 168 8
1168 176 64
952 240 -176
1240 136 -24
832 200 -168

744 224 -64
936 280 -168
1184 312 -208
1168 344 -240
1368 256 136
912 256 8
912 184 32
1064 72 -24
1112 120 16
1064 184 -144

1136 208 -16
776 288 -200
848 280 -168
1176 336 -168
1272 424 -184
1392 248 144
1064 56 -24
800 96 96
984 168 -48
1360 56 128

1048 88 -232
1064 32 24
776 96 -72
760 176 -80
976 248 -120
1344 312 -48
1264 200 24
1072 216 32
800 232 16
936 168 48

1176 120 144
960 192 -64
1272 200 -40
888 224 -232
696 200 -8
808 296 -88
1096 336 -136
1152 360 -112
1336 288 104
888 240 0

808 200 56
1136 160 48
1240 152 -24
1024 168 -160
1080 112 16
736 200 -88
752 232 -152
1048 272 -144
1424 328 -136
1440 104 -32

1184 48 56
688 176 88
752 192 0
1224 200 144
1200 -32 320
1320 -72 -24
1104 184 -280
688 264 -152
776 296 -16
1088 304 -112

1248 376 -120
1480 240 288
1088 256 -40
784 184 128
944 144 112
1240 112 176
1040 176 -224
1016 192 -32
752 176 -176
808 224 -72

1064 272 -168
1224 432 -256
1536 312 184
1032 216 -8
784 176 88
880 112 56
1056 88 -32
1312 168 -224
1272 96 -16
752 208 -72

752 280 -80
1064 368 -240
1312 408 -160
1376 344 40
1200 248 64
792 216 24
832 216 96
1120 176 -8
1120 168 8
1288 96 40

960 144 -192
712 200 -72
824 312 -128
1216 368 -96
1120 360 -88
1288 264 144
912 288 -40
792 184 88
1024 160 56
1328 104 104

1040 144 -240
1096 112 8
816 184 -64
784 272 -72
944 408 -176
1288 520 -152
1168 368 -40
1080 216 64
792 192 96
872 168 40

1208 152 88
1056 176 -32
1248 208 -80
840 224 -112
704 240 -48
864 304 -168
1232 288 -136
1224 248 -128
1256 184 80
856 208 64

720 184 40
1008 208 -56
1368 136 112
1072 72 -40
1152 24 40
824 192 -120
744 232 -120
968 288 -176
1312 288 -64
1248 304 -96

1232 240 24
816 200 80
816 120 80
1192 128 72
1224 96 120
1112 48 8
1168 16 -80
816 88 -120
776 184 -104
984 320 -224

1216 320 -144
1416 152 176
1256 144 -8
808 104 88
912 128 56
1072 120 -24
1288 56 96
1112 24 -112
1096 32 -24
768 192 -80

784 248 -104
936 296 -264
1360 296 -128
1240 256 -120
1128 200 0
816 256 8
864 168 72
1208 32 176
1136 -8 80
1216 -72 8

992 88 -184
776 216 -176
816 264 -200
1248 272 16
1200 280 -64
1224 136 56
1016 240 -72
840 168 88
896 120 96
1344 88 56

1024 128 -232
1112 136 8
800 184 -88
744 256 -128
960 336 -224
1288 432 -240
1248 376 -48
1080 280 8
816 272 56
880 192 8

1104 176 24
992 160 -128
1248 152 -40
848 184 -144
744 208 -64
928 272 -176
1208 288 -208
1104 296 -176
1264 344 -16
936 336 -40

816 256 48
984 184 8
1120 176 0
984 192 -312
1200 168 -88
864 232 -144
720 264 -96
904 360 -152
1144 384 -152
1112 376 -136

1352 264 144
904 296 40
856 208 80
1040 96 80
1152 48 -8
1088 160 -136
1160 128 0
824 232 -88
792 272 -136
1072 288 -176

1360 344 -200
1312 296 -16
1160 224 48
800 192 96
832 168 56
1136 104 56
1192 64 56
1264 48 48
1000 176 -112
776 232 -80

792 304 -192
1160 312 -152
1240 368 -72
1296 256 88
904 240 -96
824 152 72
896 144 24
1272 64 8
1000 96 -208
1184 104 8

888 224 -176
768 256 -136
840 272 -176
1256 320 -144
1160 312 -88
1312 184 176
904 240 -80
752 248 -24
1016 160 96
1376 96 0

1032 64 -200
1112 128 40
824 272 -112
784 344 -176
928 360 -224
1352 432 -136
1160 384 -120
1120 192 40
800 248 64
928 144 136

1080 176 48
1168 104 96
1128 112 -112
1000 152 -112
800 184 -80
808 288 -88
1032 328 -152
1208 368 -112
1232 312 -48
1080 224 -56

816 208 80
888 168 0
1088 176 128
1104 120 8
1144 208 -264
936 280 -200
792 296 -96
856 320 -96
1056 320 -184
1176 360 -64

1360 320 24
904 224 -40
768 184 64
936 152 24
1112 120 32
1000 216 -240
1232 152 24
848 168 -88
768 208 -64
936 296 -176

1160 272 -120
1112 304 -56
1336 224 168
880 232 40
840 168 72
1120 168 136
1096 136 -96
1096 176 -200
1184 144 24
720 224 -40

728 248 -80
1096 296 -168
1432 360 -96
1296 304 -64
1088 248 -48
808 192 64
896 192 96
1128 184 -40
1152 136 8
1248 72 -24

976 112 -64
784 200 8
840 264 -136
1176 280 -152
1192 408 -304
1400 280 160
1080 280 -72
864 176 128
944 136 16
1080 160 -112

904 152 -128
1240 128 -64
976 232 -216
776 224 -56
896 312 -128
1368 328 -168
1104 328 -160
1352 168 168
968 192 16
832 168 8

1032 168 -24
1152 192 96
984 152 -96
1064 128 -16
864 232 -96
848 256 -120
1016 288 -216
1296 344 -184
1184 296 -136
1208 232 56

896 232 56
832 152 64
1048 120 24
1064 112 88
1072 192 -136
1024 192 -24
832 240 -24
800 272 -120
1088 264 -176
1192 336 -176

1288 288 -120
1072 192 -24
856 256 56
888 184 24
1096 128 40
968 160 -200
1232 144 -24
912 192 -80
792 216 -72
912 280 -160

1120 296 -144
1120 304 -104
1336 256 32
944 240 -48
848 184 16
968 184 -8
1064 184 -16
984 152 -192
1200 112 -56
896 120 -88

808 176 -64
920 272 -208
1128 272 -144
1136 312 -88
1288 280 32
952 240 24
808 192 40
1008 176 24
1152 160 16
976 104 -264

1176 48 -48
856 152 -72
784 176 -48
904 312 -176
1128 296 -152
1176 384 -176
1264 280 48
872 264 16
824 192 -8
1064 152 64

1256 128 32
1168 152 -128
1152 96 -8
808 176 -56
784 264 -144
1032 336 -168
1344 384 -184
1328 200 104
1088 176 -32
800 184 48

888 192 56
1136 184 88
1240 160 -24
1144 136 -80
1120 24 48
856 64 -24
800 168 -56
1072 248 -200
1368 320 -264
1392 288 -40

1104 200 -48
832 120 40
832 136 24
1088 168 -16
1128 200 80
1288 64 8
960 88 -192
760 192 -72
832 272 -128
1176 288 -136

1240 392 -96
1192 328 -16
976 264 -80
848 216 56
976 184 80
1120 176 -64
984 192 -128
1176 8 72
880 104 -176
776 200 -104

816 296 -184
1432 328 -128
1144 328 -136
1184 240 56
904 264 16
824 184 16
952 168 -16
1288 136 104
1064 200 -256
1056 136 -64

808 160 -56
776 248 -128
928 296 -264
1432 360 -224
1192 360 -176
1152 232 -8
864 248 32
784 160 24
984 144 8
1176 128 16

1120 208 -200
1032 208 -80
816 224 -64
768 256 -168
944 256 -248
1384 336 -208
1304 320 -104
1096 224 -24
872 256 32
864 160 16

1008 152 64
1080 144 8
1160 184 -152
992 208 -112
816 248 -72
824 272 -136
1024 288 -208
1184 328 -224
1336 328 -8
1072 240 -80

856 240 136
912 152 -24
1048 128 -16
960 128 -152
1272 176 -72
896 248 -168
744 216 -120
872 240 -152
1072 256 -208
1176 280 -112

1328 320 -160
1024 232 -40
800 240 64
920 192 16
1112 192 72
960 184 -32
1224 96 8
904 184 -136
760 200 -64
808 296 -152

1064 288 -88
1312 320 -40
1312 152 64
888 240 -72
792 240 48
944 192 24
1088 176 16
1080 184 -264
1216 -24 88
800 168 -128

752 248 -112
984 296 -224
1584 328 -200
1376 296 -16
1080 296 -56
840 240 72
896 184 40
1024 136 96
1144 104 184
1328 96 56

984 184 -144
760 240 -152
816 280 -248
1352 192 -128
1184 296 -56
1248 232 56
904 224 -80
816 144 40
976 144 0
1296 136 152

1064 184 -232
1008 128 -64
800 184 -104
824 248 -112
1008 288 -216
1376 376 -184
1216 320 -112
1080 264 -48
848 256 32
888 152 16

1072 152 80
1048 152 24
1216 152 -88
904 200 -192
784 176 -80
880 320 -216
1152 304 -80
1192 344 -16
1272 280 16
832 232 -32

808 208 64
960 208 40
1176 192 -72
1000 192 -232
1200 104 -16
816 208 -104
760 208 -80
920 320 -272
1312 376 -200
1288 336 -48

1224 264 -16
800 232 32
824 168 24
1096 168 72
1264 160 96
1200 144 -24
1008 144 -72
784 216 -72
840 264 -144
1120 288 -184

1352 336 -120
1256 288 72
1104 264 -40
816 248 80
888 176 -32
1136 168 24
1024 168 -24
1160 128 0
896 192 -168
808 224 -152

904 256 -168
1208 272 -136
1136 344 -88
1296 232 144
1032 240 -72
864 216 32
944 216 40
1168 224 48
888 208 -200
1120 88 16

920 216 -144
808 280 -104
904 320 -144
1368 368 -152
1152 336 -56
1256 152 104
880 216 0
816 176 48
952 168 8
1208 176 32

1128 280 -192
984 192 -48
768 208 -48
808 280 -96
1032 312 -176
1288 424 -296
1312 392 -104
1064 248 -64
832 232 40
888 192 16

1072 144 80
1008 128 -96
1264 160 -72
848 208 -240
760 184 -112
920 392 -136
1184 312 -104
1128 336 -48
1280 296 160
864 264 -16

800 208 88
1008 160 24
1120 176 -72
1032 256 -296
1192 152 -40
720 216 -96
736 240 -104
960 344 -224
1336 320 -120
1200 352 -136

1248 256 88
872 264 32
856 208 40
1032 200 16
1184 208 64
1128 200 -96
1136 136 32
816 224 -40
792 264 -152
1040 296 -184

1400 400 -192
1296 360 -48
1088 264 -48
848 208 96
872 176 8
1032 200 -56
1128 208 40
1296 104 40
984 120 -120
800 208 -88

784 280 -184
1168 280 -112
1176 336 -48
1312 216 152
1032 216 -128
864 176 40
944 160 8
1272 112 56
936 128 -256
1104 88 56

904 216 -176
792 232 -168
896 304 -192
1376 344 -192
1152 320 -72
1216 224 80
912 256 -56
824 192 48
920 208 24
1176 216 -16

936 224 -232
1184 128 0
928 208 -144
776 256 -144
864 296 -208
1448 344 -192
1136 312 -80
1240 240 32
920 256 24
832 176 32

944 184 -16
1168 184 96
1136 240 -176
1000 168 -80
784 184 -72
808 328 -160
992 376 -288
1240 408 -168
1384 352 -24
1040 280 -80

864 248 80
864 160 40
1024 144 24
1016 160 -152
1216 192 -128
888 264 -192
792 264 -152
880 336 -248
1112 320 -176
1160 328 -40

1328 280 48
936 288 -72
856 232 72
968 160 24
1080 120 -96
1112 168 -184
1208 128 16
784 248 -144
744 312 -176
1024 392 -216

1232 352 -96
1328 352 -48
1248 288 120
856 248 56
840 160 8
1008 160 0
1192 104 128
1360 192 -72
944 240 -112
744 280 -120

800 344 -192
1192 344 -120
1232 376 -96
1320 280 104
952 272 -112
808 168 24
896 160 8
1224 176 0
1008 232 -112
1104 176 16

832 272 -168
824 264 -168
968 336 -200
1328 392 -200
1208 368 -88
1232 304 32
920 288 0
872 176 24
960 168 64
1120 160 32

1192 208 -112
1000 232 -72
816 288 -120
824 368 -280
1080 392 -208
1200 400 -56
1432 312 128
912 184 -40
848 176 56
928 192 0

1040 128 0
1096 208 -296
1208 48 -40
768 240 -128
768 312 -128
952 392 -216
1416 400 -232
1264 336 -128
1232 240 56
904 232 64

824 176 16
1000 128 8
1280 120 40
1216 200 -184
1088 152 16
768 224 -104
824 272 -160
1104 304 -248
1352 320 -136
1336 272 -16

1200 224 32
864 200 56
824 160 16
1064 128 0
1176 144 56
1304 152 24
944 160 -88
744 224 -112
840 288 -144
1232 264 -120

1144 240 -56
1256 144 144
976 208 -80
848 184 32
952 184 0
1296 136 56
1000 128 -216
1136 72 0
848 152 -112
736 272 -192

920 288 -136
1328 224 -16
1160 312 -136
1112 288 -152
880 312 32
864 248 -16
1112 176 56
1096 88 24
1224 48 -120
1000 224 -64

760 208 -152
792 344 -184
1056 384 -248
1144 384 -144
1336 376 -32
960 240 -104
840 256 56
944 272 80
1112 256 -40
1024 168 -96

1256 160 -64
920 168 -152
720 272 -48
864 384 -144
1096 424 -208
1200 192 -32
1272 176 48
984 320 -112
888 304 40
848 216 -16

1064 224 48
904 304 -336
1360 128 -96
888 128 -120
776 208 -16
848 400 -120
1080 432 -184
1128 432 -24
1360 368 -8
976 288 -24

776 216 48
920 200 32
1080 176 0
1040 104 -176
1336 96 16
864 280 -80
752 288 -56
952 352 -200
1184 360 -112
1136 312 -8

1264 256 192
888 288 16
864 248 56
1008 240 0
1200 176 -40
1144 152 -168
1176 88 8
768 272 -40
768 376 -104
1040 448 -120

1400 456 -136
1272 336 -72
1240 240 192
824 208 64
832 168 88
1048 136 96
1240 144 72
1320 248 -96
1024 192 -64
744 232 -64

816 264 -160
1152 304 -160
1256 312 -80
1320 48 208
1032 144 -96
776 216 48
800 216 24
1104 88 -24
1048 152 -32
1208 120 144

896 200 -208
752 232 -112
872 272 -104
1296 312 0
1112 416 -48
1328 224 224
928 216 -88
776 144 136
888 160 40
1264 176 96

1072 248 -216
1144 184 40
824 240 -64
720 240 -120
928 344 -136
1368 464 -136
1376 280 -8
1104 216 -48
832 176 32
768 128 8

984 136 56
1088 240 -64
1312 256 -104
920 280 -256
720 264 -72
840 312 -128
1128 368 -152
1112 344 -88
1368 232 224
896 232 -56

744 224 40
904 176 8
1080 184 -72
1112 256 -224
1240 176 80
776 248 -80
720 240 -112
1000 344 -176
1336 360 -160
1288 312 0

1232 272 112
824 248 32
800 176 72
1016 160 56
1296 152 120
1248 200 -120
1104 184 32
768 240 -120
808 304 -168
1120 328 -168

1312 408 -128
1344 312 144
1120 280 -40
840 216 72
808 176 -8
1032 160 8
1136 176 16
1248 200 -32
984 232 -120
792 272 -112

816 328 -160
1168 328 -136
1216 368 -112
1352 208 184
976 192 -80
768 200 16
840 208 -16
1224 144 -16
1056 176 -152
1160 56 128

888 184 -136
776 272 -112
856 352 -136
1216 336 -80
1136 328 -64
1240 200 144
912 240 -112
848 192 16
936 184 0
1336 96 24

1120 120 -224
968 56 40
792 152 -112
832 320 -152
896 360 -184
1400 384 -176
1144 376 -88
1216 288 24
944 240 8
848 192 32

872 248 24
1296 240 -48
1056 168 -368
1088 144 -48
848 256 -16
808 328 -96
952 376 -160
1320 448 -264
1240 304 -32
1128 272 -96

888 256 48
824 168 8
984 144 -24
1192 144 96
1088 240 -176
1048 152 -56
824 200 -112
816 264 -160
992 296 -192
1304 376 -104

1240 320 8
1040 256 -24
888 256 72
848 168 0
1032 192 56
1152 192 24
1160 208 -136
960 224 -40
760 304 32
800 360 -152

1040 376 -120
1200 480 -40
1272 368 48
968 312 -128
832 264 104
920 208 8
1072 136 72
1032 160 -32
1208 192 -48
952 272 -168

784 248 -88
824 320 -176
1072 360 -168
1160 392 -80
1312 336 -8
1024 256 -72
840 232 40
856 168 -32
1048 112 32
1024 160 -128

1328 176 -64
840 224 -232
816 232 -120
976 352 -216
1136 312 -152
1048 344 -64
1360 360 88
976 272 -56
856 200 64
848 168 -48

1016 104 -88
1088 208 -232
1264 192 -48
840 264 -152
744 280 -120
912 352 -224
1120 352 -80
1144 368 -160
1264 176 56
952 232 -32

840 176 64
936 136 24
1072 96 -8
1088 168 -224
1200 144 -8
824 232 -120
776 264 -152
952 328 -216
1160 296 -112
1136 312 -88

1272 248 112
928 256 64
880 192 56
1000 184 64
1080 120 -160
1056 176 -168
1192 184 -48
816 232 -104
752 248 -168
936 320 -288

1224 264 -40
1240 328 -96
1280 264 96
896 256 16
896 176 56
976 160 8
1216 152 32
1152 224 -152
1160 184 8
776 232 -72

736 296 -112
1016 360 -232
1392 312 -64
1256 360 -128
1240 264 120
896 264 40
832 168 32
992 112 40
1272 112 64
1160 160 -144

1112 128 48
816 256 -96
848 296 -160
1128 344 -192
1400 360 -144
1328 128 112
1160 176 -120
872 208 56
832 192 40
1040 160 16

1192 152 88
1296 104 -32
1024 160 -48
760 232 -40
800 304 -152
1136 368 -200
1344 416 -112
1264 288 80
1080 248 -56
888 232 -8

888 192 16
1072 168 -80
1048 80 -16
1176 88 16
912 168 -152
792 272 -88
888 360 -136
1200 320 -40
1136 360 -72
1296 280 96

1040 280 -8
848 176 48
944 168 0
1256 160 120
1008 208 -280
1112 160 48
856 264 -112
792 312 -120
960 376 -232
1400 432 -112

1192 376 -144
1056 256 -64
880 256 80
864 168 24
1032 136 40
1136 136 64
1104 176 -152
1056 208 -96
856 224 -64
800 264 -144

976 312 -224
1280 360 -80
1224 344 -80
1144 248 -24
912 304 16
872 232 8
1008 224 64
992 192 -24
1144 176 -48
1008 248 -144

824 296 -72
792 336 -160
1016 352 -216
1400 360 -64
1136 368 -192
1120 184 -96
880 312 176
712 208 -32
872 208 -16
1280 272 0

1176 288 -168
1088 176 -64
824 240 -64
688 328 -160
880 352 -136
1432 480 -64
1392 216 40
1096 280 -80
856 264 -24
808 184 64

936 144 24
1152 128 -80
1376 152 -48
856 184 -160
704 208 -120
880 312 -192
1096 360 -136
1240 368 -72
1368 336 72
944 280 32

768 208 -8
1000 184 80
1208 168 0
1240 232 -184
1232 216 -8
824 312 -168
720 296 -176
1016 336 -216
1400 384 -24
1344 400 -24

1056 280 -72
816 176 80
752 144 24
1128 88 72
1056 184 -240
1368 176 80
936 312 -256
720 288 -176
872 312 -208
1520 400 -216

1344 352 0
1208 304 24
920 264 -16
760 152 32
824 136 40
1152 168 56
1232 232 -208
1120 256 -64
880 304 -104
728 304 -192

992 336 -176
1288 384 0
1344 352 -56
1112 256 -64
872 224 64
728 144 56
904 128 72
1128 144 -24
1416 256 -152
960 280 -128

760 272 -128
776 328 -136
1008 360 -200
1352 368 32
1488 320 128
888 224 16
648 152 40
816 168 16
1272 168 -32
1368 328 -224

1208 192 56
672 320 -40
576 328 -208
936 408 -176
1400 504 -232
1552 440 -8
1128 272 -80
696 168 40
656 176 -32
1184 184 96

1112 240 -224
1256 184 -24
896 272 -240
688 312 -184
896 328 -224
1400 360 -168
1424 320 -32
1096 296 -88
856 240 48
768 184 -40

1040 160 24
1120 120 -224
1336 96 -8
832 224 -144
712 264 -136
944 336 -168
1440 360 -184
1368 336 -88
1312 248 72
880 240 56

800 136 8
1056 128 16
1128 136 40
1184 120 64
952 208 -112
824 240 -104
816 280 -216
1232 200 -16
1216 280 -176
1240 272 48

1064 280 -64
880 232 48
840 240 24
984 264 -64
1112 224 40
1224 184 -72
1056 168 -64
752 256 -168
720 352 -224
1112 320 -72

1296 288 -16
1360 304 48
992 328 -120
776 168 -24
912 208 24
1104 40 48
1376 0 56
888 80 -168
848 224 -64
872 376 -280

1144 296 -128
1136 280 -88
1248 176 104
928 240 32
1016 184 24
1336 112 64
1312 -104 176
1064 -208 -32
1128 -72 -16
944 216 -96

800 304 -176
904 288 -192
1248 280 -40
1128 224 -96
1008 136 56
1160 168 80
1032 224 96
704 224 40
696 176 32
1064 184 24

1320 200 40
1024 168 -152
1104 88 -88
928 192 -96
760 256 -112
872 280 -64
1048 320 -152
1152 320 -96
1288 264 72
1056 240 -16

928 176 80
920 136 32
1088 176 64
1240 272 -176
1072 288 -456
1000 184 -304
816 80 -304
848 48 -264
992 32 -328
968 -40 -312

976 -16 -320
992 8 -232
976 16 -208
992 16 -288
1008 16 -296
1024 16 -288
1008 0 -264
976 32 -272
992 80 -304
992 88 -328

984 56 -304
992 16 -280
992 -8 -280
952 -8 -288
968 -8 -256
1040 440 -528
1128 872 -952
888 712 -1040
448 288 -568
512 344 -152

560 576 -624
80 880 -800
-168 904 -848
-304 824 -712
-336 784 -672
-264 792 -632
-240 808 -632
-248 872 -672
-184 896 -728
336 480 -1576

336 408 -896
472 360 -512
608 504 -400
280 1264 -544
72 1576 -464
528 1088 -392
976 728 -136
952 648 32
696 752 -64
736 744 -160

992 776 -32
1048 712 128
928 576 96
952 496 176
840 464 56
936 504 104
872 632 48
840 544 184
1056 416 256
1040 368 224

840 256 80
1128 168 88
1288 184 56
1168 128 16
1128 88 -16
888 216 -32
816 256 -80
992 320 -152
1008 360 -184
968 344 -96

1256 208 200
1056 168 120
872 328 40
992 200 -40
1256 136 32
1120 96 -120
1144 128 40
904 312 -64
792 352 -208
1000 488 -56

1168 504 -248
1120 296 8
1280 192 160
896 256 8
816 240 -8
1112 152 56
1312 112 72
1112 152 -96
1120 176 -80
888 320 -120

808 344 -152
992 272 -32
1072 280 -168
1016 280 -152
1232 208 120
1080 248 8
872 232 56
920 96 40
1152 32 -24
1152 80 -80

1168 128 -88
1000 232 -112
800 304 -112
944 296 -120
984 304 -152
1120 264 -104
1256 216 88
1096 224 32
824 232 48
880 192 8

1176 96 56
1240 64 136
1112 128 -80
1120 208 -16
960 256 -112
752 232 -136
832 208 -96
1224 88 -72
1104 168 -208
1104 208 -88

1136 200 -176
1040 152 8
832 144 -88
832 208 -24
904 192 -24
1272 192 128
1176 272 -88
1136 160 40
960 160 -24
816 224 -80

856 232 -32
984 232 -96
1120 200 16
1016 48 32
1296 -104 312
1000 88 144
872 136 168
1024 184 128
1288 160 296
1328 96 96

1008 48 -144
1080 -152 32
856 -120 -40
728 160 -80
904 240 -80
1104 352 -192
1144 248 -32
1200 144 128
1016 16 184
976 -64 152

1040 -32 8
1152 24 8
1280 96 8
824 192 -128
704 232 -16
976 328 -144
1160 336 -184
1112 288 -72
1312 192 248
936 200 48

760 128 64
1040 48 24
1208 40 112
1136 160 -136
1152 136 -72
880 232 -80
792 272 -104
952 312 -136
1128 304 -152
1232 232 40

1272 264 208
872 272 104
808 200 48
1000 144 -8
1192 96 80
1200 120 -56
1168 304 -16
760 368 -32
672 352 -40
992 368 8

1192 376 -16
1024 320 -80
1128 216 -8
1280 240 32
992 280 16
728 152 16
760 136 -24
1008 200 56
1320 304 232
1184 256 32

1056 192 88
752 224 8
760 336 24
920 448 -112
1184 456 0
1208 360 -88
1256 288 168
952 208 40
896 160 48
1232 144 168

1376 112 304
1152 208 88
1072 240 32
856 264 -56
832 296 -120
768 360 -224
912 424 -176
1456 208 168
1264 264 56
840 88 -24

952 -208 208
1312 -192 264
1264 136 -136
1160 200 -120
920 248 -80
848 320 -168
992 328 -168
1136 288 -56
1200 232 64
1168 192 8

872 144 80
1032 -24 80
1280 -48 56
1200 128 -120
1176 160 -32
1000 264 -80
816 296 -96
888 336 -168
976 424 -168
1080 352 40

1272 272 136
968 248 24
808 144 16
1104 96 96
1344 128 56
1048 80 -96
1112 88 -24
952 272 -72
832 320 -64
936 280 -96

1144 288 -88
1176 304 -160
1080 176 -64
1176 112 72
1016 192 80
808 224 8
848 224 8
992 360 -24
1056 352 8
1008 312 16

1048 296 24
896 248 80
856 288 104
896 376 16
1008 328 -40
1120 448 -16
1160 432 40
1080 336 -16
984 312 -96
920 272 -48

1128 256 40
1376 120 328
1120 144 40
1096 112 168
1024 208 80
824 272 -80
856 296 -80
1024 320 -136
1200 376 -128
1176 272 48

1128 272 32
968 192 80
1072 40 168
1224 -104 184
1176 32 40
1136 192 -104
968 240 -160
880 304 -176
1000 296 -152
1136 344 -256

1088 240 -128
1216 240 56
928 264 48
904 168 64
1224 72 128
1352 72 96
1056 160 -224
1056 200 -208
920 240 -184
824 272 -200

992 248 -176
1144 296 -272
1080 264 -136
1176 240 -16
1008 264 -40
776 208 -64
952 216 -80
1232 160 32
1184 96 104
1080 120 -80

1048 200 -64
800 320 -88
840 360 -184
1120 336 -96
1176 376 -128
1056 168 -48
1096 64 16
1056 184 0
960 208 48
760 264 -64

816 336 -72
968 376 -80
1136 400 -48
1000 360 0
1088 480 80
968 488 -8
688 352 -88
608 512 -152
712 680 -192
1072 752 -112

1176 688 -80
1080 336 -168
840 152 -96
920 216 24
1176 280 88
1320 328 112
1176 192 72
1032 208 40
816 344 0
848 400 -96

976 424 -136
1104 456 -248
1144 352 -96
1176 192 -40
928 176 0
1040 24 48
1168 -120 -24
1144 -96 -48
1184 32 -48
1112 224 -240

848 240 -176
840 240 -248
920 288 -184
1160 240 -120
1208 184 88
1024 192 48
904 192 64
1088 88 96
1232 32 -40
1144 80 -80

1248 104 -8
944 232 -56
736 336 -32
944 456 -72
1008 392 -200
1176 248 -56
1352 176 144
1008 144 64
736 128 48
1000 16 88

1288 56 -40
1184 64 -152
1184 136 -96
968 272 -72
752 264 -16
728 232 -168
1056 224 -24
1232 288 -224
1176 208 -32
1240 184 64

1160 168 40
752 200 16
664 112 0
928 144 -32
1120 112 88
1248 360 -200
1208 256 72
776 264 -120
768 304 -112
960 328 -128

1320 328 -56
1288 256 -32
1200 256 32
880 192 24
840 168 56
984 136 32
1184 168 48
1224 288 -56
1160 280 48
776 216 -56

768 264 -120
1104 288 -120
1368 280 -32
1264 256 -8
1184 200 56
872 216 24
912 184 88
1120 152 56
1192 112 128
1232 80 48

960 192 -40
744 280 -88
856 336 -200
1280 304 -24
1280 304 32
1176 328 72
936 256 -136
888 216 48
944 160 64
1232 152 40

1032 80 -168
1144 120 -88
880 240 -136
768 320 -104
936 336 -112
1336 344 -32
1096 344 -32
1272 272 136
904 272 -96
864 160 88

1024 96 72
1184 176 112
1136 232 -152
968 256 -56
792 272 -24
832 272 -168
1072 264 -168
1272 368 -168
1240 296 40
1136 216 56

872 224 120
848 160 16
1016 168 16
1112 240 0
1248 200 -88
896 184 -64
736 248 -32
888 352 -168
1112 352 -160
1112 344 -72

1272 272 64
976 280 -72
848 248 64
1000 144 40
1088 88 -40
1008 128 -192
1144 96 32
872 192 -96
816 256 -112
936 328 -224

1120 320 -120
1136 360 -16
1304 304 96
936 248 0
872 208 112
960 136 32
1136 88 16
1080 192 -240
1248 168 -16
808 248 -144

760 248 -88
928 312 -264
1368 312 -192
1272 304 8
1280 256 72
864 232 64
840 176 56
1040 128 32
1296 88 120
1184 160 -72

1072 152 48
848 240 -96
840 272 -176
1128 240 -80
1392 328 -96
1224 288 56
1096 296 48
936 240 64
968 184 120
1048 120 24

1104 144 24
1160 120 -56
944 160 -72
808 280 -40
864 312 -184
1160 280 -176
1336 328 -112
1280 320 64
1000 296 -72
808 248 -24

888 192 0
1128 208 -24
1112 168 80
1112 128 -56
880 136 -56
808 272 -88
936 360 -200
1256 384 -104
1160 416 -80
1224 288 112

1056 280 -88
888 216 40
936 168 56
1264 120 112
976 192 -272
1088 104 -32
864 224 -104
816 288 -152
904 320 -264
1504 344 -160

1184 320 -32
1152 176 104
912 216 -64
856 200 56
936 224 24
1312 160 72
1008 200 -216
1080 144 32
864 216 -32
840 272 -88

944 328 -152
1408 360 -72
1080 272 -40
1184 280 40
984 272 24
864 168 56
984 136 64
1192 104 224
992 192 -144
1096 152 32

872 248 -152
840 288 -152
968 392 -280
1400 576 -264
1288 664 56
1424 648 16
1144 576 -96
696 248 -368
464 72 -576
392 88 -1048
