Time Start = 1457234427
0.03694153 -0.696579 9.996521
1.3794708 -0.23954773 10.375
1.5960846 0.1365509 10.253601
0.46540833 0.38887024 9.787048
-0.7819061 0.38172913 9.241943
-1.2508392 0.14369202 9.213379
-0.89616394 0.1532135 9.084839
-0.14634705 0.22462463 9.451416
0.3939972 0.34126282 9.725159
0.46302795 0.30555725 9.856079
0.10597229 0.2531891 9.889404
-0.23442078 0.20558167 9.889404
-0.40818787 -0.030075073 9.984619
-0.34629822 -0.13005066 9.984619
-0.20109558 -0.13243103 10.05127
-0.18681335 0.005630493 10.036987
-0.24394226 0.08656311 9.875122
-0.36772156 0.06513977 9.853699
-0.49864197 0.06513977 9.777527
-0.50102234 0.12226868 9.73468
-0.4462738 0.25794983 9.744202
-0.32963562 0.28889465 9.848938
-0.28678894 0.25080872 9.86322
-0.18681335 0.3007965 9.825134
-0.17015076 0.23414612 9.875122
-0.103500366 0.24128723 9.865601
-0.1415863 0.24842834 9.808472
-0.098739624 0.26985168 9.803711
-0.11540222 0.14131165 9.737061
-0.060653687 -0.0110321045 9.765625
-0.041610718 -0.08244324 9.867981
-0.11302185 0.098464966 9.887024
-0.22966003 0.29127502 10.039368
-0.3391571 0.49360657 10.201233
-0.5057831 0.61738586 10.315491
-0.6843109 0.63404846 10.582092
-0.6866913 0.624527 10.667786
-0.78904724 0.91493225 10.317871
-0.858078 1.131546 10.294067
-0.82237244 0.9434967 10.474976
-0.60575867 0.79115295 11.177185
-0.30821228 1.0268097 11.524719
-0.07255554 1.2005768 11.805603
-0.015426636 0.94825745 12.410217
-0.02494812 0.36268616 12.307861
0.08454895 -0.7465668 12.215027
0.39161682 -1.7725067 11.931763
0.94862366 -2.365219 11.712769
1.4604034 -2.365219 11.377136
1.9174347 -2.127182 11.124817
2.0840607 -2.3556976 10.898682
2.1554718 -2.8484344 10.336914
2.1483307 -3.5149384 10.003662
2.1364288 -4.1695404 9.698975
2.4411163 -4.61705 9.270508
2.862442 -4.7527313 8.844421
3.3361359 -4.6194305 8.668274
3.8026886 -4.4837494 8.587341
4.3216095 -4.826523 8.332642
4.3930206 -5.462082 8.216003
4.2692413 -6.02861 8.227905
4.376358 -6.423752 8.349304
4.7714996 -6.5380096 7.8827515
5.057144 -6.6070404 7.354309
5.3094635 -6.104782 7.066284
5.5284576 -5.507309 7.2281494
5.690323 -4.9336395 7.340027
5.792679 -4.8050995 7.1757813
5.652237 -5.2026215 7.8637085
5.640335 -5.5549164 8.185059
5.6569977 -5.8238983 7.804199
5.587967 -6.1214447 7.1757813
5.473709 -6.4523163 6.6973267
5.364212 -6.8260345 5.9855957
5.2118683 -7.1092987 5.135803
4.9190826 -7.040268 4.378845
4.5025177 -6.7284393 3.8789673
3.9431305 -6.3642426 3.2053223
3.3218536 -6.123825 2.3840942
2.7553253 -5.8953094 1.2319946
2.1649933 -6.445175 0.4845581
1.5460968 -7.8472137 0.03942871
1.0890656 -9.522995 0.17272949
0.81770325 -10.272812 0.60595703
0.7867584 -10.510849 1.3795776
0.6986847 -10.2061615 2.7340088
0.4677887 -9.337326 3.3695679
0.1869049 -8.6732025 3.5599976
-0.1749115 -8.408981 3.652832
-0.6200409 -8.547043 3.5957031
-0.8318939 -8.599411 3.0220337
-0.9080658 -8.892197 3.3219604
-0.70573425 -9.030258 3.633789
-0.46531677 -8.808884 3.3933716
-0.5105438 -8.561325 3.3981323
-0.5724335 -8.213791 3.2219849
-0.7509613 -8.070969 3.4100342
-0.77952576 -8.01622 3.8027954
-0.7081146 -8.408981 4.3026733
-0.58195496 -8.858871 4.190796
-0.5057831 -9.273056 4.5787964
-0.41770935 -9.23497 4.628784
-0.37486267 -9.29924 5.057251
-0.38676453 -9.294479 5.004883
-0.36772156 -9.334946 5.135803
-0.44151306 -9.096909 5.238159
-0.32011414 -8.868393 4.678772
-0.18443298 -8.970749 4.685913
0.08930969 -9.213547 5.023926
0.32972717 -9.165939 5.5404663
0.63679504 -9.054062 5.7713623
0.81056213 -9.8919525 6.27124
0.6510773 -10.306137 5.7261353
-0.08683777 -10.570358 6.161743
-0.60575867 -9.880051 7.128174
-1.0532684 -8.727951 7.1781616
-0.11540222 -8.818405 5.923706
1.0200348 -9.092148 6.404541
1.772232 -8.480392 6.4069214
1.8388824 -7.932907 5.661865
0.9771881 -8.149521 4.9977417
0.025039673 -9.156418 5.0596313
-0.14872742 -9.718185 5.4904785
0.15834045 -9.518234 5.8570557
0.80104065 -9.075485 6.0855713
0.9295807 -8.773178 5.749939
0.5320587 -9.61821 5.5047607
0.010757446 -10.77507 5.37146
-0.3391571 -11.322556 5.9189453
-0.36772156 -11.084518 6.4711914
-0.07493591 -10.927414 6.9401245
0.27973938 -10.927414 7.149597
0.41304016 -11.248764 6.7782593
0.41542053 -11.562973 6.3831177
0.39637756 -11.751022 6.095093
0.40351868 -12.1175995 6.4021606
0.39161682 -12.131882 6.1379395
0.47016907 -11.86528 5.8737183
0.38685608 -11.336838 6.0046387
0.5439606 -10.803635 5.7023315
0.7629547 -10.4370575 5.402405
1.2414093 -10.382309 5.5809326
1.7960358 -10.084763 6.1427
2.2602081 -9.3658905 6.309326
2.612503 -8.677963 6.59021
2.8743439 -8.516098 6.5949707
3.0076447 -8.78508 6.1974487
3.2242584 -8.497055 5.745178
3.562271 -7.7186737 5.8880005
3.952652 -7.1735687 6.1117554
4.062149 -6.868881 6.3616943
4.274002 -6.649887 6.366455
4.4430084 -6.361862 6.3616943
4.5596466 -6.083359 6.095093
4.819107 -5.878647 5.723755
4.9571686 -5.892929 5.718994
5.0333405 -5.776291 5.6880493
4.8809967 -5.647751 5.9403687
4.7786407 -5.224045 5.571411
4.9167023 -4.7146454 6.07843
5.138077 -4.2528534 6.7139893
5.485611 -3.679184 6.4926147
5.8283844 -3.512558 6.0474854
6.037857 -3.603012 5.6523438
6.1759186 -3.864853 5.300049
6.254471 -4.174301 5.6832886
6.159256 -4.1647797 5.635681
6.083084 -4.212387 6.449768
6.0473785 -3.8124847 6.91156
6.1616364 -3.198349 6.6640015
6.383011 -2.588974 6.537842
6.6900787 -2.0914764 6.4069214
6.9709625 -1.8153534 6.328369
7.1233063 -1.8177338 6.1974487
7.185196 -1.9105682 6.2212524
7.1494904 -1.8629608 6.340271
7.0661774 -1.9034271 6.5354614
7.0661774 -1.4321136 6.52594
7.14711 -1.0702972 6.4854736
7.389908 -0.90367126 6.628296
7.4184723 -0.8917694 7.013916
7.582718 -0.7846527 7.032959
7.537491 -0.7370453 6.7782593
7.456558 -0.90367126 6.3974
7.2708893 -1.1607513 6.7854004
7.101883 -1.0155487 6.309326
7.089981 -0.9608002 6.135559
7.139969 -0.825119 6.7782593
7.173294 -0.42997742 7.1400757
7.306595 -0.08720398 7.002014
7.3113556 -0.101486206 6.8425293
7.14711 -0.37998962 6.949646
6.9900055 -0.27287292 6.2521973
6.878128 -0.4228363 6.1427
6.9328766 -0.3323822 6.2212524
6.9828644 -0.23240662 6.3450317
7.0542755 -0.018173218 6.314087
7.1304474 0.16511536 6.173645
7.101883 0.117507935 6.1569824
6.9638214 0.30555725 6.0927124
6.9709625 0.5340729 6.0093994
6.89003 0.7316437 5.904663
6.7900543 0.75068665 5.9594116
6.7971954 0.88160706 5.6880493
6.7543488 0.855423 5.7737427
6.7472076 1.086319 5.5856934
6.7852936 1.1244049 5.549988
6.737686 1.2696075 5.366699
6.7257843 1.3053131 5.300049
6.7971954 1.3076935 5.1834106
6.882889 1.3457794 5.1953125
6.9209747 1.4148102 5.507141
6.8876495 1.6290436 5.5547485
6.942398 1.8361359 5.7404175
6.8614655 2.1027374 5.916565
6.7519684 2.2431793 5.5428467
6.6805573 2.1074982 5.5047607
6.671036 2.074173 5.3428955
6.711502 2.1479645 5.038208
6.7448273 2.1884308 4.9572754
6.7472076 2.2979279 4.992981
6.749588 2.3788605 4.8430176
6.7281647 2.3360138 4.9572754
6.6757965 2.2693634 5.250061
6.5853424 2.3145905 5.3571777
6.5353546 2.4217072 5.1572266
6.4639435 2.516922 5.090576
6.4901276 2.516922 5.219116
6.582962 2.4812164 5.300049
6.63533 2.4121857 5.300049
6.6876984 2.4288483 5.05249
6.735306 2.395523 5.0596313
6.7138824 2.5121613 5.1953125
6.651993 2.6240387 5.409546
6.5805817 2.5978546 5.333374
6.5139313 2.600235 5.321472
6.549637 2.543106 5.1810303
6.613907 2.4359894 5.107239
6.6996 2.4383698 5.2000732
6.756729 2.5692902 5.4143066
6.8114777 2.7621002 5.416687
6.768631 2.7835236 5.3738403
6.6900787 2.831131 5.345276
6.628189 2.7121124 5.1619873
6.718643 2.6026154 5.083435
6.82576 2.4883575 4.9786987
6.8614655 2.3836212 5.1191406
6.8352814 2.3907623 5.257202
6.82576 2.5121613 5.276245
6.711502 2.6811676 5.397644
6.7210236 2.804947 5.390503
6.6900787 2.8358917 5.302429
6.6496124 2.7906647 5.102478
6.673416 2.747818 4.9334717
6.5972443 2.7525787 5.004883
6.5662994 2.6930695 4.962036
6.4948883 2.747818 4.902527
6.428238 2.7716217 4.9786987
6.416336 2.8287506 5.004883
6.3996735 2.8811188 4.981079
6.3663483 2.8525543 5.0167847
6.356827 2.8620758 5.107239
6.402054 2.8216095 4.9525146
6.385391 2.6097565 4.9453735
6.423477 2.4693146 4.8668213
6.4758453 2.3621979 4.9977417
6.3996735 2.4455109 4.9715576
6.344925 2.5216827 4.92395
6.24971 2.4835968 4.7073364
6.2782745 2.3193512 4.4526367
6.3949127 2.24794 4.543091
6.6615143 2.293167 4.7216187
6.787674 2.2169952 5.0620117
6.8233795 2.0456085 5.216736
6.692459 1.8385162 5.1762695
6.5210724 1.5457306 5.2333984
6.44252 1.483841 5.257202
6.5020294 1.6837921 5.4000244
6.6638947 1.7028351 5.442871
6.7067413 1.4695587 5.492859
6.673416 1.2100983 5.5476074
6.5996246 1.0648956 5.507141
6.6258087 0.9863434 5.4642944
6.6757965 0.8601837 5.552368
6.76149 0.6459503 5.697571
6.851944 0.44361877 5.8118286
6.8947906 0.39839172 5.9522705
6.9066925 0.34126282 5.995117
6.878128 0.13179016 6.059387
6.737686 -0.16099548 6.1450806
6.704361 -0.47520447 6.3759766
6.7091217 -0.61564636 6.480713
6.799576 -0.6703949 6.3997803
6.89003 -0.9250946 6.211731
6.901932 -1.2488251 6.0498657
6.947159 -1.7010956 6.1760254
6.8947906 -2.1747894 6.437866
6.8233795 -2.422348 6.487854
6.7472076 -2.6294403 6.9091797
6.621048 -2.5746918 7.1329346
6.3615875 -2.6627655 6.7806396
6.209244 -2.88414 5.9903564
6.102127 -3.4411469 6.01416
6.1640167 -3.8315277 6.211731
6.3687286 -4.1576385 6.2141113
6.6686554 -4.3956757 6.52594
6.820999 -4.5051727 7.047241
6.8352814 -4.2909393 6.435486
6.735306 -4.455185 6.3997803
6.549637 -4.995529 6.499756
6.1806793 -5.6263275 6.371216
5.897415 -6.045273 6.314087
5.6760406 -6.1333466 6.2212524
5.5022736 -6.271408 6.8425293
5.383255 -5.938156 7.1710205
5.1618805 -5.692978 6.752075
4.845291 -6.002426 6.0284424
4.576309 -6.9164886 5.295288
4.464432 -7.6782074 5.3238525
4.690567 -7.6139374 6.0546265
5.2523346 -7.0616913 6.904419
5.7022247 -6.566574 7.437622
5.8545685 -6.488022 7.4281006
5.473709 -7.047409 7.4923706
4.697708 -7.5258636 7.0043945
4.0145416 -7.861496 6.661621
3.5955963 -7.7162933 6.4973755
3.4741974 -7.142624 6.518799
3.5908356 -6.5879974 6.794922
3.612259 -6.509445 7.3114624
3.183792 -7.3140106 7.6185303
2.6601105 -8.20665 7.0186768
2.4220734 -8.620834 6.692566
2.4982452 -8.375656 6.897278
2.9957428 -7.6734467 7.2352905
3.350418 -7.368759 7.309082
3.3837433 -7.7234344 7.282898
3.0409698 -8.4613495 6.8068237
2.6434479 -9.194504 7.063904
2.426834 -9.020737 7.111511
2.5315704 -8.20665 7.021057
2.707718 -7.959091 6.9020386
2.7124786 -8.066208 6.473572
2.52919 -8.480392 6.199829
2.4911041 -8.711288 6.309326
2.6196442 -8.85173 7.0091553
2.7862701 -8.563705 6.942505
2.8005524 -8.482773 6.7854004
2.6410675 -8.470871 6.597351
2.374466 -8.428024 6.4592896
2.2768707 -8.249496 6.3355103
2.3649445 -8.132858 6.283142
2.3720856 -8.244736 6.2355347
2.3078156 -8.46373 6.071289
2.1935577 -8.4423065 5.930847
2.1483307 -8.01622 5.788025
2.291153 -7.554428 5.4523926
2.4887238 -7.5068207 5.283386
2.6410675 -7.811508 5.5880737
2.695816 -8.373276 6.7163696
2.4482574 -8.827927 7.1210327
2.1673737 -9.199265 6.91156
2.0102692 -8.763657 6.6759033
2.086441 -8.278061 6.390259
2.0888214 -8.213791 6.46167
1.8960114 -8.423264 6.1950684
1.7008209 -8.385178 5.814209
1.560379 -8.139999 6.1831665
1.4913483 -7.830551 6.3997803
1.2961578 -7.830551 6.449768
1.0771637 -8.113815 6.223633
1.1081085 -8.323288 5.916565
1.2080841 -8.332809 6.1569824
1.5484772 -7.9210052 6.295044
1.9031525 -7.702011 6.4212036
1.9555206 -8.025742 6.5759277
1.8698273 -8.430405 6.518799
1.7793732 -8.9231415 6.4021606
2.279251 -9.227829 7.7922974
2.2959137 -9.5325165 6.325989
1.8698273 -9.582504 6.3616943
1.6651154 -9.054062 5.5166626
1.5318146 -7.766281 5.8118286
1.938858 -6.937912 5.250061
2.0293121 -7.932907 6.321228
2.2863922 -8.3780365 6.4711914
2.1340485 -8.420883 6.4331055
1.7984161 -7.9852753 6.2974243
1.5080109 -7.573471 5.9594116
1.4223175 -7.6924896 6.057007
1.534195 -7.997177 5.7785034
1.6389313 -8.744614 5.6118774
1.8888702 -9.344467 6.1688843
1.9650421 -8.992172 6.2593384
2.060257 -8.53038 6.59021
2.0197906 -7.8186493 6.494995
1.7531891 -7.456833 6.4711914
1.3342438 -7.4877777 6.390259
0.77723694 -7.656784 6.1950684
0.3440094 -7.95195 6.0998535
0.048843384 -8.106674 6.1569824
-0.034469604 -8.2733 6.3616943
-0.06541443 -8.220932 6.230774
-0.2891693 -8.023361 6.3307495
-0.54148865 -7.7234344 6.494995
-0.52482605 -7.130722 6.3569336
-0.7819061 -6.4999237 5.447632
-1.1508636 -6.764145 5.1881714
-1.8602142 -6.649887 5.2214966
-2.436264 -7.1402435 5.621399
-2.5410004 -7.913864 6.518799
-2.050644 -8.716049 6.7401733
-1.467453 -9.399216 6.8829956
-1.172287 -9.499191 6.949646
-1.1389618 -9.1707 6.583069
-1.1889496 -8.708908 6.435486
-1.0984955 -8.316147 6.192688
-0.6533661 -8.285202 5.878479
-0.11302185 -8.408981 5.9141846
0.27259827 -8.818405 5.7023315
0.31782532 -9.273056 5.8832397
-0.010665894 -9.611069 6.480713
-0.49388123 -9.689621 6.309326
-0.8652191 -9.542038 5.5166626
-0.72953796 -9.289719 4.92395
-0.041610718 -8.713669 4.178894
1.0509796 -7.963852 3.5861816
2.310196 -7.463974 4.209839
3.2361603 -7.271164 5.3762207
3.728897 -7.399704 5.94751
3.536087 -8.194748 5.814209
2.8005524 -8.827927 5.2453003
2.0745392 -8.854111 4.0098877
1.9031525 -8.532761 2.7982788
2.188797 -8.2304535 2.7554321
2.798172 -7.8781586 2.6340332
3.6527252 -7.959091 2.0960693
4.233536 -8.727951 2.119873
4.343033 -9.2825775 2.2531738
4.2763824 -9.306381 2.9434814
4.0907135 -8.832687 4.083679
3.831253 -8.380417 4.6121216
3.7741241 -7.9471893 4.762085
3.8836212 -7.5568085 4.743042
4.152603 -7.18071 4.545471
4.3977814 -6.7236786 3.876587
4.4572906 -6.2238007 3.0791626
4.5334625 -5.752487 3.5338135
4.702469 -5.1931 4.9715576
4.7453156 -4.6646576 6.52594
4.6286774 -4.576584 7.2495728
4.3358917 -4.955063 6.7925415
4.0002594 -5.5811005 6.249817
3.7312775 -6.514206 6.514038
3.4123077 -7.302109 6.9853516
3.0052643 -7.5115814 6.813965
2.669632 -7.7186737 7.468567
2.2673492 -7.7805634 7.892273
2.041214 -8.113815 8.049377
1.9936066 -8.6922455 8.299316
2.27211 -9.670578 8.444519
2.6363068 -10.825058 8.430237
3.074295 -11.905746 8.527832
3.547989 -12.738876 9.170532
3.8264923 -12.886459 9.520447
3.6479645 -12.143784 8.868225
2.8767242 -10.603683 7.699463
1.9745636 -8.932663 6.725891
1.0676422 -7.456833 6.245056
0.22737122 -6.5165863 5.992737
-0.48912048 -6.173813 6.1522217
-1.0223236 -6.2547455 6.3616943
-1.2389374 -6.5879974 6.5759277
-1.2032318 -7.0426483 7.135315
-1.0175629 -7.3759003 7.6066284
-0.8723602 -7.452072 7.8518066
-0.80332947 -7.7043915 8.020813
-0.9342499 -8.011459 8.039856
-1.0366058 -8.454208 8.113647
-1.0556488 -8.844589 8.168396
-1.0485077 -8.858871 7.9589233
-0.96995544 -8.342331 8.035095
-0.9080658 -7.6306 8.054138
-0.9390106 -6.885544 8.023193
-0.9247284 -6.407089 8.027954
-1.0032806 -6.1000214 8.025574
-0.941391 -6.0095673 8.13031
-0.8176117 -6.02861 8.232666
-0.58195496 -6.1785736 8.296936
-0.38200378 -6.3880463 8.163635
-0.2082367 -6.6189423 8.087463
-0.09635925 -6.7927094 8.032715
-0.017807007 -6.7355804 7.9732056
0.05836487 -6.630844 7.9589233
0.1131134 -6.4023285 8.051758
0.18928528 -6.0809784 8.139832
0.29164124 -5.77153 8.496887
0.3511505 -5.526352 8.739685
0.43208313 -5.390671 8.715881
0.44636536 -5.302597 8.511169
Time Stop = 1457234432
