Time Start = 1457237422
-1.2127533 1.0744171 9.625183
-1.505539 1.2767487 9.677551
-2.307724 0.9863434 9.920349
-2.4886322 0.99824524 9.453796
-3.1765594 0.96492004 9.422852
-2.5076752 1.0244293 9.47522
-1.8768768 1.1244049 9.66803
-1.5150604 1.0839386 9.665649
-1.7411957 1.1577301 9.563293
-2.1696625 1.1934357 9.639465
-2.4005585 1.0744171 9.613281
-2.300583 0.7221222 9.437134
-2.1482391 0.3174591 9.34668
-1.8935394 0.08418274 9.641846
-0.9009247 0.15083313 9.946533
-1.7864227 0.74116516 9.801331
-2.1172943 1.5171661 9.663269
-2.1744232 1.8908844 9.748962
-1.743576 1.657608 9.882263
-1.6816864 1.2077179 9.944153
-1.9030609 0.8792267 9.449036
-2.1387177 0.43885803 9.739441
-2.2720184 -0.080062866 9.15387
-2.3838959 -0.5394745 9.180054
-2.7599945 -0.7537079 9.725159
-2.7790375 -0.10386658 10.008423
-2.4267426 1.2624664 9.906067
-2.8861542 1.7837677 9.903687
-2.8433075 1.8099518 9.491882
-2.2339325 0.99824524 9.172913
-1.5341034 -0.027694702 9.710876
-0.9818573 -1.0274506 9.910828
-0.858078 -1.8367767 10.129822
-0.85331726 -2.2723846 9.853699
-1.2032318 -2.634201 9.770386
-1.5031586 -2.94841 9.789429
-1.8364105 -2.8865204 9.368103
-1.5579071 -2.9912567 9.7561035
-1.4174652 -2.3533173 9.191956
-1.3984222 -2.0867157 9.315735
-1.1294403 -1.9248505 9.453796
-0.9794769 -2.0486298 9.22052
-0.8985443 -2.4509125 8.994385
-0.9961395 -2.5746918 8.882507
-1.1960907 -2.4294891 8.913452
-1.1151581 -1.9676971 8.90155
-1.0366058 -1.4225922 9.115784
-0.9580536 -0.991745 9.139587
-1.3531952 -0.6561127 10.158386
-3.2670135 -0.5727997 11.391418
-5.2022552 -1.2345428 8.882507
-5.2046356 -0.32762146 9.291931
-3.6764374 -0.061019897 9.441895
-2.269638 0.050857544 10.048889
-1.4769745 0.44361877 9.998901
-1.8054657 0.7792511 10.458313
-2.3505707 1.362442 10.391663
-2.814743 2.7359161 9.79657
-3.7668915 2.4217072 9.634705
-3.1194305 -0.11576843 10.127441
-2.3672333 -0.40141296 9.130066
-1.9173431 -1.3297577 9.994141
-2.4767303 -1.767746 9.451416
-2.5481415 -3.3578339 8.663513
-3.2217865 -4.7336884 9.3776245
-2.3410492 -2.9174652 9.34906
-1.1556244 -2.2009735 8.584961
-0.11064148 -2.0581512 10.067932
-0.039230347 -2.3747406 9.658508
-1.5269623 -2.3747406 9.753723
-2.9837494 -2.7651215 9.294312
-2.826645 -2.4699554 9.0824585
-1.8126068 -2.3414154 9.687073
-1.069931 -1.4321136 9.877502
-1.3460541 -0.7513275 10.474976
-2.1315765 -0.24430847 10.351196
-2.2458344 -0.1348114 10.31311
-1.0937347 -0.48472595 9.865601
-0.17729187 -1.075058 9.770386
-0.22013855 -2.2438202 9.463318
-1.0413666 -3.3292694 8.087463
-1.7983246 -3.641098 9.068176
-3.4026947 -4.5504 10.039368
-3.1051483 -5.650131 8.563538
-1.3555756 -4.6694183 8.83728
-0.6676483 -3.2745209 9.6918335
-1.1699066 -2.94841 9.096741
-1.698349 -3.2459564 9.325256
-1.9673309 -3.2769012 9.051514
-1.5483856 -3.7125092 8.501648
-0.83665466 -4.3885345 8.723022
-0.21061707 -4.8574677 9.570435
-0.43675232 -4.762253 9.106262
-0.99375916 -3.788681 9.21814
-1.3984222 -2.7008514 9.898926
-1.6483612 -1.3916473 9.994141
-1.9340057 -1.4035492 10.674927
-2.057785 -0.67515564 9.801331
-1.0818329 -1.3916473 10.720154
-0.6628876 -1.5344696 9.625183
-1.3174896 -1.620163 9.977478
-2.0292206 -2.2771454 8.9991455
-1.1199188 -3.7148895 9.0896
-1.2913055 -5.602524 8.842041
-1.1508636 -5.502548 9.601379
-1.7221527 -3.429245 9.372864
-2.788559 -2.8889008 8.742065
-2.3957977 -3.2078705 8.975342
-1.4103241 -2.1176605 9.898926
-1.4055634 -1.5701752 9.858459
-2.019699 -1.3345184 9.763245
-2.2029877 -2.2985687 9.884644
-2.0887299 -2.1581268 9.791809
-2.0815887 -1.9772186 9.470459
-2.1291962 -3.0912323 9.234802
-1.5364838 -3.5435028 9.451416
-1.1246796 -3.455429 9.001526
-1.134201 -2.974594 9.537109
-1.4460297 -2.5723114 9.737061
-1.7245331 -2.312851 10.015564
-2.2148895 -2.1771698 9.753723
-2.0815887 -2.0867157 9.039612
-2.0149384 -3.01268 8.734924
-1.9268646 -4.640854 8.796814
-1.4103241 -5.9476776 9.15863
-0.81999207 -5.4335175 9.639465
-1.2198944 -3.0674286 9.575195
-1.6197968 -1.2988129 9.970337
-1.2913055 -0.5323334 10.139343
-1.0461273 -0.87272644 10.329773
-1.1151581 -2.0200653 9.917969
-1.0532684 -2.9555511 9.739441
-0.72239685 -3.2316742 9.446655
-0.45341492 -2.7770233 9.011047
-1.1151581 -2.6008759 10.396423
-1.6388397 -2.0557709 9.579956
-0.95329285 -1.7368011 9.189575
0.022659302 -2.089096 9.484741
0.053604126 -2.5175629 10.536865
-0.0059051514 -1.389267 10.127441
-0.23680115 -0.47520447 10.415466
-0.86997986 -0.45378113 9.979858
-1.4769745 -1.3083344 9.427612
-1.4698334 -2.467575 9.194336
-1.1960907 -3.2150116 10.103638
-0.51530457 -3.91008 9.6918335
-0.41770935 -4.281418 8.796814
-0.74858093 -4.0290985 9.130066
-1.153244 -3.4911346 9.344299
-1.3674774 -2.88414 9.394287
-1.3484344 -2.5532684 9.853699
-1.2151337 -2.5175629 9.906067
-0.9913788 -2.1771698 9.687073
-0.7438202 -1.7439423 10.041748
-0.60575867 -1.5082855 9.99176
-0.5200653 -1.4035492 9.825134
-0.5200653 -1.3607025 9.937012
-0.63908386 -1.8486786 9.639465
-1.2556 -3.3292694 9.101501
-1.8173676 -5.205002 8.784912
-2.0435028 -5.712021 9.315735
-2.0673065 -4.0171967 9.3776245
-1.4174652 -2.1414642 9.784668
-0.59147644 -1.0917206 9.815613
-0.52482605 -0.61802673 9.120544
-0.38676453 -1.3107147 10.572571
-0.7819061 -3.0388641 10.88916
-0.8723602 -2.672287 9.41095
-0.9152069 -2.2533417 9.558533
-1.2198944 -2.4366302 9.710876
-1.5079193 -2.634201 8.842041
-1.8625946 -3.519699 9.237183
-2.2410736 -4.450424 9.15863
-2.2982025 -5.0859833 8.5373535
-2.1815643 -4.383774 8.689697
-1.8530731 -3.01268 9.256226
-1.2603607 -1.7701263 10.467834
0.117874146 -1.3630829 10.544006
-0.7842865 -1.53685 10.17981
-0.8842621 -2.9960175 9.144348
-0.18919373 -5.124069 9.206238
-1.5412445 -5.4597015 9.456177
-1.7935638 -3.8101044 9.5252075
-1.8530731 -2.0771942 9.34906
-1.9054413 -1.9010468 9.15863
-1.8697357 -2.036728 9.768005
-2.0363617 -2.569931 10.191711
-1.3270111 -3.391159 8.789673
-1.5007782 -3.4387665 10.279785
-1.7292938 -3.288803 9.215759
-1.9340057 -3.0840912 9.591858
-1.9697113 -3.160263 8.394531
-2.1958466 -4.0433807 10.37738
-1.9197235 -4.405197 7.5304565
-1.595993 -5.1264496 7.694702
-1.6674042 -4.9836273 10.31073
-1.4983978 -3.7410736 8.618286
-1.0651703 -3.2649994 9.494263
-0.9723358 -2.9079437 9.79657
-0.73191833 -2.2890472 9.79657
-1.3270111 -1.684433 10.113159
-1.0318451 -0.71562195 10.653503
-0.41532898 -0.5870819 10.146484
-0.3224945 -0.908432 10.044128
-1.3603363 -1.5892181 9.056274
-1.6888275 -2.5937347 10.598755
-1.6769257 -4.0290985 8.756348
-1.8554535 -5.7786713 8.423096
-2.2672577 -5.9667206 8.468323
-1.891159 -5.666794 8.227905
-1.5745697 -5.090744 8.90155
-1.7340546 -4.026718 8.673035
-1.2317963 -3.057907 9.598999
-0.45103455 -2.3437958 10.110779
-0.6367035 -1.3749847 9.629944
-0.9390106 -1.2512054 9.7561035
-1.2913055 -2.422348 9.79657
-1.2151337 -2.8436737 9.494263
-0.90330505 -3.0817108 9.920349
-0.8318939 -2.7698822 9.884644
-0.8985443 -2.5532684 9.658508
-1.0842133 -2.4342499 9.213379
-0.6700287 -2.6318207 9.79895
-0.6009979 -2.8865204 9.903687
-0.6795502 -3.243576 9.446655
-0.9961395 -3.667282 9.372864
-1.2984467 -3.800583 9.579956
-1.531723 -3.3530731 9.625183
-1.1008759 -2.608017 9.615662
-0.4867401 -2.1938324 9.553772
-0.0011444092 -1.998642 9.896545
0.10121155 -2.1152802 9.979858
-0.19871521 -2.4390106 9.622803
-0.8985443 -1.7582245 9.896545
-1.5269623 -3.3625946 10.191711
-1.3365326 -2.8865204 9.92749
-1.4174652 -1.5439911 8.651611
-1.6007538 -1.6130219 9.546631
-1.4722137 -2.524704 9.106262
-1.6412201 -3.3768768 8.894409
-1.679306 -4.469467 9.115784
-1.9149628 -4.719406 9.141968
-1.6578827 -3.7529755 9.3776245
-1.6459808 -2.5651703 9.41095
-2.8480682 -0.6632538 10.593994
-2.5148163 -0.6299286 9.0824585
-3.0289764 -2.6603851 10.367859
-2.224411 -2.4056854 9.394287
-1.0128021 -2.812729 9.070557
-0.33439636 -3.1483612 9.3966675
-0.25108337 -2.8936615 9.011047
-1.4888763 -0.16099548 8.38501
-0.82951355 -2.4747162 9.808472
1.2271271 -3.614914 9.4609375
2.1340485 -3.6387177 10.196472
1.9364777 -3.4435272 9.482361
2.6910553 -3.5292206 10.351196
3.517044 -3.8886566 11.569946
3.0457306 -2.396164 9.356201
1.5556183 -1.7129974 9.551392
0.65345764 -2.7865448 9.137207
-0.5962372 -4.16716 8.89917
-0.9056854 -5.124069 8.906311
-0.34391785 -5.3882904 8.694458
0.051223755 -4.5099335 8.982483
-0.122543335 -3.4530487 9.15625
0.57014465 -2.729416 9.41333
1.2390289 -2.7556 14.488281
1.1295319 -1.453537 5.3500366
-0.33677673 -3.255478 11.910339
1.7103424 -3.1174164 10.084595
1.5746613 -1.9843597 10.572571
1.4794464 -1.6534882 9.737061
1.4389801 -1.8439178 9.965576
0.9605255 -2.1367035 9.970337
0.75819397 -2.4437714 9.820374
0.56300354 -2.7508392 9.627563
0.42494202 -2.929367 9.520447
0.25593567 -3.4578094 9.827515
0.52967834 -3.71727 9.441895
0.5844269 -4.2219086 9.253845
0.42256165 -4.129074 10.1345825
0.5011139 -3.3102264 9.268127
-0.02494812 -2.8222504 9.86084
-0.029708862 -1.1678925 8.480225
-0.08683777 -2.3104706 10.322632
-0.20585632 -2.8746185 9.422852
-0.74858093 -3.1102753 8.927734
-1.422226 -3.5244598 9.472839
-1.8054657 -3.6625214 8.992004
-1.8483124 -4.069565 9.120544
-1.7388153 -4.255234 9.013428
-1.3793793 -4.0933685 8.777771
-0.7676239 -3.569687 8.992004
-0.710495 -2.967453 9.896545
-0.32725525 -2.7413177 9.451416
-0.029708862 -2.6699066 9.387146
0.13215637 -2.717514 9.789429
0.2368927 -2.6865692 9.598999
0.38923645 -2.8032074 9.694214
0.38923645 -2.7889252 9.656128
0.4344635 -3.0388641 9.41571
0.5320587 -3.2864227 9.534729
0.61061096 -3.5292206 9.66803
0.78437805 -3.6744232 9.777527
0.9962311 -3.9505463 9.265747
0.93196106 -4.0981293 9.046753
0.8296051 -4.321884 9.184814
0.6820221 -4.333786 9.372864
0.5344391 -4.052902 9.35144
0.42494202 -3.3554535 9.15863
0.21308899 -3.5482635 10.039368
0.40589905 -3.4197235 8.942017
0.38923645 -3.9148407 9.591858
0.31782532 -4.1814423 9.1657715
0.26307678 -4.0410004 9.206238
0.21546936 -3.5554047 9.208618
0.18452454 -3.1459808 9.522827
0.2702179 -2.94841 9.689453
0.32258606 -2.8793793 9.463318
0.3440094 -3.2126312 9.515686
0.36305237 -3.557785 9.332397
0.2868805 -3.8600922 9.420471
0.22975159 -3.8862762 9.280029
0.32972717 -3.5006561 9.465698
0.44874573 -2.974594 9.47998
0.57014465 -3.095993 9.6085205
0.6225128 -3.2316742 9.130066
0.3368683 -3.9719696 10.367859
0.4344635 -3.7791595 8.803955
0.3440094 -3.871994 9.515686
0.3368683 -3.8291473 9.2229
0.21070862 -3.5101776 8.925354
-0.04399109 -3.4697113 9.6085205
0.10597229 -3.9053192 8.906311
0.14881897 -3.8672333 9.332397
0.10835266 -4.069565 9.227661
0.025039673 -3.7910614 8.689697
-0.4224701 -3.7077484 9.106262
-0.55815125 -3.4887543 8.89917
-0.45817566 -3.2150116 9.191956
-0.26774597 -3.1483612 10.05127
0.029800415 -2.4961395 10.060791
0.7129669 -2.8912811 8.958679
1.1676178 -4.9074554 9.175293
1.5080109 -6.7093964 10.058411
1.5294342 -5.2359467 9.663269
1.9031525 -3.0460052 9.118164
1.4413605 -1.3583221 9.15625
0.8962555 -0.15623474 8.870605
0.5415802 -0.75608826 9.077698
0.3273468 -4.1076508 11.296204
1.0938263 -4.238571 11.196228
1.6317902 -1.8272552 9.15625
1.1795197 -1.934372 9.896545
0.6582184 -2.8555756 8.673035
-0.010665894 -3.583969 8.815857
-0.5724335 -4.0600433 9.120544
-0.710495 -4.3052216 8.930115
-0.53434753 -4.5027924 8.944397
-0.07493591 -4.1266937 9.051514
0.08216858 -3.9243622 10.17981
0.42018127 -3.3554535 8.913452
0.56062317 -3.2769012 9.337158
0.6796417 -3.2197723 9.489502
0.886734 -3.3816376 9.708496
1.1699982 -3.3697357 9.437134
1.2318878 -3.4459076 9.489502
1.1723785 -3.6577606 9.6918335
1.1699982 -3.8172455 9.306213
1.2533112 -3.3816376 9.718018
1.3461456 -2.8984222 9.741821
1.4437408 -2.7127533 9.54187
1.3413849 -3.1674042 9.194336
1.200943 -4.0338593 9.09436
1.0485992 -5.0621796 9.60376
0.9462433 -5.302597 9.487122
1.1271515 -3.8386688 9.108643
1.3342438 -2.8365326 9.891785
1.2723541 -2.679428 10.11792
1.1604767 -2.4509125 9.001526
0.6963043 -2.8341522 9.061035
0.08454895 -3.4697113 9.199097
-0.34153748 -3.9005585 9.09436
-0.42008972 -4.179062 9.018188
-0.3653412 -4.398056 9.172913
-0.09635925 -4.1171722 8.803955
0.1464386 -3.948166 9.496643
0.42970276 -3.0483856 9.901306
0.7415314 -2.2342987 9.718018
0.99861145 -2.1628876 10.251221
0.9867096 -2.4842377 9.720398
0.9367218 -3.2483368 9.825134
0.98908997 -3.569687 9.084839
0.77723694 -4.045761 8.434998
0.2202301 -4.9217377 9.063416
0.41542053 -6.21904 9.249084
0.82484436 -5.412094 7.7661133
0.6796417 -4.655136 9.458557
0.50587463 -4.050522 9.334778
0.3773346 -3.7148895 8.292175
-0.16300964 -4.3766327 8.920593
-0.8604584 -4.402817 10.348816
-0.6700287 -3.2649994 9.470459
-0.29393005 -2.5723114 8.83252
0.07026672 -3.6934662 9.877502
0.5391998 -4.640854 8.699219
0.5011139 -5.6263275 9.294312
0.42494202 -5.0050507 9.47998
0.56300354 -3.4506683 9.872742
0.9676666 -1.7225189 9.832275
1.3770905 -0.825119 9.320496
1.0938263 -1.4940033 9.451416
0.23451233 -2.8555756 10.812988
0.20594788 -4.379013 9.9227295
0.19404602 -3.8934174 7.61615
0.16786194 -4.9788666 8.304077
0.18452454 -6.0905 8.456421
-0.015426636 -5.892929 8.975342
0.20118713 -5.276413 9.449036
0.4915924 -4.1124115 9.170532
0.44874573 -2.9698334 10.558289
0.7320099 -2.2319183 9.239563
0.803421 -3.005539 9.494263
0.64393616 -4.064804 9.308594
0.21308899 -4.6122894 8.83728
-0.27488708 -4.578964 9.130066
-0.646225 -3.9029388 9.594238
-0.56529236 -3.198349 9.744202
0.67726135 -3.448288 9.908447
1.9959869 -3.7101288 8.820618
1.4794464 -4.110031 9.368103
0.63679504 -3.1293182 9.134827
-0.14872742 -2.6032562 10.132202
-0.04875183 -3.095993 9.268127
-0.051132202 -3.0864716 8.684937
-0.9818573 -3.5363617 9.60614
-1.5602875 -4.55278 8.839661
-1.7316742 -5.4716034 7.5185547
-2.1887054 -6.2737885 7.7803955
-2.833786 -6.5499115 8.313599
-2.4267426 -5.623947 8.5563965
-0.89378357 -3.4244843 9.613281
0.4344635 -1.9319916 9.613281
1.4794464 -1.1083832 10.555908
2.1078644 -0.88700867 11.322388
2.631546 -1.1107635 10.75824
2.733902 -1.6344452 10.167908
1.6746368 -1.8891449 9.648987
0.78437805 -2.0414886 10.05127
-0.055892944 -1.5606537 9.86322
-1.4055634 -3.769638 8.3064575
-1.0389862 -7.11644 7.611389
0.10597229 -8.992172 7.449524
-0.07017517 -7.9233856 8.434998
0.30116272 -5.6953583 7.7494507
0.14167786 -4.662277 8.922974
-0.10826111 -4.2528534 9.79895
-0.24632263 -3.474472 8.651611
-0.23442078 -3.4411469 9.151489
-0.14872742 -3.614914 9.506165
0.22975159 -3.9862518 9.163391
0.6963043 -3.9434052 8.808716
0.951004 -4.2028656 8.813477
1.1533356 -4.262375 9.108643
1.3961334 -2.9150848 8.908691
-1.2270355 -4.3575897 7.7232666
0.95814514 -4.4528046 11.5271
1.496109 -3.0102997 9.575195
1.7888947 -2.062912 10.417847
1.9221954 -1.979599 9.7323
1.7436676 -1.9415131 9.275269
1.0819244 -2.6199188 10.417847
0.84150696 -3.2078705 9.834656
0.61299133 -2.7841644 9.151489
0.5511017 -3.1293182 9.575195
0.57728577 -3.7529755 9.196716
0.6463165 -4.3385468 9.018188
0.5677643 -5.0740814 9.368103
0.3202057 -4.969345 8.8515625
0.22975159 -4.5932465 8.880127
0.2535553 -3.6577606 9.372864
0.37495422 -2.9650726 9.151489
0.43208313 -2.6175385 9.265747
0.5987091 -2.653244 9.406189
0.75819397 -2.974594 9.106262
0.75819397 -3.088852 9.665649
0.6653595 -3.4506683 9.534729
0.37257385 -4.6003876 9.551392
0.22975159 -4.7598724 9.779907
0.277359 -4.3433075 8.818237
0.36543274 -4.1885834 9.070557
0.55348206 -4.1647797 9.34906
0.74391174 -3.7958221 9.4776
0.9200592 -2.986496 9.299072
0.8438873 -1.389267 5.557129
0.8391266 -3.550644 11.919861
1.3913727 -3.7553558 9.489502
1.4984894 -3.0483856 9.853699
1.431839 -3.0745697 9.529968
Time Stop = 1457237427
