Time Start = 824
-5.0808563 -2.4271088 8.415955
-4.842819 -2.3533173 8.166016
-4.78331 -2.2223969 8.346924
-4.8975677 -2.229538 8.244568
-4.861862 -2.1819305 8.335022
-4.778549 -2.1033783 8.304077
-4.938034 -2.1819305 8.170776
-5.021347 -2.2414398 8.113647
-4.8523407 -2.274765 7.987488
-4.859482 -2.2462006 8.175537
-5.078476 -2.4104462 8.311218
-5.0808563 -2.3247528 8.32074
-4.866623 -2.3033295 8.275513
-4.8713837 -2.3057098 8.327881
-5.033249 -2.3104706 8.375488
-5.214157 -2.3628387 8.565918
-5.240341 -2.441391 8.5802
-4.942795 -2.4390106 8.470703
-5.028488 -2.4128265 8.351685
-5.116562 -2.3914032 7.756592
-5.137985 -3.0817108 9.084839
-6.180588 -0.613266 9.02533
-4.5500336 -1.8224945 8.83728
-2.6814423 -2.4461517 6.1069946
-3.9192352 -2.005783 7.861328
-6.894699 -1.1940765 8.501648
-5.990158 -1.5987396 6.5426025
-4.8118744 -2.4961395 6.609253
-4.4143524 -2.358078 6.5354614
-4.212021 -2.1628876 6.449768
-4.52623 -2.4175873 6.571167
-5.130844 -2.7579803 6.475952
-5.5759735 -3.2864227 7.2471924
-5.6973724 -3.0102997 7.7875366
-5.5902557 -2.8317719 8.251709
-5.535507 -2.8436737 8.244568
-5.785446 -2.9198456 8.254089
-5.9354095 -2.8508148 8.301697
-6.1734467 -2.8603363 8.468323
-6.1734467 -3.1388397 8.549255
-5.9853973 -3.5077972 8.70636
-5.87352 -3.5887299 8.908691
-5.9544525 -3.3173676 9.175293
-5.830673 -3.1483612 9.375244
-5.6140594 -3.2031097 9.356201
-5.335556 -3.3054657 9.175293
-5.2093964 -3.4578094 9.049133
-5.1475067 -3.5601654 8.922974
-5.221298 -3.5911102 8.751587
-5.3069916 -3.7196503 8.601624
-5.2998505 -3.7601166 8.461182
-5.3903046 -3.6958466 8.208862
-5.4093475 -3.5268402 8.185059
-5.5045624 -3.288803 8.361206
-5.718796 -3.1745453 8.146973
-5.74498 -3.3245087 7.9732056
-5.8449554 -3.3625946 7.880371
-5.8401947 -3.4387665 8.080322
-5.899704 -3.3887787 8.396912
-5.8639984 -3.4316254 8.546875
-5.8639984 -3.4054413 8.51593
-5.7997284 -3.0483856 8.544495
-5.611679 -2.8555756 8.235046
-5.6259613 -2.9174652 7.7494507
-5.630722 -3.1650238 7.290039
-5.5117035 -3.2864227 7.059143
-5.5378876 -3.5625458 7.23291
-5.5878754 -3.14122 7.4090576
-5.5307465 -3.005539 7.687561
-5.694992 -3.0079193 7.854187
-5.7759247 -3.2102509 7.906555
-5.468857 -3.134079 8.075562
-5.3784027 -2.986496 7.5042725
-5.990158 -2.6603851 7.211487
-6.490036 -2.6389618 7.4328613
-6.3019867 -3.1483612 8.201721
-6.111557 -3.0793304 7.8708496
-7.463608 -3.057907 8.670654
-7.304123 -3.1388397 9.384766
-6.463852 -3.391159 9.508545
-6.535263 -3.5363617 9.0824585
-6.623337 -3.3673553 8.235046
-6.349594 -3.5673065 7.2400513
-6.3019867 -3.5077972 6.499756
-6.425766 -3.6934662 6.4902344
-5.861618 -3.679184 6.8258667
-4.7023773 -3.78154 6.325989
-5.1855927 -3.3673553 6.65448
-5.6926117 -3.0412445 6.502136
-5.066574 -3.0031586 6.7544556
-4.707138 -2.7865448 7.1591187
-4.990402 -2.7317963 7.309082
-5.149887 -2.7794037 7.135315
-4.7476044 -3.2602386 7.109131
-4.8047333 -3.0817108 6.4021606
-6.1472626 -3.1388397 6.4402466
-7.6683197 -3.5363617 7.1376953
-7.511215 -3.5220795 8.230286
-6.8328094 -3.6172943 8.880127
-6.6138153 -3.7458344 9.122925
-6.83757 -3.8934174 8.358826
-6.8637543 -4.136215 7.468567
-6.475754 -4.198105 6.942505
-6.080612 -3.8101044 7.147217
-6.085373 -3.2530975 7.42334
-5.87352 -3.448288 7.4733276
-5.778305 -3.0079193 7.3376465
-5.694992 -3.5744476 7.0615234
-5.830673 -3.7125092 6.775879
-6.161545 -3.5292206 6.6592407
-5.74498 -3.6887054 6.7854004
-5.449814 -3.7720184 7.0377197
-5.5831146 -3.9838715 7.0043945
-5.706894 -3.8672333 7.340027
-5.468857 -3.2340546 7.7732544
-5.214157 -3.1745453 8.013672
-5.3117523 -3.3744965 7.7875366
-5.4426727 -3.4411469 7.778015
-5.4664764 -3.1459808 7.758972
-5.1713104 -2.865097 8.016052
-5.2427216 -2.6127777 8.173157
-5.2950897 -2.6937103 8.732544
-5.1189423 -2.8079681 8.908691
-4.8309174 -2.6675262 9.039612
-4.6714325 -2.5294647 8.634949
-4.571457 -2.6246796 8.277893
-4.711899 -2.8889008 7.7661133
-4.7880707 -3.0269623 7.687561
-4.680954 -2.7794037 7.989868
-4.540512 -2.4747162 8.51355
-4.4357758 -2.5389862 8.499268
-4.552414 -2.6651459 8.549255
-4.726181 -2.8103485 8.432617
-4.8690033 -3.1055145 8.096985
-4.9332733 -3.6482391 7.8589478
-5.0451508 -3.9338837 7.342407
-5.154648 -3.7315521 7.142456
-5.2808075 -3.3792572 7.0877075
-5.5426483 -3.384018 7.3257446
-6.0568085 -3.6172943 7.2995605
-6.38768 -3.3173676 7.3305054
-6.797104 -3.3126068 7.4066772
-6.6519012 -3.8196259 7.668518
-6.244858 -3.993393 6.9924927
-7.344589 -4.174301 7.899414
-7.432663 -3.6720428 8.458801
-7.3921967 -3.8791351 8.806335
-7.4160004 -4.1909637 8.623047
-7.5707245 -4.0219574 8.016052
-7.5969086 -3.8577118 7.328125
-7.2112885 -4.005295 6.6640015
-6.83757 -3.743454 6.2402954
-6.5495453 -3.6458588 6.378357
-6.728073 -3.531601 6.1688843
-6.482895 -3.7410736 6.544983
-5.899704 -3.7529755 6.6116333
-5.835434 -3.7934418 6.9282227
-5.868759 -3.917221 7.1138916
-5.5616913 -3.9338837 7.380493
-5.252243 -4.0671844 7.4971313
-5.187973 -4.088608 7.649475
-5.2689056 -4.0219574 7.7613525
-5.0189667 -3.7220306 7.673279
-4.797592 -3.4720917 7.6470947
-4.8523407 -3.0983734 7.6637573
-4.8309174 -3.2221527 7.9589233
-4.828537 -3.198349 7.758972
-4.540512 -3.0031586 7.6399536
-4.4929047 -2.781784 7.635193
-4.623825 -2.4961395 7.804199
-4.688095 -2.2533417 7.8708496
-4.695236 -2.3247528 7.923218
-4.7499847 -2.62706 7.918457
-4.8523407 -2.8865204 7.9160767
-4.9213715 -2.9793549 8.235046
-4.9094696 -2.7984467 8.418335
-4.9737396 -2.7079926 8.711121
-5.1594086 -2.8151093 8.751587
-5.4022064 -2.7579803 8.38501
-5.9425507 -2.403305 7.975586
-6.9304047 -2.8984222 7.5756836
-7.613571 -3.8624725 8.484985
-7.2684174 -4.243332 8.861084
-7.087509 -4.5099335 9.322876
-7.151779 -4.076706 9.363342
-6.925644 -3.7910614 8.739685
-6.394821 -3.7743988 7.7280273
-6.149643 -3.7315521 6.8306274
-6.501938 -3.7720184 6.6259155
-6.1401215 -3.948166 6.8258667
-5.3307953 -4.069565 7.194824
-5.021347 -3.4387665 7.347168
-5.1974945 -3.2745209 7.5994873
-5.2808075 -3.4768524 7.4400024
-5.3903046 -3.4173431 7.3186035
-5.161789 -3.3316498 7.135315
-5.0356293 -3.391159 7.063904
-5.090378 -3.3625946 7.044861
-5.199875 -3.4125824 7.2733765
-5.135605 -3.2769012 7.649475
-4.9713593 -3.1126556 7.989868
-4.9285126 -2.986496 7.899414
-4.8047333 -3.057907 7.854187
-4.7618866 -3.0364838 7.585205
-4.9665985 -3.0364838 7.6185303
-5.285568 -2.9579315 7.589966
-5.4141083 -3.0388641 7.6209106
-5.445053 -3.0269623 7.5614014
-5.4998016 -2.9127045 7.604248
-5.5450287 -2.8412933 7.6375732
-5.5616913 -2.960312 7.6661377
-5.516464 -3.0721893 7.8065796
-5.6021576 -2.9698334 7.904175
-5.635483 -3.0912323 8.092224
-5.718796 -3.153122 8.075562
-5.9020844 -3.1507416 7.9541626
-6.0520477 -2.9008026 7.944641
-6.054428 -2.9365082 8.023193
-5.8901825 -3.519699 7.789917
-5.9544525 -3.743454 7.547119
-6.2424774 -3.5887299 7.5542603
-6.328171 -3.403061 7.399536
-6.1663055 -3.3221283 7.4923706
-6.0425262 -3.3554535 7.4471436
-5.9092255 -3.486374 7.392395
-5.8259125 -3.6482391 7.3757324
-5.8973236 -4.0410004 7.1210327
-6.4424286 -3.3578339 7.2852783
-6.6399994 -3.3697357 6.897278
-6.7423553 -4.2742767 8.06842
-6.5328827 -4.1005096 8.2421875
-6.778061 -3.6077728 8.542114
-6.7828217 -3.0864716 8.699219
-6.4495697 -3.14122 8.25647
-5.9877777 -3.2102509 7.7661133
-5.766403 -3.0483856 7.3067017
-5.668808 -2.8674774 6.4592896
-5.8140106 -3.5292206 6.2974243
-5.42601 -3.8481903 6.018921
-5.2950897 -3.9029388 6.821106
-5.154648 -3.4316254 6.897278
-5.226059 -2.698471 7.5161743
-5.073715 -2.8817596 7.9470215
-4.676193 -3.095993 7.7946777
-4.688095 -3.031723 7.668518
-5.026108 -2.812729 7.4590454
-5.192734 -2.827011 7.0353394
-5.142746 -3.1626434 6.661621
-5.42601 -3.4197235 6.649719
-6.092514 -3.6649017 6.7092285
-6.3257904 -3.8577118 7.2686157
-6.606674 -4.198105 7.839905
-7.0756073 -3.8957977 8.696838
-7.189865 -3.3102264 9.449036
-6.9351654 -3.1888275 9.420471
-6.297226 -3.4149628 9.177673
-5.6711884 -3.5744476 8.411194
-5.911606 -3.7553558 7.6589966
-6.5685883 -3.8696136 6.930603
-6.4876556 -3.6696625 7.2210083
-6.0425262 -3.1745453 7.74469
-5.516464 -3.3102264 7.9851074
-5.278427 -3.7267914 7.4804688
-5.430771 -3.4625702 7.347168
-5.611679 -3.191208 7.3376465
-5.4879 -3.4078217 7.2233887
-5.245102 -3.5982513 7.1138916
-5.1260834 -3.455429 7.342407
-5.0046844 -3.3578339 7.378113
-4.9785004 -3.5173187 7.2662354
-4.842819 -3.6315765 7.397156
-4.6857147 -3.2840424 7.6280518
-4.6976166 -3.0198212 7.816101
-4.6595306 -2.69133 8.006531
-4.39769 -2.5865936 8.092224
-4.188217 -2.5842133 7.8375244
-4.3381805 -2.6889496 7.6851807
-4.6666718 -2.6960907 7.7018433
-4.949936 -2.6556244 7.8256226
-5.173691 -2.5675507 8.025574
-5.4283905 -2.3461761 8.06842
-5.892563 -2.274765 7.656616
-6.9922943 -3.1840668 8.696838
-7.246994 -3.660141 8.166016
-7.901596 -4.1695404 9.487122
-7.7754364 -4.071945 9.884644
-7.7516327 -3.6887054 9.508545
-7.6207123 -3.641098 8.949158
-7.0898895 -3.4816132 7.8946533
-6.6090546 -3.5006561 6.7615967
-6.5495453 -3.705368 5.776123
-6.6542816 -3.929123 5.614258
-6.2496185 -4.61705 6.859192
-5.071335 -4.602768 7.2233887
-4.8309174 -4.628952 7.609009
-5.323654 -4.0624237 7.7494507
-5.3522186 -3.172165 7.789917
-4.623825 -2.8079681 7.2471924
-4.2144012 -3.2697601 6.52594
-4.1905975 -3.8838959 6.1141357
-4.585739 -4.200485 5.795166
-4.7690277 -4.217148 6.378357
-4.673813 -3.6529999 7.097229
-4.2215424 -3.2649994 7.609009
-4.1120453 -2.6960907 7.6447144
-4.507187 -2.4247284 7.7542114
-4.904709 -3.1102753 7.544739
-5.066574 -4.0481415 7.437622
-5.1141815 -4.7146454 7.87323
-5.347458 -5.538254 8.694458
-5.207016 -5.4263763 9.527588
-5.111801 -4.5170746 10.110779
-5.6664276 -3.8124847 9.634705
-6.0948944 -2.5009003 9.468079
-6.3662567 -1.5059052 9.182434
-5.9663544 -2.4580536 8.227905
-5.7925873 -3.384018 8.06366
-5.7616425 -3.7148895 8.349304
-5.7568817 -1.5035248 8.008911
-6.0687103 -3.2602386 7.5566406
-5.9806366 -4.0933685 6.6068726
-6.2377167 -2.8174896 7.475708
-6.0258636 -2.7841644 7.7232666
-5.952072 -3.5720673 7.3257446
-6.463852 -4.533737 7.1519775
-6.342453 -4.2409515 7.1186523
-5.975876 -3.7148895 7.463806
-5.6021576 -3.7791595 7.48999
-5.321274 -4.012436 7.8065796
-5.4593353 -3.6910858 7.763733
-5.5236053 -3.5054169 7.482849
-5.29747 -3.5101776 7.213867
-5.4855194 -3.4768524 6.9544067
-5.847336 -3.7648773 7.347168
-5.29747 -4.2790375 8.175537
-4.4143524 -4.3242645 9.0896
-4.2929535 -3.97435 9.520447
-4.40007 -3.5292206 9.344299
-4.347702 -3.5720673 8.858704
-4.2144012 -3.800583 8.035095
-4.3834076 -3.8696136 7.547119
-4.481003 -3.7672577 7.3114624
-4.4667206 -3.4340057 7.1829224
-4.507187 -3.3887787 7.316223
-4.6785736 -3.391159 7.4542847
-4.8832855 -3.4459076 7.385254
-5.29747 -3.3102264 7.192444
-5.516464 -3.4197235 7.135315
-5.7997284 -3.5530243 6.918701
-6.016342 -3.7529755 7.173401
-5.9544525 -3.9315033 7.449524
-5.847336 -4.224289 7.630432
-5.983017 -4.193344 7.8898926
-6.0068207 -4.012436 7.9208374
-5.861618 -3.8315277 7.737549
-5.6092987 -3.9957733 7.3067017
-5.578354 -4.0671844 7.1138916
-5.7116547 -4.005295 7.2662354
-5.802109 -3.7934418 7.6589966
-5.675949 -3.7410736 7.887512
-5.5069427 -3.8196259 8.144592
-5.495041 -3.7767792 8.035095
-5.214157 -3.743454 8.19696
-5.1665497 -3.7767792 8.123169
-5.2474823 -3.705368 8.00415
-5.090378 -3.5720673 7.9136963
-4.759506 -3.6887054 8.018433
-4.816635 -3.6958466 8.044617
-5.245102 -3.4268646 8.023193
-5.3760223 -3.3411713 7.8518066
-5.29747 -3.5934906 7.5566406
-5.29747 -3.7482147 7.154358
-5.154648 -3.614914 7.161499
-5.3712616 -3.3316498 7.3376465
-5.785446 -3.224533 7.3638306
-5.913986 -3.6768036 7.456665
-5.7949677 -4.0433807 7.8946533
-5.6545258 -3.9148407 8.201721
-5.6259613 -3.6815643 8.382629
-5.4617157 -3.7743988 8.354065
-5.604538 -3.7791595 8.006531
-5.5950165 -3.807724 7.8446655
-5.2117767 -3.9838715 7.592346
-5.090378 -3.9648285 7.7423096
-5.347458 -3.6291962 8.054138
-5.578354 -3.3292694 8.346924
-5.456955 -3.3316498 8.394531
-5.192734 -3.5411224 8.3897705
-5.021347 -3.5411224 8.463562
-5.259384 -3.300705 8.237427
-5.29747 -3.326889 7.820862
-5.0165863 -3.5435028 7.528076
-4.9475555 -3.4697113 7.2233887
-5.1332245 -3.2649994 7.385254
-5.290329 -3.2745209 7.635193
-5.2046356 -3.2697601 7.823242
-5.2998505 -3.288803 8.142212
-5.3331757 -3.3435516 8.058899
-5.5045624 -3.4054413 7.782776
-5.5378876 -3.3340302 7.449524
-5.342697 -3.372116 7.442383
-5.2689056 -3.3411713 7.392395
-5.278427 -3.6006317 7.570923
-5.5045624 -3.5982513 7.751831
-5.597397 -3.5744476 8.082703
-5.5688324 -3.576828 8.246948
-5.5259857 -3.6101532 8.154114
-5.566452 -3.6268158 8.085083
-5.687851 -3.5982513 7.8446655
-5.733078 -3.6696625 7.775635
-5.6592865 -3.6839447 7.578064
-5.61644 -3.7934418 7.320984
-5.4402924 -4.045761 7.1519775
-5.55455 -4.276657 7.154358
-5.8401947 -4.3623505 7.3186035
-6.092514 -4.193344 7.706604
-5.7949677 -4.012436 7.880371
-5.6069183 -3.9838715 7.7803955
-5.7164154 -4.0148163 7.513794
-5.994919 -3.7791595 7.35907
-5.7306976 -3.5934906 7.211487
-5.464096 -3.6077728 7.2210083
-5.5831146 -3.5411224 7.3638306
-5.6331024 -3.7386932 7.7803955
-5.5236053 -4.000534 7.8708496
-5.3760223 -4.371872 8.170776
-5.3307953 -4.2861786 8.156494
-5.180832 -3.7363129 8.375488
-5.271286 -3.2697601 8.106506
-4.9737396 -3.3411713 7.842285
-4.9927826 -3.0626678 7.718506
-5.335556 -2.7484589 7.6018677
-5.380783 -3.153122 7.2043457
-5.687851 -3.3245087 7.128174
-5.74736 -4.110031 7.2091064
-5.4617157 -4.1076508 7.842285
-5.5117035 -3.6529999 8.38501
-6.4352875 -4.590866 8.077942
-6.432907 -3.7767792 8.156494
-5.823532 -3.4768524 8.246948
-5.718796 -3.8101044 7.668518
-6.2162933 -4.024338 7.225769
-6.4305267 -3.9648285 7.1710205
-6.080612 -3.8600922 7.0615234
-5.74736 -3.9457855 7.237671
-5.7045135 -3.993393 7.0281982
-5.547409 -3.6958466 7.0567627
-5.475998 -3.8029633 7.1972046
-5.3260345 -3.6387177 7.270996
-5.180832 -3.5077972 7.3305054
-5.073715 -3.6529999 7.3186035
-5.066574 -3.7458344 7.3757324
-5.078476 -3.5625458 7.4400024
-4.840439 -3.6315765 7.566162
-4.9213715 -3.8315277 7.661377
-5.240341 -3.6482391 7.758972
-5.240341 -3.3602142 7.9851074
-5.214157 -3.2769012 8.035095
-5.2355804 -3.4078217 7.756592
-5.1855927 -3.4720917 7.842285
-5.411728 -3.1697845 8.080322
-5.309372 -3.2150116 8.00415
-5.066574 -3.7077484 7.797058
-5.0380096 -3.8743744 7.6828003
-5.373642 -3.7743988 7.6447144
-5.635483 -3.5601654 7.6137695
-5.566452 -3.8315277 7.6661377
-5.566452 -3.7315521 7.770874
-5.7997284 -3.660141 7.9160767
-5.8830414 -3.5934906 7.951782
-5.604538 -3.6625214 7.944641
-5.373642 -3.8410492 8.020813
-5.42601 -4.140976 7.9970093
-5.759262 -4.469467 7.989868
-5.949692 -4.198105 8.206482
-5.6664276 -3.807724 8.054138
-5.702133 -3.1174164 8.054138
-6.054428 -2.8436737 8.239807
-6.168686 -3.057907 8.487366
-6.0258636 -3.7482147 8.937256
-5.80925 -4.2076263 8.575439
-5.237961 -3.6196747 8.630188
-5.3188934 -4.090988 8.520691
-5.3760223 -4.133835 7.313843
-5.6735687 -3.107895 7.2876587
-5.5640717 -3.436386 6.6782837
-5.668808 -3.4697113 6.385498
-5.7878265 -4.16716 6.84729
-5.823532 -4.1504974 6.9282227
-5.68309 -3.7863007 7.187683
-5.55455 -3.8124847 7.0996094
-5.3831635 -4.090988 7.4733276
-5.142746 -3.550644 7.861328
-5.304611 -3.2959442 8.246948
-5.4331512 -3.236435 8.358826
-5.5569305 -2.9317474 7.7232666
-5.4093475 -2.7270355 7.418579
-5.5307465 -3.5625458 7.4471436
-5.437912 -2.8889008 7.839905
-5.585495 -2.6365814 8.853943
Time Stop = 829
