Time Start = 1457238235
-0.5557709 -1.9629364 9.594238
-0.4296112 -1.0583954 10.077454
0.20832825 -0.9179535 10.086975
0.37257385 -1.7844086 9.910828
0.17738342 -2.3890228 9.629944
0.12501526 -2.2914276 9.4609375
0.28211975 -1.9938812 9.553772
0.3678131 -1.7391815 9.803711
0.2368927 -1.5701752 9.946533
0.1869049 -1.5582733 9.984619
0.14405823 -1.7320404 9.848938
-0.060653687 -2.0200653 9.701355
0.05836487 -1.9058075 9.706116
0.08454895 -1.8891449 9.725159
-0.017807007 -1.832016 9.789429
-0.008285522 -1.6796722 9.7751465
0.075027466 -1.8296356 9.772766
0.01789856 -1.7248993 9.737061
0.07740784 -1.5773163 9.848938
-0.039230347 -1.453537 9.739441
-0.032089233 -1.5320892 9.834656
-0.0035247803 -1.6368256 9.829895
-0.008285522 -1.6939545 9.791809
0.032180786 -1.7153778 9.729919
0.075027466 -1.6939545 9.682312
0.053604126 -1.6582489 9.887024
0.10597229 -1.6606293 9.939392
0.09883118 -1.6725311 9.784668
0.30116272 -1.9462738 9.844177
0.12501526 -1.6915741 9.679932
0.20832825 -1.6725311 9.372864
0.010757446 -1.8820038 10.139343
-0.0059051514 -1.5297089 10.843933
0.72010803 -1.2940521 9.353821
-0.332016 -1.222641 9.67041
-0.055892944 -1.3726044 10.210754
0.1631012 -1.9081879 10.129822
-0.008285522 -1.8034515 9.763245
0.0012359619 -1.8224945 9.270508
-0.051132202 -1.7725067 9.579956
-0.09635925 -1.8177338 10.291687
0.08454895 -1.351181 9.872742
0.055984497 -1.453537 9.689453
-0.09159851 -1.3845062 10.167908
-0.015426636 -1.2012177 9.825134
0.16786194 -1.2535858 9.934631
0.27497864 -1.4202118 10.210754
0.2702179 -1.4440155 10.077454
0.39161682 -1.6606293 9.684692
0.23451233 -2.0343475 9.810852
0.13215637 -2.0105438 9.779907
0.13691711 -1.812973 9.708496
0.12739563 -1.684433 9.841797
0.051223755 -1.7153778 9.837036
-0.04637146 -1.6296844 9.875122
-0.08683777 -1.3987885 9.9227295
-0.07017517 -1.2107391 9.901306
-0.032089233 -1.0488739 9.977478
-0.3058319 -1.120285 10.127441
-0.13444519 -1.4011688 9.4776
0.2035675 -1.2321625 9.3776245
-0.12730408 -1.5439911 9.506165
-0.37724304 -1.9534149 9.272888
-0.4129486 -1.7320404 9.299072
0.04408264 -1.79393 9.137207
-0.14396667 -2.9365082 9.491882
0.17024231 -3.3554535 9.106262
0.54634094 -3.115036 8.944397
0.36543274 -2.7008514 8.756348
0.16072083 -2.1938324 9.022949
0.11073303 -2.8317719 8.687317
-0.41532898 -2.4889984 8.5802
-0.7438202 -1.7153778 9.92511
-0.8842621 -0.11576843 12.112671
-0.8509369 1.0053864 12.007935
-0.62480164 0.5150299 11.153381
0.094070435 -1.0393524 10.44165
0.86769104 -1.8986664 9.834656
1.1723785 -1.9391327 9.689453
1.0081329 -1.3773651 9.613281
0.51301575 -1.2202606 9.713257
-0.1582489 -1.0964813 9.632324
-0.06303406 -2.6175385 9.527588
-0.23442078 -2.524704 9.239563
-0.13206482 -2.6127777 9.008667
0.22737122 -3.0864716 8.499268
0.3844757 -2.903183 8.980103
0.22737122 -1.9081879 9.846558
-0.877121 -0.25621033 10.275024
-0.6509857 0.32460022 11.001038
0.072647095 -0.17527771 10.546387
-0.22489929 -0.69895935 9.813232
-0.027328491 -1.4130707 9.751343
0.15596008 -0.9893646 9.563293
0.19642639 -1.9272308 10.05603
-0.5295868 -2.089096 9.715637
0.029800415 -1.8796234 9.429993
0.8486481 -1.8724823 9.625183
0.5011139 -1.5463715 10.151245
0.10359192 -1.8486786 10.11792
0.15357971 -1.7772675 9.889404
0.56300354 -1.453537 9.86084
0.25117493 -1.4249725 9.848938
0.36305237 -1.6725311 9.903687
0.10121155 -0.9417572 10.025085
0.117874146 -0.5228119 10.194092
-0.06303406 -0.58470154 10.463074
-0.396286 -0.6561127 10.1536255
-0.4867401 -1.1036224 9.801331
-0.3486786 -2.0081635 9.344299
-0.098739624 -2.2890472 9.970337
-0.032089233 -2.4889984 9.09436
-0.122543335 -3.2745209 8.846802
0.20118713 -3.3554535 8.730164
0.62727356 -3.2507172 8.889648
0.46302795 -2.5032806 9.441895
0.18452454 -1.3416595 9.856079
-0.11302185 -0.38475037 10.355957
-0.22251892 0.09370422 10.477356
-0.21299744 0.18177795 10.370239
-0.18205261 -0.30619812 10.496399
-0.11540222 -0.4728241 9.689453
-0.16300964 -1.3845062 10.210754
-0.1915741 -2.5175629 9.594238
0.23451233 -2.8722382 9.420471
0.277359 -2.2723846 9.532349
0.029800415 -1.8701019 9.744202
-0.120162964 -1.7963104 9.901306
0.05836487 -1.5416107 9.901306
0.2202301 -1.286911 9.920349
0.13215637 -1.3368988 9.8394165
0.21784973 -1.7582245 9.741821
0.25593567 -2.005783 9.656128
0.25831604 -1.9177094 9.587097
0.1131134 -1.5677948 9.782288
-0.101119995 -1.1940765 9.867981
-0.16539001 -0.8584442 10.101257
-0.10588074 -0.5966034 9.777527
-0.11778259 -1.0084076 9.946533
-0.017807007 -1.2750092 9.982239
0.034561157 -1.3440399 9.751343
0.032180786 -1.4940033 9.808472
-0.11064148 -1.305954 9.634705
-0.34391785 -1.6225433 9.803711
0.572525 -2.6437225 9.518066
0.3202057 -2.0962372 9.503784
0.048843384 -1.6796722 9.627563
-0.28678894 -1.4416351 10.11554
0.23927307 -1.7391815 9.9227295
0.13453674 -1.4487762 9.877502
0.07026672 -1.5130463 9.7751465
0.10597229 -1.563034 9.910828
0.20118713 -1.5987396 9.882263
0.12263489 -1.5606537 9.641846
0.055984497 -1.4773407 9.884644
-0.04875183 -1.2297821 9.889404
-0.020187378 -1.1702728 10.167908
0.03694153 -1.1607513 10.132202
0.008377075 -1.3773651 8.687317
-0.20109558 -1.934372 10.660645
0.2940216 -1.3940277 9.637085
0.28450012 -1.4463959 9.518066
-0.19395447 -1.5963593 9.782288
-0.10826111 -1.5749359 9.770386
0.14881897 -1.6154022 9.727539
0.13215637 -1.6939545 9.777527
0.022659302 -1.5963593 9.822754
-0.029708862 -1.5106659 9.765625
0.048843384 -1.47258 9.917969
0.055984497 -1.4511566 10.065552
0.005996704 -1.3916473 9.958435
-0.060653687 -1.3868866 10.229797
0.17024231 -1.2559662 9.810852
0.28926086 -1.3416595 9.770386
0.06074524 -1.5892181 9.813232
-0.120162964 -1.582077 9.898926
0.005996704 -1.5463715 9.820374
0.10121155 -1.6177826 9.772766
0.11073303 -1.7701263 9.770386
0.06312561 -1.8677216 9.825134
0.04170227 -1.8367767 9.708496
0.06074524 -1.8248749 9.848938
0.13929749 -1.9058075 9.725159
0.13215637 -1.8248749 9.660889
0.10359192 -1.786789 9.653748
-0.008285522 -1.5535126 9.551392
-0.053512573 -1.5082855 9.658508
-0.22489929 -1.7106171 9.565674
-0.1582489 -1.8272552 9.6918335
-0.010665894 -1.9010468 9.763245
0.005996704 -1.9748383 9.815613
0.0393219 -1.8915253 9.846558
0.096450806 -1.7320404 9.770386
0.12501526 -1.7058563 9.996521
0.046463013 -1.5796967 9.79657
0.055984497 -1.4868622 10.0060425
-0.022567749 -1.5416107 10.325012
0.003616333 -1.4844818 10.210754
0.010757446 -1.4083099 10.494019
-0.3391571 -0.8417816 8.870605
0.8557892 -2.5580292 10.31073
0.24641418 -1.6701508 9.506165
0.055984497 -1.896286 9.679932
0.26307678 -2.1581268 9.463318
0.76057434 -2.172409 9.263367
0.6629791 -1.5392303 9.560913
-0.077316284 -1.222641 9.634705
-1.2722626 -1.53685 10.513062
-1.1246796 -1.7177582 9.832275
-0.27726746 -2.4128265 9.594238
0.4273224 -2.5199432 8.996765
-0.16300964 -2.0914764 9.275269
-0.3486786 -2.3890228 9.537109
0.45350647 -2.8746185 9.161011
0.62727356 -2.5104218 9.344299
0.24641418 -1.9177094 9.658508
0.02027893 -1.4701996 9.537109
0.010757446 -1.3797455 9.370483
-0.18919373 -1.415451 9.363342
-0.22489929 -1.2535858 10.175049
-0.40104675 -0.92985535 11.791321
-1.1818085 -0.2657318 10.4487915
-0.16062927 -1.0845795 10.253601
0.7224884 -1.5892181 10.24408
0.4582672 -1.6177826 9.665649
0.3106842 -2.0533905 9.465698
0.43684387 -2.0414886 9.910828
0.43208313 -1.7534637 9.837036
-0.09635925 -1.4463959 9.534729
-0.39866638 -1.9248505 9.334778
-0.06303406 -2.2414398 9.529968
0.27259827 -2.2985687 9.387146
0.25117493 -2.1343231 9.510925
0.22737122 -1.7106171 9.701355
-0.30345154 -0.92985535 9.729919
-0.07493591 -1.2154999 9.875122
0.22261047 -1.2773895 9.841797
0.08930969 -1.203598 10.032227
-0.027328491 -1.1607513 10.429749
-0.122543335 -0.75608826 9.977478
-0.18205261 -1.4654388 9.658508
-0.26774597 -2.1176605 10.253601
0.19166565 -2.1033783 9.682312
0.4915924 -2.210495 9.587097
0.129776 -1.9510345 9.579956
0.094070435 -1.8296356 9.806091
0.19166565 -1.6701508 9.86322
0.19404602 -1.5320892 9.848938
0.129776 -1.4892426 9.898926
0.08692932 -1.3916473 9.810852
0.003616333 -1.4511566 9.7751465
0.072647095 -1.6296844 9.870361
0.06074524 -1.4678192 9.908447
0.008377075 -1.4059296 9.908447
-0.08207703 -1.4083099 9.960815
-0.08207703 -1.3964081 10.158386
-0.029708862 -1.324997 10.013184
0.03694153 -1.3559418 10.017944
0.029800415 -1.4463959 9.8394165
-0.14634705 -1.8272552 10.05127
0.17262268 -2.0391083 9.163391
0.50587463 -2.2961884 9.341919
0.21070862 -2.236679 9.406189
-0.34629822 -1.9415131 9.468079
-0.051132202 -1.9843597 9.675171
0.28926086 -1.7463226 9.501404
0.06312561 -1.7891693 9.60376
-0.0035247803 -1.7606049 9.637085
0.07026672 -1.7748871 9.806091
-0.06541443 -1.6534882 9.637085
-0.18205261 -1.8224945 10.084595
-0.103500366 -1.6868134 10.106018
-0.24394226 -1.9272308 9.779907
-0.08921814 -2.0010223 9.741821
0.42018127 -1.6058807 10.025085
0.42970276 -1.0655365 10.082214
0.005996704 -1.0417328 10.122681
-0.11540222 -1.2250214 10.036987
-0.0011444092 -1.3535614 9.913208
0.13453674 -1.3845062 9.879883
0.04170227 -1.6534882 9.639465
0.10359192 -2.1676483 9.744202
0.30830383 -1.9200897 9.515686
0.15596008 -2.2723846 9.099121
-0.120162964 -2.3937836 8.920593
-0.13682556 -2.6103973 9.3966675
-0.017807007 -2.5604095 9.610901
0.14405823 -2.0391083 9.60614
0.24165344 -1.6392059 9.879883
0.16548157 -1.4511566 9.92511
0.1797638 -1.5059052 9.932251
-0.14396667 -0.7751312 9.553772
0.08930969 -2.0724335 10.129822
0.3106842 -1.4202118 9.758484
0.055984497 -1.3773651 9.889404
-0.16539001 -1.4868622 9.817993
0.09169006 -1.3178558 9.920349
0.14881897 -1.1321869 10.156006
-0.16062927 -1.267868 9.98938
-0.13682556 -1.5773163 9.917969
0.129776 -1.8891449 9.720398
0.28450012 -1.998642 9.687073
0.24403381 -2.0319672 9.703735
0.16548157 -1.9319916 9.7751465
0.24165344 -1.767746 9.884644
0.19642639 -1.4035492 9.877502
0.046463013 -1.0536346 10.022705
-0.16062927 -0.85606384 10.072693
-0.2582245 -1.010788 10.048889
-0.18443298 -1.3987885 9.851318
-0.098739624 -1.8701019 9.587097
0.08454895 -2.4247284 9.456177
0.16072083 -2.7794037 9.558533
0.18452454 -2.6389618 9.618042
0.21308899 -2.2414398 9.929871
0.15119934 -1.8010712 9.810852
-0.022567749 -1.5582733 9.791809
-0.04637146 -1.4083099 9.996521
0.022659302 -1.2583466 9.853699
0.013137817 -1.3868866 9.92749
0.003616333 -1.5392303 9.86084
-0.020187378 -1.6701508 9.713257
-0.020187378 -1.8605804 9.698975
0.04408264 -1.9462738 9.701355
0.115493774 -2.1152802 9.808472
0.08454895 -1.9938812 9.706116
0.16786194 -1.7963104 9.7751465
0.08454895 -1.6392059 9.884644
0.08930969 -1.53685 9.870361
0.14405823 -1.4868622 9.9227295
0.25117493 -1.4868622 9.803711
0.13691711 -1.5844574 10.036987
-0.015426636 -1.7010956 10.132202
0.04408264 -1.620163 9.708496
0.046463013 -1.7225189 9.584717
-0.032089233 -1.9867401 9.698975
0.06550598 -2.081955 9.689453
0.13929749 -2.0105438 9.784668
0.08692932 -1.79393 9.629944
0.0393219 -1.7153778 9.6918335
0.06788635 -1.6868134 9.934631
0.027420044 -1.5796967 9.837036
0.05836487 -1.5535126 9.882263
0.055984497 -1.5511322 9.858459
0.003616333 -1.5796967 9.772766
0.02027893 -1.7629852 9.713257
0.10597229 -1.9462738 9.834656
0.15834045 -1.9938812 10.151245
0.23927307 -1.851059 9.684692
0.2202301 -1.896286 9.622803
0.14167786 -1.9081879 9.763245
0.053604126 -1.748703 9.751343
-0.0011444092 -1.6392059 9.858459
-0.08683777 -1.5535126 9.844177
-0.08207703 -1.6249237 9.865601
-0.077316284 -1.6558685 9.894165
-0.039230347 -1.582077 9.768005
0.08454895 -1.6891937 9.753723
0.13215637 -1.7653656 9.817993
0.13215637 -1.8582001 9.829895
0.1131134 -1.8558197 9.772766
0.15834045 -1.896286 9.741821
0.19642639 -1.9034271 9.710876
0.20594788 -1.9391327 9.741821
0.15596008 -1.8367767 9.801331
0.1464386 -1.6963348 9.713257
0.06550598 -1.620163 9.770386
0.075027466 -1.6273041 9.86322
0.09883118 -1.5654144 9.975098
0.14167786 -1.5225677 9.934631
0.005996704 -1.5130463 9.86322
0.051223755 -1.6415863 9.901306
0.048843384 -1.7439423 9.791809
0.06550598 -1.8820038 9.722778
0.08454895 -1.9510345 9.67041
0.117874146 -1.851059 9.698975
0.1131134 -1.8415375 9.703735
0.10121155 -1.8224945 9.772766
0.129776 -1.6796722 9.763245
0.117874146 -1.555893 9.820374
0.013137817 -1.5416107 9.887024
0.013137817 -1.6082611 9.898926
0.10121155 -1.6058807 9.867981
0.1464386 -1.7153778 9.820374
0.08692932 -1.7725067 9.627563
0.19404602 -1.896286 9.591858
0.1631012 -1.915329 9.829895
0.07026672 -1.72966 9.827515
0.11073303 -1.6130219 9.727539
0.07978821 -1.7082367 9.841797
0.053604126 -1.7725067 9.906067
0.12501526 -1.8748627 10.091736
0.28450012 -1.7177582 9.934631
0.22975159 -1.8605804 10.18219
0.003616333 -1.3464203 10.106018
0.029800415 -1.2297821 10.063171
0.14405823 -1.2988129 9.332397
-0.24394226 -1.7844086 9.199097
-0.50816345 -1.2083588 9.841797
0.13215637 -2.0914764 9.068176
0.10121155 -3.1102753 9.080078
0.14881897 -3.1245575 9.141968
0.3035431 -2.4128265 9.206238
0.24403381 -2.0510101 9.582336
0.11073303 -1.8296356 9.784668
0.13215637 -1.241684 9.644226
-0.07255554 -0.7299042 10.517822
-0.2320404 -0.28953552 10.477356
-0.09635925 -0.19194031 10.139343
0.11073303 -1.139328 10.820129
-0.24632263 -2.312851 9.615662
0.2868805 -3.4435272 9.056274
0.99147034 -2.903183 9.191956
0.58680725 -1.9010468 9.175293
-0.44151306 -1.5939789 10.379761
-0.27012634 -0.65849304 9.715637
0.032180786 -1.5273285 10.096497
-0.051132202 -1.7820282 9.687073
0.1464386 -1.9177094 9.60614
0.19880676 -1.8177338 9.546631
0.27259827 -1.7129974 9.908447
0.11073303 -1.6106415 9.79895
0.022659302 -1.3416595 9.946533
-0.020187378 -1.2345428 10.041748
-0.041610718 -0.8513031 9.429993
-0.09159851 -1.3035736 10.208374
-0.0035247803 -1.9224701 10.044128
-0.25584412 -2.7079926 9.727539
0.36305237 -2.653244 9.568054
0.9533844 -2.8436737 9.013428
0.591568 -2.9341278 9.456177
0.3106842 -2.7079926 9.420471
0.094070435 -1.7582245 9.453796
-0.21061707 -0.8084564 9.851318
-0.124923706 0.457901 10.958191
0.3202057 0.8101959 9.746582
-0.60575867 -0.8013153 10.765381
-0.82951355 -1.6415863 9.86322
0.034561157 -2.8603363 9.372864
0.12501526 -4.0933685 9.215759
0.008377075 -2.255722 9.687073
0.12025452 -2.0105438 10.160767
0.30592346 -2.5937347 9.501404
0.6177521 -2.4247284 9.958435
0.3440094 -1.3202362 10.370239
0.3273468 -0.2919159 10.677307
0.66773987 -0.47758484 9.848938
0.31782532 -0.13719177 10.317871
-0.6843109 -0.3895111 10.539246
-0.27964783 -1.1702728 10.196472
0.3368683 -1.877243 9.9869995
0.09883118 -2.2866669 9.572815
0.2202301 -2.8793793 9.54187
0.13215637 -2.7008514 8.83728
0.5415802 -2.710373 8.994385
-0.3796234 -1.8367767 9.489502
-0.71287537 -1.6082611 9.67041
-0.7842865 -1.6368256 9.470459
-0.54148865 -1.517807 9.468079
-0.30821228 -0.991745 10.082214
0.22499084 -1.5701752 10.232178
0.048843384 -1.7368011 9.737061
0.40827942 -1.8748627 9.86322
0.7462921 -1.8462982 9.632324
0.43208313 -1.8105927 9.875122
0.2202301 -1.5701752 9.870361
0.2035675 -1.2797699 9.975098
-0.020187378 -1.2916718 9.687073
-0.52482605 -1.6035004 10.1203
-0.34153748 -1.4130707 10.741577
-0.08921814 -2.49852 9.789429
0.66773987 -2.6318207 9.565674
0.6463165 -2.0605316 9.665649
1.4580231 -3.1626434 10.386902
0.4511261 -1.5535126 9.546631
-0.0844574 -1.2012177 10.041748
-0.3486786 -1.3773651 9.753723
-0.036849976 -1.6177826 9.403809
-0.30107117 -1.1488495 9.513306
-0.053512573 -0.3895111 9.92511
-0.50102234 -1.6320648 9.565674
-0.66526794 -2.6365814 9.180054
-0.013046265 -3.2649994 9.141968
0.28211975 -3.3221283 8.894409
0.19404602 -2.8746185 9.327637
0.16548157 -1.9486542 9.687073
0.2535553 -1.389267 9.791809
0.096450806 -1.1655121 9.979858
-0.15110779 -1.1369476 9.937012
-0.1915741 -1.1131439 9.813232
0.08454895 -1.6987152 10.75824
-1.0723114 -1.2012177 9.718018
-0.07017517 -1.9843597 10.325012
0.5891876 -1.6511078 10.094116
0.24641418 -1.0131683 10.060791
0.22737122 -1.1512299 10.196472
0.094070435 -1.4559174 9.73468
0.21070862 -1.7153778 9.791809
0.19166565 -1.7106171 9.665649
0.051223755 -1.6082611 9.689453
Time Stop = 1457238240
