Time Start = 1457234787
0.3678131 -2.7032318 9.822754
0.95814514 -1.7391815 9.834656
0.69392395 -1.8153534 9.79895
0.005996704 -2.5984955 9.596619
-0.4724579 -2.9365082 9.618042
-0.543869 -2.7794037 9.529968
-0.32725525 -2.7127533 9.632324
0.05836487 -2.812729 9.813232
0.20118713 -2.876999 9.660889
0.19404602 -2.774643 9.598999
0.032180786 -2.596115 9.687073
-0.11778259 -2.524704 9.739441
-0.18443298 -2.5389862 9.656128
-0.11540222 -2.5913544 9.6918335
-0.10826111 -2.5128021 9.679932
-0.0844574 -2.4842377 9.587097
-0.08683777 -2.4509125 9.663269
-0.079696655 -2.4842377 9.701355
-0.08921814 -2.5984955 9.727539
-0.022567749 -2.615158 9.746582
-0.034469604 -2.6222992 9.610901
-0.029708862 -2.774643 9.66803
-0.0059051514 -2.762741 9.660889
0.029800415 -2.7651215 9.646606
0.06550598 -2.7532196 9.620422
0.032180786 -2.8032074 9.639465
0.07978821 -2.7413177 9.625183
0.06550598 -2.7270355 9.618042
0.08454895 -2.7436981 9.67041
0.06550598 -2.7651215 9.615662
-0.015426636 -2.8722382 9.618042
-0.032089233 -3.0650482 9.520447
-0.036849976 -3.1459808 9.53949
-0.015426636 -3.1745453 9.487122
-0.07017517 -3.160263 9.508545
-0.09397888 -3.1555023 9.658508
-0.07493591 -2.9698334 9.596619
-0.015426636 -3.0031586 9.808472
0.12501526 -2.8889008 9.468079
0.06312561 -3.0412445 9.763245
0.1797638 -3.1174164 10.110779
0.51301575 -2.793686 10.048889
0.60346985 -2.0034027 9.894165
0.52015686 -2.6246796 9.770386
0.49873352 -3.3292694 9.453796
0.24879456 -3.641098 9.108643
-0.2320404 -4.026718 8.925354
-0.5367279 -4.319504 8.9158325
-0.6605072 -3.9529266 9.337158
-0.6509857 -3.6744232 9.510925
-0.60813904 -3.326889 9.434753
-1.1199188 -2.9507904 9.02533
-2.3934174 -2.0081635 9.653748
-1.6293182 -1.6058807 10.025085
-1.2913055 -2.467575 8.625427
-0.74858093 -3.0412445 9.503784
-0.5700531 -3.1816864 9.151489
-0.96043396 -3.4435272 8.730164
-1.3412933 -2.9912567 9.751343
-1.3936615 -2.4271088 10.129822
-0.9509125 -2.0462494 9.877502
-0.37486267 -1.8939056 9.777527
0.4416046 -2.2438202 9.920349
0.5653839 -2.793686 9.546631
0.6463165 -3.467331 9.913208
0.7224884 -3.6696625 9.92749
0.43922424 -3.7315521 9.556152
0.42018127 -3.5292206 9.570435
0.5487213 -3.095993 9.553772
0.60346985 -3.403061 9.746582
0.7129669 -2.922226 9.120544
0.30116272 -4.2100067 9.368103
0.09883118 -4.7289276 8.504028
-0.479599 -3.9267426 9.203857
-0.87950134 -3.667282 9.782288
-1.0413666 -2.9650726 9.35144
-0.8414154 -2.5223236 9.403809
-0.3891449 -2.717514 9.556152
-0.027328491 -2.5604095 9.9227295
0.09883118 -1.9367523 9.9227295
-0.101119995 -1.9557953 9.917969
-0.24632263 -2.415207 9.425232
-0.37724304 -3.0341034 9.834656
-0.21061707 -3.4768524 9.53949
-0.11778259 -2.9269867 9.375244
-0.02494812 -3.1197968 9.772766
0.16072083 -3.4601898 9.520447
0.23451233 -3.069809 9.441895
0.23927307 -2.8889008 9.579956
0.29878235 -3.224533 9.513306
0.43922424 -3.4720917 9.570435
0.40827942 -3.4268646 9.684692
0.41304016 -3.4982758 9.449036
0.37257385 -4.1005096 8.968201
0.32258606 -4.057663 9.006287
0.07978821 -4.2790375 9.894165
-0.14634705 -3.7767792 9.594238
-0.50102234 -2.293808 9.380005
-0.8152313 -2.339035 9.644226
-0.71287537 -2.1128998 9.5252075
-0.7176361 -1.8701019 9.6085205
-0.50102234 -2.3699799 9.872742
-0.11778259 -2.781784 9.768005
-0.124923706 -2.8722382 9.915588
-0.13920593 -2.6222992 9.34906
-0.08683777 -2.88414 9.967957
-0.015426636 -3.3245087 9.425232
0.0012359619 -3.5220795 9.444275
0.06550598 -3.698227 9.427612
0.13215637 -3.5411224 9.096741
0.1131134 -3.2150116 9.334778
0.18928528 -3.281662 9.537109
0.39161682 -3.4340057 9.60614
0.47254944 -3.4459076 9.627563
0.49873352 -3.3292694 9.510925
0.5749054 -3.1459808 9.389526
0.61061096 -3.2864227 9.375244
0.7415314 -3.0174408 9.841797
0.5249176 -3.057907 9.382385
0.2368927 -3.9434052 9.4776
0.18452454 -4.236191 9.482361
0.24165344 -3.7958221 9.253845
0.43922424 -3.2483368 9.446655
0.6415558 -2.960312 9.332397
0.86531067 -2.838913 9.334778
0.96528625 -3.095993 9.484741
0.9629059 -3.2864227 9.537109
0.9295807 -3.2269135 9.563293
0.886734 -3.0436249 9.620422
1.0128937 -3.0150604 9.3776245
1.1961823 -2.986496 9.327637
1.303299 -3.0269623 9.622803
1.3009186 -3.0079193 9.510925
1.2818756 -3.107895 9.249084
0.8153229 -3.288803 9.372864
0.5749054 -3.569687 9.963196
0.6653595 -3.3221283 9.758484
0.47254944 -2.56279 9.449036
0.14167786 -2.6294403 9.832275
-0.079696655 -2.9436493 9.570435
-0.17729187 -3.3054657 9.341919
-0.058273315 -3.7267914 9.015808
0.13691711 -3.7125092 9.587097
0.34638977 -3.448288 9.130066
0.42970276 -2.88414 9.553772
0.52967834 -3.1864471 9.253845
0.62727356 -3.2150116 9.3966675
0.7153473 -3.0912323 9.468079
0.6891632 -3.0174408 9.610901
0.7891388 -2.9722137 9.565674
0.8367462 -3.0531464 9.515686
0.8724518 -3.2459564 9.437134
0.8605499 -3.5006561 9.2300415
0.822464 -3.7553558 9.28717
0.7724762 -3.7863007 9.320496
0.6915436 -3.7148895 9.365723
0.5749054 -3.6268158 9.715637
0.56300354 -3.5720673 9.701355
0.4915924 -3.422104 9.701355
0.47254944 -3.2459564 9.589478
0.47254944 -3.005539 9.34668
0.43922424 -2.7508392 9.53949
0.39637756 -2.7794037 9.632324
0.42256165 -2.7865448 9.729919
0.37971497 -2.7960663 9.758484
0.33924866 -2.781784 9.558533
0.21308899 -2.9793549 9.489502
0.17024231 -3.172165 9.510925
-0.017807007 -3.1364594 9.296692
-0.02494812 -3.3435516 9.763245
-0.09397888 -3.641098 9.73468
0.075027466 -3.4411469 9.499023
0.08692932 -3.1245575 9.760864
0.11073303 -2.9436493 9.963196
0.0393219 -2.7960663 9.841797
-0.3891449 -2.8674774 9.208618
-0.9675751 -3.0269623 9.92749
-1.0128021 -2.3604584 9.698975
-0.98661804 -3.0483856 8.751587
-0.6009979 -3.403061 9.149109
-0.5605316 -2.94841 9.441895
-0.646225 -2.7032318 9.465698
-0.5962372 -2.7675018 9.494263
-0.5129242 -2.6127777 9.579956
-0.46769714 -2.5651703 9.872742
-0.34153748 -2.8508148 9.549011
-0.14634705 -3.2649994 9.570435
-0.09635925 -3.2721405 9.806091
-0.22727966 -3.2530975 9.529968
-0.17967224 -3.4054413 9.177673
0.03694153 -3.5625458 9.294312
0.23927307 -3.5173187 9.365723
0.30592346 -3.5720673 9.253845
0.443985 -3.5435028 9.368103
0.43922424 -3.8434296 9.772766
0.31782532 -3.455429 9.108643
0.025039673 -3.1459808 9.841797
-0.08207703 -3.0912323 9.891785
-0.15348816 -2.7317963 9.637085
-0.22013855 -2.646103 9.896545
-0.25346375 -2.8674774 10.103638
-0.17967224 -3.1245575 9.7561035
-0.041610718 -3.172165 9.15387
0.09169006 -3.833908 9.096741
0.04408264 -3.7291718 9.3966675
-0.5367279 -3.6434784 9.601379
-0.7438202 -3.1769257 9.2229
-0.96043396 -2.2795258 9.418091
-0.8247528 -2.3271332 9.444275
-0.6009979 -2.5723114 9.375244
-0.42485046 -2.5485077 9.763245
-0.26774597 -2.8341522 9.760864
-0.27964783 -3.2721405 9.570435
-0.28440857 -3.531601 9.746582
-0.41770935 -3.2864227 9.510925
-0.3558197 -3.2150116 9.518066
-0.06541443 -3.1578827 9.103882
0.20118713 -3.4720917 9.672791
0.31544495 -3.769638 9.439514
0.6415558 -3.4578094 9.289551
0.7867584 -3.2864227 9.620422
0.8891144 -3.115036 9.249084
1.0414581 -2.9769745 9.253845
1.0581207 -3.0793304 9.587097
1.015274 -3.2126312 9.556152
0.92481995 -3.326889 9.73468
0.75819397 -3.5220795 9.537109
0.49873352 -4.0029144 9.172913
0.30592346 -4.2528534 9.168152
0.096450806 -4.019577 9.651367
0.072647095 -3.4459076 9.618042
-0.008285522 -3.0198212 9.822754
-0.0059051514 -2.8222504 9.713257
0.06550598 -2.6484833 9.6085205
0.115493774 -2.5770721 9.618042
0.1797638 -2.967453 9.679932
0.19166565 -3.4958954 9.584717
0.28450012 -3.6077728 9.6085205
0.3939972 -3.2649994 9.246704
0.21070862 -3.2031097 8.861084
-0.44151306 -2.6699066 9.891785
-1.0508881 -3.0674286 10.705872
-0.7985687 -2.2509613 9.0824585
-0.93663025 -2.024826 9.629944
-0.62242126 -3.0102997 9.568054
-0.26060486 -3.4720917 9.184814
-0.15110779 -3.6172943 9.453796
-0.13920593 -3.4958954 9.406189
-0.17253113 -3.4316254 9.627563
-0.18681335 -2.9769745 9.556152
-0.051132202 -2.4247284 9.60376
0.06550598 -2.2462006 9.641846
0.15357971 -2.736557 10.546387
0.19880676 -3.1507416 9.253845
0.45588684 -3.172165 9.394287
0.49397278 -3.583969 9.882263
0.4511261 -3.9338837 9.187195
0.6653595 -4.912216 8.263611
1.0890656 -6.2928314 8.601624
1.1985626 -6.3071136 8.70636
1.1604767 -5.200241 9.003906
1.0057526 -3.1745453 9.67041
0.90815735 -1.0417328 9.901306
0.65345764 -0.061019897 10.375
0.6320343 -0.6465912 10.036987
0.6820221 -2.6222992 9.689453
0.6153717 -4.371872 9.28479
0.32972717 -4.571823 9.589478
-0.20109558 -3.6577606 9.522827
-0.69859314 -2.486618 9.589478
-1.2246552 -1.4011688 10.253601
-1.3936615 -1.0012665 10.167908
-1.1841888 -1.8439178 9.215759
-0.7914276 -3.3602142 9.237183
-0.3058319 -3.9910126 10.263123
-0.17015076 -3.7101288 8.689697
0.06312561 -3.4387665 10.386902
0.18214417 -0.9750824 10.125061
0.2202301 -0.31809998 9.837036
0.34877014 -1.4416351 9.679932
0.5749054 -2.7794037 9.3776245
0.7462921 -3.550644 9.353821
0.7534332 -3.7982025 9.191956
0.75105286 -4.076706 9.453796
0.74391174 -4.3361664 9.232422
0.7629547 -4.4528046 9.170532
0.72010803 -4.514694 9.196716
0.572525 -4.2266693 9.189575
0.33448792 -3.7148895 9.513306
0.16548157 -3.2078705 9.684692
0.11073303 -2.8531952 9.713257
0.06550598 -2.62706 9.720398
0.09169006 -2.646103 9.501404
0.072647095 -2.986496 9.353821
0.032180786 -3.319748 9.615662
-0.036849976 -3.307846 9.653748
-0.077316284 -2.9436493 9.7323
-0.04875183 -2.550888 9.432373
-0.0035247803 -2.248581 9.715637
0.032180786 -2.331894 9.972717
0.08216858 -2.5175629 9.503784
0.0012359619 -2.8865204 9.710876
-0.058273315 -3.2150116 9.501404
-0.10588074 -3.288803 9.401428
-0.11064148 -3.3578339 9.439514
-0.077316284 -3.3959198 9.506165
-0.022567749 -3.3483124 9.594238
0.08930969 -3.3816376 9.456177
0.1464386 -3.3673553 9.449036
0.12739563 -3.3983002 9.418091
0.17024231 -3.191208 9.520447
0.096450806 -3.0198212 9.499023
0.05836487 -2.8436737 9.399048
0.07026672 -2.653244 9.301453
-0.079696655 -2.986496 10.420227
-0.08683777 -3.2983246 9.834656
-0.098739624 -3.031723 9.470459
-0.124923706 -2.8174896 9.3133545
-0.18919373 -2.7960663 9.403809
-0.14872742 -2.9198456 9.634705
-0.09397888 -2.8960419 9.720398
-0.11064148 -2.9650726 9.696594
-0.08921814 -2.9888763 9.610901
-0.06541443 -2.9626923 9.3776245
-0.0011444092 -2.9722137 9.391907
0.046463013 -3.0460052 9.753723
0.1464386 -3.2959442 9.910828
0.23451233 -3.1959686 9.41095
0.26307678 -2.9531708 9.3133545
0.24641418 -2.8674774 9.3776245
0.3511505 -3.0555267 9.296692
0.24879456 -3.5268402 10.344055
0.2940216 -3.7315521 9.482361
0.29164124 -3.4839935 9.384766
0.23213196 -3.2411957 9.258606
0.18214417 -2.9722137 9.272888
0.1464386 -2.9793549 9.598999
0.029800415 -3.07695 9.713257
-0.09635925 -3.1578827 9.753723
-0.11540222 -3.1055145 9.54187
-0.120162964 -2.9198456 9.237183
-0.11778259 -2.581833 9.401428
-0.18919373 -3.1174164 10.375
-0.015426636 -3.243576 9.053894
-0.053512573 -3.236435 9.882263
0.008377075 -3.2959442 9.549011
0.16548157 -3.0293427 9.141968
0.18214417 -2.876999 9.60614
0.21070862 -3.1483612 9.715637
0.23451233 -3.172165 9.537109
0.25593567 -3.1555023 9.570435
0.29164124 -2.974594 9.420471
0.2368927 -3.1221771 9.637085
0.360672 -3.5268402 9.432373
0.40351868 -3.5625458 9.615662
0.22975159 -3.134079 9.446655
-0.10826111 -3.4078217 9.656128
-0.1582489 -3.2864227 9.265747
-0.32011414 -2.9817352 9.596619
-0.25108337 -2.9817352 9.720398
-0.14396667 -2.8936615 9.47998
-0.051132202 -2.7651215 9.470459
-0.017807007 -2.8746185 9.601379
0.008377075 -3.14122 9.439514
-0.06303406 -2.9317474 9.791809
-0.120162964 -2.505661 9.503784
-0.029708862 -2.3604584 9.575195
-0.10826111 -2.8698578 10.129822
0.06312561 -3.3221283 9.79895
0.1631012 -3.236435 9.546631
0.21784973 -3.107895 9.115784
0.37257385 -3.0626678 9.1467285
0.5511017 -3.107895 9.439514
0.7153473 -2.941269 9.60614
0.70106506 -2.9436493 9.584717
0.6391754 -2.88414 9.420471
0.48921204 -2.9769745 9.551392
0.4011383 -3.1245575 9.47998
0.25831604 -3.6315765 9.532349
-0.14872742 -4.2957 9.15625
0.29640198 -5.602524 7.9089355
0.16786194 -7.5520477 9.60376
0.19404602 -6.3904266 9.111023
0.26307678 -3.603012 10.370239
0.12739563 -1.0845795 10.663025
0.33210754 -0.077682495 9.4776
0.70344543 -0.696579 9.137207
0.9367218 -2.5366058 9.172913
0.7486725 -3.955307 9.122925
-0.12730408 -3.6387177 10.351196
-0.42485046 -2.6199188 10.3654785
-0.48197937 -0.8346405 9.175293
-0.67240906 -1.1321869 9.565674
-0.40342712 -3.4387665 9.275269
-0.11540222 -4.6313324 9.5442505
-0.17015076 -3.3411713 10.198853
-0.332016 -2.8365326 10.541626
0.13453674 -2.5723114 10.18219
0.68678284 -2.8412933 9.237183
1.0962067 -3.7410736 9.130066
1.4556427 -4.4456635 9.308594
1.7127228 -4.526596 9.199097
1.4699249 -3.422104 9.375244
0.98908997 -2.1248016 8.599243
0.22499084 -2.1319427 9.720398
-0.69859314 -2.9888763 10.148865
-1.2246552 -5.1526337 10.172668
-1.4579315 -5.102646 8.425476
-1.7888031 -4.1504974 9.3133545
-1.3032074 -3.1007538 9.356201
-0.96995544 -2.588974 8.539734
-1.1794281 -2.0795746 9.7323
-1.0770721 -1.7748871 10.593994
-0.5795746 -1.7772675 9.118164
-0.43437195 -2.5746918 9.98938
-0.13444519 -2.4509125 9.520447
-0.09635925 -2.120041 9.429993
-0.04399109 -2.9960175 9.825134
0.40589905 -3.2673798 9.965576
0.4273224 -2.6103973 9.877502
0.3844757 -3.6958466 9.177673
-0.032089233 -4.0100555 9.506165
-0.53434753 -3.6649017 9.056274
-0.59147644 -4.3623505 9.296692
-0.5391083 -3.3768768 9.92749
-0.5057831 -2.4651947 10.163147
-0.22489929 -2.7151337 9.870361
-0.11064148 -3.3364105 9.049133
-0.39390564 -3.422104 9.744202
-0.93663025 -3.6720428 9.877502
-2.224411 -2.422348 8.339783
-2.9504242 -2.4271088 10.346436
-1.2436981 -3.5292206 8.237427
-0.26298523 -3.9648285 8.853943
-0.029708862 -4.61705 9.306213
-0.3391571 -4.981247 8.318359
-0.75572205 -5.2407074 8.166016
-0.8652191 -4.8955536 9.979858
-0.42723083 -3.20549 9.508545
-0.055892944 -2.1938324 9.701355
0.27497864 -2.5199432 9.746582
0.34877014 -2.6889496 9.770386
0.25117493 -2.2961884 10.1345825
0.06788635 -1.9224701 10.160767
-0.20347595 -2.2390594 10.032227
-0.029708862 -2.8793793 9.696594
0.17500305 -3.6196747 9.360962
0.3273468 -4.0600433 9.268127
0.24879456 -4.255234 9.3133545
0.048843384 -4.1457367 9.6918335
-0.013046265 -3.1959686 9.817993
-0.0677948 -4.1957245 9.432373
0.08930969 -4.3932953 8.730164
-0.4462738 -3.2102509 10.160767
-0.7342987 -2.857956 9.161011
-0.6866913 -2.7032318 9.468079
-0.55101013 -2.857956 9.917969
-0.37486267 -3.0222015 9.35144
-0.38200378 -2.6746674 9.429993
-0.40342712 -2.172409 9.618042
-0.60575867 -2.0129242 9.639465
-0.5771942 -2.4128265 9.846558
-0.58909607 -2.993637 9.777527
-0.5700531 -3.8481903 9.318115
-0.49388123 -4.4194794 8.996765
-0.5200653 -4.095749 9.210999
-0.562912 -3.2769012 9.337158
-0.48197937 -2.8508148 9.537109
-0.37724304 -2.9650726 9.60614
-0.101119995 -3.1459808 9.41571
0.17738342 -3.057907 9.710876
0.38209534 -2.9960175 9.727539
0.4344635 -3.1697845 9.653748
0.39161682 -3.8386688 9.41333
0.62727356 -3.9648285 9.884644
0.6891632 -3.0674286 9.551392
0.5177765 -3.0150604 9.306213
0.5653839 -3.134079 9.429993
0.59632874 -3.2102509 9.549011
0.47969055 -3.5363617 9.437134
0.52015686 -3.686325 9.382385
0.5153961 -3.6958466 9.244324
0.5653839 -3.7410736 9.28241
0.6415558 -3.9695892 9.175293
0.72724915 -4.364731 9.189575
0.7224884 -4.3623505 8.987244
0.77723694 -3.8124847 9.344299
0.67726135 -3.5720673 9.872742
0.739151 -3.4078217 9.570435
0.7320099 -3.4435272 9.013428
0.68678284 -3.5458832 9.15863
0.6486969 -3.5482635 9.391907
0.5106354 -3.3816376 9.429993
0.34877014 -3.7553558 9.170532
0.1797638 -4.769394 8.930115
0.21784973 -5.0478973 9.001526
0.2868805 -3.8696136 9.387146
0.22499084 -2.7270355 9.684692
0.129776 -2.5366058 9.944153
0.07978821 -2.986496 9.772766
Time Stop = 1457234792
