Time Start = 1457234755
1.1676178 -2.8674774 9.579956
0.7558136 -2.6103973 10.027466
0.04408264 -2.4009247 9.563293
-0.5129242 -2.4104462 9.60614
-0.58195496 -2.6627655 9.491882
-0.20347595 -2.7865448 9.534729
0.19880676 -2.7508392 9.713257
0.33924866 -2.7389374 9.708496
0.19166565 -2.6937103 9.615662
0.01789856 -2.736557 9.625183
-0.07255554 -2.634201 9.684692
-0.07493591 -2.5294647 9.722778
0.03694153 -2.550888 9.720398
0.15596008 -2.5865936 9.596619
0.19404602 -2.679428 9.613281
0.20594788 -2.729416 9.698975
0.19642639 -2.6960907 9.629944
0.129776 -2.6651459 9.684692
0.15596008 -2.7413177 9.66803
0.17738342 -2.793686 9.644226
0.1631012 -2.8032074 9.610901
0.117874146 -2.8531952 9.644226
0.07978821 -2.8555756 9.522827
0.096450806 -2.865097 9.589478
0.07026672 -2.8246307 9.499023
0.08216858 -2.69133 9.60614
0.08454895 -2.62706 9.679932
0.029800415 -2.6818085 9.682312
0.034561157 -2.6770477 9.5442505
-0.058273315 -2.7032318 9.806091
-0.020187378 -2.5389862 9.684692
0.022659302 -2.6318207 9.846558
0.1131134 -2.9198456 9.910828
0.360672 -2.8055878 9.660889
0.71058655 -2.7270355 9.675171
0.7224884 -3.0174408 9.672791
0.7153473 -3.5815887 9.439514
0.5653839 -3.4244843 9.577576
0.4582672 -2.7794037 10.096497
0.10835266 -2.5104218 10.232178
-0.13206482 -3.338791 10.265503
0.17500305 -3.3887787 9.758484
0.6725006 -2.0748138 10.177429
0.443985 -2.6032562 9.265747
0.08454895 -3.5554047 9.301453
-0.5057831 -3.4078217 9.568054
-2.398178 -2.6484833 7.820862
-4.419113 -1.8701019 10.1345825
-3.6978607 -2.7484589 8.3255005
-2.5790863 -4.171921 7.461426
-1.1484833 -4.4575653 8.696838
-0.858078 -4.3575897 8.789673
-1.0580292 -4.3694916 8.335022
-1.3055878 -3.9695892 8.608765
-1.51268 -2.8174896 10.315491
-1.1699066 -1.5225677 10.472595
-0.42008972 -1.7201385 10.086975
0.12501526 -2.3247528 10.289307
0.5487213 -3.0483856 9.7751465
0.572525 -2.6484833 10.096497
0.5011139 -2.0843353 10.617798
0.572525 -2.3080902 9.748962
0.8891144 -2.5366058 9.753723
1.1461945 -2.8960419 9.794189
1.3223419 -3.2911835 9.380005
1.3318634 -3.583969 9.151489
1.0962067 -4.0814667 9.044373
0.6082306 -3.9672089 9.003906
-0.09397888 -4.1766815 9.782288
-0.8652191 -5.3573456 9.28241
-1.1556244 -5.0859833 8.44928
-1.4579315 -4.2338104 9.28717
-1.3127289 -3.5863495 9.149109
-0.9580536 -2.6699066 9.122925
-0.67240906 -2.036728 9.806091
-0.4557953 -1.9319916 10.151245
-0.3653412 -1.9391327 9.948914
-0.36058044 -2.4175873 9.834656
-0.3558197 -2.56279 9.813232
-0.3796234 -2.3723602 9.86322
-0.22727966 -2.062912 9.934631
0.01789856 -2.0343475 9.632324
0.20832825 -2.5032806 9.970337
0.36305237 -3.372116 9.453796
0.34877014 -4.0290985 9.520447
0.35591125 -4.621811 9.41333
0.2535553 -4.0600433 9.170532
0.20118713 -3.0341034 9.360962
0.26545715 -2.8317719 9.60614
0.38209534 -3.3697357 9.401428
0.43922424 -3.7601166 9.553772
0.42256165 -3.871994 9.54187
0.40589905 -3.7220306 9.456177
0.30116272 -3.569687 9.337158
0.15596008 -3.6910858 9.21814
0.055984497 -3.7482147 8.968201
-0.3891449 -4.3742523 9.941772
-0.8247528 -4.133835 9.272888
-1.1580048 -2.9507904 9.199097
-1.2913055 -2.846054 9.558533
-1.0604095 -2.4889984 9.648987
-0.5771942 -1.5868378 10.082214
0.21546936 -1.5915985 9.917969
0.50587463 -1.748703 10.175049
0.38923645 -2.3795013 9.844177
0.2035675 -3.1316986 9.253845
0.025039673 -3.262619 9.2229
-0.29393005 -3.5268402 9.706116
-0.3653412 -3.2578583 9.375244
-0.3724823 -2.9960175 9.565674
-0.37486267 -3.4625702 9.449036
-0.103500366 -3.852951 9.244324
0.022659302 -3.917221 9.213379
0.046463013 -3.9267426 9.322876
0.10597229 -3.814865 9.3966675
0.26307678 -3.2602386 9.591858
0.39875793 -2.7675018 9.625183
0.36543274 -2.8365326 9.60614
0.34162903 -3.0555267 9.696594
0.27973938 -3.338791 9.53949
0.2940216 -3.5411224 9.246704
0.2606964 -3.3173676 9.2300415
0.3939972 -3.0412445 9.720398
0.5653839 -2.838913 9.725159
0.76057434 -2.6556244 9.86084
0.83436584 -2.8912811 9.658508
0.79389954 -3.1840668 9.258606
0.86769104 -3.160263 9.503784
0.8391266 -2.8627167 9.829895
0.88197327 -2.993637 9.503784
0.88197327 -3.3625946 9.425232
0.89863586 -3.5482635 9.332397
0.78437805 -3.5054169 9.003906
0.26307678 -3.217392 9.782288
-0.015426636 -3.281662 10.429749
-0.055892944 -2.3485565 9.513306
-0.3796234 -1.832016 9.748962
-0.59147644 -2.6603851 9.851318
-0.61528015 -3.743454 9.251465
-0.48912048 -4.2742767 9.191956
-0.24632263 -4.200485 9.080078
-0.0059051514 -3.6053925 9.408569
0.26307678 -2.8484344 9.163391
0.41304016 -2.3699799 9.739441
0.62965393 -2.505661 9.820374
0.78437805 -2.403305 9.672791
0.8129425 -2.377121 9.746582
0.71772766 -2.5913544 9.291931
0.72010803 -2.8246307 9.418091
0.80818176 -3.0388641 9.665649
0.7653351 -2.967453 9.810852
0.56300354 -3.0864716 9.789429
0.37019348 -3.14122 9.551392
0.20118713 -3.4149628 9.28241
0.07026672 -3.7029877 9.161011
-0.034469604 -3.8291473 9.715637
-0.055892944 -3.6815643 9.587097
-0.11540222 -3.236435 9.763245
-0.11302185 -2.9127045 9.60614
0.0012359619 -2.8484344 9.422852
0.1869049 -2.8508148 9.689453
0.24403381 -2.7056122 9.806091
0.3106842 -2.4651947 9.967957
0.29878235 -2.2509613 9.737061
0.22261047 -2.448532 9.615662
0.18214417 -2.8674774 9.508545
0.16548157 -3.153122 9.446655
0.16072083 -3.153122 9.610901
0.032180786 -3.288803 10.165527
-0.077316284 -3.2959442 9.406189
-0.101119995 -3.262619 9.432373
-0.051132202 -3.0364838 9.648987
-0.11778259 -3.005539 9.758484
-0.22489929 -3.1221771 10.098877
-0.020187378 -3.2578583 9.758484
-0.19633484 -3.3959198 8.777771
-1.2865448 -3.6006317 8.508789
-1.2603607 -3.6125336 10.3845215
-1.4936371 -2.729416 8.615906
-1.0580292 -2.8603363 8.913452
-0.88664246 -2.6960907 9.591858
-0.76286316 -2.653244 9.149109
-0.6128998 -2.8341522 9.170532
-0.71525574 -2.9269867 9.582336
-0.88664246 -2.986496 9.848938
-0.65574646 -2.94841 9.565674
-0.20585632 -2.6865692 9.584717
0.010757446 -2.5151825 9.765625
0.029800415 -2.6508636 9.577576
0.1464386 -2.7341766 9.889404
0.06550598 -3.1007538 10.11554
0.20594788 -3.2483368 9.22052
0.2535553 -3.4268646 9.637085
0.2606964 -3.5220795 9.41095
0.33448792 -3.5244598 9.125305
0.38209534 -3.5815887 9.663269
0.360672 -3.6172943 9.779907
0.30116272 -3.6363373 9.563293
0.21546936 -3.641098 9.15387
0.003616333 -4.507553 8.856323
-0.27488708 -3.6506195 9.263367
-1.1960907 -3.2911835 10.334534
-1.4341278 -3.255478 9.265747
-1.3579559 -3.0483856 9.28479
-0.8675995 -3.1745453 9.3133545
-0.36296082 -3.2221527 9.099121
0.10121155 -2.524704 9.560913
0.29640198 -1.7463226 10.170288
0.129776 -1.5487518 10.203613
-0.053512573 -2.0414886 9.677551
-0.16777039 -2.5485077 10.029846
-0.34391785 -3.6434784 9.368103
-0.17967224 -4.238571 8.994385
-0.103500366 -4.160019 9.47522
-0.0011444092 -3.4982758 9.09198
0.06788635 -2.9174652 9.175293
0.23451233 -2.793686 9.768005
0.443985 -2.922226 9.729919
0.6153717 -3.474472 9.558533
0.6344147 -3.7767792 9.337158
0.63679504 -3.7863007 9.103882
0.5320587 -3.4649506 9.175293
0.54634094 -3.1245575 9.341919
0.46302795 -2.9317474 10.253601
0.38923645 -2.94841 10.113159
0.3440094 -3.4411469 9.877502
0.27497864 -3.705368 9.368103
0.21070862 -3.5649261 9.472839
0.527298 -3.3863983 9.058655
0.63679504 -3.519699 9.206238
0.5820465 -3.550644 9.310974
0.53681946 -3.4530487 9.272888
0.051223755 -3.403061 8.980103
-0.71525574 -2.800827 10.108398
-1.0032806 -2.4461517 10.4487915
-0.79618835 -1.6296844 9.458557
-0.7914276 -1.8010712 9.817993
-0.63908386 -2.3699799 9.679932
-0.5129242 -3.1245575 9.341919
-0.52482605 -3.5530243 9.529968
-0.5129242 -3.8386688 9.372864
-0.48197937 -4.2599945 9.28241
-0.30107117 -3.7267914 9.208618
0.075027466 -2.876999 9.506165
0.37495422 -2.7270355 9.948914
0.6725006 -2.5913544 9.239563
0.8891144 -2.396164 9.827515
1.0081329 -2.679428 9.737061
0.9629059 -3.0840912 9.151489
0.92481995 -3.641098 9.111023
0.9272003 -4.3552094 9.318115
0.92481995 -5.3049774 8.570679
0.8129425 -6.111923 8.853943
0.88197327 -4.8003387 9.570435
1.0462189 -2.210495 9.903687
1.1604767 -0.92985535 9.891785
0.90101624 -0.7703705 10.353577
0.67726135 -1.3416595 9.689453
0.5987091 -3.1031342 9.86084
0.49873352 -4.5694427 9.315735
0.22975159 -4.4194794 9.1467285
-0.2320404 -4.148117 9.456177
-0.46531677 -3.7839203 9.21814
-0.42008972 -3.1507416 9.572815
-0.17967224 -2.3342743 9.875122
0.14167786 -1.7058563 9.794189
0.5391998 -0.93937683 10.2178955
0.33448792 -1.6225433 9.144348
0.277359 -2.441391 9.908447
0.3035431 -2.0867157 9.929871
0.27973938 -1.8629608 9.879883
0.36543274 -2.0676727 9.822754
0.2368927 -2.9388885 9.701355
0.1797638 -3.5982513 9.582336
-0.04637146 -3.576828 9.744202
0.09883118 -3.5815887 9.470459
0.2868805 -3.4459076 9.427612
0.43922424 -3.217392 9.344299
0.54634094 -2.9055634 9.044373
0.57966614 -2.9698334 9.201477
0.56300354 -3.1293182 9.327637
0.6391754 -3.2197723 9.634705
0.51301575 -3.2483368 9.3966675
0.44636536 -3.4982758 9.429993
0.3678131 -3.5911102 9.553772
0.29878235 -3.4340057 9.537109
0.09169006 -3.422104 10.010803
-0.04399109 -3.486374 9.725159
-0.06541443 -3.3435516 9.491882
-0.16300964 -3.153122 9.629944
-0.079696655 -2.9698334 9.268127
0.010757446 -2.9698334 9.344299
0.10597229 -2.9722137 9.47998
0.23451233 -2.9127045 9.575195
0.3035431 -2.717514 9.713257
0.35591125 -2.6032562 9.737061
0.3035431 -2.4247284 9.465698
0.22499084 -2.403305 9.79895
-0.09397888 -2.7246552 10.058411
-0.26298523 -3.1316986 9.725159
-0.32487488 -3.191208 9.241943
-0.6128998 -3.5339813 9.484741
-0.5272064 -3.5815887 9.577576
-0.30107117 -2.7984467 9.437134
-0.13444519 -2.4366302 9.594238
0.12739563 -2.634201 9.748962
0.18928528 -2.7651215 9.518066
0.12501526 -2.9626923 9.560913
0.0155181885 -3.0650482 9.560913
-0.12730408 -3.198349 9.672791
-0.13920593 -3.153122 9.4609375
-0.04399109 -3.198349 9.341919
0.117874146 -3.1816864 8.96344
0.22975159 -3.031723 9.827515
0.25117493 -3.255478 10.2178955
0.18928528 -3.0626678 9.577576
0.08216858 -2.9150848 9.675171
-0.008285522 -2.929367 9.394287
-0.09635925 -2.8222504 9.122925
-0.21299744 -2.8674774 9.689453
-0.248703 -2.7389374 9.884644
-0.2582245 -2.6937103 9.982239
-0.27012634 -2.7913055 9.598999
-0.22727966 -2.9079437 9.118164
-0.1582489 -2.8936615 9.353821
-0.22251892 -3.1840668 10.077454
-0.098739624 -3.0436249 9.184814
-0.11540222 -2.7484589 9.879883
-0.13682556 -2.6746674 9.725159
0.06788635 -2.81987 9.34668
0.18928528 -3.0269623 9.575195
0.21784973 -3.3602142 9.696594
0.24403381 -3.3697357 9.651367
0.29640198 -3.2007294 9.618042
0.3368683 -2.9150848 9.5442505
0.40589905 -2.8032074 9.465698
0.5177765 -3.1221771 9.432373
0.7082062 -3.2031097 9.484741
0.5582428 -3.4530487 9.970337
0.50349426 -3.7291718 9.303833
0.25831604 -3.5458832 9.15863
0.13215637 -3.8553314 9.332397
0.13215637 -3.9124603 9.453796
0.04408264 -3.2649994 9.613281
0.005996704 -2.3461761 9.625183
-0.060653687 -1.9272308 9.663269
0.029800415 -2.274765 9.648987
0.01789856 -2.6580048 9.575195
0.0393219 -2.7722626 9.587097
-0.008285522 -2.8246307 9.549011
-0.15110779 -2.7889252 9.615662
-0.13444519 -3.0293427 9.063416
-0.15348816 -3.0793304 9.556152
-0.15110779 -3.3149872 10.0703125
0.03694153 -3.2150116 9.7751465
0.21070862 -3.0460052 9.568054
0.34638977 -2.941269 9.277649
0.32258606 -2.8984222 9.306213
0.23927307 -3.0626678 9.546631
0.22737122 -3.1816864 9.720398
0.13453674 -3.1293182 9.744202
0.13691711 -3.0198212 9.558533
0.08692932 -3.0555267 9.389526
0.034561157 -3.1864471 9.689453
0.07026672 -2.8341522 10.067932
-0.12968445 -2.4937592 9.887024
-0.13682556 -2.7508392 9.577576
-0.17967224 -2.8032074 9.380005
0.029800415 -2.812729 10.1203
-0.16062927 -3.5554047 9.682312
0.08930969 -3.97435 8.989624
0.10359192 -4.019577 9.813232
-0.08207703 -3.6482391 9.451416
0.17024231 -2.993637 8.880127
0.62965393 -3.179306 8.418335
0.8700714 -5.7596283 8.146973
1.0200348 -7.940048 8.694458
1.1104889 -6.423752 9.289551
0.6820221 -1.5677948 10.582092
0.04170227 2.0265656 10.841553
-0.34153748 2.2955475 10.094116
-0.09159851 -0.6061249 9.739441
0.47016907 -3.9648285 8.9348755
0.68440247 -4.9026947 9.53949
0.10121155 -3.5030365 10.270264
-0.44865417 -2.5270844 9.375244
-0.38438416 -3.2078705 9.382385
-0.10826111 -3.7125092 10.539246
0.23451233 -2.62706 10.222656
0.55348206 -1.2892914 9.884644
0.9105377 -0.76322937 9.92749
1.0200348 -2.0510101 9.489502
1.0366974 -4.4837494 8.727783
0.7819977 -5.840561 8.430237
-0.18205261 -6.740341 8.601624
-1.7602386 -5.340683 8.925354
-2.179184 -4.364731 9.965576
-1.3103485 -3.3245087 8.1779175
-0.6343231 -3.826767 8.594482
0.26783752 -3.8124847 10.498779
0.66059875 -2.7032318 9.399048
0.62727356 -2.3818817 9.975098
0.55348206 -1.8558197 9.887024
0.1631012 -1.8415375 9.782288
-0.02494812 -2.0510101 9.701355
-0.13206482 -2.3890228 9.739441
-0.15586853 -2.7722626 9.844177
-0.120162964 -3.2935638 9.982239
-0.0677948 -2.9388885 9.820374
-0.1749115 -3.1864471 9.510925
-0.22966003 -3.7148895 9.741821
-0.6866913 -3.750595 9.948914
-1.2460785 -3.6434784 9.725159
-1.4150848 -3.9791107 9.108643
-1.0675507 -4.03862 8.404053
-0.7247772 -4.1433563 8.5563965
-0.053512573 -3.8886566 8.937256
0.09169006 -2.8174896 9.553772
0.26783752 -2.203354 10.236938
0.44874573 -1.7558441 10.18457
0.53681946 -2.2914276 9.565674
0.48207092 -2.8912811 10.482117
0.046463013 -2.2890472 10.046509
-1.1222992 -2.986496 8.020813
-3.155136 -2.7698822 9.779907
-2.095871 -4.129074 9.960815
-1.7102509 -3.7482147 7.949402
-0.77952576 -5.309738 8.737305
-0.46055603 -4.371872 8.844421
-0.50816345 -2.531845 9.180054
-0.12968445 -2.9793549 9.648987
0.16548157 -3.4839935 9.879883
0.40351868 -3.1293182 9.872742
0.4416046 -2.5937347 9.449036
0.40351868 -2.1128998 9.403809
0.52967834 -2.1176605 9.656128
0.58680725 -2.4961395 10.003662
0.5415802 -2.9817352 9.960815
0.23451233 -2.9365082 9.737061
-0.38438416 -2.3176117 10.446411
-0.68907166 -2.4723358 9.729919
-0.66526794 -3.4340057 9.575195
-0.4296112 -4.2147675 9.127686
-0.18205261 -4.8574677 9.108643
-0.079696655 -4.7717743 9.237183
0.04170227 -4.0362396 9.263367
0.07740784 -3.8029633 9.370483
0.21070862 -3.6649017 9.513306
0.4011383 -3.0198212 9.725159
0.42970276 -2.3057098 9.503784
0.34638977 -2.229538 9.996521
-0.013046265 -2.6365814 10.75824
-0.71287537 -3.300705 9.491882
-2.0101776 -2.3795013 9.672791
-1.948288 -2.62706 10.236938
-1.1865692 -3.3245087 8.080322
-0.9485321 -3.6696625 9.15863
-0.82237244 -4.095749 8.96106
-0.90330505 -4.462326 8.5563965
-0.9675751 -4.87175 8.727783
-1.0175629 -4.2790375 8.682556
-0.9723358 -3.5244598 8.911072
-0.6105194 -2.9983978 9.715637
-0.31297302 -1.6606293 10.24884
-0.2725067 -1.2773895 10.077454
0.129776 -2.1985931 10.18457
0.20832825 -2.7317963 10.225037
0.03694153 -2.4318695 10.50116
-0.02494812 -1.6939545 10.225037
-0.4296112 -2.7889252 9.34668
0.5439606 -4.583725 8.9158325
1.0057526 -5.245468 8.3897705
0.5249176 -5.3763885 9.53949
0.005996704 -4.5670624 8.494507
-0.37724304 -3.8600922 9.360962
-0.7176361 -3.1055145 9.939392
-0.7271576 -2.929367 9.391907
-0.37724304 -3.0483856 9.277649
-0.055892944 -3.0031586 9.387146
-0.034469604 -3.2840424 9.694214
-0.027328491 -3.667282 9.406189
0.034561157 -3.474472 9.453796
-0.11778259 -2.9150848 9.518066
-0.18919373 -2.6865692 9.5252075
-0.2582245 -2.8865204 9.196716
-0.16777039 -3.1364594 9.894165
-0.14396667 -3.198349 10.177429
-0.09397888 -2.9150848 9.946533
0.06788635 -2.7603607 9.482361
0.21070862 -2.9008026 9.272888
0.27973938 -2.9769745 9.344299
0.31306458 -2.9722137 9.713257
0.32496643 -2.9008026 9.784668
0.3773346 -2.8984222 9.665649
0.4178009 -2.857956 9.4609375
0.48921204 -2.8793793 9.375244
0.49873352 -3.788681 9.270508
0.48207092 -4.8384247 9.34906
0.508255 -5.124069 9.35144
0.51301575 -4.5861053 9.339539
Time Stop = 1457234760
