Time Start = 4958
0.970047 3.1477203 8.822998
1.4984894 3.8499298 8.894409
1.2128448 3.9975128 9.03009
0.6796417 3.6880646 9.072937
0.1631012 3.550003 9.09198
0.04408264 3.6404572 9.061035
0.31306458 3.8713531 9.0896
0.8534088 3.7642365 9.039612
0.8795929 3.6095123 9.013428
2.0340729 3.2500763 8.880127
1.9436188 2.5526276 11.260498
1.431839 4.2212677 9.203857
0.6820221 3.9713287 9.403809
0.41304016 3.3476715 9.399048
0.003616333 3.1881866 9.34668
0.1131134 2.497879 8.925354
0.42494202 1.9123077 8.877747
0.5106354 1.9884796 8.77301
0.65345764 2.1622467 8.749207
0.6891632 2.3907623 8.64447
0.59394836 2.5645294 8.656372
0.4106598 2.7430573 8.356445
0.1464386 2.7882843 8.311218
-0.06303406 2.8097076 8.530212
-0.10588074 2.9358673 8.670654
-0.0059051514 2.8930206 8.825378
-0.120162964 3.0858307 9.080078
-0.29631042 3.4000397 9.851318
-0.41056824 3.652359 10.453552
-0.3724823 3.6214142 10.025085
-0.2725067 3.4690704 9.2229
-0.38438416 3.6642609 6.2736206
-0.77952576 2.6764069 8.565918
-1.1318207 3.542862 11.248596
-1.088974 4.1760406 10.960571
-0.7581024 3.614273 9.60376
-0.6795502 2.6240387 6.5806885
-0.35343933 1.7147369 4.397888
0.572525 1.7623444 4.9144287
1.0843048 2.286026 6.556885
0.5582428 2.8596954 8.020813
-0.60575867 3.4738312 10.315491
-1.5364838 5.151993 11.184326
-1.5269623 5.5542755 12.498291
-0.5795746 4.9187164 11.410461
0.5106354 3.9499054 10.025085
1.3437653 3.5214386 8.83728
1.8579254 3.799942 8.327881
2.0174103 4.525955 7.597107
1.6103668 3.9760895 9.41333
0.81770325 3.0120392 9.41095
0.06312561 2.9906158 8.758728
-0.14396667 3.0334625 8.573059
0.47016907 3.4547882 8.3064575
1.6841583 3.4762115 8.099365
2.7029572 3.3024445 7.494751
2.4411163 2.804947 8.273132
1.1509552 2.747818 9.22052
0.48207092 2.2907867 9.446655
0.4677887 2.3645782 8.542114
0.7796173 2.2431793 9.013428
1.3651886 2.5216827 9.463318
1.6103668 3.0953522 9.896545
1.303299 3.171524 9.951294
0.93434143 3.2215118 9.360962
0.39637756 3.235794 8.582581
-0.120162964 2.9834747 8.518311
-0.49388123 2.754959 9.627563
-0.40104675 2.1027374 9.570435
-0.96043396 1.3267365 8.64447
-1.3984222 1.5314484 9.184814
-0.37724304 2.24794 9.772766
0.23927307 3.4238434 10.336914
0.27973938 4.5473785 9.996521
0.19642639 3.8332672 11.001038
0.2368927 3.728531 9.908447
-0.3486786 1.6837921 8.230286
-0.46531677 1.0744171 7.2852783
-0.0059051514 1.6433258 7.0377197
0.10835266 1.9813385 7.342407
0.34638977 2.4121857 8.113647
0.24165344 2.7406769 8.730164
-0.020187378 2.812088 9.53949
0.07978821 2.8811188 9.489502
1.8769684 1.9456329 10.458313
2.5077667 2.4574127 9.375244
2.1864166 4.840164 9.075317
1.2866364 5.8303986 8.9991455
0.19642639 5.820877 9.330017
0.46540833 4.9782257 9.446655
-0.09159851 3.9165802 9.310974
-0.70573425 2.804947 9.084839
0.20118713 2.6026154 8.83252
1.4389801 2.9549103 8.939636
1.9840851 3.1143951 8.689697
2.098343 3.133438 8.492126
2.048355 3.5999908 8.568298
1.5318146 3.5166779 8.544495
1.329483 2.9549103 8.511169
1.3985138 2.8216095 8.749207
1.1985626 3.20961 8.9991455
0.88435364 3.504776 9.070557
0.67726135 3.5023956 8.946777
0.7082062 3.4381256 9.02533
0.9843292 3.357193 8.77301
1.1342926 3.4333649 8.949158
1.5699005 3.485733 8.908691
1.893631 3.5547638 8.511169
1.6793976 3.4048004 8.739685
1.2080841 3.9832306 8.70874
0.6248932 3.311966 8.494507
-3.1837006 4.3426666 11.648499
0.91529846 4.306961 7.9922485
0.10121155 4.1760406 8.744446
0.72010803 4.5354767 8.8515625
1.4723053 4.4331207 8.780151
1.9936066 3.3548126 8.594482
1.3080597 2.6764069 8.746826
0.86769104 2.1860504 8.718262
0.71772766 2.0955963 8.846802
0.5415802 1.8789825 9.139587
0.76057434 1.9051666 8.618286
1.3556671 1.8147125 8.656372
1.6079865 2.2098541 8.861084
1.3509064 2.6121368 9.018188
1.034317 2.7763824 8.972961
1.0319366 2.9549103 9.008667
1.1223907 3.3690948 9.0824585
1.1152496 3.7404327 9.15387
1.0700226 3.7332916 9.003906
0.83436584 3.588089 9.15863
0.6225128 3.4238434 9.039612
0.46064758 3.3452911 9.034851
0.48207092 3.3905182 9.03009
0.57966614 3.447647 9.09198
0.77723694 3.4286041 9.080078
0.8534088 3.2191315 9.049133
0.8962555 2.9668121 8.968201
0.87483215 2.8454132 8.903931
0.87483215 2.7406769 8.892029
0.8891144 2.8668365 8.894409
0.822464 3.1239166 8.894409
0.93196106 3.0977325 8.930115
1.0105133 3.0548859 8.975342
0.93196106 3.0667877 9.022949
0.8700714 2.9644318 8.944397
0.8891144 2.9168243 8.906311
0.8200836 3.0096588 8.846802
0.80104065 3.1691437 8.90155
0.88197327 3.3167267 8.889648
0.78437805 3.440506 9.101501
0.59394836 3.5000153 9.053894
0.6058502 3.3167267 9.041992
0.5653839 3.2000885 8.942017
0.7534332 3.2024689 8.884888
0.9938507 3.4619293 9.053894
0.89863586 3.4452667 9.111023
0.42256165 3.2834015 9.289551
0.1631012 2.8477936 9.018188
0.34877014 2.8596954 9.046753
1.0676422 3.0191803 8.682556
1.219986 3.2691193 9.053894
1.1414337 3.0739288 8.439758
2.33638 1.8908844 8.1588745
0.803421 3.447647 9.191956
0.39637756 4.4259796 8.96106
0.3511505 4.1760406 8.806335
0.73439026 3.9975128 8.7682495
1.5437164 3.4524078 8.842041
1.3604279 2.902542 8.713501
1.2176056 2.6121368 8.827759
0.9033966 2.6883087 8.680176
0.65345764 3.164383 8.839661
0.66059875 3.2762604 9.22052
0.63679504 3.3167267 8.949158
0.79151917 3.023941 8.784912
0.98194885 2.9739532 8.920593
0.905777 3.2381744 9.080078
0.70344543 3.1096344 9.008667
0.6463165 2.895401 8.875366
0.8153229 2.9763336 8.889648
0.9438629 3.1810455 8.96582
0.8534088 3.5714264 8.89679
0.7082062 3.4167023 9.061035
0.56062317 3.1096344 8.825378
0.47254944 3.0477448 8.868225
0.5415802 3.2976837 8.942017
0.5391998 3.7023468 9.113403
0.52967834 4.0451202 9.063416
0.5487213 3.966568 8.956299
0.674881 3.7713776 8.858704
0.7891388 3.5071564 9.151489
0.6629791 3.4048004 8.887268
0.7224884 2.9763336 8.944397
0.7082062 2.7835236 8.827759
0.6177521 3.0168 8.856323
0.46540833 3.3595734 8.968201
0.6725006 3.2595978 9.034851
0.9462433 3.3048248 9.127686
1.3175812 3.883255 9.02533
1.4580231 3.838028 8.784912
1.1128693 3.3286285 8.894409
0.82484436 3.1858063 8.792053
0.7415314 3.3143463 8.684937
0.62013245 3.7404327 8.858704
0.39161682 3.8784943 9.22052
0.5153961 3.6999664 8.980103
0.30116272 3.395279 8.780151
0.30830383 3.542862 8.594482
0.50349426 3.6618805 8.530212
0.6653595 3.7761383 8.549255
0.68440247 3.5452423 8.687317
0.18214417 4.1498566 9.096741
-0.60575867 4.6949615 8.606384
-1.2389374 4.74971 9.144348
-1.1580048 4.7520905 9.9227295
-1.5864716 3.626175 9.518066
0.61061096 2.228897 11.988892
-0.20109558 5.370987 7.3947754
-0.3891449 2.9929962 7.699463
0.52015686 1.6147614 7.128174
0.42494202 1.0910797 8.19458
0.32972717 2.8596954 8.32312
-0.29631042 4.030838 9.09198
-0.61528015 3.228653 8.942017
-0.5962372 3.1596222 8.944397
-0.5533905 3.2024689 9.315735
-0.2820282 3.6547394 9.09436
-0.055892944 4.126053 8.880127
0.14881897 3.9380035 9.591858
0.029800415 3.5261993 9.303833
0.3678131 3.7071075 9.051514
1.136673 2.985855 8.665894
1.9483795 2.5193024 8.484985
2.9290924 2.7692413 8.163635
3.0433502 3.3262482 8.425476
2.3125763 3.9499054 8.692078
1.3985138 4.4640656 8.696838
0.36305237 4.5854645 9.1467285
-0.7081146 4.8544464 9.648987
-1.6483612 3.4524078 9.180054
-1.5102997 2.9382477 8.06842
-1.0032806 2.2907867 8.96344
0.63679504 3.4333649 9.275269
1.5579987 3.069168 8.872986
1.2318878 2.876358 8.594482
0.8962555 3.1501007 8.058899
0.3773346 2.4835968 9.565674
-0.31773376 2.7906647 9.320496
-0.44151306 2.221756 8.792053
0.2535553 1.6909332 8.96582
0.7629547 2.1670074 8.911072
0.7462921 2.5835724 9.09198
0.52015686 2.869217 8.887268
0.8058014 3.0739288 9.02533
0.84150696 3.5809479 9.113403
0.37495422 3.921341 9.322876
1.4627838 3.742813 9.103882
1.4818268 3.4571686 9.03009
1.3152008 2.921585 8.570679
1.4080353 2.626419 8.606384
1.2913971 2.645462 8.782532
0.79389954 3.1929474 8.649231
0.34877014 3.6571198 8.953918
0.39161682 4.0094147 8.96344
0.50349426 3.928482 8.956299
0.3511505 3.5476227 9.061035
-0.04399109 4.011795 8.958679
-0.058273315 4.0451202 9.03009
0.3844757 3.5381012 8.930115
0.7296295 3.511917 9.051514
0.8486481 3.59523 8.849182
0.6986847 3.8404083 8.932495
0.60346985 4.121292 8.89917
0.5153961 3.9070587 8.734924
0.6248932 3.3928986 8.775391
0.64393616 3.447647 8.9348755
0.42256165 3.7975616 8.89917
0.21546936 3.4048004 8.920593
0.13691711 2.940628 8.96344
0.27973938 2.9096832 8.813477
0.6510773 3.421463 8.830139
0.8462677 3.6690216 9.077698
0.7486725 3.2976837 8.930115
0.5891876 3.909439 9.334778
0.33924866 4.36409 9.47998
1.098587 3.5404816 8.518311
1.7412872 2.5930939 8.251709
1.8365021 3.1429596 8.982483
0.68678284 3.4571686 9.253845
-0.23442078 2.9501495 9.106262
-0.27012634 2.2169952 11.546143
0.1631012 4.087967 6.026062
1.3009186 1.8004303 8.461182
2.798172 2.2146149 8.5563965
1.5175323 3.550003 8.918213
0.45350647 3.792801 9.108643
-0.11302185 3.300064 9.168152
-0.332016 2.9620514 9.232422
-0.04875183 3.319107 9.015808
0.80818176 3.2405548 8.853943
1.4175568 3.3072052 8.956299
1.2866364 3.9951324 9.018188
0.6653595 3.59523 9.106262
0.20832825 2.6359406 9.084839
-0.08207703 2.1693878 8.992004
-0.04875183 2.2550812 8.844421
0.46540833 2.6049957 8.9348755
1.2318878 3.0834503 8.727783
1.6222687 3.5761871 8.882507
0.6248932 4.4450226 9.177673
1.5294342 4.0213165 9.022949
1.772232 3.4500275 8.765869
2.2840118 3.504776 8.782532
2.01503 3.2953033 8.865845
1.11763 1.9741974 8.822998
0.9629059 1.6885529 8.701599
1.2485504 3.3286285 9.125305
1.7198639 4.7259064 8.858704
2.1935577 4.204605 8.918213
1.9650421 3.7190094 8.680176
1.9150543 4.0332184 8.863464
1.3889923 3.8142242 8.753967
0.91767883 3.1929474 8.808716
1.0509796 2.3574371 8.949158
0.7629547 2.6121368 8.868225
0.5487213 3.5000153 9.080078
1.1247711 3.8546906 9.075317
1.8126984 3.3857574 8.749207
1.8198395 2.2122345 8.863464
1.5556183 1.0839386 8.7682495
0.822464 1.6671295 8.561157
0.77485657 3.1501007 8.849182
0.3511505 3.985611 9.265747
0.3511505 3.8047028 9.163391
0.56062317 3.588089 8.980103
0.6986847 3.5381012 9.006287
0.6891632 3.6166534 8.977722
0.6820221 3.5166779 9.201477
0.40351868 3.33815 9.141968
0.2202301 2.95253 9.051514
0.17262268 2.6526031 8.889648
-0.37010193 3.0786896 8.863464
0.16548157 3.2714996 9.175293
0.3939972 3.0953522 9.199097
0.46540833 2.9739532 9.077698
0.2940216 2.895401 8.892029
0.443985 2.8025665 8.801575
0.6653595 3.0453644 8.858704
0.78437805 3.7047272 8.975342
0.8962555 3.7142487 9.001526
0.8629303 3.5095367 8.9991455
0.80818176 3.4262238 8.972961
0.63679504 3.4190826 8.975342
0.6010895 3.4714508 8.942017
0.5439606 3.4524078 8.987244
0.57728577 3.4571686 8.889648
0.62727356 3.4500275 8.811096
0.7462921 3.292923 8.870605
0.73677063 3.4881134 8.96582
0.52967834 3.6856842 9.003906
0.35591125 3.4738312 9.011047
0.43684387 3.2215118 8.882507
0.52253723 3.311966 8.811096
0.6486969 3.4286041 8.808716
0.6915436 3.4809723 8.884888
0.5820465 3.6095123 8.842041
0.55348206 3.5785675 8.918213
0.5653839 3.542862 8.9158325
0.6248932 3.4833527 8.944397
0.59394836 3.5404816 8.937256
0.5344391 3.440506 8.9158325
0.52015686 3.357193 8.9158325
0.58680725 3.3905182 8.946777
0.6177521 3.5595245 9.0824585
0.59394836 3.4714508 9.015808
0.5558624 3.228653 8.922974
0.61299133 3.0572662 8.925354
0.6225128 3.0905914 8.842041
0.5653839 3.171524 8.780151
0.572525 3.0096588 8.83728
0.6082306 2.9906158 8.858704
0.5439606 3.20961 9.041992
0.49397278 3.3452911 9.032471
0.45350647 3.3619537 9.058655
0.52253723 3.3928986 8.944397
0.57728577 3.2976837 8.882507
0.59394836 3.3024445 8.925354
0.5011139 3.395279 8.918213
0.43684387 3.3214874 8.858704
0.48921204 3.2262726 8.937256
0.57014465 3.1596222 8.889648
0.443985 3.2191315 8.756348
0.60346985 3.133438 8.882507
0.52253723 3.3524323 9.168152
0.32972717 3.6356964 8.789673
0.49635315 3.40242 8.858704
0.7296295 3.4833527 9.032471
0.60346985 3.4286041 8.953918
0.5677643 3.2334137 8.894409
0.59394836 3.7190094 9.041992
0.6344147 4.1617584 8.980103
0.81770325 3.8880157 9.118164
1.0795441 3.3214874 8.9158325
0.77485657 3.1120148 8.984863
0.6725006 2.8287506 8.90155
0.37971497 2.6692657 8.618286
0.1464386 3.3595734 8.587341
-0.479599 4.4497833 8.487366
-1.5983734 4.9496613 9.291931
-2.0101776 4.602127 9.584717
-1.8935394 4.518814 10.251221
-1.9006805 4.9829865 8.308838
-1.2484589 3.5023956 6.166504
-0.3891449 1.0006256 6.385498
1.265213 1.9289703 8.1779175
0.47016907 3.9380035 9.058655
0.05836487 3.2429352 9.510925
-0.29631042 3.2000885 8.922974
-0.6771698 2.7073517 8.984863
-0.4462738 3.0929718 9.063416
-0.78904724 4.2188873 9.241943
-0.30345154 4.2522125 9.061035
0.50587463 3.8546906 8.811096
1.2318878 3.4833527 8.808716
1.8388824 3.4690704 8.8515625
1.874588 3.5785675 8.849182
1.5437164 3.292923 8.799194
1.2128448 3.1477203 8.849182
1.0485992 3.3619537 8.799194
0.93196106 3.5476227 8.844421
1.0890656 3.3928986 8.756348
1.219986 3.376236 8.813477
0.47016907 4.0665436 9.065796
0.35829163 4.4045563 9.280029
0.26545715 4.333145 9.120544
-0.0059051514 3.9879913 9.184814
-0.02494812 4.378372 9.549011
-0.22251892 4.961563 9.739441
-0.07255554 4.8020782 9.560913
-2.4053192 2.8216095 11.086731
0.93434143 0.5554962 6.668762
2.20784 0.6959381 9.215759
2.612503 3.3500519 9.382385
0.013137817 4.3426666 9.644226
-0.6367035 4.6544952 9.591858
0.527298 4.261734 9.494263
1.5365753 2.3860016 8.368347
2.983841 0.9292145 7.8970337
3.4027863 -0.1847992 7.675659
3.0719147 -0.8774872 7.7280273
2.541092 -1.3154755 8.118408
2.317337 -0.030075073 8.532593
-0.51530457 2.017044 10.129822
-0.6343231 3.0382233 9.213379
0.10835266 3.0215607 9.820374
0.79151917 3.5904694 9.751343
0.2035675 4.3617096 9.913208
-0.14634705 4.773514 9.722778
-0.43199158 3.716629 9.591858
0.66059875 3.7499542 10.132202
1.8174591 5.0401154 9.09198
0.09883118 4.247452 10.1536255
-0.029708862 3.0310822 9.034851
1.4675446 2.5050201 7.066284
1.9364777 2.18367 6.8710938
1.5865631 2.240799 7.3566895
1.2057037 2.600235 8.508789
1.0390778 2.619278 9.106262
0.28926086 3.3690948 8.239807
-1.2056122 4.228409 11.310486
-2.531479 5.5614166 12.188843
-3.0242157 5.2710114 11.0177
-1.9411469 5.4138336 8.601624
-0.06303406 3.5714264 7.244812
1.6079865 2.8715973 6.5283203
2.3649445 2.3860016 6.878235
2.0388336 2.5454865 7.4352417
0.5844269 3.447647 7.509033
-0.9961395 3.8999176 8.675415
-2.2934418 4.3426666 9.929871
-2.9575653 3.8784943 11.200989
-1.9649506 2.6168976 9.439514
-0.3224945 2.369339 8.056519
0.76771545 2.4478912 8.639709
0.89149475 2.5954742 9.28717
0.34877014 2.9715729 10.029846
-0.22251892 2.3098297 10.348816
-0.4867401 3.1548615 9.939392
-0.9985199 3.671402 10.186951
-1.6864471 3.2881622 12.952942
-1.2627411 3.7523346 9.648987
-0.46531677 3.626175 7.059143
0.3773346 2.4217072 4.9334717
1.2747345 1.7004547 3.6575928
1.5913239 1.7313995 4.845398
1.0295563 2.959671 7.052002
-0.33677673 3.8023224 9.851318
-1.7769012 4.2069855 11.669922
-1.1746674 4.1117706 9.532349
Time Stop = 4963
