Time Start = 1457238356
-0.3724823 -0.50852966 9.92511
0.07026672 -0.4966278 9.951294
0.072647095 -0.58232117 9.920349
-0.13206482 -0.7941742 9.79895
-0.10826111 -1.0464935 9.663269
0.06074524 -1.0845795 9.679932
0.075027466 -0.87034607 9.708496
-0.029708862 -0.77989197 9.829895
-0.0035247803 -0.6846771 9.910828
0.12025452 -0.68943787 9.837036
0.025039673 -0.7013397 9.834656
-0.020187378 -0.6799164 9.889404
-0.04399109 -0.5894623 9.9227295
-0.08207703 -0.56565857 9.858459
-0.11778259 -0.6941986 9.915588
-0.101119995 -0.7513275 9.79657
-0.10826111 -0.6703949 9.815613
-0.04399109 -0.6799164 9.877502
-0.017807007 -0.7108612 9.858459
-0.058273315 -0.7537079 9.810852
-0.036849976 -0.76322937 9.739441
-0.008285522 -0.7037201 9.758484
-0.06541443 -0.67515564 9.879883
0.07026672 -0.64183044 9.856079
0.051223755 -0.72514343 9.727539
-0.032089233 -0.8513031 9.687073
-0.07017517 -0.79655457 10.058411
0.048843384 -0.049118042 9.951294
-0.17729187 -0.38237 9.41095
-0.40818787 -1.0084076 10.222656
0.17738342 -0.48472595 9.7751465
-0.08921814 -0.50138855 9.844177
-0.15110779 -0.42045593 9.891785
-0.2082367 -0.6204071 9.817993
0.06074524 -0.696579 10.37262
0.13453674 -0.5775604 9.34668
-0.20585632 -1.075058 10.170288
0.21308899 -0.8655853 10.148865
0.11073303 -0.3657074 8.844421
-0.30345154 -1.1678925 10.317871
-0.0677948 -0.7299042 10.125061
0.14405823 -0.37522888 9.725159
-0.22251892 -0.74894714 9.92511
-0.09397888 -0.58470154 9.977478
0.053604126 -0.7108612 9.844177
-0.09159851 -0.6204071 10.3012085
-0.051132202 -0.22764587 9.713257
-0.079696655 -0.5466156 9.837036
0.11073303 -0.72514343 10.086975
0.03694153 -0.56803894 9.794189
-0.1749115 -0.34666443 10.196472
-0.10826111 -0.3895111 10.096497
-0.013046265 -0.5370941 10.089355
-0.17729187 -0.75608826 10.289307
-0.13920593 -0.6680145 10.189331
0.04408264 0.04371643 10.010803
0.15834045 0.21986389 10.446411
0.2940216 -0.38475037 10.303589
0.23213196 -0.025314331 10.429749
-0.15348816 -0.70610046 10.291687
-0.32725525 -1.0274506 9.698975
-0.396286 -1.6320648 9.684692
-0.36772156 -2.2057343 9.656128
-0.16062927 -2.2128754 9.41095
0.0012359619 -1.5273285 9.468079
0.046463013 -1.2964325 9.789429
0.7296295 -0.56565857 10.317871
0.9367218 -1.9177094 9.7561035
-1.4626923 -0.8941498 10.136963
-0.43437195 -0.71562195 9.103882
-0.8152313 -0.8346405 9.063416
-0.91996765 -2.1605072 9.001526
-0.88664246 -3.1959686 8.877747
-0.28440857 -3.7958221 8.520691
-0.04637146 -3.7529755 8.518311
0.10121155 -3.1840668 8.575439
0.30830383 -2.2342987 9.020569
0.17500305 -1.7701263 9.837036
-0.029708862 -1.9415131 9.501404
0.022659302 -1.4035492 9.034851
-0.17253113 -0.52757263 9.682312
-0.8271332 -0.18717957 10.710632
-1.0770721 -0.37046814 10.846313
-0.7081146 -0.9322357 10.332153
-0.34391785 -1.6249237 11.043884
0.47969055 -1.5725555 10.322632
0.23451233 -1.4225922 9.577576
0.08692932 -1.2393036 10.0060425
0.08930969 -0.7370453 9.879883
-0.055892944 -1.1916962 9.537109
-0.08921814 -1.2202606 9.487122
-0.11302185 -1.6868134 9.54187
-0.08683777 -1.7963104 9.053894
-0.022567749 -1.9891205 9.003906
0.07026672 -1.8224945 9.072937
-0.008285522 -1.3226166 9.641846
-0.0677948 -0.76560974 10.136963
-0.33439636 -0.6037445 10.420227
-0.34153748 -0.5132904 10.389282
-0.24632263 -0.6703949 10.272644
0.032180786 -0.23240662 9.180054
-0.4058075 -0.96318054 10.270264
-0.87950134 -0.9893646 10.027466
0.86769104 -0.93937683 10.079834
0.7129669 -0.16337585 9.829895
0.21308899 -0.33952332 10.167908
0.24641418 -0.62516785 10.379761
0.06550598 -0.5132904 9.970337
-0.04875183 -0.008651733 10.220276
-0.18443298 0.4507599 10.405945
-0.36772156 0.01991272 10.251221
-0.26298523 -0.50852966 10.020325
0.06312561 -0.7180023 10.025085
0.14167786 -0.55137634 10.063171
-0.12730408 -0.51091003 9.939392
-0.51768494 -0.9584198 9.977478
-0.5843353 -0.99412537 9.808472
-0.30107117 -1.2964325 9.432373
-0.1415863 -2.0153046 9.337158
0.053604126 -1.1893158 9.3776245
-0.27488708 -2.5746918 8.468323
-0.15110779 -3.217392 8.806335
0.31782532 -2.5723114 9.144348
0.5106354 -2.1747894 9.520447
0.24403381 -1.6225433 9.551392
-0.04637146 -0.81559753 9.803711
-0.20585632 -0.14433289 10.013184
-0.31773376 0.11036682 10.11792
-0.3724823 0.22938538 10.325012
-0.3058319 0.23890686 10.339294
-0.4462738 0.06752014 9.589478
-0.33439636 -0.8941498 10.375
-0.07255554 -1.646347 9.687073
0.08216858 -1.2107391 9.551392
-0.09159851 -0.48472595 9.867981
-0.22727966 -0.41331482 9.958435
-0.098739624 -0.6846771 9.794189
0.072647095 -1.0060272 9.815613
0.14167786 -0.7870331 9.784668
0.13929749 -0.24668884 9.963196
0.003616333 0.0460968 10.067932
-0.058273315 0.21272278 10.156006
-0.33677673 -0.12767029 10.203613
-0.098739624 -0.096725464 9.98938
0.32258606 -0.099105835 9.656128
-0.38438416 -0.19670105 9.882263
-0.39866638 -0.6037445 9.715637
0.06550598 -1.0131683 9.648987
0.08692932 -1.0322113 9.6918335
0.12739563 -0.9441376 9.817993
0.0012359619 -0.6442108 9.825134
-0.12968445 -0.28715515 9.879883
-0.15586853 -0.12528992 10.11792
-0.11302185 -0.122909546 9.98938
-0.124923706 -0.051498413 9.944153
-0.13206482 0.06990051 10.060791
-0.1749115 0.15559387 9.917969
0.03694153 -0.06340027 9.784668
-0.11064148 -0.68229675 9.463318
-0.04399109 -1.2250214 9.882263
0.072647095 -0.87986755 9.713257
0.029800415 -0.58232117 9.7751465
-0.15586853 -0.4966278 9.822754
-0.1915741 -0.4061737 9.906067
-0.12730408 -0.39189148 9.939392
-0.0677948 -0.49186707 9.894165
-0.032089233 -0.5966034 9.86322
0.05836487 -0.78941345 9.825134
0.10121155 -0.8584442 9.779907
-0.017807007 -1.0607758 9.939392
0.053604126 -0.8917694 9.825134
0.04408264 -0.6108856 9.751343
-0.039230347 -0.6227875 10.067932
-0.08207703 -0.5156708 9.996521
-0.10826111 -0.52519226 9.856079
-0.10588074 -0.6846771 9.941772
-0.055892944 -0.81321716 9.73468
-0.022567749 -1.0631561 9.703735
0.0012359619 -1.0821991 9.751343
0.003616333 -0.9250946 9.6918335
-0.041610718 -0.529953 9.882263
-0.16539001 -0.42997742 9.906067
-0.27488708 -0.69181824 9.817993
-0.16300964 -1.1345673 9.729919
0.094070435 -1.3273773 9.620422
0.18928528 -1.1512299 9.934631
0.05836487 -0.73228455 9.870361
-0.058273315 -0.4490204 9.789429
-0.14872742 -0.45378113 9.979858
-0.14634705 -0.39427185 10.106018
-0.103500366 -0.50138855 9.929871
-0.101119995 -0.63468933 9.891785
-0.022567749 -0.7346649 9.882263
-0.027328491 -0.82273865 9.867981
-0.06303406 -0.8203583 9.751343
-0.058273315 -0.83226013 9.787048
0.04170227 -0.92033386 9.779907
0.032180786 -0.9988861 9.882263
0.04170227 -0.84654236 9.760864
0.0012359619 -0.7846527 9.596619
-0.11064148 -0.9322357 9.920349
-0.032089233 -0.7870331 9.975098
-0.0011444092 -0.7013397 9.768005
-0.13444519 -0.7132416 9.837036
-0.124923706 -0.7703705 9.948914
-0.015426636 -0.69181824 9.787048
0.029800415 -0.7180023 9.853699
-0.04875183 -0.76322937 9.984619
-0.034469604 -0.7203827 9.917969
-0.0011444092 -0.8179779 9.9227295
-0.103500366 -0.77275085 9.856079
-0.124923706 -0.8203583 9.79895
-0.04637146 -0.85606384 9.894165
0.055984497 -0.86320496 9.808472
0.027420044 -0.82987976 9.827515
0.013137817 -0.7941742 9.86322
-0.029708862 -0.7775116 9.789429
-0.034469604 -0.80607605 9.834656
-0.017807007 -0.7037201 9.877502
-0.09397888 -0.6370697 9.846558
-0.101119995 -0.696579 9.787048
-0.053512573 -0.9417572 9.879883
0.02027893 -0.92271423 9.86084
0.04170227 -0.8846283 9.782288
0.01789856 -0.82987976 9.887024
0.013137817 -0.73942566 9.801331
-0.039230347 -0.73942566 9.932251
-0.039230347 -0.7370453 10.036987
0.034561157 -0.75608826 10.098877
-0.032089233 -0.7775116 9.960815
-0.02494812 -0.8513031 9.779907
-0.0059051514 -0.908432 9.7323
0.04170227 -0.8846283 9.765625
-0.04637146 -0.9108124 9.729919
-0.120162964 -0.93699646 9.827515
-0.103500366 -0.8751068 9.768005
-0.08683777 -0.8846283 9.713257
-0.039230347 -0.87272644 9.834656
-0.051132202 -0.8417816 9.848938
-0.034469604 -0.7846527 9.913208
-0.04637146 -0.79655457 9.932251
-0.09397888 -0.81321716 9.837036
-0.07017517 -0.844162 9.827515
-0.08207703 -0.8203583 9.875122
-0.10826111 -0.92271423 9.784668
-0.06541443 -0.9441376 9.803711
-0.034469604 -0.9322357 9.815613
-0.11064148 -0.9584198 9.779907
-0.02494812 -0.991745 9.879883
-0.0011444092 -1.0203094 9.758484
-0.10826111 -0.8917694 9.844177
-0.15110779 -0.76322937 9.865601
-0.10826111 -0.6680145 9.963196
-0.036849976 -0.677536 10.05365
-0.051132202 -0.6204071 9.789429
-0.12968445 -0.76322937 10.43689
-0.04875183 -0.6204071 10.325012
0.096450806 -0.5704193 10.144104
0.032180786 -0.75608826 9.92511
0.117874146 -0.87034607 10.05603
0.08454895 -0.972702 10.05365
-0.12730408 -0.7870331 10.084595
-0.15348816 -0.60850525 10.172668
-0.13920593 -0.42045593 10.467834
-0.09635925 -0.42997742 10.296448
-0.16539001 -0.97746277 9.751343
-0.22489929 -1.812973 10.036987
-0.51530457 -1.7820282 8.970581
-0.5129242 -1.8296356 8.575439
-0.45103455 -2.800827 9.0896
-0.29154968 -3.1507416 8.582581
0.19166565 -3.1840668 8.918213
0.4749298 -2.4937592 9.318115
0.32258606 -1.9438934 9.420471
-0.036849976 -1.5011444 9.665649
-0.248703 -0.93699646 9.782288
-0.24156189 -0.90367126 9.708496
-0.3653412 -1.5416107 9.653748
-0.64860535 -1.7177582 9.99176
-0.1415863 -1.1536102 9.208618
-0.6176605 -2.2961884 9.891785
-0.8009491 -2.415207 10.4487915
0.09883118 -1.7177582 10.558289
0.74391174 -1.5297089 9.977478
0.5177765 -1.6939545 9.572815
0.19880676 -1.4844818 9.587097
0.13453674 -0.8274994 9.763245
-0.020187378 -0.4156952 9.99176
-0.20109558 0.08656311 10.044128
-0.4129486 0.24128723 10.025085
-0.49150085 -0.15623474 10.003662
-0.24632263 -0.6846771 9.870361
-0.09635925 -0.51091003 9.641846
-0.0844574 -1.4868622 9.277649
-0.33677673 -1.8201141 9.879883
-0.21537781 -1.498764 9.777527
-0.07493591 -1.3297577 9.817993
-0.039230347 -1.1559906 9.965576
-0.14872742 -0.9679413 9.822754
-0.0844574 -0.844162 10.013184
0.029800415 -0.6513519 10.086975
0.17262268 -0.4633026 10.013184
0.19166565 -0.5608978 10.020325
0.23213196 -0.67277527 10.1345825
0.048843384 -0.49900818 9.915588
-0.041610718 -0.33714294 10.001282
-0.16300964 -0.11100769 10.008423
-0.2653656 -0.0038909912 10.108398
-0.35105896 -0.04197693 9.956055
-0.21537781 -0.28953552 10.063171
-0.18205261 -0.5561371 9.946533
-0.18443298 -0.8608246 9.837036
-0.08683777 -1.2107391 9.753723
0.04408264 -1.4011688 9.7561035
0.21784973 -1.4035492 9.577576
0.20594788 -1.2988129 9.758484
0.15357971 -0.95365906 9.896545
0.04170227 -0.62516785 9.946533
0.003616333 -0.64183044 9.739441
-0.17729187 -0.8679657 9.8394165
-0.10826111 -0.908432 9.806091
-0.09159851 -0.69895935 9.887024
-0.13206482 -0.5394745 9.779907
-0.22251892 -0.51091003 9.846558
-0.27488708 -0.7537079 9.903687
-0.17015076 -0.677536 9.825134
-0.098739624 -0.7870331 9.877502
-0.06303406 -0.70610046 9.932251
-0.017807007 -0.63468933 9.875122
-0.060653687 -0.64897156 9.825134
-0.017807007 -0.8370209 9.810852
-0.010665894 -0.88700867 9.801331
-0.017807007 -0.7917938 9.8394165
-0.027328491 -0.696579 9.877502
-0.098739624 -0.7013397 9.932251
-0.1582489 -0.85606384 9.827515
-0.017807007 -1.0084076 9.844177
0.096450806 -0.8584442 9.834656
0.0155181885 -0.7346649 9.851318
-0.06303406 -0.69181824 9.858459
-0.10826111 -0.69181824 9.858459
-0.032089233 -0.7346649 9.894165
-0.08921814 -0.73942566 9.7751465
-0.0844574 -0.87272644 9.772766
-0.101119995 -0.9012909 9.822754
0.013137817 -0.8751068 10.022705
0.0155181885 -0.66563416 9.934631
-0.07493591 -0.6846771 10.065552
-0.060653687 -0.7370453 10.232178
0.072647095 -0.60850525 10.1345825
-0.13682556 -0.38237 10.286926
-0.16062927 -0.6561127 10.077454
-0.04637146 -1.4106903 9.694214
0.010757446 -1.3178558 9.632324
-0.02494812 -0.7370453 8.825378
-0.098739624 -0.5894623 9.827515
-0.2320404 -0.8513031 9.758484
-0.32963562 -1.2559662 9.494263
-0.04637146 -1.5487518 9.772766
0.23927307 -1.2202606 9.708496
0.17024231 -0.908432 9.715637
-0.2320404 -0.69895935 9.913208
-0.19633484 -0.6870575 9.684692
-0.2891693 -0.7037201 9.425232
-0.10588074 -0.5561371 9.9227295
-0.21537781 -0.7299042 10.189331
-0.46531677 -0.90605164 9.867981
-0.19871521 -1.0726776 10.039368
0.08216858 -0.7513275 10.108398
0.115493774 -0.4394989 10.075073
-0.08207703 -0.34666443 10.263123
-0.10588074 -0.45854187 10.041748
-0.04399109 -0.5228119 9.841797
-0.2082367 -0.61564636 9.718018
-0.06303406 -0.7584686 9.741821
0.2868805 -0.50138855 9.884644
0.22261047 -0.44187927 9.491882
-0.40818787 -1.2345428 9.272888
-0.54148865 -1.517807 9.558533
-0.2986908 -1.7891693 9.589478
0.072647095 -1.8272552 9.706116
0.19642639 -1.3583221 9.634705
0.15119934 -0.8751068 9.782288
0.0155181885 -0.40379333 9.975098
-0.10826111 -0.10624695 10.079834
-0.013046265 -0.049118042 9.979858
-0.0011444092 -0.16337585 10.3654785
-0.06303406 -0.5561371 9.710876
-0.027328491 -0.42521667 10.008423
-0.09635925 -0.21336365 10.215515
-0.19871521 -0.9012909 10.036987
-0.120162964 -1.0060272 9.770386
0.04408264 -0.7441864 9.891785
0.0155181885 -0.7870331 9.884644
-0.017807007 -0.92033386 9.841797
0.022659302 -0.94651794 9.908447
0.027420044 -0.76322937 9.929871
0.032180786 -0.6442108 9.877502
-0.02494812 -0.5727997 9.948914
-0.07017517 -0.5632782 9.906067
-0.11064148 -0.5204315 9.53949
-0.20585632 -0.7203827 9.737061
-0.1415863 -0.92033386 9.751343
-0.08207703 -1.1607513 9.582336
-0.07493591 -1.3535614 9.570435
-0.027328491 -1.4416351 9.782288
0.10359192 -1.2797699 9.713257
0.096450806 -1.0464935 9.846558
0.07740784 -0.8513031 9.808472
-0.0035247803 -0.7751312 9.882263
-0.07255554 -0.6632538 9.877502
-0.11302185 -0.5156708 9.996521
-0.0844574 -0.45854187 9.832275
-0.101119995 -0.6608734 9.851318
-0.029708862 -0.8989105 9.73468
-0.027328491 -1.0179291 9.820374
-0.04875183 -0.86320496 9.825134
-0.04399109 -0.760849 9.844177
-0.020187378 -0.6299286 9.763245
0.0155181885 -0.69181824 10.048889
-0.04399109 -0.6204071 10.141724
-0.036849976 -0.69895935 9.753723
-0.013046265 -0.8751068 9.851318
0.08454895 -0.8036957 9.884644
0.06312561 -0.7275238 9.841797
-0.029708862 -0.78941345 9.782288
-0.10588074 -0.9108124 9.92749
-0.06541443 -0.8274994 9.908447
-0.051132202 -0.77275085 9.825134
-0.07017517 -0.8417816 9.856079
-0.034469604 -0.8370209 9.867981
-0.0035247803 -0.8179779 9.79657
-0.039230347 -0.82273865 9.813232
-0.027328491 -0.8774872 9.7323
0.003616333 -0.8822479 9.687073
0.09883118 -1.010788 10.020325
0.048843384 -0.90367126 9.99176
0.003616333 -0.79655457 9.696594
0.005996704 -0.8489227 9.79657
-0.079696655 -0.78227234 9.896545
-0.051132202 -0.77275085 9.879883
-0.041610718 -0.7941742 9.932251
-0.077316284 -0.8989105 9.908447
-0.077316284 -0.89653015 9.791809
-0.039230347 -0.8608246 9.744202
-0.0035247803 -0.8608246 9.851318
0.08216858 -0.74180603 9.7323
0.06788635 -0.73228455 9.679932
-0.020187378 -0.76560974 9.784668
-0.039230347 -0.82987976 9.913208
-0.0059051514 -0.8036957 9.856079
0.04408264 -0.83940125 9.841797
0.04170227 -0.8846283 9.853699
0.025039673 -0.9179535 9.751343
0.010757446 -0.8417816 9.79657
-0.013046265 -0.8679657 9.965576
0.010757446 -0.7346649 9.815613
-0.055892944 -0.7013397 9.751343
-0.14872742 -0.7132416 9.844177
-0.053512573 -0.6442108 9.887024
-0.0844574 -0.64183044 9.906067
-0.051132202 -0.73228455 9.801331
-0.07255554 -0.8584442 9.808472
-0.013046265 -0.844162 9.853699
0.02027893 -0.81321716 9.846558
-0.036849976 -0.8417816 9.7751465
0.003616333 -0.8346405 9.832275
0.01789856 -0.825119 9.896545
0.01789856 -0.78941345 9.872742
0.0012359619 -0.8679657 9.820374
-0.041610718 -0.8179779 9.801331
-0.034469604 -0.7870331 9.86084
-0.013046265 -0.81559753 9.92749
-0.04637146 -0.77275085 9.86084
-0.015426636 -0.8179779 9.967957
0.005996704 -0.908432 9.972717
0.025039673 -0.9441376 9.941772
-0.041610718 -0.87034607 9.701355
-0.06303406 -0.98698425 9.858459
0.046463013 -0.7370453 10.165527
0.10835266 -0.6870575 9.967957
0.027420044 -0.75608826 10.05365
0.046463013 -0.594223 10.225037
0.07740784 -0.3252411 10.194092
-0.09635925 -0.36808777 10.346436
-0.16300964 -0.45378113 9.851318
-0.26774597 -0.7108612 9.720398
-0.54148865 -0.54185486 9.434753
-0.37486267 -1.2845306 9.622803
0.1631012 -2.2604828 8.892029
0.13691711 -2.339035 9.239563
0.15119934 -2.1819305 9.391907
0.09169006 -1.5225677 9.501404
0.0012359619 -1.0084076 9.558533
-0.11302185 -0.5894623 9.703735
-0.29631042 -0.23240662 9.86084
-0.2891693 0.027053833 10.148865
-0.37486267 -0.14909363 10.836792
-0.13444519 0.42695618 9.451416
-0.06303406 -0.8917694 11.051025
Time Stop = 1457238361
