Time Start = 4974
0.048843384 2.1812897 8.7682495
1.8626862 2.8930206 8.989624
2.1197662 3.2429352 8.944397
1.2104645 2.8906403 8.953918
0.35353088 2.6049957 8.777771
0.37019348 2.6407013 8.777771
0.9533844 2.9834747 9.020569
1.155716 3.2524567 8.908691
1.0462189 3.3072052 8.956299
0.9105377 3.3738556 8.989624
0.84150696 3.3405304 8.918213
0.8605499 3.2619781 8.958679
0.90815735 3.383377 8.984863
1.0224152 3.3619537 8.925354
0.93434143 3.46669 8.846802
0.6058502 3.4904938 8.870605
0.62013245 3.5381012 8.872986
0.6010895 3.2881622 8.932495
0.59632874 3.1048737 8.846802
0.73439026 3.3595734 8.827759
0.9105377 3.3928986 8.90155
0.9391022 3.4357452 8.763489
0.7724762 3.6237946 8.89917
0.72724915 3.9570465 8.930115
0.63679504 3.9308624 8.858704
0.38209534 3.8546906 8.906311
0.1797638 3.633316 8.858704
0.2202301 3.4000397 8.818237
0.29164124 3.331009 8.751587
0.35591125 3.5452423 8.699219
0.37019348 3.9189606 8.732544
0.20832825 3.9998932 8.861084
2.3863678 3.0953522 11.127197
0.09169006 4.6449738 8.373108
-0.4724579 3.3476715 8.753967
-0.07255554 3.2119904 8.442139
0.21070862 3.4952545 8.615906
0.19880676 3.9427643 8.815857
-0.015426636 3.9237213 8.825378
-0.07493591 3.4381256 8.77063
0.32258606 2.7716217 9.615662
0.30116272 3.1143951 8.784912
-0.1915741 3.569046 9.099121
-0.3724823 4.3498077 9.789429
-0.479599 4.8925323 9.322876
-0.7676239 4.5354767 8.227905
-0.562912 3.5547638 7.270996
-0.13920593 2.9287262 6.7925415
-0.04399109 2.5859528 7.801819
0.28450012 3.6928253 8.953918
0.52253723 4.794937 9.049133
0.4178009 4.3545685 8.911072
-0.02494812 3.966568 9.170532
-0.18919373 3.7023468 9.277649
-0.0677948 3.7904205 8.737305
-0.010665894 3.8427887 9.568054
0.68678284 3.5404816 8.696838
-0.27964783 2.4859772 7.6661377
0.14405823 2.7335358 7.501892
1.3509064 3.6404572 8.968201
1.7222443 5.0996246 9.972717
1.7198639 5.0853424 9.875122
1.3009186 4.390274 8.64447
0.7629547 4.164139 9.41571
-1.0818329 3.8523102 7.047241
-2.0411224 1.6361847 8.825378
-1.2865448 2.7787628 8.292175
0.277359 4.454544 9.577576
1.2771149 5.1900787 8.511169
1.7222443 3.883255 8.458801
1.7603302 3.4428864 8.38501
1.3271027 3.6499786 8.649231
0.39161682 4.2379303 9.161011
-0.7271576 3.6023712 8.856323
-1.0366058 4.280777 9.044373
-1.0104218 4.5021515 8.992004
-0.83665466 3.9380035 9.1467285
0.0393219 3.5285797 8.96582
1.3318634 2.7811432 8.458801
1.541336 2.7382965 8.434998
1.6674957 2.671646 8.758728
2.279251 2.5145416 8.646851
3.0171661 2.7406769 8.511169
2.8219757 3.1691437 8.465942
2.4220734 3.331009 8.944397
1.7841339 2.8097076 8.930115
1.8983917 1.9741974 8.872986
1.791275 1.7813873 8.83728
2.0269318 2.2003326 8.922974
1.7293854 2.785904 9.0896
2.0007477 3.100113 8.858704
2.1792755 2.9287262 8.792053
2.317337 2.766861 8.796814
2.310196 2.6359406 8.811096
1.8626862 2.4193268 8.756348
1.6698761 2.8144684 8.803955
1.5818024 3.8713531 9.182434
1.4937286 4.1189117 9.184814
1.3651886 3.5476227 9.070557
1.3437653 3.4048004 9.118164
1.0747833 3.9832306 9.3966675
0.5177765 4.0022736 9.163391
0.8319855 2.754959 9.320496
0.9795685 0.8768463 8.90155
1.11763 0.11036682 8.45166
1.3080597 0.66737366 8.665894
1.0676422 2.37648 9.041992
1.1914215 4.2403107 9.706116
-0.98661804 5.532852 10.346436
-1.3579559 4.095108 9.827515
-0.032089233 3.0905914 9.34668
1.5675201 3.2643585 9.265747
2.2054596 3.2714996 8.975342
2.4411163 2.2503204 8.637329
2.5339508 1.1839142 8.51593
2.2221222 1.3219757 8.83252
1.0843048 1.8218536 9.332397
0.37019348 1.9551544 9.315735
0.42018127 1.6409454 8.903931
0.99147034 1.1815338 9.149109
1.4913483 1.233902 8.718262
1.746048 1.1101227 8.606384
2.2292633 0.92207336 8.70874
2.381607 1.740921 9.41095
1.6532135 3.8499298 9.820374
0.9676666 4.7401886 10.029846
0.6225128 4.247452 9.715637
1.1342926 3.4167023 9.494263
1.7127228 3.100113 9.256226
2.0531158 2.876358 9.787048
2.150711 3.357193 9.4776
2.0745392 3.235794 9.648987
1.4723053 4.390274 1.0510864
-1.0270844 -1.851059 7.316223
0.5653839 1.6242828 9.134827
0.5891876 4.164139 12.3602295
0.053604126 4.4759674 12.103149
-0.4700775 3.0191803 10.089355
-0.5533905 2.1979523 8.673035
-0.91996765 1.1386871 8.38501
-1.0413666 1.6933136 9.225281
-1.1175385 2.535965 9.308594
-1.2294159 2.1479645 9.077698
-1.2341766 1.362442 8.937256
-1.0627899 0.7483063 8.822998
-0.67240906 0.73402405 8.713501
-0.31773376 1.5504913 8.7872925
0.95814514 0.95539856 12.736328
0.5177765 3.152481 8.584961
0.71772766 3.6547394 9.365723
0.57014465 3.7023468 9.061035
0.24165344 3.5976105 8.882507
0.674881 3.0929718 9.099121
1.6317902 2.5764313 8.939636
1.6651154 2.5859528 8.692078
1.6912994 3.1477203 8.811096
1.9864655 3.7309113 8.922974
1.8888702 4.23555 9.15387
1.7531891 4.4235992 8.953918
1.3247223 4.2022247 8.849182
1.0557404 3.9808502 8.913452
1.1223907 3.7856598 8.982483
1.2128448 3.4333649 8.970581
0.9272003 3.364334 9.125305
0.360672 4.0332184 9.729919
0.14167786 4.568802 9.939392
-0.43437195 3.8213654 9.906067
0.55348206 2.7787628 8.349304
1.6175079 2.9287262 8.444519
1.5294342 3.4690704 8.739685
1.219986 3.1739044 8.658752
0.803421 3.0572662 8.937256
0.5653839 2.914444 8.842041
0.36543274 3.0263214 7.899414
0.9438629 2.5907135 8.677795
1.0914459 2.8025665 8.858704
1.0224152 2.8620758 8.777771
0.9129181 2.9453888 8.815857
0.6986847 2.9311066 8.920593
0.55348206 3.0453644 8.892029
0.41542053 3.4738312 9.018188
0.12739563 3.9522858 9.113403
0.4416046 3.735672 8.946777
0.63679504 3.6428375 9.132446
0.76771545 3.3667145 9.0824585
0.66773987 3.1810455 8.913452
0.5249176 3.3262482 8.849182
0.47016907 3.311966 8.856323
0.5439606 3.3928986 8.775391
0.53681946 3.6380768 8.811096
0.71058655 3.6999664 8.865845
0.4915924 3.607132 9.020569
0.42256165 3.6285553 8.792053
0.35353088 3.6571198 8.944397
0.46540833 3.5642853 8.922974
0.5844269 3.4095612 8.877747
0.71772766 3.440506 9.001526
0.6963043 3.6190338 8.83252
0.77723694 3.4071808 8.844421
0.79389954 3.281021 8.865845
0.52967834 3.3619537 8.856323
0.43208313 3.357193 8.6206665
0.48921204 3.164383 8.865845
0.5320587 3.4357452 8.77301
0.47016907 3.780899 8.942017
0.6891632 3.7475739 8.8349
0.71772766 3.40242 8.815857
0.84150696 3.2619781 8.696838
0.76771545 3.3786163 8.765869
0.63679504 3.8475494 8.839661
0.4915924 4.04274 8.9158325
0.5487213 3.523819 8.875366
0.61299133 3.5904694 8.777771
0.51301575 4.1927032 8.758728
0.46064758 4.549759 8.982483
3.4170685 3.357193 9.896545
1.1438141 3.6690216 8.701599
0.59394836 3.0453644 8.432617
0.56062317 3.4190826 8.677795
0.2702179 4.6687775 8.996765
0.003616333 4.49263 9.011047
-0.59147644 4.5854645 9.408569
-0.72953796 3.7142487 10.598755
-1.0199432 4.064163 11.874634
-1.5626678 3.7190094 9.54187
-0.8652191 2.0313263 7.482849
-0.18919373 1.1553497 6.5497437
0.47969055 1.6528473 6.404541
0.97480774 2.6668854 6.8068237
1.1247711 3.3095856 7.732788
0.8772125 4.318863 8.151733
0.20118713 4.480728 9.037231
-0.40342712 4.083206 9.28479
-0.6343231 3.7380524 8.475464
-0.47483826 3.6690216 7.9803467
0.18452454 3.1096344 11.838928
0.6177521 5.370987 9.629944
0.57014465 4.4521637 8.882507
0.01789856 4.6187897 9.770386
0.23451233 3.9308624 9.34668
1.1223907 3.7023468 8.951538
1.6413116 3.5214386 8.185059
1.4175568 2.452652 8.182678
0.9033966 2.9906158 8.856323
0.52015686 2.9287262 8.977722
0.31782532 3.761856 8.489746
0.26545715 3.9641876 8.573059
0.40589905 3.6547394 8.375488
0.508255 3.4547882 8.480225
0.5153961 3.119156 8.653992
0.7891388 2.6883087 10.194092
1.0033722 4.3164825 8.142212
0.5558624 3.376236 9.065796
0.33924866 3.004898 8.339783
0.51301575 2.5193024 8.992004
0.71772766 2.8358917 8.96106
0.8486481 3.062027 9.046753
0.76771545 3.3286285 9.037231
0.6629791 3.20961 8.968201
0.5391998 3.0215607 8.870605
0.7248688 2.9810944 8.889648
1.1009674 3.0786896 8.972961
1.2318878 3.2572174 8.913452
1.2390289 3.3905182 8.756348
1.1866608 3.3905182 8.663513
0.9629059 3.1358185 8.565918
0.739151 2.9477692 8.8515625
0.7224884 3.1881866 8.875366
0.47016907 3.633316 8.818237
0.5558624 4.1379547 8.937256
0.85816956 4.190323 9.03009
1.1009674 3.6761627 8.739685
1.3628082 3.2786407 8.613525
1.791275 3.40242 8.7039795
1.6865387 3.6214142 8.839661
1.560379 3.5523834 8.780151
1.6793976 3.3500519 8.696838
1.9293365 3.5214386 8.780151
1.9293365 3.542862 8.913452
1.5722809 3.2714996 8.715881
0.9462433 3.0715485 8.734924
0.8486481 3.1929474 8.849182
0.8296051 3.414322 8.975342
0.4273224 3.5000153 9.075317
0.44636536 3.5595245 9.018188
0.6510773 3.6309357 8.9158325
1.1247711 3.6380768 8.803955
1.534195 3.7047272 8.803955
1.6222687 3.3928986 8.746826
1.5889435 3.0644073 8.663513
1.348526 3.3333893 8.83252
1.1985626 3.7332916 8.932495
0.81770325 4.518814 9.441895
0.21546936 4.2141266 9.130066
0.22261047 3.6952057 9.406189
0.9938507 3.3500519 8.496887
1.6103668 3.2453156 8.604004
2.3149567 3.4762115 8.599243
1.662735 2.9691925 8.761108
1.0033722 2.9263458 8.718262
0.9200592 3.1762848 8.627808
1.1485748 3.2595978 8.811096
1.3128204 3.497635 8.8515625
1.0819244 3.542862 8.906311
0.8438873 3.20961 8.932495
0.25831604 2.524063 9.051514
-0.19633484 1.907547 8.718262
-0.30821228 2.0122833 8.994385
0.77485657 2.1551056 8.775391
1.4389801 2.728775 8.749207
1.5032501 3.6356964 8.89679
1.6413116 3.8808746 8.994385
1.4746857 3.6880646 8.9991455
1.1842804 3.645218 8.996765
0.9200592 3.3262482 9.132446
1.0271759 2.95253 8.951538
1.8817291 2.6335602 8.627808
2.4601593 2.7716217 8.670654
2.8386383 3.8404083 8.803955
3.0385895 4.4450226 8.639709
2.8933868 4.018936 8.718262
2.3887482 3.5095367 8.737305
2.0102692 3.1548615 8.525452
1.1604767 3.6190338 9.2229
1.2271271 3.5904694 8.906311
1.0581207 3.4904938 8.951538
1.4865875 3.4071808 8.89679
1.6460724 2.607376 8.758728
1.4104156 2.4098053 8.5802
1.3580475 2.8715973 8.763489
1.4365997 3.2572174 8.818237
1.6936798 2.9358673 8.751587
1.9340973 2.4288483 8.668274
2.2744904 2.1503448 8.492126
2.3482819 2.5978546 8.418335
1.3818512 4.076065 9.1657715
1.2604523 4.5735626 9.429993
1.534195 3.5214386 9.02533
1.5222931 2.4859772 8.70636
1.6413116 2.5526276 8.811096
1.6912994 3.100113 8.949158
1.662735 3.485733 9.111023
1.6555939 3.2786407 9.056274
1.1414337 2.9763336 8.932495
1.11763 3.1620026 8.844421
0.9391022 3.5595245 9.015808
0.55348206 3.478592 9.058655
-0.42485046 3.6190338 9.34906
-1.3222504 3.4262238 9.191956
-1.3270111 2.3812408 9.051514
0.013137817 1.9194489 8.746826
0.94148254 2.6883087 8.889648
1.3366241 3.1881866 9.070557
1.6698761 3.1048737 8.856323
1.3556671 3.1286774 8.83728
1.1390533 3.2714996 8.949158
0.9462433 3.3214874 8.980103
0.91767883 3.5023956 9.022949
1.0057526 3.5023956 9.070557
1.0938263 3.311966 8.894409
1.0057526 3.1810455 8.958679
0.94148254 3.0525055 8.992004
0.90101624 2.88826 9.006287
0.9105377 2.9620514 8.932495
1.0200348 3.0287018 8.880127
0.97480774 3.0310822 8.880127
0.9295807 2.933487 8.994385
0.8629303 2.9929962 8.946777
0.76771545 3.1977081 8.944397
0.803421 3.2381744 8.820618
1.072403 3.266739 8.739685
1.2223663 3.2595978 8.865845
1.155716 3.3714752 8.89679
1.0605011 3.4738312 8.930115
0.95814514 3.485733 8.977722
0.970047 3.588089 9.032471
0.85816956 3.5714264 9.068176
0.8629303 3.3476715 9.020569
0.8724518 3.2976837 8.922974
0.9938507 3.119156 8.937256
1.072403 3.0953522 8.96344
0.9438629 3.2310333 8.958679
0.81056213 3.0834503 8.9348755
0.83436584 2.9739532 8.937256
0.78437805 3.0786896 8.856323
0.8534088 3.171524 8.865845
1.0414581 3.3143463 8.872986
1.0509796 3.459549 8.949158
1.0414581 3.3690948 8.913452
0.9629059 3.3905182 8.96344
0.8938751 3.4381256 8.984863
0.89149475 3.4286041 8.925354
0.905777 3.2429352 8.89679
0.84150696 3.1881866 8.975342
0.8795929 3.2119904 8.944397
0.95814514 3.1215363 8.942017
0.97480774 3.14534 8.987244
0.89863586 3.0287018 8.877747
0.9557648 3.0572662 8.970581
0.89863586 3.1239166 8.930115
0.8153229 3.0834503 8.880127
0.81056213 3.0834503 8.920593
0.7700958 3.2381744 8.911072
0.69392395 3.3214874 8.96106
0.6820221 3.2215118 8.875366
0.77723694 3.3048248 8.90155
0.78437805 3.3857574 8.872986
0.7796173 3.3714752 8.884888
0.66059875 3.5000153 8.992004
0.56300354 3.5666656 9.02771
0.6510773 3.4286041 8.951538
0.6891632 3.1739044 8.939636
0.7082062 3.266739 8.949158
0.6391754 3.2595978 8.96344
0.6153717 3.0667877 8.746826
0.63679504 2.985855 8.789673
0.7153473 3.3595734 8.780151
0.71772766 3.6595001 8.946777
0.70106506 3.5214386 8.90155
1.2366486 3.3024445 9.118164
1.3199615 4.4759674 9.615662
0.19642639 4.8115997 9.28717
0.053604126 3.2762604 9.35144
0.11073303 2.7002106 8.949158
0.07740784 2.7430573 8.737305
-0.21775818 2.7335358 7.8065796
-0.8176117 2.9096832 10.593994
-1.3412933 4.2831573 10.4487915
-1.7031097 4.6544952 8.801575
-1.4269867 4.8544464 7.0377197
-0.46531677 3.8332672 6.359314
0.6463165 3.126297 5.557129
0.79151917 2.9739532 7.3566895
0.86531067 3.4809723 11.089111
0.025039673 3.9641876 8.780151
-1.0199432 2.5288239 9.151489
-1.2698822 3.0572662 8.83728
-0.7247772 3.5166779 9.427612
0.19642639 3.9951324 9.208618
0.6248932 4.2593536 9.358582
0.66773987 3.909439 9.077698
0.8438873 3.0977325 8.958679
1.4008942 2.7787628 8.713501
1.6579742 2.876358 8.939636
1.5556183 2.9168243 9.087219
-1.2032318 3.2238922 9.694214
-0.15348816 1.8861237 8.501648
0.14881897 2.5454865 9.046753
0.26307678 3.2786407 9.779907
0.06312561 4.2522125 9.587097
2.8386383 4.2260284 8.987244
1.5818024 3.671402 9.896545
1.5865631 2.3169708 9.208618
1.162857 2.3336334 9.106262
0.61061096 3.5785675 9.677551
0.59394836 4.7782745 9.884644
1.7555695 4.833023 9.256226
2.5720367 3.773758 8.601624
3.3789825 2.785904 8.8515625
2.4101715 2.0146637 8.368347
2.003128 0.78163147 8.44928
2.1721344 -0.46568298 8.45166
1.7151031 -1.6820526 7.9970093
3.1623688 -1.5892181 8.615906
2.2364044 0.2603302 8.906311
1.7746124 1.9932404 8.875366
1.6674957 2.1432037 10.641602
0.35353088 2.0313263 10.103638
-0.76286316 1.6290436 10.213135
-0.47721863 3.0215607 4.9310913
-0.82951355 -0.14671326 10.172668
0.7248688 3.5833282 10.939148
3.5598907 5.087723 9.363342
4.3668365 5.151993 9.170532
3.4361115 4.8306427 8.875366
2.2840118 2.7359161 8.527832
1.1604767 1.7932892 7.4709473
-0.5295868 1.169632 7.6661377
-2.1244354 2.671646 13.102905
-3.719284 3.6952057 11.688965
-3.5550385 5.908951 9.232422
-2.4124603 5.973221 8.092224
-0.51530457 4.375992 6.711609
1.3366241 2.8097076 5.2714844
2.3482819 2.1479645 5.319092
1.938858 1.5052643 8.008911
0.81056213 2.0503693 9.844177
-0.5557709 3.2119904 9.910828
-1.6769257 3.7380524 9.532349
-1.5269623 4.542618 8.782532
-0.82237244 3.7475739 10.167908
0.07026672 3.9046783 10.125061
0.8462677 4.159378 8.90155
0.95814514 3.6118927 8.765869
0.73677063 3.3452911 9.484741
0.59394836 3.735672 9.187195
-0.37724304 3.645218 8.746826
-1.0485077 4.3022003 11.136719
-1.31987 5.102005 10.610657
-0.9818573 4.0213165 8.980103
Time Stop = 4978
