Time Start = 853
-5.0308685 -2.0010223 7.968445
-4.4524384 -1.9415131 7.0401
-5.187973 -1.9938812 7.2495728
-5.1475067 -1.5035248 6.4926147
-3.7288055 -2.0605316 7.456665
-5.471237 -1.0084076 7.673279
-5.316513 -1.4321136 6.840149
-5.0189667 -1.7772675 6.878235
-4.757126 -1.9272308 7.320984
-5.111801 -1.72966 7.48761
-5.192734 -1.9010468 7.911316
-5.2617645 -1.9772186 8.313599
-5.1832123 -1.9129486 8.568298
-5.1641693 -2.1367035 8.653992
-5.323654 -2.5009003 8.723022
-5.6973724 -2.7603607 8.83252
-5.9235077 -2.4056854 8.927734
-5.6711884 -2.4461517 9.008667
-5.604538 -2.6937103 8.968201
-5.842575 -2.6865692 9.1467285
-5.963974 -2.8722382 9.28479
-5.8259125 -3.1031342 9.256226
-6.035385 -3.0222015 9.077698
-6.2734222 -2.9388885 8.9348755
-6.285324 -3.01268 8.753967
-6.137741 -3.1459808 8.942017
-6.00206 -2.8722382 9.015808
-5.7878265 -2.7841644 9.011047
-5.6854706 -2.9317474 8.806335
-5.687851 -2.9817352 8.208862
-5.6092987 -2.8698578 7.7423096
-5.3141327 -2.7079926 7.6899414
-5.3498383 -2.4318695 7.87323
-5.471237 -2.1938324 8.046997
-5.5069427 -2.2342987 8.216003
-5.368881 -2.5032806 8.527832
-5.406967 -2.6222992 8.363586
-5.385544 -2.550888 8.225525
-5.4974213 -2.1700287 8.218384
-5.7949677 -1.8843842 8.042236
-5.842575 -1.8034515 7.547119
-5.7164154 -1.9867401 7.23053
-5.7425995 -2.0034027 7.2352905
-5.8973236 -2.1819305 7.161499
-5.894943 -2.4247284 7.340027
-5.842575 -2.569931 7.444763
-5.816391 -2.1295624 7.6399536
-5.868759 -1.9867401 7.9351196
-5.9473114 -2.531845 7.6280518
-6.4495697 -3.024582 7.720886
-6.8018646 -2.1771698 7.3685913
-6.7233124 -2.0986176 7.2091064
-6.735214 -2.698471 8.475464
-6.7828217 -2.6556244 9.096741
-6.8589935 -2.403305 9.3966675
-6.45195 -2.2628632 9.075317
-6.0377655 -2.0962372 8.349304
-5.9354095 -2.0676727 7.3519287
-6.19487 -2.377121 6.6759033
-6.266281 -2.8246307 6.306946
-5.8520966 -2.569931 6.095093
-5.521225 -3.2697601 6.937744
-5.135605 -2.6389618 7.16626
-5.380783 -2.1557465 7.8565674
-5.0808563 -2.4509125 7.930359
-4.907089 -2.5556488 7.9089355
-4.9808807 -2.3723602 7.758972
-4.9404144 -2.5842133 7.4161987
-5.052292 -2.1628876 7.378113
-5.1784515 -1.8105927 7.378113
-5.3712616 -1.7796478 6.937744
-4.757126 -2.6865692 7.509033
-5.173691 -2.7008514 6.937744
-7.125595 -2.7389374 7.225769
-7.125595 -2.8412933 8.32312
-6.1996307 -2.3437958 9.437134
-6.2305756 -2.1676483 10.236938
-6.6090546 -2.6294403 9.675171
-7.118454 -2.7127533 8.77301
-7.4421844 -2.274765 8.26123
-7.504074 -2.0605316 7.6589966
-7.401718 -2.7222748 6.956787
-7.1779633 -3.5530243 6.245056
-6.989914 -3.4244843 6.5949707
-6.849472 -3.2959442 7.2091064
-6.4019623 -3.0602875 7.5947266
-6.1901093 -3.088852 7.5637817
-6.1353607 -3.429245 7.5042725
-5.6069183 -3.6006317 7.6589966
-5.1213226 -3.4625702 7.7946777
-5.021347 -3.1745453 7.797058
-4.961838 -3.031723 7.609009
-4.730942 -2.9912567 7.3876343
-4.809494 -2.7389374 7.16626
-4.752365 -2.6603851 7.1638794
-4.611923 -2.6960907 7.237671
-4.4548187 -2.6937103 7.3685913
-4.373886 -2.7794037 7.566162
-4.4286346 -2.7698822 7.630432
-4.559555 -2.8889008 7.801819
-4.5500336 -2.8889008 8.056519
-4.5095673 -2.9817352 8.223145
-4.6904755 -3.0364838 8.299316
-4.6857147 -3.2221527 8.339783
-4.7404633 -3.1626434 8.463562
-4.8261566 -2.8698578 8.368347
-4.635727 -2.9841156 8.518311
-4.4524384 -3.0007782 8.720642
-4.521469 -2.960312 8.9348755
-4.8523407 -2.7865448 9.180054
-4.757126 -2.7651215 9.134827
-4.8904266 -2.9341278 8.846802
-4.8642426 -2.6365814 8.7039795
-4.8951874 -2.6865692 8.465942
-5.199875 -2.7698822 8.392151
-5.471237 -2.6746674 8.365967
-5.2689056 -2.7032318 8.427856
-5.2689056 -2.6413422 8.482605
-5.392685 -2.2581024 8.446899
-5.4664764 -2.2604828 8.206482
-5.6521454 -2.3890228 7.839905
-5.8116302 -2.653244 7.61615
-5.9663544 -2.9531708 7.1257935
-5.7378387 -3.1245575 6.9091797
-5.783066 -3.3959198 6.8377686
-6.1163177 -3.6458588 6.4521484
-5.766403 -3.4078217 6.9924927
-6.625717 -3.5173187 6.9472656
-6.830429 -3.7148895 7.3947754
-6.7685394 -3.3863983 7.9279785
-6.7828217 -3.2530975 8.482605
-7.0065765 -3.20549 8.765869
-7.266037 -3.2697601 8.70636
-7.463608 -3.474472 8.111267
-7.4945526 -3.5363617 7.592346
-7.451706 -3.2769012 7.399536
-7.2255707 -3.1174164 7.290039
-6.8780365 -3.115036 6.980591
-6.4805145 -3.0864716 6.5616455
-5.9401703 -3.07695 6.6711426
-6.0306244 -2.9008026 6.7401733
-5.7235565 -2.762741 7.275757
-5.1713104 -3.0222015 7.3685913
-5.176071 -3.2840424 7.3947754
-5.302231 -3.0555267 7.4852295
-5.1594086 -2.69133 7.4971313
-5.111801 -2.5937347 7.2686157
-5.066574 -2.6675262 6.918701
-5.0189667 -2.6818085 6.918701
-5.1022797 -2.4628143 7.23291
-5.2736664 -2.2985687 7.4281006
-5.3641205 -2.3271332 7.513794
-5.2165375 -2.4199677 7.868469
-5.16893 -2.6746674 8.054138
-5.1284637 -2.922226 8.056519
-5.3950653 -2.7484589 7.987488
-5.4879 -2.4818573 8.1588745
-5.49028 -2.1581268 8.1588745
-6.1353607 -1.8177338 8.06842
-6.747116 -2.1819305 8.25647
-7.508835 -2.6413422 9.353821
-7.342209 -2.827011 9.872742
-6.9089813 -3.1959686 10.036987
-7.020859 -3.0436249 9.737061
-7.232712 -2.9507904 9.137207
-7.106552 -3.0864716 8.296936
-6.663803 -3.0602875 7.706604
-6.4043427 -3.2102509 7.180542
-6.247238 -3.319748 6.411682
-6.418625 -3.0793304 6.885376
-6.459091 -3.0650482 6.5925903
-5.74736 -3.1126556 6.6973267
-5.430771 -3.0745697 6.9258423
-5.573593 -3.0436249 6.9734497
-5.6259613 -3.0602875 6.9591675
-5.3974457 -3.0102997 7.263855
-5.116562 -3.0388641 7.4542847
-4.930893 -3.069809 7.609009
-4.949936 -3.2411957 7.649475
-5.1713104 -3.2197723 7.7113647
-5.4212494 -3.1864471 7.8637085
-5.468857 -3.107895 7.7161255
-5.2950897 -3.0293427 7.3495483
-5.0689545 -3.217392 7.1329346
-5.1665497 -3.3554535 6.8306274
-5.483139 -3.391159 7.0758057
-5.7735443 -3.0102997 7.316223
-5.6735687 -2.8222504 7.675659
-5.3831635 -2.876999 7.8827515
-5.290329 -3.0150604 7.963684
-5.49028 -2.9317474 7.868469
-5.5759735 -2.8103485 7.5828247
-5.380783 -2.7556 7.301941
-5.078476 -2.9341278 7.225769
-5.0998993 -2.993637 7.6375732
-5.3307953 -2.8817596 8.13269
-5.49028 -2.7889252 8.461182
-5.5045624 -2.7484589 8.506409
-5.354599 -2.729416 8.468323
-5.3260345 -2.7984467 8.277893
-5.221298 -2.717514 7.9779663
-5.0046844 -2.5794525 7.887512
-5.071335 -2.403305 7.9398804
-5.245102 -2.3914032 8.146973
-5.468857 -2.403305 8.3255005
-5.592636 -2.6318207 8.565918
-5.5307465 -2.922226 8.565918
-5.3307953 -3.1031342 8.401672
-5.283188 -3.2792816 8.170776
-5.4736176 -3.345932 7.801819
-5.9354095 -2.986496 7.61615
-6.0449066 -2.7484589 7.6256714
-5.7806854 -2.7651215 7.4161987
-5.7354584 -2.9722137 7.380493
-5.7568817 -3.088852 7.578064
-5.880661 -3.191208 7.694702
-5.87352 -3.3030853 7.380493
-6.0520477 -3.0936127 7.4471436
-6.213913 -2.94841 7.2614746
-6.4614716 -2.8722382 6.5473633
-7.5445404 -3.4578094 6.9067993
-8.296738 -3.4839935 7.661377
-8.165817 -3.403061 8.563538
-7.7111664 -3.6244354 9.28717
-7.7183075 -3.2221527 9.7561035
-7.4160004 -2.9555511 9.627563
-6.8661346 -3.01268 8.534973
-6.316269 -3.0602875 7.7661133
-6.213913 -3.410202 6.9710693
-6.009201 -3.5411224 6.199829
-6.1972504 -3.8220062 6.2783813
-5.802109 -2.7151337 6.1641235
-5.366501 -2.9555511 6.264099
-5.059433 -2.7770233 6.4711914
-5.3498383 -2.6365814 7.2662354
-5.0760956 -3.095993 7.3376465
-4.764267 -3.2031097 7.418579
-4.9023285 -2.7413177 7.482849
-4.9975433 -2.5199432 7.4138184
-4.9332733 -2.62706 7.1329346
-4.9213715 -2.5556488 6.892517
-5.1213226 -2.4247284 6.642578
-5.3784027 -2.4723358 6.4140625
-5.7759247 -2.4437714 6.4854736
-6.4733734 -3.4268646 7.16864
-6.9470673 -3.107895 8.142212
-7.1160736 -2.9698334 9.391907
-6.96373 -3.5554047 9.518066
-6.9351654 -3.7767792 9.299072
-6.9994354 -3.4506683 9.013428
-6.8970795 -3.3530731 8.820618
-6.3781586 -3.2292938 8.13031
-5.9282684 -3.372116 7.5637817
-6.19487 -3.3316498 7.173401
-6.7447357 -3.1174164 6.873474
-6.811386 -2.929367 6.7973022
-6.3210297 -2.9531708 6.756836
-5.8378143 -3.0174408 6.982971
-5.7568817 -3.3245087 6.7925415
-5.918747 -3.3578339 6.8068237
-5.771164 -3.14122 6.6973267
-5.368881 -3.1745453 6.802063
-5.1522675 -3.2769012 6.7996826
-5.2760468 -3.3316498 7.0305786
-5.464096 -3.2221527 7.187683
-5.4426727 -3.2340546 7.570923
-5.316513 -3.326889 7.6851807
-5.283188 -3.2388153 7.823242
-5.2998505 -3.1578827 7.8589478
-5.1284637 -2.967453 7.7113647
-4.930893 -2.62706 7.7161255
-4.842819 -2.4104462 7.7304077
-4.8951874 -2.255722 8.00177
-4.6642914 -2.5009003 8.563538
-4.5738373 -2.7794037 8.853943
-4.583359 -2.9127045 9.2300415
-4.730942 -2.7508392 9.28241
-4.707138 -2.7460785 9.330017
-4.2405853 -3.0555267 9.201477
-4.276291 -3.07695 8.830139
-4.71904 -3.115036 8.613525
-5.0951385 -3.5744476 8.220764
-5.0951385 -3.8862762 8.0946045
-5.1189423 -3.8243866 7.692322
-5.3712616 -3.6387177 7.373352
-5.733078 -3.5363617 7.0353394
-6.0877533 -3.2792816 6.980591
-6.656662 -2.8912811 6.556885
-7.087509 -3.1626434 7.5542603
-7.5373993 -3.3768768 9.034851
-7.2946014 -3.3173676 9.4609375
-7.2303314 -3.2102509 9.141968
-7.3279266 -2.8793793 8.475464
-7.1422577 -2.81987 7.1329346
-7.085129 -3.5530243 6.095093
-7.106552 -3.8220062 5.654724
-7.2112885 -3.7077484 5.2595825
-6.490036 -4.4766083 6.6711426
-5.528366 -4.174301 7.3947754
-5.214157 -3.7767792 7.9922485
-5.0808563 -3.9315033 8.0946045
-4.9285126 -4.0171967 7.6447144
-4.816635 -3.3054657 7.4138184
-4.623825 -2.5723114 6.816345
-4.9023285 -1.9891205 6.649719
-5.021347 -2.4056854 6.706848
-4.949936 -2.6246796 6.8687134
-4.9927826 -2.384262 7.4542847
-4.8642426 -2.4509125 7.789917
-4.8118744 -2.9626923 7.8184814
-5.0189667 -2.986496 7.804199
-5.8259125 -2.7603607 7.085327
-6.9684906 -3.2150116 7.839905
-6.380539 -4.2290497 8.568298
-6.406723 -4.212387 9.437134
-6.989914 -3.9386444 10.015564
-6.5519257 -3.898178 9.487122
-6.080612 -4.019577 8.70874
-5.93779 -3.948166 8.0112915
-6.0068207 -3.576828 7.513794
-5.9092255 -3.429245 7.4804688
-5.4879 -3.603012 7.9541626
-5.187973 -3.3149872 7.9089355
-5.2689056 -3.0912323 7.8518066
-5.2236786 -3.0912323 7.520935
-5.0165863 -3.0745697 7.385254
-4.923752 -2.929367 7.2471924
-5.180832 -2.9246063 7.052002
-5.418869 -3.0174408 6.9401245
-5.3069916 -2.9127045 7.1829224
-5.257004 -2.8722382 7.48999
-5.4974213 -2.800827 7.570923
-5.7092743 -2.7460785 7.725647
-5.7116547 -2.903183 7.4923706
-5.483139 -2.8365326 7.6399536
-5.445053 -2.8674774 7.7494507
-5.6783295 -3.2388153 7.589966
-5.7878265 -3.4340057 7.5042725
-5.842575 -3.4435272 7.597107
-6.078232 -3.5101776 7.6637573
-6.2996063 -3.3697357 7.6066284
-6.3972015 -3.3792572 7.7042236
-6.490036 -3.338791 7.42572
-6.4162445 -3.1364594 7.6447144
-6.2115326 -3.0650482 7.7994385
-6.078232 -2.7413177 8.06366
-6.0234833 -2.729416 7.9279785
-6.168686 -3.191208 7.801819
-6.2948456 -3.1769257 7.8256226
-6.0187225 -3.1769257 7.737549
-5.7378387 -3.0436249 7.7732544
-5.6450043 -2.9912567 7.7732544
-5.6473846 -3.0412445 7.706604
-5.7568817 -2.9912567 7.7613525
-5.7306976 -2.974594 7.7351685
-5.68309 -3.0293427 7.7304077
-5.6402435 -2.9507904 7.6899414
-5.6640472 -3.031723 7.4995117
-5.764023 -3.0007782 7.6066284
-5.9211273 -3.0007782 7.5804443
-6.047287 -3.0936127 7.668518
-6.035385 -3.1935883 7.847046
-5.93779 -3.3340302 7.8303833
-5.804489 -3.1197968 7.9279785
-5.8068695 -3.0388641 8.039856
-5.8187714 -3.0031586 7.706604
-5.7283173 -3.0269623 7.6256714
-5.5807343 -3.107895 7.4661865
-5.61644 -3.1031342 7.42572
-5.7092743 -2.9365082 7.5804443
-5.7687836 -2.876999 7.7304077
-5.7568817 -2.9650726 7.7946777
-5.8187714 -2.929367 8.037476
-5.944931 -2.8793793 8.00177
-5.994919 -2.8793793 8.008911
-5.9473114 -2.9769745 7.892273
-5.8711395 -2.9960175 7.778015
-5.8449554 -2.9650726 7.718506
-5.9282684 -2.910324 7.6780396
-5.933029 -2.9246063 7.8898926
-5.8401947 -2.8746185 7.904175
-5.790207 -3.0483856 8.146973
-5.8854218 -3.07695 8.108887
-5.956833 -3.0460052 8.020813
-5.983017 -3.115036 7.6066284
-5.778305 -3.2769012 7.2495728
-5.6259613 -3.14122 7.2043457
-5.6021576 -3.0626678 7.3376465
-5.6735687 -3.1316986 7.373352
-5.6283417 -3.134079 7.5375977
-5.547409 -3.024582 7.74469
-5.4164886 -2.9436493 7.544739
-5.271286 -3.024582 7.4590454
-5.2617645 -2.8984222 7.3638306
-5.278427 -2.7889252 7.5637817
-5.3117523 -2.6675262 7.5804443
-5.2689056 -2.6484833 7.6328125
-5.323654 -2.6508636 7.463806
-5.49028 -2.7722626 7.4733276
-5.4879 -2.7651215 7.687561
-5.5188446 -2.81987 7.6375732
-5.7759247 -3.0293427 7.566162
-6.297226 -3.2673798 7.635193
-6.168686 -3.2078705 8.408813
-6.047287 -3.1174164 8.651611
-6.3710175 -3.3340302 8.601624
-6.497177 -3.8196259 8.287415
-6.3591156 -3.14122 8.865845
-6.399582 -2.615158 9.039612
-6.0758514 -2.9269867 8.675415
-5.668808 -3.153122 7.8446655
-5.4141083 -3.20549 7.475708
-5.5831146 -3.2578583 7.3495483
-5.785446 -2.8889008 7.7018433
-5.635483 -2.56279 7.8446655
-5.4212494 -2.7675018 7.7113647
-5.354599 -3.2031097 7.3947754
-5.5069427 -2.710373 7.649475
-5.5878754 -2.2723846 7.6209106
-5.4736176 -2.319992 7.2662354
-5.2498627 -2.710373 7.16864
-5.1974945 -3.0079193 7.275757
-5.2498627 -2.7413177 7.6518555
-5.221298 -2.4175873 7.899414
-5.207016 -2.2819061 8.0946045
-5.1189423 -2.5746918 7.9613037
-5.1284637 -2.7222748 7.4852295
-5.257004 -2.7913055 7.2948
-5.4879 -3.0721893 6.949646
-5.6140594 -3.1935883 6.9258423
-5.540268 -3.0079193 7.2662354
-5.6259613 -2.6675262 7.694702
-6.047287 -2.441391 7.9851074
-6.4305267 -2.634201 8.615906
-6.228195 -2.6556244 8.925354
-5.983017 -2.5937347 9.001526
-5.906845 -2.7889252 9.053894
-5.68071 -3.1197968 8.699219
-5.699753 -3.2388153 8.573059
-5.687851 -3.224533 8.856323
-5.533127 -2.9507904 8.90155
-5.6021576 -2.774643 8.354065
-6.0330048 -2.6865692 8.565918
-5.868759 -2.5580292 8.570679
-5.6021576 -2.5485077 8.437378
-5.6473846 -2.7317963 8.289795
-5.7045135 -2.9055634 8.049377
-5.854477 -2.8984222 7.770874
-5.994919 -2.7341766 7.251953
-6.123459 -3.005539 7.513794
-5.997299 -3.0031586 7.3757324
-5.764023 -2.8222504 7.4090576
-5.7425995 -2.5080414 7.147217
-5.8901825 -2.9055634 6.949646
-6.144882 -2.8912811 6.749695
-6.3019867 -2.56279 7.2686157
-6.247238 -2.5366058 7.468567
-6.047287 -2.9436493 7.0877075
-6.0901337 -2.5746918 7.173401
-6.630478 -2.6889496 7.5875854
-6.4733734 -2.4889984 7.2091064
-5.8639984 -1.9915009 7.385254
-5.380783 -2.248581 7.6375732
-5.5640717 -2.7246552 7.3685913
-6.2805634 -2.2462006 8.06604
-6.6542816 -2.4628143 8.058899
-6.585251 -2.5746918 8.035095
-6.3448334 -2.5080414 8.039856
-6.1139374 -2.441391 7.8756104
-6.0377655 -2.441391 7.9779663
-6.0496674 -2.3342743 7.411438
-5.8449554 -1.8939056 7.316223
-5.699753 -2.2319183 6.923462
-5.5640717 -2.7889252 6.8615723
-5.7116547 -2.6103973 7.147217
-5.835434 -2.6175385 7.5947266
-5.740219 -2.7079926 7.7089844
-5.7878265 -2.5485077 7.770874
-5.9853973 -2.4294891 7.87323
-5.9687347 -2.6508636 7.782776
-5.9163666 -2.762741 7.7304077
-5.8140106 -2.7460785 7.7684937
-5.7545013 -2.710373 7.6780396
-5.804489 -2.7270355 7.585205
-5.8973236 -2.5104218 7.437622
-5.933029 -2.377121 7.3566895
-5.8639984 -2.3747406 7.4542847
-5.880661 -2.2390594 7.597107
-5.899704 -2.2414398 7.725647
-6.137741 -2.4128265 7.4852295
-6.437668 -2.2438202 7.9970093
-6.5519257 -2.3080902 8.301697
-6.330551 -2.8151093 8.653992
-6.209152 -2.5937347 9.189575
-6.304367 -2.1747894 9.149109
-6.4876556 -2.4390106 9.334778
-6.309128 -2.3914032 9.113403
-6.1782074 -2.4318695 8.83252
-6.0234833 -2.5461273 8.670654
-5.7949677 -2.384262 7.975586
Time Stop = 858
