Time Start = 2687
2.5077667 -1.8677216 9.794189
3.1599884 -3.217392 9.660889
3.0195465 -3.8767548 9.932251
0.64393616 -2.762741 9.227661
0.63679504 -2.153366 9.4609375
1.3770905 -2.0414886 9.753723
1.6317902 -2.5461273 9.787048
1.5722809 -2.7865448 9.787048
1.4604034 -2.8079681 9.253845
1.534195 -3.2673798 9.47998
1.4984894 -2.993637 9.363342
1.2747345 -2.0153046 9.777527
0.4273224 -1.7439423 9.687073
0.2702179 -2.1985931 9.101501
0.5987091 -2.4509125 9.134827
0.8534088 -2.993637 8.89679
0.86769104 -3.057907 7.7613525
0.8534088 -3.6506195 7.804199
1.0033722 -3.9148407 7.9327393
0.951004 -3.5554047 8.637329
0.82722473 -2.8531952 9.572815
0.9962311 -2.5175629 10.084595
1.2937775 -2.036728 10.113159
1.8007965 -2.5532684 10.520203
0.86769104 -1.9510345 9.206238
1.9221954 -2.3699799 9.7561035
1.8388824 -1.684433 9.720398
1.6198883 -2.9912567 9.753723
1.5937042 -2.9722137 9.482361
1.7032013 -2.550888 9.453796
1.5008698 -2.9269867 9.751343
1.4365997 -3.1697845 9.687073
1.4294586 -2.910324 9.35144
1.3723297 -2.8912811 9.184814
1.4889679 -3.3697357 9.301453
1.8246002 -3.2745209 9.453796
1.9674225 -2.9531708 9.496643
2.0269318 -2.8936615 9.753723
1.8174591 -2.8222504 9.5442505
1.7484283 -2.5199432 9.594238
1.5437164 -2.6484833 9.54187
1.6008453 -2.5413666 9.689453
1.579422 -2.4009247 9.67041
1.4913483 -2.6770477 9.534729
1.4032745 -2.7151337 9.451416
1.4913483 -3.14122 9.251465
1.4437408 -3.1816864 9.246704
1.3747101 -2.910324 9.372864
1.2604523 -2.922226 9.553772
1.329483 -3.0483856 9.420471
1.4294586 -3.0936127 9.499023
1.5080109 -2.8793793 9.698975
1.5032501 -2.3890228 9.853699
1.3580475 -1.6392059 9.841797
1.5960846 -2.5389862 9.41333
1.5699005 -2.4770966 9.199097
1.2152252 -2.5270844 9.02533
1.0105133 -3.5268402 8.863464
1.1081085 -2.8817596 8.818237
1.3080597 -3.2745209 9.022949
1.2318878 -3.4816132 9.472839
1.1104889 -2.9174652 9.591858
1.3413849 -2.9388885 9.729919
0.9843292 -1.9486542 9.02533
1.6365509 -2.6008759 9.789429
1.8531647 -2.6699066 10.11792
1.4746857 -2.679428 10.05603
1.4223175 -2.6437225 9.934631
1.7746124 -2.9388885 9.648987
2.2173615 -4.200485 9.587097
2.8862457 -4.5099335 8.596863
2.6006012 -3.6458588 9.639465
2.2483063 -2.8293915 9.637085
1.5651398 -3.2007294 9.646606
1.2033234 -3.9243622 8.9991455
1.4485016 -4.8955536 8.465942
1.9936066 -4.974106 8.680176
1.9174347 -4.4004364 8.718262
2.0554962 -4.4647064 8.45166
2.1126251 -5.0478973 7.7684937
2.162613 -5.2288055 7.8565674
2.1411896 -5.159775 8.030334
2.0388336 -5.1907196 8.06842
1.9936066 -5.38591 7.987488
2.1411896 -5.4025726 7.8898926
2.1768951 -4.9455414 7.842285
2.0507355 -4.4837494 8.294556
1.9817047 -5.226425 8.758728
2.1411896 -4.886032 8.727783
2.2054596 -4.6765594 8.984863
2.0816803 -3.9029388 9.34668
1.855545 -3.3483124 9.577576
1.6198883 -3.3983002 9.582336
1.598465 -3.8934174 9.341919
1.6674957 -4.257614 9.058655
1.6579742 -4.367111 8.887268
1.6603546 -4.402817 8.637329
1.7579498 -4.5623016 8.427856
1.9698029 -5.045517 8.251709
2.0912018 -5.076462 8.085083
2.1340485 -5.6905975 7.9779663
2.2649689 -5.135971 8.168396
2.2245026 -4.467087 8.627808
1.9721832 -4.1814423 8.932495
1.8507843 -3.9576874 9.111023
1.9031525 -4.193344 9.130066
1.9269562 -4.3504486 8.996765
1.8198395 -4.0743256 8.920593
1.9412384 -4.288559 8.920593
1.7984161 -4.1076508 9.170532
2.3482819 -3.769638 9.141968
1.9555206 -4.667038 8.777771
2.1721344 -4.1885834 8.992004
2.253067 -3.519699 9.070557
1.098587 -4.005295 8.737305
1.4651642 -3.5601654 9.208618
1.4342194 -3.4006805 8.808716
1.1438141 -3.5744476 9.032471
1.3271027 -3.4958954 9.191956
1.5484772 -3.3411713 9.006287
1.3604279 -3.288803 9.058655
1.2771149 -3.4459076 9.03009
1.4342194 -3.641098 9.041992
1.4461212 -3.0840912 9.546631
1.5008698 -1.934372 9.746582
1.3985138 -3.5815887 9.249084
1.7674713 -4.302841 9.015808
2.181656 -4.114792 9.125305
2.3863678 -4.0814667 9.065796
2.5006256 -4.088608 8.9991455
2.5387115 -4.057663 9.101501
2.5077667 -3.1935883 8.980103
2.2126007 -3.8124847 9.061035
2.4363556 -3.603012 9.210999
2.3030548 -3.4982758 9.353821
2.0697784 -3.7648773 9.149109
2.022171 -3.8386688 8.956299
2.0388336 -4.1433563 8.801575
2.0435944 -4.219528 8.561157
1.9721832 -4.519455 8.418335
1.9293365 -4.8241425 8.418335
1.9198151 -4.5742035 8.618286
2.0007477 -4.2599945 8.727783
2.060257 -3.9695892 8.90155
2.1411896 -3.6910858 9.125305
2.0650177 -3.6291962 9.225281
2.0078888 -3.5554047 9.289551
1.9626617 -3.6125336 9.161011
1.9198151 -3.6482391 9.134827
1.9198151 -3.9338837 8.968201
1.9674225 -4.1005096 9.013428
2.0197906 -3.8600922 9.015808
1.9912262 -3.814865 9.099121
1.9721832 -3.7934418 9.096741
2.0578766 -3.8101044 9.006287
2.0840607 -3.7910614 9.111023
1.7341461 -3.0721893 8.656372
1.6341705 -4.140976 8.96106
2.1483307 -4.217148 8.877747
2.279251 -4.2076263 8.842041
1.9912262 -4.1195526 8.484985
2.1578522 -4.6956024 8.668274
2.2959137 -4.409958 8.551636
2.3792267 -4.219528 8.756348
2.3387604 -3.9053192 8.982483
2.1530914 -3.7791595 9.041992
2.1649933 -3.7839203 9.172913
2.2602081 -3.6434784 9.394287
2.1554718 -3.7458344 9.206238
2.1269073 -4.0481415 9.106262
2.1292877 -4.1504974 8.906311
2.2387848 -4.2933197 8.811096
2.279251 -4.257614 8.784912
2.162613 -4.0743256 8.96106
2.0626373 -4.179062 8.946777
2.1673737 -4.4409027 8.725403
2.2578278 -4.448044 8.908691
2.3220978 -4.1695404 9.2300415
2.2102203 -3.9196014 9.106262
1.9840851 -3.3673553 8.351685
1.8650665 -3.2792816 9.28241
1.6912994 -3.4720917 9.341919
1.4270782 -3.6244354 8.882507
1.5460968 -3.852951 8.718262
1.5889435 -3.9719696 8.625427
1.7127228 -4.3242645 8.51355
1.8912506 -4.2742767 8.844421
2.0055084 -4.000534 9.375244
2.0912018 -4.012436 9.199097
2.1673737 -3.9862518 8.96582
2.3411407 -3.6887054 8.670654
2.3411407 -4.026718 9.103882
2.3149567 -4.276657 9.041992
2.27211 -4.1005096 8.951538
2.2054596 -3.9196014 9.072937
2.0793 -3.7458344 9.194336
1.976944 -3.9338837 9.168152
1.8960114 -3.9338837 9.210999
1.893631 -3.8029633 9.111023
1.8436432 -3.6768036 9.044373
1.7103424 -3.981491 8.942017
1.6698761 -4.302841 8.90155
1.7817535 -4.114792 8.689697
1.7984161 -3.864853 8.57782
1.7127228 -3.871994 8.687317
1.6960602 -3.9505463 9.053894
1.8579254 -3.9315033 9.051514
2.0435944 -3.9957733 8.994385
2.1578522 -4.2909393 8.946777
2.279251 -4.088608 8.932495
2.2483063 -4.4147186 8.689697
2.234024 -4.5932465 8.653992
2.3197174 -4.319504 8.701599
2.0650177 -4.012436 8.918213
2.0554962 -3.898178 9.106262
1.9007721 -3.7482147 9.056274
1.8126984 -3.7339325 9.251465
1.7746124 -3.7458344 9.141968
1.7436676 -3.7006073 8.911072
1.7627106 -3.8815155 9.053894
1.7746124 -4.019577 8.903931
1.938858 -3.9886322 8.970581
1.957901 -3.8934174 9.163391
1.874588 -3.788681 9.087219
1.8317413 -3.7410736 9.161011
1.829361 -3.9124603 9.189575
1.8174591 -3.871994 8.903931
1.8055573 -3.8886566 9.199097
1.8269806 -3.8124847 9.499023
1.8317413 -3.6458588 9.779907
1.855545 -3.724411 9.725159
2.1173859 -3.8600922 9.241943
2.5339508 -3.917221 8.806335
2.1864166 -3.84581 9.196716
2.7124786 -4.4599457 9.551392
1.5318146 -4.0552826 8.842041
1.6198883 -4.4194794 8.942017
1.8841095 -4.1314545 9.141968
1.7698517 -3.6649017 9.120544
1.4984894 -4.193344 8.677795
1.6960602 -3.9219818 8.027954
1.3199615 -3.436386 8.8349
1.219986 -3.6006317 9.41333
1.348526 -3.5673065 8.218384
1.3913727 -3.9148407 8.013672
1.4008942 -5.059799 7.699463
1.3604279 -5.124069 7.9375
1.2533112 -4.571823 8.315979
1.2771149 -4.538498 8.508789
1.450882 -3.8957977 9.015808
1.8079376 -3.8957977 8.551636
1.7603302 -4.4718475 9.125305
1.8579254 -2.596115 10.058411
1.8436432 -3.095993 10.225037
2.0888214 -4.1504974 9.758484
2.650589 -3.5435028 9.4609375
2.8719635 -3.3673553 9.518066
2.5767975 -3.6482391 9.532349
2.2245026 -3.5411224 9.601379
2.0007477 -3.6315765 9.527588
1.8007965 -3.9267426 9.151489
1.9150543 -4.409958 9.056274
2.131668 -4.3052216 8.856323
2.022171 -3.372116 8.892029
1.7484283 -3.1126556 8.756348
1.2437897 -2.8436737 8.32312
1.2937775 -4.224289 8.882507
1.431839 -3.6529999 8.568298
1.4794464 -3.8124847 8.542114
1.3104401 -4.031479 8.746826
1.4461212 -3.9434052 8.627808
1.5080109 -3.5101776 8.9991455
1.662735 -3.5887299 9.315735
1.6294098 -3.9005585 9.341919
1.957901 -3.2269135 9.206238
2.131668 -2.9269867 9.294312
2.2292633 -4.186203 9.341919
2.3578033 -4.5099335 9.294312
2.6339264 -3.7767792 9.225281
2.4292145 -3.5101776 9.384766
2.2030792 -3.2983246 9.472839
2.0697784 -3.1864471 9.453796
2.0745392 -3.3483124 9.270508
2.0364532 -3.6839447 9.09436
2.0245514 -3.5363617 8.9348755
1.8864899 -3.6506195 8.9348755
1.7198639 -3.5863495 9.120544
1.7389069 -3.6387177 9.065796
2.0340729 -3.833908 9.034851
1.6793976 -3.5268402 8.468323
2.1840363 -4.152878 9.103882
2.6553497 -3.9981537 8.918213
2.381607 -3.5530243 9.020569
2.1031036 -3.531601 8.956299
1.9102936 -3.3887787 9.394287
2.3006744 -3.538742 9.3133545
2.291153 -3.4816132 9.2300415
2.086441 -3.7934418 8.946777
1.9293365 -4.1623993 8.89917
2.0102692 -4.1195526 8.7872925
2.0388336 -3.9434052 8.675415
2.0293121 -3.6172943 8.903931
1.8722076 -3.8434296 8.980103
1.8722076 -3.7220306 9.084839
1.9436188 -3.8386688 9.022949
2.0507355 -3.891037 8.863464
2.1031036 -4.136215 8.744446
2.2506866 -4.1957245 8.751587
2.2173615 -3.8600922 8.870605
2.1911774 -3.7577362 9.065796
2.1745148 -3.8696136 9.001526
2.234024 -3.8315277 9.306213
1.912674 -3.095993 8.83728
1.9936066 -3.8053436 9.184814
2.1602325 -3.603012 9.15387
2.1031036 -3.6482391 9.111023
1.938858 -3.743454 9.020569
1.8912506 -3.679184 9.072937
1.9555206 -3.7077484 8.903931
2.0078888 -3.7386932 9.065796
2.0888214 -3.7029877 8.951538
2.067398 -3.603012 9.272888
1.9602814 -3.4911346 9.215759
1.9459991 -3.6696625 9.056274
2.0507355 -3.7839203 9.0896
2.0840607 -3.7458344 9.15863
2.226883 -3.788681 9.28479
2.33638 -3.936264 9.051514
2.3459015 -3.955307 9.011047
2.2483063 -4.212387 8.668274
2.3411407 -4.828903 8.480225
2.510147 -4.436142 8.803955
2.4553986 -3.769638 9.232422
2.355423 -3.5482635 9.660889
2.188797 -3.9624481 9.877502
2.3030548 -3.6387177 9.706116
2.162613 -3.2983246 9.175293
2.0769196 -3.198349 8.189819
1.541336 -3.2507172 8.696838
0.9843292 -3.4459076 9.770386
0.92481995 -3.7410736 8.949158
1.1081085 -3.4411469 7.823242
1.4032745 -4.526596 7.23291
1.0438385 -5.269272 7.380493
1.2057037 -5.354965 8.668274
1.515152 -4.764633 7.270996
2.2768707 -3.5934906 8.525452
2.0935822 -4.031479 8.563538
1.938858 -4.621811 8.803955
2.805313 -4.595627 10.096497
0.79151917 -3.024582 9.306213
1.9007721 -3.595871 9.634705
2.4934845 -3.9148407 9.560913
2.7172394 -4.1647797 9.694214
2.9314728 -4.5099335 9.296692
2.8267365 -4.845566 8.813477
2.9409943 -4.7551117 8.501648
2.881485 -4.4599457 8.404053
2.7386627 -4.5742035 8.584961
2.5339508 -4.1195526 8.8515625
2.2126007 -3.9457855 8.96344
1.9864655 -4.095749 9.075317
2.01503 -3.9957733 9.034851
1.9745636 -4.409958 9.022949
2.0793 -4.557541 9.049133
2.022171 -4.10289 8.742065
2.150711 -3.7577362 9.130066
2.131668 -3.0793304 9.051514
1.6651154 -2.8079681 9.341919
1.4080353 -3.5101776 9.3133545
1.303299 -3.5244598 9.072937
1.4913483 -3.3673553 8.861084
1.3509064 -3.6101532 8.656372
1.2890167 -4.050522 8.525452
1.6056061 -3.9719696 9.175293
1.9079132 -3.84581 9.408569
2.1126251 -3.833908 9.101501
2.1935577 -3.5244598 9.134827
2.4054108 -3.5268402 9.2300415
2.4815826 -3.9576874 9.232422
2.5363312 -3.9648285 9.149109
2.4482574 -3.9243622 9.0824585
2.3459015 -3.9600677 9.068176
2.2816315 -3.9695892 8.951538
2.33638 -3.936264 8.987244
2.2935333 -4.019577 8.9991455
2.279251 -4.171921 8.89917
2.20784 -4.1766815 8.696838
2.14357 -4.1314545 8.689697
2.048355 -4.3123627 8.558777
1.9174347 -4.2933197 8.882507
1.8341217 -3.71727 8.939636
1.7603302 -3.474472 9.249084
1.6151276 -3.4197235 9.258606
1.7198639 -3.5363617 9.182434
1.8579254 -3.8196259 9.191956
2.060257 -3.8862762 9.022949
2.1031036 -3.8600922 9.265747
2.2411652 -3.826767 9.172913
2.291153 -4.057663 9.09436
2.426834 -4.1695404 8.89917
2.4815826 -4.2409515 8.863464
2.27211 -4.1623993 8.649231
1.8079376 -3.936264 8.89679
1.431839 -3.6529999 9.137207
1.284256 -3.6744232 8.932495
1.4627838 -3.8815155 8.882507
1.6865387 -3.9862518 8.872986
1.7246246 -3.8767548 8.887268
1.6984406 -3.993393 8.849182
1.643692 -4.114792 8.799194
1.6889191 -3.9338837 8.849182
1.7841339 -3.5339813 9.056274
1.7174835 -3.4506683 9.2300415
1.7293854 -3.6315765 9.246704
1.8222198 -3.7220306 9.206238
1.9507599 -3.8053436 9.108643
1.976944 -3.9148407 8.96106
1.938858 -3.9719696 8.994385
1.8841095 -3.9410248 8.889648
1.9221954 -4.0433807 8.932495
1.9031525 -4.110031 9.003906
1.9174347 -3.981491 8.892029
1.9340973 -4.0148163 9.061035
1.9531403 -3.8196259 8.9991455
1.8817291 -3.833908 9.044373
1.8722076 -3.8291473 9.011047
1.8793488 -3.833908 8.982483
1.9555206 -3.8791351 9.006287
1.9817047 -3.8672333 9.022949
1.9340973 -3.8553314 9.0896
1.9317169 -3.8743744 9.011047
1.9626617 -3.833908 9.061035
1.9221954 -3.7291718 9.046753
1.9698029 -3.7315521 9.03009
1.9721832 -3.800583 9.084839
1.9912262 -3.7648773 9.061035
1.9817047 -3.7410736 9.103882
2.0102692 -3.667282 9.199097
1.9698029 -3.78154 9.139587
1.9936066 -3.826767 8.96106
1.976944 -3.8362885 8.932495
2.0435944 -3.7839203 8.994385
1.8650665 -4.0290985 9.187195
1.8317413 -3.6768036 8.980103
1.9317169 -4.012436 9.046753
2.003128 -3.7720184 9.0824585
1.9412384 -3.8410492 9.013428
1.9793243 -3.7791595 9.02771
1.9650421 -3.8767548 9.065796
2.0007477 -3.7672577 9.113403
2.0650177 -3.788681 9.041992
2.0364532 -3.852951 9.011047
2.0293121 -3.981491 8.984863
2.0197906 -3.8600922 8.942017
2.0626373 -3.8672333 8.989624
1.9531403 -3.7291718 9.001526
1.8460236 -3.8815155 9.039612
1.8388824 -3.9862518 9.225281
1.9055328 -3.8053436 9.09436
1.9912262 -3.5934906 8.756348
1.8841095 -3.814865 8.913452
1.8817291 -4.000534 9.210999
1.9317169 -3.6625214 9.037231
1.9079132 -3.5887299 9.008667
1.9198151 -3.917221 9.09198
2.0459747 -4.0219574 8.946777
2.2744904 -4.1076508 8.894409
2.2816315 -4.1576385 8.818237
2.3268585 -4.0362396 8.756348
2.2102203 -4.110031 8.765869
2.169754 -4.095749 8.870605
2.0435944 -4.186203 8.842041
2.0721588 -4.050522 8.96582
2.0316925 -4.0171967 8.908691
1.9626617 -3.864853 8.932495
1.8626862 -3.91008 8.892029
1.8436432 -3.9981537 8.951538
1.8484039 -3.917221 9.084839
1.810318 -3.8053436 9.072937
1.727005 -3.7482147 9.15625
1.7103424 -3.743454 9.101501
1.8007965 -3.8577118 9.139587
1.9198151 -4.0362396 9.15387
2.1388092 -3.724411 9.132446
2.0102692 -3.6077728 9.096741
1.8960114 -3.9243622 9.041992
1.9436188 -3.8934174 9.011047
2.0174103 -3.6696625 9.194336
2.086441 -3.8791351 9.251465
2.0912018 -4.2647552 9.044373
2.131668 -4.10289 8.613525
2.1768951 -3.9005585 9.037231
2.1792755 -3.5554047 9.249084
1.7627106 -3.1007538 8.842041
1.6198883 -3.4911346 8.77063
1.5008698 -4.340927 8.889648
1.3961334 -3.7291718 8.827759
1.3818512 -3.4506683 8.799194
1.11763 -3.7553558 9.065796
Time Stop = 2692
