Time Start = 1457236116
-3.6216888 2.2979279 7.42572
-2.6766815 2.240799 8.025574
-1.9244843 2.9001617 8.968201
-1.4269867 3.331009 9.706116
-1.4174652 3.331009 9.820374
-1.615036 2.9929962 9.508545
-1.8983002 2.524063 8.975342
-2.0554047 2.1408234 8.756348
-2.1125336 2.1432037 8.718262
-2.031601 2.228897 8.911072
-1.9411469 2.2360382 9.032471
-1.9078217 2.4669342 9.03009
-1.948288 2.638321 9.011047
-1.9149628 2.5312042 9.101501
-1.8316498 2.2003326 8.918213
-1.8697357 1.5623932 8.842041
-1.8292694 0.84114075 8.7682495
-1.7840424 0.38887024 8.932495
-1.7721405 -0.23954773 9.34668
-1.7721405 -0.35142517 9.234802
-1.8935394 -0.28001404 9.28717
-1.8768768 -0.25382996 9.372864
-1.8126068 -0.4894867 10.036987
-1.6959686 -0.9322357 10.832031
-1.6959686 -0.99650574 11.167664
-1.6126556 -0.9322357 10.962952
-1.6816864 -1.1250458 10.334534
-1.5864716 -1.4321136 9.225281
-1.698349 -2.081955 8.83252
-1.9173431 -2.6818085 8.984863
-2.269638 -2.7794037 9.270508
-2.3957977 -2.3485565 9.406189
-2.5219574 -1.2059784 9.0896
-2.167282 -0.20384216 9.437134
-1.5388641 -0.299057 10.489258
-1.2270355 -0.5132904 10.491638
-1.0532684 -1.2464447 10.50354
-0.8652191 -2.5389862 10.617798
-0.793808 -3.519699 10.075073
-0.9009247 -3.833908 9.791809
-1.2032318 -3.7982025 9.739441
-1.422226 -3.6720428 9.829895
-1.5888519 -3.300705 9.813232
-1.5626678 -3.1483612 9.710876
-1.6221771 -2.9150848 9.532349
-1.2675018 -2.88414 9.225281
-0.7700043 -3.153122 9.332397
-0.75572205 -3.5744476 9.189575
-0.6105194 -3.5625458 9.587097
-0.098739624 -4.0029144 10.227417
0.277359 -4.110031 10.253601
0.022659302 -4.0410004 9.782288
-0.4557953 -4.2647552 9.41333
-0.6628876 -4.198105 9.003906
-0.627182 -4.1124115 8.830139
-0.57481384 -3.8481903 8.687317
-0.58909607 -4.0481415 8.822998
-0.69621277 -4.371872 8.582581
-0.79618835 -4.071945 8.32312
-0.57481384 -3.833908 8.863464
-0.43675232 -3.6268158 9.334778
-0.2986908 -3.3102264 9.53949
-0.37724304 -3.3221283 10.108398
-0.43199158 -3.4173431 9.9227295
-0.5057831 -3.6172943 9.4609375
-0.6367035 -3.319748 9.213379
-0.9985199 -2.8484344 8.870605
-0.9723358 -3.6482391 9.679932
-0.8318939 -2.646103 9.829895
-0.73191833 -3.4078217 10.146484
-0.8152313 -3.7958221 9.789429
-0.858078 -3.5101776 9.984619
-1.0366058 -4.3290253 10.279785
-0.71525574 -3.7958221 9.380005
-0.72239685 -4.367111 9.208618
-0.9247284 -4.007675 8.975342
-0.6866913 -3.7291718 8.794434
0.129776 -4.0933685 9.239563
-0.39390564 -3.8577118 8.7682495
-0.774765 -3.5363617 8.337402
-0.68193054 -3.3816376 7.6970825
-0.25584412 -3.2578583 8.170776
0.1464386 -1.7986908 10.870117
0.027420044 -2.3176117 10.774902
-0.6105194 -3.7029877 8.470703
-1.8340302 -6.169052 8.775391
-1.8935394 -6.759384 8.456421
-1.2222748 -6.359482 8.615906
-0.5867157 -5.302597 8.858704
-0.41770935 -4.5670624 8.927734
-0.7509613 -4.2742767 9.191956
-1.2270355 -4.0814667 9.111023
-1.8744965 -4.1838226 9.277649
-2.2291718 -4.0148163 9.015808
-2.5029144 -4.0171967 9.22052
-2.326767 -3.5982513 9.913208
-1.1675262 -3.345932 10.363098
-0.68907166 -2.9912567 10.022705
-0.5272064 -3.1007538 9.627563
-1.0009003 -3.512558 8.877747
-1.4127045 -3.814865 8.182678
-1.7221527 -3.7148895 7.968445
-1.7507172 -3.2078705 8.727783
-1.3103485 -2.6699066 8.970581
-0.9556732 -3.338791 10.086975
-0.69621277 -2.4961395 9.877502
-0.51768494 -2.596115 10.63208
-0.44151306 -2.7127533 10.686829
-0.41770935 -2.8293915 10.674927
-0.6033783 -2.8079681 10.801086
-0.78904724 -2.3890228 10.684448
-0.90330505 -1.3297577 10.489258
-0.7366791 -2.0676727 9.9869995
-0.64860535 -2.8603363 8.9158325
-0.6843109 -3.5982513 8.082703
-0.7200165 -4.23143 7.6637573
-0.6128998 -4.845566 7.706604
-0.64146423 -5.135971 8.358826
-0.8723602 -4.3932953 8.799194
-1.0746918 -3.7125092 9.180054
-1.0984955 -3.4649506 9.332397
-0.9009247 -4.7075043 9.182434
-1.0104218 -4.0290985 9.237183
-0.64860535 -4.383774 10.146484
-0.34629822 -3.891037 9.372864
-0.6176605 -3.8029633 9.817993
-0.8342743 -3.4387665 10.1536255
-1.4603119 -2.8555756 10.015564
-1.7507172 -3.1507416 9.770386
-1.8387909 -3.2578583 9.28717
-1.6959686 -3.1126556 9.422852
-1.3865204 -2.8508148 9.53949
-1.1794281 -2.5937347 9.6918335
-0.95329285 -2.8246307 9.67041
-0.8437958 -3.2411957 9.080078
-0.86997986 -3.9505463 8.911072
-1.1318207 -4.3694916 8.7682495
-1.3174896 -4.633713 8.742065
-1.4293671 -4.6575165 9.02771
-1.4198456 -4.61705 9.213379
-1.3103485 -4.8955536 9.0896
-1.2056122 -4.769394 8.977722
-1.0556488 -4.2599945 9.018188
-1.0794525 -3.955307 9.189575
-1.0865936 -4.03862 9.144348
-0.9794769 -4.288559 9.065796
-0.9985199 -4.3575897 8.96582
-1.1127777 -4.1623993 9.0896
-1.0032806 -4.1695404 9.330017
-1.1294403 -4.057663 9.108643
-1.19133 -4.0671844 9.339539
-1.338913 -3.7363129 9.370483
-1.4127045 -3.4506683 9.494263
-1.4103241 -3.705368 9.646606
-1.422226 -3.9767303 9.408569
-1.1675262 -3.9886322 9.275269
-1.1008759 -3.679184 9.327637
-1.0770721 -3.5458832 9.4609375
-1.3293915 -3.5292206 9.563293
-1.4888763 -3.8029633 9.389526
-1.5031586 -3.6053925 9.139587
-1.4079437 -3.4625702 9.206238
-1.2389374 -3.4578094 9.41333
-1.108017 -3.6196747 9.370483
-1.0604095 -3.6649017 9.368103
-1.0723114 -3.6720428 9.401428
-0.9485321 -3.9219818 9.384766
-0.94615173 -4.6194305 9.265747
-0.86997986 -5.295456 8.892029
-0.7914276 -5.454941 8.920593
-0.858078 -4.969345 8.839661
-0.97709656 -4.4718475 9.141968
-1.0270844 -4.2028656 9.322876
-1.1389618 -4.1814423 9.141968
-1.0842133 -4.238571 9.2300415
-0.627182 -4.5361176 9.501404
-0.59861755 -4.23143 9.644226
-1.4269867 -4.533737 8.680176
-0.39152527 -5.283554 8.475464
-1.1103973 -5.0669403 8.361206
-1.153244 -4.2933197 8.082703
-0.3558197 -4.686081 9.127686
-0.30345154 -4.995529 9.251465
-0.36058044 -5.1764374 8.894409
-0.248703 -5.4406586 9.191956
-0.27726746 -5.443039 9.382385
-0.38200378 -6.104782 9.465698
-0.45103455 -6.740341 8.392151
-0.7366791 -6.426132 7.4971313
-0.67240906 -5.2097626 7.513794
-0.44151306 -3.6553802 8.035095
0.3106842 -2.7079926 9.675171
-0.0011444092 -3.0031586 9.434753
-0.19395447 -5.4287567 9.15387
-0.15586853 -7.3568573 8.889648
-0.19633484 -8.030502 8.19458
-0.25346375 -7.535385 8.423096
-0.42723083 -6.1976166 8.57782
-0.1582489 -4.840805 9.008667
-0.25346375 -4.219528 9.318115
-0.29631042 -3.5458832 8.104126
-0.17253113 -4.7789154 8.651611
-0.59147644 -4.8170013 7.547119
-0.4700775 -5.692978 7.3067017
-0.02494812 -6.0881195 7.6708984
0.17024231 -6.975998 7.10437
0.20832825 -5.692978 7.649475
0.37019348 -4.095749 9.665649
0.29640198 -2.8317719 12.229309
-0.80570984 -4.5932465 12.079346
-1.4293671 -6.740341 10.279785
-1.1841888 -6.214279 9.170532
-0.50102234 -4.697983 8.277893
-0.22251892 -3.403061 7.6066284
-1.2222748 -2.5604095 7.309082
-1.5341034 -3.391159 8.142212
-1.4341278 -5.012192 8.527832
-1.1199188 -4.697983 8.746826
-0.22251892 -4.6122894 10.317871
0.117874146 -4.955063 9.0896
-0.2320404 -5.2787933 8.4730835
-0.71287537 -4.886032 8.206482
-0.8009491 -4.845566 8.042236
-0.74858093 -4.5027924 8.111267
-0.27726746 -5.602524 8.692078
-0.40342712 -5.7239227 8.356445
-0.25346375 -6.252365 9.168152
-0.47483826 -6.271408 9.627563
-0.6866913 -4.8050995 9.67041
-1.0556488 -4.1076508 10.034607
-1.281784 -4.8050995 9.66803
-1.1960907 -5.0740814 9.001526
-0.877121 -5.538254 7.9851074
-1.153244 -4.87175 8.377869
-1.7364349 -3.6053925 8.687317
-1.6483612 -2.3437958 8.925354
-1.2103729 -1.9177094 9.175293
-1.281784 -3.069809 9.546631
-1.6436005 -4.8241425 8.994385
-1.8768768 -5.745346 10.110779
-1.5222015 -5.1716766 9.53949
-0.96281433 -4.462326 9.337158
-0.710495 -4.333786 9.41333
-0.65812683 -3.9410248 9.877502
-0.50102234 -3.814865 9.3966675
-0.8842621 -3.531601 8.351685
-1.2151337 -4.3932953 7.923218
-1.6412201 -4.367111 6.97583
-1.8554535 -4.2219086 7.1638794
-1.44841 -4.3552094 8.396912
-0.5605316 -3.345932 10.339294
0.6153717 -3.698227 11.681824
-0.24394226 -5.538254 10.139343
-0.93663025 -6.6189423 9.163391
-1.8578339 -5.6786957 9.189575
-1.884018 -4.7289276 9.280029
-1.3579559 -4.519455 9.215759
-0.92948914 -5.302597 8.487366
-1.2294159 -5.38591 8.0112915
-1.2079926 -3.814865 8.175537
-0.8890228 -3.9124603 8.913452
-0.7771454 -3.2150116 8.746826
-0.8176117 -3.0983734 9.520447
-0.8509369 -3.2221527 9.532349
-0.85569763 -3.391159 9.403809
-0.82951355 -4.000534 9.722778
-0.84617615 -4.302841 9.5252075
-0.96281433 -4.2957 9.353821
-1.1056366 -4.283798 9.270508
-0.85331726 -4.1647797 9.141968
-0.7533417 -4.1171722 9.306213
-0.7176361 -4.340927 9.277649
-0.51530457 -4.4980316 9.439514
-0.53434753 -4.3932953 8.665894
-0.70573425 -4.976486 9.096741
-0.9009247 -4.909836 8.8349
-0.9818573 -4.9598236 8.677795
-0.9913788 -4.931259 8.589722
-0.9556732 -5.00029 8.692078
-0.91996765 -5.181198 8.794434
-0.922348 -5.1193085 8.8349
-0.86997986 -4.962204 8.96582
-0.8723602 -4.5599213 8.946777
-0.7604828 -4.352829 9.206238
-0.6105194 -4.595627 9.053894
-0.6176605 -5.052658 8.665894
-0.7247772 -5.1978607 8.756348
-0.8842621 -5.0312347 8.689697
-0.81999207 -4.205246 8.349304
-0.7342987 -4.319504 8.749207
-0.7342987 -5.007431 9.127686
-0.72953796 -5.4477997 8.813477
-0.74620056 -5.5549164 8.9158325
-0.7176361 -5.219284 8.613525
-0.6628876 -4.9836273 8.656372
-0.6509857 -5.116928 8.863464
-0.6843109 -5.4406586 8.968201
-0.7581024 -5.314499 8.715881
-0.81999207 -4.905075 8.653992
-0.7414398 -4.988388 9.049133
-0.76524353 -5.245468 8.777771
-0.710495 -5.1931 9.049133
-0.74858093 -5.059799 9.418091
-0.7009735 -4.893173 9.28241
-0.5938568 -5.0931244 9.072937
-0.48435974 -5.3383026 8.784912
-0.6105194 -5.1121674 8.061279
-0.6628876 -5.0478973 8.444519
-0.8247528 -4.8693695 8.601624
-0.9961395 -4.7075043 8.3255005
-1.0223236 -4.9717255 7.8970337
-1.0532684 -5.243088 7.623291
-1.0151825 -5.3763885 7.501892
-0.81999207 -4.909836 8.080322
0.24641418 -5.0288544 9.532349
0.4011383 -3.814865 10.036987
-0.36772156 -4.236191 9.441895
-0.9485321 -5.250229 9.808472
-1.6555023 -5.302597 9.384766
-2.0077972 -4.4837494 9.28479
-2.0149384 -4.0743256 9.489502
-1.7507172 -3.8577118 9.446655
-1.3746185 -3.217392 9.553772
-1.0342255 -2.6746674 9.487122
-0.9009247 -2.6508636 9.658508
-1.0485077 -2.8079681 9.6918335
-1.217514 -3.0364838 9.703735
-1.31987 -3.1578827 9.363342
-1.2460785 -3.4911346 9.1657715
-1.1127777 -4.3385468 8.830139
-0.84617615 -5.469223 8.365967
-0.65812683 -6.661789 7.6328125
-0.6367035 -7.463974 7.366211
-0.71525574 -7.0188446 7.7351685
-0.6033783 -5.51445 8.70874
-0.88664246 -3.9029388 9.677551
-1.0223236 -3.2031097 10.446411
-1.5007782 -3.1650238 9.913208
-1.5721893 -4.0862274 9.003906
-1.5150604 -4.9717255 9.018188
-1.3508148 -4.845566 8.942017
-1.0723114 -4.000534 8.77063
-0.9747162 -3.4435272 9.3966675
-1.0556488 -3.1197968 9.937012
-1.1437225 -2.8627167 9.598999
-1.1365814 -2.7413177 9.577576
-1.1603851 -2.7198944 9.54187
-1.1294403 -2.6699066 9.268127
-1.2651215 -3.095993 9.09436
-1.2389374 -3.705368 9.582336
-1.2079926 -4.0743256 9.365723
-1.2413177 -4.814621 9.451416
-1.19133 -5.309738 8.880127
-1.0818329 -5.205002 8.458801
-1.0413666 -4.429001 8.9348755
-0.9723358 -3.7767792 9.132446
-1.0199432 -3.7791595 9.225281
-1.1175385 -4.0600433 8.96582
-1.1294403 -4.03862 9.239563
-1.0865936 -3.9029388 9.365723
-1.0937347 -4.10289 9.187195
-1.0508881 -4.300461 9.139587
-0.9842377 -4.5742035 9.068176
-0.9723358 -4.8693695 9.118164
-0.9794769 -4.602768 9.161011
-1.0675507 -4.1647797 9.270508
-1.1461029 -3.8934174 9.310974
-1.2222748 -3.788681 9.275269
-1.2317963 -3.8243866 9.28717
-1.2841644 -3.7791595 9.272888
-1.236557 -4.026718 9.35144
-1.1889496 -4.319504 9.210999
-1.2056122 -4.4409027 9.139587
-1.0984955 -4.493271 9.244324
-1.1746674 -4.5813446 9.54187
-1.3246307 -4.5432587 9.665649
-1.3555756 -3.9434052 8.930115
-1.1937103 -3.6053925 9.449036
-0.941391 -3.4506683 9.487122
-0.6771698 -3.6387177 9.049133
-0.61528015 -4.0171967 9.075317
-0.72953796 -4.3099823 8.83728
-0.8342743 -4.3290253 8.327881
-1.134201 -4.0981293 8.304077
-0.63908386 -4.090988 8.565918
-0.45341492 -3.9624481 8.5563965
-0.4867401 -4.5218353 9.106262
-0.79618835 -5.526352 9.3966675
-1.2436981 -5.026474 9.356201
-1.6721649 -4.526596 9.858459
-1.9316254 -4.1504974 9.806091
-1.9697113 -3.948166 9.67041
-1.7792816 -3.4459076 9.456177
-1.4388885 -3.217392 9.189575
-1.0032806 -3.1055145 9.225281
-0.8176117 -2.9888763 9.263367
-0.6676483 -3.1459808 9.508545
-0.9056854 -3.436386 9.318115
-1.1413422 -3.9434052 9.291931
-1.2436981 -4.16716 9.201477
-1.1484833 -3.814865 8.968201
-1.0865936 -3.7601166 9.113403
-0.84617615 -4.5051727 9.122925
-0.8247528 -5.1788177 8.922974
-0.9651947 -5.288315 8.839661
-1.024704 -4.8312836 9.063416
-1.1127777 -4.2480927 9.134827
-1.1270599 -3.9267426 9.206238
-1.0413666 -3.7291718 9.249084
-0.9913788 -3.8410492 9.265747
-0.9509125 -4.160019 9.15387
-0.8318939 -4.179062 9.058655
-0.7366791 -4.257614 9.182434
-1.0580292 -4.026718 9.115784
-1.2317963 -3.7125092 9.449036
-1.1651459 -3.307846 9.791809
-1.4079437 -3.422104 9.741821
-1.5555267 -3.686325 9.429993
-1.3865204 -3.981491 9.237183
-1.0913544 -4.1052704 9.194336
-0.7676239 -4.281418 9.122925
-0.59861755 -4.481369 9.022949
-0.5938568 -4.5932465 8.925354
-0.7414398 -4.379013 8.846802
-0.88664246 -4.300461 9.058655
-1.0128021 -4.450424 8.970581
-1.0104218 -4.700363 8.875366
-0.8818817 -4.9455414 8.958679
-0.74858093 -5.264511 9.09436
-0.5962372 -5.4454193 8.977722
-0.5605316 -5.276413 8.730164
-0.6367035 -5.0359955 8.611145
-0.7009735 -4.9026947 8.715881
-0.85569763 -5.0169525 8.606384
-0.8747406 -5.0359955 8.925354
-0.87950134 -4.814621 8.958679
-0.82237244 -4.7931976 8.996765
-0.7366791 -4.80748 8.922974
-0.6438446 -4.8050995 8.920593
-0.6605072 -5.1907196 8.815857
-0.6295624 -5.4977875 8.539734
-0.710495 -5.2549896 8.534973
-0.691452 -4.955063 8.777771
-0.73905945 -4.847946 8.882507
-0.7700043 -4.8170013 8.980103
-0.7985687 -4.7027435 9.018188
-0.8080902 -4.6503754 9.049133
-0.858078 -4.6575165 8.894409
-0.83665466 -4.981247 8.894409
-0.774765 -5.059799 8.780151
-0.79618835 -4.8312836 8.856323
-0.793808 -4.5861053 8.932495
-0.88664246 -4.538498 8.8515625
-0.9509125 -4.628952 8.992004
-0.92948914 -4.8884125 8.992004
-0.8842621 -5.0431366 8.880127
-0.793808 -4.9384003 8.749207
-0.8152313 -5.5620575 8.7872925
-0.64146423 -5.57872 9.0824585
-0.60813904 -5.012192 8.396912
-0.5962372 -4.402817 9.09436
-0.6343231 -4.071945 8.846802
-0.68907166 -4.7289276 8.658752
-0.6843109 -6.1214447 8.96344
-0.6176605 -5.731064 8.7872925
-0.627182 -5.1692963 8.989624
-0.7176361 -4.905075 9.068176
-0.83665466 -4.7098846 8.903931
-0.83903503 -4.174301 9.265747
-0.84617615 -4.429001 9.130066
-0.8080902 -4.2480927 9.113403
-0.6700287 -4.1433563 8.161255
-0.64860535 -4.4908905 8.06366
-0.8485565 -4.8812714 8.1922
-0.6747894 -5.2549896 8.446899
-0.46055603 -5.988144 8.761108
-0.43437195 -5.4644623 8.825378
-0.7985687 -5.9738617 9.225281
-1.0865936 -4.2980804 8.89679
-1.2508392 -3.4125824 9.365723
-1.1461029 -4.024338 9.3776245
-0.9152069 -4.7075043 8.884888
-0.76286316 -4.788437 9.115784
-0.774765 -4.719406 8.972961
-0.92948914 -4.7741547 9.034851
-0.9675751 -4.8170013 8.946777
-0.9247284 -5.0169525 8.930115
-0.7581024 -5.0169525 8.913452
-0.68907166 -4.9598236 8.801575
-0.6605072 -5.0693207 8.682556
-0.68907166 -5.040756 8.646851
-0.6605072 -5.0550385 8.684937
-0.7581024 -5.12883 8.777771
-0.8104706 -5.0288544 8.518311
-0.77238464 -5.0955048 8.822998
-0.75572205 -4.9669647 9.061035
-0.8271332 -4.928879 8.844421
-0.8414154 -5.0050507 8.782532
-0.8318939 -5.1050262 8.699219
-0.77238464 -5.393051 8.9158325
Time Stop = 1457236121
