Time Start = 6791
0.59632874 -0.6561127 9.801331
0.62965393 -0.40379333 10.139343
0.48921204 -0.48472595 10.127441
0.38209534 -0.63230896 10.079834
0.3844757 -0.75608826 9.946533
0.39637756 -0.8417816 9.837036
0.4273224 -0.89653015 9.744202
0.3678131 -1.0845795 9.615662
0.41542053 -1.1797943 9.513306
0.4344635 -1.2488251 9.491882
0.52015686 -1.3083344 9.513306
0.5011139 -1.4059296 9.468079
0.48207092 -1.5535126 9.503784
0.38209534 -1.6439667 9.365723
0.20832825 -1.6891937 9.418091
0.19166565 -1.7248993 9.441895
0.19404602 -1.6820526 9.4609375
0.12263489 -1.6558685 9.363342
0.15834045 -1.6749115 9.35144
0.13691711 -1.6534882 9.277649
0.13929749 -1.6368256 9.35144
0.07978821 -1.6082611 9.529968
0.0012359619 -1.5844574 9.618042
-0.122543335 -1.6177826 9.748962
-0.1415863 -1.7653656 9.648987
-0.060653687 -1.8034515 9.701355
0.046463013 -1.9367523 9.703735
0.16548157 -1.9962616 9.60376
0.15596008 -1.9962616 9.634705
0.10121155 -1.9700775 9.848938
-0.051132202 -2.120041 9.889404
-0.032089233 -2.165268 10.025085
0.13453674 -2.146225 10.122681
0.42018127 -2.165268 10.332153
0.6058502 -2.1938324 10.282166
0.65345764 -2.0724335 10.098877
0.5582428 -2.2414398 10.034607
0.56300354 -2.3795013 10.0060425
0.5320587 -2.377121 9.998901
0.40351868 -2.5604095 9.956055
0.12739563 -2.4770966 9.92749
-0.051132202 -2.5842133 9.629944
-0.20347595 -2.3866425 9.682312
-0.25108337 -2.1700287 10.194092
-0.39152527 -1.8462982 10.122681
-0.68907166 -1.4440155 10.022705
-0.9318695 -1.4392548 9.575195
-0.73905945 -1.7582245 9.120544
-0.691452 -1.8010712 8.19458
-0.46769714 -2.2795258 8.089844
0.19166565 -2.1367035 7.9136963
1.4223175 -1.2797699 8.116028
2.4315948 -1.8343964 11.472351
1.9602814 -1.9581757 11.389038
2.3197174 -3.224533 11.810364
2.1269073 -4.129074 9.958435
1.5722809 -4.576584 9.103882
1.1676178 -4.5599213 9.356201
0.85102844 -3.8362885 9.463318
0.6510773 -3.7767792 9.615662
0.35591125 -3.7601166 9.275269
0.03694153 -4.2457123 9.437134
-0.66526794 -3.583969 8.25885
-1.1008759 -3.031723 8.061279
-0.9485321 -2.8936615 8.956299
-1.005661 -3.069809 9.058655
-0.9723358 -3.5054169 8.808716
-0.8414154 -3.9053192 8.394531
-0.5605316 -3.448288 7.9660645
0.17500305 -3.2340546 10.096497
-0.27012634 -3.3030853 9.894165
-0.34629822 -4.333786 9.589478
-0.07017517 -4.6241913 9.765625
0.010757446 -3.8624725 10.139343
-0.28440857 -3.288803 10.489258
-0.42008972 -2.9246063 10.077454
-0.16777039 -2.9793549 9.8394165
0.025039673 -3.0007782 9.832275
-0.0059051514 -3.2483368 9.73468
-0.14872742 -3.0602875 9.751343
-0.2986908 -2.8508148 9.984619
-0.04399109 -2.9317474 10.405945
0.01789856 -3.1126556 10.222656
-0.14872742 -3.1436005 10.084595
-0.09635925 -2.9079437 10.0060425
0.08692932 -3.224533 10.636841
-0.49388123 -2.8936615 9.406189
-0.4391327 -3.2578583 9.177673
-0.28678894 -2.6103973 9.725159
-0.41770935 -2.1414642 10.44165
-0.6747894 -2.4461517 10.265503
-0.47483826 -2.8984222 9.563293
0.029800415 -3.1840668 9.453796
0.25117493 -3.1626434 9.310974
0.096450806 -2.94841 9.09436
-0.12968445 -2.7436981 8.8349
0.129776 -2.1105194 8.813477
0.81056213 -1.7986908 9.427612
0.87483215 -2.6937103 10.170288
0.22499084 -2.1938324 9.330017
1.0605011 -2.5913544 11.153381
0.95814514 -2.339035 10.598755
1.0652618 -2.729416 10.734436
0.8153229 -2.3414154 10.027466
0.6058502 -2.524704 10.044128
0.4011383 -2.2152557 10.013184
1.0771637 -2.2795258 10.491638
1.4461212 -2.4294891 9.141968
1.7746124 -2.9841156 9.875122
2.2935333 -3.2864227 9.998901
2.27211 -2.9127045 9.625183
2.2364044 -3.1555023 10.317871
2.0126495 -2.9698334 9.663269
1.4984894 -2.7556 8.439758
1.4913483 -2.922226 8.125549
1.7103424 -3.3364105 7.987488
1.3961334 -3.057907 7.7732544
0.7558136 -2.8365326 8.853943
-0.16062927 -2.8674774 7.7875366
-1.1413422 -2.5009003 7.861328
-1.0794525 -2.7079926 8.265991
-0.9794769 -3.031723 8.211243
-0.9913788 -3.1126556 7.847046
-1.1865692 -2.588974 7.5494995
-1.4127045 -1.998642 7.211487
-1.19133 -2.081955 8.794434
-0.5700531 -2.6603851 9.139587
-0.6795502 -2.415207 9.465698
-0.8914032 -2.4247284 8.725403
-0.7176361 -2.6937103 10.30835
-0.71525574 -3.6506195 9.829895
-1.0627899 -3.4459076 10.05127
-0.96281433 -3.5339813 10.358337
-1.1365814 -2.8174896 9.903687
-0.79618835 -2.4509125 10.843933
-0.9342499 -1.8677216 10.879639
-1.0746918 -2.2438202 10.1203
-0.9889984 -2.857956 9.463318
-0.5605316 -3.1840668 9.325256
-0.691452 -2.838913 9.051514
-0.11540222 -2.8151093 10.915344
-0.4962616 -2.7056122 10.536865
-0.5129242 -2.8079681 10.31073
-0.39152527 -2.7651215 10.75824
-0.31297302 -2.6103973 11.070068
-0.30345154 -2.4342499 11.048645
-0.32963562 -2.6746674 10.477356
-0.25584412 -2.774643 10.272644
0.02027893 -3.2292938 10.139343
-0.039230347 -3.3102264 9.577576
-0.2082367 -3.391159 9.144348
-0.24632263 -3.8862762 9.568054
-0.14872742 -4.219528 9.137207
-0.21537781 -3.5720673 8.749207
-0.0677948 -3.243576 9.115784
0.013137817 -3.2007294 9.199097
0.30592346 -3.20549 9.35144
0.5677643 -2.865097 9.575195
0.5891876 -2.9793549 10.391663
-0.15348816 -2.7341766 8.889648
-0.15348816 -3.0364838 9.008667
-0.041610718 -2.8484344 9.196716
-0.14872742 -2.8484344 9.096741
-0.33677673 -3.1102753 8.946777
-0.4129486 -3.410202 9.032471
-0.4296112 -3.1507416 9.253845
-0.543869 -2.6032562 9.7561035
-0.8152313 -2.120041 9.967957
-0.81285095 -1.6772919 9.896545
-0.20109558 -1.4392548 9.865601
-0.25584412 -2.9650726 9.556152
0.32972717 -3.326889 9.887024
1.1081085 -4.659897 10.11792
1.5722809 -4.7146454 10.234558
1.8579254 -4.4837494 10.139343
2.3578033 -4.012436 12.119812
2.1602325 -3.5934906 11.5271
1.5818024 -3.1840668 10.379761
1.2366486 -2.94841 10.236938
1.1723785 -2.986496 10.210754
1.1676178 -2.9698334 9.817993
0.9033966 -3.300705 8.844421
0.7296295 -3.2411957 8.613525
0.35829163 -3.9862518 7.566162
0.117874146 -3.3411713 7.539978
-0.120162964 -2.5413666 7.7922974
-0.58195496 -2.8674774 8.035095
-0.7700043 -3.0555267 7.982727
-0.8890228 -2.8817596 7.74469
-1.0366058 -2.5794525 8.013672
-1.1746674 -2.4437714 8.19696
-1.1103973 -2.4318695 8.275513
-0.9747162 -2.6413422 8.5563965
-0.8318939 -2.800827 8.727783
-0.89378357 -2.729416 8.6206665
-0.80570984 -2.8889008 8.746826
-0.31059265 -2.7151337 8.280273
0.19642639 -3.2840424 9.782288
0.02027893 -3.6363373 10.363098
-0.44151306 -3.981491 10.272644
-0.6343231 -4.7670135 9.7751465
-0.1749115 -5.1502533 8.806335
0.24165344 -4.647995 9.872742
-0.38438416 -4.2480927 10.413086
-1.0865936 -4.1695404 10.253601
-0.4962616 -4.379013 10.427368
-0.248703 -4.1457367 10.598755
-0.80332947 -3.8315277 10.241699
-1.0913544 -4.1885834 9.54187
-0.8604584 -4.890793 8.839661
-0.71525574 -5.1931 8.420715
-0.5795746 -5.1931 8.549255
-1.0485077 -4.1195526 8.213623
-0.40104675 -3.3316498 10.746338
-0.8318939 -2.588974 10.765381
-0.8914032 -3.1959686 10.398804
-0.7366791 -3.6077728 10.098877
-0.53196716 -3.641098 9.870361
-0.5105438 -3.603012 9.996521
-0.18919373 -3.372116 9.737061
-0.14396667 -3.6125336 10.258362
-0.5391083 -3.898178 9.546631
-0.6367035 -3.9529266 9.339539
-0.43199158 -3.8957977 9.0896
-0.396286 -3.660141 9.172913
-0.36772156 -3.576828 9.289551
-0.21775818 -3.5292206 8.744446
0.10597229 -3.3054657 8.853943
0.005996704 -3.6196747 9.784668
-0.60575867 -3.6553802 8.827759
-0.1749115 -4.171921 9.537109
0.022659302 -3.2673798 9.748962
-0.35343933 -2.0081635 9.870361
-0.9080658 -1.6439667 9.765625
-1.0389862 -1.9129486 9.610901
-0.793808 -2.024826 9.368103
-0.31773376 -2.1700287 8.972961
0.35353088 -2.4961395 8.415955
1.0319366 -3.2769012 8.223145
1.1128693 -4.9907684 8.601624
1.560379 -4.840805 9.001526
2.041214 -4.212387 9.715637
2.1602325 -4.257614 10.3012085
1.7389069 -3.743454 10.474976
1.7008209 -3.5458832 11.112915
1.3318634 -3.7148895 10.353577
1.0390778 -3.6506195 9.79657
0.7986603 -3.9053192 9.437134
0.56062317 -3.8957977 8.9991455
0.44636536 -3.7458344 8.589722
0.527298 -3.9457855 8.442139
0.9033966 -3.4149628 8.746826
0.62013245 -3.6482391 8.599243
0.64393616 -3.2792816 8.89917
0.6486969 -2.3675995 9.02771
0.36543274 -2.9388885 9.427612
0.14405823 -3.4625702 9.1657715
0.22737122 -3.814865 9.053894
0.26545715 -3.6315765 9.058655
0.14881897 -3.2150116 9.056274
-0.04637146 -2.9912567 9.080078
-0.058273315 -2.960312 9.080078
-0.13444519 -3.2221527 8.9348755
-0.23680115 -3.319748 8.70636
-0.2653656 -3.20549 8.520691
-0.43437195 -2.9960175 8.439758
-0.56529236 -2.838913 8.294556
-0.5724335 -2.7698822 8.277893
-0.77238464 -2.8079681 8.13269
-1.1127777 -2.7079926 7.592346
-0.2582245 -2.62706 9.887024
-0.5034027 -1.7891693 10.558289
-1.274643 -2.236679 10.1345825
-0.5034027 -2.9817352 11.08197
-0.5034027 -2.2533417 12.155518
-1.2389374 -2.4532928 12.405457
-1.2294159 -3.5006561 12.391174
-0.79618835 -4.3123627 11.927002
-0.70573425 -4.405197 10.986755
-0.94377136 -4.0981293 10.394043
-0.94377136 -3.667282 9.441895
-0.8509369 -2.8436737 8.5563965
-0.6295624 -2.9079437 8.289795
-0.71525574 -3.1483612 8.4730835
-0.053512573 -3.686325 9.187195
1.0200348 -2.5413666 8.8515625
2.4339752 -3.3221283 10.970093
1.1985626 -2.7198944 10.37262
1.1938019 -3.9600677 11.665161
0.76771545 -3.9648285 10.88678
0.19404602 -3.1555023 9.084839
0.60346985 -2.6889496 9.301453
0.39875793 -1.8748627 8.96582
-0.058273315 -1.9415131 8.239807
0.16548157 -2.800827 8.694458
0.32496643 -3.160263 9.344299
-0.21537781 -2.3533173 8.039856
0.09169006 -1.9676971 9.787048
0.24879456 -1.2631073 9.275269
0.53681946 -1.5915985 9.289551
0.6653595 -1.8343964 8.399292
0.94862366 -2.1438446 8.792053
1.2985382 -2.0010223 7.739929
2.362564 -2.2723846 9.149109
3.81221 -2.0581512 9.758484
5.409439 -3.3697357 13.83606
4.3358917 -2.9579315 12.134094
3.1790314 -3.3173676 10.879639
2.0959625 -3.0174408 8.411194
1.5246735 -2.698471 7.7280273
1.3223419 -2.2009735 7.885132
1.8246002 -2.5080414 7.7661133
2.3720856 -3.2769012 8.339783
1.8960114 -3.3411713 7.8970337
0.13929749 -3.1459808 7.866089
-1.4293671 -3.1840668 8.5373535
-1.993515 -3.1507416 9.072937
-2.1744232 -3.9053192 9.163391
-2.307724 -3.4340057 8.625427
-2.371994 -2.217636 7.963684
-2.1363373 -1.2988129 7.1900635
-1.6959686 -2.3223724 9.265747
-1.4198456 -2.8317719 10.251221
-0.77238464 -2.3414154 9.687073
-0.32011414 -2.812729 10.812988
-0.710495 -4.0362396 11.953186
-0.83903503 -4.6646576 12.122192
-0.97709656 -4.1909637 12.093628
-1.3674774 -3.3221283 11.439026
-1.3341522 -2.9174652 10.88916
-1.0651703 -3.2959442 10.541626
-0.50816345 -3.955307 9.92749
-0.3058319 -4.5361176 10.263123
-0.42723083 -4.3552094 9.529968
-0.022567749 -3.5030365 10.034607
0.25593567 -3.191208 10.346436
0.32496643 -3.0341034 9.844177
0.3368683 -2.7056122 9.187195
0.63679504 -2.5937347 9.256226
0.79389954 -2.9365082 8.920593
0.53681946 -3.2769012 8.813477
0.025039673 -3.3530731 8.501648
-0.13920593 -3.024582 8.849182
0.10359192 -3.0102997 9.115784
-0.16062927 -2.9769745 9.196716
-0.2725067 -2.8246307 9.375244
-0.11540222 -2.910324 9.28241
0.13215637 -3.2983246 9.113403
0.18214417 -3.7339325 8.922974
0.08930969 -3.9957733 8.846802
0.03694153 -4.031479 8.7682495
0.06788635 -3.622055 9.175293
-0.07017517 -2.7413177 9.663269
-0.2891693 -2.2200165 10.010803
-0.32011414 -2.3628387 9.958435
-0.23442078 -2.6413422 9.434753
-0.13682556 -2.922226 8.913452
-0.10588074 -3.0793304 8.715881
0.06550598 -3.2031097 8.825378
0.04408264 -3.1316986 8.763489
0.02027893 -3.2769012 9.201477
-0.17967224 -3.1364594 9.191956
-0.4058075 -3.0269623 9.21814
-0.396286 -2.6175385 9.172913
-0.45817566 -2.3533173 9.127686
-0.6509857 -2.146225 8.401672
0.07978821 -2.127182 9.929871
-0.04637146 -1.8439178 9.729919
-0.13444519 -2.2914276 9.468079
-0.248703 -2.7198944 9.303833
-0.6033783 -2.415207 8.525452
0.37257385 -2.358078 10.955811
-0.11302185 -1.5939789 10.386902
-0.0035247803 -2.5580292 10.177429
0.16786194 -2.9531708 10.296448
0.06074524 -3.179306 10.30835
-0.15586853 -2.6389618 10.474976
-0.3724823 -2.7389374 10.482117
-0.30821228 -3.0531464 10.086975
-0.09635925 -3.1388397 9.982239
-0.12730408 -3.179306 9.637085
-0.13682556 -2.7651215 9.249084
-0.07493591 -2.3295135 9.2300415
-0.053512573 -2.5604095 9.02771
-0.103500366 -2.7603607 8.868225
0.1797638 -2.7389374 9.134827
0.50587463 -3.0864716 10.510681
-0.20109558 -2.774643 9.191956
-0.25346375 -3.410202 9.234802
0.0393219 -3.583969 9.522827
0.43208313 -3.3483124 9.291931
0.53681946 -3.410202 9.289551
1.1342926 -4.2100067 9.299072
1.5937042 -3.91008 9.941772
1.938858 -4.7789154 10.572571
2.1102448 -4.088608 10.172668
1.9055328 -2.9698334 10.770142
1.1819 -2.5913544 10.294067
0.8296051 -3.1436005 9.437134
0.80818176 -3.474472 9.141968
0.9557648 -3.5982513 8.882507
0.970047 -3.4649506 8.903931
0.7700958 -3.512558 8.673035
0.73439026 -3.2697601 9.032471
0.57966614 -3.3697357 9.013428
0.5558624 -2.7317963 8.937256
0.3511505 -2.698471 9.137207
0.25593567 -3.0626678 8.884888
0.41542053 -3.3602142 9.011047
0.5320587 -3.2078705 9.09198
0.42494202 -2.8674774 9.320496
0.32496643 -2.5175629 9.487122
0.25593567 -2.4247284 9.579956
0.33210754 -2.486618 9.463318
0.42970276 -2.6699066 9.237183
0.5106354 -2.8246307 9.077698
0.47969055 -3.1745453 9.061035
0.42970276 -3.2459564 9.187195
0.4106598 -3.1436005 9.234802
0.31544495 -3.1388397 9.458557
0.29640198 -3.115036 9.522827
0.34162903 -3.153122 9.66803
0.34877014 -3.1269379 9.622803
0.28450012 -3.0840912 9.577576
0.117874146 -2.9365082 9.601379
0.025039673 -2.7556 9.687073
0.0393219 -2.6651459 9.713257
0.048843384 -2.56279 9.696594
0.010757446 -2.5009003 9.9227295
-0.013046265 -2.5485077 9.982239
0.005996704 -2.6746674 9.979858
0.022659302 -2.8936615 9.958435
0.032180786 -2.7960663 9.975098
-0.053512573 -2.7675018 9.994141
-0.120162964 -2.7317963 9.948914
-0.058273315 -2.7556 9.946533
0.003616333 -2.9008026 9.832275
0.072647095 -2.8960419 9.794189
0.053604126 -2.8960419 9.777527
-0.017807007 -2.8865204 9.779907
-0.13682556 -2.986496 9.653748
-0.16777039 -3.2221527 9.60376
-0.23918152 -3.3102264 9.527588
-0.16062927 -3.3959198 9.553772
-0.06303406 -3.3863983 9.401428
-0.0059051514 -3.429245 9.318115
-0.0059051514 -3.5292206 9.268127
0.02027893 -3.4149628 9.280029
-0.034469604 -3.4340057 9.322876
-0.0011444092 -3.5101776 9.339539
0.12025452 -3.6577606 9.249084
0.18452454 -3.8172455 9.168152
0.21784973 -3.9910126 9.111023
0.18928528 -3.9434052 9.134827
0.14881897 -3.6053925 9.215759
0.13691711 -3.20549 9.263367
0.13453674 -3.0555267 9.299072
0.25593567 -3.0936127 9.227661
0.37019348 -3.20549 9.189575
0.3939972 -3.3340302 9.037231
0.3773346 -3.3435516 9.189575
0.3273468 -3.1436005 9.137207
0.16786194 -3.1174164 9.0896
0.053604126 -3.0412445 9.099121
-0.008285522 -2.9436493 8.972961
-0.079696655 -2.8079681 8.83252
-0.04637146 -2.5413666 9.063416
0.10835266 -2.2009735 10.013184
-0.15348816 -2.3985443 9.556152
-0.248703 -3.1650238 9.182434
-0.1415863 -3.5173187 8.801575
-0.29631042 -3.0936127 8.0946045
0.39637756 -2.8603363 10.76062
-0.36058044 -2.4056854 10.470215
-0.34153748 -3.3602142 10.1345825
0.21308899 -3.6053925 10.924866
-0.11302185 -3.5744476 10.689209
-0.32725525 -3.6101532 10.617798
-0.2725067 -3.6625214 10.320251
-0.12968445 -3.8124847 10.282166
-0.0035247803 -3.7791595 10.205994
0.13453674 -3.7910614 10.210754
0.277359 -3.5625458 10.089355
-0.020187378 -3.20549 9.372864
-0.17729187 -3.384018 9.28241
-0.032089233 -2.9127045 8.922974
0.4844513 -2.9198456 10.198853
-0.015426636 -2.377121 8.625427
-0.04875183 -3.0864716 8.575439
0.096450806 -2.7651215 9.051514
0.277359 -2.8603363 9.803711
0.10121155 -2.827011 9.729919
-0.18443298 -2.8436737 9.60614
-0.21061707 -2.9793549 9.875122
-0.015426636 -2.5937347 9.958435
-0.015426636 -2.203354 9.560913
-0.060653687 -2.3795013 9.239563
0.1869049 -2.5984955 8.799194
0.3106842 -2.8032074 8.404053
0.47731018 -2.9055634 8.235046
Time Stop = 6796
