Time Start = 1457238211
1.0224152 -1.8986664 9.7561035
-0.41770935 -1.3464203 9.532349
-0.5605316 -1.5297089 9.8394165
0.29640198 -1.0798187 10.796326
0.75105286 -1.4059296 9.779907
-0.21775818 -1.7320404 9.546631
-0.34391785 -1.9129486 9.618042
0.0393219 -1.960556 9.556152
-0.1582489 -1.5892181 9.639465
-0.49864197 -1.703476 9.784668
-0.24394226 -1.4963837 10.017944
-0.051132202 -1.3083344 10.405945
-0.124923706 -0.96318054 10.305969
-0.103500366 -0.91319275 10.125061
-0.09635925 -1.2369232 10.541626
0.42018127 -1.9819794 9.703735
-0.15348816 -2.3437958 10.432129
-0.18443298 -2.698471 10.177429
0.35591125 -1.9867401 9.7751465
0.52015686 -1.8724823 10.017944
0.35829163 -1.8939056 9.637085
0.43208313 -2.0557709 9.648987
0.6177521 -2.036728 9.939392
0.655838 -1.7891693 10.132202
0.75819397 -1.498764 10.236938
0.8200836 -1.2059784 10.401184
0.7153473 -0.68943787 10.303589
0.7700958 -0.36332703 9.917969
1.1438141 -0.82987976 9.080078
1.0676422 -1.0798187 8.208862
0.88197327 -1.389267 8.154114
0.6963043 -0.6846771 8.404053
0.42256165 -0.2657318 8.984863
0.46302795 -0.06578064 9.694214
0.046463013 -0.151474 9.889404
-0.21537781 -0.44187927 9.848938
-0.015426636 -0.87034607 10.213135
-0.16300964 -1.0774384 10.548767
-0.24632263 -1.351181 10.658264
-0.008285522 -1.4940033 10.50116
-0.9818573 -0.9155731 10.375
-1.0651703 -1.0845795 9.4776
-0.27964783 -2.486618 9.28717
-0.51768494 -2.3437958 9.491882
-0.8104706 -1.5582733 9.484741
-0.15586853 -1.47258 9.6918335
0.35829163 -2.1938324 9.137207
0.1464386 -2.596115 8.687317
-0.12968445 -2.9817352 8.380249
0.1131134 -2.550888 8.589722
0.16786194 -2.910324 8.813477
0.07978821 -2.588974 8.849182
-0.7366791 -1.5273285 7.801819
-0.37010193 -4.781296 12.579224
-0.008285522 -1.2940521 11.01532
-0.08207703 -0.2086029 11.153381
-0.5962372 -0.47044373 11.327148
-0.71287537 -0.8370209 10.981995
0.23451233 -1.498764 9.308594
0.06788635 -2.9198456 9.501404
0.29640198 -2.3295135 9.151489
0.81056213 -1.3678436 9.715637
0.23213196 -1.4654388 9.967957
-0.04637146 -1.5106659 10.11554
-0.0059051514 -1.8343964 10.041748
-0.124923706 -1.9557953 9.570435
-0.23442078 -2.2533417 9.225281
-0.039230347 -2.4889984 8.861084
0.075027466 -2.646103 8.827759
0.06788635 -2.6484833 9.15863
0.06074524 -2.4747162 9.47522
0.24879456 -2.460434 10.025085
0.013137817 -1.4273529 10.05603
0.048843384 -1.2369232 10.329773
0.19166565 -1.4321136 10.520203
0.7153473 -1.3987885 9.808472
-0.12968445 -1.6511078 10.984375
-0.6009979 -0.28953552 10.05127
0.10835266 -0.23478699 10.101257
0.58680725 -1.0131683 10.472595
0.44636536 -1.0179291 10.24408
0.43684387 -1.5939789 10.046509
0.20832825 -1.8248749 10.017944
-0.010665894 -1.7748871 9.696594
-0.4296112 -2.3414154 9.689453
-0.6438446 -3.2483368 9.382385
-0.248703 -3.7220306 9.103882
-0.26060486 -3.7363129 8.6206665
-0.1749115 -3.3173676 8.984863
0.40827942 -3.6910858 8.806335
0.3273468 -3.3554535 9.011047
0.31544495 -2.6032562 9.503784
0.24403381 -1.5915985 10.089355
-0.015426636 -0.5632782 10.3654785
-0.2725067 -0.18955994 10.560669
-0.31059265 -0.2823944 10.774902
-0.59147644 0.3341217 9.777527
-0.27964783 -1.4559174 10.222656
0.27259827 -1.9296112 9.665649
-0.22251892 -2.0224457 9.622803
-0.17729187 -3.0150604 9.506165
-0.032089233 -2.903183 9.387146
0.053604126 -2.7032318 9.341919
0.046463013 -2.6437225 9.408569
0.17738342 -2.7127533 9.549011
-0.15348816 -2.1581268 9.291931
0.34162903 -2.8032074 9.7323
0.22261047 -2.2795258 9.487122
0.22499084 -2.146225 9.891785
0.17024231 -1.6987152 10.067932
-0.053512573 -1.0322113 9.967957
-0.22013855 -0.88700867 10.194092
-0.29393005 -1.0298309 10.11554
-0.25584412 -1.3202362 9.967957
-0.09159851 -1.6606293 9.894165
-0.058273315 -1.8939056 9.718018
-0.11540222 -2.0414886 9.594238
-0.15586853 -1.9938812 9.808472
-0.027328491 -1.7748871 9.737061
0.04408264 -1.896286 9.815613
0.048843384 -2.0748138 9.984619
0.11073303 -2.1176605 9.882263
0.15357971 -1.960556 9.846558
0.17024231 -1.7725067 9.998901
0.1797638 -1.6677704 8.287415
-0.23918152 -2.0010223 10.924866
-0.079696655 -1.3345184 9.560913
0.11073303 -1.5606537 9.675171
-0.11064148 -1.767746 9.79657
-0.09159851 -1.915329 9.641846
-0.08207703 -1.9129486 9.618042
-0.13682556 -1.8082123 9.768005
-0.2320404 -1.6058807 9.870361
-0.20585632 -1.4392548 9.9869995
-0.19871521 -1.3845062 10.144104
-0.31773376 -1.3440399 10.772522
0.072647095 -1.1440887 9.725159
0.19642639 -1.6368256 9.948914
-0.013046265 -2.2342987 9.853699
0.029800415 -2.3080902 9.694214
0.17262268 -2.1557465 9.4609375
0.15596008 -2.2771454 9.270508
0.13215637 -2.608017 9.444275
0.2202301 -2.6508636 9.339539
0.0155181885 -2.3176117 9.632324
-0.10588074 -1.6344452 9.815613
-0.32011414 -1.1726532 9.872742
-0.46055603 -1.2726288 9.875122
-0.47483826 -1.6415863 9.948914
-0.2891693 -2.1295624 9.489502
-0.04399109 -2.4937592 9.556152
0.027420044 -2.4437714 9.499023
-0.017807007 -2.2628632 9.810852
-0.022567749 -1.8224945 9.7751465
-0.053512573 -1.7391815 9.858459
-0.10826111 -1.8010712 10.046509
-0.13206482 -1.8796234 9.779907
-0.008285522 -2.127182 9.701355
0.14405823 -2.1771698 9.9227295
0.1464386 -2.0391083 9.906067
0.06788635 -1.934372 9.801331
-0.032089233 -1.9010468 10.11792
-0.1415863 -1.767746 10.401184
-0.14872742 -1.5273285 10.353577
-0.15586853 -1.6296844 9.894165
-0.013046265 -1.8915253 9.6085205
0.072647095 -2.2509613 9.591858
0.06312561 -2.5532684 9.560913
-0.15586853 -2.5485077 9.837036
-0.38200378 -2.184311 10.096497
0.24165344 -3.191208 10.929626
0.20832825 -1.6891937 9.575195
0.39637756 -2.2438202 9.801331
0.22975159 -2.2700043 9.201477
0.14405823 -2.3795013 9.54187
0.005996704 -1.8701019 8.546875
-0.6105194 -2.1795502 9.651367
-1.1984711 -2.024826 9.356201
-0.75572205 -2.5128021 8.853943
0.08692932 -2.960312 9.101501
0.17738342 -2.6865692 9.270508
-0.14396667 -2.5937347 9.47998
-0.09635925 -2.4056854 9.418091
0.022659302 -2.1176605 9.646606
0.01789856 -1.8415375 9.660889
-0.029708862 -1.5725555 9.344299
-0.43437195 -1.8462982 9.330017
-0.25108337 -1.6249237 9.7323
-0.23442078 -1.5082855 10.3845215
-0.51530457 -1.5082855 10.424988
-0.5057831 -1.5320892 10.734436
-0.10826111 -1.6082611 10.463074
0.31782532 -1.8486786 9.832275
0.53681946 -2.4818573 9.577576
0.47016907 -2.2866669 9.594238
0.3939972 -1.3368988 9.572815
0.16786194 -0.6846771 10.382141
-0.1415863 -0.74894714 10.541626
-0.49150085 -0.8751068 9.867981
-0.67240906 -2.1938324 9.370483
-0.31297302 -2.7460785 9.170532
0.08454895 -2.7484589 9.263367
0.25117493 -2.7389374 9.139587
0.09883118 -2.6127777 9.34668
-0.020187378 -2.300949 9.444275
0.029800415 -1.9438934 9.632324
0.055984497 -1.53685 9.915588
-0.013046265 -1.1750336 10.027466
-0.7200165 0.24128723 9.7751465
-0.5034027 -1.2345428 10.832031
-0.120162964 -1.1512299 9.648987
-0.09159851 -1.6082611 9.875122
-0.29393005 -1.7010956 9.956055
0.048843384 -2.0129242 10.032227
0.046463013 -1.8058319 9.560913
0.17500305 -2.2438202 9.837036
0.15596008 -2.120041 9.672791
0.16786194 -2.2604828 9.675171
0.25593567 -2.0034027 9.596619
0.13691711 -1.5868378 9.903687
0.07026672 -1.4963837 10.151245
-0.060653687 -1.4606781 9.858459
-0.060653687 -1.6249237 9.996521
-0.120162964 -1.6415863 9.908447
-0.18681335 -1.6177826 9.748962
-0.22013855 -1.7320404 9.801331
-0.10588074 -1.9129486 9.701355
-0.058273315 -2.0295868 9.596619
-0.04637146 -2.153366 9.720398
-0.04399109 -2.0938568 9.713257
-0.248703 -2.1866913 10.339294
-0.11064148 -2.3223724 10.167908
-0.022567749 -1.6606293 10.44165
0.19642639 -1.7915497 8.70636
-0.3391571 -2.0486298 9.975098
0.40351868 -2.6103973 8.8515625
0.572525 -1.7153778 9.598999
-0.3153534 -0.5037689 9.641846
-0.76286316 -1.3749847 9.908447
-0.33439636 -2.0486298 9.758484
-0.19871521 -2.4271088 9.275269
-0.25346375 -2.7508392 9.299072
-0.04637146 -2.698471 9.301453
-0.055892944 -2.467575 9.068176
-0.1582489 -2.2057343 10.127441
-0.07493591 -1.5463715 9.910828
-0.13206482 -1.2916718 10.232178
-0.38438416 -1.2059784 10.524963
-0.18205261 -1.3416595 10.877258
-0.67240906 -0.049118042 9.499023
0.277359 -2.2390594 10.50116
0.47254944 -2.1033783 9.932251
0.28211975 -1.7320404 9.701355
0.06074524 -2.0010223 9.34668
0.05836487 -2.403305 9.713257
0.3440094 -2.229538 9.684692
0.1464386 -2.229538 9.3133545
-0.28440857 -1.9486542 9.3776245
-0.35343933 -1.7558441 9.496643
-0.3486786 -1.9962616 9.663269
-0.18205261 -2.1248016 9.768005
-0.0059051514 -1.8367767 9.729919
-0.060653687 -1.6749115 9.86084
-0.15586853 -1.9319916 9.656128
-0.055892944 -2.2652435 9.420471
0.01789856 -2.4818573 9.570435
0.003616333 -1.998642 10.089355
0.01789856 -1.139328 9.710876
-0.30821228 -1.2464447 9.967957
-0.3724823 -1.0702972 10.151245
-0.1749115 -0.9155731 10.363098
-0.19395447 -1.2821503 9.99176
-0.0677948 -1.9486542 9.751343
0.17500305 -2.3104706 10.358337
-0.124923706 -0.6227875 9.070557
0.01789856 -2.6318207 9.9869995
0.22261047 -2.505661 9.577576
0.24165344 -1.9105682 9.687073
0.14881897 -2.0652924 9.770386
0.1131134 -2.0343475 9.870361
0.06788635 -1.6487274 9.803711
-0.122543335 -1.305954 10.060791
-0.26060486 -1.0631561 10.084595
-0.2820282 -1.0036469 10.003662
-0.4058075 -1.3749847 10.039368
-0.46531677 -1.7558441 9.701355
-0.41770935 -2.3437958 9.289551
-0.1415863 -2.812729 9.337158
0.013137817 -2.993637 9.353821
0.18928528 -2.8341522 9.389526
0.06788635 -2.6222992 9.41571
-0.020187378 -2.3628387 9.660889
0.10597229 -2.0462494 9.801331
0.08454895 -1.7368011 9.808472
-0.0059051514 -1.5987396 9.946533
-0.11064148 -1.6106415 9.86322
-0.103500366 -1.7891693 10.003662
-0.0059051514 -1.7177582 9.837036
-0.039230347 -1.5249481 9.86084
-0.22489929 -1.3464203 9.787048
-0.25108337 -1.620163 9.915588
-0.14396667 -1.7058563 9.784668
-0.16300964 -1.9105682 9.753723
-0.10826111 -2.184311 9.622803
-0.053512573 -2.3890228 9.7561035
-0.008285522 -2.3556976 9.901306
0.032180786 -2.0557709 9.694214
0.022659302 -1.8915253 9.584717
-0.08207703 -1.9177094 9.763245
-0.051132202 -1.9367523 9.7561035
-0.020187378 -1.8415375 9.791809
-0.098739624 -1.7058563 9.729919
-0.15586853 -1.748703 9.715637
-0.11302185 -1.8082123 9.877502
-0.16300964 -1.7820282 9.872742
-0.0844574 -1.9034271 9.782288
-0.034469604 -2.005783 9.746582
0.027420044 -2.0034027 9.7323
0.025039673 -1.9867401 9.591858
-0.04637146 -2.127182 9.887024
0.053604126 -1.9534149 9.877502
0.08216858 -1.851059 9.549011
-0.0677948 -2.0414886 9.679932
-0.06541443 -1.9748383 9.877502
-0.07255554 -1.79393 9.882263
-0.15586853 -1.7725067 9.741821
-0.20347595 -1.8629608 9.848938
-0.14396667 -1.9177094 9.813232
-0.058273315 -1.9034271 9.610901
-0.051132202 -2.089096 9.696594
-0.09397888 -2.172409 9.944153
-0.098739624 -1.9629364 9.763245
-0.07255554 -1.9034271 9.60614
-0.103500366 -2.0034027 9.779907
-0.0011444092 -1.7606049 9.870361
0.032180786 -1.7439423 9.791809
-0.060653687 -1.8367767 9.760864
-0.077316284 -2.146225 9.739441
0.07740784 -2.120041 9.582336
0.06788635 -2.248581 9.753723
0.072647095 -1.9319916 9.791809
0.022659302 -1.4582977 9.979858
-0.1749115 -1.3678436 9.996521
-0.19871521 -1.5749359 10.177429
-0.17015076 -1.7177582 9.825134
-0.20347595 -2.0105438 9.563293
-0.015426636 -1.9367523 9.648987
-0.077316284 -1.5154266 9.815613
-0.29154968 -1.3488007 9.832275
-0.42485046 -1.6820526 9.66803
-0.3653412 -2.191452 9.634705
-0.08683777 -2.646103 9.513306
0.08930969 -2.865097 9.294312
0.129776 -2.8032074 9.201477
0.15357971 -2.4747162 9.491882
0.04170227 -2.0914764 9.806091
-0.08207703 -1.6344452 9.977478
-0.077316284 -1.3773651 10.025085
-0.053512573 -1.3083344 10.048889
0.02027893 -1.2892914 10.077454
0.096450806 -1.370224 9.972717
0.08930969 -1.3773651 9.975098
0.06074524 -1.3440399 9.92511
-0.124923706 -1.2964325 9.920349
-0.2653656 -1.286911 10.0060425
-0.27964783 -1.563034 9.98938
-0.20585632 -1.9129486 9.837036
-0.12730408 -2.1367035 9.508545
-0.07493591 -2.441391 9.306213
0.0155181885 -2.7413177 9.391907
0.12739563 -2.774643 9.432373
0.053604126 -2.4080658 9.4609375
0.01789856 -2.0200653 9.751343
-0.07255554 -1.7248993 9.879883
-0.077316284 -1.6035004 9.956055
-0.036849976 -1.5082855 9.906067
-0.09159851 -1.47258 9.917969
-0.11064148 -1.4940033 9.917969
-0.04637146 -1.5535126 9.903687
-0.08683777 -1.517807 9.875122
-0.16777039 -1.5582733 9.844177
-0.14634705 -1.7129974 9.86322
-0.07255554 -1.9058075 9.763245
-0.055892944 -1.9962616 9.715637
-0.041610718 -2.070053 9.646606
0.005996704 -2.1581268 9.439514
-0.0011444092 -2.3890228 9.753723
0.09883118 -2.153366 9.694214
-0.02494812 -1.8724823 9.444275
-0.10826111 -1.9415131 9.746582
-0.08921814 -1.812973 9.760864
-0.06541443 -1.8082123 9.929871
-0.0011444092 -1.7725067 9.841797
-0.06303406 -1.703476 9.656128
0.003616333 -1.8486786 9.9227295
0.053604126 -1.9034271 9.86084
0.013137817 -1.8939056 9.751343
-0.017807007 -1.9843597 9.675171
-0.022567749 -1.9319916 9.615662
-0.029708862 -2.0034027 9.720398
-0.15110779 -2.0986176 9.660889
-0.13444519 -2.1033783 9.629944
0.19166565 -2.0010223 9.487122
0.1464386 -2.1509857 9.727539
0.07026672 -1.7748871 10.11554
-0.20109558 -1.5796967 9.613281
-0.21775818 -1.6606293 9.684692
-0.19395447 -1.7701263 9.822754
-0.11302185 -1.7558441 9.908447
-0.16539001 -1.8582001 9.739441
-0.11302185 -1.9867401 9.620422
-0.027328491 -2.1890717 9.694214
0.048843384 -2.1414642 9.534729
-0.010665894 -2.0295868 9.444275
-0.07493591 -1.9105682 9.534729
0.02027893 -1.8367767 9.594238
-0.07255554 -1.7844086 10.177429
-0.13682556 -1.4511566 10.18219
-0.14396667 -1.5606537 10.163147
-0.08207703 -1.6749115 10.058411
0.07740784 -1.8248749 9.865601
0.07978821 -1.9105682 10.05127
0.07740784 -1.7820282 9.875122
0.15596008 -1.7534637 9.368103
-0.34629822 -2.1795502 9.249084
-0.54148865 -1.2202606 10.329773
0.1797638 -1.6630096 9.375244
-0.12968445 -2.8936615 9.208618
-0.34629822 -3.2078705 9.1467285
-0.051132202 -2.9912567 9.120544
0.08692932 -2.331894 9.3776245
-0.15110779 -1.7153778 9.632324
-0.2891693 -1.1274261 9.332397
-0.4224701 -1.6058807 9.851318
-0.16062927 -1.1559906 9.763245
-0.15110779 -1.6392059 10.972473
-0.8080902 -2.3342743 10.703491
0.15834045 -2.312851 10.220276
1.2247467 -2.5294647 9.47522
0.5844269 -2.588974 9.491882
0.26783752 -0.9608002 9.741821
0.3440094 0.8673248 10.444031
0.0393219 -1.1559906 11.753235
-1.0913544 -0.47758484 9.79657
-1.0961151 -2.184311 9.03009
-0.08921814 -3.1221771 8.882507
0.33924866 -2.9769745 9.358582
0.003616333 -2.4580536 9.527588
-0.04875183 -2.0391083 9.675171
0.022659302 -1.7082367 9.763245
0.096450806 -1.53685 9.844177
-0.020187378 -1.3797455 9.753723
-0.08683777 -1.0036469 10.008423
-0.098739624 -1.6534882 9.834656
-0.17729187 -2.5580292 9.529968
0.3273468 -2.49852 9.906067
-0.17967224 -1.6273041 9.929871
0.20594788 -2.108139 10.18219
-0.11064148 -1.72966 9.825134
0.06788635 -1.5725555 9.6085205
0.3106842 -1.4178314 9.763245
0.09883118 -1.7201385 9.508545
-0.039230347 -2.4556732 9.506165
0.1464386 -2.5675507 9.491882
-0.20347595 -1.684433 10.239319
-0.11064148 -0.9750824 10.072693
-0.029708862 -0.95365906 10.465454
-0.33439636 -0.9417572 10.320251
-0.45341492 -1.2892914 9.965576
-0.0844574 -1.6796722 9.582336
0.005996704 -2.1866913 9.79657
-0.15110779 -2.2866669 9.575195
0.12501526 -2.569931 9.41571
0.34162903 -2.910324 9.163391
0.16548157 -2.8151093 8.677795
-0.32487488 -2.8246307 10.041748
0.055984497 -1.5844574 9.889404
-0.26060486 -0.6108856 9.753723
0.21546936 -2.3271332 11.072449
-0.5034027 0.10560608 9.782288
-0.332016 -0.6275482 10.941528
-0.04637146 -0.8536835 10.667786
0.03694153 -1.8058319 10.148865
0.674881 -3.4982758 9.7751465
0.951004 -2.2581024 8.796814
0.7415314 -2.3176117 9.675171
0.26783752 -2.1128998 9.141968
-0.6605072 -1.7748871 8.64447
-1.486496 -2.8817596 9.206238
-0.8747406 -2.581833 9.053894
-0.40342712 -2.7389374 9.022949
-0.8723602 -1.3630829 10.044128
0.12739563 -1.6249237 9.394287
-0.0035247803 -2.358078 9.891785
0.19642639 -1.8082123 10.303589
0.360672 -1.1107635 10.4487915
0.10121155 -0.74180603 10.465454
-0.646225 -0.32286072 11.177185
-0.7009735 -1.036972 11.248596
0.4106598 -2.293808 9.337158
Time Stop = 1457238216
