Time Start = 7520
4.576309 2.6287994 8.639709
5.166641 2.047989 8.554016
4.804825 1.6361847 8.820618
4.233536 1.0506134 8.499268
3.9740753 0.5959625 8.982483
3.2171173 0.45552063 9.73468
1.431839 0.1865387 9.784668
1.1342926 0.012771606 9.172913
2.381607 -0.037216187 9.315735
2.4054108 0.227005 9.201477
2.2054596 1.1767731 8.958679
1.7888947 1.9551544 8.894409
1.560379 2.3907623 9.115784
1.4913483 2.8168488 9.256226
1.2556915 2.6883087 9.184814
1.0176544 2.5121613 9.103882
0.6344147 3.0382233 8.903931
0.027420044 3.7975616 9.09198
0.21784973 3.6214142 8.906311
0.92481995 2.8811188 9.039612
1.643692 1.7909088 9.125305
1.9602814 1.1815338 9.296692
1.9864655 1.1196442 9.187195
1.579422 1.3291168 10.229797
1.2771149 2.8239899 9.163391
0.90815735 3.2143707 10.141724
0.24879456 2.0955963 11.27002
1.4270782 1.1886749 10.3012085
1.5722809 1.2648468 9.894165
1.8841095 0.52931213 9.967957
3.3361359 -0.1681366 6.7282715
4.6477203 -0.30381775 6.904419
5.3927765 0.057998657 8.734924
5.3285065 0.6745148 9.941772
4.2621 0.95777893 9.994141
3.1361847 0.8673248 8.803955
2.2483063 0.75068665 10.572571
1.8269806 0.7292633 9.120544
1.9698029 0.10798645 7.9922485
2.5839386 -0.19670105 8.534973
2.945755 0.18891907 8.637329
3.0719147 0.5150299 8.889648
2.938614 0.9434967 9.111023
2.7505646 1.2100983 9.265747
2.3578033 1.2934113 9.73468
2.3197174 1.0886993 9.41571
2.760086 1.0553741 8.970581
3.23378 1.2243805 10.870117
1.9245758 4.1117706 9.510925
2.2387848 2.5121613 10.729675
2.3125763 0.69355774 8.380249
2.522049 -0.7941742 8.315979
2.9981232 -2.0319672 8.401672
2.0007477 -2.1152802 9.256226
2.279251 -1.3321381 8.972961
2.3887482 -0.23240662 10.148865
2.5553741 1.086319 8.884888
3.3861237 0.55311584 9.515686
4.338272 0.29603577 10.667786
3.3980255 0.17701721 8.932495
2.7957916 1.1981964 9.058655
2.926712 1.2267609 9.35144
3.0528717 -0.5704193 8.444519
3.1147614 -1.2535858 9.003906
2.9505157 -0.7775116 9.241943
2.862442 -0.0110321045 8.725403
2.7505646 -0.08244324 9.127686
2.1007233 -0.5061493 9.382385
1.4627838 -0.7132416 9.141968
1.0914459 -0.034835815 9.41333
1.2128448 1.4029083 10.008423
1.7484283 2.3145905 9.682312
2.4030304 0.81733704 9.258606
3.2171173 -1.0631561 9.306213
3.2123566 -1.767746 8.765869
3.8074493 -0.76322937 8.035095
4.5477448 1.022049 8.801575
6.947159 1.7147369 8.075562
7.5303497 1.7456818 9.037231
6.0545197 1.3386383 9.834656
3.3194733 0.5912018 9.494263
0.8153229 -0.5370941 9.4776
2.3244781 -1.324997 7.4281006
4.890518 -0.95365906 8.358826
5.8355255 -0.08244324 9.330017
5.190445 0.35554504 8.694458
4.3406525 0.38172913 8.44928
3.3099518 0.2674713 9.058655
2.586319 0.4817047 9.365723
2.2221222 0.58406067 8.913452
2.5434723 0.08894348 8.542114
3.1790314 -0.2919159 9.125305
3.0314484 -0.22764587 9.453796
2.7672272 -0.02293396 8.870605
4.240677 0.34602356 8.018433
5.280899 -0.058639526 9.556152
5.247574 0.9268341 8.884888
5.41658 1.1791534 8.394531
5.7831573 0.5316925 8.044617
6.0569 0.06037903 8.163635
5.7569733 0.09132385 9.03009
5.1237946 0.33174133 8.551636
5.050003 0.17701721 7.8756104
4.5644073 -0.33000183 9.272888
3.517044 0.3674469 9.103882
3.112381 1.0196686 9.651367
2.567276 1.3457794 9.627563
1.7984161 0.60072327 9.889404
0.67726135 -1.3940277 9.487122
-0.38438416 -2.5175629 8.496887
-0.9556732 -3.1388397 9.234802
-0.40818787 -2.8722382 8.604004
1.2580719 -1.3583221 9.246704
3.1552277 1.0886993 9.02533
4.25972 2.3836212 9.28717
4.3668365 2.37648 9.715637
3.5503693 1.5790558 10.05365
2.5886993 0.52931213 9.09436
2.9957428 -0.08720398 8.64209
4.362076 -0.33000183 9.168152
5.268997 -0.32762146 8.368347
6.044998 -0.34666443 8.335022
6.359207 -0.18717957 8.753967
5.942642 -0.19670105 8.875366
4.8976593 -0.39189148 8.975342
3.676529 -0.36808777 8.734924
2.8838654 -0.66563416 8.96106
2.4958649 -0.8084564 9.28479
2.817215 -0.77989197 8.606384
3.4408722 -0.79893494 8.727783
4.114517 -0.39427185 9.03009
4.5001373 0.42219543 9.384766
4.440628 1.0387115 9.594238
3.202835 0.2103424 9.677551
1.598465 -0.9179535 10.165527
0.4273224 -1.6344452 9.372864
0.022659302 -1.7320404 8.675415
0.5106354 -1.8486786 9.127686
0.61299133 -1.5439911 11.672302
0.803421 -0.52519226 9.641846
0.6225128 0.79115295 8.232666
0.6082306 2.0789337 8.456421
1.9221954 1.99086 8.958679
3.1052399 1.2767487 9.303833
3.6170197 1.0982208 10.648743
2.8076935 1.6100006 10.472595
1.8888702 1.4362335 9.41095
1.1699982 0.015151978 9.898926
1.0128937 -1.434494 8.611145
1.393753 -2.4175873 9.706116
1.2057037 -1.851059 10.060791
1.2533112 -0.98698425 8.730164
2.2483063 -0.42045593 8.9158325
4.107376 -0.27763367 9.046753
5.307083 -0.018173218 9.303833
5.814102 0.72450256 9.751343
5.0476227 1.4505157 10.05365
3.2171173 0.5316925 10.265503
1.3461456 -0.8108368 8.682556
0.527298 -1.2702484 8.7039795
0.5558624 -1.0417328 9.194336
1.2556915 -0.41331482 8.949158
2.1007233 0.38648987 9.453796
2.27211 0.9625397 10.1203
1.957901 1.3410187 9.960815
1.7412872 1.3957672 9.494263
1.8460236 0.95539856 9.632324
1.662735 0.43885803 10.017944
1.3366241 0.015151978 9.058655
1.4008942 -0.6680145 10.146484
2.3339996 -0.70848083 8.563538
3.850296 -0.0443573 7.801819
5.5070343 0.22462463 8.720642
6.3663483 0.21510315 9.22052
6.1187897 0.3912506 9.358582
4.971451 0.66737366 9.648987
3.6217804 0.55311584 8.932495
2.9362335 -0.13243103 8.803955
2.9362335 -0.89653015 8.758728
3.1814117 -1.6487274 9.66803
2.7767487 -0.3419037 9.141968
2.0055084 0.9792023 9.777527
1.9459991 1.6385651 9.422852
1.7865143 1.0982208 9.910828
1.0866852 -0.15861511 9.932251
0.14405823 -0.8608246 9.339539
-0.5724335 -0.92033386 9.163391
0.005996704 -1.3392792 8.368347
1.6413116 -1.5320892 8.51593
3.1242828 -0.5775604 8.815857
3.9312286 0.72688293 9.168152
3.778885 1.5266876 10.289307
2.8600616 1.2696075 9.937012
3.3147125 0.43647766 8.332642
4.5977325 0.28889465 9.008667
5.4427643 0.4983673 8.844421
5.492752 0.42219543 8.90155
4.8167267 0.17225647 9.075317
4.209732 -0.56565857 8.715881
3.766983 -1.3035736 9.02533
3.850296 -0.9108124 8.611145
4.5596466 -0.64183044 8.701599
5.126175 -0.5442352 8.77063
5.0523834 -0.27287292 8.792053
4.607254 0.09132385 8.677795
4.0074005 0.32936096 8.853943
2.3649445 0.15083313 9.508545
1.727005 0.14369202 9.472839
1.643692 0.4507599 9.499023
1.976944 0.44837952 9.913208
2.3697052 0.22462463 9.3966675
2.919571 -0.21812439 8.968201
2.8743439 -1.0679169 10.50354
2.5767975 -1.056015 9.651367
2.3339996 -0.5704193 8.925354
2.3578033 0.17701721 8.368347
2.1602325 0.8292389 8.949158
2.0650177 1.2743683 9.258606
2.0007477 1.9694366 9.296692
1.9817047 2.081314 9.887024
1.9912262 1.445755 9.522827
1.7817535 0.2936554 9.7751465
1.7555695 -0.79655457 9.34668
1.7246246 -1.3464203 8.794434
2.805313 -1.2154999 8.563538
3.7431793 -0.4728241 8.563538
4.4382477 -0.20384216 8.420715
4.3335114 -0.53471375 9.015808
3.914566 -1.241684 9.453796
5.171402 -0.59898376 7.718506
6.318741 0.9268341 8.313599
7.3042145 2.0313263 8.304077
6.923355 1.888504 9.15625
5.254715 0.9363556 8.634949
4.690567 -0.2252655 8.825378
4.1668854 0.09132385 8.870605
4.2573395 0.33650208 8.822998
4.376358 0.4817047 8.399292
4.13118 0.19606018 8.44928
3.509903 0.008010864 8.554016
2.8648224 -0.077682495 8.539734
3.3599396 -0.19908142 8.270752
3.7098541 0.33174133 8.908691
4.074051 0.8530426 9.641846
4.9309845 1.0458527 8.782532
4.781021 1.1220245 9.520447
5.171402 0.5745392 8.023193
5.050003 0.050857544 8.813477
4.633438 -0.09196472 9.232422
3.990738 -0.3252411 8.487366
3.0719147 -0.27763367 8.64209
4.0597687 0.06513977 7.866089
5.3927765 -0.17765808 9.28479
5.0404816 1.0315704 12.379272
3.150467 4.5735626 10.786804
1.4818268 4.0094147 9.748962
-0.39390564 0.28651428 7.892273
-0.9985199 -3.384018 8.296936
-0.7985687 -5.2097626 7.9660645
-0.19633484 -4.7741547 9.625183
1.1819 -2.4842377 8.38501
2.4411163 -0.09434509 9.120544
2.5720367 2.671646 10.24884
2.7100983 4.378372 10.686829
2.6910553 3.6118927 9.825134
2.086441 1.3933868 10.260742
0.37495422 -0.6799164 10.472595
1.6294098 -1.7058563 7.36145
4.047867 -1.2750092 7.797058
6.261612 -0.59898376 8.870605
6.7781525 -0.080062866 8.944397
6.4449005 0.19367981 8.777771
5.942642 -0.2086029 8.504028
5.664139 -0.844162 8.468323
5.2761383 -1.3535614 8.558777
4.5215607 -1.5868378 8.653992
3.6979523 -1.6249237 8.611145
2.9505157 -1.7225189 8.649231
2.7624664 -1.498764 8.820618
2.9790802 -0.8084564 9.032471
3.3766022 -0.04197693 9.161011
3.5860748 0.35316467 9.330017
3.5836945 0.56977844 9.215759
3.4432526 0.79829407 9.341919
3.2242584 0.7126007 9.622803
2.7434235 0.5507355 9.356201
2.7481842 0.41267395 9.275269
2.8219757 0.23176575 9.506165
2.8386383 0.036575317 9.263367
2.7220001 -0.38475037 9.134827
2.7386627 -0.85606384 8.996765
2.8457794 -0.9893646 9.02533
3.0647736 -0.8013153 9.03009
3.2932892 -0.41807556 9.1657715
3.49086 -0.058639526 9.006287
3.664627 0.06752014 9.065796
3.7003326 0.17225647 9.470459
3.5146637 0.39601135 9.432373
3.3861237 0.29127502 9.163391
3.3194733 -0.21812439 9.201477
3.16951 -0.6846771 9.427612
2.9671783 -0.89653015 8.9991455
3.1052399 -1.010788 8.989624
3.2552032 -0.9012909 9.075317
3.317093 -0.71562195 9.022949
3.112381 -0.25144958 9.237183
2.9124298 0.5055084 9.225281
2.9576569 0.8839874 9.3776245
3.1290436 0.7197418 9.565674
3.1909332 0.21748352 9.458557
3.0171661 -0.3323822 9.391907
3.2123566 -0.613266 9.032471
3.664627 -0.8751068 8.911072
3.7907867 -0.8036957 8.777771
3.6265411 -0.74180603 9.268127
2.990982 -0.50138855 9.151489
2.253067 -0.6227875 8.842041
1.3723297 -0.91319275 11.155762
0.7891388 -0.6799164 9.122925
1.0581207 -0.16337585 8.792053
1.5699005 -0.26811218 9.399048
1.8650665 -0.5466156 8.723022
2.0793 -0.13957214 9.318115
2.291153 0.78401184 9.620422
1.7627106 1.0767975 10.144104
0.8938751 0.074661255 10.75824
0.86531067 -1.3083344 8.144592
3.002884 -2.4961395 8.268372
5.516556 -1.1512299 8.763489
7.037613 0.9363556 8.287415
7.1709137 1.9242096 9.627563
6.075943 2.2193756 9.006287
6.102127 1.3291168 7.8446655
6.7329254 -0.020553589 8.856323
5.0071564 -0.4490204 9.629944
3.766983 -0.7370453 7.970825
1.4889679 -1.3368988 10.56543
0.17500305 -1.5463715 8.470703
1.0081329 -1.1345673 8.1779175
2.855301 -0.61564636 8.863464
4.1430817 -0.13719177 8.756348
4.4311066 0.2531891 8.9348755
4.0002594 0.0627594 9.332397
3.7455597 -0.33000183 9.106262
3.433731 -0.08482361 9.506165
3.1290436 0.017532349 11.034363
2.5791779 1.8908844 9.879883
1.9626617 2.2312775 10.853455
0.9367218 1.3529205 9.394287
-0.07255554 -0.20146179 8.051758
0.41304016 -1.7915497 9.28717
1.6008453 -2.3437958 9.28479
2.5125275 -1.9510345 8.782532
3.3718414 -1.0893402 8.13031
4.2430573 -1.1369476 8.877747
4.3097076 -0.04673767 10.060791
3.7241364 1.8337555 11.072449
2.0174103 3.0263214 10.703491
0.29164124 2.9953766 10.486877
1.6317902 1.2196198 7.578064
3.5789337 -1.434494 8.113647
4.6810455 -2.505661 8.725403
5.22139 -3.7125092 9.560913
4.728653 -2.274765 9.660889
3.0719147 1.5980988 10.046509
2.6077423 4.3164825 9.22052
3.279007 3.1120148 8.870605
3.7574615 0.24128723 8.239807
3.81221 -2.838913 8.822998
3.562271 -4.7265472 8.96344
3.471817 -3.7601166 8.070801
1.746048 -2.358078 9.5252075
2.329239 -0.9560394 8.651611
3.240921 0.1865387 9.244324
4.2525787 0.26271057 9.068176
4.869095 0.06752014 8.470703
5.0404816 -0.14433289 9.641846
4.785782 -0.15385437 9.698975
3.4741974 -0.83226013 11.474731
1.541336 -2.1295624 9.187195
-1.6102753 -3.5054169 8.527832
-1.4888763 -2.8698578 8.799194
0.10359192 -1.6987152 8.649231
2.3601837 -0.35856628 8.96582
4.0835724 0.97206116 9.375244
5.152359 1.6361847 9.591858
5.1047516 2.259842 9.134827
4.031204 2.343155 9.879883
2.291153 3.5904694 10.1203
1.0176544 3.3976593 11.14624
0.6796417 2.6168976 10.294067
1.3985138 1.1482086 9.265747
1.6175079 -0.7108612 9.260986
1.3271027 -2.9841156 10.43689
0.99147034 -4.031479 8.573059
0.3678131 -3.6244354 8.299316
0.6510773 -2.2604828 8.7039795
1.5127716 -1.2059784 9.253845
2.3887482 -0.16099548 9.072937
2.760086 0.88874817 9.4609375
2.8576813 1.5005035 10.843933
2.1197662 2.490738 11.010559
1.9102936 2.2717438 11.52948
1.0105133 2.5288239 9.075317
0.8700714 0.5174103 9.575195
1.0652618 -1.3083344 8.799194
1.3271027 -2.4937592 9.79895
1.4151764 -2.0962372 9.3776245
1.1223907 -1.3321381 9.882263
1.0557404 -0.7941742 9.963196
1.1842804 -0.015792847 10.022705
1.5056305 0.4650421 9.449036
2.1364288 0.30317688 9.660889
2.3792267 0.35316467 10.125061
2.14357 0.28175354 9.663269
1.3961334 -0.6608734 10.375
-0.022567749 -1.1607513 10.703491
-0.68907166 -0.82273865 9.301453
-1.0389862 -0.28715515 7.828003
-0.21537781 -0.927475 8.689697
0.35591125 -0.9488983 9.111023
1.8769684 -0.78227234 8.884888
2.4125519 -0.23002625 9.817993
2.022171 0.58644104 10.089355
0.62013245 1.6861725 10.536865
-0.35820007 2.5669098 9.970337
0.68440247 1.9575348 9.3776245
2.131668 0.5745392 9.161011
3.7622223 -0.7465668 9.820374
4.4358673 -1.4297333 9.568054
4.1407013 -1.3654633 9.108643
3.5075226 -0.5894623 9.137207
3.157608 -0.09196472 9.101501
3.074295 -0.07292175 9.213379
3.0790558 -0.21574402 9.1657715
2.760086 -0.3990326 9.056274
2.181656 -0.6799164 9.28479
1.829361 -0.7537079 9.35144
1.8055573 -0.47044373 9.427612
2.0935822 -0.5775604 11.677063
1.9055328 0.8459015 10.413086
1.1271515 2.195572 9.703735
1.2794952 1.1363068 9.187195
1.1914215 -1.267868 9.03009
0.75105286 -2.6484833 9.134827
0.47016907 -2.0533905 8.554016
0.82484436 -0.6299286 8.592102
1.7436676 0.12464905 9.044373
2.2387848 0.624527 9.910828
2.4530182 1.0577545 9.782288
2.1578522 1.5338287 10.094116
1.8698273 1.7552032 9.825134
1.9269562 0.8768463 9.713257
2.8862457 -0.33952332 8.592102
3.9407501 -1.0060272 8.808716
6.006912 -0.24668884 7.649475
7.935013 1.7671051 7.866089
9.422745 3.7880402 8.294556
10.2487335 3.6952057 8.518311
9.165665 2.18367 9.518066
4.6048737 0.44361877 9.215759
1.2818756 -2.0605316 8.415955
0.42494202 -2.5532684 7.5542603
1.6032257 -2.4509125 8.239807
2.8148346 -1.8486786 8.494507
3.4289703 -0.6799164 8.696838
3.3289948 -0.2419281 9.225281
2.862442 -0.2585907 8.534973
2.567276 -0.6204071 8.877747
1.912674 -0.30619812 9.141968
1.3818512 -0.25382996 8.877747
1.7936554 0.11274719 9.665649
3.997879 1.4124298 8.189819
7.623184 1.2862701 7.29718
8.939529 1.86232 7.8589478
8.406326 1.6814117 7.6066284
6.69722 1.9123077 8.251709
6.0807037 1.9694366 8.711121
4.9000397 1.0458527 9.101501
5.6355743 -0.5204315 7.4661865
5.09523 -0.33714294 8.623047
4.9881134 -1.4059296 7.7994385
4.8476715 -2.0319672 7.906555
4.747696 -1.1893158 7.839905
4.5382233 -0.13957214 8.282654
4.3668365 0.24604797 8.575439
3.959793 0.2103424 8.668274
3.721756 0.41267395 8.4730835
3.6194 0.8601837 8.739685
3.8550568 1.0196686 8.882507
4.492996 1.1101227 8.658752
4.842911 1.1172638 8.482605
5.004776 0.9625397 8.589722
5.3927765 0.90779114 8.434998
5.4641876 1.0529938 8.665894
5.2975616 1.7385406 8.606384
5.069046 1.9956207 8.984863
4.7786407 1.5314484 8.496887
4.3906403 -0.31333923 8.5373535
3.4123077 -2.100998 8.289795
Time Stop = 7525
