Time Start = 5883
-1.2270355 -1.1940765 9.337158
-2.1363373 -1.2773895 9.491882
-2.7861786 -1.1964569 9.427612
-2.7599945 -1.3297577 9.310974
-2.4315033 -1.5987396 9.251465
-2.1577606 -1.7010956 9.234802
-2.198227 -1.6558685 9.318115
-2.4315033 -1.5320892 9.308594
-2.4719696 -1.3845062 9.325256
-2.371994 -1.4011688 9.439514
-2.2791595 -1.3630829 9.458557
-2.269638 -1.3368988 9.656128
-2.41008 -1.3916473 9.722778
-2.4600677 -1.3773651 9.6918335
-2.47435 -1.415451 9.720398
-2.4529266 -1.453537 9.665649
-2.4410248 -1.4844818 9.589478
-2.4315033 -1.4511566 9.582336
-2.5076752 -1.2916718 9.703735
-2.660019 -1.1036224 9.591858
-2.8456879 -0.95365906 9.579956
-3.0742035 -0.72514343 9.610901
-3.3741302 -0.6513519 9.627563
-3.4955292 -0.78941345 9.627563
-3.5931244 -0.8274994 9.403809
-3.5217133 -1.0131683 9.675171
-3.205124 -1.1607513 10.127441
-2.5148163 -1.0893402 10.236938
-1.717392 -1.2892914 9.779907
-1.1199188 -1.0726776 8.296936
-1.3151093 -0.6394501 7.6399536
-1.6864471 -0.70848083 8.087463
-1.7007294 -0.90605164 9.006287
-1.0984955 -1.5606537 9.044373
0.09169006 -2.377121 9.244324
1.2509308 -3.5792084 9.708496
2.3578033 -4.3694916 9.929871
2.9171906 -4.655136 10.082214
2.9814606 -4.519455 9.953674
2.9790802 -4.571823 9.898926
3.0338287 -4.6527557 9.5252075
2.7481842 -4.74321 9.180054
2.631546 -4.826523 8.663513
2.3006744 -5.0812225 8.332642
2.0007477 -5.374008 7.887512
1.772232 -5.733444 7.6399536
1.5960846 -6.0309906 7.835144
1.3390045 -5.950058 8.032715
1.0271759 -5.3383026 7.9779663
0.35353088 -4.352829 8.046997
-0.1582489 -3.71727 8.289795
-0.39390564 -3.807724 8.9158325
-0.4129486 -4.3361664 9.315735
-0.2320404 -4.9455414 9.41333
-0.21299744 -5.6715546 9.687073
-0.15110779 -5.852463 9.60614
0.003616333 -5.673935 9.6085205
0.24879456 -5.3383026 9.765625
0.38685608 -4.993149 9.565674
0.4749298 -4.5623016 9.268127
0.21546936 -4.0338593 8.868225
-0.120162964 -3.807724 8.570679
-0.4058075 -3.9196014 8.570679
-0.4462738 -4.4980316 8.673035
-0.32487488 -5.1050262 8.796814
-0.2582245 -5.454941 8.763489
-0.27488708 -5.423996 8.865845
-0.11778259 -5.1193085 8.970581
0.14167786 -4.6884613 9.001526
0.32496643 -4.3575897 8.77301
0.42970276 -4.3885345 8.83252
0.36305237 -4.4147186 8.499268
0.2702179 -4.429001 8.415955
0.28211975 -4.3385468 8.351685
0.27497864 -4.2266693 8.311218
0.21070862 -4.2647552 8.377869
0.16786194 -4.255234 8.161255
0.12501526 -4.448044 7.956543
-0.041610718 -4.80748 8.116028
-0.09397888 -5.012192 8.277893
-0.036849976 -5.014572 8.568298
0.029800415 -4.68132 8.734924
-0.42485046 -3.660141 8.822998
-1.19133 -3.0269623 9.679932
-2.3577118 -3.1102753 11.931763
-1.8340302 -3.4006805 12.372131
-0.7342987 -4.450424 12.595886
0.08930969 -4.8241425 11.427124
0.022659302 -4.2718964 9.9869995
0.129776 -3.9791107 8.942017
0.43208313 -3.9957733 8.484985
0.38209534 -4.6241913 9.446655
1.1081085 -4.5932465 9.294312
1.1247711 -5.2811737 9.306213
1.4104156 -5.174057 9.149109
1.7436676 -4.6051483 8.613525
1.4889679 -4.398056 8.25647
1.1866608 -4.4789886 8.035095
1.0795441 -4.636093 7.930359
0.886734 -4.6313324 7.801819
0.71058655 -4.3504486 7.770874
0.51301575 -4.348068 8.080322
0.23927307 -4.514694 8.308838
0.14167786 -4.3932953 8.275513
-0.122543335 -4.4385223 8.263611
-0.45341492 -4.5289764 8.254089
-0.68907166 -4.609909 8.489746
-0.7342987 -4.633713 8.551636
-0.6700287 -4.757492 8.820618
-0.691452 -4.80748 8.780151
-0.793808 -4.847946 8.746826
-0.8747406 -5.0312347 9.103882
-0.8318939 -5.0693207 9.387146
-0.84617615 -4.9455414 9.637085
-0.92948914 -4.697983 9.641846
-2.262497 -4.3052216 10.5963745
-3.1908417 -4.909836 12.241211
-1.5626678 -4.6956024 11.831787
-0.69859314 -5.7929535 11.72467
-0.73905945 -5.340683 10.370239
-1.1032562 -4.5170746 8.782532
-1.1556244 -3.7553558 7.4780884
-1.6650238 -3.724411 7.187683
-1.9078217 -5.0859833 7.892273
-1.217514 -6.0928802 8.037476
-0.85331726 -6.47612 7.8375244
-0.6009979 -6.342819 8.1588745
-0.07255554 -5.6525116 8.523071
0.27259827 -5.3502045 8.894409
0.3035431 -5.1954803 8.822998
0.10121155 -5.188339 8.532593
-0.010665894 -5.1692963 8.104126
-0.10826111 -5.205002 8.249329
-0.20109558 -5.0955048 8.308838
-0.1415863 -5.1454926 8.394531
0.053604126 -5.5620575 8.249329
0.16786194 -5.96196 7.801819
0.21546936 -6.1381073 7.687561
0.20594788 -6.021469 7.7089844
0.33210754 -5.6072845 7.692322
0.49873352 -5.488266 7.7113647
0.6058502 -5.488266 7.5947266
0.6010895 -5.4716034 7.4661865
0.51301575 -5.2216644 7.3685913
0.57014465 -5.0312347 7.4066772
0.68440247 -5.143112 7.5304565
0.7962799 -5.2145233 7.609009
0.90101624 -5.052658 7.7613525
0.9367218 -4.828903 8.061279
0.99147034 -4.7217865 8.606384
1.0319366 -4.5218353 8.906311
1.034317 -4.5623016 9.234802
1.0200348 -4.9788666 9.215759
0.89863586 -5.1335907 9.053894
0.78437805 -5.1573944 9.068176
0.5106354 -5.019333 9.03009
0.40589905 -4.957443 9.041992
0.360672 -5.135971 9.070557
0.3273468 -5.443039 8.927734
0.17500305 -5.7548676 8.918213
0.07740784 -5.8453217 8.946777
0.1797638 -5.7215424 9.003906
0.21546936 -5.5882416 8.994385
0.22261047 -5.4835052 8.958679
0.21308899 -5.4216156 8.868225
0.21784973 -5.2621307 8.753967
0.27497864 -5.045517 8.587341
0.3202057 -4.9145966 8.520691
0.31544495 -4.828903 8.313599
0.2702179 -4.9193573 8.251709
0.2940216 -4.9264984 8.12793
0.3035431 -5.007431 8.282654
0.35353088 -5.135971 8.646851
0.45350647 -5.3049774 9.380005
0.3106842 -5.264511 9.506165
-0.32011414 -4.9907684 10.50592
-1.5007782 -3.9005585 11.020081
-2.5481415 -4.2599945 12.605408
-1.7792816 -3.9267426 12.307861
-0.8747406 -5.052658 11.900818
-0.4700775 -5.352585 10.536865
-0.52482605 -4.886032 8.637329
-0.7247772 -4.3885345 7.720886
-1.0937347 -4.224289 8.354065
-0.77238464 -5.1692963 9.263367
0.4106598 -5.238327 8.701599
0.7462921 -5.3121185 8.404053
0.5106354 -5.1788177 8.287415
0.5820465 -4.769394 8.19458
0.822464 -4.526596 8.327881
0.85816956 -4.340927 8.475464
0.7891388 -4.2790375 8.227905
0.62727356 -4.224289 8.039856
0.6248932 -4.3766327 8.016052
0.7296295 -4.6694183 8.301697
0.8129425 -4.969345 8.501648
0.8462677 -5.0812225 8.632568
0.77723694 -4.955063 8.723022
0.7724762 -4.731308 8.653992
0.7320099 -4.545639 8.684937
0.66773987 -4.6241913 8.737305
0.5011139 -4.7670135 8.477844
0.46540833 -4.847946 8.308838
0.4344635 -5.0098114 8.277893
0.32258606 -5.1002655 8.189819
0.31782532 -5.052658 8.363586
0.4582672 -4.8384247 8.45166
0.4844513 -4.719406 8.584961
0.5558624 -4.5694427 8.656372
0.5844269 -4.61467 8.696838
0.5820465 -4.8384247 8.649231
0.591568 -5.083603 8.7039795
0.6891632 -5.2335663 8.849182
0.77723694 -5.3430634 9.058655
0.85816956 -5.3763885 9.337158
0.8772125 -5.5049286 9.320496
0.8058014 -5.473984 9.15863
0.5653839 -5.457321 8.956299
0.28211975 -5.347824 8.668274
0.08692932 -5.3763885 8.465942
0.008377075 -5.4835052 8.618286
-0.055892944 -5.5763397 8.846802
0.027420044 -5.5620575 8.982483
0.055984497 -5.5049286 8.994385
0.034561157 -5.4097137 8.956299
-0.051132202 -5.0478973 8.782532
-0.12730408 -4.8431854 8.839661
-0.36772156 -4.4956512 8.670654
-0.45817566 -4.507553 8.649231
-0.44865417 -4.9645844 8.792053
-0.3653412 -5.3882904 8.6206665
-0.38676453 -5.519211 8.32074
-0.41056824 -5.4073334 8.137451
-0.36296082 -5.1645355 8.199341
-0.30345154 -4.852707 8.280273
-0.26060486 -4.578964 8.199341
-0.21775818 -4.6122894 8.401672
-0.16777039 -4.5861053 8.434998
0.02027893 -4.590866 8.561157
0.15119934 -4.4766083 8.861084
0.21308899 -4.512314 9.122925
0.2368927 -4.526596 9.177673
0.096450806 -4.6575165 9.006287
-0.053512573 -4.7360687 8.861084
-0.13682556 -4.781296 8.742065
-0.17253113 -4.9145966 8.692078
-0.16539001 -4.9645844 8.663513
-0.1749115 -5.071701 8.687317
-0.17967224 -5.200241 8.625427
-0.18919373 -5.476364 8.668274
-0.14634705 -5.8072357 8.554016
-0.13444519 -6.0500336 8.523071
-0.09635925 -6.0167084 8.51355
-0.034469604 -5.8572235 8.606384
0.04170227 -5.731064 8.737305
0.10121155 -5.6191864 8.799194
0.12739563 -5.5572968 8.784912
0.13929749 -5.5572968 8.780151
0.14167786 -5.4858856 8.699219
0.053604126 -5.4001923 8.730164
0.0393219 -5.3882904 8.720642
0.048843384 -5.371628 8.775391
0.07978821 -5.495407 8.825378
0.022659302 -5.5358734 8.756348
-0.0677948 -5.623947 8.725403
-0.1415863 -5.566818 8.70636
-0.15110779 -5.488266 8.575439
-0.26060486 -5.5049286 8.501648
-0.41532898 -5.457321 8.423096
-0.5272064 -5.4858856 8.413574
-0.60813904 -5.76915 8.520691
-0.68193054 -5.988144 8.475464
-0.67240906 -6.1523895 8.342163
-0.7176361 -6.1833344 8.382629
-0.80570984 -6.1381073 8.434998
-0.78666687 -5.9405365 8.465942
-0.6533661 -5.7858124 8.508789
-0.57481384 -5.5811005 8.499268
-0.5462494 -5.5477753 8.415955
-0.5034027 -5.564438 8.380249
-0.42723083 -5.6191864 8.313599
-0.32011414 -5.7215424 8.265991
-0.248703 -5.8000946 8.220764
-0.1582489 -5.6905975 8.19458
-0.12968445 -5.526352 8.218384
-0.058273315 -5.3692474 8.125549
-0.055892944 -5.340683 8.00415
-0.15586853 -5.2978363 7.9732056
-0.2891693 -5.3192596 8.025574
-0.39866638 -5.309738 8.26123
-0.55101013 -5.2169037 8.408813
-0.6343231 -5.371628 8.656372
-0.6700287 -5.6572723 8.637329
-0.89378357 -6.1404877 8.7872925
-1.0366058 -6.1262054 8.856323
-1.2413177 -5.609665 8.623047
-1.8173676 -4.3361664 8.570679
-2.7480927 -2.531845 7.8303833
-4.968979 -3.0817108 11.550903
-4.7285614 -2.9365082 12.626831
-3.083725 -2.9174652 11.8341675
-1.6388397 -3.5673065 10.574951
-0.8890228 -3.5435028 8.427856
-1.5650482 -4.1576385 8.289795
-2.6385956 -5.473984 9.011047
-2.6528778 -5.8572235 8.042236
-1.9078217 -6.3332977 7.559021
-0.83903503 -6.552292 8.139832
0.02027893 -5.8691254 8.725403
0.48683167 -4.833664 9.1467285
0.68678284 -4.250473 9.122925
0.65345764 -4.319504 8.64209
0.51301575 -4.928879 8.218384
0.32972717 -5.2930756 7.7803955
0.27259827 -5.2621307 7.5566406
0.28926086 -5.1502533 7.566162
0.4178009 -5.076462 7.6447144
0.5344391 -5.2930756 7.585205
0.62965393 -5.5930023 7.494751
0.59394836 -5.859604 7.449524
0.56300354 -5.96196 7.630432
0.64393616 -5.821518 7.528076
0.6082306 -5.8715057 7.828003
0.5177765 -6.000046 7.8446655
0.4011383 -6.1857147 7.756592
0.3202057 -6.552292 7.7994385
0.26307678 -6.6855927 7.7922974
0.21546936 -6.488022 7.789917
0.1131134 -6.302353 7.880371
0.0393219 -6.1381073 8.051758
-0.02494812 -6.1452484 8.201721
-0.21775818 -5.923874 8.499268
-0.12968445 -5.393051 8.3255005
-0.23680115 -5.3811493 8.418335
-0.8414154 -5.583481 8.554016
-1.9340057 -6.0905 8.632568
-3.3431854 -6.4094696 9.634705
-4.045395 -7.5306244 12.110291
-2.6385956 -6.6594086 11.5842285
-1.6650238 -6.335678 12.010315
-1.0413666 -5.1454926 10.76062
-0.8080902 -4.5884857 9.034851
-1.2079926 -4.3813934 7.6661377
-1.9887543 -4.6003876 6.9924927
-2.1768036 -6.290451 6.725891
-1.634079 -7.751999 6.833008
-0.83903503 -7.3068695 5.9974976
-0.8152313 -7.135483 7.5542603
-0.19395447 -6.309494 8.482605
0.508255 -5.609665 8.758728
0.88197327 -5.307358 8.830139
0.8319855 -5.207382 8.230286
0.7248688 -5.404953 7.661377
0.69392395 -5.604904 7.313843
0.6415558 -5.6120453 7.3519287
0.6010895 -5.5763397 7.5185547
0.5987091 -5.6453705 7.8327637
0.50587463 -5.7167816 7.866089
0.42494202 -5.609665 7.694702
0.44636536 -5.519211 7.758972
0.5177765 -5.64299 7.885132
0.5320587 -5.77153 8.101746
0.572525 -5.9024506 8.263611
0.5677643 -5.9357758 8.477844
0.56062317 -5.7620087 8.57782
0.55348206 -5.6334686 8.64447
0.3773346 -5.3573456 8.677795
0.13929749 -5.159775 8.525452
0.05836487 -5.4025726 8.427856
-0.017807007 -5.628708 8.25885
-0.10588074 -5.726303 8.235046
-0.23680115 -5.64299 8.146973
-0.28678894 -5.6001434 8.446899
-0.19633484 -5.533493 8.599243
-0.13206482 -5.2740326 8.7872925
-0.120162964 -5.1788177 8.982483
-0.14396667 -5.181198 9.02533
-0.2320404 -5.2668915 8.884888
-0.25584412 -5.2216644 8.794434
-0.27964783 -5.340683 8.801575
-0.27012634 -5.359726 8.689697
-0.2082367 -5.302597 8.5802
-0.16777039 -5.159775 8.611145
-0.16539001 -4.9264984 8.725403
-0.12730408 -4.905075 8.939636
0.034561157 -5.0240936 8.937256
0.19166565 -5.1907196 8.632568
0.22975159 -5.283554 8.377869
0.23927307 -5.476364 8.213623
0.22737122 -5.745346 8.135071
0.10121155 -5.7810516 7.987488
0.04408264 -5.8500824 8.151733
0.0393219 -5.821518 8.246948
0.022659302 -5.6120453 8.344543
-0.015426636 -5.5549164 8.44928
-0.09159851 -5.590622 8.584961
-0.12968445 -5.6763153 8.711121
-0.14872742 -5.904831 8.782532
-0.20109558 -5.983383 8.692078
-0.20109558 -6.1214447 8.606384
-0.20347595 -6.116684 8.615906
-0.21537781 -5.9976654 8.477844
-0.22013855 -5.9143524 8.446899
-0.16777039 -5.847702 8.265991
-0.25108337 -5.476364 8.244568
-0.39866638 -5.521591 8.534973
-0.6009979 -5.5311127 8.746826
-0.87950134 -5.4263763 8.677795
-1.1651459 -5.4144745 8.820618
-1.3769989 -5.416855 8.908691
-1.4960175 -5.3811493 8.83252
-1.3769989 -5.328781 8.861084
-1.2032318 -5.1573944 8.822998
-0.9556732 -5.1002655 8.677795
-0.691452 -5.140732 8.753967
-0.4962616 -5.0693207 8.570679
-0.38676453 -5.1074066 8.539734
-0.34629822 -5.200241 8.458801
-0.332016 -5.264511 8.358826
-0.38200378 -5.290695 8.270752
-0.4296112 -5.378769 8.425476
-0.55815125 -5.412094 8.463562
-0.7819061 -5.359726 8.561157
-0.8675995 -5.4001923 8.604004
-0.877121 -5.5430145 8.573059
-1.0009003 -5.616806 8.518311
-1.1627655 -5.7429657 8.551636
-1.217514 -5.8643646 8.689697
-1.1484833 -5.995285 8.734924
-1.0508881 -5.8762665 8.499268
-1.0151825 -5.816757 8.554016
-1.0389862 -5.750107 8.480225
-0.9985199 -5.6644135 8.382629
-0.8152313 -5.6596527 8.411194
-0.69621277 -5.5739594 8.477844
-0.5724335 -5.423996 8.4730835
-0.3891449 -5.2787933 8.70636
-0.21299744 -5.1931 8.718262
-0.07017517 -5.0859833 8.727783
-0.11302185 -5.147873 8.725403
-0.122543335 -5.078842 8.630188
-0.15348816 -5.1002655 8.5563965
-0.18205261 -5.166916 8.527832
-0.23680115 -5.2288055 8.392151
-0.42485046 -5.1764374 8.204102
-0.4462738 -5.354965 8.223145
-0.30345154 -5.6310883 8.251709
-0.14396667 -5.83342 8.211243
-0.058273315 -5.847702 8.282654
-0.09635925 -5.8762665 8.411194
-0.10588074 -5.8048553 8.596863
-0.12968445 -5.64299 8.494507
-0.13682556 -5.51445 8.5802
-0.21299744 -5.5311127 8.751587
-0.2653656 -5.435898 8.589722
-0.32011414 -5.507309 8.508789
-0.39152527 -5.564438 8.506409
-0.47483826 -5.602524 8.51593
-0.5034027 -5.666794 8.568298
-0.50102234 -5.7239227 8.684937
-0.51768494 -5.6382294 8.549255
-0.5676727 -5.566818 8.599243
-0.65812683 -5.585861 8.554016
-0.7247772 -5.566818 8.380249
-0.83665466 -5.526352 8.232666
-0.7604828 -5.5477753 8.204102
-0.5962372 -5.6786957 8.13269
-0.32963562 -5.7167816 8.051758
-0.17015076 -5.609665 8.113647
-0.04875183 -5.423996 8.25885
0.04408264 -5.328781 8.294556
0.09883118 -5.3763885 8.332642
0.053604126 -5.431137 8.182678
-0.25346375 -5.3168793 8.187439
-0.4700775 -5.3359222 8.206482
-0.5771942 -5.4454193 8.346924
-0.5462494 -5.4454193 8.32312
-0.55815125 -5.443039 8.394531
-0.5057831 -5.3168793 8.38739
-0.5057831 -5.200241 8.301697
-0.4629364 -5.1121674 8.246948
-0.45341492 -4.974106 8.218384
-0.40104675 -4.890793 8.349304
-0.43437195 -4.912216 8.377869
-0.49864197 -4.9526825 8.408813
-0.46531677 -4.995529 8.45166
-0.4391327 -5.1050262 8.539734
-0.33677673 -5.359726 9.001526
-0.3153534 -5.6834564 9.806091
-0.34153748 -5.5953827 10.660645
-0.5272064 -4.957443 9.418091
-2.2743988 -4.80748 11.084351
-3.167038 -6.3047333 14.269287
-1.929245 -4.9026947 12.338806
-1.19133 -5.8715057 12.476868
-0.41532898 -5.2930756 10.582092
-0.21299744 -4.371872 8.984863
-0.24632263 -3.891037 7.975586
-0.43675232 -3.3173676 7.0424805
-1.2389374 -3.9434052 8.120789
Time Stop = 5888
