Time Start = 1457234806
0.2868805 -3.3126068 9.510925
0.75105286 -2.6699066 10.160767
0.41542053 -2.441391 9.656128
-0.15586853 -2.9365082 9.34668
-0.5367279 -3.3602142 9.556152
-0.479599 -3.2792816 9.465698
-0.16777039 -3.0983734 9.629944
0.096450806 -3.0745697 9.529968
0.21308899 -3.0864716 9.532349
0.07026672 -3.0293427 9.625183
-0.034469604 -2.8174896 9.527588
-0.12730408 -2.6413422 9.696594
-0.08207703 -2.6627655 9.672791
-0.053512573 -2.7484589 9.589478
0.013137817 -2.8293915 9.594238
-0.041610718 -2.8555756 9.637085
-0.09397888 -2.9198456 9.637085
-0.13920593 -2.8960419 9.663269
-0.19871521 -2.9127045 9.584717
-0.18205261 -3.0102997 9.5252075
-0.13682556 -2.974594 9.598999
-0.10588074 -2.903183 9.551392
-0.04399109 -2.9650726 9.651367
-0.032089233 -2.910324 9.532349
-0.055892944 -2.8865204 9.629944
-0.053512573 -2.8032074 9.777527
-0.07493591 -2.6960907 9.725159
-0.013046265 -2.7151337 9.6918335
-0.036849976 -2.81987 9.7751465
0.03694153 -2.9841156 9.556152
0.05836487 -3.07695 9.527588
0.022659302 -3.2649994 9.527588
-0.0677948 -3.4054413 9.439514
-0.14396667 -3.3292694 9.437134
-0.16539001 -3.2649994 9.577576
-0.11540222 -3.0626678 10.082214
0.0155181885 -2.4437714 10.177429
0.11073303 -2.422348 10.360718
0.1797638 -2.6103973 10.098877
0.6891632 -3.2745209 9.618042
0.8724518 -3.814865 9.049133
0.5511017 -4.16716 8.858704
0.0393219 -4.23143 8.946777
-0.60813904 -4.005295 9.056274
-1.0770721 -3.4316254 9.21814
-1.2603607 -3.198349 9.34668
-0.9889984 -3.807724 9.41095
-0.4700775 -4.026718 9.2229
-0.32725525 -3.6244354 9.584717
-0.49864197 -3.3530731 9.506165
-1.6174164 -2.236679 8.989624
-1.7530975 -2.5651703 10.294067
-1.3055878 -2.6508636 8.630188
-0.8104706 -3.2983246 9.260986
-0.5200653 -3.5601654 9.315735
-0.6176605 -3.6363373 8.794434
-0.72953796 -3.871994 9.077698
-0.85331726 -3.5339813 9.760864
-0.7366791 -2.9365082 9.7561035
-0.48435974 -2.4699554 9.972717
-0.1415863 -2.2462006 9.658508
0.010757446 -2.6365814 9.54187
0.21546936 -3.6506195 9.975098
0.35829163 -3.8196259 9.187195
0.19166565 -3.4149628 9.915588
0.21546936 -3.0626678 9.982239
0.15596008 -2.5532684 9.53949
-0.010665894 -3.3221283 9.499023
0.42970276 -4.48851 9.249084
0.6463165 -5.1573944 8.813477
0.3106842 -4.2338104 9.648987
-0.18443298 -3.5077972 9.446655
-0.4629364 -2.9888763 8.913452
-0.691452 -2.8984222 9.758484
-0.8723602 -2.8412933 9.66803
-0.9175873 -2.812729 9.491882
-0.77952576 -3.1031342 9.677551
-0.43675232 -3.095993 9.779907
-0.077316284 -2.865097 9.318115
-0.029708862 -2.8793793 9.382385
-0.10588074 -2.7794037 9.341919
-0.2582245 -2.793686 9.958435
-0.27964783 -2.717514 9.556152
-0.25108337 -2.8222504 9.825134
-0.11540222 -3.2507172 9.870361
0.18928528 -3.486374 9.28479
0.3273468 -3.614914 9.341919
0.28450012 -3.455429 9.513306
0.28211975 -3.3506927 9.53949
0.36305237 -3.4387665 9.472839
0.37971497 -3.519699 9.47522
0.4416046 -3.8196259 9.291931
0.43208313 -3.6053925 9.937012
0.508255 -3.0626678 9.425232
0.5582428 -2.7651215 8.911072
0.41304016 -4.224289 10.065552
0.24879456 -4.171921 9.789429
-0.7271576 -2.7270355 9.713257
-1.5626678 -2.8103485 9.113403
-1.6007538 -2.974594 9.051514
-1.4055634 -1.9081879 9.330017
-0.922348 -2.524704 10.18457
-0.5057831 -2.1414642 9.794189
-0.59147644 -2.0034027 9.663269
-0.8009491 -2.7651215 9.86322
-0.72953796 -2.9341278 9.106262
-0.543869 -3.3887787 9.208618
-0.4058075 -4.0624237 9.339539
-0.17253113 -4.2290497 9.422852
0.08930969 -3.6387177 9.656128
0.29878235 -3.1055145 9.589478
0.4344635 -3.1840668 9.280029
0.61299133 -3.2292938 9.806091
0.66059875 -3.0269623 9.549011
0.48683167 -3.8315277 9.28241
0.4749298 -3.9315033 9.572815
0.4749298 -3.455429 9.556152
0.36305237 -2.9507904 9.470459
0.2606964 -2.7413177 9.365723
0.3368683 -2.8412933 9.963196
0.26545715 -3.2031097 9.653748
0.33924866 -3.2126312 9.515686
0.30116272 -3.1555023 9.560913
0.33924866 -3.1840668 9.210999
0.360672 -3.0840912 9.34668
0.4011383 -3.0222015 9.729919
0.4011383 -3.0293427 9.872742
0.37495422 -2.8412933 9.589478
0.40351868 -3.2602386 9.487122
0.50587463 -3.4435272 9.598999
0.5249176 -3.3483124 9.101501
0.04170227 -2.9960175 9.887024
0.10597229 -3.6744232 10.322632
0.19404602 -2.5294647 9.018188
0.075027466 -2.3890228 9.656128
0.034561157 -3.236435 9.553772
-0.08683777 -3.6244354 9.289551
-0.020187378 -4.1314545 9.113403
0.17262268 -4.1385956 9.149109
0.24165344 -3.4720917 9.5442505
0.42018127 -2.7841644 9.444275
0.49635315 -2.6413422 9.787048
0.64393616 -2.524704 9.491882
0.6344147 -2.596115 10.060791
0.47969055 -2.7675018 9.66803
0.36543274 -2.8151093 9.375244
0.29640198 -2.7698822 9.641846
0.29640198 -2.7436981 9.515686
0.10597229 -4.064804 8.880127
0.12501526 -5.719162 8.911072
0.23451233 -5.0240936 9.399048
0.2202301 -3.0626678 9.591858
0.02027893 -1.6701508 9.763245
0.14881897 -1.7201385 9.884644
0.32972717 -2.3747406 9.722778
0.360672 -2.929367 9.598999
0.3035431 -3.4268646 9.915588
0.2535553 -3.2221527 9.503784
0.2035675 -3.1364594 9.687073
0.27497864 -3.1864471 9.310974
0.3440094 -3.2745209 9.387146
0.3368683 -3.224533 9.632324
0.2940216 -3.1055145 9.47998
0.17024231 -3.1245575 9.663269
0.072647095 -3.1769257 9.660889
0.10597229 -2.986496 9.610901
0.16786194 -2.8531952 9.634705
0.3106842 -2.8817596 9.653748
0.34638977 -3.1697845 9.175293
0.26783752 -3.4078217 9.684692
0.051223755 -3.8672333 9.99176
0.075027466 -3.5292206 9.301453
0.055984497 -3.0222015 9.689453
-0.0035247803 -3.005539 9.960815
0.32972717 -2.9769745 9.646606
0.7819977 -3.0341034 9.463318
0.9771881 -3.224533 9.563293
0.52967834 -4.0552826 9.215759
-1.5031586 -3.614914 8.984863
-2.0601654 -2.8103485 10.317871
-2.545761 -1.0869598 8.956299
-2.0292206 -1.748703 9.1657715
-1.0842133 -3.0364838 9.360962
-0.4462738 -4.3956757 8.980103
-0.59147644 -4.5218353 9.213379
-0.8485565 -3.8577118 9.084839
-0.96995544 -3.1578827 9.779907
-0.61528015 -2.2009735 9.758484
-0.0677948 -2.248581 9.701355
0.33210754 -2.7532196 9.570435
0.6153717 -2.8984222 10.025085
0.6225128 -3.3625946 10.3654785
0.7819977 -3.0460052 9.232422
0.81770325 -3.2602386 9.710876
0.9033966 -3.6315765 9.280029
0.9843292 -3.7720184 9.061035
0.7867584 -3.9029388 9.434753
0.61061096 -4.443283 9.382385
0.29164124 -4.519455 9.639465
-0.20585632 -3.9957733 9.648987
-0.37486267 -3.3578339 9.008667
-1.069931 -2.0486298 9.891785
-1.9673309 -2.7151337 9.994141
-1.6459808 -2.4009247 9.122925
-1.4317474 -2.7508392 9.356201
-0.7533417 -3.8481903 9.210999
-0.1749115 -3.6077728 9.408569
0.08454895 -2.6318207 9.803711
-0.029708862 -2.505661 9.920349
-0.077316284 -2.4889984 9.589478
-0.14872742 -2.6603851 9.41095
-0.17253113 -3.153122 9.232422
-0.017807007 -3.255478 9.339539
0.0155181885 -3.345932 10.408325
0.20118713 -3.326889 9.3966675
0.36543274 -3.307846 9.558533
0.34877014 -3.2864227 9.453796
0.35353088 -3.2673798 9.127686
0.2702179 -3.467331 9.427612
0.22261047 -3.5815887 9.596619
0.15596008 -3.4649506 9.632324
0.15834045 -3.262619 9.394287
0.15596008 -3.1697845 9.427612
0.19642639 -3.2935638 9.510925
0.1631012 -3.4720917 9.451416
0.20594788 -3.622055 9.34906
0.16786194 -3.6125336 9.237183
0.19880676 -3.3483124 9.28479
0.13929749 -3.3435516 10.05127
0.16786194 -3.2530975 9.627563
0.15119934 -3.1578827 9.618042
0.09169006 -3.0793304 9.28241
0.096450806 -3.050766 9.363342
-0.015426636 -3.14122 9.639465
-0.077316284 -3.14122 9.696594
-0.04399109 -3.1221771 9.627563
-0.04399109 -3.0079193 9.613281
0.0012359619 -2.8341522 9.441895
0.03694153 -2.8793793 9.549011
0.10121155 -3.1674042 9.896545
0.08692932 -3.4625702 10.098877
0.08454895 -3.2745209 9.813232
0.26545715 -3.307846 9.206238
0.7534332 -3.9719696 9.034851
0.6391754 -4.136215 9.3133545
0.5153961 -4.140976 8.918213
-0.022567749 -3.8838959 8.982483
-0.80570984 -3.384018 10.427368
-0.7533417 -2.5913544 9.527588
-0.5605316 -1.9200897 9.103882
-0.50102234 -2.5485077 9.79657
-0.27964783 -3.005539 9.532349
-0.22251892 -3.0745697 9.380005
-0.32725525 -3.2150116 9.370483
-0.4700775 -3.4649506 9.629944
-0.51530457 -3.84581 9.520447
-0.29393005 -3.6910858 9.363342
0.025039673 -2.941269 9.115784
0.07740784 -2.6437225 9.7751465
0.04408264 -3.2935638 10.317871
0.27259827 -3.1126556 8.927734
0.25117493 -3.0412445 9.941772
0.4677887 -3.0793304 9.6085205
0.8296051 -3.0531464 9.063416
0.98908997 -3.384018 9.306213
1.0795441 -4.283798 9.272888
1.0938263 -5.0217133 8.944397
1.1152496 -4.693222 8.987244
1.0176544 -4.0433807 9.068176
1.1652374 -4.3813934 8.520691
1.24617 -5.238327 8.992004
1.2723541 -4.333786 9.529968
1.1771393 -2.781784 9.582336
1.0033722 -2.3414154 9.698975
0.7867584 -1.8439178 9.951294
0.29640198 -2.3747406 10.236938
0.21784973 -3.5530243 9.675171
-0.27012634 -2.7317963 9.522827
-1.3460541 -2.1747894 10.401184
-1.2436981 -2.0605316 9.558533
-0.23680115 -2.0986176 9.113403
-0.14634705 -2.7675018 9.641846
-0.0059051514 -2.9650726 9.782288
-0.09159851 -2.4271088 9.582336
0.034561157 -2.5104218 9.234802
-0.14634705 -2.460434 9.834656
-0.029708862 -2.1248016 9.620422
0.10597229 -2.5270844 9.601379
0.26307678 -3.0531464 9.641846
0.22975159 -3.3411713 9.718018
0.31544495 -3.493515 9.446655
0.3202057 -3.7720184 9.6918335
0.4273224 -4.012436 9.227661
0.591568 -3.9338837 9.453796
0.822464 -3.5554047 9.258606
0.8795929 -3.1840668 9.241943
0.94862366 -2.9317474 9.425232
0.9105377 -3.0174408 9.622803
0.8486481 -3.1769257 9.615662
0.7462921 -3.255478 9.484741
0.61299133 -3.0531464 9.418091
0.41542053 -3.191208 9.601379
0.34162903 -3.3030853 9.446655
0.19404602 -3.3792572 9.66803
0.1131134 -3.633957 9.73468
0.115493774 -3.3959198 9.449036
0.094070435 -3.107895 9.518066
0.09169006 -2.9698334 9.401428
0.10597229 -3.0341034 9.513306
0.19404602 -3.1007538 9.470459
0.17262268 -3.1626434 9.446655
0.17738342 -3.1674042 9.470459
0.13453674 -3.172165 9.546631
0.09883118 -3.2102509 9.470459
-0.036849976 -3.288803 9.382385
-0.039230347 -3.319748 9.534729
-0.13444519 -3.2078705 9.884644
-0.18443298 -2.9888763 9.722778
-0.14634705 -2.846054 9.589478
-0.058273315 -2.7960663 9.560913
-0.010665894 -2.8960419 9.28241
-0.020187378 -3.0293427 9.330017
-0.04637146 -3.1364594 9.456177
-0.034469604 -3.2316742 9.648987
0.010757446 -3.3673553 9.563293
0.032180786 -3.319748 9.4609375
0.03694153 -3.134079 9.532349
0.06312561 -3.0412445 9.594238
0.046463013 -3.0364838 9.558533
0.055984497 -3.005539 9.760864
0.048843384 -3.1316986 9.684692
0.08692932 -3.1364594 9.28717
0.115493774 -3.1864471 9.332397
0.15119934 -3.2292938 9.206238
0.16072083 -3.5673065 10.379761
0.3106842 -3.6482391 9.458557
0.26307678 -3.160263 9.341919
0.13929749 -3.024582 9.458557
-0.015426636 -3.050766 9.296692
-0.0677948 -3.1459808 9.660889
-0.07017517 -3.3935394 9.610901
-0.08683777 -3.4601898 9.510925
-0.010665894 -3.1864471 9.403809
0.04408264 -2.9008026 9.3966675
-0.015426636 -2.7698822 10.003662
0.05836487 -3.031723 9.672791
0.117874146 -3.0626678 9.208618
0.06788635 -3.2840424 9.470459
0.18452454 -3.4816132 9.327637
0.23451233 -3.557785 9.203857
0.28450012 -3.641098 9.560913
0.2868805 -3.750595 9.334778
0.2702179 -3.7148895 9.337158
0.23451233 -3.5363617 9.765625
0.21784973 -3.2269135 9.598999
0.25117493 -2.9317474 9.625183
0.29640198 -3.422104 9.529968
0.38685608 -3.9957733 9.206238
0.28926086 -3.7386932 9.610901
-0.1582489 -3.4768524 9.772766
-0.248703 -3.307846 9.213379
-0.47483826 -3.326889 9.446655
-0.479599 -3.0817108 9.47998
-0.3891449 -2.6699066 9.35144
-0.09635925 -2.6675262 9.634705
0.23213196 -2.967453 9.584717
0.33448792 -2.986496 9.577576
0.2368927 -3.0222015 9.47998
0.094070435 -3.1864471 9.429993
-0.02494812 -3.6244354 9.420471
0.075027466 -3.6315765 9.363342
0.12263489 -3.3530731 9.553772
0.25117493 -3.5744476 9.375244
0.25831604 -3.7125092 9.327637
0.26545715 -3.4720917 8.777771
0.29640198 -3.2197723 9.801331
0.360672 -3.4435272 9.958435
0.4844513 -3.3935394 9.882263
0.56300354 -3.1674042 9.191956
0.49635315 -3.050766 9.003906
0.360672 -3.3816376 9.422852
0.2368927 -3.595871 9.537109
0.12263489 -3.6434784 9.718018
0.03694153 -3.3983002 9.613281
-0.058273315 -3.0936127 9.22052
-0.11064148 -3.172165 9.339539
-0.13206482 -3.6006317 9.684692
-0.248703 -3.6958466 9.744202
-0.1749115 -3.5006561 9.739441
-0.04875183 -2.9650726 9.34668
0.1131134 -2.7794037 9.394287
0.22737122 -2.8603363 9.787048
0.29640198 -3.2126312 9.784668
0.10359192 -3.2745209 9.582336
-0.25346375 -3.1388397 9.679932
-0.38200378 -3.2459564 9.360962
-0.28440857 -3.3483124 9.320496
-0.055892944 -3.2673798 9.444275
0.1869049 -3.3625946 9.556152
0.26545715 -3.3483124 9.487122
0.22975159 -3.2292938 9.41571
0.10597229 -3.2197723 9.3966675
0.027420044 -3.4197235 9.577576
-0.027328491 -3.3173676 9.441895
0.003616333 -3.0674286 9.310974
-0.051132202 -2.9460297 9.687073
0.008377075 -3.2578583 10.032227
0.08692932 -3.20549 9.406189
0.053604126 -2.9769745 9.444275
0.06788635 -3.1245575 9.4776
0.13453674 -3.3578339 9.429993
0.15596008 -3.4911346 9.458557
0.13691711 -3.667282 9.470459
0.17738342 -3.6506195 9.418091
0.17738342 -3.5815887 9.470459
0.129776 -3.3935394 9.277649
0.04408264 -3.3554535 9.725159
0.07740784 -3.2935638 9.648987
0.025039673 -3.0674286 9.41095
0.0393219 -3.088852 9.537109
0.051223755 -3.172165 9.641846
0.16548157 -3.2459564 9.584717
0.16548157 -3.5339813 9.28717
0.16786194 -3.8791351 9.15387
0.20118713 -3.705368 9.432373
0.10835266 -3.3030853 9.503784
0.07026672 -2.9650726 9.641846
0.11073303 -2.9388885 9.418091
0.17738342 -3.0483856 9.256226
0.02027893 -3.364975 10.096497
0.029800415 -3.1578827 9.039612
-0.029708862 -3.0174408 9.746582
-0.07017517 -3.1769257 9.387146
-0.020187378 -3.743454 9.418091
0.1464386 -3.8767548 9.441895
0.20118713 -3.5863495 9.28479
0.1797638 -3.243576 9.518066
0.14405823 -3.3221283 9.556152
0.18452454 -3.3625946 9.825134
0.013137817 -3.0555267 9.703735
0.02027893 -3.191208 9.3966675
0.13453674 -3.3602142 9.444275
0.075027466 -3.4792328 9.484741
0.005996704 -3.519699 8.987244
0.10121155 -3.5173187 9.60614
0.06074524 -4.283798 10.24646
0.23213196 -3.7934418 8.801575
0.25117493 -3.1364594 9.575195
0.16786194 -2.8531952 9.380005
0.21546936 -2.8412933 9.080078
0.07026672 -2.8984222 9.79895
-0.09635925 -3.1459808 9.913208
-0.1415863 -3.3102264 9.646606
-0.15110779 -3.4506683 9.399048
-0.09397888 -3.6363373 8.982483
-0.036849976 -3.6934662 9.15863
0.14881897 -3.7220306 9.663269
0.022659302 -3.6172943 9.727539
0.2606964 -2.9650726 9.815613
0.22261047 -2.729416 9.268127
0.3440094 -3.5030365 9.189575
0.41542053 -4.1243134 9.401428
0.46540833 -3.8838959 9.589478
0.2940216 -3.4268646 9.425232
0.20594788 -3.5149384 9.208618
0.29640198 -3.6006317 9.358582
0.3202057 -3.6839447 9.120544
0.43208313 -3.6506195 9.549011
0.43208313 -3.4125824 9.610901
0.37019348 -3.3340302 10.410706
0.32972717 -3.20549 9.125305
0.29164124 -3.262619 9.180054
0.26545715 -3.7125092 9.161011
0.27259827 -3.8481903 9.172913
0.32972717 -3.7077484 9.572815
0.23927307 -3.583969 9.648987
0.003616333 -3.0150604 9.86322
-0.103500366 -3.1126556 9.527588
0.1797638 -3.3816376 9.168152
0.21308899 -3.2459564 9.563293
0.09169006 -3.6077728 9.560913
0.12501526 -4.0290985 8.932495
0.1464386 -4.0433807 9.015808
0.24403381 -3.6053925 9.35144
0.34162903 -3.6196747 9.053894
0.6177521 -3.660141 10.003662
0.7819977 -2.4247284 9.951294
0.8534088 -2.0105438 9.808472
1.0605011 -2.3080902 9.92749
0.93434143 -2.543747 10.032227
0.5344391 -2.6056366 10.086975
0.013137817 -2.717514 9.629944
-0.332016 -3.8434296 9.513306
-0.49864197 -4.6456146 9.810852
-0.6938324 -5.1907196 9.075317
-0.6176605 -6.180954 7.989868
-0.7414398 -5.6382294 8.458801
-0.7081146 -3.3173676 9.484741
-1.0009003 -3.4720917 8.780151
-1.5721893 -3.7743988 8.701599
Time Stop = 1457234811
