Time Start = 7458
4.1811676 -2.8960419 9.011047
3.7765045 -2.4509125 8.872986
3.5598907 -1.9891205 8.918213
3.6479645 -1.7510834 8.987244
3.7741241 -1.9391327 8.968201
3.6027374 -2.2271576 8.868225
3.0243073 -2.7960663 8.992004
2.3839874 -3.5458832 9.7561035
2.1173859 -3.5101776 9.265747
2.7267609 -3.2864227 9.151489
3.5313263 -2.7460785 9.215759
4.1049957 -1.9200897 8.523071
4.459671 -1.139328 8.404053
4.7500763 -0.48234558 8.146973
4.3596954 -0.97984314 9.013428
3.4599152 -3.1436005 8.615906
2.6720123 -4.3956757 9.47522
1.5460968 -4.2528534 10.289307
0.6344147 -2.8936615 10.029846
0.7248688 -1.915329 9.106262
1.6317902 -1.5130463 8.799194
2.6482086 -1.8843842 8.856323
3.3956451 -2.4461517 9.184814
3.5955963 -2.3223724 9.5252075
3.1671295 -1.5439911 9.496643
2.7624664 -0.92271423 9.358582
2.1673737 -0.5466156 9.6085205
2.1078644 -0.613266 9.187195
2.2483063 -1.9081879 9.939392
2.0055084 -1.7772675 9.529968
1.9912262 -1.9200897 9.446655
2.0269318 -1.3773651 8.927734
1.9698029 -0.78941345 8.813477
2.124527 -0.71562195 8.856323
1.9412384 -1.4178314 9.072937
1.7579498 -1.7820282 9.318115
1.6841583 -1.6415863 10.403564
1.2723541 -0.64183044 9.772766
1.5746613 0.38648987 10.144104
1.7627106 0.4817047 10.065552
1.9483795 -1.0726776 10.034607
2.7957916 -2.4128265 9.598999
3.9859772 -2.2652435 9.09198
4.612015 -1.5796967 8.492126
5.568924 -0.73942566 8.83728
5.3737335 -0.0015106201 9.327637
4.716751 0.10322571 9.489502
4.1930695 -0.42759705 9.232422
3.3766022 -1.4273529 8.784912
2.881485 -2.4556732 9.291931
1.7317657 -2.9079437 9.275269
0.6225128 -4.114792 10.165527
-0.53196716 -4.7741547 9.468079
0.7891388 -4.6884613 8.270752
2.426834 -4.281418 7.0615234
4.1049957 -4.576584 7.3114624
4.6310577 -5.390671 8.104126
4.3787384 -4.8312836 7.570923
3.0266876 -4.783676 8.106506
2.8267365 -4.5504 8.330261
2.7243805 -4.469467 8.154114
2.9981232 -4.1052704 10.277405
2.2483063 -2.4366302 9.227661
1.7246246 -2.9150848 9.422852
1.6389313 -4.5504 8.584961
2.0697784 -4.897934 8.582581
3.8979034 -5.174057 8.220764
2.7815094 -3.9243622 8.013672
3.7765045 -2.7341766 7.7994385
4.9619293 -1.8677216 8.523071
5.60701 -1.3987885 8.830139
5.530838 -1.2892914 9.627563
6.061661 -0.27763367 9.325256
5.942642 -0.5061493 8.680176
5.1237946 -2.3723602 7.8065796
3.4575348 -5.155014 8.992004
0.89149475 -7.463974 10.167908
-0.8985443 -6.8331757 9.21814
-0.055892944 -4.859848 8.718262
2.4054108 -3.8838959 8.413574
4.369217 -3.929123 8.273132
5.447525 -3.5173187 7.6375732
5.2594757 -3.3411713 7.48999
4.0573883 -4.276657 8.3897705
3.3980255 -4.7075043 8.142212
2.9481354 -3.4911346 8.815857
2.5625153 -3.3792572 9.227661
2.3601837 -4.1266937 9.399048
2.5910797 -3.057907 8.254089
2.5339508 -3.0864716 8.239807
2.888626 -3.3816376 8.058899
3.1219025 -4.257614 8.396912
2.733902 -5.155014 8.156494
2.8195953 -5.207382 8.208862
3.1433258 -4.321884 8.111267
3.5051422 -3.538742 8.337402
3.6741486 -3.6529999 9.789429
2.7481842 -3.9315033 9.249084
3.452774 -3.4506683 8.38501
4.4239655 -3.2911835 8.604004
5.1309357 -2.6699066 8.51593
5.4951324 -1.9700775 8.282654
4.8333893 -2.3699799 6.6901855
4.119278 -4.995529 7.4709473
3.0600128 -6.7950897 8.277893
2.574417 -6.059555 8.506409
2.6910553 -4.3504486 8.418335
2.6339264 -3.8053436 9.125305
3.23378 -3.679184 8.670654
3.9026642 -3.84581 8.887268
4.5215607 -3.7029877 7.801819
5.2118683 -3.9124603 7.4542847
4.8548126 -4.0933685 8.175537
3.343277 -4.6003876 9.3776245
2.3459015 -4.2528534 8.632568
2.3578033 -3.7601166 8.946777
2.7172394 -3.3530731 9.113403
3.7812653 -2.9841156 8.349304
4.5905914 -2.653244 7.675659
4.9643097 -3.2792816 8.434998
4.047867 -3.9862518 8.113647
2.8910065 -4.655136 7.7875366
2.6006012 -4.8884125 7.9422607
2.9933624 -5.0359955 8.006531
2.6601105 -4.8574677 9.063416
2.9624176 -4.1124115 8.296936
3.5218048 -3.5482635 8.870605
4.00502 -3.852951 9.065796
4.7310333 -4.0290985 7.823242
5.7641144 -3.6101532 6.8758545
6.647232 -3.3959198 7.885132
6.306839 -3.3530731 8.087463
5.4070587 -3.5006561 8.273132
4.6167755 -3.1459808 8.45166
3.3099518 -3.633957 8.996765
2.9409943 -4.462326 8.38501
3.2885284 -5.174057 7.9327393
3.5337067 -5.302597 8.813477
3.1076202 -4.9026947 8.073181
3.388504 -4.859848 7.23053
3.6551056 -4.916977 8.696838
3.1861725 -3.9457855 8.718262
2.6672516 -3.8815155 8.525452
2.4244537 -3.8838959 8.101746
2.3411407 -4.198105 8.156494
2.5767975 -4.4147186 7.828003
2.7029572 -4.859848 8.223145
2.1173859 -5.2026215 8.815857
2.4101715 -5.1264496 7.970825
3.0338287 -3.8791351 7.8184814
4.2430573 -2.384262 8.604004
5.330887 -1.5654144 9.118164
4.8809967 -1.748703 9.598999
3.5194244 -2.229538 9.470459
2.926712 -3.191208 8.720642
3.7003326 -4.662277 7.982727
4.7786407 -6.15477 8.494507
5.268997 -6.1833344 8.144592
5.5736847 -4.6646576 7.437622
5.9497833 -3.2197723 7.570923
6.50679 -2.5104218 7.866089
6.5353546 -2.8341522 8.399292
5.080948 -3.5149384 7.9732056
2.8529205 -3.5911102 7.944641
2.7434235 -3.5934906 8.730164
-0.46531677 -5.3573456 9.432373
-3.0599213 -7.354477 10.039368
-2.8837738 -6.699875 8.101746
-0.49388123 -4.4456635 8.006531
2.226883 -3.0388641 7.6828003
4.428726 -3.07695 7.951782
4.747696 -3.2864227 8.289795
3.5146637 -3.224533 9.053894
1.9198151 -3.8124847 9.020569
0.32972717 -4.5289764 8.980103
-0.0011444092 -5.140732 10.577332
0.72010803 -5.1050262 9.120544
2.7553253 -4.5813446 8.185059
4.592972 -4.095749 8.3064575
5.4427643 -3.5411224 8.070801
5.6617584 -3.115036 8.075562
4.7834015 -3.3483124 8.237427
3.6979523 -4.200485 8.220764
2.7291412 -5.0550385 9.03009
2.1269073 -5.3763885 8.944397
0.9629059 -6.059555 9.870361
1.1461945 -5.731064 9.0824585
2.355423 -3.833908 8.504028
3.8574371 -2.5223236 7.430481
4.914322 -2.5794525 7.513794
5.2404327 -3.633957 7.335266
4.5382233 -4.74559 7.5304565
3.2647247 -4.8812714 8.342163
1.707962 -4.705124 9.237183
0.7962799 -4.776535 8.746826
1.3913727 -4.6432343 8.758728
2.3792267 -4.9217377 9.560913
3.2575836 -4.9907684 8.368347
3.9859772 -4.621811 8.673035
4.100235 -4.236191 7.866089
4.164505 -4.5742035 7.906555
3.6027374 -3.9838715 9.1657715
3.0528717 -3.2840424 9.449036
2.4553986 -2.967453 8.411194
3.317093 -2.8555756 8.054138
4.5215607 -3.0602875 8.38739
4.683426 -3.7196503 7.9470215
4.266861 -4.031479 7.820862
3.317093 -4.16716 7.6589966
2.52919 -4.890793 7.8494263
1.9793243 -5.854843 7.6661377
1.7674713 -6.3713837 8.432617
1.1033478 -6.211899 9.184814
0.7962799 -5.269272 9.28717
0.8319855 -4.3099823 9.4609375
1.9221954 -3.198349 8.944397
2.714859 -3.4125824 9.406189
3.55513 -3.9767303 8.573059
3.9931183 -3.8053436 8.996765
4.383499 -3.2673798 8.511169
4.542984 -0.8417816 6.5354614
6.9709625 -2.8174896 7.706604
5.185684 -3.8315277 8.801575
4.550125 -3.595871 8.149353
4.126419 -2.8936615 8.930115
4.3335114 -1.9177094 8.442139
4.2906647 -2.2009735 7.494751
4.0788116 -3.2911835 7.923218
3.0528717 -5.0621796 8.185059
1.4913483 -6.8712616 7.9160767
0.7891388 -7.456833 7.649475
1.6198883 -6.6855927 8.06842
2.4601593 -5.552536 8.013672
2.624405 -4.8241425 8.223145
2.3601837 -4.03862 8.301697
2.0078888 -3.569687 8.361206
1.8960114 -4.057663 8.96344
1.6651154 -5.681076 12.005554
4.407303 -5.314499 6.8901367
6.9066925 -3.8291473 6.1331787
8.1064 -2.274765 7.259094
7.604141 0.85780334 7.4209595
6.5853424 1.1529694 7.6851807
4.788162 -0.83940125 9.303833
2.2602081 -3.936264 10.1203
0.8486481 -6.9355316 9.534729
2.245926 -8.249496 9.263367
4.5263214 -6.407089 8.861084
5.7379303 -3.993393 7.6018677
6.685318 -3.0721893 6.1712646
5.883133 -1.305954 6.494995
5.954544 -2.1128998 6.9901123
4.274002 -4.379013 9.34906
2.0840607 -4.7598724 9.572815
2.5958405 -3.5482635 8.777771
3.676529 -1.9129486 8.406433
4.4382477 -1.1750336 7.8779907
5.1928253 -1.2607269 7.9779663
5.0928497 -1.7248993 8.044617
4.1597443 -2.581833 8.70636
2.5958405 -3.5601654 9.877502
2.7005768 -4.514694 10.332153
3.0195465 -3.8220062 9.09198
4.0788116 -3.095993 7.7018433
4.3335114 -3.1674042 8.701599
4.2954254 -3.4649506 9.1657715
3.5884552 -3.4887543 8.465942
3.3861237 -4.3314056 7.5685425
3.6098785 -4.595627 9.215759
3.3551788 -3.0198212 8.487366
2.7434235 -1.979599 9.977478
2.0126495 -3.2864227 8.280273
1.5556183 -5.476364 7.570923
2.0126495 -6.6141815 7.442383
2.5434723 -6.483261 8.061279
3.029068 -5.243088 7.282898
3.9883575 -4.0433807 7.3447876
4.5453644 -3.1174164 7.949402
4.114517 -2.8603363 8.861084
2.355423 -4.217148 11.393799
1.5294342 -4.769394 8.975342
4.0074005 -4.371872 6.8068237
6.5662994 -3.8767548 6.84729
7.6969757 -3.095993 7.7803955
6.897171 -2.8912811 8.044617
4.683426 -3.115036 8.270752
2.7577057 -3.4506683 8.972961
2.1150055 -3.8934174 9.151489
2.5077667 -4.3361664 8.718262
3.2123566 -4.5932465 8.475464
3.721756 -4.6575165 8.294556
3.8360138 -4.436142 8.061279
3.907425 -4.110031 8.1588745
3.9835968 -3.8886566 8.332642
3.9574127 -3.7029877 8.539734
3.6598663 -3.7077484 8.627808
3.2647247 -3.8196259 8.399292
3.2313995 -4.1314545 8.346924
3.3480377 -4.4218597 8.156494
3.452774 -4.4575653 8.38739
3.4432526 -4.2409515 8.534973
3.3313751 -3.948166 8.430237
3.5694122 -3.698227 8.26123
3.9383698 -3.6649017 8.420715
4.050247 -3.6363373 8.508789
4.13356 -3.7601166 8.251709
4.157364 -3.8767548 8.282654
3.9502716 -3.9719696 8.45166
3.547989 -4.057663 8.315979
3.3789825 -4.5242157 8.434998
3.0338287 -4.9455414 8.311218
3.0124054 -5.0740814 7.9589233
3.2742462 -4.950302 8.085083
3.3385162 -4.667038 8.251709
3.3147125 -4.193344 8.275513
3.498001 -3.750595 8.51593
3.664627 -3.614914 8.627808
3.5122833 -3.7958221 8.418335
3.4480133 -4.052902 8.404053
3.1361847 -4.5742035 8.856323
2.907669 -4.6194305 8.501648
3.1671295 -4.2457123 8.392151
3.5884552 -3.91008 8.482605
3.8621979 -3.7910614 8.311218
3.9621735 -3.7982025 8.408813
3.6598663 -3.9196014 8.506409
3.1219025 -4.352829 8.623047
2.4482574 -4.890793 8.689697
2.0935822 -5.264511 8.565918
1.8674469 -5.135971 8.599243
2.1840363 -4.674179 8.335022
2.7243805 -4.3623505 8.494507
3.0266876 -4.3694916 8.263611
3.5884552 -3.84581 8.282654
4.0788116 -3.3102264 8.118408
3.6860504 -3.7267914 8.396912
2.5268097 -5.0169525 9.003906
1.8150787 -5.688217 8.534973
3.1742706 -4.7931976 7.5042725
4.5834503 -4.3694916 8.075562
4.550125 -4.55278 7.16626
4.4120636 -4.845566 7.7946777
4.2882843 -4.5932465 8.135071
3.3194733 -4.647995 8.751587
2.9743195 -4.93602 9.35144
3.9621735 -4.219528 9.451416
4.588211 -3.3435516 9.184814
5.3047028 -1.9557953 7.775635
6.2140045 -0.5061493 7.335266
6.2187653 -2.3985443 9.439514
4.06691 -4.6265717 7.7994385
2.5577545 -5.604904 7.5614014
2.1173859 -4.8884125 7.316223
2.7743683 -3.7315521 7.16864
3.9621735 -2.762741 7.5375977
4.997635 -2.7436981 8.51593
4.697708 -3.153122 8.682556
3.4194489 -3.9600677 9.02533
1.3818512 -5.057419 10.660645
0.6796417 -4.5884857 9.753723
1.11763 -3.2649994 10.291687
1.9079132 -3.3149872 9.760864
2.4720612 -4.2718964 7.4542847
3.5860748 -4.9645844 8.523071
4.312088 -3.6839447 7.213867
4.6239166 -2.236679 8.00177
4.3097076 -2.6056366 8.404053
3.5694122 -4.1814423 8.70636
2.1031036 -5.404953 8.342163
1.8722076 -5.307358 7.9398804
2.9338531 -4.2409515 7.585205
3.8717194 -4.2480927 8.956299
3.5337067 -4.3242645 8.894409
3.1409454 -3.7315521 9.208618
3.2575836 -2.974594 8.511169
4.062149 -2.8365326 8.32074
4.3930206 -3.3221283 9.068176
3.6027374 -4.928879 9.1657715
2.419693 -5.135971 8.761108
2.3411407 -4.4456635 8.361206
3.4860992 -3.8672333 7.975586
4.612015 -3.705368 7.816101
5.2713776 -4.129074 7.116272
5.576065 -4.897934 6.8187256
5.164261 -5.0478973 7.8898926
3.5717926 -5.4597015 8.118408
2.6077423 -5.7358246 8.023193
2.8219757 -5.4406586 8.392151
2.4815826 -5.7810516 9.046753
3.926468 -3.5744476 6.78302
5.119034 -2.350937 9.806091
4.845291 -3.3054657 7.9993896
2.1935577 -5.738205 9.280029
0.1464386 -6.7165375 9.108643
0.3939972 -5.931015 8.013672
1.9412384 -3.800583 8.277893
3.8169708 -2.2271576 8.318359
5.1595 -2.403305 8.423096
5.121414 -3.1174164 8.4730835
4.576309 -3.160263 8.487366
4.0074005 -2.7198944 8.251709
3.6598663 -2.4937592 8.561157
2.8219757 -2.8889008 9.425232
1.3175812 -5.4668427 9.463318
-0.27012634 -8.282822 9.327637
-0.8652191 -7.69487 9.41095
-0.32011414 -6.097641 9.527588
1.1200104 -4.2219086 7.320984
3.5884552 -3.3435516 6.8615723
5.4142 -4.069565 7.309082
5.5736847 -4.8050995 7.609009
4.721512 -4.662277 7.7994385
3.7360382 -4.1076508 8.684937
2.5006256 -3.4197235 10.363098
0.90815735 -3.2911835 10.236938
0.57014465 -3.4078217 9.444275
1.1200104 -4.200485 8.465942
2.245926 -4.0433807 8.632568
2.9766998 -3.7148895 7.9327393
3.2909088 -5.1145477 7.956543
2.9624176 -6.4713593 8.104126
2.2840118 -6.2880707 8.13269
2.2578278 -5.071701 8.38739
2.983841 -3.519699 8.627808
3.4884796 -2.9555511 9.15625
3.3980255 -3.5030365 8.413574
2.9814606 -4.148117 9.303833
1.3247223 -4.705124 9.449036
-0.5676727 -5.5239716 10.375
-0.57481384 -3.9386444 8.377869
0.8129425 -4.007675 8.175537
2.5125275 -5.288315 7.3566895
3.8360138 -5.5572968 7.4328613
4.3906403 -4.114792 8.349304
3.400406 -4.0552826 9.722778
1.9269562 -4.136215 8.680176
1.5389557 -3.898178 8.561157
1.7865143 -4.795578 9.634705
2.6910553 -4.7146454 8.506409
3.3980255 -4.005295 8.477844
3.8455353 -4.345688 8.44928
3.3289948 -5.1502533 8.213623
2.7100983 -5.4906464 8.777771
2.1649933 -4.928879 8.670654
2.4363556 -4.0171967 8.237427
3.3837433 -3.236435 8.166016
4.319229 -3.3173676 8.335022
4.3739777 -3.6268158 8.434998
3.8383942 -3.788681 8.263611
3.3028107 -4.16716 8.230286
2.9100494 -4.662277 8.663513
2.2387848 -5.162155 8.687317
1.6746368 -5.700119 8.454041
2.0197906 -5.393051 8.665894
2.938614 -4.6075287 8.180298
3.0433502 -3.948166 9.3966675
1.7293854 -4.0481415 9.037231
1.0557404 -4.526596 8.45166
1.5103912 -5.264511 8.613525
2.4244537 -5.0217133 8.175537
3.6217804 -3.6077728 8.099365
4.4572906 -2.1771698 8.280273
4.562027 -1.851059 7.9922485
4.214493 -2.6675262 8.237427
3.433731 -3.7863007 8.570679
1.938858 -4.7336884 9.037231
0.5677643 -5.854843 9.598999
-0.15110779 -6.5046844 9.613281
1.2080841 -6.0809784 8.692078
3.5265656 -4.93602 7.6828003
5.4046783 -4.1124115 7.74469
6.3806305 -3.519699 7.756592
6.4901276 -3.115036 7.592346
5.856949 -3.3364105 7.839905
4.376358 -3.9910126 8.139832
3.1147614 -4.5480194 8.292175
2.7243805 -4.781296 8.465942
3.2813873 -4.4766083 8.201721
3.4932404 -4.405197 8.465942
3.6170197 -4.2457123 8.370728
3.7360382 -3.6887054 8.499268
3.1814117 -3.4078217 8.863464
2.086441 -4.307602 8.715881
2.8124542 -4.507553 8.375488
2.3982697 -4.7551117 8.792053
2.8219757 -4.976486 7.804199
3.4480133 -5.333542 7.6899414
3.2813873 -5.8953094 7.5566406
3.2575836 -5.9524384 7.4019165
3.150467 -5.4787445 7.7161255
3.1338043 -5.0931244 7.566162
3.048111 -5.007431 7.6589966
2.2935333 -5.121689 8.235046
1.4104156 -5.3311615 8.111267
1.0628815 -5.585861 8.096985
1.6365509 -6.7474823 9.380005
3.7146149 -6.6522675 8.751587
5.8093414 -4.6241913 8.080322
6.9328766 -2.2533417 7.0401
7.1947174 -0.696579 6.352173
Time Stop = 7463
