Time Start = 7414
-8.69664 -4.776535 1.991333
-8.591904 -4.5218353 2.4174194
-8.610947 -4.5480194 2.4174194
-8.584763 -4.674179 2.4412231
-8.689499 -4.833664 2.4674072
-8.753769 -4.976486 2.3412476
-8.75853 -5.026474 2.362671
-8.729965 -5.057419 2.3198242
-8.668076 -5.0955048 2.3745728
-8.546677 -5.1193085 2.3388672
-8.482407 -5.1788177 2.3412476
-8.422897 -5.3383026 2.3936157
-8.4109955 -5.507309 2.369812
-8.37291 -5.6977386 2.3198242
-8.408615 -5.776291 2.4555054
-8.384811 -5.923874 2.5388184
-8.446701 -5.8691254 2.6316528
-8.496689 -5.881027 2.8435059
-8.549057 -6.0190887 3.0339355
-8.553818 -6.1333466 3.2124634
-8.618088 -6.2618866 3.5385742
-8.63237 -6.340439 3.755188
-8.775192 -6.34758 4.171753
-9.022751 -6.507065 4.6311646
-9.160812 -6.6522675 4.8501587
-9.241745 -6.9283905 4.992981
-9.2108 -7.361618 4.973938
-9.158432 -7.88768 4.838257
-9.01561 -8.325668 4.576416
-8.944199 -8.661301 4.2788696
-8.860886 -8.777939 4.205078
-8.808517 -8.944565 4.3859863
-8.927536 -9.349228 4.4335938
-9.203659 -9.856247 4.357422
-9.577377 -10.060959 4.1051025
-9.846359 -10.146652 4.038452
-10.051071 -9.880051 3.993225
-10.103439 -9.499191 3.8908691
-10.10582 -9.10405 3.89563
-10.1082 -8.85173 3.8623047
-9.991562 -8.777939 3.7908936
-9.910629 -8.65892 3.7789917
-9.896347 -8.513718 3.9599
-9.855881 -8.413742 3.9741821
-9.817795 -8.2733 4.1098633
-9.920151 -8.113815 4.2574463
-9.993942 -7.856735 4.147949
-9.958237 -7.725815 4.333618
-9.922531 -7.5710907 4.3026733
-9.705917 -7.418747 4.126526
-9.472641 -7.3068695 3.967041
-9.179855 -7.202133 3.9360962
-9.0013275 -7.2545013 3.9146729
-8.832321 -7.135483 4.050354
-8.663315 -6.887924 4.2384033
-8.575241 -6.571335 4.3693237
-8.491928 -6.1595306 4.478821
-8.3276825 -5.8643646 4.5597534
-8.065842 -5.6263275 4.7001953
-7.8468475 -5.454941 5.0596313
-7.6659393 -5.3954315 5.2786255
-7.4945526 -5.1954803 5.173889
-7.304123 -5.0026703 5.133423
-7.0518036 -4.974106 5.1310425
-6.7161713 -4.9836273 5.192932
-6.375778 -4.9145966 5.211975
-6.0234833 -4.8431854 5.4143066
-5.785446 -4.74321 5.742798
-5.592636 -4.493271 5.928467
-5.4331512 -4.212387 5.9784546
-5.2665253 -3.9529266 6.040344
-5.0165863 -3.7196503 6.0093994
-4.7499847 -3.4411469 6.0308228
-4.385788 -3.2007294 6.0474854
-4.116806 -2.9150848 5.999878
-3.802597 -2.531845 5.9451294
-3.4931488 -2.203354 6.0093994
-3.102768 -2.0034027 6.1760254
-2.7528534 -1.6963348 6.2212524
-2.4576874 -1.4035492 6.2283936
-2.2720184 -1.0583954 6.276001
-2.133957 -0.67277527 6.283142
-2.031601 -0.35380554 6.3355103
-1.9006805 0.010391235 6.309326
-1.7602386 0.42219543 6.475952
-1.4436493 0.8625641 6.5806885
-1.2056122 1.3386383 6.6782837
-0.9247284 1.6552277 6.923462
-0.79618835 1.869461 7.16626
-0.64146423 2.2003326 7.032959
-0.52482605 2.4574127 6.9710693
-0.4129486 2.5597687 7.2233887
-0.32011414 2.5692902 7.340027
-0.24632263 2.6502228 7.4352417
-0.14872742 2.5883331 7.430481
-0.16777039 2.7382965 7.109131
-0.12730408 2.8406525 7.1186523
-0.041610718 2.7906647 7.3685913
-0.010665894 2.6668854 7.635193
-0.020187378 2.7121124 7.687561
-0.077316284 2.804947 7.654236
-0.027328491 2.9691925 7.8184814
0.03694153 3.1429596 7.930359
0.15834045 3.2881622 8.139832
0.10835266 3.5595245 7.982727
-0.017807007 3.6428375 7.9732056
-0.20585632 3.7404327 7.9422607
-0.3391571 4.018936 7.9613037
-0.2653656 4.159378 8.170776
-0.25346375 4.3212433 8.19696
-0.24156189 4.5164337 8.263611
-0.22251892 4.640213 8.365967
-0.32011414 4.775894 8.368347
-0.27964783 4.840164 8.489746
-0.27012634 4.856827 8.434998
-0.18681335 4.999649 8.32312
-0.10826111 4.992508 8.368347
-0.15586853 4.9258575 8.392151
-0.21299744 4.9329987 8.342163
-0.29154968 4.8734894 8.330261
-0.3653412 4.8758698 8.318359
-0.396286 4.9115753 8.280273
-0.30107117 4.825882 8.408813
-0.35820007 4.7473297 8.327881
-0.2653656 4.7639923 8.249329
-0.25346375 4.6806793 8.182678
-0.27488708 4.671158 8.058899
-0.26060486 4.523575 8.13031
-0.31059265 4.395035 8.32312
-0.332016 4.1998444 8.51593
-0.41056824 4.0260773 8.508789
-0.48912048 4.023697 8.354065
-0.46769714 4.0855865 8.275513
-0.35343933 4.268875 8.182678
-0.2725067 4.49263 8.075562
-0.13444519 4.7021027 8.104126
-0.058273315 4.787796 8.139832
-0.041610718 4.923477 8.146973
-0.015426636 5.0210724 8.085083
0.07740784 5.052017 8.051758
0.06550598 4.999649 8.106506
0.10121155 4.9829865 8.120789
0.1131134 4.821121 8.163635
0.10835266 4.5211945 8.185059
0.03694153 4.4188385 8.087463
-0.053512573 4.337906 8.12793
-0.008285522 4.2831573 8.225525
0.025039673 4.2974396 8.25647
0.04170227 4.4331207 8.311218
0.051223755 4.5735626 8.25885
0.05836487 4.68544 8.432617
0.04408264 4.7449493 8.406433
0.003616333 4.840164 8.342163
-0.02494812 4.856827 8.342163
-0.036849976 4.7592316 8.408813
-0.077316284 4.7449493 8.296936
-0.06303406 4.723526 8.168396
0.025039673 4.7592316 8.199341
0.0155181885 4.7663727 8.149353
0.06550598 4.799698 8.182678
0.094070435 4.756851 8.249329
0.10835266 4.6949615 8.237427
0.10597229 4.6449738 8.151733
0.08930969 4.5711823 8.149353
0.008377075 4.5092926 8.216003
-0.010665894 4.4831085 8.213623
-0.013046265 4.473587 8.189819
-0.06541443 4.5164337 8.237427
-0.041610718 4.590225 8.273132
-0.07493591 4.62117 8.230286
-0.034469604 4.606888 8.294556
-0.013046265 4.609268 8.270752
-0.10588074 4.587845 8.296936
-0.12730408 4.68544 8.218384
-0.11540222 4.6830597 8.204102
-0.10826111 4.704483 8.311218
-0.098739624 4.7282867 8.32312
-0.041610718 4.716385 8.273132
-0.07493591 4.6687775 8.38739
-0.08207703 4.499771 8.399292
-0.122543335 4.5402374 8.346924
-0.10826111 4.5021515 8.273132
-0.04399109 4.583084 8.2421875
-0.013046265 4.628311 8.187439
0.09883118 4.690201 8.125549
0.08454895 4.7711334 8.161255
-0.0059051514 4.7187653 8.087463
-0.04399109 4.7401886 8.089844
-0.029708862 4.768753 8.027954
-0.015426636 4.787796 8.108887
0.07026672 4.8163605 8.135071
0.10835266 4.7663727 8.0946045
0.11073303 4.7282867 8.108887
0.17024231 4.6949615 8.080322
0.17500305 4.6544952 8.018433
0.18928528 4.7021027 8.051758
0.14405823 4.6949615 8.006531
0.1631012 4.68544 8.018433
0.10359192 4.6949615 8.006531
0.046463013 4.6806793 7.9993896
-0.0011444092 4.6378326 8.0946045
0.0012359619 4.6997223 8.061279
0.0012359619 4.7211456 8.027954
0.08454895 4.7330475 8.054138
0.08216858 4.799698 8.049377
0.096450806 4.787796 8.061279
0.0393219 4.735428 8.135071
0.013137817 4.697342 8.116028
-0.055892944 4.5735626 8.087463
-0.02494812 4.5926056 8.025574
0.03694153 4.537857 8.085083
0.027420044 4.523575 8.056519
-0.036849976 4.625931 8.101746
-0.022567749 4.6164093 8.139832
-0.04637146 4.7068634 8.206482
-0.04637146 4.7449493 8.277893
-0.053512573 4.723526 8.299316
-0.0844574 4.7639923 8.211243
-0.07017517 4.7711334 8.25647
-0.08921814 4.7854156 8.263611
-0.04637146 4.723526 8.216003
-0.027328491 4.697342 8.232666
-0.032089233 4.640213 8.239807
-0.010665894 4.5807037 8.166016
-0.098739624 4.6164093 8.118408
-0.08683777 4.6045074 8.180298
-0.098739624 4.6306915 8.187439
-0.04399109 4.666397 8.211243
-0.04399109 4.673538 8.173157
-0.058273315 4.678299 8.163635
-0.06303406 4.723526 8.139832
-0.124923706 4.7140045 8.032715
-0.124923706 4.6949615 8.087463
-0.13920593 4.673538 8.00177
-0.12968445 4.6687775 8.016052
-0.14396667 4.6378326 7.899414
-0.09397888 4.6616364 7.782776
-0.124923706 4.723526 7.739929
-0.08207703 4.742569 7.649475
-0.0677948 4.8044586 7.55188
-0.010665894 4.7663727 7.609009
-0.036849976 4.709244 7.592346
-0.103500366 4.6497345 7.55188
-0.19633484 4.606888 7.589966
-0.18443298 4.542618 7.5185547
-0.13444519 4.6425934 7.4995117
-0.122543335 4.7140045 7.42572
-0.06303406 4.806839 7.378113
-0.0677948 4.8663483 7.3519287
-0.14634705 4.94014 7.2162476
-0.1582489 5.0163116 7.1019897
-0.17729187 5.113907 6.9210815
-0.18681335 5.0615387 6.7401733
-0.22489929 4.863968 6.7425537
-0.2820282 4.544998 6.8068237
-0.52482605 4.230789 6.7235107
-0.6747894 3.9760895 6.602112
-0.77238464 3.59523 6.775879
-0.85569763 3.2119904 6.97583
-0.941391 2.9715729 6.9901123
-1.0865936 2.690689 7.1257935
-1.3769989 2.395523 7.313843
-1.6935883 2.2836456 7.2162476
-1.8983002 2.2193756 7.0401
-2.1315765 2.0955963 6.7473145
-2.1125336 2.0218048 6.544983
-2.0054169 1.721878 6.3378906
-1.9363861 1.3981476 6.211731
-1.9720917 1.1339264 5.980835
-2.0911102 0.8030548 5.7261353
-2.2458344 0.54597473 5.6118774
-2.4981537 0.227005 5.7142334
-2.898056 -0.62516785 5.88562
-3.6335907 -2.081955 5.8046875
-4.431015 -3.84581 5.3809814
-4.9808807 -5.4858856 4.583557
-5.4807587 -6.7736664 3.6314087
-5.828293 -7.835312 2.6673584
-5.8568573 -8.666061 1.9960938
-5.6521454 -9.230209 2.2341309
-5.207016 -9.227829 3.2172241
-4.7214203 -8.311386 4.0527344
-4.5119476 -7.0069427 4.40979
-4.4357758 -6.0928802 4.5026245
-4.5095673 -5.559677 4.5478516
-4.5690765 -5.393051 4.4692993
-4.8880463 -5.726303 4.416931
-5.411728 -6.464218 4.1765137
-5.9235077 -7.1854706 3.6314087
-6.509079 -7.873398 2.6935425
-6.9922943 -8.387558 1.8223267
-7.304123 -8.716049 1.170105
-7.4421844 -9.087387 0.95111084
-7.458847 -9.356369 1.2296143
-7.4302826 -9.511093 1.4557495
-7.4540863 -9.699142 1.529541
-7.6540375 -9.751511 1.3010254
-8.0134735 -9.8134 0.98205566
-8.525253 -9.858627 0.6559448
-8.932297 -9.780075 0.11798096
-9.277451 -9.839584 -0.24145508
-9.52739 -9.803879 -0.510437
-9.815414 -9.5967865 -0.8912964
-9.97966 -9.520615 -0.94366455
-10.079636 -9.482529 -0.86987305
-10.04155 -9.487289 -0.760376
-9.936813 -9.603928 -0.66278076
-9.962997 -9.542038 -0.77227783
-10.082016 -9.339706 -1.119812
-10.281967 -9.213547 -1.4673462
-10.560471 -9.16832 -1.8482056
-10.784225 -9.220688 -2.2790527
-10.81517 -9.332565 -2.5670776
-10.767563 -9.432541 -2.6551514
-10.698532 -9.4301605 -2.6408691
-10.586655 -9.146896 -2.5575562
-10.377182 -9.120712 -2.5599365
-10.1082 -9.094528 -2.5527954
-9.9891815 -8.823166 -2.6646729
-10.029648 -8.218552 -2.8027344
-10.148666 -7.873398 -2.7384644
-10.162949 -7.425888 -2.9622192
-9.991562 -7.1450043 -2.9336548
-9.855881 -6.918869 -2.9622192
-9.653549 -6.764145 -2.9169922
-9.460739 -6.7117767 -2.9074707
-9.313156 -6.6974945 -2.928894
-9.186996 -6.66893 -2.890808
-9.120346 -6.597519 -2.9455566
-9.051315 -6.483261 -2.947937
-9.006088 -6.2809296 -2.8217773
-8.977524 -6.033371 -2.6670532
-8.927536 -5.783432 -2.467102
-8.922775 -5.519211 -2.319519
-8.903732 -5.121689 -2.1957397
-8.89183 -4.8003387 -2.1814575
-8.946579 -4.5361176 -2.2766724
-8.998947 -4.3932953 -2.2528687
-9.027512 -4.345688 -2.190979
-9.041794 -4.4337616 -2.190979
-9.0203705 -4.526596 -2.0552979
-8.998947 -4.628952 -1.9862671
-8.984665 -4.647995 -2.00531
-9.060837 -4.633713 -2.0529175
-9.158432 -4.5694427 -2.1029053
-9.172714 -4.481369 -2.13385
-9.222702 -4.3099823 -2.0719604
-9.225082 -4.2409515 -2.0719604
-9.191757 -4.2028656 -1.9267578
-9.139389 -4.2409515 -1.8648682
-9.1679535 -4.3171234 -1.8791504
-9.179855 -4.364731 -1.857727
-9.196518 -4.4837494 -1.8862915
-9.201279 -4.564682 -1.831543
-9.246506 -4.6075287 -1.7910767
-9.294113 -4.6717987 -1.6887207
-9.313156 -4.6717987 -1.6244507
-9.33696 -4.6384735 -1.5982666
-9.348862 -4.526596 -1.5982666
-9.377426 -4.436142 -1.5006714
-9.377426 -4.3314056 -1.479248
-9.394089 -4.2290497 -1.4030762
-9.410751 -4.140976 -1.3126221
-9.455978 -4.140976 -1.2602539
-9.417892 -4.0481415 -1.157898
-9.40361 -3.955307 -1.2078857
-9.386948 -3.8577118 -1.2197876
-9.417892 -3.807724 -1.1817017
-9.498825 -3.7553558 -1.2650146
-9.477402 -3.6649017 -1.2507324
-9.558334 -3.6910858 -1.2507324
-9.570236 -3.7410736 -1.2888184
-9.505966 -3.743454 -1.3031006
-9.479782 -3.7125092 -1.2888184
-9.470261 -3.7410736 -1.267395
-9.470261 -3.698227 -1.2340698
-9.455978 -3.6649017 -1.2578735
-9.441696 -3.660141 -1.2959595
-9.446457 -3.6482391 -1.2531128
-9.4631195 -3.6625214 -1.2602539
-9.413132 -3.6839447 -1.2102661
-9.439316 -3.622055 -1.1721802
-9.455978 -3.4982758 -1.119812
-9.367905 -3.372116 -1.0079346
-9.303635 -3.4149628 -0.96746826
-9.222702 -3.4125824 -1.0603027
-9.175095 -3.4197235 -1.0126953
-9.198898 -3.422104 -1.1269531
-9.246506 -3.4006805 -1.1055298
-9.298874 -3.364975 -1.119812
-9.222702 -3.319748 -1.1340942
-9.294113 -3.3149872 -1.184082
-9.265549 -3.4006805 -1.157898
-9.325058 -3.403061 -1.1174316
-9.327438 -3.3983002 -1.074585
-9.296494 -3.4982758 -1.1459961
-9.286972 -3.4982758 -1.2007446
-9.265549 -3.633957 -1.1769409
-9.196518 -3.6529999 -1.138855
-9.184616 -3.6887054 -1.1364746
-9.1489105 -3.7577362 -1.1888428
-9.165573 -3.826767 -1.1745605
-9.172714 -3.8600922 -1.1340942
-9.256027 -3.8838959 -1.1697998
-9.27507 -3.936264 -1.1459961
-9.317917 -3.9576874 -1.2245483
-9.3155365 -3.9267426 -1.1079102
-9.294113 -3.97435 -1.1031494
-9.325058 -3.898178 -1.1126709
-9.377426 -3.8410492 -1.1364746
-9.432175 -3.7672577 -1.0841064
-9.4655 -3.6196747 -1.119812
-9.517868 -3.5792084 -1.1412354
-9.534531 -3.641098 -1.1412354
-9.4655 -3.6506195 -1.1459961
-9.479782 -3.667282 -1.2078857
-9.479782 -3.7553558 -1.1983643
-9.4655 -3.7720184 -1.2078857
-9.489304 -3.8410492 -1.2102661
-9.444077 -3.8672333 -1.2078857
-9.408371 -3.8838959 -1.2459717
-9.448837 -3.9196014 -1.1745605
-9.46788 -3.9767303 -1.1888428
-9.408371 -3.9457855 -1.1864624
-9.351242 -3.898178 -1.1817017
-9.408371 -3.8553314 -1.1412354
-9.365524 -3.8124847 -1.0793457
-9.420273 -3.8196259 -1.1269531
-9.434555 -3.7672577 -0.9888916
-9.436935 -3.6958466 -1.0007935
-9.451218 -3.6482391 -0.8984375
-9.386948 -3.5339813 -0.9484253
-9.384567 -3.4578094 -0.9389038
-9.405991 -3.4387665 -0.95318604
-9.434555 -3.391159 -0.93414307
-9.439316 -3.403061 -0.8912964
-9.422653 -3.3340302 -0.86987305
-9.3798065 -3.319748 -0.82940674
-9.372665 -3.4054413 -0.8413086
-9.382187 -3.422104 -0.75323486
-9.348862 -3.4340057 -0.8651123
-9.394089 -3.4720917 -0.91033936
-9.391708 -3.5268402 -0.9793701
-9.455978 -3.5863495 -1.0388794
-9.505966 -3.5720673 -1.0436401
-9.475021 -3.603012 -1.1364746
-9.470261 -3.595871 -0.9793701
-9.417892 -3.5982513 -0.9960327
-9.441696 -3.5458832 -0.93414307
-9.425034 -3.576828 -0.9317627
-9.417892 -3.5934906 -0.95318604
-9.455978 -3.4697113 -1.0055542
-9.451218 -3.5173187 -0.9412842
-9.455978 -3.493515 -0.99365234
-9.436935 -3.5077972 -1.0436401
-9.460739 -3.512558 -1.0245972
-9.455978 -3.5268402 -0.94366455
-9.408371 -3.474472 -0.9984131
-9.3798065 -3.5554047 -0.9960327
-9.405991 -3.531601 -1.0079346
-9.420273 -3.5601654 -1.0269775
-9.520248 -3.6006317 -1.0126953
-9.520248 -3.6101532 -1.0436401
-9.434555 -3.6649017 -1.0460205
-9.446457 -3.6577606 -1.1317139
-9.427414 -3.633957 -1.1317139
-9.422653 -3.6244354 -1.1245728
-9.422653 -3.6577606 -1.0603027
-9.413132 -3.6268158 -0.991272
-9.415512 -3.633957 -1.0126953
-9.427414 -3.5887299 -1.0245972
-9.436935 -3.5911102 -1.0603027
-9.479782 -3.576828 -1.0007935
-9.52977 -3.595871 -1.1102905
-9.539291 -3.603012 -1.0769653
-9.534531 -3.6125336 -1.1364746
-9.508347 -3.5934906 -1.0650635
-9.522629 -3.6172943 -1.0126953
-9.505966 -3.6172943 -1.0198364
-9.484543 -3.6720428 -0.9960327
-9.470261 -3.6387177 -0.9984131
-9.505966 -3.6839447 -1.0579224
-9.522629 -3.6006317 -1.0150757
-9.4655 -3.6125336 -1.0841064
-9.479782 -3.6053925 -1.0579224
-9.4655 -3.5792084 -0.95318604
-9.475021 -3.5673065 -1.100769
-9.458359 -3.5792084 -1.0888672
-9.429794 -3.6434784 -1.074585
-9.444077 -3.595871 -1.0722046
-9.427414 -3.6172943 -1.0341187
-9.377426 -3.6172943 -1.0888672
-9.415512 -3.6101532 -1.0531616
-9.365524 -3.5792084 -1.0722046
-9.391708 -3.569687 -1.010315
-9.429794 -3.5530243 -1.0864868
-9.415512 -3.531601 -1.1079102
-9.441696 -3.5411224 -1.0341187
-9.46788 -3.5411224 -0.9579468
-9.417892 -3.5411224 -1.0603027
Time Stop = 7419
