Time Start = 7380
-8.69902 -3.6434784 3.1862793
-8.5681 -3.3768768 3.3814697
-8.589523 -3.134079 3.3862305
-8.6418915 -2.9269867 3.44812
-8.772812 -2.9341278 3.2315063
-8.75853 -2.9531708 3.1339111
-8.684738 -3.0531464 2.9910889
-8.582382 -3.050766 3.0148926
-8.515732 -3.0150604 2.9434814
-8.477646 -2.9531708 2.9649048
-8.484787 -3.0198212 2.9482422
-8.50145 -3.1816864 2.979187
-8.510971 -3.429245 2.914917
-8.582382 -3.7125092 2.7911377
-8.653793 -3.9410248 2.6887817
-8.577621 -4.0671844 2.453125
-8.56572 -4.1195526 2.460266
-8.491928 -4.1052704 2.4055176
-8.458603 -4.110031 2.3745728
-8.449081 -4.088608 2.3007813
-8.530014 -4.23143 2.2698364
-8.584763 -4.4385223 2.2817383
-8.675217 -4.6956024 2.131775
-8.765671 -4.9907684 2.0246582
-8.787094 -5.3192596 1.9246826
-8.858505 -5.571579 1.8556519
-8.875168 -5.6834564 1.7437744
-8.872787 -5.692978 1.6366577
-8.948959 -5.4858856 1.7223511
-8.968002 -5.288315 1.8389893
-8.9561 -5.090744 1.9413452
-9.01799 -4.957443 2.0341797
-9.087021 -4.8836517 2.1555786
-9.137009 -4.769394 2.0246582
-9.246506 -4.788437 1.8818359
-9.27269 -4.833664 1.9937134
-9.191757 -5.0217133 1.9651489
-9.186996 -5.200241 2.0508423
-9.2512665 -5.5287323 2.1674805
-9.346481 -5.9405365 2.1436768
-9.394089 -6.2547455 2.0579834
-9.429794 -6.490402 2.0317993
-9.396469 -6.6974945 2.2769775
-9.448837 -6.9474335 2.6697388
-9.548813 -7.2545013 3.081543
-9.770187 -7.6353607 3.3529053
-10.070114 -7.9686127 3.6242676
-10.274826 -8.166183 3.7575684
-10.358139 -8.156662 3.671875
-10.320053 -7.95195 3.6504517
-10.23436 -7.6544037 3.679016
-10.179611 -7.430649 3.8146973
-10.158188 -7.2949677 3.8337402
-10.181992 -7.1640472 3.774231
-10.243881 -7.078354 3.6385498
-10.3676605 -7.0259857 3.6480713
-10.403366 -6.8307953 3.6552124
-10.36528 -6.6665497 3.7004395
-10.2391205 -6.609421 3.9146729
-10.23674 -6.6022797 3.993225
-10.277206 -6.66893 4.000366
-10.270065 -6.6213226 3.9051514
-10.348618 -6.378525 3.9194336
-10.279587 -6.116684 4.064636
-10.196274 -5.995285 4.133667
-10.179611 -5.9905243 4.209839
-10.198654 -6.192856 4.2193604
-10.291489 -6.309494 4.159851
-10.310532 -6.3451996 4.186035
-10.284348 -6.259506 4.1574707
-10.248642 -6.2618866 4.3883667
-10.136765 -6.176193 4.5335693
-10.065353 -6.1071625 4.743042
-10.058212 -6.052414 5.0358276
-10.053452 -6.083359 5.1429443
-10.160568 -6.0905 5.2024536
-10.331955 -6.1262054 5.2214966
-10.346237 -6.130966 5.192932
-10.372421 -6.316635 5.147705
-10.389084 -6.4808807 5.159607
-10.341476 -6.2928314 4.947754
-10.258163 -6.097641 5.019165
-10.122482 -5.847702 5.1000977
-9.951096 -5.597763 5.257202
-9.698776 -5.347824 5.583313
-9.505966 -5.102646 5.9403687
-9.289352 -4.821762 5.9903564
-9.134628 -4.4980316 5.7713623
-8.89183 -4.307602 5.6309204
-8.489548 -4.005295 5.4595337
-8.065842 -3.7220306 5.469055
-7.6349945 -3.4601898 5.442871
-7.239853 -3.2388153 5.6118774
-7.0256195 -2.9150848 5.749939
-6.894699 -2.646103 5.9332275
-6.804245 -2.3247528 5.94751
-6.6280975 -2.1509857 6.0546265
-6.3972015 -1.812973 5.8380127
-6.0948944 -1.5320892 5.814209
-5.675949 -1.3392792 5.9903564
-5.3069916 -0.94651794 6.01178
-5.090378 -0.89653015 6.2331543
-4.821396 -0.4061737 5.8808594
-4.578598 0.11274719 5.7023315
-4.2786713 0.45552063 5.780884
-3.8930511 0.9792023 5.492859
-3.4836273 1.3719635 5.1762695
-2.9670868 1.7337799 5.11438
-2.4505463 2.0075226 5.3286133
-2.0435028 2.259842 5.345276
-1.6745453 2.7882843 5.4523926
-1.4531708 2.8858795 5.776123
-1.3508148 3.1429596 5.807068
-1.2246552 3.3905182 5.8618164
-1.005661 3.7023468 5.716614
-0.76524353 4.0094147 5.635681
-0.5533905 4.333145 5.633301
-0.23442078 4.6497345 5.7785034
-0.013046265 4.7330475 6.0355835
0.04170227 4.7520905 6.226013
0.072647095 4.6544952 6.173645
0.07740784 4.5854645 6.2283936
0.055984497 4.49263 6.325989
0.10121155 4.3807526 6.2093506
0.13691711 4.3498077 6.173645
0.24165344 4.3617096 6.287903
0.31306458 4.383133 6.373596
0.3106842 4.440262 6.668762
0.26545715 4.4878693 6.8234863
0.24879456 4.6378326 6.9734497
0.2868805 4.499771 7.2471924
0.19404602 4.530716 7.4471436
0.115493774 4.6378326 7.442383
0.0012359619 4.821121 7.5233154
-0.15110779 5.0734406 7.5042725
-0.20585632 5.2210236 7.604248
-0.19633484 5.382889 7.673279
-0.19395447 5.4781036 7.6328125
-0.18205261 5.506668 7.623291
-0.15348816 5.3995514 7.6185303
-0.18681335 5.385269 7.5304565
-0.17253113 5.2900543 7.706604
-0.17967224 5.0424957 7.8327637
-0.30821228 5.0139313 7.6637573
-0.3724823 5.0472565 7.661377
-0.29631042 5.0543976 7.7042236
-0.248703 5.1829376 7.74469
-0.21537781 5.2543488 7.7851563
-0.19395447 5.282913 7.842285
-0.19871521 5.2638702 7.8375244
-0.31059265 5.2067413 7.8327637
-0.25346375 4.961563 8.061279
-0.33439636 4.756851 8.075562
-0.37486267 4.7639923 8.006531
-0.42485046 4.818741 7.951782
-0.43199158 4.9258575 8.039856
-0.3653412 5.0234528 8.108887
-0.32487488 5.0353546 8.206482
-0.23918152 5.087723 8.108887
-0.2082367 5.121048 8.12793
-0.18681335 5.025833 8.156494
-0.15586853 4.973465 8.06366
-0.16300964 4.8996735 8.054138
-0.09635925 4.8044586 8.077942
-0.11778259 4.799698 7.989868
-0.122543335 4.7830353 7.868469
-0.13206482 4.716385 7.847046
-0.21537781 4.742569 7.699463
-0.20585632 4.852066 7.692322
-0.17967224 4.9187164 7.6375732
-0.1749115 4.9948883 7.7351685
-0.1915741 5.049637 7.7851563
-0.1749115 5.1615143 7.797058
-0.08683777 5.0734406 7.892273
-0.0844574 5.037735 7.8946533
-0.09635925 4.973465 7.9279785
-0.14396667 4.9115753 7.9970093
-0.21061707 4.890152 7.9208374
-0.1749115 4.9115753 7.892273
-0.2082367 4.9568024 7.847046
-0.18681335 5.109146 7.801819
-0.15348816 5.1496124 7.9089355
-0.18205261 5.19722 7.880371
-0.20109558 5.1876984 7.9160767
-0.22013855 5.171036 8.099365
-0.2725067 5.06868 8.104126
-0.3724823 5.030594 8.06604
-0.4058075 4.999649 8.111267
-0.34391785 5.00679 8.039856
-0.33677673 5.044876 7.9613037
-0.27488708 5.1448517 7.9922485
-0.27012634 5.1900787 7.904175
-0.32725525 5.2638702 7.8446655
-0.37486267 5.2210236 7.861328
-0.37724304 5.2019806 7.899414
-0.3558197 5.1567535 7.854187
-0.35105896 5.102005 7.8898926
-0.27964783 5.0543976 7.8898926
-0.22013855 4.9187164 7.9279785
-0.16777039 4.909195 7.9351196
-0.1915741 4.799698 7.9470215
-0.18205261 4.7782745 7.9541626
-0.17967224 4.7592316 7.994629
-0.20109558 4.704483 7.944641
-0.24156189 4.678299 7.887512
-0.24156189 4.742569 7.9470215
-0.27488708 4.756851 7.949402
-0.2725067 4.825882 7.9422607
-0.32963562 4.787796 7.9970093
-0.31297302 4.8354034 8.087463
-0.34629822 4.806839 8.111267
-0.32725525 4.8354034 8.149353
-0.35820007 4.890152 8.151733
-0.26774597 4.8687286 8.19696
-0.25108337 4.890152 8.185059
-0.29154968 4.859207 8.1779175
-0.2725067 4.8949127 8.227905
-0.248703 4.859207 8.25885
-0.2891693 4.9449005 8.25885
-0.30107117 4.987747 8.168396
-0.30345154 4.9758453 8.287415
-0.26298523 4.9901276 8.287415
-0.32011414 5.0615387 8.239807
-0.32487488 5.0662994 8.208862
-0.27726746 5.06868 8.251709
-0.2725067 5.0234528 8.26123
-0.25108337 5.049637 8.26123
-0.24394226 5.025833 8.232666
-0.25108337 4.935379 8.201721
-0.27012634 4.9139557 8.1779175
-0.3224945 4.8877716 8.077942
-0.29393005 4.87825 8.106506
-0.28440857 4.844925 8.070801
-0.32725525 4.799698 7.975586
-0.30345154 4.792557 7.963684
-0.2653656 4.7830353 7.968445
-0.26060486 4.723526 7.9732056
-0.30107117 4.7140045 8.054138
-0.29631042 4.6497345 8.006531
-0.31059265 4.6830597 7.994629
-0.3486786 4.723526 7.9970093
-0.3486786 4.6759186 7.9589233
-0.31773376 4.723526 8.020813
-0.29154968 4.737808 8.061279
-0.29393005 4.787796 7.9017944
-0.27488708 4.7711334 8.018433
-0.28678894 4.821121 8.049377
-0.34153748 4.7663727 8.070801
-0.34629822 4.773514 8.113647
-0.40104675 4.7592316 8.082703
-0.38200378 4.7330475 8.06366
-0.3653412 4.7901764 8.051758
-0.37724304 4.74971 8.082703
-0.36296082 4.6949615 8.13031
-0.36772156 4.6759186 8.199341
-0.36058044 4.6235504 8.173157
-0.3796234 4.590225 8.118408
-0.3796234 4.5354767 8.146973
-0.43437195 4.5569 8.099365
-0.35105896 4.673538 8.108887
-0.29154968 4.6687775 8.099365
-0.2653656 4.742569 8.1922
-0.31297302 4.7830353 8.175537
-0.29154968 4.7711334 8.1779175
-0.32487488 4.7639923 8.175537
-0.34391785 4.7782745 8.232666
-0.30345154 4.74971 8.154114
-0.29631042 4.761612 8.270752
-0.18919373 4.7021027 8.227905
-0.2082367 4.7639923 8.254089
-0.14872742 4.7140045 8.254089
-0.2320404 4.761612 8.237427
-0.2725067 4.7901764 8.187439
-0.30821228 4.792557 8.189819
-0.332016 4.833023 8.125549
-0.34153748 4.885391 8.123169
-0.3391571 4.921097 8.163635
-0.35820007 4.9115753 8.13269
-0.35820007 4.9496613 8.049377
-0.34391785 4.902054 8.151733
-0.39390564 4.856827 8.082703
-0.39866638 4.773514 8.032715
-0.4462738 4.7520905 8.035095
-0.4462738 4.754471 7.9351196
-0.40342712 4.8092194 8.008911
-0.38676453 4.8306427 7.9589233
-0.4296112 4.794937 7.930359
-0.43675232 4.8235016 7.80896
-0.4700775 4.7973175 7.756592
-0.56529236 4.8163605 7.649475
-0.51530457 4.8663483 7.573303
-0.53196716 4.890152 7.5304565
-0.58909607 4.9329987 7.4352417
-0.6105194 4.9829865 7.259094
-0.691452 4.954422 7.111511
-0.7581024 4.9972687 6.899658
-0.80570984 4.9782257 6.768738
-0.85331726 4.9496613 6.661621
-0.81999207 4.9496613 6.5925903
-0.7842865 4.961563 6.52594
-0.77952576 4.8425446 6.3831177
-0.66526794 4.602127 6.264099
-0.71525574 4.375992 6.083191
-0.6795502 4.2141266 6.01416
-0.6866913 4.0594025 5.973694
-0.82951355 3.8975372 5.928467
-0.9842377 3.709488 5.8570557
-1.0508881 3.4690704 5.723755
-1.1984711 3.133438 5.514282
-1.2865448 2.7359161 5.2286377
-1.3341522 2.2241364 5.0810547
-1.2698822 1.6861725 5.012024
-1.2246552 1.2458038 4.8811035
-1.134201 0.76734924 4.645447
-1.1294403 0.227005 4.5526123
-1.1865692 -0.122909546 4.421692
-1.3698578 -0.40379333 4.3931274
-1.5793304 -0.6370697 4.5716553
-1.9554291 -0.9679413 4.902527
-2.4029388 -1.3321381 5.0144043
-2.8028412 -1.9676971 5.385742
-3.0789642 -2.9626923 5.6713867
-3.2289276 -3.7482147 5.447632
-3.3931732 -4.4123383 5.1691284
-3.5026703 -4.7527313 5.102478
-3.655014 -4.7860565 5.1881714
-4.0120697 -4.8693695 5.738037
-4.5809784 -4.9907684 6.685425
-5.3379364 -5.2811737 7.23053
-6.2186737 -6.142868 7.559021
-7.201767 -7.6401215 7.8756104
-8.299118 -8.935043 7.899414
-9.329819 -9.713425 7.4161987
-9.836838 -9.956223 6.9782104
-9.555954 -9.353989 7.1757813
-8.606186 -8.092392 7.7161255
-7.599289 -6.9141083 8.425476
-6.937546 -6.1024017 8.687317
-6.701889 -5.3954315 8.327881
-6.7804413 -5.0621796 7.8256226
-7.066086 -4.9907684 7.4471436
-7.5183563 -5.2335663 7.244812
-8.0134735 -5.4073334 6.7282715
-8.363388 -5.666794 6.20697
-8.663315 -5.938156 5.7404175
-8.794235 -6.2238007 5.0405884
-8.908493 -6.3761444 4.569275
-9.025131 -6.488022 4.4764404
-9.08226 -6.392807 4.2717285
-9.215561 -6.15477 4.069397
-9.417892 -6.002426 3.8408813
-9.622604 -5.8643646 3.5171509
-9.822556 -5.7881927 3.1981812
-10.115341 -5.881027 2.7578125
-10.350998 -6.02861 2.1936646
-10.600937 -6.230942 1.6390381
-10.831833 -6.5546722 1.2034302
-11.084152 -6.8760223 0.9296875
-11.20079 -7.1092987 0.51312256
-11.219833 -7.4044647 0.1560669
-11.248398 -7.682968 -0.09387207
-11.222214 -7.963852 -0.2723999
-11.153183 -8.185226 -0.3295288
-11.103195 -8.416122 -0.20574951
-10.957993 -8.647018 -0.3557129
-10.798508 -8.887436 -0.6532593
-10.6818695 -8.91124 -0.7675171
-10.665207 -8.773178 -0.7746582
-10.634262 -8.485153 -0.66516113
-10.581894 -8.090012 -0.61517334
-10.374802 -7.6520233 -0.43426514
-10.201035 -7.1283417 -0.27001953
-10.132004 -6.5451508 -0.15100098
-10.124863 -5.9357758 0.067993164
-10.120102 -5.290695 0.13226318
-10.146286 -4.74559 0.3274536
-10.193893 -4.3314056 0.28460693
-10.203415 -4.10289 0.20129395
-10.224838 -3.91008 0.17272949
-10.153427 -3.852951 0.053710938
-10.122482 -3.91008 -0.017700195
-10.039169 -3.9457855 -0.13433838
-9.984421 -4.03862 -0.25335693
-9.91301 -4.1314545 -0.32000732
-9.798752 -4.200485 -0.40570068
-9.810654 -4.2409515 -0.5675659
-9.796371 -4.2718964 -0.61279297
-9.834457 -4.236191 -0.63897705
-9.867783 -4.179062 -0.61517334
-9.813034 -4.0552826 -0.7484741
-9.7202 -3.9600677 -0.8079834
-9.648788 -3.8862762 -0.8722534
-9.525009 -3.833908 -0.7913208
-9.422653 -3.8053436 -0.7841797
-9.341721 -3.7934418 -0.67230225
-9.289352 -3.7577362 -0.5675659
-9.20842 -3.7267914 -0.4794922
-9.158432 -3.7220306 -0.5199585
-9.239365 -3.6720428 -0.54852295
-9.267929 -3.6529999 -0.5770874
-9.234604 -3.6625214 -0.58184814
-9.277451 -3.6196747 -0.53900146
-9.453598 -3.595871 -0.5175781
-9.470261 -3.5554047 -0.58898926
-9.555954 -3.4911346 -0.7270508
-9.53215 -3.4411469 -0.6984863
-9.515488 -3.3768768 -0.71276855
-9.489304 -3.3816376 -0.65802
-9.482162 -3.391159 -0.7175293
-9.536911 -3.300705 -0.7341919
-9.572617 -3.3221283 -0.79608154
-9.641647 -3.2935638 -0.72229004
-9.634506 -3.3221283 -0.73657227
-9.653549 -3.2769012 -0.7151489
-9.622604 -3.2959442 -0.6746826
-9.586899 -3.2388153 -0.6508789
-9.567856 -3.198349 -0.6532593
-9.582138 -3.1650238 -0.59851074
-9.525009 -3.0983734 -0.5770874
-9.494064 -3.07695 -0.5961304
-9.458359 -3.0341034 -0.49139404
-9.482162 -3.005539 -0.48901367
-9.515488 -3.0174408 -0.49853516
-9.541672 -2.9888763 -0.42474365
-9.505966 -2.9960175 -0.43426514
-9.508347 -2.9983978 -0.41760254
-9.520248 -3.0460052 -0.45568848
-9.539291 -3.0650482 -0.44854736
-9.525009 -3.1007538 -0.4794922
-9.52739 -3.107895 -0.53186035
-9.513107 -3.179306 -0.59375
-9.536911 -3.2864227 -0.61517334
-9.508347 -3.2792816 -0.64611816
-9.470261 -3.3530731 -0.52233887
-9.408371 -3.3697357 -0.53900146
-9.425034 -3.3792572 -0.48187256
-9.491684 -3.364975 -0.52233887
-9.536911 -3.364975 -0.5913696
-9.6107025 -3.4387665 -0.6865845
-9.613083 -3.4792328 -0.58898926
-9.617844 -3.4268646 -0.6746826
-9.66069 -3.5458832 -0.68182373
-9.653549 -3.5268402 -0.68896484
-9.634506 -3.6196747 -0.63183594
-9.622604 -3.7291718 -0.6437378
-9.579758 -3.9029388 -0.76989746
-9.5464325 -4.007675 -0.7746582
-9.5464325 -4.03862 -0.8175049
-9.553574 -4.0790863 -0.9246216
-9.570236 -4.076706 -0.9317627
-9.558334 -4.031479 -0.907959
-9.565475 -3.9648285 -0.91748047
-9.558334 -3.917221 -0.87939453
-9.555954 -3.8315277 -0.7817993
-9.505966 -3.698227 -0.7889404
-9.446457 -3.5982513 -0.7103882
-9.415512 -3.6101532 -0.7437134
-9.40361 -3.5530243 -0.6365967
-9.40361 -3.550644 -0.6104126
-9.432175 -3.5006561 -0.5509033
-9.4631195 -3.5101776 -0.61517334
-9.446457 -3.4982758 -0.56518555
-9.498825 -3.4006805 -0.6246948
-9.491684 -3.4173431 -0.6032715
-9.522629 -3.436386 -0.60565186
-9.541672 -3.3816376 -0.5770874
-9.558334 -3.364975 -0.5866089
-9.5464325 -3.3126068 -0.6175537
-9.534531 -3.307846 -0.63183594
-9.565475 -3.2507172 -0.6270752
-9.544052 -3.2411957 -0.6746826
-9.539291 -3.2411957 -0.5604248
-9.475021 -3.255478 -0.59851074
-9.472641 -3.2292938 -0.68182373
-9.413132 -3.2673798 -0.6437378
-9.455978 -3.288803 -0.7008667
-9.429794 -3.288803 -0.7103882
-9.425034 -3.3126068 -0.73895264
-9.422653 -3.319748 -0.71276855
-9.3988495 -3.3935394 -0.72229004
-9.420273 -3.422104 -0.7937012
-9.425034 -3.4149628 -0.7841797
-9.475021 -3.4340057 -0.8912964
-9.453598 -3.4173431 -0.8222656
-9.472641 -3.429245 -0.8079834
-9.439316 -3.4054413 -0.86035156
-9.4655 -3.512558 -0.8484497
-9.4655 -3.448288 -0.8389282
-9.455978 -3.467331 -0.7889404
-9.472641 -3.4720917 -0.8389282
-9.441696 -3.4697113 -0.78656006
-9.451218 -3.436386 -0.82940674
-9.513107 -3.4839935 -0.76989746
-9.4655 -3.5173187 -0.7651367
-9.446457 -3.5554047 -0.8222656
-9.475021 -3.5482635 -0.7770386
-9.455978 -3.5934906 -0.71990967
-9.477402 -3.614914 -0.7103882
-9.453598 -3.5982513 -0.75323486
-9.510727 -3.6101532 -0.75323486
Time Stop = 7385
