Time Start = 6999
-8.341965 -4.1647797 4.6430664
-8.672836 -3.4316254 4.5787964
-9.213181 -2.9150848 4.6549683
-8.865646 -3.2269135 4.678772
-8.389572 -3.5887299 4.250305
-8.222946 -3.3483124 4.121765
-8.346725 -3.1959686 4.0455933
-8.168198 -2.5770721 3.717102
-8.453842 -1.9653168 3.5980835
-8.651413 -1.4368744 3.4385986
-8.684738 -1.0964813 3.1410522
-8.670456 -0.85606384 2.8292236
-8.534775 -0.77989197 2.6102295
-8.3919525 -0.68943787 2.248413
-8.268173 -0.6227875 1.8961182
-8.337204 -0.6632538 1.5866699
-8.339584 -0.8584442 1.3295898
-8.408615 -1.1036224 1.041565
-8.408615 -1.3297577 0.7225952
-8.3134 -1.5796967 0.5488281
-8.275314 -1.7891693 0.49645996
-8.351486 -2.024826 0.35839844
-8.427658 -2.267624 0.08703613
-8.596664 -2.5461273 -0.15576172
-8.794235 -2.736557 -0.34857178
-8.963242 -2.8365326 -0.4937744
-9.025131 -2.9341278 -0.7032471
-9.0846405 -2.9841156 -0.81274414
-9.241745 -3.1245575 -0.97698975
-9.508347 -3.1816864 -0.96746826
-9.84874 -3.2316742 -0.98413086
-10.186752 -3.422104 -1.055542
-10.317673 -3.5720673 -1.0626831
-10.3676605 -3.7029877 -1.0626831
-10.389084 -3.743454 -1.0388794
-10.360519 -3.8791351 -1.0055542
-10.408127 -3.898178 -0.95318604
-10.42955 -3.9196014 -1.0912476
-10.479538 -3.8838959 -1.2102661
-10.639023 -3.7529755 -1.5244751
-10.753281 -3.788681 -1.8244019
-11.038925 -3.6387177 -2.1124268
-11.345993 -3.5054169 -2.1362305
-11.495956 -3.576828 -2.1671753
-11.567368 -3.6649017 -2.0124512
-11.576889 -3.7029877 -1.895813
-11.614975 -3.826767 -1.8386841
-11.550705 -4.076706 -1.8529663
-11.6483 -4.3361664 -1.9672241
-11.831589 -4.4409027 -2.036255
-12.007736 -4.507553 -2.1219482
-12.124374 -4.598007 -2.2766724
-12.269577 -4.6241913 -2.2909546
-12.336227 -4.6908417 -2.1695557
-12.340988 -4.7479706 -1.7506104
-12.314804 -4.847946 -1.4102173
-12.264816 -5.076462 -1.1269531
-12.295761 -5.2597504 -1.1031494
-12.462387 -5.3264008 -1.2316895
-12.602829 -5.4263763 -1.3721313
-12.698044 -5.457321 -1.5197144
-12.6575775 -5.602524 -1.4054565
-12.47905 -5.816757 -1.2078857
-12.283859 -5.988144 -0.888916
-12.083908 -6.066696 -0.52948
-11.929184 -6.1785736 -0.26763916
-11.824448 -6.2499847 -0.13195801
-11.686386 -6.3309174 -0.13671875
-11.543564 -6.464218 -0.24383545
-11.448349 -6.521347 -0.22717285
-11.336472 -6.5451508 -0.17718506
-11.19603 -6.468979 -0.29382324
-11.269821 -6.418991 -0.3961792
-11.51738 -6.430893 -0.3128662
-11.6483 -6.4665985 -0.43188477
-11.674484 -6.495163 -0.42474365
-11.541183 -6.502304 -0.42712402
-11.436447 -6.4546967 -0.36523438
-11.362656 -6.34758 -0.33190918
-11.445969 -6.257126 -0.48901367
-11.58165 -6.0238495 -0.6008911
-11.762558 -5.7881927 -0.760376
-11.903 -5.488266 -0.8008423
-11.9839325 -5.226425 -0.888916
-11.993454 -4.924118 -0.96032715
-11.933945 -4.662277 -1.138855
-11.850632 -4.3932953 -1.3031006
-11.933945 -4.1385956 -1.6054077
-12.186264 -3.9053192 -1.8458252
-12.54808 -3.7601166 -2.0767212
-12.981308 -3.6839447 -2.4171143
-13.321701 -3.5339813 -2.6932373
-13.538315 -3.5458832 -2.7575073
-13.823959 -3.519699 -2.7313232
-13.966782 -3.486374 -2.8693848
-14.269089 -3.4839935 -3.0455322
-14.573776 -3.3554535 -3.2835693
-14.866562 -3.1888275 -3.4859009
-14.91655 -3.0174408 -3.7644043
-14.802292 -2.8246307 -3.9524536
-14.583298 -2.6389618 -3.8881836
-14.2548065 -2.4699554 -3.9453125
-13.82634 -2.3057098 -3.878662
-13.333603 -2.1295624 -3.6501465
-13.143173 -1.9724579 -3.03125
-12.819443 -1.9510345 -2.5099487
-12.238632 -2.0986176 -2.1933594
-11.603073 -2.2604828 -2.0719604
-11.165085 -2.3937836 -2.1052856
-10.7651825 -2.5104218 -2.1433716
-10.381943 -2.5865936 -2.190979
-9.9891815 -2.581833 -2.255249
-9.589279 -2.5651703 -2.3361816
-9.279831 -2.505661 -2.2766724
-9.013229 -2.4247284 -2.3338013
-8.703781 -2.3271332 -2.2600098
-8.430038 -2.2771454 -2.062439
-8.12059 -2.255722 -1.9362793
-7.8611298 -2.2128754 -1.7696533
-7.54216 -2.203354 -1.61969
-7.342209 -2.248581 -1.2769165
-7.1803436 -2.3152313 -1.0055542
-7.0970306 -2.3675995 -0.9317627
-7.0779877 -2.3985443 -0.9650879
-7.2255707 -2.3675995 -1.0793457
-7.4731293 -2.2700043 -1.248352
-7.675461 -2.2128754 -1.3673706
-7.739731 -2.203354 -1.3935547
-7.708786 -2.1152802 -1.3483276
-7.6088104 -2.0676727 -1.3031006
-7.580246 -1.9915009 -1.184082
-7.5373993 -1.934372 -1.2007446
-7.6088104 -1.8939056 -1.2388306
-7.682602 -1.7653656 -1.1245728
-7.6992645 -1.7272797 -0.90319824
-7.6802216 -1.7010956 -0.68182373
-7.5397797 -1.8439178 -0.105773926
-7.4874115 -2.0462494 0.56073
-7.3517303 -2.312851 1.086792
-7.299362 -2.5199432 1.3319702
-7.4302826 -2.5651703 1.2391357
-7.7635345 -2.339035 0.89160156
-8.265793 -1.9938812 0.58691406
-8.806137 -1.8748627 0.246521
-9.356003 -1.7177582 -0.12005615
-9.870163 -1.7891693 -0.53186035
-10.329575 -2.0105438 -0.8579712
-10.679489 -2.2200165 -1.0674438
-10.9960785 -2.5413666 -0.7508545
-11.017502 -2.9460297 -0.33666992
-10.929428 -3.3102264 -0.45092773
-11.110336 -3.641098 -0.6080322
-11.660202 -3.7648773 -0.9460449
-12.569504 -3.8124847 -1.4125977
-13.455002 -3.9267426 -1.5958862
-14.0429535 -4.1266937 -1.6553955
-14.326218 -4.3433075 -1.6387329
-14.473801 -4.6122894 -1.562561
-14.778488 -4.928879 -1.6530151
-15.059372 -5.207382 -1.68396
-15.292648 -5.4525604 -1.7744141
-15.395004 -5.7358246 -1.9743652
-15.318832 -5.892929 -2.1290894
-15.056992 -6.0928802 -1.960083
-14.768967 -6.002426 -1.6482544
-14.035812 -5.7620087 -2.0910034
-13.395493 -5.5811005 -2.3457031
-12.709946 -5.3835297 -2.3338013
-12.110092 -4.957443 -2.2314453
-11.662582 -4.2528534 -1.9172363
-11.257919 -3.384018 -1.5887451
-10.972275 -2.6056366 -1.4506836
-10.7651825 -2.0843353 -1.1459961
-10.550949 -1.8915253 -0.96032715
-10.331955 -1.9938812 -0.9746094
-10.158188 -2.2890472 -1.0198364
-9.936813 -2.6603851 -1.1174316
-9.744003 -2.9793549 -1.2840576
-9.40123 -3.2935638 -1.3459473
-9.172714 -3.5554047 -1.4673462
-8.860886 -3.750595 -1.4221191
-8.62999 -3.9767303 -1.3673706
-8.582382 -4.1385956 -1.1650391
-8.603806 -4.2957 -0.9984131
-8.63475 -4.3361664 -1.1936035
-8.665695 -4.314743 -1.4744873
-8.8537445 -4.2528534 -1.5649414
-9.165573 -4.1695404 -1.6720581
-9.491684 -4.2076263 -1.767273
-9.765427 -4.2338104 -1.7339478
-10.024887 -4.3433075 -1.3792725
-10.062973 -4.4861298 -1.1150513
-10.04631 -4.6456146 -0.9317627
-10.0724945 -4.8836517 -0.8151245
-10.270065 -5.1383514 -0.83654785
-10.660446 -5.419235 -0.80322266
-11.126999 -5.7286835 -0.7817993
-11.417404 -6.1071625 -0.87701416
-11.638779 -6.373764 -0.95080566
-11.786362 -6.5641937 -1.0722046
-11.919662 -6.6665497 -1.1531372
-12.026779 -6.745102 -1.2293091
-12.376694 -6.654648 -1.2983398
-12.988449 -6.3904266 -1.222168
-13.6454315 -6.0952606 -1.2745361
-14.071518 -5.938156 -1.2007446
-14.2548065 -5.7239227 -1.157898
-14.181015 -5.469223 -0.97698975
-13.983444 -5.083603 -0.9293823
-13.676376 -4.6694183 -0.9412842
-13.281235 -4.205246 -1.1174316
-13.031296 -3.7839203 -1.4578247
-13.0550995 -3.436386 -1.8696289
-13.366928 -3.1769257 -2.3171387
-13.854904 -3.1126556 -2.5837402
-13.997726 -3.1055145 -2.7908325
-13.871567 -3.0555267 -2.8884277
-13.704941 -2.9817352 -2.857483
-13.76683 -2.8889008 -2.8812866
-14.250046 -2.7056122 -2.9955444
-14.626144 -2.543747 -3.7025146
-15.009384 -2.781784 -3.9191284
-15.459274 -2.4961395 -4.295227
-15.606857 -2.5746918 -4.364258
-15.228378 -2.81987 -3.9405518
-14.609482 -2.9912567 -3.621582
-14.081039 -3.1626434 -3.2669067
-13.678757 -3.20549 -3.326416
-13.343124 -3.095993 -3.6120605
-13.157455 -2.8984222 -3.7025146
-12.809921 -2.5270844 -3.4335327
-12.374313 -2.1985931 -2.7099
-11.77684 -2.017685 -2.1933594
-11.243637 -1.9581757 -1.6220703
-10.865158 -2.0748138 -1.2602539
-10.529526 -2.2057343 -1.1721802
-10.315292 -2.4080658 -1.3673706
-10.11058 -2.6746674 -1.7363281
-10.005844 -2.6770477 -2.1386108
-9.839218 -2.615158 -2.4766235
-9.682114 -2.4818573 -2.5742188
-9.455978 -2.255722 -2.4956665
-9.163193 -2.1557465 -2.229065
-8.808517 -2.1605072 -1.8077393
-8.453842 -2.210495 -1.5935059
-8.099167 -2.358078 -1.4316406
-7.875412 -2.4747162 -1.4102173
-7.780197 -2.5413666 -1.4030762
-7.8397064 -2.505661 -1.3173828
-7.8611298 -2.4723358 -1.3768921
-7.780197 -2.3104706 -1.3292847
-7.7111664 -2.203354 -1.1364746
-7.4802704 -2.1224213 -0.9984131
-7.3065033 -2.0914764 -0.87939453
-7.170822 -2.081955 -0.6937256
-7.0708466 -2.1152802 -0.5961304
-7.061325 -2.0724335 -0.4295044
-6.96611 -2.0224457 -0.36761475
-6.823288 -1.9200897 -0.3128662
-6.5781097 -1.9081879 -0.27001953
-6.2639008 -1.9319916 0.06561279
-6.021103 -2.1890717 0.7344971
-5.7164154 -2.588974 1.4605103
-5.502182 -2.800827 1.9984741
-5.418869 -2.9793549 2.3269653
-5.5878754 -2.9793549 2.267456
-5.9663544 -2.8412933 1.9841919
-6.394821 -2.6318207 1.5747681
-6.951828 -2.3985443 1.2391357
-7.4040985 -2.2723846 0.8130493
-7.6992645 -2.3890228 0.6321411
-8.070602 -2.846054 0.42980957
-8.456223 -3.4792328 0.29174805
-9.120346 -3.9910126 0.06561279
-9.846359 -4.409958 -0.54852295
-10.772324 -4.74321 -1.2174072
-11.707809 -4.962204 -1.5863647
-12.379074 -5.1526337 -1.767273
-12.586166 -5.1954803 -1.6030273
-12.6766205 -5.290695 -1.3221436
-12.940842 -5.295456 -1.055542
-13.502609 -5.25737 -1.0031738
-14.183395 -5.2335663 -1.1412354
-14.826096 -5.269272 -1.2531128
-15.192673 -5.4144745 -1.5839844
-15.116501 -5.6644135 -1.7196655
-14.897507 -5.885788 -1.9434204
-14.5952 -5.9548187 -2.1743164
-14.207199 -6.0428925 -2.3361816
-13.871567 -6.014328 -2.429016
-13.307419 -5.981003 -2.429016
-12.86705 -5.83342 -2.3099976
-12.343369 -5.585861 -1.9743652
-11.857773 -5.2526093 -1.7387085
-11.476913 -4.80986 -1.3340454
-11.088913 -4.321884 -1.1412354
-10.881821 -3.814865 -1.2435913
-10.779465 -3.436386 -1.3745117
-10.753281 -3.179306 -1.4721069
-10.677109 -3.1650238 -1.453064
-10.539047 -3.255478 -1.3911743
-10.384323 -3.4816132 -1.395935
-10.186752 -3.769638 -1.3435669
-9.9891815 -3.9767303 -1.2412109
-9.805893 -4.076706 -1.1983643
-9.713058 -4.2266693 -1.305481
-9.739243 -4.321884 -1.3864136
-9.8606415 -4.431381 -1.3935547
-9.970139 -4.512314 -1.3935547
-10.058212 -4.564682 -1.2888184
-10.086777 -4.7336884 -1.1697998
-10.160568 -4.9026947 -1.0817261
-10.277206 -4.9384003 -1.1436157
-10.543808 -5.0859833 -1.138855
-10.803268 -5.226425 -1.2340698
-10.979416 -5.4263763 -1.3269043
-11.246017 -5.6596527 -1.184082
-11.357895 -5.919113 -0.9888916
-11.472153 -6.297592 -0.9055786
-11.664963 -6.680832 -0.98413086
-11.90538 -6.983139 -1.1507568
-12.124374 -7.264023 -1.5125732
-12.41716 -7.611557 -1.8743896
-12.771835 -8.087631 -2.1433716
-13.224106 -8.6922455 -2.164795
-13.6644745 -9.211166 -2.1171875
-13.921555 -9.42778 -2.0148315
-13.981064 -9.249252 -1.9338989
-13.776352 -8.666061 -1.6434937
-13.457382 -7.732956 -1.3483276
-13.2859955 -6.764145 -0.972229
-13.18364 -5.9786224 -0.7913208
-13.174118 -5.200241 -0.58898926
-13.128891 -4.5218353 -0.741333
-13.097946 -3.8053436 -0.7341919
-13.181259 -3.1816864 -0.6913452
-13.319321 -2.6699066 -0.7746582
-13.545456 -2.4818573 -0.907959
-13.881088 -2.5199432 -0.9746094
-14.233383 -2.672287 -0.97698975
-14.811813 -2.781784 -1.0507813
-15.499741 -2.781784 -2.3409424
-16.425705 -6.3713837 -6.244751
-12.924179 -5.0550385 -2.4980469
-16.159103 3.992752 -4.3547363
-17.29692 5.697098 -3.7096558
-14.685654 0.7768707 -2.8860474
-12.381454 -3.3411713 -2.1624146
-11.781601 -4.833664 -1.8220215
-11.895859 -4.5170746 -1.8886719
-12.4457245 -3.6887054 -2.1314697
-12.909897 -3.088852 -2.4052124
-13.040817 -2.4699554 -2.5385132
-12.750412 -1.9200897 -2.2385864
-12.310043 -1.4059296 -1.8148804
-11.869675 -1.2178802 -1.3173828
-11.3745575 -1.389267 -1.1317139
-10.860397 -2.0200653 -1.2364502
-10.348618 -2.8079681 -1.4221191
-9.962997 -3.4625702 -1.9053345
-9.620224 -3.8672333 -2.2600098
-9.344101 -3.9791107 -2.6242065
-9.039413 -3.7839203 -2.7003784
-8.95134 -3.3935394 -2.678955
-8.851364 -2.9793549 -2.4337769
-8.725204 -2.6103973 -2.274292
-8.556198 -2.3366547 -1.9648438
-8.270554 -2.2509613 -1.600647
-8.006332 -2.2652435 -1.1888428
-7.8087616 -2.3437958 -0.86987305
-7.6468964 -2.3866425 -0.77941895
-7.682602 -2.4889984 -0.7746582
-7.7968597 -2.3747406 -0.7651367
-7.8706512 -2.2152557 -0.96984863
-7.9230194 -2.0724335 -0.8746338
-7.844467 -1.9915009 -0.76275635
-7.613571 -1.9462738 -0.62945557
-7.4088593 -2.0153046 -0.5270996
-7.2946014 -2.0295868 -0.5461426
-7.299362 -2.0581512 -0.5961304
-7.232712 -2.2009735 -0.5866089
-7.0637054 -2.350937 -0.6342163
-6.8851776 -2.5461273 -0.3961792
-6.7161713 -2.88414 -0.17242432
-6.6852264 -3.0983734 0.19177246
-6.8018646 -3.2864227 0.3131714
-7.0137177 -3.3483124 0.43218994
-7.1874847 -3.2697601 0.45599365
-7.3017426 -3.2388153 0.5654907
-7.311264 -3.191208 0.7463989
-7.2446136 -3.1769257 0.81066895
-7.216049 -3.1959686 0.71307373
-7.3017426 -3.3411713 0.57263184
-7.7064056 -3.5934906 0.29174805
-8.344345 -3.9076996 -0.28668213
-9.246506 -4.0814667 -0.9246216
-10.17485 -4.1195526 -1.5125732
-10.87944 -4.224289 -1.7053833
-11.241257 -4.450424 -1.4721069
-11.160324 -4.6051483 -1.0198364
-11.117477 -4.788437 -0.510437
-11.32933 -4.893173 -0.28668213
-11.853012 -4.9074554 -0.49853516
-12.552841 -4.828903 -0.9222412
-13.195541 -4.7979584 -1.3007202
-13.474045 -4.8241425 -1.5125732
-13.488327 -4.9026947 -1.6577759
-13.388351 -5.038376 -1.7744141
-13.369308 -5.1788177 -1.710144
-13.219345 -5.1573944 -1.8648682
-13.000351 -5.1716766 -1.9005737
-12.717087 -5.1573944 -1.7767944
-12.383835 -5.078842 -1.7053833
-12.105331 -4.962204 -1.5030518
-11.767319 -4.847946 -1.4506836
-11.629257 -4.731308 -1.4459229
-11.529282 -4.647995 -1.4411621
-11.467392 -4.6456146 -1.4364014
-11.395981 -4.667038 -1.3388062
-11.386459 -4.828903 -1.3388062
-11.243637 -5.102646 -1.2055054
-11.06749 -5.276413 -1.2150269
-10.94371 -5.4477997 -1.138855
-10.791367 -5.5501556 -1.1959839
-10.691391 -5.540634 -1.2435913
-10.741379 -5.566818 -1.1269531
-10.8294525 -5.5882416 -1.0864868
-10.927048 -5.559677 -1.0269775
-11.122238 -5.5501556 -0.99365234
-11.305527 -5.5763397 -1.017456
-11.564987 -5.6977386 -1.0817261
-11.855392 -5.821518 -1.0126953
-12.09581 -6.002426 -0.7913208
-12.16246 -6.173813 -0.4961548
-11.96489 -6.3309174 -0.35809326
-11.769699 -6.426132 -0.2962036
-11.686386 -6.4404144 -0.24621582
-11.591171 -6.5118256 -0.215271
-11.4578705 -6.6022797 -0.18432617
-11.19841 -6.6784515 -0.11291504
-10.924667 -6.7165375 -0.043884277
-10.8294525 -6.7022552 -0.1081543
-11.126999 -6.695114 -0.015319824
-11.762558 -6.866501 -0.0748291
-12.35051 -7.0045624 -0.14147949
-12.571884 -7.1711884 -0.31762695
-12.383835 -7.059311 -0.28430176
-12.171982 -6.9926605 -0.23669434
-11.974411 -6.7474823 -0.34143066
-11.995834 -6.4142303 -0.58898926
-12.03154 -6.0095673 -0.7889404
-11.976791 -5.590622 -1.1221924
-11.862534 -5.205002 -1.3031006
-11.829208 -4.7789154 -1.5578003
-12.045822 -4.429001 -1.626831
-12.379074 -4.1838226 -1.7339478
-12.598068 -3.955307 -1.8434448
-12.690903 -3.917221 -1.979126
-12.750412 -3.8815155 -2.050537
-12.905136 -3.8553314 -2.229065
-13.155075 -3.800583 -2.2457275
-13.471664 -3.698227 -2.3361816
-13.6978 -3.5792084 -2.4456787
-13.983444 -3.4816132 -2.5575562
-14.245285 -3.3149872 -2.7384644
-14.497604 -3.1507416 -3.0003052
-14.66185 -3.0936127 -3.03125
-14.588058 -3.0150604 -2.9193726
-14.319077 -2.9531708 -2.9788818
-14.116745 -2.8722382 -2.9550781
-13.866806 -2.8412933 -2.8598633
-13.502609 -2.827011 -2.7884521
-13.219345 -2.8889008 -2.7717896
-12.855148 -2.9055634 -2.5908813
-12.517136 -2.9341278 -2.4075928
-12.205307 -2.929367 -2.281433
-11.881577 -2.941269 -2.043396
-11.672104 -2.8984222 -1.9100952
-11.296005 -2.8508148 -1.6244507
-10.936569 -2.8436737 -1.5411377
-10.62236 -2.7698822 -1.5125732
-10.374802 -2.6960907 -1.536377
-10.124863 -2.6770477 -1.4697266
-9.817795 -2.615158 -1.2364502
-9.455978 -2.5151825 -1.2578735
-9.196518 -2.4104462 -1.2269287
-9.0846405 -2.3795013 -1.3078613
-8.994186 -2.4056854 -1.2935791
-8.970383 -2.4723358 -1.1174316
-8.856125 -2.5270844 -1.0079346
-8.710922 -2.653244 -0.741333
-8.496689 -2.774643 -0.510437
-8.3276825 -2.7865448 -0.37713623
-8.203903 -2.7008514 -0.24383545
-7.9991913 -2.615158 -0.13195801
-7.825424 -2.486618 -0.12719727
-7.7064056 -2.384262 -0.17956543
-7.5397797 -2.2628632 -0.13671875
-7.2565155 -2.153366 -0.0748291
-6.978012 -2.089096 -0.008178711
Time Stop = 7003
