Time Start = 7111
-3.3312836 -0.09434509 8.9991455
-3.5597992 0.22224426 8.927734
-3.6050262 0.13893127 8.853943
-3.9382782 -0.80607605 7.930359
-4.0763397 -0.8013153 8.646851
-4.162033 -0.032455444 8.039856
-4.1001434 0.053237915 7.9660645
-3.988266 -0.08720398 7.804199
-3.9644623 -0.14433289 7.2995605
-4.0882416 -0.29429626 7.0377197
-4.2239227 -0.5466156 7.032959
-4.3881683 -0.5370941 6.930603
-4.5190887 -0.57518005 6.873474
-4.500046 -0.74180603 7.063904
-4.2096405 -0.8513031 7.4090576
-3.731186 -0.8608246 7.732788
-3.1194305 -0.93699646 7.9398804
-2.7361908 -1.0988617 8.189819
-2.531479 -1.0464935 8.201721
-2.4791107 -0.80607605 8.45166
-2.3862762 -0.6370697 8.813477
-2.160141 -0.66563416 9.265747
-1.7388153 -0.8513031 10.05603
-1.2389374 -0.88938904 10.582092
-0.49388123 -0.8655853 10.641602
0.24879456 -1.0250702 11.08197
0.86531067 -0.9012909 10.984375
1.681778 -1.1655121 11.5271
2.393509 -1.5463715 12.4244995
3.2813873 -1.7915497 12.510193
3.4932404 -2.3461761 12.269775
3.5527496 -3.1959686 11.879395
3.2647247 -4.1385956 11.672302
2.945755 -5.0050507 11.093872
3.036209 -5.7358246 10.741577
2.9814606 -6.199997 10.508301
2.6862946 -6.071457 10.025085
2.4292145 -5.6453705 9.656128
2.2102203 -5.57872 9.34668
1.9079132 -5.507309 9.051514
1.6103668 -5.374008 8.630188
1.1938019 -5.3383026 8.225525
0.52967834 -5.7239227 8.277893
-0.23442078 -6.3237762 8.1588745
-0.8318939 -6.654648 7.963684
-1.365097 -6.442795 7.3757324
-1.9197235 -5.7405853 6.6782837
-2.4029388 -5.224045 6.494995
-3.0099335 -5.200241 6.642578
-3.7430878 -5.6310883 6.730652
-4.4976654 -5.8643646 6.6187744
-5.0189667 -6.2095184 6.540222
-5.026108 -6.7760468 6.8948975
-4.52623 -6.718918 7.0877075
-4.442917 -6.033371 7.032959
-4.7238007 -5.6072845 7.3233643
-5.1022797 -5.5882416 7.2876587
-5.7116547 -5.212143 6.6187744
-6.6423798 -4.526596 6.07605
-7.575485 -3.4768524 5.492859
-8.270554 -2.672287 5.4404907
-9.010849 -2.9150848 5.999878
-10.858017 -4.371872 6.0736694
-10.891342 -5.8643646 7.3519287
-7.4612274 -5.790573 8.701599
-4.1072845 -4.031479 8.982483
-4.200119 -2.5342255 9.301453
-5.868759 -2.62706 9.372864
-5.7164154 -3.0531464 8.758728
-4.9094696 -2.9388885 8.273132
-4.3500824 -2.4580536 8.006531
-3.878769 -2.1390839 8.475464
-3.590744 -1.8343964 9.137207
-3.5145721 -1.5249481 9.627563
-3.7811737 -1.4202118 10.046509
-4.9285126 -1.3178558 9.09436
-5.9925385 -1.6249237 9.244324
-4.759506 -1.4225922 8.930115
-3.7978363 -1.3987885 9.168152
-3.7097626 -1.0821991 9.522827
-3.302719 -0.9250946 9.929871
-2.660019 -1.1369476 10.482117
-2.5148163 -1.4654388 10.870117
-2.7385712 -1.703476 10.796326
-2.398178 -2.024826 10.593994
-2.2386932 -2.0462494 10.255981
-2.2410736 -2.1033783 9.896545
-2.186325 -2.236679 9.729919
-2.2220306 -2.1438446 9.641846
-2.2006073 -1.7010956 9.568054
-2.2648773 -1.3773651 9.591858
-2.314865 -1.1797943 9.518066
-2.3172455 -0.9179535 9.4776
-2.3124847 -0.7870331 9.563293
-2.2720184 -0.7703705 9.765625
-2.2029877 -0.5870819 9.60614
-2.160141 -0.57518005 9.634705
-2.179184 -0.5466156 9.446655
-2.3672333 -0.7370453 9.258606
-2.7338104 -0.8036957 9.587097
-2.6457367 -0.63230896 9.746582
-2.2458344 -0.52757263 9.856079
-1.9530487 -0.27287292 9.718018
-1.910202 0.02229309 9.929871
-1.9459076 0.18415833 10.186951
-1.9911346 0.096084595 10.31311
-2.0482635 -0.14909363 10.158386
-2.0720673 -0.46806335 10.063171
-1.9530487 -0.37046814 10.022705
-1.8816376 -0.051498413 9.937012
-1.7983246 0.036575317 10.213135
-1.9530487 0.04133606 10.474976
-2.0625458 -0.18241882 10.513062
-2.2315521 -0.47520447 10.63208
-2.1768036 -0.47520447 10.389282
-2.2839203 -0.42045593 10.139343
-2.4695892 -0.3990326 10.208374
-2.5029144 -0.19194031 9.965576
-2.5243378 -1.0084076 10.05365
-2.4434052 -1.2345428 9.572815
-2.6362152 -1.1083832 9.984619
-2.8242645 -1.0012665 10.063171
-2.9218597 -1.0441132 10.113159
-2.9575653 -0.9846039 9.753723
-2.9266205 -0.88938904 9.527588
-3.1170502 -0.8274994 9.439514
-3.0170746 -0.66563416 9.451416
-2.9766083 -0.6632538 9.353821
-3.1908417 -0.8536835 9.294312
-3.378891 -0.8036957 9.213379
-3.4312592 -0.81321716 9.268127
-3.4479218 -0.8513031 9.268127
-3.6002655 -1.0512543 9.408569
-3.7359467 -1.1750336 9.306213
-3.8359222 -1.1179047 9.068176
-3.8454437 -1.2773895 9.034851
-3.9835052 -1.3130951 8.920593
-3.9835052 -1.267868 8.739685
-4.019211 -1.158371 8.561157
-4.1834564 -1.1179047 8.632568
-4.2929535 -1.0536346 8.544495
-4.3381805 -0.9750824 8.434998
-4.3834076 -1.0583954 8.399292
-4.46196 -1.177414 8.463562
-4.5571747 -1.0607758 8.508789
-4.545273 -0.93699646 8.489746
-4.46434 -1.0607758 8.849182
-4.2929535 -1.0131683 8.89917
-4.2167816 -1.0084076 9.132446
-4.245346 -1.1060028 9.296692
-4.2048798 -1.3083344 9.28241
-4.2024994 -1.5273285 9.151489
-4.2786713 -1.6963348 9.041992
-4.3310394 -1.6558685 8.777771
-4.4452972 -1.646347 8.696838
-4.6214447 -1.620163 8.530212
-4.7285614 -1.5416107 8.356445
-4.78331 -1.47258 8.1588745
-4.840439 -1.4916229 7.963684
-4.8571014 -1.5011444 7.9589233
-4.7690277 -1.6320648 7.789917
-4.680954 -1.9653168 7.8827515
-5.066574 -2.2128754 7.911316
-4.9523163 -1.5535126 8.0112915
-4.923752 -1.434494 8.299316
-5.028488 -1.5225677 8.13269
-5.052292 -1.3797455 8.161255
-4.938034 -1.4678192 8.146973
-5.1475067 -1.684433 8.220764
-4.9927826 -1.979599 8.420715
-5.009445 -2.0843353 8.744446
-5.0118256 -2.1771698 8.875366
-4.8332977 -2.2390594 9.15387
-4.988022 -2.1176605 9.037231
-4.9285126 -2.070053 8.930115
-4.7166595 -2.0748138 8.932495
-4.6000214 -1.9200897 8.746826
-4.578598 -1.8082123 8.684937
-4.7047577 -1.9581757 8.730164
-4.6000214 -1.5868378 8.496887
-4.714279 -1.3964081 8.630188
-4.688095 -1.582077 8.687317
-4.699997 -1.9224701 8.806335
-4.7166595 -2.1486053 8.794434
-4.676193 -2.0962372 8.649231
-4.714279 -2.0414886 8.611145
-4.752365 -1.9557953 8.596863
-4.7666473 -1.832016 8.430237
-4.6523895 -1.9653168 8.430237
-4.650009 -2.2509613 8.444519
-4.680954 -2.3556976 8.596863
-4.661911 -2.2985687 8.761108
-4.650009 -2.1795502 8.920593
-4.540512 -2.0105438 8.970581
-4.500046 -1.9962616 8.89917
-4.4095917 -1.9462738 8.946777
-4.469101 -1.8891449 9.03009
-4.5928802 -1.896286 8.880127
-4.6333466 -1.9462738 8.882507
-4.738083 -2.1128998 8.927734
-4.8523407 -2.2771454 9.034851
-4.8904266 -2.4294891 9.184814
-4.878525 -2.4913788 9.394287
-4.8761444 -2.479477 9.41095
-4.7666473 -2.4556732 9.508545
-4.7856903 -2.4080658 9.458557
-4.7357025 -2.3033295 9.234802
-4.5571747 -2.4937592 9.046753
-4.483383 -2.7984467 8.444519
-4.297714 -3.4340057 7.906555
-4.2096405 -3.9576874 7.404297
-4.1572723 -4.3314056 7.61615
-3.9906464 -4.3813934 7.673279
-3.9668427 -4.3171234 7.892273
-4.109665 -4.0171967 8.049377
-4.1525116 -3.7672577 8.246948
-3.8882904 -3.6482391 8.249329
-3.8002167 -3.5673065 8.146973
-3.9858856 -3.5054169 7.868469
-4.1263275 -3.172165 7.5566406
-4.4476776 -2.9269867 7.5637817
-4.616684 -3.0102997 7.692322
-4.628586 -3.3483124 7.782776
-4.854721 -3.512558 7.887512
-4.5809784 -3.660141 8.351685
-4.635727 -3.660141 8.689697
-4.835678 -3.5339813 9.03009
-4.6642914 -3.641098 9.291931
-4.6214447 -3.7339325 9.4776
-4.714279 -3.6720428 9.472839
-4.7499847 -3.7720184 9.406189
-4.7499847 -3.8696136 9.101501
-4.8880463 -3.8934174 8.930115
-4.918991 -3.8624725 8.753967
-4.835678 -3.595871 8.673035
-4.7547455 -3.3173676 8.775391
-4.6262054 -3.095993 8.575439
-4.604782 -2.9269867 8.415955
-4.438156 -2.7008514 8.280273
-4.416733 -2.5604095 8.182678
-4.5357513 -2.5604095 7.9922485
-4.6523895 -2.8531952 7.7494507
-4.661911 -3.5030365 7.630432
-4.6571503 -4.1195526 7.461426
-4.5095673 -4.564682 7.4542847
-4.5048065 -4.674179 7.6399536
-4.552414 -4.398056 7.7684937
-4.5190887 -4.076706 7.861328
-4.623825 -3.8410492 8.073181
-4.680954 -3.7791595 7.925598
-4.7928314 -3.7577362 7.9613037
-4.7928314 -3.7648773 7.9351196
-4.7999725 -3.603012 7.970825
-4.647629 -3.6482391 8.044617
-4.8190155 -3.569687 8.006531
-4.904709 -3.4387665 7.9541626
-4.8309174 -3.4125824 8.149353
-4.828537 -3.384018 8.289795
-4.892807 -3.3340302 8.249329
-4.9665985 -3.3149872 8.289795
-4.930893 -3.3221283 8.265991
-4.7856903 -3.2673798 8.206482
-4.6857147 -3.172165 8.232666
-4.7166595 -3.1935883 8.539734
-4.8951874 -3.4387665 8.694458
-4.97612 -3.5268402 8.646851
-5.0046844 -3.6529999 8.646851
-4.861862 -3.6625214 8.734924
-4.7499847 -3.603012 8.64209
-4.5619354 -3.5720673 8.530212
-4.5119476 -3.5458832 8.465942
-4.4548187 -3.4578094 8.399292
-4.457199 -3.4625702 8.394531
-4.411972 -3.5363617 8.32312
-4.4714813 -3.6768036 8.230286
-4.431015 -3.8481903 8.182678
-4.39769 -3.97435 8.239807
-4.340561 -3.9957733 8.204102
-4.200119 -3.9267426 8.237427
-4.135849 -3.8767548 8.246948
-4.1977386 -3.8553314 8.285034
-4.185837 -3.9624481 8.201721
-4.226303 -3.9505463 8.135071
-4.2096405 -4.0029144 8.185059
-4.116806 -3.9838715 8.218384
-4.040634 -3.826767 8.216003
-4.0239716 -3.6506195 8.175537
-4.1072845 -3.5554047 8.0946045
-4.1263275 -3.5101776 8.13031
-4.173935 -3.4720917 7.9351196
-4.162033 -3.403061 7.975586
-4.20726 -3.3435516 8.13269
-4.2429657 -3.2673798 8.301697
-4.3072357 -3.2197723 8.337402
-4.297714 -3.1483612 8.570679
-4.231064 -3.07695 8.554016
-4.150131 -3.0602875 8.699219
-4.033493 -3.0602875 8.701599
-4.071579 -3.1269379 8.756348
-4.123947 -3.3578339 8.877747
-4.1834564 -3.6363373 8.856323
-4.121567 -3.8291473 8.951538
-4.0049286 -3.8172455 9.125305
-3.8502045 -3.6172943 9.277649
-3.7288055 -3.3625946 9.299072
-3.6335907 -3.2959442 9.4609375
-3.6716766 -3.326889 9.272888
-3.7692719 -3.2935638 9.15387
-3.82164 -3.3697357 8.946777
-3.8192596 -3.2792816 8.811096
-3.7240448 -3.1578827 8.803955
-3.6716766 -3.1221771 8.715881
-3.62883 -3.0388641 8.70874
-3.647873 -2.9722137 8.599243
-3.647873 -2.9888763 8.625427
-3.5955048 -3.0460052 8.584961
-3.5883636 -3.1126556 8.6206665
-3.5883636 -3.2769012 8.711121
-3.6193085 -3.364975 8.715881
-3.647873 -3.4149628 8.661133
-3.6692963 -3.4530487 8.64447
-3.6978607 -3.486374 8.670654
-3.7359467 -3.4578094 8.6206665
-3.764511 -3.410202 8.70874
-3.6621552 -3.3792572 8.732544
-3.6407318 -3.2864227 8.870605
-3.5931244 -3.2602386 8.827759
-3.5359955 -3.3673553 8.927734
-3.4669647 -3.3959198 8.994385
-3.4407806 -3.4006805 9.051514
-3.4122162 -3.4435272 9.015808
-3.3050995 -3.326889 9.1467285
-3.2479706 -3.2269135 9.09436
-3.2789154 -3.07695 9.051514
-3.2789154 -3.0650482 8.975342
-3.2670135 -3.0293427 8.96344
-3.302719 -2.9983978 8.937256
-3.3955536 -3.0840912 8.813477
-3.3646088 -3.1745453 8.939636
-3.3812714 -3.3149872 8.83728
-3.3741302 -3.4268646 8.853943
-3.314621 -3.422104 8.849182
-3.2289276 -3.4078217 8.856323
-3.2265472 -3.364975 8.944397
-3.2075043 -3.300705 8.844421
-3.186081 -3.2102509 8.932495
-3.193222 -3.2197723 9.02533
-3.1908417 -3.2126312 9.003906
-3.2146454 -3.2007294 9.106262
-3.1884613 -3.2697601 9.115784
-3.1837006 -3.2197723 9.180054
-3.1837006 -3.179306 9.161011
-3.1360931 -3.1483612 9.280029
-3.0980072 -3.1126556 9.299072
-3.0884857 -3.0602875 9.270508
-3.0956268 -3.0293427 9.263367
-3.1146698 -3.069809 9.303833
-3.128952 -3.1364594 9.263367
-3.0932465 -3.0745697 9.1467285
-3.038498 -3.1245575 9.120544
-3.045639 -3.115036 9.011047
-3.0884857 -3.0793304 8.992004
-3.0623016 -3.0555267 9.051514
-3.1122894 -3.0436249 9.077698
-3.1170502 -3.107895 8.9348755
-3.1384735 -3.1436005 9.003906
-3.128952 -3.0936127 8.953918
-3.1813202 -3.153122 8.972961
-3.1313324 -3.1507416 9.015808
-3.147995 -3.1055145 8.987244
-3.140854 -3.1174164 9.013428
-3.140854 -3.179306 9.03009
-3.167038 -3.2411957 8.968201
-3.167038 -3.2269135 9.049133
-3.1051483 -3.134079 9.049133
-3.147995 -3.0983734 9.103882
-3.1122894 -3.14122 9.03009
-3.1146698 -3.1269379 9.061035
-3.0980072 -3.1388397 9.02771
-3.1313324 -3.14122 8.975342
-3.1146698 -3.2007294 8.927734
-3.121811 -3.1959686 9.051514
-3.0884857 -3.1650238 9.044373
-3.0408783 -3.2031097 9.041992
-3.0742035 -3.1126556 9.037231
-3.0789642 -3.1316986 9.008667
-3.064682 -3.1364594 9.011047
-3.090866 -3.1364594 8.980103
-3.1075287 -3.0840912 9.044373
-3.0480194 -3.0341034 9.046753
-3.0956268 -3.0388641 9.070557
-3.0503998 -3.0674286 9.044373
-3.0813446 -3.0388641 9.0896
-3.0218353 -3.1055145 9.120544
-3.0123138 -3.1650238 9.080078
-3.0670624 -3.1221771 9.1467285
-3.0861053 -3.1364594 9.194336
-3.0408783 -3.095993 9.072937
-3.0551605 -3.0483856 9.061035
-3.0623016 -3.0412445 9.041992
-3.0289764 -3.0436249 9.053894
-3.0337372 -3.0412445 9.080078
-3.0170746 -3.1102753 9.09198
-3.038498 -3.153122 9.072937
-3.0051727 -3.1697845 9.161011
-3.0789642 -3.1126556 9.170532
-3.0027924 -3.0412445 9.2300415
-2.9789886 -2.9817352 9.144348
-3.0503998 -2.993637 9.141968
-3.0623016 -3.0174408 9.075317
-3.0599213 -3.1031342 9.001526
-3.0551605 -3.1316986 8.989624
-3.0408783 -3.088852 9.001526
-3.0170746 -3.0460052 8.980103
-3.0027924 -3.0388641 9.0896
-2.962326 -3.0007782 9.141968
-2.9528046 -2.9269867 9.141968
-2.9385223 -2.941269 9.051514
-2.9647064 -2.9317474 9.120544
-2.955185 -3.005539 9.058655
-2.962326 -3.179306 8.975342
-2.9718475 -3.2840424 8.996765
-2.955185 -3.3673553 9.051514
-2.9575653 -3.4078217 8.996765
-2.9599457 -3.3935394 9.046753
-2.8766327 -3.3054657 9.196716
-2.92424 -3.2007294 9.246704
-2.879013 -3.07695 9.225281
-2.92424 -3.0364838 9.258606
-2.9028168 -3.005539 9.270508
-2.9480438 -3.050766 9.182434
-2.9290009 -3.031723 9.132446
-2.9575653 -3.0555267 9.139587
-2.9456635 -3.0222015 9.127686
-2.9194794 -2.9888763 9.141968
-2.936142 -2.9817352 9.122925
-2.9409027 -3.0626678 9.141968
-2.92424 -3.0555267 9.180054
-2.9290009 -3.0555267 9.084839
-2.9147186 -3.069809 9.196716
-2.898056 -3.0602875 9.234802
-2.9266205 -3.0174408 9.208618
-2.9147186 -3.0341034 9.163391
-2.9028168 -3.0079193 9.113403
-2.9290009 -3.0293427 9.122925
-2.9028168 -3.0102997 9.044373
-2.9028168 -3.024582 8.996765
-2.8932953 -2.9722137 9.070557
-2.8861542 -3.0102997 9.144348
-2.8694916 -3.0102997 9.115784
-2.8861542 -3.0531464 9.122925
-2.9004364 -3.1007538 9.161011
-2.92424 -3.1840668 9.141968
-2.9718475 -3.2578583 9.137207
-2.9075775 -3.2935638 9.139587
-2.9575653 -3.1197968 9.120544
-2.890915 -3.1007538 9.163391
-2.8575897 -2.9531708 9.232422
-2.833786 -2.8817596 9.144348
-2.8813934 -2.94841 9.132446
-2.9123383 -2.9912567 9.096741
-2.9028168 -3.0531464 9.087219
-2.9218597 -3.0436249 9.018188
-2.8456879 -3.0102997 9.075317
-2.8456879 -2.9650726 9.161011
-2.7837982 -2.9769745 9.241943
-2.7837982 -2.974594 9.203857
-2.7957 -2.9841156 9.258606
-2.8004608 -3.0602875 9.249084
-2.8361664 -3.0460052 9.199097
-2.8694916 -2.9793549 9.163391
-2.8218842 -2.9983978 9.163391
-2.8575897 -2.9055634 9.15387
-2.85997 -2.876999 9.161011
-2.8385468 -2.9269867 9.180054
-2.8385468 -2.9269867 9.191956
-2.7790375 -2.9769745 9.191956
-2.7909393 -3.0174408 9.175293
-2.7623749 -3.01268 9.2229
-2.7623749 -2.941269 9.232422
-2.7718964 -2.9317474 9.241943
-2.814743 -2.960312 9.15625
-2.8123627 -2.9841156 9.180054
-2.8218842 -3.024582 9.215759
-2.8218842 -2.993637 9.280029
-2.7933197 -2.9817352 9.253845
-2.8456879 -2.903183 9.210999
-2.788559 -2.8508148 9.239563
-2.8195038 -2.800827 9.28479
-2.788559 -2.8603363 9.289551
-2.7814178 -2.9150848 9.168152
-2.7909393 -2.8936615 9.1467285
-2.8218842 -2.8603363 9.15387
-2.7861786 -2.8436737 9.258606
-2.7623749 -2.812729 9.172913
-2.769516 -2.9246063 9.215759
-2.7599945 -2.8793793 9.227661
-2.7957 -2.8674774 9.210999
-2.807602 -2.9079437 9.241943
-2.8290253 -2.9341278 9.177673
Time Stop = 7116
