Time Start = 7184
-8.772812 -4.647995 4.064636
-8.908493 -4.3361664 3.876587
-9.0846405 -3.9196014 4.036072
-8.365768 -4.364731 3.8075562
-7.8992157 -4.731308 3.7837524
-8.001572 -4.655136 3.9551392
-8.330063 -4.5170746 3.9122925
-8.656174 -4.5242157 3.8813477
-8.934677 -4.5884857 3.7908936
-8.979904 -4.640854 3.7504272
-8.779953 -4.833664 3.7218628
-8.534775 -4.928879 3.800415
-8.356247 -5.143112 3.967041
-8.344345 -5.3502045 4.081299
-8.4109955 -5.4644623 4.0860596
-8.465744 -5.4644623 4.3883667
-8.456223 -5.500168 4.902527
-8.563339 -5.5572968 5.5618896
-8.663315 -5.700119 6.1260376
-8.782333 -6.033371 6.521179
-8.76329 -6.4166107 6.661621
-8.615707 -6.8831635 6.685425
-8.43956 -7.573471 6.7854004
-8.363388 -8.447067 7.130554
-8.413376 -9.025497 7.36145
-8.146774 -9.5967865 7.994629
-7.73497 -9.960983 8.756348
-7.806381 -10.0585785 8.442139
-7.99205 -10.83934 7.885132
-8.061081 -12.681747 7.61615
-8.432419 -14.0099945 6.3307495
-8.660934 -14.490829 4.8049316
-8.6228485 -14.248032 4.159851
-8.175339 -13.074509 3.736145
-7.4755096 -11.781967 3.633789
-6.8447113 -10.5013275 3.5147705
-6.406723 -9.304001 3.2005615
-6.0115814 -8.299484 2.9268188
-5.6450043 -7.3782806 2.857788
-5.257004 -6.6832123 2.9672852
-5.0546722 -5.988144 3.3338623
-4.957077 -5.314499 3.6242676
-4.7095184 -4.738449 3.6575928
-4.378647 -4.42424 3.5385742
-4.1977386 -4.2028656 3.3148193
-4.1406097 -4.052902 2.888733
-4.0691986 -4.1195526 2.774475
-4.1596527 -4.1838226 2.7887573
-4.4857635 -4.090988 2.953003
-4.778549 -3.7839203 3.3457642
-4.809494 -3.3364105 3.967041
-4.802353 -2.7722626 4.4002686
-4.7666473 -2.377121 4.723999
-4.8499603 -2.2700043 5.1429443
-5.0046844 -2.448532 5.442871
-5.1332245 -2.8889008 5.6428223
-5.285568 -3.4268646 5.833252
-5.354599 -3.6887054 5.678528
-5.502182 -3.7791595 5.7332764
-5.468857 -3.8386688 6.1522217
-5.4426727 -3.493515 5.8737183
-5.6140594 -2.9698334 5.6713867
-5.6283417 -2.7436981 6.07843
-5.5902557 -2.94841 6.5045166
-5.7497406 -3.236435 6.649719
-5.74498 -3.2840424 7.2019653
-5.6021576 -2.9246063 7.3900146
-5.1189423 -2.2819061 7.713745
-4.688095 -1.9415131 7.8113403
-4.5571747 -1.9272308 8.432617
-4.7880707 -1.3440399 8.1588745
-5.137985 -0.2919159 7.7351685
-5.285568 0.16511536 8.058899
-5.154648 0.18177795 8.239807
-5.1189423 0.17225647 8.356445
-5.36174 -0.19432068 8.494507
-5.5188446 -0.79655457 8.111267
-5.445053 -1.4654388 7.8970337
-5.123703 -1.7391815 7.751831
-4.84758 -1.6130219 7.823242
-4.6381073 -1.0845795 8.023193
-4.578598 -0.6799164 8.06604
-4.4714813 -0.51805115 7.899414
-4.635727 -0.37522888 7.7042236
-4.8761444 -0.41331482 7.7946777
-5.0499115 -0.64897156 7.782776
-5.1855927 -0.50852966 7.9160767
-5.2022552 -0.5037689 8.411194
-4.611923 0.005630493 8.315979
-4.1453705 1.195816 8.232666
-3.314621 2.3717194 7.854187
-5.8378143 1.695694 9.506165
-6.842331 1.4957428 8.96582
-8.510971 0.86494446 8.211243
-7.973007 -1.0536346 8.3897705
-6.080612 -2.710373 9.061035
-4.4024506 -1.9557953 10.165527
-4.2596283 0.5912018 11.412842
-3.795456 1.6837921 11.97937
-3.1360931 1.150589 11.500916
-3.147995 0.90541077 10.413086
-3.2265472 0.77211 8.975342
-3.43602 0.3674469 9.075317
-3.4741058 0.25556946 9.320496
-4.328659 0.3007965 10.05365
-3.9382782 -0.25144958 10.584473
-3.2908173 -0.85606384 10.663025
-3.2931976 -0.47758484 10.610657
-3.481247 -0.07054138 10.639221
-3.50029 -0.061019897 10.5321045
-3.5597992 0.04133606 10.31311
-3.674057 0.32221985 10.067932
-3.50029 0.6316681 9.825134
-3.386032 0.7030792 9.746582
-3.2646332 0.61738586 9.601379
-3.3098602 0.51264954 9.789429
-3.5859833 0.374588 9.844177
-3.5812225 0.374588 9.803711
-3.4074554 0.5316925 9.579956
-3.2860565 0.62690735 9.258606
-3.3455658 0.65309143 9.003906
-3.4074554 0.50312805 8.922974
-3.4574432 0.3269806 9.2300415
-3.5217133 0.2674713 9.432373
-3.5502777 0.21272278 9.41333
-3.6978607 0.21510315 9.360962
-3.7978363 0.21986389 9.275269
-3.8525848 0.03895569 9.253845
-3.9168549 -0.0038909912 9.318115
-3.9382782 -0.04673767 9.280029
-3.9811249 -0.11100769 9.265747
-4.045395 -0.07292175 9.127686
-4.1001434 -0.06340027 8.992004
-4.162033 -0.096725464 8.975342
-4.2858124 -0.053878784 9.046753
-4.352463 -0.09434509 9.032471
-4.5167084 -0.07292175 9.182434
-4.500046 -0.0062713623 9.106262
-4.552414 0.079422 8.908691
-4.650009 -0.015792847 8.882507
-4.745224 -0.053878784 8.894409
-4.7856903 -0.10624695 8.70874
-4.880905 -0.25144958 8.64209
-4.968979 -0.19670105 8.565918
-4.949936 -0.14433289 8.5373535
-4.9285126 -0.08720398 8.361206
-4.854721 -0.08244324 8.349304
-4.918991 -0.16575623 8.346924
-5.052292 -0.19432068 8.275513
-5.130844 -0.11100769 8.101746
-5.0951385 -0.04673767 7.7613525
-5.2427216 -0.23240662 7.8303833
-5.430771 -0.29429626 7.770874
-5.309372 -0.27763367 7.801819
-5.207016 -0.43473816 8.175537
-5.1594086 -0.79655457 8.539734
-5.259384 -1.184555 8.677795
-5.4855194 -1.3654633 8.746826
-5.5236053 -1.2916718 8.715881
-5.437912 -1.0250702 8.8349
-5.2546234 -0.52519226 8.77063
-5.2665253 -0.1847992 8.711121
-5.373642 0.06752014 8.673035
-5.2998505 0.027053833 8.604004
-5.387924 -0.22764587 8.506409
-5.4164886 -0.53471375 8.232666
-5.4974213 -0.64183044 8.239807
-5.475998 -0.613266 8.394531
-5.623581 -0.7441864 8.506409
-5.6283417 -0.78227234 8.687317
-5.6092987 -0.6870575 8.713501
-5.6640472 -0.548996 8.894409
-5.6783295 -0.4323578 8.982483
-5.7164154 -0.34428406 8.944397
-5.8187714 -0.4061737 9.018188
-5.952072 -0.7441864 8.987244
-6.080612 -1.0155487 8.673035
-6.078232 -1.3368988 8.363586
-5.978256 -1.6915741 7.9589233
-5.8711395 -1.9081879 7.597107
-5.759262 -2.0938568 6.6640015
-5.9544525 -2.448532 5.904663
-6.1163177 -2.7032318 5.430969
-5.9163666 -2.710373 5.2714844
-5.706894 -2.5270844 5.6452026
-5.771164 -2.2152557 6.121277
-6.016342 -2.0319672 6.7615967
-6.316269 -2.070053 7.237671
-6.4543304 -2.3152313 7.5828247
-6.4614716 -2.6675262 8.049377
-6.3710175 -3.0650482 8.223145
-6.2353363 -3.3340302 8.294556
-6.182968 -3.5268402 8.411194
-6.0187225 -3.6125336 8.32074
-6.0258636 -3.3959198 7.989868
-6.028244 -3.1483612 7.804199
-6.028244 -2.8555756 7.725647
-6.059189 -2.5080414 7.797058
-6.059189 -2.1890717 7.887512
-6.080612 -2.0867157 8.013672
-6.123459 -2.1176605 8.032715
-6.0496674 -2.255722 7.906555
-5.9687347 -2.4509125 7.6851807
-6.00206 -2.7127533 7.3376465
-5.9544525 -2.9460297 7.2686157
-5.944931 -3.14122 7.218628
-5.828293 -3.2483368 7.2043457
-5.8401947 -3.3983002 7.002014
-5.899704 -3.384018 6.752075
-5.994919 -3.641098 6.597351
-6.061569 -3.750595 6.5045166
-6.040146 -3.8743744 6.5806885
-5.9544525 -3.8505707 6.7020874
-5.925888 -3.603012 6.956787
-5.8901825 -3.5220795 7.342407
-5.9877777 -3.4578094 7.6209106
-6.0044403 -3.3935394 7.9470215
-6.013962 -3.3673553 8.125549
-6.0496674 -3.2483368 8.282654
-5.9401703 -3.2150116 8.1922
-5.8854218 -3.217392 8.106506
-5.778305 -3.1626434 7.718506
-5.6331024 -3.3126068 7.573303
-5.5902557 -3.5220795 7.399536
-5.6259613 -3.6696625 7.2424316
-5.68309 -3.800583 7.213867
-5.6545258 -3.8934174 7.3067017
-5.540268 -4.0552826 7.482849
-5.42601 -4.1838226 7.661377
-5.4141083 -4.3052216 7.6851807
-5.3569794 -4.3385468 7.7542114
-5.3141327 -4.319504 7.725647
-5.285568 -4.2647552 7.930359
-5.1641693 -4.152878 8.020813
-5.1832123 -3.9886322 8.042236
-5.1641693 -3.936264 8.12793
-5.10466 -3.9862518 8.006531
-5.10466 -4.012436 7.987488
-5.0308685 -4.1504974 7.80896
-5.0951385 -4.276657 7.8565674
-5.1213226 -4.1243134 7.751831
-5.0879974 -3.898178 7.6066284
-5.0165863 -3.91008 7.944641
-4.7428436 -3.9457855 8.211243
-4.6523895 -4.1433563 8.542114
-4.7285614 -4.3694916 8.532593
-4.84758 -4.4599457 8.401672
-4.9785004 -4.448044 8.335022
-4.9713593 -4.42424 8.235046
-4.961838 -4.340927 8.168396
-4.840439 -4.352829 8.0112915
-4.892807 -4.2909393 7.906555
-5.028488 -4.2457123 7.775635
-5.007065 -4.276657 7.706604
-5.033249 -4.383774 7.6280518
-5.0641937 -4.3742523 7.74469
-5.1974945 -4.3552094 7.7803955
-5.240341 -4.238571 7.770874
-5.2332 -4.0933685 7.6328125
-5.1974945 -3.871994 7.5828247
-5.1070404 -3.5173187 7.6018677
-5.059433 -3.2864227 7.880371
-5.130844 -3.1769257 8.396912
-5.1713104 -3.2221527 8.9348755
-5.1403656 -3.2602386 9.194336
-5.071335 -3.300705 9.15625
-5.026108 -3.2483368 8.930115
-4.8142548 -3.2792816 8.661133
-4.764267 -3.2530975 8.220764
-4.835678 -3.3959198 7.820862
-5.0046844 -3.6196747 7.411438
-5.278427 -3.7743988 7.0353394
-5.5188446 -3.8696136 6.744934
-5.6640472 -3.9886322 6.666382
-5.6473846 -4.1909637 6.7854004
-5.5307465 -4.4075775 6.9448853
-5.4474335 -4.533737 6.9020386
-5.4593353 -4.719406 6.8948975
-5.495041 -4.8884125 6.9448853
-5.5759735 -5.109787 7.0162964
-5.592636 -5.231186 7.0186768
-5.6021576 -5.500168 7.109131
-5.5950165 -5.5168304 7.154358
-5.5259857 -5.507309 7.2686157
-5.456955 -5.2930756 7.1638794
-5.4974213 -5.1502533 7.259094
-5.4736176 -5.0026703 7.275757
-5.471237 -4.8765106 7.1900635
-5.516464 -4.762253 7.1591187
-5.592636 -4.621811 7.047241
-5.6711884 -4.448044 6.980591
-5.7806854 -4.3575897 6.892517
-5.802109 -4.321884 6.8710938
-5.8187714 -4.219528 6.666382
-5.771164 -4.193344 6.744934
-5.7687836 -4.205246 6.7973022
-5.790207 -4.3552094 7.082947
-5.8116302 -4.4218597 7.225769
-5.790207 -4.5742035 7.1972046
-5.7616425 -4.7670135 7.199585
-5.6854706 -4.8765106 7.0924683
-5.718796 -4.9669647 7.0567627
-5.7616425 -4.924118 6.923462
-5.721176 -4.821762 6.8496704
-5.6783295 -4.7408295 6.699707
-5.6545258 -4.5861053 6.6830444
-5.5950165 -4.4456635 6.4830933
-5.61882 -4.3123627 6.5164185
-5.6092987 -4.205246 6.552124
-5.5450287 -4.1433563 6.604492
-5.5117035 -4.1385956 6.65448
-5.471237 -4.064804 6.7734985
-5.464096 -3.9386444 6.840149
-5.3784027 -3.9053192 7.1067505
-5.404587 -3.8386688 7.206726
-5.3593597 -3.750595 7.1757813
-5.385544 -3.871994 7.2686157
-5.4331512 -3.9410248 7.2495728
-5.418869 -3.9338837 7.2019653
-5.4331512 -4.0171967 7.4923706
-5.29747 -4.057663 7.713745
-5.0879974 -4.0481415 7.970825
-4.97612 -4.200485 8.25647
-4.8571014 -4.2528534 8.420715
-4.752365 -4.3504486 8.532593
-4.942795 -4.686081 8.77301
-5.078476 -5.0312347 8.83252
-5.2736664 -5.2145233 8.487366
-5.3498383 -5.271652 8.315979
-5.2284393 -5.2407074 8.113647
-5.073715 -5.1907196 7.887512
-4.926132 -5.0883636 7.7613525
-4.8332977 -4.993149 7.5114136
-4.923752 -4.9074554 7.3828735
-4.9023285 -4.705124 7.2995605
-4.9285126 -4.5218353 7.2614746
-4.9356537 -4.352829 7.2400513
-4.8761444 -4.35997 7.290039
-4.840439 -4.409958 7.340027
-4.873764 -4.514694 7.3043213
-4.885666 -4.7741547 7.5756836
-5.047531 -5.0050507 7.68042
-5.135605 -5.1835785 7.842285
-5.0427704 -5.185959 8.046997
-4.9166107 -5.1692963 8.220764
-4.8523407 -4.8241425 8.2421875
-4.7618866 -4.5670624 8.166016
-4.6642914 -4.5289764 8.120789
-4.7023773 -4.417099 7.8970337
-4.7357025 -4.3575897 7.649475
-4.802353 -4.429001 7.4804688
-4.840439 -4.5670624 7.4400024
-4.8142548 -4.697983 7.2686157
-4.9023285 -4.866989 7.2281494
-4.9546967 -4.995529 7.263855
-5.014206 -5.0240936 7.3257446
-4.995163 -5.1193085 7.418579
-5.0356293 -5.2216644 7.5614014
-5.0046844 -5.3644867 7.592346
-4.9665985 -5.488266 7.5637817
-5.002304 -5.476364 7.509033
-4.9927826 -5.4287567 7.418579
-4.9665985 -5.314499 7.4590454
-4.854721 -5.0931244 7.5947266
-4.6714325 -4.7170258 7.8113403
-4.5238495 -4.2100067 8.061279
-4.423874 -3.7291718 8.06842
-4.488144 -3.5435028 8.089844
-4.5238495 -3.5220795 7.9732056
-4.585739 -3.7291718 7.8375244
-4.669052 -3.9600677 7.5875854
-4.714279 -4.224289 7.380493
-4.7999725 -4.609909 7.328125
-5.007065 -4.943161 7.1210327
-5.0570526 -5.4001923 7.147217
-5.021347 -5.809616 7.147217
-5.0641937 -5.8762665 7.109131
-5.135605 -5.8762665 7.2948
-5.066574 -5.809616 7.3638306
-5.059433 -5.647751 7.3519287
-5.0641937 -5.538254 7.320984
-5.0808563 -5.314499 7.3519287
-5.0356293 -5.1383514 7.3900146
-4.945175 -5.045517 7.509033
-4.8642426 -4.9407806 7.513794
-4.802353 -4.878891 7.578064
-4.711899 -4.8503265 7.6780396
-4.630966 -4.781296 7.718506
-4.635727 -4.7908173 7.7018433
-4.642868 -4.828903 7.5804443
-4.7238007 -4.8884125 7.48999
-4.7047577 -4.897934 7.3233643
-4.733322 -4.912216 7.256714
-4.759506 -4.9407806 7.2995605
-4.7880707 -5.012192 7.29718
-4.840439 -5.076462 7.3186035
-4.8642426 -5.1931 7.4709473
-4.8951874 -5.302597 7.4090576
-4.949936 -5.3264008 7.5042725
-4.8880463 -5.314499 7.5185547
-4.907089 -5.2359467 7.5161743
-4.899948 -5.1454926 7.544739
-4.8451996 -5.033615 7.4590454
-4.842819 -5.059799 7.4661865
-4.8309174 -5.059799 7.4661865
-4.8261566 -5.102646 7.354309
-4.816635 -5.174057 7.366211
-4.8071136 -5.2335663 7.36145
-4.8261566 -5.1931 7.494751
-4.7238007 -5.1312103 7.513794
-4.673813 -5.1526337 7.55188
-4.628586 -5.1978607 7.494751
-4.642868 -5.2169037 7.4519043
-4.6262054 -5.1954803 7.456665
-4.6714325 -5.097885 7.4352417
-4.616684 -5.076462 7.456665
-4.5881195 -5.0669403 7.48761
-4.611923 -5.121689 7.592346
-4.616684 -5.2288055 7.6185303
-4.65477 -5.2335663 7.520935
-4.669052 -5.2549896 7.5614014
-4.65477 -5.2478485 7.4352417
-4.6904755 -5.2097626 7.4590454
-4.647629 -5.1978607 7.3947754
-4.7428436 -5.12883 7.3757324
-4.7238007 -5.1312103 7.528076
-4.7476044 -5.12883 7.532837
-4.7214203 -5.109787 7.506653
-4.6904755 -5.116928 7.592346
-4.6404877 -5.116928 7.5685425
-4.6833344 -5.1454926 7.6851807
-4.650009 -5.155014 7.609009
-4.65477 -5.1692963 7.578064
-4.647629 -5.1954803 7.623291
-4.6976166 -5.2097626 7.520935
-4.6523895 -5.219284 7.559021
-4.6833344 -5.1931 7.520935
-4.6833344 -5.1502533 7.6328125
-4.6071625 -5.1335907 7.635193
-4.650009 -5.2811737 7.9208374
-4.730942 -5.4263763 8.037476
-4.78331 -5.4930267 7.804199
-4.809494 -5.495407 7.7304077
-4.809494 -5.476364 7.718506
-4.8047333 -5.3573456 7.7470703
-4.7285614 -5.219284 7.5994873
-4.6523895 -5.1193085 7.544739
-4.5809784 -5.012192 7.4971313
-4.661911 -4.890793 7.3757324
-4.692856 -4.814621 7.2400513
-4.71904 -4.8431854 7.147217
-4.7238007 -4.8836517 7.213867
-4.733322 -4.897934 7.1972046
-4.7095184 -5.06456 7.1138916
-4.7166595 -5.147873 7.2471924
-4.78331 -5.200241 7.142456
-4.8118744 -5.188339 7.1591187
-4.78331 -5.162155 7.2924194
-4.738083 -5.1502533 7.2733765
-4.771408 -5.059799 7.4352417
-4.7880707 -5.057419 7.385254
-4.8190155 -5.0359955 7.35907
-4.7618866 -5.071701 7.3828735
-4.790451 -5.1264496 7.3900146
-4.7999725 -5.078842 7.3876343
-4.828537 -5.1074066 7.342407
-4.835678 -5.174057 7.3114624
-4.8309174 -5.1764374 7.1638794
-4.7666473 -5.1312103 7.180542
-4.738083 -5.0478973 7.206726
-4.7809296 -5.038376 7.194824
-4.733322 -4.9979095 7.282898
-4.7404633 -4.955063 7.320984
-4.759506 -5.0050507 7.411438
-4.778549 -5.045517 7.6851807
-4.7166595 -5.0931244 7.656616
-4.7023773 -5.1526337 7.7089844
-4.71904 -5.200241 7.7994385
-4.695236 -5.2026215 7.839905
-4.6904755 -5.1573944 7.7304077
-4.669052 -5.097885 7.6256714
-4.6714325 -5.1074066 7.7161255
-4.6857147 -5.038376 7.5756836
-4.6976166 -5.0502777 7.5161743
-4.692856 -5.0478973 7.444763
-4.71904 -5.026474 7.3900146
-4.647629 -5.1074066 7.36145
-4.647629 -5.076462 7.4066772
-4.695236 -5.1002655 7.4138184
-4.6666718 -5.1502533 7.494751
-4.680954 -5.155014 7.578064
-4.6595306 -5.1716766 7.597107
-4.635727 -5.140732 7.585205
-4.6523895 -5.0931244 7.5042725
-4.6143036 -5.033615 7.463806
-4.642868 -5.00029 7.475708
-4.611923 -4.9455414 7.4971313
-4.628586 -4.9979095 7.509033
-4.642868 -5.038376 7.528076
-4.707138 -5.083603 7.5233154
Time Stop = 7189
