Time Start = 7040
0.24879456 3.9641876 7.789917
-0.6128998 4.8877716 7.2805176
-3.1527557 6.2326813 5.0667725
-0.16062927 3.4928741 7.463806
1.155716 3.7713776 6.564026
1.1580963 4.1093903 5.4190674
0.49873352 3.845169 5.223877
-0.42008972 3.5261993 5.0429688
-1.3055878 3.319107 4.5859375
-1.929245 3.0501251 4.262207
-2.2910614 2.6502228 4.0336914
-2.4053192 2.2503204 3.8670654
-2.5100555 1.805191 3.7647095
-2.6433563 1.3314972 3.755188
-3.007553 0.8958893 3.626648
-3.571701 0.6554718 3.3148193
-4.1953583 0.39839172 3.0720215
-4.797592 0.017532349 2.8006592
-5.340317 -0.24430847 2.7387695
-6.1139374 -0.7441864 2.8101807
-6.7494965 -1.2559662 2.7887573
-7.651657 -1.6963348 2.703064
-8.341965 -2.248581 2.7697144
-9.560715 -2.9198456 2.93396
-10.520004 -3.1197968 1.9437256
-10.898483 -3.288803 0.98443604
-11.448349 -3.5673065 0.4036255
-11.879196 -3.864853 -0.08911133
-12.233871 -4.2671356 -0.43426514
-12.588547 -5.0669403 -0.741333
-13.024155 -5.878647 -1.248352
-13.524033 -6.4546967 -2.1100464
-14.207199 -7.0569305 -2.5480347
-14.823715 -7.5068207 -2.6694336
-15.10936 -7.8210297 -2.7575073
-15.190292 -7.978134 -2.5765991
-15.3259735 -8.14476 -2.3528442
-15.480698 -8.139999 -2.4528198
-15.694931 -8.0828705 -2.652771
-15.978195 -7.9852753 -2.909851
-16.290024 -7.8829193 -3.0836182
-16.578049 -7.963852 -3.262146
-17.013657 -8.132858 -3.5358887
-17.463547 -8.156662 -4.031006
-17.60875 -8.14238 -4.480896
-17.451645 -8.030502 -4.742737
-17.787277 -8.189987 -4.845093
-17.861069 -8.085251 -4.8617554
-17.789658 -7.956711 -4.8831787
-17.639694 -7.894821 -4.692749
-17.394516 -7.8257904 -4.352356
-17.087448 -7.8829193 -3.9405518
-16.804184 -8.156662 -3.704895
-16.382858 -8.499435 -3.383545
-15.7234955 -8.801743 -3.1312256
-15.209335 -8.956467 -3.269287
-14.897507 -8.830307 -3.6239624
-14.7356415 -8.520859 -4.2142944
-14.573776 -8.139999 -4.321411
-14.292892 -7.804367 -4.319031
-13.947739 -7.494919 -3.9786377
-13.557358 -7.328293 -3.4263916
-13.159836 -7.2092743 -2.550415
-12.717087 -7.1092987 -1.6292114
-12.198166 -6.983139 -0.8389282
-11.814926 -6.8522186 -0.43426514
-11.636398 -6.6832123 -0.2962036
-11.6887665 -6.6284637 -0.33666992
-11.703049 -6.630844 -0.42236328
-11.726852 -6.854599 -0.5175781
-11.622116 -7.2164154 -0.2652588
-11.38884 -7.471115 -0.07244873
-11.036545 -7.75914 -0.012939453
-10.762802 -7.9162445 0.07989502
-10.572372 -7.925766 -0.1486206
-10.553329 -7.75914 -0.5628052
-10.653305 -7.721054 -1.1031494
-10.981796 -7.8829193 -1.5839844
-11.307907 -8.104294 -1.8386841
-11.417404 -8.242355 -1.9696045
-11.353134 -8.287582 -1.8220215
-11.126999 -8.287582 -1.6934814
-10.94371 -8.223312 -1.5292358
-11.034164 -8.116196 -1.4387817
-11.312668 -7.9281464 -1.536377
-11.71257 -7.6401215 -1.5744629
-12.017258 -7.2283173 -1.6054077
-12.22673 -6.7308197 -1.5006714
-12.117233 -6.188095 -1.4673462
-11.910141 -5.669174 -1.5316162
-11.783981 -5.1264496 -1.6672974
-11.950607 -4.6694183 -2.062439
-12.5099945 -4.2457123 -2.4528198
-13.233627 -3.929123 -2.8336792
-13.983444 -3.6268158 -3.0812378
-14.547592 -3.2269135 -3.2383423
-14.971298 -2.94841 -3.364502
-15.418808 -2.7389374 -3.345459
-15.971054 -2.7341766 -3.3859253
-16.482834 -2.729416 -3.7406006
-16.985092 -2.7794037 -4.37854
-17.518295 -2.8912811 -5.059326
-17.651596 -2.9127045 -5.5615845
-17.563522 -2.8722382 -5.59729
-17.318344 -2.69133 -5.654419
-16.918442 -2.5937347 -5.537781
-16.542343 -2.4913788 -5.2283325
-16.059128 -2.460434 -4.821289
-15.440231 -2.4366302 -4.3761597
-14.849899 -2.3914032 -3.9310303
-14.223862 -2.441391 -3.5930176
-13.709702 -2.415207 -3.2573853
-13.114609 -2.3295135 -2.921753
-12.576645 -2.2985687 -2.5361328
-12.019638 -2.3699799 -2.1885986
-11.543564 -2.4723358 -1.7172852
-11.205551 -2.6008759 -1.1102905
-10.903244 -2.7770233 -0.56518555
-10.55571 -2.865097 -0.2652588
-10.29863 -2.6222992 -0.48425293
-10.086777 -2.2509613 -0.7437134
-9.905869 -1.9653168 -0.7675171
-9.475021 -1.767746 -0.72943115
-8.944199 -1.7201385 -0.6699219
-8.384811 -1.9058075 -0.4199829
-8.039658 -2.0914764 -0.49853516
-7.754013 -2.3057098 -0.8341675
-7.5969086 -2.4937592 -1.3459473
-7.663559 -2.7008514 -1.6220703
-7.849228 -3.01268 -1.6911011
-7.9563446 -3.3554535 -1.74823
-7.946823 -3.5911102 -1.7696533
-7.742111 -3.71727 -1.7268066
-7.489792 -3.686325 -1.600647
-7.2493744 -3.5220795 -1.3197632
-6.989914 -3.3364105 -1.055542
-6.670944 -3.0936127 -0.85321045
-6.271042 -2.903183 -0.8341675
-5.7568817 -2.6889496 -0.8222656
-5.2093964 -2.6699066 -0.5032959
-4.759506 -2.7794037 0.08703613
-4.264389 -3.07695 0.855896
-3.9906464 -3.3316498 1.3676758
-3.9454193 -3.4459076 1.593811
-4.14299 -3.519699 1.5604858
-4.6452484 -3.4792328 1.1558228
-5.368881 -3.1864471 0.5678711
-6.0377655 -3.0102997 -0.1486206
-6.6614227 -2.8889008 -0.62231445
-7.1089325 -2.8317719 -0.6913452
-7.3898163 -3.1197968 -0.4937744
-7.3731537 -3.7196503 0.08465576
-7.451706 -4.659897 0.5583496
-7.6802216 -5.423996 0.5036011
-8.187241 -5.681076 -0.05340576
-8.998947 -5.57872 -0.7913208
-9.97966 -5.3573456 -1.1650391
-10.796127 -4.9860077 -1.100769
-11.26268 -4.712265 -0.62231445
-11.379318 -4.5884857 -0.21289063
-11.529282 -4.5242157 0.477417
-11.943466 -4.545639 0.6226196
-12.540939 -4.455185 -0.081970215
-13.490707 -4.519455 -1.1459961
-14.642807 -4.9193573 -2.2766724
-15.62352 -5.4263763 -3.1859741
-15.94249 -5.9095917 -3.723938
-15.680649 -6.4856415 -3.4525757
-15.152206 -6.9212494 -2.9693604
-14.738022 -7.05217 -2.7099
-14.46904 -6.9355316 -2.5170898
-14.233383 -6.6665497 -2.3171387
-13.800156 -6.245224 -1.9458008
-13.226486 -5.809616 -1.6863403
-12.645676 -5.521591 -1.4721069
-12.079147 -5.352585 -1.3602295
-11.598312 -5.2478485 -1.3269043
-11.19841 -5.219284 -1.3530884
-10.979416 -5.3359222 -1.2293091
-10.831833 -5.526352 -1.0341187
-10.641403 -5.750107 -1.0341187
-10.467636 -6.007187 -1.0579224
-10.293869 -6.161911 -1.4221191
-10.139145 -6.264267 -1.5435181
-10.074875 -6.2499847 -1.6720581
-10.029648 -6.195236 -1.7053833
-9.984421 -6.130966 -1.7815552
-10.074875 -5.9548187 -1.6220703
-10.324814 -5.795334 -1.5744629
-10.603317 -5.6786957 -1.4364014
-10.979416 -5.597763 -1.203125
-11.286484 -5.5120697 -1.1888428
-11.529282 -5.4025726 -1.2126465
-11.84111 -5.4073334 -1.2888184
-12.024399 -5.4977875 -1.2150269
-12.052963 -5.7167816 -1.0126953
-11.822067 -6.0571747 -0.9460449
-11.595932 -6.4023285 -0.76989746
-11.479294 -6.887924 -0.5794678
-11.505478 -7.3116302 -0.6008911
-11.465012 -7.663925 -0.6270752
-11.39122 -8.101913 -0.6080322
-11.157944 -8.458969 -0.4295044
-10.87468 -8.6089325 -0.3128662
-10.6818695 -8.561325 -0.24145508
-10.805649 -8.499435 -0.0748291
-11.241257 -8.325668 0.2703247
-11.84111 -8.220932 0.57263184
-12.09819 -8.066208 0.6654663
-12.326706 -7.828171 0.6916504
-12.402878 -7.6853485 0.8130493
-12.412399 -7.444931 0.75115967
-12.424301 -7.1069183 0.48931885
-12.505234 -6.6403656 -0.00579834
-12.836105 -6.1523895 -0.78656006
-13.488327 -5.7024994 -1.5101929
-14.097702 -5.269272 -2.1885986
-14.314316 -4.7527313 -2.6551514
-14.145309 -4.405197 -2.7241821
-13.888229 -4.1576385 -2.7598877
-13.795395 -3.9838715 -2.6194458
-13.973923 -3.8410492 -2.6361084
-14.357162 -3.7553558 -2.7194214
-14.754684 -3.6268158 -2.90271
-14.978439 -3.4697113 -3.1026611
-15.135544 -3.3292694 -3.2835693
-15.204575 -3.1840668 -3.3049927
-15.190292 -3.172165 -3.3359375
-15.007004 -3.1626434 -3.22406
-14.814194 -3.2292938 -3.3216553
-14.649948 -3.3316498 -3.2335815
-14.433334 -3.3673553 -3.1264648
-14.031052 -3.345932 -3.0407715
-13.593063 -3.2507172 -2.8931885
-13.197922 -3.191208 -2.7051392
-12.848007 -3.1364594 -2.5789795
-12.571884 -3.1388397 -2.3814087
-12.307663 -3.198349 -2.3052368
-12.038681 -3.2483368 -2.0600586
-11.8173065 -3.2649994 -2.1124268
-11.579269 -3.2721405 -2.0076904
-11.32933 -3.1436005 -1.7982178
-10.986557 -3.0293427 -1.600647
-10.539047 -3.0079193 -1.4173584
-10.2391205 -2.9722137 -1.1293335
-9.955856 -3.0031586 -1.017456
-9.886826 -2.9555511 -0.86035156
-9.903488 -2.9388885 -0.86987305
-10.005844 -2.9436493 -0.907959
-10.1082 -2.8317719 -1.0864868
-10.23674 -2.6960907 -1.157898
-10.148666 -2.5532684 -1.1721802
-9.867783 -2.2890472 -1.3007202
-9.503586 -2.108139 -1.2364502
-9.065598 -2.165268 -1.1293335
-8.720444 -2.274765 -0.9555664
-8.432419 -2.608017 -0.87701416
-8.211044 -2.9579315 -0.85321045
-7.9825287 -3.307846 -0.7984619
-7.761154 -3.6101532 -0.5842285
-7.427902 -3.7553558 -0.17718506
-7.016098 -3.788681 0.3274536
-6.5519257 -3.8315277 0.9772949
-6.0425262 -3.8220062 1.2272339
-5.6592865 -3.71727 1.3414917
-5.3831635 -3.493515 1.0939331
-5.2879486 -3.1316986 1.0130005
-5.2165375 -2.7151337 0.9130249
-5.2474823 -2.3675995 1.189148
-5.2498627 -2.1105194 1.6485596
-5.161789 -1.9319916 2.067505
-4.957077 -1.9462738 2.5840454
-4.821396 -2.1057587 2.9577637
-4.7404633 -2.396164 2.9863281
-4.71904 -2.5199432 2.472168
-4.861862 -2.729416 1.8770752
-5.3141327 -2.6032562 1.2438965
-5.9687347 -2.4532928 0.7011719
-6.6661835 -2.49852 0.39648438
-7.399338 -2.9269867 0.4607544
-7.8849335 -3.6244354 0.48217773
-8.263412 -4.333786 0.046569824
-8.703781 -4.686081 -0.38427734
-9.475021 -4.9979095 -0.5842285
-10.255783 -5.0050507 -0.7175293
-11.0603485 -4.8503265 -0.6604004
-11.819687 -4.5480194 -0.64611816
-12.438583 -4.3123627 -0.677063
-13.224106 -4.281418 -0.82940674
-13.926315 -4.519455 -1.1055298
-14.609482 -4.864609 -1.4840088
-15.249802 -5.4477997 -1.6696777
-15.630661 -5.9857635 -1.9196167
-15.742538 -6.147629 -2.3099976
-15.809189 -6.1904755 -2.5599365
-15.725876 -6.066696 -2.7122803
-15.604477 -5.9214935 -2.7194214
-15.487839 -5.988144 -2.614685
-15.444992 -6.2357025 -2.5361328
-15.235519 -6.4856415 -2.4123535
-15.073654 -6.790329 -2.2980957
-14.961777 -7.0878754 -2.2623901
-14.745163 -7.278305 -2.2243042
-14.495224 -7.2616425 -2.5004272
-14.181015 -7.1711884 -2.6432495
-13.795395 -7.0950165 -2.690857
-13.426437 -7.0426483 -2.5456543
-13.045578 -6.9926605 -2.1624146
-12.636154 -6.854599 -1.6101685
-12.421921 -6.616562 -1.1936035
-12.345749 -6.4475555 -0.7817993
-12.383835 -6.271408 -0.55804443
-12.388596 -6.2499847 -0.39141846
-12.264816 -6.385666 -0.09625244
-12.026779 -6.423752 0.053710938
-11.717331 -6.528488 0.06085205
-11.493576 -6.623703 -0.081970215
-11.372177 -6.804611 -0.40570068
-11.296005 -7.123581 -0.6032715
-11.13652 -7.3711395 -0.75323486
-10.893723 -7.599655 -0.80322266
-10.650925 -7.8400726 -0.8555908
-10.641403 -8.101913 -0.8817749
-10.865158 -8.251877 -0.96984863
-11.350754 -8.539902 -1.1055298
-11.883957 -8.770798 -1.157898
-12.167221 -8.882675 -1.331665
-12.181503 -8.9040985 -1.3173828
-11.96727 -8.85173 -1.1269531
-11.636398 -8.5256195 -1.0388794
-11.345993 -7.906723 -1.119812
-11.219833 -7.1021576 -1.0674438
-11.336472 -6.2357025 -1.3173828
-11.769699 -5.4144745 -1.4506836
-12.398117 -4.8955536 -1.3245239
-13.019394 -4.4980316 -1.1769409
-13.240768 -4.3123627 -1.1650391
-13.197922 -4.262375 -1.1269531
-13.276474 -4.1766815 -1.2507324
-13.616867 -4.095749 -1.3078613
-14.207199 -3.8743744 -1.5863647
-14.72612 -3.6839447 -1.895813
-15.152206 -3.5244598 -2.255249
-15.459274 -3.3744965 -2.633728
-15.68779 -3.2840424 -2.8408203
-15.740158 -3.2507172 -2.8622437
-15.573532 -3.2150116 -2.7646484
-15.352158 -3.1888275 -2.5551758
-15.04747 -3.0793304 -2.4956665
-14.7285 -2.8698578 -2.5718384
-14.507126 -2.7889252 -2.743225
-14.252426 -2.5461273 -2.826538
-13.935837 -2.3723602 -2.7884521
-13.481186 -2.267624 -2.5718384
-12.988449 -2.1938324 -2.459961
-12.531418 -2.1985931 -2.319519
-12.117233 -2.2081146 -2.2457275
-11.607834 -2.3080902 -2.229065
-11.148422 -2.358078 -2.1671753
-10.612839 -2.403305 -2.1148071
-10.070114 -2.4461517 -1.8910522
-9.59166 -2.4723358 -1.6101685
-9.234604 -2.5294647 -1.2935791
-8.968002 -2.6032562 -0.96984863
-8.7894745 -2.729416 -0.7151489
-8.725204 -2.8317719 -0.74609375
-8.727585 -2.8151093 -0.8841553
-8.801376 -2.8032074 -1.0317383
-8.815659 -2.7413177 -1.0793457
-8.7704315 -2.6389618 -1.1626587
-8.734726 -2.5580292 -1.0031738
-8.734726 -2.49852 -0.7770386
-8.7061615 -2.4271088 -0.71990967
-8.556198 -2.4556732 -0.68182373
-8.587143 -2.377121 -0.7817993
-8.449081 -2.3890228 -0.73657227
-8.270554 -2.2819061 -0.72943115
-8.11821 -2.3057098 -0.54852295
-7.9254 -2.3247528 -0.36523438
-7.7516327 -2.3937836 0.013244629
-7.5778656 -2.5009003 0.5036011
-7.446945 -2.5937347 0.7416382
-7.323166 -2.7056122 0.57977295
-7.137497 -2.7698822 0.3274536
-7.001816 -2.6294403 0.1227417
-6.9565887 -2.165268 0.31793213
-6.823288 -1.6320648 0.58691406
-6.523361 -1.1060028 0.86065674
-6.271042 -0.7584686 1.2653198
-6.078232 -0.6799164 1.5700073
-6.0330048 -0.59898376 1.7175903
-6.316269 -0.53471375 1.7699585
-6.9803925 -0.71562195 1.5795288
-7.830185 -1.2464447 1.2724609
-8.832321 -1.8248749 0.75354004
-9.686874 -2.319992 0.022766113
-10.341476 -2.8055878 -0.91033936
-10.903244 -3.1364594 -1.6744385
-11.567368 -3.3030853 -2.0743408
-12.283859 -3.319748 -2.4052124
-13.000351 -3.3554535 -2.543274
-13.588303 -3.531601 -2.588501
-14.007248 -3.9434052 -2.4194946
-14.116745 -4.5218353 -2.1433716
-14.128647 -5.1264496 -1.8529663
-14.157211 -5.5477753 -1.4554443
-14.235764 -5.731064 -0.9246216
-14.345261 -5.8310394 -0.30334473
-14.2548065 -6.1071625 0.05847168
-14.004868 -6.192856 -0.12243652
-13.919174 -5.942917 -0.8341675
-14.100082 -5.4716034 -1.3388062
-14.266708 -5.0502777 -1.581604
-14.135788 -4.928879 -1.600647
-14.000107 -4.9598236 -1.4364014
-13.76207 -5.116928 -1.286438
-13.514511 -5.2621307 -1.1483765
-13.357407 -5.2811737 -1.0936279
-13.133652 -5.3240204 -1.0436401
-12.850388 -5.3882904 -0.9579468
-12.598068 -5.4716034 -1.0222168
-12.421921 -5.476364 -1.0674438
-12.264816 -5.5430145 -1.0341187
-12.340988 -5.590622 -0.824646
-12.395737 -5.6572723 -0.59851074
-12.35051 -5.700119 -0.5342407
-12.41478 -5.726303 -0.4628296
-12.41478 -5.8453217 -0.35333252
-12.360031 -6.052414 -0.25811768
-12.198166 -6.1857147 -0.00579834
-12.055344 -6.257126 0.62023926
-11.729233 -6.0547943 1.1343994
-11.45311 -5.76915 1.4890747
-11.276962 -5.4454193 1.8151855
-11.13176 -5.124069 1.8770752
-11.117477 -4.864609 1.9556274
-11.086533 -4.8170013 2.131775
-11.2079315 -4.905075 2.1817627
-11.536423 -5.264511 2.1460571
-12.150558 -5.745346 2.0413208
-12.905136 -6.2809296 1.9437256
-13.50975 -6.759384 2.0270386
-13.752548 -7.1664276 2.0508423
-13.859665 -7.4044647 2.138916
-13.785873 -7.271164 1.9937134
-13.709702 -6.86174 1.5366821
-13.56926 -6.0738373 0.8987427
-13.493088 -5.059799 0.18939209
-13.426437 -4.2076263 -0.25335693
-13.390732 -3.5934906 -0.42712402
-13.452621 -3.2269135 -0.4794922
-13.488327 -3.0460052 -0.3295288
-13.333603 -3.0031586 -0.30334473
-13.1193695 -3.1174164 -0.42712402
-13.026535 -3.1674042 -0.61279297
-13.25267 -3.1578827 -0.98651123
-13.690659 -3.1055145 -1.3530884
-14.097702 -3.0269623 -1.7244263
-14.385727 -2.9793549 -1.9910278
-14.645187 -3.0222015 -2.2385864
-14.72612 -3.031723 -2.3790283
-14.866562 -3.0745697 -2.4980469
-14.873703 -2.9983978 -2.5289917
-14.868942 -2.9722137 -2.4004517
-14.7285 -2.9365082 -2.2600098
-14.433334 -2.8341522 -2.0719604
-14.104843 -2.7008514 -1.8482056
-13.723984 -2.62706 -1.9291382
-13.37645 -2.4937592 -2.1766968
-13.05986 -2.4532928 -2.3433228
-12.602829 -2.6032562 -2.3171387
-12.145798 -2.550888 -2.2385864
-11.736374 -2.5151825 -1.9719849
-11.32933 -2.4366302 -1.7458496
-10.929428 -2.3176117 -1.4292603
-10.479538 -2.1700287 -1.0722046
-10.132004 -2.0795746 -0.8151245
-9.855881 -2.024826 -0.5866089
-9.651169 -2.0200653 -0.47711182
-9.570236 -2.070053 -0.5509033
-9.551193 -2.127182 -0.55566406
-9.641647 -2.1033783 -0.68896484
-9.698776 -2.0676727 -0.8008423
-9.653549 -2.0034027 -0.8984375
-9.525009 -2.005783 -0.9246216
-9.332199 -2.005783 -0.89367676
-9.234604 -2.0105438 -0.6842041
-9.113205 -2.0843353 -0.6342163
-8.906113 -2.0272064 -0.4699707
-8.775192 -2.043869 -0.34143066
-8.649033 -2.0510101 -0.1652832
-8.480026 -2.070053 0.008483887
-8.413376 -2.1367035 0.12988281
-8.408615 -2.2223969 0.34887695
-8.425278 -2.255722 0.33935547
-8.358627 -2.2866669 0.2298584
-8.253891 -2.1890717 0.1560669
-8.092026 -2.0224457 -0.0010375977
-7.973007 -1.7986908 -0.020080566
-7.6349945 -1.5297089 0.046569824
Time Stop = 7045
