Time Start = 7165
-8.751389 -4.1052704 2.4935913
-8.775192 -4.050522 2.8649292
-9.006088 -4.03862 2.9101563
-9.246506 -4.1124115 2.7911377
-9.377426 -4.2933197 2.8173218
-9.3798065 -4.3742523 3.005371
-9.265549 -4.2861786 3.2600708
-9.215561 -4.23143 3.5838013
-9.308395 -4.243332 4.102722
-9.458359 -4.35997 4.7263794
-9.708298 -4.431381 5.250061
-9.886826 -4.564682 5.7594604
-9.922531 -4.74321 6.059387
-10.032028 -5.0359955 6.237915
-10.281967 -5.847702 6.544983
-10.443832 -6.8903046 6.6378174
-10.417648 -7.790085 6.5949707
-10.112961 -8.72081 7.006775
-9.455978 -9.115952 7.7351685
-8.537155 -8.880295 8.273132
-7.849228 -8.392319 8.637329
-7.4088593 -7.9805145 8.906311
-7.1041718 -7.9662323 9.0896
-6.682846 -8.228073 8.906311
-6.4019623 -8.920761 8.742065
-6.356735 -9.653915 8.335022
-6.1663055 -10.13237 8.061279
-5.7283173 -10.215683 7.801819
-5.2355804 -9.853867 7.520935
-4.78331 -9.344467 7.0948486
-4.628586 -8.639877 6.692566
-4.2286835 -8.27092 6.373596
-4.01445 -8.175705 6.4902344
-4.052536 -7.963852 6.416443
-4.01445 -7.9019623 6.192688
-4.097763 -7.9495697 6.166504
-4.0763397 -8.009079 5.776123
-4.071579 -8.051926 5.488098
-3.9977875 -7.7877045 5.276245
-3.8383026 -7.18309 5.1453247
-3.4741058 -6.1666718 5.314331
-3.2408295 -5.185959 5.704712
-3.2098846 -4.0933685 5.783264
-3.1694183 -3.3578339 5.776123
-3.1884613 -2.967453 5.7666016
-3.3669891 -2.9579315 5.5047607
-3.43602 -3.0650482 5.133423
-3.424118 -3.050766 4.8287354
-3.3455658 -2.9388885 4.79303
-3.2146454 -2.2961884 4.685913
-3.0027924 -1.6915741 5.2143555
-2.9647064 -1.2750092 5.8760986
-2.9766083 -1.0298309 6.123657
-3.4503021 -0.78227234 5.923706
-3.9716034 -1.0869598 6.1712646
-4.352463 -1.1250458 6.128418
-4.5428925 -1.0845795 6.0308228
-4.7214203 -0.48472595 5.897522
-4.9475555 -0.07054138 6.1307983
-5.240341 0.16749573 6.5354614
-5.5807343 0.2103424 6.9091797
-5.944931 -0.07054138 7.111511
-6.213913 -0.3561859 7.4923706
-6.328171 -0.6299286 7.635193
-6.475754 -0.3323822 7.494751
-6.482895 -0.1847992 7.6280518
-6.5257416 0.42933655 7.259094
-6.6138153 0.9911041 6.9091797
-6.542404 1.3981476 7.0615234
-6.432907 1.6052399 6.854431
-6.328171 1.5790558 6.7973022
-6.2186737 1.2220001 6.578308
-5.978256 0.65071106 6.3640747
-5.668808 0.11274719 6.2402954
-5.411728 -0.28715515 6.3378906
-5.176071 -0.29429626 6.544983
-4.9475555 -0.058639526 6.9020386
-4.6523895 0.01991272 7.213867
-4.4095917 0.23652649 7.259094
-4.442917 0.97206116 6.9663086
-4.450058 1.7028351 6.9448853
-4.1977386 2.0432281 7.1210327
-4.4905243 2.1146393 6.8710938
-5.816391 2.4669342 8.277893
-8.556198 4.121292 9.6085205
-9.922531 5.344803 11.472351
-8.284836 1.4124298 14.390686
-3.9977875 -3.7982025 12.517334
-4.514328 -3.7910614 11.384277
-4.8880463 0.57691956 10.672546
-5.071335 1.7885284 11.569946
-4.609543 2.535965 11.315247
-4.0049286 2.0670319 11.112915
-3.7549896 0.65071106 9.3966675
-4.1406097 0.098464966 8.013672
-4.52623 0.41505432 8.246948
-4.2048798 0.7792511 9.008667
-3.783554 0.54359436 8.639709
-4.226303 -0.73228455 9.356201
-3.3455658 -0.053878784 8.630188
-3.2551117 0.40553284 9.215759
-3.1717987 0.95539856 9.577576
-3.1146698 1.464798 9.872742
-3.193222 1.7099762 9.784668
-3.5812225 1.214859 9.789429
-3.6764374 0.7649689 9.822754
-3.635971 0.99586487 9.789429
-3.7216644 1.279129 9.920349
-3.8692474 1.3338776 9.939392
-3.750229 1.2243805 9.817993
-3.7716522 1.4409943 9.787048
-3.6050262 1.5219269 9.7323
-3.571701 1.362442 9.829895
-3.6716766 1.3195953 9.653748
-3.6335907 1.2029572 9.456177
-3.8525848 1.2100983 9.422852
-3.8335419 1.4576569 9.253845
-3.9335175 1.4195709 9.408569
-3.912094 1.362442 9.272888
-3.9977875 1.1624908 9.3133545
-4.0572968 1.260086 9.070557
-4.162033 1.2886505 9.041992
-4.147751 1.260086 8.89679
-4.276291 1.362442 8.815857
-4.316757 1.3719635 8.677795
-4.3691254 1.5076447 8.565918
-4.404831 1.4409943 8.5802
-4.5167084 1.3505402 8.765869
-4.6000214 1.510025 8.789673
-4.6190643 1.5052643 8.751587
-4.5381317 1.2886505 8.64447
-4.5547943 1.1529694 8.263611
-4.699997 1.1910553 8.358826
-4.545273 1.6599884 8.018433
-4.5905 1.9099274 7.918457
-4.711899 1.8456573 8.018433
-4.6333466 1.631424 8.085083
-4.7666473 1.3053131 8.156494
-4.961838 1.2696075 7.8375244
-4.964218 1.3053131 7.8589478
-4.8951874 1.4766998 8.020813
-5.0451508 1.6338043 7.866089
-5.073715 1.445755 8.166016
-5.1070404 1.3362579 8.404053
-5.1713104 1.3981476 8.525452
-5.1903534 1.426712 8.38739
-5.195114 1.4124298 8.392151
-5.0618134 1.279129 8.5802
-5.073715 1.252945 8.730164
-5.123703 1.3481598 8.568298
-5.176071 1.3124542 8.468323
-5.1284637 1.3338776 8.420715
-5.1665497 1.4314728 8.468323
-5.1213226 1.5766754 8.554016
-5.259384 1.529068 8.57782
-5.495041 1.3338776 8.549255
-5.611679 1.1839142 8.561157
-5.6402435 1.1267853 8.377869
-5.7687836 1.0934601 8.420715
-5.868759 1.3005524 8.589722
-5.7306976 1.3005524 8.77063
-5.687851 1.3410187 8.870605
-5.687851 1.3886261 9.187195
-5.642624 1.3862457 9.358582
-5.5236053 1.4362335 9.09436
-5.452194 1.3457794 8.589722
-5.528366 1.343399 8.1588745
-5.74498 1.3124542 8.235046
-5.6664276 1.214859 7.7803955
-5.7568817 0.117507935 7.904175
-5.304611 -0.613266 7.385254
-5.4736176 -0.97032166 7.475708
-5.342697 -0.97032166 8.218384
-4.7285614 -0.97032166 8.758728
-4.3715057 -0.77989197 8.465942
-4.711899 -0.6061249 8.377869
-4.859482 -0.60136414 8.023193
-5.0951385 -0.32286072 7.4923706
-5.199875 0.12702942 6.7544556
-5.3712616 0.26271057 7.2495728
-5.642624 0.46980286 7.597107
-5.8830414 0.6150055 7.911316
-5.9734955 0.4412384 8.046997
-6.099655 0.26985168 8.008911
-6.2639008 0.21272278 7.9541626
-6.25914 0.21272278 7.987488
-6.228195 0.024673462 8.106506
-6.2996063 -0.22764587 8.106506
-6.406723 -0.44425964 8.154114
-6.092514 -0.5037689 8.299316
-5.766403 -0.39427185 8.423096
-5.604538 -0.22764587 8.439758
-5.5831146 -0.08482361 8.25647
-5.9615936 -0.2419281 7.816101
-5.1451263 -1.0417328 8.423096
-4.995163 0.34840393 8.032715
-5.687851 0.65071106 8.327881
-5.6592865 0.13417053 7.9779663
-5.706894 -0.5037689 8.235046
-5.55217 -0.7775116 8.465942
-5.6664276 -0.5156708 8.342163
-5.7092743 -0.11576843 8.380249
-5.861618 -0.08482361 8.346924
-6.0877533 -0.22764587 8.046997
-6.137741 -0.25144958 7.5947266
-6.009201 -0.17527771 7.5637817
-5.802109 -0.21336365 7.461426
-5.7759247 -0.24668884 7.2400513
-5.611679 -0.2823944 7.1853027
-5.7092743 -0.11338806 7.3757324
-5.847336 -0.034835815 7.5685425
-5.8449554 -0.25144958 7.904175
-5.963974 -0.67515564 8.073181
-6.0115814 -0.93699646 8.056519
-5.9996796 -0.88700867 8.070801
-5.6592865 -0.9012909 8.13269
-5.718796 -0.7751312 8.1588745
-5.74498 -0.77275085 8.204102
-5.502182 -0.677536 8.468323
-5.3569794 -0.5156708 8.494507
-5.271286 -0.42045593 8.530212
-5.214157 -0.4228363 8.546875
-5.2046356 -0.37046814 8.492126
-5.187973 -0.22288513 8.463562
-5.2546234 -0.1348114 8.377869
-5.347458 -0.23240662 8.154114
-5.4474335 -0.42045593 8.025574
-5.335556 -0.53471375 8.2421875
-5.1784515 -0.50852966 8.432617
-5.111801 -0.4799652 8.532593
-5.0380096 -0.32762146 8.439758
-5.0499115 -0.36094666 8.315979
-5.0808563 -0.6061249 8.313599
-5.1855927 -0.7441864 8.430237
-4.9785004 -0.7584686 8.456421
-5.2808075 -0.94651794 8.882507
-4.797592 -0.3728485 9.465698
-4.2881927 0.6292877 9.03009
-4.676193 0.78401184 9.072937
-4.990402 0.89112854 9.170532
-4.8261566 0.8792267 9.263367
-4.8880463 0.63404846 8.863464
-4.968979 -0.077682495 8.582581
-4.949936 -0.5442352 8.749207
-4.840439 -0.56803894 8.9158325
-4.7618866 -0.6513519 9.111023
-4.7023773 -0.6204071 9.172913
-4.545273 -0.45378113 9.225281
-4.545273 -0.14671326 9.368103
-4.4905243 0.04133606 9.353821
-4.4357758 0.12702942 9.277649
-4.5762177 0.20558167 8.868225
-4.411972 -0.10386658 8.668274
-4.5119476 -0.008651733 8.475464
-4.5571747 0.04133606 8.380249
-4.4929047 -0.049118042 8.454041
-4.4476776 0.14369202 8.413574
-4.545273 0.32936096 8.511169
-4.623825 0.40553284 8.639709
-4.5547943 0.3269806 8.425476
-4.571457 -0.039596558 8.699219
-4.611923 -0.13957214 8.863464
-4.6642914 -0.21574402 8.751587
-4.930893 -0.35856628 8.615906
-4.885666 -0.3323822 8.604004
-4.84758 -0.3895111 8.561157
-4.802353 -0.26811218 8.584961
-4.650009 -0.08958435 8.742065
-4.4857635 0.19367981 8.942017
-4.3572235 0.47932434 9.09436
-4.469101 0.5626373 9.227661
-4.514328 0.6388092 9.020569
-4.65477 0.61738586 8.932495
-4.6904755 0.42933655 8.90155
-4.635727 0.12702942 8.8349
-4.5809784 -0.1847992 8.489746
-4.540512 -0.5037689 8.534973
-4.3381805 -0.63468933 8.730164
-4.1786957 -0.56803894 8.90155
-4.0477753 -0.17527771 8.942017
-4.0168304 0.32460022 9.332397
-4.002548 0.6983185 9.803711
-3.9477997 0.8863678 10.215515
-4.0358734 0.88874817 10.382141
-4.0549164 0.6078644 10.194092
-4.2477264 0.11512756 9.610901
-4.4024506 -0.25144958 8.970581
-4.597641 -0.6465912 8.461182
-4.828537 -0.8513031 8.142212
-4.9713593 -1.0679169 8.06366
-4.9475555 -1.2654877 8.116028
-4.9808807 -1.2821503 8.039856
-4.983261 -1.1155243 8.101746
-4.930893 -0.87034607 8.327881
-4.9665985 -0.6799164 8.492126
-4.9785004 -0.4799652 8.406433
-5.033249 -0.35856628 8.475464
-5.0356293 -0.28715515 8.308838
-5.0237274 -0.15385437 8.056519
-4.9927826 -0.025314331 7.7875366
-4.9737396 -0.0015106201 7.737549
-5.028488 -0.09434509 7.4209595
-5.028488 -0.2823944 7.340027
-5.026108 -0.6799164 7.5947266
-4.9594574 -0.8084564 7.673279
-4.8309174 -0.760849 8.049377
-4.6190643 -0.58470154 8.506409
-4.540512 -0.43711853 8.756348
-4.635727 -0.21336365 9.053894
-4.9404144 -0.17289734 9.087219
-5.0879974 -0.77989197 8.908691
-5.0356293 -1.2797699 9.015808
-4.7928314 -1.4463959 9.21814
-4.476242 -1.1964569 9.432373
-4.4214935 -0.7917938 9.499023
-4.578598 -0.55851746 9.529968
-4.695236 -0.50852966 9.429993
-4.6571503 -0.64897156 9.118164
-4.533371 -0.79655457 8.930115
-4.4357758 -0.87986755 8.744446
-4.40007 -0.9584198 8.794434
-4.366745 -1.0393524 8.884888
-4.423874 -1.0393524 8.9158325
-4.521469 -1.0488739 9.013428
-4.609543 -1.0583954 8.930115
-4.571457 -1.158371 8.730164
-4.521469 -1.2988129 8.637329
-4.533371 -1.3607025 8.549255
-4.559555 -1.305954 8.568298
-4.559555 -1.139328 8.592102
-4.6000214 -0.9012909 8.530212
-4.604782 -0.7299042 8.632568
-4.578598 -0.6108856 8.508789
-4.547653 -0.59898376 8.611145
-4.5952606 -0.56803894 8.653992
-4.564316 -0.5727997 8.663513
-4.566696 -0.63468933 8.77301
-4.52861 -0.78227234 8.827759
-4.450058 -1.0393524 8.977722
-4.502426 -1.2535858 9.018188
-4.5119476 -1.4392548 9.087219
-4.481003 -1.582077 9.051514
-4.4595795 -1.7010956 9.046753
-4.4262543 -1.767746 9.018188
-4.3119965 -1.7415619 8.994385
-4.2620087 -1.6154022 8.953918
-4.2667694 -1.5201874 9.201477
-4.385788 -1.5059052 9.403809
-4.5095673 -1.286911 9.375244
-4.52861 -1.1107635 9.327637
-4.4262543 -0.9441376 9.144348
-4.3500824 -0.8346405 8.932495
-4.3119965 -0.64183044 8.7682495
-4.3262787 -0.59898376 8.584961
-4.4548187 -0.64897156 8.442139
-4.4667206 -0.7465668 8.3064575
-4.5381317 -0.8108368 8.1588745
-4.5048065 -1.0131683 8.118408
-4.533371 -1.1916962 8.125549
-4.6381073 -1.324997 8.06842
-4.564316 -1.3535614 7.970825
-4.5690765 -1.3630829 8.101746
-4.5690765 -1.4773407 8.227905
-4.5952606 -1.6487274 8.487366
-4.7476044 -1.8582001 8.730164
-4.8047333 -2.1105194 8.853943
-4.7880707 -2.2771454 9.09198
-4.609543 -2.2723846 9.306213
-4.488144 -2.248581 9.510925
-4.4405365 -1.9867401 9.613281
-4.385788 -1.6558685 9.713257
-4.328659 -1.3797455 9.601379
-4.314377 -1.1869354 9.380005
-4.3381805 -1.120285 9.087219
-4.347702 -1.0679169 8.796814
-4.495285 -1.139328 8.6206665
-4.5167084 -1.1321869 8.501648
-4.52623 -1.1678925 8.404053
-4.5428925 -1.184555 8.446899
-4.5690765 -1.2702484 8.487366
-4.533371 -1.2631073 8.494507
-4.5500336 -1.2892914 8.570679
-4.5690765 -1.3583221 8.701599
-4.533371 -1.4630585 8.627808
-4.6071625 -1.5701752 8.637329
-4.6024017 -1.6891937 8.694458
-4.597641 -1.8224945 8.673035
-4.630966 -1.8296356 8.734924
-4.6571503 -1.8105927 8.811096
-4.650009 -1.832016 9.001526
-4.578598 -1.6772919 9.065796
-4.604782 -1.582077 9.187195
-4.5690765 -1.4368744 9.258606
-4.545273 -1.2702484 9.111023
-4.4524384 -1.2726288 9.011047
-4.3238983 -1.3011932 8.96344
-4.2810516 -1.177414 8.875366
-4.3310394 -1.0155487 8.877747
-4.416733 -1.010788 9.018188
-4.502426 -1.0488739 9.101501
-4.481003 -1.222641 8.982483
-4.4476776 -1.4083099 8.844421
-4.4905243 -1.563034 8.765869
-4.481003 -1.6939545 8.673035
-4.5500336 -1.6701508 8.487366
-4.6143036 -1.684433 8.411194
-4.642868 -1.6915741 8.365967
-4.730942 -1.6796722 8.213623
-4.7404633 -1.6630096 8.251709
-4.7428436 -1.72966 8.182678
-4.7856903 -1.8105927 8.120789
-4.802353 -1.915329 8.332642
-4.7499847 -1.8724823 8.646851
-4.7476044 -1.7986908 8.856323
-4.661911 -1.7534637 9.063416
-4.6214447 -1.72966 9.118164
-4.647629 -1.7225189 9.046753
-4.6571503 -1.7772675 8.892029
-4.628586 -1.7772675 8.720642
-4.585739 -1.7368011 8.651611
-4.5619354 -1.6249237 8.589722
-4.559555 -1.4701996 8.489746
-4.521469 -1.4225922 8.665894
-4.5167084 -1.4559174 8.475464
-4.6071625 -1.4892426 8.542114
-4.609543 -1.53685 8.606384
-4.6785736 -1.7106171 8.630188
-4.6833344 -1.7153778 8.5802
-4.647629 -1.8082123 8.492126
-4.6595306 -1.8248749 8.484985
-4.6262054 -1.6320648 8.501648
-4.5809784 -1.5392303 8.575439
-4.5547943 -1.517807 8.568298
-4.6333466 -1.4297333 8.523071
-4.6714325 -1.5082855 8.51593
-4.585739 -1.6582489 8.727783
-4.5905 -1.7534637 8.996765
-4.597641 -1.6273041 9.246704
-4.5428925 -1.7272797 9.513306
-4.6143036 -1.9200897 9.644226
-4.699997 -1.9962616 9.391907
-4.759506 -2.2985687 9.172913
-4.7690277 -2.4818573 8.7039795
-4.8380585 -2.524704 8.356445
-4.816635 -2.5389862 8.216003
-4.8380585 -2.4271088 8.151733
-4.8332977 -2.1224213 8.180298
-4.7404633 -1.8724823 8.239807
-4.6857147 -1.6273041 8.3064575
-4.7047577 -1.5035248 8.296936
-4.6595306 -1.4892426 8.377869
-4.7618866 -1.6344452 8.463562
-4.790451 -1.8105927 8.456421
-4.776169 -1.9557953 8.570679
-4.7666473 -2.0724335 8.727783
-4.809494 -2.172409 8.730164
-4.8142548 -2.2771454 8.763489
-4.821396 -2.3223724 8.734924
-4.776169 -2.267624 8.651611
-4.7428436 -2.165268 8.687317
-4.7476044 -1.9629364 8.653992
-4.6904755 -1.8462982 8.651611
-4.673813 -1.7725067 8.594482
-4.7095184 -1.79393 8.634949
-4.676193 -1.8153534 8.546875
-4.6523895 -1.7320404 8.501648
-4.6333466 -1.6511078 8.701599
-4.571457 -1.53685 8.625427
-4.5928802 -1.4940033 8.687317
-4.6381073 -1.453537 8.715881
-4.5690765 -1.4940033 8.751587
-4.6214447 -1.7272797 8.684937
-4.7476044 -1.9272308 8.77301
-4.7737885 -2.0986176 8.751587
-4.873764 -2.203354 8.780151
-4.8332977 -2.331894 8.8515625
-4.71904 -2.3080902 8.846802
-4.752365 -2.3342743 8.753967
-4.738083 -2.339035 8.601624
-4.78331 -2.3556976 8.6206665
-4.776169 -2.2604828 8.4730835
-4.647629 -2.1224213 8.454041
-4.676193 -2.0914764 8.380249
-4.6714325 -1.9891205 8.437378
-4.676193 -1.9724579 8.44928
-4.6785736 -1.9510345 8.525452
-4.7476044 -1.9724579 8.487366
-4.6523895 -2.0224457 8.523071
-4.6666718 -2.024826 8.508789
-4.6571503 -2.0486298 8.570679
-4.661911 -2.0034027 8.570679
-4.7023773 -2.0081635 8.625427
-4.7095184 -2.0605316 8.742065
-4.7214203 -2.0343475 8.632568
-4.7214203 -2.0462494 8.761108
-4.7476044 -2.1105194 8.637329
-4.745224 -2.1128998 8.663513
-4.752365 -2.0652924 8.661133
-4.730942 -2.0272064 8.687317
-4.7023773 -1.9772186 8.618286
Time Stop = 7170
