Time Start = 7363
-8.834702 -4.4956512 1.2557983
-8.906113 -4.390915 1.3557739
-8.987045 -4.379013 1.3081665
-9.094162 -4.4266205 1.1748657
-9.063217 -4.538498 1.1463013
-9.072739 -4.659897 1.2200928
-9.048935 -4.7908173 1.0249023
-9.003708 -5.0050507 1.0106201
-9.013229 -5.059799 1.1201172
-9.065598 -4.9455414 1.0986938
-9.108444 -4.7908173 1.0844116
-9.072739 -4.5480194 1.1677246
-9.077499 -4.314743 1.2248535
-9.027512 -4.3099823 1.2510376
-8.968002 -4.390915 1.2486572
-8.965622 -4.345688 1.3843384
-9.039413 -4.409958 1.3914795
-9.070358 -4.348068 1.4676514
-9.058456 -4.333786 1.4628906
-9.096542 -4.288559 1.4962158
-9.089401 -4.35997 1.6485596
-9.063217 -4.321884 1.8151855
-9.156052 -4.3361664 2.017517
-9.089401 -4.3052216 2.2531738
-9.120346 -4.348068 2.3817139
-9.08226 -4.3290253 2.3198242
-9.170334 -4.2718964 2.1865234
-9.308395 -4.300461 2.081787
-9.40361 -4.443283 2.0865479
-9.539291 -4.686081 2.112732
-9.52739 -5.0288544 2.4412231
-9.563095 -5.3811493 2.7387695
-9.510727 -5.526352 2.7839966
-9.484543 -5.6406097 2.9363403
-9.584518 -5.764389 3.3243408
-9.503586 -5.9143524 3.4171753
-9.458359 -5.8429413 3.2529297
-9.439316 -5.70726 3.164856
-9.505966 -5.590622 3.2695923
-9.565475 -5.371628 3.3529053
-9.708298 -5.188339 3.5385742
-9.889206 -5.033615 3.614746
-10.086777 -5.0359955 3.781372
-10.17485 -5.290695 3.800415
-10.296249 -5.64299 3.8884888
-10.286728 -5.96196 3.6861572
-10.212936 -6.161911 3.729004
-10.1082 -6.161911 3.8146973
-10.058212 -6.0762177 3.909912
-10.098679 -6.066696 4.0717773
-10.136765 -6.233322 4.083679
-10.17485 -6.4166107 3.838501
-10.148666 -6.526108 3.6861572
-10.015366 -6.6475067 3.8051758
-9.8535 -6.6332245 3.8813477
-9.782089 -6.6903534 3.9908447
-9.817795 -6.8784027 4.0551147
-9.805893 -6.9283905 4.0146484
-9.767807 -6.8784027 4.2788696
-9.708298 -6.7236786 4.3050537
-9.698776 -6.6451263 4.607361
-9.744003 -6.507065 4.814453
-9.763046 -6.4213715 4.9263306
-9.7202 -6.488022 4.8953857
-9.6297455 -6.649887 4.8549194
-9.605942 -6.9926605 4.902527
-9.603561 -7.24498 5.0358276
-9.65593 -7.4473114 5.2643433
-9.696396 -7.7043915 5.7713623
-9.767807 -7.6782074 6.0046387
-9.822556 -7.561569 6.1974487
-9.808273 -7.259262 6.0284424
-9.605942 -6.8593597 5.8356323
-9.344101 -6.4404144 5.8689575
-9.056076 -5.916733 6.0046387
-8.751389 -5.307358 6.121277
-8.415756 -4.8170013 6.27124
-8.187241 -4.110031 6.161743
-7.7825775 -3.4958954 6.20459
-7.34935 -3.1055145 6.514038
-6.944687 -2.6818085 6.4331055
-6.573349 -2.1486053 6.366455
-6.1520233 -1.832016 6.5687866
-5.8116302 -1.7510834 6.6068726
-5.5497894 -1.47258 6.3950195
-5.1522675 -1.3321381 6.3378906
-4.885666 -1.2583466 6.321228
-4.6571503 -1.0084076 6.223633
-4.3262787 -0.7180023 6.306946
-3.9858856 -0.51805115 6.4140625
-3.8716278 -0.37522888 6.6187744
-3.7549896 -0.037216187 6.6449585
-3.5240936 0.06752014 6.711609
-3.3836517 0.21986389 6.711609
-3.1884613 0.41505432 6.5616455
-2.9480438 0.6864166 6.3616943
-2.7742767 1.0434723 6.340271
-2.5933685 1.483841 6.430725
-2.4124603 1.8170929 6.537842
-2.1720428 2.0670319 6.65448
-2.0101776 2.1789093 6.8377686
-1.845932 2.195572 7.059143
-1.7150116 2.31221 7.0091553
-1.6697845 2.2312775 7.044861
-1.6483612 2.2360382 7.085327
-1.5674286 2.3407745 7.071045
-1.4436493 2.4383698 6.9591675
-1.505539 2.7430573 6.854431
-1.3722382 3.119156 6.8115845
-1.2984467 3.3405304 6.8710938
-1.2008514 3.6547394 6.880615
-1.0842133 3.838028 6.9210815
-0.9580536 3.8689728 7.044861
-0.9747162 3.9070587 6.97583
-0.9342499 3.9570465 6.980591
-0.8271332 3.8808746 6.8829956
-0.7842865 3.8047028 6.8687134
-0.8890228 3.7261505 6.692566
-0.85331726 3.8023224 6.499756
-0.7033539 4.0903473 6.302185
-0.6628876 4.3045807 6.359314
-0.55815125 4.466446 6.3569336
-0.55815125 4.625931 6.3188477
-0.44151306 4.6425934 6.4331055
-0.35343933 4.673538 6.7235107
-0.38676453 4.568802 6.956787
-0.40342712 4.583084 7.0615234
-0.46055603 4.6497345 7.0234375
-0.479599 4.6616364 7.1829224
-0.43437195 4.773514 7.147217
-0.3153534 4.9568024 7.2019653
-0.2320404 5.011551 7.36145
-0.25584412 5.178177 7.342407
-0.17253113 5.3876495 7.4400024
-0.122543335 5.480484 7.513794
-0.060653687 5.5423737 7.7161255
-0.13206482 5.5471344 7.854187
-0.1915741 5.5019073 7.74469
-0.26298523 5.404312 7.6708984
-0.30107117 5.351944 7.668518
-0.30345154 5.401932 7.6375732
-0.2820282 5.4114532 7.770874
-0.35105896 5.4138336 7.7351685
-0.39866638 5.428116 7.7661133
-0.40818787 5.401932 7.880371
-0.45103455 5.4185944 7.8327637
-0.50816345 5.3757477 8.0112915
-0.5391083 5.26149 8.020813
-0.5962372 5.3114777 7.963684
-0.5724335 5.2781525 7.9160767
-0.46531677 5.211502 8.044617
-0.47483826 5.1377106 8.208862
-0.53434753 4.9901276 8.301697
-0.62242126 4.923477 8.337402
-0.646225 4.909195 8.268372
-0.6367035 4.821121 8.220764
-0.5605316 4.890152 8.06366
-0.42008972 4.902054 7.989868
-0.30107117 4.94252 7.956543
-0.2320404 5.0591583 7.854187
-0.1582489 5.063919 7.7304077
-0.16777039 5.109146 7.778015
-0.17253113 5.13295 7.7161255
-0.12968445 5.0329742 7.7613525
-0.1582489 5.0210724 7.847046
-0.11778259 5.025833 7.763733
-0.04875183 5.0401154 7.7661133
-0.008285522 5.0353546 7.7994385
0.003616333 5.166275 7.7113647
0.051223755 5.287674 7.7280273
0.008377075 5.385269 7.6708984
-0.051132202 5.511429 7.7423096
-0.11064148 5.5280914 7.820862
-0.19633484 5.5423737 7.970825
-0.22251892 5.4447784 8.113647
-0.2986908 5.235306 8.154114
-0.3724823 5.128189 8.101746
-0.3796234 5.140091 8.00415
-0.3058319 5.1258087 7.989868
-0.16062927 5.2329254 7.9470215
-0.098739624 5.287674 7.9541626
-0.11778259 5.3757477 7.8446655
-0.09635925 5.382889 7.828003
-0.103500366 5.363846 7.763733
-0.120162964 5.3614655 7.675659
-0.0677948 5.2448273 7.7351685
-0.032089233 5.140091 7.789917
-0.010665894 5.0329742 7.751831
-0.039230347 4.9258575 7.797058
-0.02494812 4.923477 7.770874
-0.060653687 4.9520416 7.87323
-0.0035247803 4.94014 7.8946533
0.027420044 4.94014 7.8565674
0.022659302 4.9901276 7.8518066
0.010757446 4.973465 7.839905
-0.032089233 5.018692 7.8494263
-0.04637146 5.06868 7.8756104
-0.027328491 5.090103 7.7922974
-0.036849976 5.0996246 7.8946533
-0.010665894 5.102005 7.8327637
0.025039673 5.0591583 7.8565674
0.06550598 4.9972687 7.868469
0.027420044 5.0662994 7.87323
0.03694153 5.087723 7.885132
0.046463013 5.109146 7.923218
0.046463013 5.1067657 7.9660645
-0.0011444092 5.0805817 7.9375
0.003616333 5.06868 7.823242
-0.010665894 5.094864 7.854187
0.025039673 5.140091 7.861328
-0.04399109 5.1567535 7.892273
-0.077316284 5.216263 7.9327393
-0.09635925 5.1448517 7.970825
-0.12968445 5.1757965 7.925598
-0.15110779 5.1258087 7.8256226
-0.13682556 5.1115265 7.835144
-0.11540222 5.075821 7.8375244
-0.11540222 5.1234283 7.8375244
-0.09397888 5.1805573 7.8327637
-0.17253113 5.1829376 7.7494507
-0.12730408 5.204361 7.6780396
-0.1915741 5.235306 7.725647
-0.13682556 5.2067413 7.8756104
-0.16539001 5.147232 7.9470215
-0.18443298 5.102005 7.9351196
-0.19871521 5.0996246 7.8970337
-0.1582489 5.0139313 7.9279785
-0.15348816 4.985367 7.982727
-0.13920593 4.968704 7.8946533
-0.07255554 5.011551 7.9017944
-0.055892944 5.018692 7.9089355
-0.036849976 5.0472565 7.9589233
-0.058273315 5.0282135 7.944641
-0.079696655 5.0234528 7.9136963
-0.058273315 5.0210724 7.9660645
-0.04875183 5.102005 7.9398804
-0.06303406 5.0782013 7.994629
-0.10588074 5.1258087 8.054138
-0.11778259 5.0972443 8.00415
-0.124923706 5.1043854 7.989868
-0.17015076 5.113907 8.0946045
-0.11540222 5.1043854 8.035095
-0.12968445 5.1757965 8.030334
-0.17729187 5.192459 8.025574
-0.124923706 5.2591095 7.987488
-0.053512573 5.2591095 7.9803467
-0.09635925 5.2662506 7.9136963
-0.09397888 5.151993 7.968445
-0.098739624 5.140091 7.9351196
-0.14396667 5.087723 7.906555
-0.13682556 5.0853424 7.835144
-0.13444519 5.113907 7.842285
-0.08683777 5.0924835 7.8898926
-0.010665894 5.044876 7.963684
-0.02494812 5.0472565 7.9660645
0.055984497 5.094864 7.9327393
0.034561157 5.082962 7.9613037
0.0393219 5.037735 7.975586
-0.0059051514 4.9496613 7.911316
-0.0677948 4.890152 7.899414
-0.079696655 4.921097 7.923218
-0.098739624 4.9068146 7.9279785
-0.08921814 4.9496613 7.918457
-0.13206482 5.0139313 7.8827515
-0.13206482 5.087723 7.9589233
-0.122543335 5.1258087 7.9327393
-0.06541443 5.1615143 7.982727
-0.077316284 5.1377106 7.9470215
-0.10588074 5.1043854 7.9327393
-0.06541443 5.1234283 7.9541626
-0.11302185 5.1448517 7.880371
-0.17729187 5.1067657 7.87323
-0.18919373 5.121048 7.789917
-0.14872742 5.13295 7.8303833
-0.14872742 5.0972443 7.8327637
-0.07017517 5.1186676 7.8375244
-0.008285522 5.121048 7.8137207
-0.06303406 5.128189 7.842285
-0.039230347 5.1638947 7.8303833
-0.07493591 5.154373 7.866089
-0.08921814 5.13533 7.820862
-0.103500366 5.0329742 7.8113403
-0.11064148 5.0091705 7.7875366
-0.15586853 5.0472565 7.7351685
-0.1415863 5.0139313 7.7875366
-0.101119995 5.0591583 7.782776
-0.103500366 5.102005 7.739929
-0.077316284 5.0996246 7.782776
-0.0677948 5.1377106 7.7018433
0.022659302 5.1686554 7.713745
-0.060653687 5.102005 7.7232666
-0.051132202 5.0424957 7.6589966
-0.08921814 5.0234528 7.461426
-0.12968445 5.00679 7.397156
-0.11302185 5.0139313 7.2424316
-0.08207703 5.0234528 7.1591187
-0.027328491 5.0353546 7.10437
-0.051132202 4.9782257 6.9591675
-0.036849976 4.985367 6.752075
-0.04875183 4.9496613 6.711609
-0.04399109 4.923477 6.8044434
0.01789856 4.730667 6.9282227
0.022659302 4.306961 7.1329346
-0.04637146 3.8308868 7.282898
-0.24156189 3.4309845 7.1900635
-0.4129486 3.14534 7.1900635
-0.5129242 3.0858307 7.154358
-0.46531677 3.2119904 7.1400757
-0.3653412 3.5857086 7.1138916
-0.27012634 4.0546417 7.2543335
-0.2082367 4.3474274 7.251953
-0.20347595 4.5735626 7.1972046
-0.27964783 4.7592316 6.9472656
-0.34153748 4.7973175 6.8306274
-0.37010193 4.7330475 6.578308
-0.3724823 4.485489 6.276001
-0.40104675 4.0665436 6.0427246
-0.36772156 3.5833282 5.840393
-0.36058044 3.0382233 5.8737183
-0.53196716 2.3836212 5.75708
-0.8152313 1.7671051 5.609497
-1.0842133 1.4314728 5.6642456
-1.2841644 1.233902 5.6904297
-1.550766 1.0339508 5.704712
-1.8102264 0.7625885 5.7904053
-2.0530243 0.5626373 5.852295
-2.2863007 0.28175354 5.828491
-2.5624237 -0.099105835 5.8118286
-2.8694916 -0.6608734 5.8118286
-3.1598969 -1.1940765 5.533325
-3.397934 -1.7415619 5.235779
-3.5407562 -2.4913788 5.261963
-3.8644867 -3.422104 5.4404907
-4.438156 -4.2647552 5.1167603
-5.1855927 -5.0026703 4.5740356
-5.868759 -5.919113 4.326477
-6.520981 -6.9879 4.0336914
-6.9351654 -7.861496 3.3481445
-7.001816 -8.53038 2.9910889
-6.7637787 -9.118332 3.4528809
-6.478134 -9.220688 4.012268
-6.3210297 -8.511337 4.2598267
-6.394821 -7.959091 4.814453
-6.7375946 -7.354477 5.5809326
-7.054184 -6.6855927 6.01178
-7.330307 -6.111923 6.01178
-7.6349945 -5.9667206 5.878479
-8.030136 -6.226181 5.507141
-8.434799 -6.566574 4.697815
-8.749008 -7.168808 3.9741821
-9.198898 -7.7686615 3.3909912
-9.560715 -8.406601 3.036316
-9.943954 -8.91362 2.6530762
-10.103439 -9.294479 2.491211
-10.255783 -9.442062 2.453125
-10.329575 -9.187363 2.5150146
-10.396225 -8.8398285 2.331726
-10.591415 -8.53038 2.248413
-10.803268 -8.239975 2.0913086
-10.900864 -8.090012 1.9294434
-10.93895 -8.049545 1.7009277
-10.993698 -8.0828705 1.510498
-10.986557 -8.07811 1.1796265
-11.093674 -8.092392 0.92492676
-11.169846 -8.2947235 0.7487793
-11.234116 -8.363754 0.29412842
-11.272202 -8.316147 0.05609131
-11.229355 -8.27092 0.051330566
-11.13414 -8.228073 0.10369873
-10.988937 -8.199509 -0.0034179688
-10.934189 -8.085251 -0.084350586
-10.924667 -7.940048 -0.27001953
-10.917526 -7.732956 -0.27001953
-10.934189 -7.509201 -0.23669434
-10.869919 -7.225937 -0.28430176
-10.762802 -7.0307465 -0.34143066
-10.631882 -6.7808075 -0.26763916
-10.489059 -6.5499115 -0.28430176
-10.398605 -6.316635 -0.36761475
-10.343857 -6.111923 -0.5009155
-10.196274 -5.96196 -0.5675659
-10.143906 -5.802475 -0.65802
-10.122482 -5.6382294 -0.6437378
-10.010605 -5.545395 -0.62231445
-9.898727 -5.51445 -0.6842041
-9.710678 -5.412094 -0.71990967
-9.684494 -5.2930756 -0.77227783
-9.6107025 -5.2026215 -0.72943115
-9.584518 -5.090744 -0.84368896
-9.579758 -4.9336395 -0.7675171
-9.510727 -4.821762 -0.8389282
-9.482162 -4.6884613 -0.8389282
-9.520248 -4.5670624 -0.8222656
-9.508347 -4.448044 -0.7817993
-9.458359 -4.371872 -0.82702637
-9.417892 -4.255234 -0.6675415
-9.577377 -4.076706 -0.446167
-9.691635 -3.8815155 -0.33428955
-9.7773285 -3.7791595 -0.3295288
-9.782089 -3.7958221 -0.362854
-9.72496 -3.9053192 -0.446167
-9.713058 -4.2076263 -0.66278076
-9.713058 -4.379013 -0.33190918
-9.6940155 -4.243332 -1.1102905
-9.741623 -4.345688 -0.77227783
-9.960617 -4.1885834 -0.78656006
-9.967758 -4.1124115 -0.6199341
-10.032028 -3.9767303 -0.71990967
-10.036789 -3.8862762 -0.73657227
-9.893967 -3.8410492 -0.888916
-9.893967 -3.6934662 -0.98651123
-9.991562 -3.569687 -1.2816772
-9.867783 -3.5006561 -1.3245239
-9.858261 -3.4649506 -1.2888184
-9.739243 -3.319748 -1.2269287
-9.760666 -3.2530975 -1.2055054
-9.608322 -3.1055145 -1.2078857
-9.515488 -2.9555511 -1.1721802
-9.432175 -2.876999 -0.907959
-9.439316 -2.7198944 -0.972229
-9.344101 -2.6889496 -0.77227783
-9.313156 -2.550888 -0.72943115
-9.253647 -2.550888 -0.71276855
-9.2108 -2.5485077 -0.7270508
-9.198898 -2.6603851 -0.7008667
-9.203659 -2.7556 -0.68896484
-9.277451 -2.7984467 -0.71990967
-9.301254 -2.8555756 -0.7103882
-9.341721 -2.9436493 -0.7437134
-9.444077 -2.974594 -0.7175293
-9.4631195 -3.088852 -0.6746826
-9.482162 -3.160263 -0.7484741
-9.534531 -3.1935883 -0.888916
-9.6107025 -3.2507172 -0.86987305
-9.663071 -3.2507172 -0.87701416
-9.684494 -3.2197723 -0.9008179
-9.653549 -3.1555023 -0.95318604
-9.646408 -3.1031342 -0.92700195
-9.617844 -3.0912323 -0.8651123
-9.605942 -3.088852 -0.8079834
-9.617844 -3.07695 -0.73657227
-9.584518 -3.1221771 -0.6199341
-9.513107 -3.1436005 -0.6413574
-9.522629 -3.1221771 -0.6437378
-9.548813 -3.1269379 -0.6008911
-9.536911 -3.1007538 -0.53186035
-9.558334 -3.0364838 -0.4366455
-9.544052 -3.0388641 -0.41046143
-9.59642 -3.0293427 -0.40808105
-9.636887 -3.0864716 -0.446167
-9.615463 -3.153122 -0.40808105
-9.577377 -3.236435 -0.42712402
-9.565475 -3.3340302 -0.38189697
-9.560715 -3.3816376 -0.4128418
-9.536911 -3.4125824 -0.43902588
-9.5464325 -3.4078217 -0.5366211
-9.555954 -3.4625702 -0.54852295
-9.565475 -3.4578094 -0.61517334
-9.579758 -3.4459076 -0.61517334
-9.589279 -3.4601898 -0.63897705
-9.615463 -3.4625702 -0.54138184
-9.560715 -3.4244843 -0.5675659
-9.603561 -3.4316254 -0.6270752
-9.624985 -3.3816376 -0.5794678
-9.59166 -3.410202 -0.57470703
-9.59166 -3.3887787 -0.6437378
-9.608322 -3.326889 -0.66516113
-9.582138 -3.3483124 -0.72229004
-9.586899 -3.319748 -0.677063
-9.52977 -3.2983246 -0.6246948
-9.536911 -3.2911835 -0.5961304
-9.539291 -3.3054657 -0.5604248
-9.52739 -3.2578583 -0.5913696
-9.46788 -3.2745209 -0.5913696
-9.498825 -3.2911835 -0.5699463
-9.484543 -3.2102509 -0.5699463
-9.534531 -3.217392 -0.5628052
-9.510727 -3.2007294 -0.61279297
-9.498825 -3.1959686 -0.6675415
-9.548813 -3.179306 -0.5628052
-9.52739 -3.153122 -0.6080322
-9.539291 -3.1626434 -0.5699463
-9.579758 -3.1555023 -0.5461426
-9.548813 -3.217392 -0.55566406
-9.563095 -3.2031097 -0.5509033
-9.558334 -3.191208 -0.57470703
-9.624985 -3.160263 -0.50567627
-9.601181 -3.1840668 -0.4937744
-9.613083 -3.1935883 -0.50805664
-9.598801 -3.224533 -0.54138184
-9.627365 -3.20549 -0.5342407
-9.615463 -3.224533 -0.5366211
-9.598801 -3.2530975 -0.5770874
-9.608322 -3.2007294 -0.49853516
-9.605942 -3.2602386 -0.51519775
-9.617844 -3.255478 -0.55566406
-9.577377 -3.2602386 -0.49853516
-9.589279 -3.2745209 -0.52233887
-9.560715 -3.2959442 -0.51519775
-9.570236 -3.307846 -0.5532837
Time Stop = 7368
