Time Start = 7341
-8.884689 -4.928879 1.2391357
-8.491928 -5.2787933 1.3248291
-8.491928 -5.2740326 1.3105469
-8.606186 -5.0669403 1.2462769
-8.591904 -4.974106 0.8225708
-8.682358 -5.0478973 0.5274048
-9.258408 -4.750351 0.08227539
-9.048935 -5.083603 0.4607544
-9.029892 -5.045517 0.3274536
-9.044174 -4.9669647 0.5012207
-9.098923 -4.9669647 0.6011963
-8.43718 -4.886032 0.68688965
-8.18486 -4.6122894 0.94158936
-8.253891 -4.526596 1.2129517
-8.470505 -4.417099 1.1820068
-8.76091 -4.4385223 1.1677246
-8.948959 -4.4766083 1.2081909
-9.01561 -4.5408783 0.9939575
-8.998947 -4.474228 0.9368286
-8.944199 -4.455185 1.0582275
-8.913254 -4.5027924 1.1224976
-8.970383 -4.4837494 0.96539307
-9.0846405 -4.67894 0.9939575
-9.122726 -5.1050262 1.1105957
-9.175095 -5.6310883 1.5247803
-9.091782 -6.064316 1.7485352
-9.063217 -6.3951874 2.0413208
-9.117966 -6.673691 2.2460327
-9.151291 -6.8379364 2.3079224
-9.213181 -6.8450775 2.1936646
-9.313156 -6.9664764 2.4388428
-9.410751 -7.1212006 2.8815918
-9.513107 -6.964096 3.4243164
-9.453598 -7.0759735 2.4102783
-9.91539 -7.592514 2.4293213
-10.015366 -7.816269 2.3817139
-9.998703 -8.137619 2.4959717
-9.927292 -8.380417 2.7792358
-9.791611 -8.411362 3.0410767
-9.770187 -8.332809 3.3600464
-9.829697 -8.07811 3.562378
-9.97966 -7.7758026 3.6766357
-10.062973 -7.5901337 3.774231
-10.077255 -7.3830414 3.8623047
-9.998703 -7.099777 3.9051514
-9.865402 -7.0236053 3.9956055
-9.763046 -7.085495 4.0789185
-9.698776 -7.2997284 3.9813232
-9.703537 -7.456833 3.9884644
-9.6297455 -7.449692 3.9194336
-9.551193 -7.2045135 3.8599243
-9.460739 -7.035507 4.038452
-9.351242 -6.9855194 4.3169556
-9.253647 -6.9664764 4.5716553
-9.177475 -6.8593597 4.6430664
-9.129868 -6.8379364 4.545471
-9.101303 -6.885544 4.466919
-9.032272 -6.868881 4.4764404
-8.991806 -6.821274 4.543091
-8.868027 -6.9593353 4.7454224
-8.806137 -7.1212006 4.807312
-8.732346 -7.2997284 4.8311157
-8.689499 -7.50206 4.876343
-8.57048 -7.6067963 4.838257
-8.510971 -7.4544525 4.9072876
-8.408615 -7.099777 5.038208
-8.263412 -6.8903046 5.2524414
-8.106308 -6.7546234 5.4071655
-7.8706512 -6.676071 5.654724
-7.6921234 -6.502304 6.0546265
-7.580246 -6.1904755 6.3640747
-7.444565 -5.8953094 6.3188477
-7.2565155 -5.757248 5.8618164
-7.0184784 -5.476364 5.7546997
-6.573349 -5.174057 5.9855957
-6.206772 -4.7551117 6.1950684
-5.997299 -4.257614 6.1141357
-5.785446 -3.852951 6.0355835
-5.4402924 -3.4697113 6.1879272
-5.0427704 -3.1388397 6.256958
-4.7095184 -2.6865692 6.290283
-4.46434 -2.377121 6.5997314
-4.1977386 -2.0224457 6.59021
-4.0477753 -1.5201874 6.4521484
-3.9025726 -0.91319275 6.5878296
-3.7050018 -0.36332703 6.7354126
-3.462204 0.12464905 6.916321
-3.2217865 0.4007721 7.128174
-2.955185 0.4007721 7.123413
-2.807602 0.41505432 7.0043945
-2.7219086 0.53645325 6.787781
-2.6052704 0.7316437 6.437866
-2.4005585 1.0363312 6.2998047
-2.1125336 1.3124542 6.468811
-1.7673798 1.6100006 6.5616455
-1.5079193 1.8837433 6.7211304
-1.3579559 2.0265656 6.9472656
-1.4103241 2.145584 7.082947
-1.4293671 2.1741486 7.2400513
-1.5745697 2.2503204 6.9924927
-1.4745941 2.5288239 6.8948975
-1.3484344 2.6811676 6.899658
-1.274643 2.8596954 6.852051
-1.0865936 3.0739288 7.0401
-1.0675507 3.1477203 7.2281494
-1.0270844 3.3405304 7.1067505
-0.9318695 3.5476227 7.2210083
-0.8675995 3.459549 7.397156
-0.9009247 3.5357208 7.3876343
-0.80332947 3.5285797 7.5804443
-0.7676239 3.4738312 7.5804443
-0.710495 3.5999908 7.48761
-0.5057831 3.6666412 7.6708984
-0.47721863 3.8118439 7.7232666
-0.396286 4.0974884 7.6899414
-0.25108337 4.223648 7.8946533
-0.27012634 4.242691 8.051758
-0.2582245 4.42836 8.044617
-0.1749115 4.5783234 8.058899
-0.11302185 4.6306915 8.089844
-0.098739624 4.709244 8.225525
-0.07017517 4.6616364 8.3255005
-0.06303406 4.4902496 8.315979
-0.020187378 4.345047 8.299316
0.025039673 4.1879425 8.180298
0.02027893 4.1617584 8.204102
-0.02494812 4.114151 8.230286
-0.053512573 4.2260284 8.25885
-0.020187378 4.3736115 8.232666
-0.0011444092 4.5402374 8.32312
-0.029708862 4.652115 8.318359
-0.04399109 4.7211456 8.318359
-0.11302185 4.647354 8.282654
-0.10588074 4.5021515 8.287415
-0.08921814 4.318863 8.361206
-0.10588074 3.9998932 8.45166
-0.14634705 3.799942 8.382629
-0.124923706 3.7666168 8.413574
-0.16300964 3.7451935 8.470703
-0.08921814 3.735672 8.608765
-0.13920593 3.826126 8.573059
-0.16300964 3.9261017 8.570679
-0.14872742 4.030838 8.589722
-0.12730408 4.1760406 8.563538
-0.036849976 4.1927032 8.5802
-0.08207703 4.0974884 8.565918
-0.1915741 3.985611 8.461182
-0.21537781 3.8951569 8.363586
-0.17967224 3.8784943 8.432617
-0.08683777 3.864212 8.437378
0.025039673 3.8927765 8.425476
0.1464386 3.9570465 8.554016
0.23213196 4.0022736 8.542114
0.23213196 3.9975128 8.637329
0.13929749 3.9522858 8.627808
0.13453674 3.8594513 8.5802
0.16786194 3.864212 8.592102
0.08216858 3.8237457 8.606384
0.005996704 3.8070831 8.487366
-0.017807007 3.9046783 8.427856
0.025039673 3.9380035 8.44928
0.075027466 4.095108 8.534973
0.075027466 4.128433 8.568298
0.08454895 4.1617584 8.725403
0.11073303 4.1427155 8.737305
0.04408264 4.1998444 8.625427
0.02027893 4.1617584 8.682556
-0.051132202 4.076065 8.587341
-0.0011444092 4.126053 8.57782
0.0012359619 4.049881 8.561157
-0.017807007 4.0784454 8.51355
0.010757446 4.080826 8.639709
-0.0035247803 4.126053 8.718262
0.02027893 4.1379547 8.7682495
0.046463013 4.083206 8.925354
-0.0035247803 4.0213165 8.96344
-0.04637146 3.9356232 8.870605
-0.013046265 3.8808746 8.8515625
0.032180786 3.8546906 8.749207
0.06788635 3.8808746 8.646851
0.07026672 3.947525 8.715881
0.075027466 3.9594269 8.64209
0.053604126 4.0141754 8.64209
0.034561157 4.0855865 8.684937
0.055984497 4.0332184 8.623047
0.053604126 4.080826 8.575439
0.072647095 4.133194 8.489746
0.072647095 4.164139 8.496887
0.094070435 4.2188873 8.575439
0.07978821 4.2593536 8.425476
0.034561157 4.2522125 8.401672
-0.06541443 4.2522125 8.301697
-0.21537781 4.1760406 8.308838
-0.22727966 4.114151 8.425476
-0.10826111 4.0855865 8.5802
-0.034469604 4.0736847 8.661133
0.0155181885 4.0546417 8.811096
0.022659302 4.0022736 8.822998
-0.015426636 3.9760895 8.7872925
-0.051132202 3.9998932 8.70874
-0.029708862 4.0094147 8.606384
-0.032089233 4.0094147 8.558777
-0.015426636 4.04274 8.508789
-0.055892944 4.099869 8.465942
-0.022567749 4.061783 8.408813
0.01789856 4.0713043 8.351685
0.0393219 4.04274 8.401672
0.053604126 3.9975128 8.44928
0.05836487 4.0094147 8.427856
0.06788635 3.9808502 8.470703
0.04408264 3.9546661 8.477844
0.072647095 3.973709 8.458801
0.075027466 4.0284576 8.525452
0.07026672 4.0260773 8.511169
0.022659302 4.030838 8.508789
0.0393219 4.04274 8.492126
0.025039673 4.1093903 8.418335
0.02027893 4.1760406 8.38739
0.034561157 4.190323 8.458801
0.03694153 4.185562 8.563538
0.032180786 4.1950836 8.520691
-0.055892944 4.2069855 8.532593
-0.027328491 4.164139 8.596863
-0.020187378 4.121292 8.573059
-0.034469604 4.0736847 8.5563965
-0.07493591 4.095108 8.575439
-0.041610718 4.083206 8.4730835
-0.022567749 4.1236725 8.561157
-0.022567749 4.0594025 8.51593
-0.101119995 4.004654 8.546875
-0.07255554 3.9594269 8.575439
-0.12968445 3.8665924 8.639709
-0.101119995 3.8332672 8.758728
-0.098739624 3.7213898 8.83252
-0.14634705 3.6309357 8.856323
-0.20109558 3.5738068 8.744446
-0.20585632 3.569046 8.739685
-0.17967224 3.6952057 8.696838
-0.1749115 3.7332916 8.634949
-0.124923706 3.7451935 8.670654
-0.12730408 3.7570953 8.682556
-0.09159851 3.7856598 8.680176
-0.0677948 3.8047028 8.64209
-0.0677948 3.8356476 8.694458
0.003616333 3.8070831 8.746826
0.06550598 3.8499298 8.739685
0.22261047 3.8880157 8.827759
0.17738342 3.864212 8.749207
0.22261047 3.8880157 8.6206665
0.18214417 3.9546661 8.634949
0.17262268 3.992752 8.637329
0.129776 4.0332184 8.608765
0.11073303 4.1498566 8.599243
0.055984497 4.076065 8.661133
-0.010665894 4.0855865 8.565918
0.048843384 4.0784454 8.561157
0.022659302 4.1427155 8.482605
0.094070435 4.147476 8.45166
0.07740784 4.147476 8.418335
0.06312561 4.102249 8.454041
0.03694153 4.0713043 8.368347
0.029800415 3.973709 8.32074
-0.008285522 4.0355988 8.282654
-0.09635925 4.0594025 8.161255
-0.02494812 4.185562 8.073181
0.029800415 4.356949 8.006531
0.12739563 4.454544 7.911316
0.15596008 4.5402374 7.7875366
0.10597229 4.5283356 7.6589966
0.07740784 4.4759674 7.55188
0.14881897 4.2379303 7.475708
0.08454895 3.9070587 7.4780884
0.005996704 3.6023712 7.5233154
-0.13682556 3.27388 7.3519287
-0.2320404 3.0739288 7.194824
-0.25584412 3.0310822 7.0186768
-0.22013855 3.126297 6.9734497
-0.21775818 3.3095856 6.897278
-0.22013855 3.5809479 6.7782593
-0.30821228 3.8285065 6.730652
-0.37010193 3.9570465 6.628296
-0.49388123 3.966568 6.506897
-0.64146423 3.902298 6.4592896
-0.6700287 3.7975616 6.5878296
-0.74858093 3.4547882 6.4521484
-0.9318695 3.0001373 6.264099
-1.088974 2.4455109 6.1760254
-1.2579803 1.843277 6.090332
-1.4174652 1.2934113 5.88562
-1.5840912 0.6649933 5.7975464
-1.7840424 0.19844055 5.597595
-2.0268402 -0.25144958 5.5428467
-2.2029877 -0.7037201 5.6380615
-2.5243378 -1.4011688 5.6309204
-2.814743 -2.1152802 5.833252
-3.1789398 -2.5604095 6.057007
-3.5359955 -2.7675018 6.3378906
-3.5217133 -2.7841644 6.5545044
-3.3717499 -2.7603607 6.5949707
-3.174179 -2.6865692 6.7973022
-3.2098846 -2.8032074 7.0734253
-3.719284 -3.1578827 7.237671
-4.378647 -3.3530731 7.316223
-5.123703 -3.2150116 7.1591187
-5.7616425 -2.88414 6.8496704
-6.2496185 -2.479477 6.7282715
-6.70665 -2.3080902 6.97583
-7.09227 -2.486618 7.501892
-7.4993134 -2.8817596 7.828003
-7.856369 -3.3245087 7.5423584
-8.227707 -3.891037 6.885376
-8.653793 -4.647995 6.306946
-8.932297 -5.5549164 5.469055
-9.091782 -6.295212 4.72876
-9.258408 -7.1735687 4.3169556
-9.334579 -7.937668 3.940857
-9.358383 -8.556564 3.8146973
-9.329819 -8.994553 3.6242676
-9.263168 -9.001694 3.5766602
-9.1679535 -8.751755 3.5838013
-9.0846405 -8.542282 3.671875
-9.098923 -8.297104 3.7123413
-9.108444 -8.151901 3.8599243
-9.153671 -8.118576 3.9146729
-9.391708 -8.259018 3.709961
-9.689255 -8.873154 3.3457642
-9.962997 -9.592026 2.6959229
-10.04631 -9.953842 1.8366089
-10.005844 -9.820541 1.3462524
-10.051071 -9.473007 1.3414917
-10.005844 -9.037399 1.5128784
-10.003464 -8.708908 1.7913818
-9.9891815 -8.420883 1.8508911
-9.97728 -8.14476 1.9484863
-9.893967 -7.8472137 1.8675537
-9.767807 -7.604416 1.8175659
-9.6940155 -7.3711395 1.7294922
-9.601181 -7.135483 1.6199951
-9.634506 -7.040268 1.5200195
-9.703537 -6.9022064 1.4033813
-9.760666 -6.7879486 1.0510864
-9.796371 -6.692734 0.7344971
-9.770187 -6.637985 0.62023926
-9.6940155 -6.559433 0.49645996
-9.627365 -6.4808807 0.39172363
-9.639267 -6.359482 0.16082764
-9.6940155 -6.2238007 -0.041503906
-9.736862 -6.0428925 -0.04864502
-9.755905 -5.976242 0.027526855
-9.644028 -5.8619843 0.018005371
-9.513107 -5.8262787 0.2536621
-9.427414 -5.738205 0.23461914
-9.322678 -5.6715546 0.070373535
-9.298874 -5.3835297 -0.17480469
-9.382187 -5.1526337 -0.33666992
-9.453598 -4.924118 -0.40093994
-9.52977 -4.731308 -0.34143066
-9.510727 -4.5813446 -0.30334473
-9.451218 -4.429001 -0.24621582
-9.475021 -4.3361664 -0.20098877
-9.486923 -4.3171234 -0.19146729
-9.525009 -4.3623505 -0.18908691
-9.53215 -4.35997 -0.15576172
-9.553574 -4.367111 -0.35333252
-9.603561 -4.3742523 -0.44140625
-9.6107025 -4.35997 -0.5270996
-9.632126 -4.333786 -0.7008667
-9.703537 -4.386154 -0.71276855
-9.641647 -4.3433075 -0.7817993
-9.632126 -4.4194794 -0.81988525
-9.570236 -4.4409027 -0.8175049
-9.52739 -4.398056 -0.8746338
-9.53215 -4.409958 -0.8484497
-9.548813 -4.398056 -0.77227783
-9.563095 -4.35997 -0.75561523
-9.59642 -4.2980804 -0.87701416
-9.563095 -4.281418 -0.907959
-9.589279 -4.212387 -0.9627075
-9.570236 -4.1052704 -0.80322266
-9.508347 -4.0743256 -0.76275635
-9.482162 -4.019577 -0.83654785
-9.574997 -4.0100555 -0.7032471
-9.560715 -4.1052704 -0.49139404
-9.429794 -4.0933685 -0.53186035
-9.522629 -4.0600433 -0.55804443
-9.701157 -3.9862518 -0.65563965
-9.843979 -3.8624725 -0.7675171
-9.9891815 -3.814865 -0.7984619
-9.986801 -3.7077484 -0.7008667
-9.867783 -3.7267914 -0.7318115
-9.810654 -3.660141 -0.6746826
-9.748764 -3.614914 -0.59375
-9.78447 -3.603012 -0.6199341
-9.763046 -3.569687 -0.7175293
-9.7773285 -3.5006561 -0.7746582
-9.746384 -3.3959198 -0.7246704
-9.748764 -3.2864227 -0.760376
-9.710678 -3.2221527 -0.760376
-9.686874 -3.1245575 -0.7008667
-9.674973 -3.0983734 -0.7008667
-9.682114 -3.0602875 -0.6199341
-9.620224 -3.0412445 -0.63897705
-9.601181 -3.0460052 -0.5604248
-9.555954 -3.0650482 -0.5532837
-9.539291 -3.0388641 -0.5866089
-9.522629 -3.0412445 -0.5770874
-9.508347 -3.0150604 -0.5866089
-9.53215 -3.0007782 -0.6032715
-9.548813 -3.0007782 -0.57232666
-9.53215 -2.9769745 -0.6175537
-9.565475 -2.967453 -0.64849854
-9.59166 -2.9888763 -0.677063
-9.584518 -2.941269 -0.67944336
-9.555954 -2.9531708 -0.63897705
-9.603561 -2.9888763 -0.6199341
-9.59166 -3.0364838 -0.6746826
-9.605942 -3.1483612 -0.67230225
-9.605942 -3.0912323 -0.741333
-9.584518 -3.0864716 -0.7008667
-9.5464325 -3.0674286 -0.7246704
-9.558334 -3.1007538 -0.78656006
-9.496445 -3.0531464 -0.6746826
-9.472641 -3.0650482 -0.7103882
-9.40361 -3.0793304 -0.7341919
-9.358383 -3.1269379 -0.6746826
-9.420273 -3.1935883 -0.61279297
-9.382187 -3.191208 -0.50567627
-9.308395 -3.2126312 -0.4033203
-9.3798065 -3.191208 -0.36999512
-9.40361 -3.2316742 -0.39855957
-9.458359 -3.2983246 -0.446167
-9.498825 -3.3435516 -0.6175537
-9.534531 -3.3673553 -0.65563965
-9.539291 -3.3887787 -0.68182373
-9.567856 -3.4054413 -0.760376
-9.579758 -3.3792572 -0.7889404
-9.544052 -3.4268646 -0.7770386
-9.59642 -3.4506683 -0.77941895
-9.603561 -3.4720917 -0.8008423
-9.615463 -3.493515 -0.7913208
-9.555954 -3.4054413 -0.7841797
-9.513107 -3.4149628 -0.75561523
-9.46788 -3.3506927 -0.77941895
-9.436935 -3.3602142 -0.82940674
-9.503586 -3.4125824 -0.7889404
-9.448837 -3.4149628 -0.7746582
-9.458359 -3.5077972 -0.7984619
-9.4655 -3.5720673 -0.75323486
-9.408371 -3.6006317 -0.6365967
-9.386948 -3.5887299 -0.54852295
-9.3798065 -3.5458832 -0.55804443
-9.356003 -3.4911346 -0.5128174
-9.410751 -3.4316254 -0.52233887
-9.441696 -3.372116 -0.5913696
-9.484543 -3.3292694 -0.63897705
-9.586899 -3.2840424 -0.6342163
-9.670212 -3.2649994 -0.5961304
-9.65593 -3.2649994 -0.50805664
-9.653549 -3.2935638 -0.5128174
-9.627365 -3.3625946 -0.53186035
-9.584518 -3.4958954 -0.5675659
-9.541672 -3.5934906 -0.50567627
-9.589279 -3.5649261 -0.47711182
-9.572617 -3.569687 -0.48187256
-9.5464325 -3.5173187 -0.5128174
-9.517868 -3.4958954 -0.5366211
-9.522629 -3.4459076 -0.58184814
-9.517868 -3.4887543 -0.6532593
-9.541672 -3.474472 -0.6746826
-9.517868 -3.4459076 -0.7080078
-9.548813 -3.4625702 -0.7508545
-9.503586 -3.4958954 -0.6104126
-9.4655 -3.5244598 -0.72229004
-9.432175 -3.5220795 -0.6365967
-9.439316 -3.550644 -0.67944336
-9.417892 -3.557785 -0.68896484
-9.475021 -3.519699 -0.7246704
-9.501205 -3.5363617 -0.73657227
-9.489304 -3.5458832 -0.8151245
-9.517868 -3.5292206 -0.7889404
-9.508347 -3.4839935 -0.81988525
-9.508347 -3.5482635 -0.86987305
-9.510727 -3.5054169 -0.82702637
-9.567856 -3.4911346 -0.7484741
-9.5464325 -3.4958954 -0.7484741
-9.548813 -3.5101776 -0.7937012
-9.517868 -3.5220795 -0.7318115
-9.515488 -3.5625458 -0.81274414
-9.501205 -3.576828 -0.80322266
-9.484543 -3.6315765 -0.68182373
-9.510727 -3.6553802 -0.6913452
-9.508347 -3.6315765 -0.7151489
-9.482162 -3.6815643 -0.80322266
-9.494064 -3.679184 -0.7770386
-9.544052 -3.641098 -0.84368896
-9.522629 -3.6053925 -0.824646
-9.553574 -3.6268158 -0.7841797
-9.565475 -3.6077728 -0.81274414
-9.501205 -3.5363617 -0.76989746
-9.510727 -3.531601 -0.7746582
Time Stop = 7345
