Time Start = 7305
-9.636887 -4.300461 2.619751
-9.441696 -4.16716 2.4507446
-9.470261 -4.193344 2.5888062
-9.6940155 -4.398056 2.8530273
-10.077255 -4.6384735 2.8078003
-10.434311 -4.969345 2.9172974
-10.710434 -5.419235 3.5076294
-10.900864 -5.616806 3.781372
-11.048447 -5.654892 4.159851
-11.084152 -5.4906464 4.5549927
-11.012741 -5.033615 4.583557
-10.993698 -4.531357 4.402649
-10.903244 -4.383774 4.3217163
-10.872299 -4.402817 4.28125
-10.736618 -4.6694183 4.3050537
-10.481918 -5.116928 4.4193115
-10.248642 -5.366867 4.5073853
-9.932053 -5.6905975 4.4121704
-9.555954 -6.2809296 4.8049316
-9.170334 -6.66893 5.064392
-8.713303 -7.2164154 5.4190674
-8.3276825 -7.7948456 5.7594604
-8.125351 -8.01384 5.4262085
-8.061081 -8.135239 5.031067
-7.79924 -8.413742 5.004883
-7.356491 -8.370895 4.7025757
-7.0970306 -8.109055 4.545471
-6.687607 -7.913864 4.704956
-6.2186737 -7.861496 4.92157
-5.849716 -7.828171 5.0405884
-5.4926605 -7.3901825 4.6692505
-5.0189667 -7.05455 4.2265015
-4.5905 -6.995041 4.1931763
-4.181076 -6.7498627 3.8694458
-3.5502777 -6.7165375 3.7670898
-2.8742523 -6.9141083 3.9146729
-2.3600922 -6.8498383 3.7385254
-1.8554535 -6.6665497 3.89563
-1.3174896 -6.361862 3.7861328
-0.8747406 -6.0381317 3.4100342
-0.51768494 -6.173813 3.7194824
-0.098739624 -6.000046 3.8099365
0.5820465 -6.128586 3.9837036
0.7534332 -6.54039 4.3931274
0.9771881 -7.078354 4.9310913
0.9367218 -7.43779 5.552368
1.4604034 -7.4020844 5.8689575
1.8912506 -7.033127 5.909424
2.0554962 -6.854599 6.059387
1.8650665 -6.514206 5.7666016
1.219986 -6.3047333 5.1619873
0.4273224 -6.2547455 4.609741
-0.25108337 -6.15477 4.0265503
-0.7271576 -6.1714325 3.4076538
-1.2198944 -6.4785004 3.0672607
-1.6269379 -7.0259857 3.2648315
-1.8506927 -7.687729 3.5957031
-1.8435516 -8.280441 3.9979858
-1.7411957 -8.65892 3.9694214
-1.6864471 -8.899338 4.0217896
-1.6626434 -9.011215 4.0479736
-1.5341034 -9.04216 4.069397
-1.5007782 -9.027878 3.9432373
-1.595993 -9.132614 3.9503784
-1.6126556 -9.1707 3.9694214
-1.7102509 -9.127853 3.8789673
-1.8792572 -9.146896 3.6885376
-2.0482635 -9.211166 3.3148193
-2.198227 -9.165939 3.2434082
-2.3672333 -8.989792 3.1053467
-2.4267426 -9.156418 2.7149658
-3.7740326 -9.368271 3.5100098
-3.288437 -9.194504 3.9003906
-2.2982025 -9.770554 4.557373
-1.6364594 -10.282333 4.750183
-1.3151093 -10.539413 4.4954834
-1.3960419 -10.394211 4.2384033
-1.2913055 -10.175217 4.0265503
-0.9889984 -10.320419 4.017029
-0.43675232 -10.665573 3.793274
-0.33677673 -10.808395 3.7028198
-0.11064148 -10.736984 3.7028198
0.08930969 -10.491806 3.7718506
0.22499084 -10.26091 3.9194336
0.37019348 -10.00145 4.0408325
0.3773346 -9.768173 3.986084
0.30116272 -9.6800995 3.993225
-0.008285522 -9.530136 3.7670898
-0.34629822 -9.5967865 3.562378
-0.36772156 -10.015732 3.6766357
-0.15348816 -10.441818 3.864685
0.3440094 -10.425156 4.3050537
0.19880676 -10.3537445 4.4573975
-0.04637146 -10.891708 3.967041
-0.027328491 -11.4249115 3.89563
-0.14872742 -11.215439 4.038452
0.37971497 -10.415634 4.512146
0.20118713 -9.837204 4.595459
0.49635315 -10.080002 3.7718506
0.59394836 -9.634872 4.186035
0.674881 -9.23735 4.1741333
0.42970276 -8.901718 4.395508
0.16786194 -9.011215 4.224121
0.06788635 -9.634872 4.0217896
-0.17967224 -10.099045 4.178894
-0.12730408 -10.077621 4.3550415
-0.0059051514 -10.429916 4.652588
0.11073303 -10.939316 5.023926
0.3035431 -11.272568 5.4761963
0.5177765 -11.474899 5.4761963
0.7534332 -11.7391205 5.5618896
0.9795685 -11.870041 5.730896
1.219986 -11.920029 5.890381
1.2295074 -12.062851 5.814209
1.4246979 -12.160446 5.9070435
1.5937042 -12.074753 5.916565
1.6032257 -11.829575 6.0546265
1.7293854 -11.774826 6.037964
1.8126984 -11.858139 6.097473
2.0388336 -11.746262 6.0308228
2.2411652 -11.47728 5.745178
2.4434967 -11.324936 5.583313
2.5625153 -11.320175 5.447632
2.7315216 -11.065475 5.2595825
2.8410187 -10.784592 5.0786743
2.8219757 -10.998825 5.107239
3.0219269 -10.863144 4.9072876
3.3218536 -10.398972 5.05249
3.3361359 -10.232346 5.071533
3.528946 -10.139511 4.897766
3.5456085 -9.718185 4.7454224
3.7550812 -9.327805 4.821594
3.8740997 -8.994553 4.7668457
4.0145416 -8.780319 4.776367
4.0788116 -8.551804 4.6644897
4.312088 -8.489914 4.5930786
4.4810944 -8.444687 4.466919
4.6167755 -8.568466 4.4764404
4.633438 -8.480392 4.378845
4.607254 -8.375656 4.250305
4.723892 -8.0638275 3.7242432
4.761978 -7.7543793 3.7718506
4.7048492 -7.4925385 3.8099365
4.8024445 -7.2354584 3.7694702
4.9881134 -7.0569305 3.967041
5.0000153 -6.521347 3.4576416
5.0000153 -6.2809296 3.3457642
5.119034 -6.188095 3.3695679
5.318985 -6.0738373 3.0672607
5.428482 -6.1381073 3.3695679
5.4142 -6.0905 3.5123901
5.3404083 -5.783432 3.4362183
5.3784943 -5.533493 3.3600464
5.4879913 -5.2145233 3.331482
5.5022736 -4.8550873 3.2267456
5.5141754 -4.283798 2.9625244
5.599869 -3.9267426 2.9696655
5.628433 -3.7101288 2.9958496
5.6498566 -3.7125092 2.9910889
5.8164825 -3.8124847 3.0196533
6.042618 -4.012436 3.0577393
6.256851 -3.9910126 3.0839233
6.3734894 -3.7220306 3.1101074
6.525833 -3.4768524 3.3743286
6.5805817 -3.3126068 3.6004639
6.616287 -3.1840668 3.6433105
6.673416 -3.3292694 3.7837524
6.820999 -3.2269135 3.6504517
7.0042877 -3.069809 3.562378
7.1233063 -2.9436493 3.793274
7.1494904 -2.9150848 4.114624
7.1899567 -2.8817596 4.126526
7.2018585 -2.8555756 4.1431885
7.313736 -2.8032074 4.3479004
7.4327545 -2.7056122 4.293152
7.577957 -2.7079926 4.224121
7.539871 -2.8365326 4.421692
7.4708405 -2.7508392 4.2717285
7.525589 -2.7460785 4.21698
7.6184235 -2.800827 4.062256
7.5874786 -2.6865692 4.019409
7.6327057 -2.588974 4.186035
7.72554 -2.448532 4.338379
7.806473 -2.331894 4.435974
7.9254913 -2.4390106 4.5359497
7.9278717 -2.5746918 4.5526123
8.030228 -2.6508636 4.4883423
8.0611725 -2.5794525 4.466919
8.030228 -2.3914032 4.4954834
7.987381 -2.1581268 4.5335693
7.994522 -1.9819794 4.5859375
7.975479 -1.8677216 4.531189
8.018326 -1.851059 4.500244
8.0421295 -1.9177094 4.4645386
8.134964 -1.8415375 4.371704
8.156387 -1.7844086 4.371704
8.242081 -1.7439423 4.371704
8.17305 -1.7510834 4.3240967
8.194473 -1.620163 4.2526855
8.177811 -1.5963593 4.236023
8.168289 -1.6368256 4.3693237
8.180191 -1.5059052 4.2860107
8.282547 -1.5106659 4.274109
8.330154 -1.5320892 4.3407593
8.384903 -1.4130707 4.3550415
8.380142 -1.4011688 4.364563
8.394424 -1.4892426 4.390747
8.323013 -1.5392303 4.2764893
8.29921 -1.4130707 4.326477
8.261124 -1.1869354 4.378845
8.320633 -1.1060028 4.5740356
8.2920685 -0.9655609 4.609741
8.277786 -0.91319275 4.478821
8.449173 -1.0917206 4.5026245
8.515823 -1.0322113 4.4502563
8.489639 -1.0583954 4.3288574
8.418228 -1.0917206 4.2907715
8.406326 -1.0345917 4.2145996
8.401566 -0.97984314 4.1765137
8.396805 -0.9322357 4.209839
8.43251 -0.83226013 4.186035
8.465836 -0.7584686 4.3693237
8.463455 -0.677536 4.416931
8.5229645 -0.5775604 4.4002686
8.470596 -0.6061249 4.3693237
8.508682 -0.69181824 4.307434
8.565811 -0.79655457 4.2026978
8.539627 -0.9608002 4.357422
8.520584 -1.0250702 4.326477
8.568192 -0.95365906 4.4264526
8.646744 -0.92033386 4.7025757
8.668167 -0.84654236 4.7216187
8.630081 -0.81321716 4.543091
8.55867 -0.9608002 4.6383057
8.475357 -0.9893646 4.4954834
8.470596 -0.90605164 4.4645386
8.539627 -0.7846527 4.4645386
8.637222 -0.7299042 4.466919
8.725296 -0.56565857 4.455017
8.668167 -0.4799652 4.5526123
8.534866 -0.38237 4.5526123
8.477737 -0.2086029 4.5811768
8.36824 -0.18241882 4.543091
8.334915 -0.28477478 4.512146
8.370621 -0.33000183 4.524048
8.370621 -0.46568298 4.5787964
8.415848 -0.47520447 4.512146
8.36824 -0.49186707 4.47406
8.401566 -0.54185486 4.5811768
8.382523 -0.5466156 4.583557
8.330154 -0.46092224 4.5787964
8.344437 -0.4323578 4.6002197
8.446793 -0.45378113 4.773987
8.413467 -0.3419037 4.8096924
8.403946 -0.2657318 4.72876
8.43013 -0.19432068 4.8930054
8.375381 -0.151474 4.7668457
8.358719 -0.151474 4.557373
8.373001 -0.18717957 4.4907227
8.323013 -0.17051697 4.455017
8.396805 -0.18955994 4.5978394
8.456314 -0.15861511 4.5668945
8.449173 -0.07054138 4.47406
8.458694 -0.030075073 4.4502563
8.36824 0.034194946 4.5359497
8.337296 0.09370422 4.5549927
8.334915 0.074661255 4.5145264
8.394424 0.11512756 4.550232
8.358719 0.20082092 4.6168823
8.36348 0.23652649 4.645447
8.296829 0.14369202 4.557373
8.192093 0.10322571 4.462158
8.232559 0.074661255 4.4526367
8.406326 0.21272278 4.4716797
8.542007 0.25080872 4.5407104
8.361099 0.23176575 4.5073853
8.268265 0.15083313 4.395508
8.282547 0.050857544 4.3288574
8.325394 0.024673462 4.2979126
8.339676 0.04133606 4.350281
8.327774 0.1532135 4.350281
8.339676 0.23890686 4.364563
8.325394 0.41505432 4.4335938
8.344437 0.42933655 4.447876
8.334915 0.40553284 4.34552
8.315872 0.3174591 4.390747
8.29921 0.2841339 4.293152
8.332535 0.2103424 4.295532
8.413467 0.19606018 4.4907227
8.418228 0.22462463 4.5549927
8.349197 0.29841614 4.697815
8.353958 0.35316467 4.6573486
8.396805 0.36506653 4.5549927
8.344437 0.31269836 4.626404
8.36824 0.19367981 4.4526367
8.308731 0.13179016 4.300293
8.258743 0.20796204 4.314575
8.203995 0.24604797 4.3050537
8.256363 0.29127502 4.3098145
8.194473 0.32460022 4.3812256
8.227798 0.42219543 4.500244
8.192093 0.4340973 4.435974
8.199234 0.37220764 4.4764404
8.196854 0.34602356 4.364563
8.158768 0.32221985 4.395508
8.082596 0.2103424 4.247925
8.070694 -0.015792847 4.1765137
8.092117 -0.051498413 4.145569
8.156387 -0.061019897 4.1051025
8.244461 0.19367981 4.3240967
8.342056 0.33888245 4.397888
8.315872 0.36982727 4.5478516
8.280167 0.37696838 4.545471
8.249222 0.29603577 4.5859375
8.251602 0.32221985 4.6549683
8.17305 0.227005 4.5930786
8.168289 0.034194946 4.5930786
8.230179 -0.13005066 4.4764404
8.258743 -0.2657318 4.2526855
8.311111 -0.34428406 4.4335938
8.339676 -0.31095886 4.478821
8.306351 -0.33476257 4.583557
8.315872 -0.35142517 4.735901
8.342056 -0.31333923 4.8573
8.308731 -0.31809998 4.8358765
8.287308 -0.40379333 4.7025757
8.29921 -0.67277527 4.5359497
8.320633 -0.9417572 4.3859863
8.30397 -1.1940765 4.250305
8.2730255 -1.3868866 4.1741333
8.23732 -1.5463715 4.178894
8.154007 -1.47258 4.1170044
8.123062 -1.4059296 4.100342
8.084976 -1.2512054 4.293152
7.9969025 -1.0298309 4.4883423
7.9016876 -0.8203583 4.562134
7.865982 -0.73228455 4.626404
7.870743 -0.7941742 4.5930786
7.870743 -0.9012909 4.4835815
7.8040924 -0.96318054 4.255066
7.6303253 -1.1726532 4.126526
7.5922394 -1.3130951 3.857544
7.582718 -1.3773651 3.921814
7.5208282 -1.517807 4.0336914
7.4851227 -1.5011444 4.0670166
7.4660797 -1.5439911 4.114624
7.506546 -1.748703 4.186035
7.4779816 -1.9105682 4.0670166
7.3232574 -2.0414886 3.8408813
7.2923126 -2.1890717 3.6599731
7.1423492 -2.358078 3.4552612
6.999527 -2.4104462 3.3790894
6.8543243 -2.4580536 3.4005127
6.7543488 -2.5009003 3.505249
6.5972443 -2.5389862 3.5599976
6.4449005 -2.6365814 3.6694946
6.371109 -2.941269 3.8504028
6.6615143 -3.5077972 4.0265503
7.0399933 -4.026718 3.909912
7.139969 -4.578964 3.6837769
6.8876495 -5.219284 3.3624268
6.4901276 -5.6310883 2.8863525
6.037857 -5.6715546 2.4578857
5.742691 -5.5430145 2.0984497
5.647476 -5.51445 2.0413208
5.73555 -5.7429657 2.157959
5.999771 -6.271408 2.3602905
6.24971 -6.899826 2.4864502
6.3235016 -7.4044647 2.8078003
6.2068634 -7.604416 3.0339355
6.0330963 -7.4853973 2.888733
5.7403107 -7.2235565 2.581665
5.5332184 -7.1592865 2.407898
5.3784943 -7.1140594 2.2507935
5.292801 -7.2306976 2.2174683
5.299942 -7.2616425 2.2531738
5.383255 -7.580612 2.6102295
5.452286 -8.251877 3.3219604
5.3142242 -8.870773 3.338623
5.178543 -9.337326 4.0979614
4.992874 -8.754135 3.467163
4.9643097 -8.9874115 3.0791626
4.9190826 -9.082626 2.5983276
4.4882355 -8.635117 2.0627441
4.304947 -8.292343 2.067505
4.414444 -7.9733734 2.305542
4.5191803 -8.266159 2.9006348
4.3525543 -8.954086 3.5219116
4.0597687 -9.732468 3.5480957
3.7550812 -10.489426 3.119629
3.407547 -11.263046 2.5769043
3.2099762 -11.643906 2.081787
3.0171661 -11.7200775 1.7223511
2.8148346 -11.558212 1.8294678
2.7957916 -11.008347 1.7818604
2.824356 -10.468002 2.2436523
2.6553497 -10.303757 2.5792847
2.3863678 -10.801254 2.5911865
2.3054352 -11.291611 2.415039
2.3649445 -11.729599 2.6697388
2.245926 -11.981918 2.941101
2.0055084 -11.948593 2.684021
1.9745636 -11.727219 2.369812
1.9459991 -11.465378 2.4221802
1.9079132 -11.108322 2.5078735
1.9317169 -11.058334 2.7173462
1.893631 -11.1107025 2.850647
1.8650665 -11.170212 2.8006592
1.8698273 -11.265427 2.6245117
1.8174591 -11.336838 2.5269165
1.8079376 -11.389206 2.3222046
1.874588 -11.279709 2.215088
1.8126984 -11.136887 2.2888794
1.6912994 -10.946457 2.2841187
1.6294098 -10.689377 2.2436523
1.6079865 -10.641769 2.1627197
1.5841827 -10.570358 2.1651
1.6103668 -10.484665 2.0984497
1.5579987 -10.656052 2.119873
1.5389557 -10.920273 2.1151123
1.5294342 -10.884567 2.1270142
1.5937042 -10.691757 2.3293457
1.5318146 -10.45134 2.3198242
1.5579987 -10.384689 2.4293213
1.4627838 -10.5203705 2.5340576
1.4175568 -10.544174 2.6697388
1.4556427 -10.472763 2.7459106
1.3390045 -10.439438 2.7697144
1.3104401 -10.448959 2.7363892
1.3175812 -10.370407 2.767334
1.1914215 -10.19664 2.5792847
1.1319122 -10.096664 2.5292969
1.1200104 -10.018112 2.6864014
1.1223907 -10.013351 2.850647
1.1461945 -10.146652 3.0077515
1.1319122 -10.298996 2.9172974
1.1342926 -10.332321 2.8934937
1.0128937 -10.38707 2.7720947
0.97242737 -10.370407 2.774475
0.7867584 -10.344223 2.664978
0.8129425 -10.165695 2.6340332
0.8129425 -10.184738 2.555481
0.8462677 -10.19664 2.6625977
0.91767883 -10.220444 2.8482666
0.91767883 -10.239487 2.876831
0.86531067 -10.201401 2.7435303
0.8557892 -10.201401 2.8197021
0.85816956 -10.19426 2.8673096
0.8795929 -10.158554 2.857788
0.85102844 -10.19426 2.8792114
0.93434143 -10.146652 2.9363403
0.90815735 -10.151413 2.8982544
0.8319855 -10.19902 2.857788
0.8962555 -10.172836 2.7625732
0.8772125 -10.091904 2.895874
0.7986603 -10.00145 2.93396
0.8962555 -9.982407 2.979187
0.78437805 -9.94194 2.9815674
0.77485657 -9.901474 2.941101
0.7724762 -9.887192 2.9387207
0.77485657 -9.922897 2.9553833
0.73677063 -9.951462 2.9815674
0.8153229 -9.991928 2.9196777
0.6725006 -10.120468 2.888733
0.6963043 -10.177597 2.7387695
0.71058655 -10.1418915 2.7363892
0.6820221 -10.237106 2.8006592
0.60346985 -10.239487 2.748291
0.591568 -10.19902 2.6792603
0.591568 -10.022873 2.5959473
0.62013245 -9.927658 2.7244873
0.70344543 -9.991928 2.8030396
0.75105286 -9.963364 2.9077759
0.7486725 -9.851486 2.99823
0.81056213 -9.737228 2.9839478
0.77485657 -9.834824 3.0125122
0.71772766 -9.87529 2.9553833
0.72724915 -9.903854 2.9006348
0.6915436 -9.901474 2.8339844
0.6582184 -9.899094 2.8173218
0.591568 -9.903854 2.8268433
0.60346985 -9.889572 2.7435303
0.5439606 -9.925278 2.7887573
0.56062317 -9.908615 2.7625732
0.4344635 -9.725327 2.8458862
0.8605499 -10.729843 3.8861084
1.0938263 -10.996445 2.74115
0.28926086 -10.332321 2.7649536
0.6653595 -9.834824 2.9958496
0.65345764 -10.156174 2.793518
0.674881 -10.736984 2.5840454
0.66773987 -10.384689 2.7625732
0.65345764 -9.720566 3.0529785
0.61299133 -9.658676 2.9291992
0.6891632 -9.796738 3.0006104
0.48207092 -9.93718 2.684021
0.48683167 -10.137131 2.593567
0.43922424 -10.125229 2.6435547
0.3939972 -10.118088 2.7554321
0.443985 -9.853867 2.9887085
Time Stop = 7309
