Time Start = 7288
-9.732101 -4.1885834 2.593567
-9.201279 -4.186203 2.7958984
-8.841843 -4.121933 3.0482178
-8.913254 -4.012436 3.3862305
-9.413132 -3.6958466 3.293396
-10.167709 -3.6506195 3.1577148
-10.817551 -3.993393 3.3743286
-11.574509 -4.379013 3.0720215
-11.948227 -5.0169525 3.081543
-12.326706 -5.473984 3.4433594
-12.22197 -5.5168304 3.8408813
-12.064865 -5.057419 4.5859375
-11.876816 -4.8741302 5.2857666
-11.812546 -4.8003387 5.447632
-11.995834 -4.6051483 5.1429443
-12.036301 -5.0669403 5.1691284
-11.8363495 -5.76915 5.890381
-11.424545 -6.1857147 6.1712646
-10.962753 -6.6022797 6.604492
-10.541428 -7.0259857 7.0615234
-9.967758 -7.071213 6.9520264
-9.548813 -6.949814 6.5687866
-9.277451 -7.009323 6.354553
-9.215561 -7.323532 5.4571533
-8.968002 -7.7615204 4.5145264
-8.510971 -7.997177 3.845642
-7.8992157 -7.9733734 3.3671875
-7.1803436 -7.732956 2.9006348
-6.251999 -7.4853973 2.7530518
-5.192734 -7.3520966 2.979187
-4.3000946 -7.142624 3.0744019
-3.488388 -6.9331512 3.0505981
-2.7599945 -6.7927094 2.6887817
-2.1887054 -6.8307953 2.3341064
-1.6578827 -6.885544 1.9223022
-1.1365814 -6.6832123 1.6033325
-0.5724335 -6.495163 1.3890991
-0.11302185 -6.6189423 1.6176147
0.39637756 -7.066452 2.7768555
0.68678284 -7.2759247 4.314575
0.97480774 -6.592758 4.505005
1.3985138 -6.4023285 5.2595825
1.662735 -6.611801 6.5687866
1.9745636 -6.5879974 6.564026
2.4077911 -6.968857 5.4904785
2.714859 -7.611557 4.102722
2.27211 -8.011459 2.8934937
1.3699493 -7.868637 2.1984253
0.7320099 -7.330673 1.9508667
0.35591125 -6.868881 2.6054688
0.2368927 -6.661789 3.19104
0.053604126 -6.873642 3.4576416
-0.27488708 -7.5687103 3.4624023
-0.8271332 -8.028122 3.395752
-1.2008514 -8.0638275 3.4290771
-1.4198456 -7.8638763 3.793274
-1.3746185 -7.7567596 4.0860596
-1.4722137 -7.69487 4.269348
-1.9363861 -7.6782074 4.5716553
-2.5933685 -7.816269 4.5407104
-3.2598724 -8.254257 4.376465
-3.488388 -8.620834 4.350281
-3.4288788 -8.91362 4.5026245
-3.2598724 -9.4301605 4.85968
-2.962326 -9.9109955 4.7858887
-2.9385223 -10.063339 4.5073853
-2.6981049 -9.915756 4.4454956
-2.564804 -9.791977 4.1955566
-2.500534 -9.815781 3.7337646
-2.6385956 -9.741989 3.3909912
-2.288681 -9.787216 3.569519
-1.7340546 -9.815781 3.876587
-1.3246307 -9.889572 4.2907715
-1.0485077 -9.737228 4.550232
-0.6795502 -9.499191 4.735901
-0.7342987 -9.318283 4.428833
-1.0723114 -9.184982 4.0860596
-1.2984467 -8.885056 4.064636
-0.9318695 -9.2183075 4.205078
-0.4129486 -9.806259 4.266968
-0.26774597 -10.446579 4.4240723
0.2940216 -10.713181 4.505005
0.25117493 -10.641769 4.743042
0.7058258 -10.596542 4.9144287
0.7962799 -10.653671 4.897766
0.52967834 -10.744125 4.647827
0.5891876 -10.832199 4.4383545
1.0105133 -10.208542 4.3740845
0.57728577 -9.880051 4.0455933
0.6177521 -9.55632 3.9765625
0.80818176 -9.49205 4.081299
0.5511017 -9.537277 4.062256
0.26307678 -10.144272 3.8789673
0.20832825 -10.8988495 3.9170532
0.12025452 -11.3415985 3.8408813
0.2202301 -11.493942 4.262207
0.21546936 -11.660568 4.7073364
0.360672 -11.622482 4.7906494
0.61061096 -11.658188 4.8692017
0.8605499 -12.008102 5.1167603
1.1081085 -12.446091 5.2476807
1.3175812 -12.57225 5.2214966
1.5127716 -12.843613 5.3690796
1.5389557 -13.191147 5.192932
1.8484039 -13.262558 4.992981
2.0721588 -12.82457 4.8930054
2.1840363 -12.341354 4.966797
2.438736 -12.296127 5.11438
2.5767975 -12.167587 5.0929565
2.7957916 -11.922409 5.0667725
2.8957672 -11.748642 5.128662
3.0076447 -11.458237 5.007263
3.0600128 -11.203537 4.8477783
3.067154 -10.851242 4.5549927
3.150467 -10.594162 4.331238
3.1290436 -10.341843 4.228882
3.214737 -10.00621 4.2217407
3.2456818 -9.87291 4.435974
3.3599396 -9.699142 4.583557
3.5146637 -9.408737 4.5216675
3.6408234 -8.985031 4.3740845
3.7003326 -8.732712 4.5930786
3.728897 -8.435165 4.397888
3.7646027 -8.228073 4.3621826
3.8026886 -8.244736 4.314575
4.0193024 -7.835312 4.126526
4.254959 -7.475876 4.145569
4.3549347 -7.130722 4.2145996
4.421585 -6.828415 4.1503296
4.490616 -6.60466 4.0455933
4.690567 -6.426132 3.8932495
4.914322 -6.3309174 3.9741821
5.03096 -6.2357025 3.9646606
5.2451935 -6.0500336 3.9241943
5.3665924 -5.9595795 4.0075073
5.397537 -5.540634 3.7956543
5.492752 -5.435898 3.7266235
5.5855865 -5.2549896 3.729004
5.7260284 -5.1454926 3.6409302
5.7069855 -4.9598236 3.6171265
5.8474274 -4.7265472 3.5838013
6.0569 -4.5051727 3.6099854
6.2068634 -4.4075775 3.7266235
6.3306427 -4.2338104 3.505249
6.4568024 -4.3742523 3.626648
6.435379 -4.2409515 3.5766602
6.6424713 -3.9862518 3.5480957
6.8686066 -3.7125092 3.6599731
6.8876495 -3.4530487 3.7194824
7.044754 -3.4387665 3.9694214
7.0685577 -3.338791 3.8670654
7.01857 -3.2507172 3.8742065
7.01857 -3.2483368 4.0265503
7.166153 -3.050766 4.02417
7.3161163 -2.8079681 4.0098877
7.487503 -2.581833 4.019409
7.563675 -2.403305 3.9789429
7.5493927 -2.2961884 3.9694214
7.4137115 -2.1962128 4.1122437
7.280411 -2.0724335 3.9432373
7.280411 -1.8820038 3.8313599
7.4018097 -1.7510834 3.8099365
7.4327545 -1.6154022 3.7670898
7.411331 -1.620163 3.8884888
7.456558 -1.7225189 3.8718262
7.5422516 -1.6511078 3.8718262
7.5470123 -1.620163 3.9384766
7.620804 -1.4416351 3.9075317
7.6565094 -1.3083344 4.057495
7.692215 -1.1179047 3.9956055
7.7160187 -1.0607758 3.9789429
7.72316 -1.1012421 4.019409
7.711258 -1.0726776 4.1241455
7.6684113 -1.1060028 4.1431885
7.704117 -1.1131439 4.288391
7.7398224 -0.927475 4.274109
7.813614 -0.8036957 4.447876
7.858841 -0.7013397 4.5549927
7.949295 -0.6537323 4.397888
7.9826202 -0.52519226 4.5073853
8.011185 -0.37522888 4.4526367
8.025467 -0.22764587 4.357422
7.975479 -0.22288513 4.3859863
8.054031 -0.2585907 4.3550415
8.17305 -0.21098328 4.4121704
8.23732 -0.18955994 4.53833
8.342056 -0.16099548 4.614502
8.342056 -0.101486206 4.4954834
8.358719 -0.061019897 4.4121704
8.332535 -0.10386658 4.34552
8.232559 -0.17765808 4.395508
8.249222 -0.08482361 4.4573975
8.287308 -0.08244324 4.414551
8.380142 -0.1348114 4.4240723
8.349197 -0.053878784 4.300293
8.323013 -0.008651733 4.2717285
8.318253 -0.018173218 4.205078
8.318253 0.015151978 4.186035
8.296829 -0.034835815 4.2003174
8.313492 0.02229309 4.1384277
8.2920685 -0.020553589 4.3431396
8.296829 -0.032455444 4.312195
8.444412 0.06037903 4.2764893
8.434891 0.098464966 4.3479004
8.446793 0.19606018 4.28125
8.437271 0.15083313 4.3169556
8.42775 0.24128723 4.376465
8.411087 0.43885803 4.4121704
8.358719 0.4674225 4.414551
8.337296 0.48408508 4.3598022
8.411087 0.4340973 4.2574463
8.5039215 0.40553284 4.2717285
8.591995 0.46266174 4.2764893
8.644363 0.41505432 4.262207
8.591995 0.3674469 4.3621826
8.537247 0.42695618 4.183655
8.437271 0.4507599 4.209839
8.475357 0.5316925 4.300293
8.477737 0.5888214 4.266968
8.49202 0.6459503 4.0908203
8.589615 0.6578522 4.224121
8.634842 0.69117737 4.1765137
8.591995 0.74116516 4.2764893
8.472977 0.8220978 4.1931763
8.408707 0.88160706 4.140808
8.408707 0.8935089 4.159851
8.453934 0.88874817 4.2145996
8.506302 0.983963 4.2645874
8.568192 1.195816 4.250305
8.539627 1.317215 4.2574463
8.55629 1.2743683 4.159851
8.472977 1.1910553 4.1051025
8.446793 1.0886993 4.017029
8.501541 0.9768219 3.940857
8.489639 0.8768463 3.9789429
8.530106 0.8268585 3.8932495
8.49678 0.7887726 3.876587
8.580093 0.71022034 3.9718018
8.608658 0.6816559 3.9599
8.551529 0.69117737 4.1289063
8.463455 0.72688293 4.0670166
8.444412 0.83399963 4.1431885
8.563431 0.83399963 4.21698
8.582474 0.8839874 4.274109
8.596756 0.8863678 4.3240967
8.572952 0.88160706 4.295532
8.591995 0.9506378 4.2717285
8.532486 1.0101471 4.3026733
8.49678 1.1767731 4.2836304
8.49678 1.2029572 4.1550903
8.513443 1.1220245 4.119385
8.530106 0.9934845 4.1051025
8.508682 0.9934845 4.126526
8.568192 1.0696564 4.0717773
8.546768 1.1672516 3.9741821
8.444412 1.2481842 3.9884644
8.337296 1.3743439 3.8789673
8.270645 1.3124542 3.928955
8.43251 1.233902 4.02417
8.480118 1.3053131 4.050354
8.534866 1.2743683 4.140808
8.55867 1.3314972 4.140808
8.487259 1.3005524 4.0336914
8.451553 1.3410187 4.0336914
8.515823 1.3576813 3.8718262
8.442032 1.2315216 4.0146484
8.358719 1.1648712 4.0455933
8.344437 1.1267853 3.902771
8.4944 1.1244049 3.9384766
8.461075 1.1291656 3.9503784
8.43251 1.1720123 3.8980103
8.323013 1.2505646 3.921814
8.5039215 1.3457794 3.8623047
8.665787 1.4862213 4.0408325
8.653885 1.5124054 4.1765137
8.539627 1.5171661 4.081299
8.425369 1.5409698 4.0789185
8.392044 1.5671539 4.1098633
8.377762 1.5671539 3.9575195
8.380142 1.4886017 3.902771
8.36586 1.4171906 3.8980103
8.270645 1.3505402 3.967041
8.287308 1.3553009 3.928955
8.334915 1.343399 4.005127
8.339676 1.4052887 4.038452
8.325394 1.4243317 4.0551147
8.422989 1.5076447 4.1693726
8.422989 1.5504913 4.1312866
8.36824 1.5838165 4.050354
8.382523 1.4505157 4.062256
8.392044 1.3743439 4.005127
8.406326 1.3195953 3.9575195
8.339676 1.3695831 3.902771
8.306351 1.4124298 3.9908447
8.325394 1.4528961 3.921814
8.399185 1.4409943 4.019409
8.346817 1.4433746 3.9837036
8.320633 1.3553009 3.9765625
8.349197 1.3005524 3.9884644
8.339676 1.3124542 4.017029
8.358719 1.4290924 4.0598755
8.30397 1.4600372 4.0455933
8.334915 1.4124298 3.993225
8.287308 1.3410187 4.0265503
8.313492 1.3124542 4.1360474
8.392044 1.3862457 4.1550903
8.403946 1.4957428 4.1360474
8.332535 1.5338287 4.1051025
8.256363 1.4409943 4.0908203
8.308731 1.3862457 3.993225
8.306351 1.3719635 4.0265503
8.353958 1.3743439 4.100342
8.377762 1.4290924 4.057495
8.418228 1.4362335 4.0336914
8.36586 1.4148102 4.0670166
8.358719 1.3648224 4.0027466
8.287308 1.2553253 3.9503784
8.287308 1.2362823 3.9599
8.253983 1.1743927 3.9265747
8.330154 1.1981964 4.0098877
8.377762 1.2124786 3.9051514
8.458694 1.0506134 4.1122437
8.418228 0.9268341 4.076538
8.392044 0.91493225 4.0408325
8.370621 0.7768707 4.119385
8.413467 0.66737366 4.262207
8.453934 0.5983429 4.2384033
8.482498 0.54597473 4.3550415
8.5039215 0.5316925 4.3621826
8.570572 0.63404846 4.3240967
8.463455 0.5721588 4.197937
8.489639 0.3341217 4.095581
8.477737 0.14845276 4.0860596
8.43251 0.17225647 4.0265503
8.370621 0.20082092 4.0932007
8.327774 0.30793762 4.000366
8.284927 0.24604797 4.1431885
8.380142 0.10084534 4.1360474
8.375381 0.19844055 4.0908203
8.394424 0.26509094 4.378845
8.425369 0.3674469 4.4502563
8.465836 0.4745636 4.5288086
8.380142 0.47932434 4.5716553
8.218277 0.28175354 4.4716797
7.949295 0.04133606 4.2003174
7.8612213 -0.26811218 3.7694702
7.827896 -0.63468933 3.6218872
7.78981 -0.97984314 3.6004639
7.623184 -1.1155243 3.3291016
7.642227 -1.2131195 3.3267212
7.8231354 -1.2773895 3.3029175
7.839798 -1.415451 3.3981323
7.7350616 -1.6439667 3.3076782
7.5660553 -1.8415375 3.2338867
7.46846 -1.9653168 3.164856
7.4018097 -1.9700775 3.236267
7.3232574 -1.8248749 3.300537
7.2518463 -1.7534637 3.44812
7.2399445 -1.7629852 3.664734
7.1899567 -1.8629608 3.7313843
7.1114044 -1.998642 3.7480469
7.08284 -2.1343231 3.7052002
7.051895 -2.1224213 3.7242432
6.987625 -2.146225 3.8908691
6.8733673 -2.293808 4.000366
6.8114777 -2.3295135 3.8408813
6.63533 -2.3985443 3.6290283
6.3758698 -2.6841888 3.4005127
6.133072 -3.1626434 3.1815186
6.044998 -3.6887054 3.081543
6.042618 -4.219528 3.1124878
6.1997223 -4.757492 3.5123901
6.3020782 -5.155014 3.5028687
6.333023 -5.3049774 3.8218384
6.416336 -6.1595306 3.9432373
5.8878937 -6.0547943 3.0482178
5.761734 -5.559677 2.9625244
5.773636 -5.892929 3.4838257
5.6236725 -6.000046 3.2267456
5.5403595 -6.142868 3.2957764
5.4189606 -6.302353 3.569519
5.3356476 -6.566574 3.9718018
5.452286 -6.745102 4.243164
5.6165314 -7.1450043 4.4526367
5.5713043 -7.5068207 4.723999
5.390396 -7.663925 4.5097656
5.4618073 -7.6853485 4.364563
5.499893 -7.5187225 4.416931
5.47847 -7.4687347 4.576416
5.3094635 -7.4663544 4.878723
5.1690216 -7.8067474 5.2524414
5.0000153 -8.292343 5.4381104
4.928604 -8.796982 5.571411
4.8095856 -9.213547 5.673767
4.77388 -9.539658 5.6904297
4.9643097 -9.741989 5.82135
5.080948 -9.582504 5.6571045
4.9952545 -9.137375 5.783264
4.8857574 -8.651779 5.7856445
4.697708 -8.266159 5.7142334
4.5525055 -8.278061 5.75708
4.531082 -8.244736 5.7356567
4.3596954 -8.249496 5.654724
4.114517 -8.266159 5.583313
3.9407501 -8.444687 5.5856934
3.7336578 -8.475632 5.4904785
3.6241608 -8.387558 5.5285645
3.381363 -8.580368 5.761841
3.3075714 -8.804123 5.6642456
3.3480377 -8.885056 5.507141
3.1147614 -8.894577 5.4904785
2.9338531 -8.958847 5.461914
2.8791046 -9.258774 5.5476074
2.8957672 -9.572983 5.75708
2.900528 -9.561081 5.7666016
2.8100739 -9.55394 5.8189697
2.695816 -9.670578 5.833252
2.688675 -9.699142 5.776123
2.5767975 -9.55394 5.7737427
2.3411407 -9.423019 5.6951904
2.2054596 -9.522995 5.621399
2.098343 -9.768173 5.383362
2.1031036 -10.00383 5.269104
2.0531158 -10.053818 5.121521
2.0745392 -9.899094 5.0334473
2.0745392 -9.839584 4.98584
1.9912262 -9.853867 4.9644165
1.9555206 -10.0395355 4.773987
1.893631 -10.410873 4.645447
1.9150543 -10.491806 4.6002197
1.8960114 -10.384689 4.543091
1.855545 -10.144272 4.6811523
1.8531647 -10.137131 4.659729
1.8341217 -10.149033 4.614502
1.8031769 -10.084763 4.5668945
1.8365021 -9.989548 4.5169067
1.7365265 -9.963364 4.5526123
1.7484283 -9.880051 4.5478516
1.8484039 -9.825302 4.5597534
1.7888947 -9.637253 4.5740356
1.772232 -9.561081 4.543091
1.7008209 -9.458725 4.557373
1.6698761 -9.406357 4.428833
1.6222687 -9.384933 4.3883667
1.6175079 -9.380173 4.3288574
1.5937042 -9.308762 4.250305
1.5651398 -9.313522 4.2145996
1.4818268 -9.254013 4.2764893
1.4627838 -9.120712 4.295532
1.4413605 -9.0707245 4.2979126
1.3889923 -9.161179 4.383606
1.3509064 -9.280197 4.4121704
1.4080353 -9.434921 4.493103
1.4223175 -9.572983 4.497864
1.4008942 -9.494431 4.459778
1.3651886 -9.475388 4.5288086
1.2985382 -9.384933 4.4573975
1.2247467 -9.258774 4.47406
1.1771393 -9.187363 4.5145264
1.2104645 -9.206406 4.5216675
0.3773346 -9.025497 6.2593384
2.0840607 -9.918137 4.9715576
1.5865631 -10.484665 4.083679
1.5746613 -9.292099 4.414551
1.0485992 -8.597031 4.7478027
1.348526 -9.503952 4.526428
1.3628082 -10.182358 4.274109
1.450882 -9.799118 4.5097656
1.412796 -9.146896 4.678772
1.3842316 -9.004074 4.6383057
1.4627838 -9.139755 4.5478516
1.5008698 -9.089767 4.519287
1.4723053 -8.927902 4.545471
1.3866119 -8.961227 4.659729
1.3009186 -8.954086 4.5288086
1.3271027 -8.982651 4.459778
1.2866364 -8.930283 4.4383545
1.3080597 -8.804123 4.497864
1.2675934 -8.699387 4.519287
1.1247711 -8.687485 4.3812256
1.0605011 -8.689865 4.352661
1.0081329 -8.768417 4.312195
1.0128937 -8.796982 4.3812256
1.0176544 -8.796982 4.512146
0.9605255 -8.763657 4.6359253
1.0605011 -9.1707 4.652588
1.4008942 -10.26091 4.1765137
0.8534088 -10.951218 4.357422
1.0128937 -9.968124 4.776367
1.1461945 -8.811264 5.102478
0.9462433 -8.59227 5.0929565
0.83436584 -9.201645 4.9191895
0.9462433 -9.396835 4.712097
0.9938507 -9.17308 4.7382813
1.0200348 -8.939804 4.735901
1.3556671 -8.894577 4.6240234
0.6582184 -8.087631 4.1431885
0.4178009 -8.266159 4.497864
0.83436584 -9.032639 4.5740356
0.90101624 -9.056442 4.3693237
Time Stop = 7293
