Time Start = 7397
-9.198898 -3.9076996 2.626892
-8.649033 -3.7077484 3.0125122
-8.203903 -3.512558 3.3600464
-8.142014 -3.326889 3.312439
-8.358627 -3.2483368 3.1481934
-8.537155 -3.1935883 3.0339355
-8.589523 -3.1316986 2.8720703
-8.463364 -3.1102753 2.7816162
-8.282455 -3.134079 2.895874
-8.111069 -3.3149872 2.8839722
-8.11821 -3.5435028 2.824463
-8.230087 -3.8315277 2.7982788
-8.384811 -4.140976 2.6340332
-8.5585785 -4.314743 2.498352
-8.651413 -4.647995 2.472168
-8.846603 -4.8812714 2.5031128
-8.939438 -5.0550385 2.415039
-8.960861 -5.109787 2.4935913
-8.994186 -5.052658 2.4197998
-8.977524 -4.995529 2.5459595
-8.9370575 -4.826523 2.517395
-8.88707 -4.7098846 2.6030884
-8.879929 -4.6122894 2.6221313
-8.927536 -4.6194305 2.6030884
-8.946579 -4.6765594 2.6554565
-8.991806 -4.74321 2.7340088
-9.032272 -4.840805 2.7006836
-9.110825 -4.893173 2.767334
-9.108444 -4.9217377 2.7197266
-9.060837 -5.00029 2.8744507
-9.037033 -5.090744 2.9863281
-8.903732 -5.019333 2.9744263
-8.960861 -5.0169525 3.1291504
-9.01799 -5.1931 2.9696655
-9.129868 -5.9072113 2.9363403
-9.089401 -6.3713837 3.1553345
-9.060837 -6.169052 3.4885864
-8.939438 -5.4263763 3.7313843
-8.9370575 -4.781296 3.9384766
-9.058456 -4.4385223 4.133667
-9.177475 -4.436142 4.100342
-9.317917 -4.6884613 3.793274
-9.510727 -5.1264496 3.6671143
-9.824936 -5.6453705 3.7480469
-10.167709 -5.942917 3.940857
-10.460495 -6.066696 4.159851
-10.672348 -6.059555 4.312195
-10.727097 -6.3309174 4.326477
-10.755661 -6.6284637 4.497864
-10.791367 -6.6665497 4.5073853
-10.867538 -6.4546967 4.569275
-11.024643 -6.3118744 4.697815
-11.281723 -6.1714325 4.8311157
-11.622116 -5.995285 4.7644653
-11.857773 -5.931015 4.897766
-12.079147 -5.8762665 4.9382324
-12.207687 -5.7620087 4.890625
-12.386215 -5.6763153 4.962036
-12.395737 -5.6406097 5.0405884
-12.402878 -5.5882416 5.0620117
-12.35527 -5.6072845 5.007263
-12.3624115 -5.719162 4.9953613
-12.338608 -5.571579 4.9072876
-12.193405 -5.3811493 4.7263794
-12.088669 -5.040756 4.916809
-11.945847 -4.7170258 5.088196
-11.864914 -4.598007 5.37146
-11.8173065 -4.6432343 5.338135
-11.779221 -4.7479706 5.0477295
-11.681625 -5.0312347 4.7977905
-11.426926 -5.1692963 4.693054
-11.043686 -5.0931244 4.773987
-10.696152 -4.852707 4.9001465
-10.353378 -4.3885345 4.9120483
-10.053452 -4.0671844 4.9120483
-9.782089 -3.9267426 5.1834106
-9.479782 -3.6482391 5.1881714
-9.139389 -3.4649506 5.378601
-8.875168 -3.319748 5.3167114
-8.587143 -3.0626678 4.9525146
-8.189621 -2.9579315 4.973938
-7.7968597 -2.729416 4.981079
-7.4350433 -2.5366058 5.223877
-7.023239 -2.3723602 5.6428223
-6.732834 -2.0343475 5.6071167
-6.5138397 -1.4368744 5.257202
-6.2186737 -0.9155731 5.2738647
-5.80925 -0.63468933 5.4523926
-5.509323 -0.33952332 5.43573
-5.226059 0.057998657 5.378601
-4.9785004 0.48646545 5.428589
-4.699997 0.8768463 5.4452515
-4.4452972 1.0958405 5.814209
-4.2144012 1.0696564 6.116516
-4.166794 1.2243805 5.942749
-3.9858856 1.317215 5.9713135
-3.8502045 1.3791046 6.0093994
-3.6074066 1.5790558 5.768982
-3.3098602 1.805191 5.7404175
-2.9932709 1.9456329 6.01416
-2.6504974 2.0860748 6.2022095
-2.4648285 2.1194 6.249817
-2.3315277 2.2693634 6.2022095
-2.1529999 2.497879 5.892761
-1.9506683 2.774002 5.9713135
-1.7602386 3.069168 6.1069946
-1.595993 3.3524323 6.166504
-1.5793304 3.6809235 6.26886
-1.5007782 4.0070343 6.2593384
-1.3889008 4.23555 6.371216
-1.3246307 4.4259796 6.3640747
-1.1270599 4.7021027 6.4188232
-1.0128021 4.7401886 6.4212036
-0.83903503 4.602127 6.5307007
-0.710495 4.6949615 6.3236084
-0.5795746 4.6544952 6.1331787
-0.41056824 4.678299 5.987976
-0.35820007 4.8092194 5.7904053
-0.21537781 4.961563 5.730896
0.003616333 5.049637 5.9713135
0.15119934 5.0329742 6.1117554
0.2035675 4.9782257 6.435486
0.19642639 4.890152 6.602112
0.129776 4.7973175 6.744934
0.08454895 4.7211456 6.8568115
0.12739563 4.6759186 7.0281982
0.20832825 4.5735626 7.1210327
0.31544495 4.6497345 7.1257935
0.38209534 4.7282867 7.213867
0.3368683 4.5854645 7.301941
0.22975159 4.3807526 7.501892
0.08692932 4.261734 7.6375732
-0.09397888 4.333145 7.6589966
-0.1915741 4.4521637 7.6708984
-0.23680115 4.7211456 7.661377
-0.09635925 4.9568024 7.751831
-0.010665894 5.116287 7.8518066
-0.039230347 5.3281403 7.904175
-0.008285522 5.532852 7.987488
-0.029708862 5.4543 8.151733
-0.103500366 5.4638214 8.170776
-0.13206482 5.435257 8.182678
-0.08207703 5.216263 8.25885
-0.11778259 5.151993 8.163635
-0.12730408 5.044876 8.12793
-0.19633484 4.94252 8.089844
-0.18919373 5.0234528 8.163635
-0.19395447 4.9568024 8.232666
-0.23442078 5.0163116 8.25647
-0.26774597 4.9901276 8.375488
-0.3653412 5.030594 8.285034
-0.40342712 5.0353546 8.330261
-0.35820007 5.0091705 8.38501
-0.3558197 4.992508 8.246948
-0.30345154 5.0234528 8.106506
-0.2725067 4.9782257 8.118408
-0.23442078 5.0139313 8.096985
-0.22966003 4.9948883 7.904175
-0.20109558 5.025833 7.804199
-0.101119995 4.987747 7.8184814
0.010757446 4.9782257 7.756592
0.029800415 5.1186676 7.656616
0.115493774 5.1234283 7.7661133
0.10597229 5.2472076 7.739929
0.13929749 5.4066925 7.675659
0.19404602 5.423355 7.820862
0.20118713 5.3924103 7.8303833
0.13453674 5.3947906 7.725647
0.1797638 5.397171 7.6470947
0.18452454 5.4400177 7.661377
0.19642639 5.449539 7.6328125
0.22499084 5.4376373 7.61615
0.25117493 5.3233795 7.68042
0.1869049 5.249588 7.5161743
0.13929749 5.2019806 7.5352173
0.129776 5.102005 7.48761
0.129776 5.154373 7.5828247
0.12739563 5.052017 7.751831
0.075027466 5.1234283 7.8898926
-0.015426636 4.9591827 8.0112915
-0.13206482 4.9591827 8.108887
-0.23442078 4.9639435 8.037476
-0.2820282 4.987747 7.994629
-0.28440857 5.0210724 8.018433
-0.27012634 5.151993 7.9779663
-0.25584412 5.2210236 8.0112915
-0.30345154 5.2543488 8.056519
-0.3558197 5.282913 7.9851074
-0.3891449 5.294815 7.975586
-0.42723083 5.3043365 7.892273
-0.4058075 5.237686 7.887512
-0.39866638 5.1900787 7.861328
-0.26298523 5.13533 7.956543
-0.26298523 5.1234283 7.9327393
-0.21537781 5.0543976 7.9851074
-0.19633484 4.992508 8.049377
-0.1915741 4.902054 7.989868
-0.22727966 4.8877716 7.9279785
-0.22251892 4.8235016 7.975586
-0.22489929 4.756851 7.9613037
-0.23918152 4.8949127 7.949402
-0.23442078 4.966324 7.9613037
-0.23918152 5.0615387 8.089844
-0.23680115 5.1186676 8.082703
-0.3153534 5.275772 8.044617
-0.33677673 5.3090973 8.073181
-0.35105896 5.2591095 8.032715
-0.31059265 5.2638702 8.020813
-0.27012634 5.185318 7.963684
-0.2653656 5.1638947 7.923218
-0.30107117 5.13295 7.9541626
-0.3153534 5.094864 7.9779663
-0.2820282 5.06868 7.982727
-0.25346375 5.0615387 7.994629
-0.25584412 5.018692 7.8970337
-0.22251892 5.0424957 7.9136963
-0.18443298 5.0139313 7.9422607
-0.1749115 4.9782257 7.9327393
-0.23918152 4.992508 7.9803467
-0.27726746 4.980606 7.9470215
-0.3796234 4.9568024 7.989868
-0.4296112 5.06868 7.956543
-0.45103455 5.13295 7.949402
-0.44151306 5.166275 7.949402
-0.4724579 5.2257843 7.9208374
-0.41770935 5.2519684 7.8946533
-0.32725525 5.235306 7.8756104
-0.26298523 5.235306 7.847046
-0.2320404 5.1900787 7.823242
-0.17015076 5.1115265 7.8589478
-0.13206482 5.049637 7.775635
-0.120162964 4.9568024 7.758972
-0.103500366 4.8996735 7.7042236
-0.09159851 4.9115753 7.6851807
-0.101119995 4.904434 7.6470947
-0.09159851 4.9449005 7.7113647
-0.09159851 5.0353546 7.775635
-0.015426636 5.0615387 7.7042236
-0.022567749 5.1496124 7.770874
-0.051132202 5.154373 7.8065796
-0.11778259 5.192459 7.7494507
-0.1582489 5.1448517 7.801819
-0.22251892 5.178177 7.8065796
-0.23442078 5.147232 7.7875366
-0.22013855 5.147232 7.8708496
-0.15110779 5.1043854 7.9422607
-0.1582489 5.1234283 7.885132
-0.20347595 5.063919 7.9279785
-0.26298523 5.0401154 7.9017944
-0.24394226 5.044876 7.899414
-0.23680115 5.1424713 7.8303833
-0.27488708 5.223404 7.9160767
-0.2582245 5.2329254 7.7922974
-0.2820282 5.2281647 7.7922974
-0.24632263 5.178177 7.7470703
-0.25584412 5.1377106 7.692322
-0.25108337 5.0853424 7.649475
-0.25346375 5.0972443 7.6280518
-0.22489929 5.094864 7.609009
-0.22251892 5.1043854 7.5756836
-0.22489929 5.07106 7.48761
-0.27964783 5.1115265 7.4328613
-0.248703 5.1234283 7.342407
-0.22727966 5.1829376 7.290039
-0.22727966 5.237686 7.301941
-0.20585632 5.223404 7.316223
-0.21061707 5.2900543 7.3257446
-0.23918152 5.204361 7.340027
-0.27964783 5.0924835 7.316223
-0.34391785 4.999649 7.4709473
-0.31297302 4.8044586 7.6137695
-0.26060486 4.5545197 7.61615
-0.30345154 4.523575 7.532837
-0.2891693 4.478348 7.573303
-0.3153534 4.4235992 7.573303
-0.31773376 4.506912 7.547119
-0.3486786 4.6806793 7.5352173
-0.3486786 4.7282867 7.5304565
-0.35343933 4.780655 7.385254
-0.3224945 4.792557 7.3566895
-0.35105896 4.8044586 7.1448364
-0.29631042 4.7401886 6.949646
-0.30107117 4.704483 6.8044434
-0.22489929 4.583084 6.5925903
-0.17015076 4.466446 6.3759766
-0.15110779 4.197464 6.161743
-0.13206482 3.8784943 5.9189453
-0.098739624 3.4309845 5.6880493
-0.18681335 3.0287018 5.5404663
-0.35105896 2.6692657 5.4904785
-0.54148865 2.31221 5.4785767
-0.67240906 1.9694366 5.5023804
-0.82237244 1.6623688 5.5547485
-0.9509125 1.3767242 5.4571533
-1.1461029 1.2005768 5.3571777
-1.4127045 0.89112854 5.4119263
-1.7483368 0.5174103 5.640442
-2.0006561 0.39839172 5.6880493
-2.2267914 0.54597473 5.4833374
-2.5219574 0.5150299 5.3428955
-2.7933197 0.27937317 5.3286133
-3.1646576 -0.32762146 5.5856934
-3.6954803 -1.305954 5.987976
-4.2024994 -2.3533173 5.968933
-4.809494 -3.281662 5.276245
-5.399826 -4.386154 4.4383545
-5.983017 -5.4406586 3.8551636
-6.368637 -6.176193 3.3529053
-6.670944 -6.502304 2.9625244
-6.9494476 -6.60466 3.3552856
-7.035141 -6.21904 3.8813477
-7.106552 -5.431137 4.383606
-7.232712 -4.788437 4.6121216
-7.446945 -4.4956512 4.754944
-7.7492523 -4.3314056 4.7025757
-8.106308 -4.2957 4.364563
-8.546677 -4.186203 3.774231
-9.070358 -4.352829 3.229126
-9.620224 -4.909836 2.8982544
-10.158188 -5.604904 2.536438
-10.5985565 -6.328537 1.8318481
-11.010361 -7.1259613 0.9725342
-11.507858 -8.0828705 0.3274536
-11.857773 -8.708908 -0.34381104
-12.060104 -9.03978 -0.9817505
-12.1957855 -9.192123 -1.0626831
-12.0482025 -9.127853 -0.8008423
-11.864914 -8.866013 -0.43902588
-11.672104 -8.616074 -0.0748291
-11.572128 -8.366135 0.16796875
-11.626877 -7.932907 0.46551514
-11.748276 -7.2497406 0.9296875
-12.014877 -6.2666473 0.89160156
-12.245773 -5.519211 0.4940796
-12.307663 -5.4216156 -0.2890625
-12.312424 -5.892929 -1.434021
-12.274338 -6.3499603 -2.6027832
-12.117233 -7.097397 -3.3883057
-11.957748 -7.7567596 -3.9072266
-11.779221 -8.011459 -4.2404785
-11.481674 -8.301865 -4.3999634
-11.081772 -8.344711 -4.4761353
-10.667587 -8.351852 -4.5475464
-10.331955 -8.2114105 -4.366638
-10.098679 -7.861496 -4.0286255
-9.8535 -7.4592133 -3.7977295
-9.615463 -6.9617157 -3.473999
-9.448837 -6.54039 -2.9360352
-9.344101 -6.2856903 -2.3933105
-9.160812 -6.002426 -2.1148071
-9.0203705 -5.70726 -2.0576782
-9.022751 -5.4477997 -1.9505615
-9.101303 -5.25737 -1.8410645
-9.265549 -4.993149 -1.74823
-9.351242 -4.7598724 -1.857727
-9.415512 -4.5742035 -1.8529663
-9.413132 -4.429001 -1.8529663
-9.382187 -4.4266205 -1.7696533
-9.265549 -4.3385468 -1.6601563
-9.137009 -4.3623505 -1.6911011
-9.103683 -4.443283 -1.7172852
-9.063217 -4.514694 -1.7458496
-9.156052 -4.5742035 -1.6934814
-9.194138 -4.61705 -1.7196655
-9.196518 -4.647995 -1.8601074
-9.1679535 -4.7265472 -1.8981934
-9.246506 -4.8170013 -1.914856
-9.356003 -4.9479218 -1.8410645
-9.482162 -4.995529 -1.479248
-9.446457 -4.700363 -0.6937256
-9.553574 -4.314743 -0.9793701
-9.927292 -4.307602 -0.45092773
-10.179611 -4.3099823 -0.8413086
-10.546188 -4.3623505 -0.88653564
-10.915146 -4.5813446 -1.6506348
-11.117477 -4.943161 -1.998169
-10.836594 -5.4263763 -1.914856
-10.391464 -5.6191864 -2.4004517
-9.910629 -5.840561 -2.550415
-9.572617 -6.0167084 -2.5599365
-9.306015 -5.828659 -2.5385132
-9.282211 -5.45018 -2.4337769
-9.386948 -5.038376 -2.3457031
-9.494064 -4.590866 -2.331421
-9.59642 -4.1814423 -2.274292
-9.458359 -3.8862762 -2.357605
-9.346481 -3.8696136 -1.8601074
-9.256027 -3.6172943 -2.0743408
-9.294113 -3.583969 -2.0910034
-9.327438 -3.4387665 -2.2052612
-9.325058 -3.4792328 -2.255249
-9.201279 -3.519699 -2.3147583
-9.091782 -3.5530243 -2.440918
-9.137009 -3.5554047 -2.5147095
-9.170334 -3.583969 -2.4932861
-9.246506 -3.550644 -2.4694824
-9.239365 -3.512558 -2.402832
-9.320297 -3.5244598 -2.3076172
-9.329819 -3.512558 -2.1433716
-9.341721 -3.4340057 -1.9553223
-9.360764 -3.3673553 -1.8791504
-9.332199 -3.288803 -1.7220459
-9.303635 -3.1221771 -1.4887695
-9.322678 -2.9008026 -1.4673462
-9.282211 -2.7698822 -1.5197144
-9.186996 -2.6627655 -1.2983398
-9.165573 -2.4913788 -1.248352
-9.246506 -2.4770966 -1.0698242
-9.27269 -2.5532684 -0.7913208
-9.284592 -2.5723114 -0.70562744
-9.348862 -2.6222992 -0.75323486
-9.386948 -2.5675507 -1.0769653
-9.444077 -2.5461273 -0.56518555
-9.582138 -2.3485565 -0.91986084
-9.684494 -2.4175873 -0.72229004
-9.91301 -2.384262 -0.8508301
-9.893967 -2.6960907 -0.5342407
-9.946335 -2.7079926 -0.5699463
-10.010605 -2.7603607 -0.40808105
-10.036789 -2.781784 -0.3461914
-9.934433 -2.903183 -0.2962036
-9.815414 -3.0174408 -0.38427734
-9.705917 -3.172165 -0.28668213
-9.617844 -3.1888275 -0.35333252
-9.548813 -3.2840424 -0.4533081
-9.525009 -3.3554535 -0.5842285
-9.503586 -3.3816376 -0.7008667
-9.432175 -3.429245 -0.8222656
-9.40361 -3.467331 -0.9246216
-9.40123 -3.557785 -1.0507813
-9.313156 -3.6172943 -1.1102905
-9.322678 -3.6958466 -1.1817017
-9.306015 -3.705368 -1.1459961
-9.289352 -3.7125092 -1.2578735
-9.284592 -3.7291718 -1.0579224
-9.263168 -3.5911102 -0.972229
-9.27507 -3.4316254 -1.1483765
-9.298874 -3.5220795 -0.9579468
-9.27269 -3.4411469 -0.9817505
-9.346481 -3.3983002 -1.1626587
-9.341721 -3.5101776 -1.157898
-9.301254 -3.583969 -0.97698975
-9.322678 -3.4649506 -1.074585
-9.3798065 -3.4697113 -1.0293579
-9.453598 -3.5101776 -0.972229
-9.417892 -3.5292206 -0.9293823
-9.472641 -3.5149384 -0.9055786
-9.520248 -3.4435272 -0.8817749
-9.620224 -3.326889 -0.7889404
-9.636887 -3.326889 -0.86987305
-9.679733 -3.281662 -0.72943115
-9.644028 -3.307846 -0.71990967
-9.667831 -3.3030853 -0.6604004
-9.698776 -3.20549 -0.56518555
-9.6940155 -3.2316742 -0.5437622
-9.674973 -3.2269135 -0.5342407
-9.686874 -3.2649994 -0.53186035
-9.6940155 -3.3102264 -0.5509033
-9.701157 -3.2792816 -0.61517334
-9.682114 -3.2459564 -0.64611816
-9.663071 -3.2864227 -0.6532593
-9.651169 -3.319748 -0.76275635
-9.644028 -3.3506927 -0.81274414
-9.572617 -3.3435516 -0.7579956
-9.59166 -3.2911835 -0.8651123
-9.603561 -3.319748 -0.8817749
-9.560715 -3.3030853 -0.94366455
-9.59642 -3.319748 -0.96984863
-9.525009 -3.319748 -0.99365234
-9.52977 -3.3221283 -1.0626831
-9.482162 -3.2864227 -1.0626831
-9.498825 -3.307846 -1.0817261
-9.472641 -3.2745209 -1.0412598
-9.444077 -3.2673798 -1.0341187
-9.439316 -3.2459564 -0.96984863
-9.3988495 -3.2197723 -0.9960327
-9.425034 -3.2459564 -0.9817505
-9.382187 -3.2221527 -0.9412842
-9.408371 -3.2388153 -0.90319824
-9.410751 -3.2530975 -0.9055786
-9.498825 -3.2864227 -0.84368896
-9.513107 -3.2769012 -0.9127197
-9.563095 -3.3149872 -0.9579468
-9.553574 -3.3054657 -0.86035156
-9.558334 -3.2769012 -0.81036377
-9.548813 -3.3173676 -0.7746582
-9.586899 -3.3292694 -0.78656006
-9.59404 -3.3578339 -0.7841797
-9.6107025 -3.3602142 -0.6984863
-9.624985 -3.3768768 -0.6865845
-9.589279 -3.4340057 -0.6913452
-9.586899 -3.474472 -0.6984863
-9.632126 -3.4435272 -0.7032471
-9.615463 -3.4316254 -0.75561523
-9.651169 -3.4149628 -0.8317871
-9.632126 -3.4125824 -0.8722534
-9.620224 -3.3816376 -0.8389282
-9.584518 -3.4244843 -0.8651123
-9.515488 -3.3959198 -0.8175049
-9.496445 -3.4506683 -0.9484253
Time Stop = 7402
