Time Start = 7271
-11.738754 -6.1904755 2.3602905
-11.224594 -6.86174 2.445984
-10.774704 -7.6472626 3.0625
-10.241501 -7.75914 3.0125122
-9.774948 -7.56633 3.0339355
-9.97966 -7.194992 3.440979
-10.324814 -7.05455 3.5861816
-10.270065 -7.6520233 4.0741577
-9.791611 -8.280441 4.7192383
-9.053696 -8.292343 4.9763184
-8.192001 -8.251877 5.2000732
-7.292221 -8.663681 5.4262085
-6.6923676 -8.739853 4.7335205
-5.718796 -9.325424 3.947998
-4.5190887 -10.125229 4.228882
-3.4503021 -10.298996 3.614746
-2.2767792 -10.875046 4.1051025
-1.5102997 -11.213058 4.3098145
-0.6938324 -11.117844 4.2598267
0.07978821 -11.005966 4.364563
0.31782532 -10.596542 4.4240723
0.86769104 -10.137131 4.5335693
1.2699738 -9.608688 4.545471
1.3080597 -9.156418 4.1241455
1.2747345 -8.825546 3.7218628
0.90101624 -8.773178 3.2457886
0.5820465 -8.475632 2.4483643
0.41304016 -8.373276 2.324585
0.07740784 -8.187607 2.1412964
-0.25346375 -8.059067 1.927063
-0.6533661 -8.170944 1.9294434
-0.7533417 -8.311386 2.3269653
-0.8914032 -8.168564 2.2174683
-1.0984955 -8.042404 2.131775
-1.2960663 -7.849594 1.8913574
-1.3746185 -7.554428 1.5914307
-1.5793304 -7.456833 0.8820801
-1.9363861 -7.5377655 0.7321167
-1.929245 -7.6401215 0.8701782
-1.762619 -7.835312 1.0915527
-1.9411469 -8.225693 1.1129761
-2.019699 -8.647018 0.9963379
-2.0744476 -8.999313 1.0272827
-2.3434296 -9.013596 0.7416382
-2.6766815 -8.91124 0.57977295
-2.4672089 -9.246872 0.65356445
-2.879013 -8.961227 -0.09625244
-3.5812225 -8.91124 -0.1819458
-3.7264252 -9.258774 0.03466797
-3.2479706 -9.799118 0.7392578
-2.6552582 -9.934799 1.2510376
-2.5148163 -10.0395355 1.2605591
-2.41008 -10.382309 1.3200684
-2.0863495 -10.541794 1.4390869
-1.6412201 -10.51799 1.4152832
-1.5388641 -10.377548 1.4224243
-1.403183 -10.049057 1.2724609
-1.4198456 -9.8919525 1.2034302
-1.5245819 -9.651535 1.0368042
-1.5888519 -9.720566 1.1772461
-1.4317474 -10.170456 1.6414185
-1.1699066 -10.494186 1.8842163
-0.9009247 -10.706039 2.048462
-0.7342987 -10.698898 1.9818115
-0.89378357 -10.413254 1.7818604
-1.1770477 -10.572739 1.8865967
-1.2508392 -10.891708 1.7223511
-0.5938568 -11.189255 2.0960693
0.129776 -11.3535 2.6935425
-0.21775818 -11.336838 1.7128296
-0.098739624 -11.589157 1.0701294
-0.627182 -11.151169 0.7463989
-0.6795502 -10.64415 0.9130249
-0.4391327 -10.094284 1.5842896
-0.3891449 -9.534897 1.8699341
-0.17253113 -9.337326 2.3793335
-0.16539001 -9.756271 2.5840454
-0.21299744 -10.382309 2.2841187
-0.37724304 -11.339218 1.798523
-0.67240906 -11.931931 1.2700806
-0.65574646 -11.846237 1.2462769
-0.5557709 -11.660568 1.336731
-0.5224457 -12.103317 1.7223511
-0.47721863 -12.748398 1.8056641
-0.248703 -12.834091 2.0722656
-0.0035247803 -12.553207 2.2198486
0.40589905 -12.448471 2.2722168
0.7462921 -12.546066 2.138916
1.0390778 -12.581772 2.0127563
1.3390045 -12.581772 2.017517
1.4413605 -12.741257 2.248413
1.5484772 -12.788864 2.2507935
1.6770172 -12.912643 2.4364624
1.765091 -12.7912445 2.3103027
1.7817535 -12.717453 2.1174927
1.9531403 -12.391342 1.9032593
2.0840607 -12.174728 1.8389893
2.1102448 -12.022385 1.7175903
2.022171 -12.091415 1.5271606
1.9198151 -12.153305 1.1748657
2.1221466 -12.015244 0.98205566
2.1007233 -11.8867035 1.2105713
2.0697784 -11.717697 1.2724609
2.1388092 -11.586777 1.4795532
2.3339996 -11.28923 1.612854
2.612503 -10.913132 1.5081177
2.7220001 -10.910751 1.6461792
2.7458038 -10.844101 1.5343018
2.7481842 -10.913132 1.401001
2.8457794 -10.8798065 1.529541
2.862442 -10.615585 1.6652222
2.907669 -10.082382 1.7461548
2.9219513 -9.841965 2.0460815
2.9552765 -9.672958 2.017517
3.0623932 -9.387314 1.8508911
3.150467 -9.187363 1.7890015
3.3456573 -9.068344 1.8556519
3.4813385 -8.894577 1.8485107
3.6598663 -8.711288 1.8675537
3.8193512 -8.549423 1.8199463
4.031204 -8.494675 1.7437744
4.171646 -8.554184 1.7890015
4.19545 -8.532761 1.9056396
4.2501984 -8.292343 1.7271118
4.357315 -8.106674 1.760437
4.485855 -7.6782074 1.7294922
4.573929 -7.290207 1.7651978
4.6881866 -6.9545746 1.7390137
4.823868 -6.847458 1.9127808
4.940506 -6.8260345 1.8984985
5.1309357 -6.630844 1.6842651
5.376114 -6.590378 1.7366333
5.5546417 -6.5570526 1.888977
5.664139 -6.380905 2.0151367
5.818863 -6.2214203 2.1865234
5.966446 -6.0119476 2.3602905
5.9712067 -6.083359 2.460266
5.9712067 -5.8048553 2.2531738
6.1568756 -5.5691986 2.1865234
6.24971 -5.416855 2.081787
6.3996735 -5.3168793 2.1722412
6.4758453 -5.2097626 2.331726
6.6305695 -5.0026703 2.267456
6.678177 -4.897934 2.4412231
6.76149 -4.8050995 2.5269165
6.716263 -4.621811 2.6483154
6.716263 -4.5884857 2.7768555
7.116165 -4.5623016 2.9291992
7.3423004 -4.3123627 2.9387207
7.556534 -4.090988 3.1172485
7.575577 -4.000534 3.1410522
7.544632 -3.8172455 3.1434326
7.480362 -3.6815643 3.0148926
7.3946686 -3.6363373 2.914917
7.4184723 -3.6910858 3.0077515
7.473221 -3.814865 3.0505981
7.5493927 -3.9005585 3.119629
7.7088776 -3.788681 3.0482178
7.794571 -3.8243866 3.2338867
7.9064484 -3.769638 3.3909912
7.975479 -3.6363373 3.5028687
8.006424 -3.4911346 3.6575928
8.023087 -3.3245087 3.664734
8.194473 -3.2792816 3.6314087
8.203995 -3.3102264 3.6361694
8.120682 -3.4387665 3.5219116
8.039749 -3.4054413 3.4933472
8.063553 -3.3816376 3.486206
8.073074 -3.2150116 3.5219116
8.246841 -3.1888275 3.7004395
8.387283 -3.2031097 3.8932495
8.444412 -2.9912567 3.8218384
8.361099 -2.993637 3.7409058
8.261124 -3.057907 3.7789917
8.23494 -3.057907 3.774231
8.075455 -2.9579315 3.6409302
8.156387 -2.903183 3.652832
8.308731 -2.9888763 3.781372
8.399185 -2.9174652 3.9456177
8.487259 -2.6603851 3.9575195
8.434891 -2.448532 4.0789185
8.36348 -2.415207 4.224121
8.325394 -2.4199677 4.1812744
8.30397 -2.3818817 3.9765625
8.342056 -2.4294891 3.864685
8.344437 -2.350937 3.9241943
8.380142 -2.1819305 3.8694458
8.339676 -2.036728 4.0289307
8.370621 -1.9224701 4.119385
8.318253 -1.7320404 4.300293
8.351578 -1.6677704 4.247925
8.401566 -1.6701508 4.2455444
8.418228 -1.7344208 4.1955566
8.380142 -1.7010956 4.140808
8.375381 -1.6606293 4.166992
8.337296 -1.582077 4.095581
8.36348 -1.5416107 3.9456177
8.422989 -1.415451 3.9741821
8.346817 -1.2797699 4.0075073
8.332535 -1.056015 4.0551147
8.275406 -0.8751068 4.1931763
8.263504 -0.84654236 4.1931763
8.351578 -0.8584442 4.1812744
8.43013 -0.9655609 4.1884155
8.515823 -1.0250702 4.2074585
8.475357 -1.0274506 4.1503296
8.461075 -1.1060028 4.2265015
8.4396515 -1.305954 4.1765137
8.422989 -1.5297089 3.9718018
8.544388 -1.7796478 3.8623047
8.577713 -1.8534393 3.9884644
8.627701 -1.7963104 4.0717773
8.661026 -1.8010712 4.1098633
8.608658 -1.7320404 4.2574463
8.603897 -1.5320892 4.3098145
8.584854 -1.4083099 4.307434
8.572952 -1.324997 4.338379
8.639603 -1.3678436 4.402649
8.611038 -1.4130707 4.269348
8.701492 -1.3535614 4.231262
8.701492 -1.2393036 4.2026978
8.658646 -1.0441132 4.186035
8.527725 -0.8608246 4.1884155
8.506302 -0.89653015 4.307434
8.463455 -0.9679413 4.3240967
8.461075 -0.89653015 4.1122437
8.549149 -0.9250946 4.2574463
8.546768 -0.9988861 4.236023
8.5229645 -0.9655609 4.140808
8.56105 -1.0464935 4.3288574
8.577713 -1.1916962 4.333618
8.532486 -1.1369476 4.307434
8.513443 -1.094101 4.524048
8.484879 -1.1226654 4.595459
8.465836 -1.010788 4.526428
8.453934 -0.97032166 4.481201
8.470596 -0.927475 4.3598022
8.482498 -0.8941498 4.2384033
8.527725 -0.93937683 4.269348
8.437271 -0.97746277 4.2384033
8.465836 -1.0988617 4.250305
8.418228 -1.0821991 4.255066
8.458694 -0.9893646 4.1884155
8.527725 -0.92271423 4.3407593
8.484879 -0.8822479 4.428833
8.463455 -0.8655853 4.4954834
8.49202 -0.9322357 4.550232
8.453934 -0.991745 4.512146
8.475357 -0.97984314 4.5859375
8.456314 -0.92033386 4.545471
8.43251 -0.844162 4.455017
8.458694 -0.91319275 4.4383545
8.468216 -0.9655609 4.3479004
8.49678 -1.0821991 4.212219
8.465836 -1.0774384 4.2526855
8.453934 -0.96318054 4.3169556
8.5039215 -0.9179535 4.333618
8.470596 -0.7679901 4.3812256
8.451553 -0.69181824 4.416931
8.43251 -0.60136414 4.414551
8.472977 -0.6513519 4.416931
8.463455 -0.696579 4.3288574
8.422989 -0.74894714 4.3240967
8.2920685 -0.81321716 4.2145996
8.265884 -0.9179535 4.159851
8.268265 -0.9822235 4.1622314
8.346817 -1.0893402 4.2217407
8.422989 -1.1083832 4.357422
8.413467 -1.0631561 4.416931
8.346817 -1.0250702 4.4573975
8.330154 -0.95365906 4.543091
8.334915 -0.9512787 4.4502563
8.415848 -1.0345917 4.376465
8.463455 -1.0702972 4.4050293
8.477737 -1.0845795 4.319336
8.43251 -1.1298065 4.3240967
8.43013 -1.0084076 4.4002686
8.456314 -0.9155731 4.5716553
8.480118 -0.8751068 4.5859375
8.565811 -0.9512787 4.4121704
8.606277 -1.0869598 4.395508
8.539627 -1.1155243 4.4312134
8.4944 -1.1131439 4.4193115
8.472977 -1.0583954 4.447876
8.458694 -1.0702972 4.397888
8.501541 -1.1893158 4.414551
8.575333 -1.3773651 4.34552
8.551529 -1.4083099 4.314575
8.527725 -1.3607025 4.293152
8.444412 -1.2535858 4.3550415
8.418228 -1.0631561 4.3217163
8.484879 -0.9250946 4.4312134
8.5039215 -0.9893646 4.421692
8.56105 -1.0464935 4.3479004
8.575333 -1.0536346 4.274109
8.456314 -0.99650574 4.3098145
8.351578 -0.8917694 4.231262
8.349197 -0.8941498 4.295532
8.353958 -0.92985535 4.186035
8.413467 -0.9250946 4.1884155
8.451553 -0.9822235 4.331238
8.449173 -0.9584198 4.2026978
8.358719 -1.0655365 4.2026978
8.289688 -1.1916962 4.159851
8.296829 -1.2821503 4.2265015
8.308731 -1.389267 4.147949
8.323013 -1.5154266 4.159851
8.349197 -1.620163 4.1955566
8.308731 -1.6606293 4.2907715
8.261124 -1.6487274 4.1884155
8.263504 -1.684433 4.247925
8.253983 -1.6558685 4.3098145
8.187332 -1.6630096 4.4240723
8.17543 -1.7058563 4.338379
8.113541 -1.6725311 4.255066
8.118301 -1.6439667 4.126526
8.113541 -1.6249237 3.9884644
8.054031 -1.5106659 3.89563
7.9730988 -1.5439911 3.9313354
7.9207306 -1.5868378 3.9765625
7.9016876 -1.6344452 3.993225
7.911209 -1.5582733 4.190796
7.896927 -1.4297333 4.333618
7.9516754 -1.3726044 4.2907715
7.8802643 -1.3987885 4.100342
7.801712 -1.5249481 3.8718262
7.646988 -1.703476 3.7385254
7.563675 -1.9462738 3.7313843
7.5208282 -2.1795502 3.774231
7.5422516 -2.3937836 3.7385254
7.5803375 -2.5223236 3.8813477
7.5612946 -2.7032318 3.690918
7.475601 -3.024582 3.4266968
7.351822 -3.3816376 2.9768066
7.2280426 -3.8101044 2.7578125
7.1114044 -4.0338593 2.369812
7.1042633 -4.179062 2.2936401
7.0852203 -4.402817 2.517395
7.135208 -4.6003876 2.8339844
7.1447296 -4.764633 2.7887573
7.192337 -4.9479218 2.7268677
7.078079 -5.019333 2.5911865
6.923355 -5.121689 2.2984009
6.8090973 -5.2526093 2.2984009
6.756729 -5.374008 2.1555786
6.7852936 -5.621567 2.2103271
6.8305206 -5.7667694 2.312683
6.878128 -5.776291 2.3650513
6.8376617 -5.719162 2.491211
6.6448517 -5.752487 2.5959473
6.5401154 -5.8358 2.6816406
6.4901276 -5.983383 2.710205
6.57106 -6.2238007 2.831604
6.666275 -6.609421 2.6935425
6.613907 -6.9617157 2.5150146
6.44252 -7.0759735 2.2008057
6.211624 -7.016464 1.8604126
5.9640656 -7.304489 1.9651489
5.780777 -7.4592133 1.7271118
5.780777 -7.6734467 1.9223022
5.716507 -7.9043427 2.138916
5.621292 -8.099533 2.0341797
5.497513 -8.361374 2.0437012
5.368973 -8.754135 1.8984985
5.0904694 -8.958847 1.7747192
4.9357452 -8.825546 1.5152588
4.9643097 -8.668442 1.5128784
4.973831 -8.432785 1.5128784
4.9000397 -8.292343 1.8032837
4.8619537 -8.320908 1.8461304
4.7786407 -8.213791 1.8366089
4.6810455 -8.382797 1.97229
4.409683 -8.682724 1.8413696
4.235916 -8.98027 1.6699829
3.9954987 -9.194504 1.5247803
3.8574371 -9.346848 1.4248047
3.6741486 -9.403976 1.279602
3.6717682 -9.406357 1.3081665
3.6741486 -9.487289 1.4866943
3.536087 -9.646774 1.446228
3.1671295 -9.896713 1.3938599
3.010025 -10.318039 1.3010254
2.8910065 -10.886948 1.0177612
2.522049 -11.422531 0.7892456
2.317337 -11.846237 0.8987427
2.1173859 -11.870041 0.7392578
2.0554962 -11.767685 0.6821289
1.9364777 -11.727219 0.76068115
1.7603302 -11.60582 0.82733154
1.6151276 -11.515366 0.99871826
1.7698517 -11.427292 1.0296631
1.7198639 -11.334457 1.1391602
1.5127716 -11.382065 1.2843628
1.496109 -11.565353 1.3200684
1.4270782 -11.727219 1.3414917
1.2604523 -11.727219 1.3105469
1.136673 -11.667709 1.3153076
0.951004 -11.629623 1.3319702
0.8391266 -11.850998 1.3962402
0.7534332 -12.167587 1.3010254
0.81056213 -12.165207 1.1034546
1.015274 -12.231857 1.1248779
0.92481995 -12.000961 1.1558228
0.8962555 -12.048569 1.3057861
0.8700714 -12.062851 1.3272095
0.99861145 -11.855759 1.381958
0.9771881 -11.393967 1.2677002
0.970047 -11.174973 1.1939087
1.015274 -11.036911 1.0558472
1.072403 -10.920273 0.9772949
1.1438141 -10.810776 1.003479
1.1985626 -10.637009 1.0772705
1.1985626 -10.558456 1.0986938
1.2176056 -10.494186 1.0320435
1.3175812 -10.444199 1.189148
1.3009186 -10.422775 1.3676758
1.3056793 -10.403732 1.4581299
1.2699738 -10.279953 1.4795532
1.2366486 -10.256149 1.4581299
1.1771393 -10.38945 1.3795776
1.0771637 -10.26329 1.2034302
1.05336 -10.113327 1.086792
0.9557648 -10.120468 1.1605835
0.90101624 -10.184738 1.2867432
0.93196106 -10.237106 1.2700806
0.91767883 -10.344223 1.2962646
0.7700958 -10.425156 1.3605347
0.8200836 -10.45134 1.2462769
0.77485657 -10.479904 1.3938599
0.7320099 -10.429916 1.4176636
0.66059875 -10.510849 1.5747681
0.5749054 -10.532272 1.2819824
0.56300354 -10.558456 1.2248535
0.4915924 -10.556076 1.0177612
0.40827942 -10.45372 0.96539307
0.36305237 -10.591782 0.939209
0.2702179 -10.448959 0.78448486
0.2535553 -10.384689 0.9273071
0.26307678 -10.310898 1.048706
0.33448792 -10.284714 1.2677002
0.45350647 -10.239487 1.5581055
0.5415802 -10.251389 1.5890503
0.5415802 -10.358505 1.6199951
0.5439606 -10.382309 1.4747925
0.5844269 -10.427536 1.4295654
0.59632874 -10.522751 1.3081665
0.53681946 -10.615585 1.1582031
0.48207092 -10.541794 1.0201416
0.43684387 -10.472763 1.0201416
0.41542053 -10.463242 1.0082397
0.34638977 -10.494186 0.99157715
0.3844757 -10.537033 1.0177612
0.43208313 -10.541794 1.0701294
0.51301575 -10.51799 1.0558472
0.51301575 -10.398972 1.1367798
0.45588684 -10.365646 1.2843628
0.48921204 -10.341843 1.3081665
0.4273224 -10.298996 1.3010254
0.40589905 -10.272812 1.2915039
0.26783752 -10.160934 1.1439209
0.6225128 -11.313034 2.4769287
0.8438873 -11.779587 2.055603
0.14405823 -11.09404 1.7937622
0.29640198 -10.477524 1.7675781
0.38685608 -10.184738 1.6461792
0.508255 -10.025253 1.5533447
0.5844269 -9.980026 1.4628906
0.56300354 -9.999069 1.3986206
0.5344391 -10.1418915 1.3010254
0.48683167 -10.225204 1.2581787
0.46540833 -10.296616 1.2772217
0.52253723 -10.291855 1.2962646
0.47969055 -10.227585 1.5366821
0.47254944 -10.101425 1.6366577
0.4749298 -9.868149 1.7056885
0.33448792 -9.68248 1.9937134
0.32972717 -9.473007 2.491211
-0.058273315 -9.756271 1.4176636
-0.57481384 -10.791733 1.1034546
-0.22489929 -11.313034 1.1248779
0.14405823 -10.70842 1.2034302
0.14405823 -9.980026 1.4676514
0.04170227 -9.615829 1.8699341
0.032180786 -9.584885 1.9294434
-0.039230347 -9.594406 1.8009033
-0.16062927 -9.587265 1.8675537
-0.248703 -9.522995 1.9413452
-0.28440857 -9.439682 1.8128052
-0.35105896 -9.475388 1.8128052
-0.36772156 -9.663437 1.8270874
-0.24156189 -9.880051 1.7818604
-0.20109558 -10.0585785 1.6676025
-0.22013855 -10.201401 1.593811
-0.2820282 -10.337082 1.446228
-0.2986908 -10.4561 1.5462036
-0.2891693 -10.587021 1.6199951
-0.42008972 -10.729843 1.5914307
-0.64860535 -10.544174 1.6533203
-0.7604828 -10.572739 1.77948
-0.6747894 -10.798874 1.9508667
Time Stop = 7276
