Time Start = 489
-8.76329 -4.1695404 3.467163
-8.803757 -4.236191 3.1386719
-9.151291 -4.1957245 2.8268433
-9.33934 -4.050522 3.0958252
-9.282211 -3.8815155 3.421936
-8.810898 -3.955307 3.6552124
-8.368149 -3.993393 3.6290283
-8.008713 -4.0029144 3.498108
-8.7061615 -3.9576874 3.5742798
-9.134628 -3.97435 3.3719482
-9.070358 -4.1052704 2.8934937
-9.003708 -4.0790863 2.812561
-8.95372 -4.0862274 2.9744263
-8.765671 -4.110031 3.1767578
-8.649033 -3.9886322 3.1981812
-8.765671 -3.9434052 3.4838257
-8.865646 -3.8386688 3.5219116
-8.851364 -3.8481903 3.5528564
-8.8537445 -3.8386688 3.331482
-8.8228 -3.9124603 3.119629
-8.782333 -3.8934174 2.9315796
-8.834702 -3.9457855 2.99823
-8.856125 -4.024338 2.9577637
-8.88945 -4.140976 2.9887085
-8.872787 -4.186203 2.99823
-8.7894745 -4.1052704 3.1124878
-8.753769 -3.9196014 3.2410278
-8.668076 -3.7839203 3.5100098
-8.670456 -3.698227 3.5552368
-8.63237 -3.7006073 3.4385986
-8.677597 -3.814865 3.3600464
-8.727585 -3.9719696 3.2600708
-8.810898 -4.133835 3.286255
-8.7894745 -4.1838226 3.2243652
-8.689499 -4.133835 3.171997
-8.658554 -4.0933685 3.286255
-8.639511 -3.9957733 3.2886353
-8.563339 -3.9767303 3.3719482
-8.6228485 -3.9886322 3.4100342
-8.627609 -4.076706 3.38385
-8.675217 -4.10289 3.3814697
-8.708542 -4.052902 3.3243408
-8.756149 -3.936264 3.4100342
-8.713303 -3.9672089 3.350525
-8.710922 -4.057663 3.236267
-8.7061615 -4.1266937 3.267212
-8.7704315 -4.114792 3.4957275
-8.837082 -4.000534 3.838501
-8.801376 -3.8291473 4.102722
-8.722824 -3.807724 4.147949
-8.689499 -3.9053192 3.940857
-8.808517 -4.1005096 3.7004395
-8.913254 -4.269516 3.5028687
-9.117966 -4.064804 3.5838013
-9.291733 -3.4459076 3.4624023
-9.686874 -3.005539 4.102722
-9.460739 -2.8436737 4.8096924
-8.865646 -3.929123 5.147705
-8.132492 -5.7786713 4.6049805
-7.842087 -8.066208 3.8551636
-7.842087 -10.037155 3.1791382
-8.194382 -10.651291 2.3103027
-8.818039 -9.8276825 2.3293457
-9.14653 -7.7496185 2.9434814
-8.727585 -5.96196 3.664734
-7.9444427 -5.4644623 4.6049805
-7.311264 -6.271408 5.1048584
-7.023239 -7.4473114 4.7025757
-7.182724 -8.33757 4.1122437
-7.496933 -8.520859 3.5576172
-7.6611786 -8.299484 3.2576904
-7.3541107 -7.975754 3.1767578
-6.925644 -7.975754 3.479065
-6.682846 -8.011459 3.4100342
-6.70665 -7.8638763 3.7694702
-6.6542816 -7.580612 4.0551147
-6.4019623 -7.2306976 4.2598267
-6.4162445 -7.266403 4.0408325
-6.2877045 -7.709152 3.7194824
-6.073471 -8.023361 3.357666
-5.9996796 -8.247116 3.19104
-5.5616913 -8.494675 3.7956543
-5.406967 -8.023361 4.5169067
-5.468857 -7.394943 4.9263306
-5.321274 -7.199753 5.378601
-5.1784515 -7.483017 5.321472
-5.0499115 -7.7829437 5.0977173
-5.0570526 -8.109055 4.7668457
-4.957077 -8.199509 4.826355
-4.930893 -7.970993 5.2643433
-4.9332733 -7.747238 5.3928833
-4.9665985 -7.663925 5.4333496
-4.9546967 -7.4354095 5.526184
-4.802353 -7.3568573 4.981079
-4.738083 -7.6782074 4.3240967
-4.6714325 -7.9210052 3.8789673
-4.8071136 -8.032883 3.664734
-4.8332977 -7.9043427 3.44812
-4.7404633 -7.721054 3.5171509
-4.866623 -7.5187225 3.8599243
-4.790451 -7.5687103 3.883728
-4.604782 -7.5330048 4.1503296
-4.5500336 -7.4282684 4.2217407
-4.604782 -7.430649 4.121765
-4.5928802 -7.3830414 3.8361206
-4.5952606 -7.3449554 3.645691
-4.738083 -7.3830414 3.3671875
-4.8690033 -7.3592377 3.1481934
-4.8571014 -7.218796 3.12677
-4.6785736 -7.328293 3.3624268
-4.673813 -7.413986 3.3410034
-4.8261566 -7.4663544 3.4290771
-4.892807 -7.5068207 3.626648
-4.7880707 -7.637741 3.7052002
-4.6452484 -7.7543793 3.7432861
-4.6071625 -7.7758026 3.6599731
-4.692856 -7.7377167 3.7409058
-4.699997 -7.561569 3.9360962
-4.611923 -7.644882 4.2074585
-4.5809784 -7.7734222 4.2384033
-4.680954 -7.8710175 3.845642
-4.604782 -8.01384 3.9122925
-4.5357513 -8.106674 3.800415
-4.7095184 -8.232834 3.9979858
-4.6857147 -8.387558 4.497864
-4.450058 -8.497055 4.838257
-4.20726 -8.616074 4.7192383
-4.264389 -8.33757 4.878723
-4.3762665 -7.8972015 4.7454224
-4.4524384 -8.011459 4.7835083
-4.778549 -7.2306976 5.0144043
-4.4667206 -6.695114 5.764221
-3.8763885 -8.194748 4.7454224
-4.4738617 -8.537521 4.0551147
-4.733322 -8.697006 4.3931274
-4.1786957 -8.868393 4.9763184
-3.8073578 -8.2733 4.8287354
-4.2144012 -8.118576 4.3431396
-4.8380585 -7.9543304 3.902771
-4.6976166 -7.892441 4.1098633
-4.0953827 -7.978134 4.1931763
-4.0882416 -8.042404 4.3359985
-3.9073334 -8.163803 4.28125
-4.3691254 -8.311386 4.364563
-4.6452484 -8.358994 4.447876
-4.5571747 -8.170944 4.4907227
-4.7856903 -8.687485 4.814453
-5.218918 -9.608688 4.7977905
-5.4212494 -11.072617 4.8858643
-5.4783783 -11.751022 5.4714355
-5.1189423 -11.453476 6.102234
-4.9404144 -11.589157 6.449768
-4.6071625 -12.000961 6.366455
-4.378647 -12.238998 6.1522217
-3.9787445 -11.996201 6.46167
-3.7526093 -11.765305 6.6068726
-3.4598236 -11.470139 6.9091797
-3.0789642 -11.136887 7.0091553
-3.019455 -11.124985 6.8710938
-2.9147186 -11.493942 6.102234
-2.8290253 -11.677231 5.6380615
-2.724289 -11.658188 5.2738647
-2.5219574 -11.389206 5.026306
-2.2934418 -11.098801 5.069153
-2.21727 -10.822678 5.0929565
-2.0149384 -10.51799 5.0548706
-1.7888031 -10.137131 5.1453247
-1.4769745 -9.968124 5.538086
-1.3746185 -9.980026 5.7785034
-1.2484589 -9.965744 5.7927856
-1.0413666 -9.918137 5.7261353
-0.9675751 -9.901474 5.7594604
-0.86283875 -9.689621 5.4262085
-0.6367035 -9.637253 5.333374
-0.37486267 -9.503952 5.2595825
-0.029708862 -9.442062 5.235779
0.24403381 -9.254013 5.416687
0.42018127 -9.254013 5.416687
0.45350647 -9.351608 5.492859
0.57014465 -9.054062 5.7142334
0.72724915 -8.892197 6.0213013
0.8772125 -8.956467 5.7523193
1.0628815 -9.10643 5.511902
1.0819244 -8.996933 4.902527
1.2628326 -8.532761 4.5859375
1.624649 -8.432785 4.3931274
1.9412384 -8.425644 4.693054
2.0055084 -8.447067 5.11438
2.0912018 -8.701767 5.404785
2.1459503 -9.399216 5.6071167
2.1935577 -9.213547 5.5023804
2.3459015 -8.601791 5.461914
2.483963 -7.618698 5.404785
2.4292145 -6.821274 5.2453003
2.234024 -6.2357025 4.455017
2.2673492 -6.418991 4.2074585
2.2364044 -6.9164886 3.9813232
2.374466 -7.2925873 4.186035
2.7315216 -7.4615936 4.371704
3.055252 -7.2045135 4.6835327
3.2171173 -6.8069916 4.876343
3.2456818 -6.5118256 5.095337
3.2718658 -5.733444 5.0429688
3.4218292 -5.45018 5.17865
3.5646515 -5.559677 4.98584
3.593216 -5.764389 4.8239746
3.7622223 -6.2285614 4.98822
3.926468 -6.6641693 5.269104
4.1668854 -6.6451263 5.621399
4.364456 -6.1904755 5.871338
4.588211 -5.7858124 6.033203
4.7905426 -5.8619843 5.5928345
4.9809723 -5.995285 5.3762207
5.09523 -6.097641 5.171509
5.114273 -5.881027 5.238159
5.0523834 -5.540634 5.345276
4.96669 -5.45018 5.633301
4.921463 -5.609665 5.6261597
4.971451 -5.6310883 5.56427
5.1999664 -5.3573456 5.8999023
5.299942 -5.269272 5.6118774
5.371353 -5.1764374 4.981079
5.190445 -5.0240936 4.526428
5.004776 -4.776535 4.550232
4.8928986 -4.7789154 4.66687
4.907181 -5.219284 4.9644165
4.9500275 -5.5739594 5.4833374
5.0904694 -5.476364 6.0355835
5.22139 -4.8312836 6.3426514
5.2951813 -4.262375 6.5045166
5.3142242 -4.2147675 5.916565
5.35231 -4.5932465 5.56427
5.3737335 -4.5742035 5.333374
5.4046783 -4.302841 5.597595
5.4641876 -3.9457855 5.7785034
5.6046295 -4.000534 6.264099
5.6736603 -4.0671844 6.623535
5.7569733 -3.9529266 6.8449097
5.8236237 -3.641098 6.6592407
5.9259796 -3.5268402 6.5426025
5.8926544 -3.338791 6.2617188
5.8617096 -3.307846 6.2331543
5.830765 -3.622055 6.3807373
5.8807526 -3.762497 6.3378906
5.8617096 -3.6839447 6.487854
5.8498077 -3.576828 6.647339
5.947403 -3.8838959 6.385498
5.942642 -4.238571 6.0546265
5.8926544 -4.6884613 6.109375
6.0545197 -4.6051483 6.07605
6.292557 -4.7479706 6.290283
6.4591827 -4.469467 6.502136
6.56868 -4.2147675 6.787781
6.5924835 -3.71727 6.9710693
6.299698 -3.3697357 6.771118
6.242569 -3.3983002 6.3950195
6.3235016 -3.6268158 6.0808105
6.447281 -3.6101532 6.1688843
6.6186676 -3.5173187 6.242676
6.782913 -2.9888763 6.602112
6.870987 -2.7056122 6.78302
6.9138336 -2.7675018 6.8258667
6.718643 -2.8317719 6.854431
6.5234528 -2.941269 6.813965
6.4377594 -2.8793793 6.878235
6.4901276 -2.88414 6.699707
6.5782013 -2.8793793 6.628296
6.63295 -2.7960663 6.4854736
6.6234283 -2.4199677 6.3950195
6.602005 -2.4509125 6.4830933
6.6805573 -2.5389862 6.3117065
6.6567535 -2.5984955 5.9832153
6.6234283 -2.774643 6.0236816
6.511551 -3.1840668 6.135559
6.4829865 -3.4887543 6.154602
6.4829865 -3.4839935 6.6401978
6.5853424 -2.838913 6.935364
6.799576 -2.0867157 7.154358
7.011429 -1.8867645 7.1186523
6.9971466 -1.9867401 6.8449097
6.7519684 -1.9843597 6.6187744
6.530594 -2.0986176 6.4259644
6.5282135 -1.9748383 6.185547
6.5662994 -1.9486542 6.325989
6.6805573 -2.3104706 6.7282715
6.749588 -2.5294647 6.9520264
6.7329254 -2.6103973 7.109131
6.6424713 -2.5604095 7.251953
6.435379 -2.3414154 7.3495483
6.287796 -2.0748138 7.161499
6.2639923 -1.6225433 6.828247
6.237808 -1.1916962 6.6259155
6.2663727 -1.2202606 6.290283
6.294937 -1.6296844 6.33313
6.3235016 -2.0843353 6.59021
6.337784 -2.3461761 6.918701
6.37825 -2.3223724 6.9710693
6.3758698 -2.1319427 7.085327
6.333023 -1.6154022 7.16626
6.3663483 -1.2202606 7.4542847
6.4377594 -1.0679169 7.635193
6.37825 -0.991745 7.5161743
6.2854156 -1.1750336 7.1900635
6.242569 -1.1655121 7.1900635
6.2592316 -1.2916718 7.1257935
6.4449005 -1.563034 7.0543823
6.609146 -1.5796967 6.97583
6.7543488 -1.4892426 6.9067993
6.76149 -1.177414 7.063904
6.7019806 -0.991745 7.1400757
6.56868 -0.9608002 6.9853516
6.4306183 -1.2750092 6.7282715
6.3115997 -1.415451 6.533081
6.294937 -1.3440399 6.616394
6.454422 -1.3630829 6.6378174
6.6424713 -1.1226654 6.7163696
6.7638702 -0.87272644 7.135315
6.723404 -0.72276306 7.2495728
6.544876 -0.7679901 7.6280518
6.333023 -0.6680145 7.4995117
6.171158 -0.7299042 7.5042725
6.1997223 -1.0060272 7.2043457
6.4306183 -1.0988617 6.8829956
6.6757965 -1.010788 6.5307007
6.718643 -0.69895935 6.3997803
6.556778 -0.35380554 6.635437
6.3235016 -0.16575623 6.8687134
6.216385 -0.2252655 7.1710205
6.3044586 -0.4228363 7.1900635
6.4329987 -0.9155731 7.1781616
6.473465 -1.2059784 7.270996
6.397293 -1.1440887 7.3376465
6.333023 -0.75608826 7.123413
6.3925323 -0.25144958 6.5545044
6.518692 -0.151474 6.437866
6.6567535 -0.07054138 6.556885
6.671036 -0.14195251 6.828247
6.590103 -0.32048035 7.123413
6.4258575 -0.35856628 7.275757
6.3758698 -0.44664 7.1567383
6.50441 -0.7037201 6.9663086
6.6638947 -0.6370697 6.7615967
6.82576 -0.46806335 6.666382
6.7971954 0.005630493 6.5497437
6.7019806 0.16511536 6.6520996
6.397293 0.2769928 6.854431
6.1568756 0.050857544 7.2210083
6.0283356 0.096084595 7.3067017
6.0997467 0.0460968 7.36145
6.4115753 -0.14671326 7.3495483
6.4948883 0.008010864 7.161499
6.5591583 0.16035461 7.013916
6.640091 0.003250122 6.706848
6.5924835 -0.0038909912 6.518799
6.511551 0.057998657 6.649719
6.5139313 0.20558167 6.771118
6.5734406 0.14131165 7.066284
6.563919 0.050857544 7.082947
6.5662994 0.015151978 7.173401
6.511551 0.012771606 7.282898
6.5139313 0.057998657 7.4138184
6.4591827 0.28651428 7.251953
6.44252 0.31983948 7.021057
6.44252 0.30793762 6.802063
6.4449005 0.28889465 6.706848
6.4139557 0.28651428 6.982971
6.383011 0.32460022 6.949646
6.3877716 0.17463684 7.0353394
6.3758698 0.21986389 7.002014
6.3758698 0.16749573 7.1519775
6.4972687 0.26985168 7.059143
6.5853424 0.25794983 6.9067993
6.461563 0.4983673 6.930603
6.421097 0.68403625 6.999634
6.530594 0.5174103 6.9734497
6.5782013 0.30793762 6.7806396
6.518692 0.34126282 6.8234863
6.385391 0.4650421 6.9472656
6.2449493 0.4412384 6.885376
6.268753 0.19129944 6.790161
6.2330475 0.09370422 6.8234863
6.242569 0.23176575 7.0805664
6.192581 0.45552063 7.1019897
6.12117 0.6126251 6.833008
6.049759 0.64356995 6.6973267
6.0140533 0.5578766 6.621155
6.0807037 0.4817047 6.8115845
6.18544 0.32936096 6.7235107
6.2140045 0.10798645 6.7401733
6.2259064 0.13893127 7.0377197
6.237808 0.41267395 7.002014
6.2021027 0.35792542 6.9448853
6.1568756 0.5507355 6.609253
5.9045563 0.8268585 6.430725
5.728409 0.79115295 6.3045654
5.6189117 0.3436432 6.3307495
5.626053 -0.11100769 6.3688354
5.776016 -0.3990326 6.475952
6.0140533 -0.5228119 6.5545044
6.1806793 -0.45140076 7.013916
6.2187653 -0.31095886 7.270996
6.152115 -0.58470154 7.1781616
5.973587 -0.3895111 6.775879
5.9307404 0.050857544 6.540222
5.9831085 0.18891907 6.185547
6.1449738 -0.13957214 6.290283
6.1830597 -0.5608978 6.223633
6.2021027 -0.97746277 6.666382
6.1830597 -1.1464691 7.002014
6.254471 -0.90367126 7.642334
6.268753 -0.760849 7.5423584
6.435379 -0.90367126 7.36145
6.4139557 -1.1488495 7.0567627
6.340164 -1.3749847 6.8115845
6.1497345 -1.4654388 6.8449097
5.966446 -1.5606537 6.9710693
5.8545685 -1.5320892 7.1067505
5.9307404 -1.6368256 7.1067505
6.1187897 -1.9224701 6.999634
6.292557 -2.415207 6.5164185
6.4068146 -2.7698822 6.328369
6.344925 -2.569931 6.5806885
6.1759186 -2.0652924 6.8044434
6.075943 -2.0343475 6.8901367
5.9331207 -2.1390839 6.880615
5.833145 -2.377121 6.937744
5.8402863 -2.6389618 6.5616455
5.8474274 -2.9269867 6.287903
5.742691 -3.0460052 6.0927124
5.67128 -3.2388153 6.1712646
5.5736847 -3.3983002 6.3950195
5.4451447 -3.4720917 6.5045166
5.318985 -3.3054657 6.666382
5.311844 -2.986496 6.2283936
5.3665924 -1.3178558 5.364319
4.9690704 -2.9960175 8.327881
5.6379547 -3.3435516 4.583557
5.523697 -6.4213715 4.3598022
4.850052 -6.135727 4.543091
4.4763336 -5.2549896 5.5404663
4.7000885 -4.3766327 6.0093994
5.185684 -4.333786 5.8951416
5.647476 -4.5932465 5.2714844
5.7569733 -5.00029 4.7263794
5.4832306 -5.0478973 4.6168823
5.073807 -5.1454926 4.845398
4.64534 -5.3049774 5.128662
4.4763336 -5.416855 5.197693
4.6096344 -5.6406097 5.11438
4.8214874 -5.8072357 4.9001465
4.985733 -5.733444 4.2384033
5.138077 -5.7596283 3.7908936
5.140457 -5.9286346 4.02417
4.759598 -6.4285126 4.838257
4.4620514 -6.7665253 5.359558
4.285904 -7.1021576 5.511902
4.183548 -7.0307465 5.314331
4.2501984 -6.592758 5.0096436
4.3787384 -5.8453217 3.993225
4.4311066 -5.76915 3.1124878
4.2906647 -6.3880463 2.74115
3.9193268 -7.3140106 2.7554321
3.6194 -7.7305756 3.3433838
3.6074982 -7.9471893 3.9194336
3.7503204 -8.242355 4.250305
3.8907623 -8.159042 4.293152
4.0335846 -8.156662 4.005127
3.8098297 -7.728195 3.4766846
3.4503937 -7.6996307 3.331482
3.0266876 -7.8710175 2.86969
2.760086 -8.354233 2.9696655
2.5149078 -9.011215 3.4171753
2.4054108 -9.220688 3.7123413
2.4601593 -9.280197 4.050354
2.6672516 -9.099289 4.1360474
2.6386871 -8.837448 4.050354
2.4411163 -8.789841 3.7313843
2.098343 -8.675583 3.0982056
1.707962 -9.353989 2.5054932
1.1771393 -10.510849 2.2817383
0.77485657 -11.296371 2.5697632
0.5177765 -11.634384 3.0482178
0.39161682 -11.343979 3.6480713
0.33210754 -11.446335 3.2386475
0.1464386 -11.660568 2.5031128
-0.13444519 -11.946213 1.9699097
-0.3486786 -11.834335 1.6461792
-0.44865417 -11.767685 1.6485596
-0.479599 -12.062851 1.6104736
-0.562912 -12.781723 1.2629395
-0.8080902 -13.155441 1.3200684
-0.9723358 -12.976913 1.7747192
-1.0627899 -12.638901 2.5340576
-1.0342255 -12.346115 3.043457
-0.94615173 -12.191391 2.8006592
-1.0175629 -12.331833 2.8363647
-1.2222748 -11.791489 2.1293945
-1.3579559 -11.305893 1.631897
-1.634079 -11.055954 1.4724121
-1.9792328 -11.203537 1.3010254
Time Stop = 494
