Time Start = 423
-1.005661 1.6171417 9.760864
-1.4650726 1.3767242 9.532349
-1.7840424 1.214859 9.322876
-1.7292938 1.1720123 9.0824585
-1.5364838 1.2434235 9.137207
-1.4412689 1.2719879 9.011047
-1.5674286 1.150589 8.780151
-1.8030853 0.9601593 8.730164
-1.9125824 1.1006012 8.756348
-1.781662 1.1934357 8.730164
-1.6293182 1.2553253 8.734924
-1.505539 1.3362579 8.782532
-1.4579315 1.2220001 8.584961
-1.5721893 1.1077423 8.437378
-1.7197723 1.0529938 8.227905
-1.7792816 0.9339752 7.963684
-1.7840424 0.7697296 7.7803955
-1.762619 0.6411896 7.5875854
-1.7150116 0.624527 7.313843
-1.6507416 0.69355774 7.1210327
-1.5888519 0.7030792 6.84729
-1.5341034 0.6864166 6.668762
-1.5174408 0.6721344 6.4902344
-1.6674042 0.99586487 6.178406
-1.6721649 0.93873596 6.1117554
-1.6578827 0.92445374 6.064148
-1.5769501 0.94111633 5.9451294
-1.634079 0.61738586 5.833252
-1.864975 0.015151978 5.742798
-2.352951 -0.66563416 5.633301
-2.8552094 -1.0345917 5.345276
-3.321762 -1.2369232 5.083435
-3.519333 -1.4559174 5.2095947
-3.590744 -1.684433 5.2405396
-3.5978851 -1.8891449 5.538086
-3.609787 -2.0319672 5.871338
-3.9025726 -2.0652924 6.3974
-4.4024506 -1.9700775 6.9210815
-5.0308685 -2.7460785 8.020813
-5.6283417 -3.4506683 8.465942
-6.523361 -3.633957 8.187439
-7.168442 -4.0362396 7.925598
-7.246994 -3.9672089 7.071045
-7.001816 -3.5363617 6.8615723
-6.6423798 -2.6484833 7.0234375
-6.297226 -2.108139 7.5566406
-5.9853973 -2.024826 7.8446655
-5.994919 -2.2604828 8.046997
-6.097275 -2.9365082 8.189819
-6.4352875 -3.9838715 7.380493
-7.201767 -4.3956757 7.154358
-7.9301605 -4.2909393 7.5352173
-8.620468 -3.660141 8.037476
-8.756149 -2.9269867 8.206482
-8.396713 -2.4842377 8.080322
-8.149155 -2.1486053 7.797058
-8.227707 -2.070053 7.739929
-8.468124 -2.005783 7.5114136
-8.587143 -2.3723602 7.5494995
-8.546677 -2.717514 7.309082
-8.856125 -2.7079926 6.821106
-9.310776 -2.2842865 6.994873
-9.451218 -1.8272552 7.3067017
-9.386948 -1.5130463 7.0091553
-9.636887 -1.5320892 6.7925415
-9.965378 -1.6249237 6.609253
-10.227219 -1.4606781 6.840149
-10.265305 -1.1726532 7.328125
-10.096298 -1.0488739 7.642334
-10.279587 -1.4559174 7.090088
-10.841354 -2.0153046 6.1498413
-11.26268 -2.319992 5.7094727
-11.229355 -2.4128265 5.935608
-11.107956 -2.2914276 6.283142
-10.955612 -1.9962616 6.6949463
-10.827072 -1.8201141 6.7615967
-10.727097 -1.7201385 6.7925415
-10.577133 -1.4273529 6.9210815
-10.379562 -1.1274261 7.097229
-10.229599 -0.8655853 7.116272
-10.101059 -0.9346161 6.835388
-9.8535 -1.415451 6.0808105
-9.667831 -1.7463226 5.0144043
-9.613083 -1.79393 4.2145996
-9.59404 -1.4416351 3.6813965
-9.489304 -1.0298309 3.4933472
-9.413132 -0.82273865 3.2219849
-9.441696 -0.66563416 2.895874
-9.667831 -0.87272644 2.331726
-10.124863 -1.0155487 1.6533203
-10.781845 -0.98698425 0.8820801
-11.3745575 -1.203598 0.4202881
-11.572128 -3.3697357 0.41314697
-11.731613 -4.2647552 -0.17718506
-11.883957 -5.078842 -0.15814209
-11.655441 -5.2978363 0.2298584
-11.257919 -4.897934 0.67022705
-10.836594 -4.314743 1.1724854
-10.515244 -3.7196503 1.484314
-10.181992 -3.2745209 1.8032837
-9.936813 -2.9769745 2.074646
-9.620224 -2.7794037 2.4174194
-9.3155365 -2.6580048 2.4626465
-9.037033 -2.6175385 2.5531006
-8.846603 -2.7222748 2.4864502
-8.882309 -2.7913055 2.2936401
-8.946579 -2.9150848 1.9889526
-9.132248 -3.1174164 1.8128052
-9.294113 -3.2911835 1.5533447
-9.363144 -3.4435272 1.2653198
-9.405991 -3.6363373 1.2653198
-9.451218 -3.743454 1.234375
-9.434555 -3.7482147 1.1343994
-9.310776 -3.7363129 1.1486816
-9.191757 -3.6482391 1.3081665
-9.194138 -3.6172943 1.4176636
-9.191757 -3.4435272 1.4486084
-9.14653 -3.2102509 1.5081177
-9.184616 -3.031723 1.5057373
-9.229843 -2.903183 1.5009766
-9.27507 -2.8960419 1.4057617
-9.441696 -3.0198212 1.4509888
-9.598801 -3.1245575 1.4962158
-9.7202 -3.172165 1.4295654
-9.78923 -3.0793304 1.381958
-9.691635 -2.7794037 1.4057617
-9.589279 -2.5604095 1.427185
-9.503586 -2.3437958 1.593811
-9.601181 -2.2057343 1.6604614
-9.836838 -2.248581 1.658081
-10.117722 -2.3437958 1.2819824
-10.434311 -2.4271088 1.067749
-10.629501 -2.4294891 0.77020264
-10.727097 -2.3437958 0.56073
-10.927048 -2.479477 0.7011719
-11.379318 -2.6889496 0.7463989
-11.9006195 -2.9626923 0.6749878
-12.371933 -3.0745697 0.5155029
-12.493332 -2.922226 0.42266846
-11.96489 -2.615158 0.3203125
-10.998459 -2.3295135 0.38220215
-10.089157 -2.217636 0.43933105
-9.432175 -2.255722 0.46551514
-9.039413 -2.4461517 0.4202881
-8.934677 -2.6246796 0.36553955
-9.060837 -2.5675507 0.34887695
-9.294113 -2.6246796 0.34887695
-9.515488 -2.6103973 0.541687
-9.644028 -2.524704 0.47027588
-9.603561 -2.5199432 0.38458252
-9.548813 -2.5604095 0.30841064
-9.479782 -2.6246796 0.25128174
-9.294113 -2.7008514 0.18463135
-9.08226 -2.7651215 0.14178467
-8.860886 -2.6746674 0.06561279
-8.808517 -2.6175385 0.013244629
-9.006088 -2.588974 -0.05102539
-9.486923 -2.6675262 -0.06768799
-10.04631 -2.7675018 -0.13195801
-10.512863 -2.903183 -0.29858398
-10.700912 -2.941269 -0.4937744
-10.796127 -2.9341278 -0.42474365
-10.865158 -2.9079437 -0.40570068
-10.946091 -2.8865204 -0.3723755
-11.100815 -2.7722626 -0.42236328
-11.148422 -2.6651459 -0.45806885
-10.972275 -2.5532684 -0.5366211
-10.667587 -2.4199677 -0.48425293
-10.210556 -2.377121 -0.40570068
-9.760666 -2.4770966 -0.33190918
-9.40123 -2.5009003 -0.30096436
-9.067978 -2.4532928 -0.21765137
-8.903732 -2.4390106 -0.024841309
-8.765671 -2.5032806 0.16320801
-8.679977 -2.6294403 0.022766113
-8.563339 -2.781784 0.05609131
-8.434799 -2.9579315 -0.055786133
-8.299118 -2.967453 -0.12957764
-8.134872 -2.8293915 -0.18670654
-7.951584 -2.6627655 -0.31524658
-7.8730316 -2.7008514 -0.1819458
-7.882553 -2.910324 -0.0034179688
-8.05394 -3.2340546 0.08227539
-8.239609 -3.4649506 0.14416504
-8.413376 -3.4982758 0.091796875
-8.556198 -3.4078217 0.18701172
-8.710922 -3.2031097 0.37982178
-8.815659 -2.9079437 0.22271729
-8.739487 -2.7341766 -0.058166504
-8.729965 -2.8365326 -0.07244873
-8.779953 -3.005539 -0.13671875
-8.989426 -3.1816864 -0.081970215
-9.265549 -3.3435516 -0.124816895
-9.646408 -3.4316254 -0.16766357
-10.093918 -3.5149384 -0.17480469
-10.660446 -3.3483124 -0.036743164
-11.20079 -3.115036 -0.19622803
-11.495956 -2.8079681 -0.22479248
-11.541183 -2.5675507 -0.26287842
-11.307907 -2.4390106 -0.32000732
-10.924667 -2.5556488 -0.215271
-10.6175995 -2.7770233 -0.17480469
-10.7509 -2.9198456 -0.33428955
-11.684006 -2.967453 -0.47473145
-13.143173 -2.8793793 -0.75323486
-14.302414 -2.6318207 -1.1745605
-14.40477 -2.3485565 -1.5649414
-13.424057 -2.1605072 -1.5578003
-11.795883 -2.0914764 -1.0079346
-10.350998 -2.203354 -0.34143066
-9.53215 -2.3223724 0.25128174
-9.375046 -2.365219 0.5821533
-9.682114 -2.384262 0.45361328
-10.1558075 -2.377121 0.25604248
-10.346237 -2.274765 0.16796875
-10.177231 -2.1985931 0.2965088
-9.672592 -2.2652435 0.4202881
-9.134628 -2.2223969 0.6416626
-8.665695 -2.1390839 0.625
-8.394333 -2.0867157 0.51312256
-8.541916 -2.108139 0.53692627
-8.946579 -2.0914764 0.48693848
-9.534531 -2.1295624 0.477417
-9.996323 -2.1438446 0.5155029
-10.189133 -2.203354 0.6154785
-10.039169 -2.2414398 0.58691406
-9.72258 -2.1985931 0.58929443
-9.482162 -2.2581024 0.5916748
-9.484543 -2.248581 0.42980957
-9.598801 -2.2723846 0.39886475
-9.696396 -2.3152313 0.42980957
-9.670212 -2.3223724 0.46551514
-9.503586 -2.2581024 0.5321655
-9.101303 -2.358078 0.5583496
-8.7894745 -2.3485565 0.6392822
-8.575241 -2.2795258 0.66070557
-8.37291 -2.2342987 0.7463989
-8.261032 -2.1890717 0.9035034
-8.194382 -2.172409 0.91064453
-8.18486 -2.1890717 0.8630371
-8.199142 -2.2081146 0.86779785
-8.237228 -2.1890717 0.90826416
-8.332443 -2.0938568 0.87731934
-8.325302 -2.0652924 0.82733154
-8.43956 -2.2057343 0.90112305
-8.496689 -2.3247528 0.94158936
-8.6418915 -2.4128265 0.8535156
-8.687119 -2.448532 0.8225708
-8.703781 -2.4770966 0.8201904
-8.677597 -2.5270844 0.7583008
-8.563339 -2.5580292 0.7344971
-8.480026 -2.4699554 0.73687744
-8.363388 -2.5199432 0.85827637
-8.299118 -2.581833 0.8892212
-8.320541 -2.7579803 0.9963379
-8.532394 -2.9769745 1.1105957
-8.772812 -3.0817108 1.0629883
-9.217941 -3.115036 1.1534424
-9.665451 -3.0602875 1.0748901
-10.070114 -2.9722137 0.71307373
-10.486679 -2.9436493 0.56073
-10.805649 -2.846054 0.4940796
-10.957993 -2.7008514 0.55596924
-11.055588 -2.7603607 0.58929443
-11.074631 -2.7651215 0.6583252
-10.998459 -2.8293915 0.5250244
-10.965134 -2.9365082 0.5678711
-10.972275 -2.9650726 0.4036255
-11.212692 -3.0412445 0.10131836
-12.28624 -3.2745209 0.477417
-13.476425 -3.3483124 0.52264404
-14.185776 -3.3245087 0.3441162
-14.1262665 -3.1864471 0.15844727
-13.031296 -3.0102997 -0.25811768
-11.83873 -3.2840424 -0.6008911
-11.334091 -3.4078217 -0.3866577
-11.303146 -3.3173676 0.20843506
-11.296005 -3.0412445 0.47503662
-11.165085 -2.8103485 0.45361328
-10.734238 -2.615158 0.33221436
-10.151047 -2.6222992 0.36791992
-9.444077 -2.6746674 0.33935547
-8.9561 -2.8436737 0.3369751
-8.813278 -2.8341522 0.1798706
-9.006088 -2.7436981 0.12988281
-9.329819 -2.5175629 0.013244629
-9.705917 -2.4437714 0.015625
-9.908249 -2.5270844 -0.00579834
-10.067734 -2.672287 0.051330566
-10.177231 -2.8436737 -0.024841309
-10.291489 -2.8984222 0.053710938
-10.403366 -2.88414 -0.008178711
-10.510483 -2.7722626 -0.043884277
-10.510483 -2.6556244 -0.008178711
-10.374802 -2.5199432 0.03466797
-10.0082245 -2.3818817 -0.020080566
-9.579758 -2.365219 -0.19384766
-9.14415 -2.448532 -0.17718506
-8.8537445 -2.6103973 -0.08673096
-8.765671 -2.838913 0.0013427734
-8.798996 -2.986496 -0.05340576
-8.901352 -3.1745453 0.06323242
-8.996567 -3.3126068 -0.0748291
-9.034653 -3.3340302 -0.15338135
-8.925156 -3.345932 -0.14624023
-8.765671 -3.217392 -0.24145508
-8.599045 -3.1055145 -0.2557373
-8.541916 -3.0293427 -0.27001953
-8.4752655 -2.9841156 -0.24145508
-8.470505 -2.9912567 -0.23431396
-8.553818 -3.095993 -0.26763916
-8.608566 -3.0912323 -0.17480469
-8.544296 -3.088852 -0.2390747
-8.446701 -3.2507172 -0.17956543
-8.284836 -3.307846 -0.31524658
-8.142014 -3.364975 -0.41046143
-8.11821 -3.4125824 -0.40808105
-8.194382 -3.3411713 -0.32476807
-8.382431 -3.1245575 -0.42236328
-8.546677 -2.9912567 -0.5366211
-8.734726 -3.0602875 -0.6699219
-8.88707 -3.2721405 -0.65802
-8.991806 -3.5244598 -0.6270752
-9.151291 -3.8172455 -0.57232666
-9.351242 -4.000534 -0.61279297
-9.679733 -4.1243134 -0.6508789
-9.965378 -4.076706 -0.71990967
-10.222458 -4.000534 -0.77227783
-10.42717 -3.929123 -0.77941895
-10.460495 -3.936264 -0.7675171
-10.472397 -4.0743256 -0.81988525
-10.462875 -4.0671844 -0.8579712
-10.584274 -3.9576874 -1.0245972
-11.2603 -3.9576874 -1.0269775
-12.35051 -3.9791107 -1.0150757
-13.388351 -3.9505463 -1.0983887
-13.678757 -3.97435 -1.2150269
-13.05748 -3.9981537 -1.157898
-11.922043 -4.0148163 -0.8555908
-10.872299 -4.0671844 -0.4628296
-10.198654 -4.1005096 -0.16290283
-10.055832 -4.171921 0.09893799
-10.120102 -4.148117 0.2869873
-10.032028 -3.9957733 0.3703003
-9.586899 -3.5363617 0.66070557
-8.944199 -3.0436249 0.9368286
-8.30864 -2.762741 1.022522
-8.122971 -2.6484833 1.151062
-8.427658 -2.7770233 1.0368042
-9.067978 -2.9365082 0.71307373
-9.572617 -2.8627167 0.48693848
-9.689255 -2.6484833 0.27746582
-9.375046 -2.384262 0.24176025
-8.865646 -2.2604828 0.32269287
-8.518112 -2.377121 0.3774414
-8.43956 -2.4723358 0.394104
-8.601425 -2.5913544 0.43933105
-8.815659 -2.6484833 0.36553955
-8.903732 -2.7698822 0.3703003
-8.7894745 -2.9555511 0.38934326
-8.618088 -3.0650482 0.39648438
-8.408615 -3.1055145 0.48217773
-8.287216 -3.1816864 0.6392822
-8.284836 -3.0840912 0.6107178
-8.275314 -3.160263 0.44647217
-8.253891 -3.2388153 0.3703003
-8.30864 -3.3411713 0.5036011
-8.408615 -3.4125824 0.5488281
-8.518112 -3.403061 0.541687
-8.63237 -3.4054413 0.5202637
-8.6228485 -3.467331 0.5321655
-8.537155 -3.5244598 0.52978516
-8.56572 -3.5268402 0.56073
-8.465744 -3.4768524 0.56311035
-8.401474 -3.4435272 0.6011963
-8.446701 -3.4816132 0.6107178
-8.532394 -3.486374 0.7249756
-8.625229 -3.4958954 0.82733154
-8.739487 -3.550644 0.8535156
-8.749008 -3.6744232 0.8630371
-8.772812 -3.762497 0.91778564
-8.777573 -3.8196259 0.7963867
-8.870407 -3.8220062 0.89160156
-8.906113 -3.8124847 0.85113525
-8.982285 -3.826767 0.83447266
-9.141769 -3.8172455 0.86065674
-9.229843 -3.8386688 0.83447266
-9.310776 -3.833908 0.81781006
-9.444077 -3.8624725 0.78448486
-9.553574 -3.8743744 0.78448486
-9.667831 -3.8767548 0.7297363
-9.870163 -3.9124603 0.8130493
-10.1082 -3.948166 0.8154297
-10.310532 -3.9529266 0.8487549
-10.384323 -3.84581 0.772583
-10.3676605 -3.660141 0.62976074
-10.42717 -3.4530487 0.21795654
-11.117477 -3.569687 0.30841064
-12.1957855 -3.807724 0.35601807
-13.288376 -4.0862274 0.3703003
-14.007248 -4.1623993 0.29412842
-13.819199 -4.088608 -0.055786133
-12.790878 -4.03862 -0.30096436
-11.545944 -3.929123 -0.31048584
-10.677109 -3.9600677 -0.0914917
-10.198654 -4.1171722 -0.043884277
-10.055832 -4.2480927 0.10369873
-9.934433 -4.3242645 0.26794434
-9.78685 -4.2790375 0.5345459
-9.563095 -4.2028656 0.7630615
-9.308395 -4.114792 0.94873047
-9.172714 -4.0552826 0.8535156
-9.206039 -4.0362396 0.6416626
-9.353622 -3.9053192 0.34173584
-9.639267 -3.7363129 0.31079102
-9.941574 -3.4792328 0.40124512
-10.191513 -3.1293182 0.39172363
-10.336716 -2.94841 0.47027588
-10.358139 -2.903183 0.30126953
-10.36528 -2.9722137 0.17272949
-10.434311 -3.1269379 -0.020080566
-10.453354 -3.3054657 -0.07006836
-10.453354 -3.403061 -0.24145508
-10.389084 -3.486374 -0.2723999
-10.165329 -3.5030365 -0.28430176
-9.855881 -3.493515 -0.27954102
-9.536911 -3.4601898 -0.2890625
-9.201279 -3.4173431 -0.0914917
-8.946579 -3.403061 0.072753906
-8.732346 -3.3221283 0.07751465
-8.556198 -3.262619 -0.012939453
-8.408615 -3.2316742 -0.02960205
-8.334824 -3.2411957 -0.13671875
-8.261032 -3.2983246 -0.16290283
-8.287216 -3.4387665 -0.19146729
-8.303879 -3.4578094 -0.2652588
-8.444321 -3.6172943 -0.215271
-8.660934 -3.7148895 -0.1652832
-8.82756 -3.6125336 -0.3057251
-8.88707 -3.4792328 -0.25335693
-8.815659 -3.4459076 -0.27954102
-8.753769 -3.4340057 -0.2390747
-8.627609 -3.5268402 -0.23431396
-8.587143 -3.6482391 -0.23669434
-8.496689 -3.679184 -0.15100098
-8.496689 -3.6887054 -0.13433838
-8.4752655 -3.660141 -0.103393555
-8.425278 -3.679184 -0.12719727
-8.363388 -3.7743988 -0.13433838
-8.470505 -3.9053192 -0.020080566
-8.594284 -3.8815155 -0.010559082
-8.710922 -3.8291473 -0.02722168
-8.879929 -3.7672577 0.022766113
-9.037033 -3.6196747 0.091796875
-9.198898 -3.6315765 0.10369873
-9.508347 -3.7458344 0.20367432
-9.858261 -3.750595 0.2131958
-10.148666 -3.7339325 -0.00579834
-10.400986 -3.595871 -0.039123535
-10.420029 -3.5744476 -0.103393555
-10.23436 -3.474472 -0.09387207
-10.139145 -3.4578094 -0.31762695
-10.734238 -3.6172943 -0.28430176
-11.714951 -3.71727 -0.21765137
-12.581406 -3.7839203 -0.2890625
-12.945602 -3.7482147 -0.31524658
-12.540939 -3.7029877 -0.4295044
-11.564987 -3.7267914 -0.2890625
-10.531906 -3.8362885 0.020385742
-9.839218 -3.9957733 0.5202637
-9.558334 -4.1504974 0.8820801
-9.494064 -4.283798 0.9963379
-9.5464325 -4.193344 1.0320435
-9.627365 -4.0171967 1.0939331
-9.641647 -3.8291473 0.9701538
-9.520248 -3.6577606 0.88446045
-9.301254 -3.6101532 0.7654419
-9.075119 -3.531601 0.7987671
-8.7894745 -3.4697113 0.7321167
-8.670456 -3.403061 0.7225952
-8.798996 -3.4268646 0.70355225
-9.058456 -3.4125824 0.60357666
-9.427414 -3.4268646 0.6511841
-9.644028 -3.4697113 0.6559448
-9.746384 -3.4625702 0.5654907
-9.617844 -3.4506683 0.6011963
-9.510727 -3.4578094 0.72021484
-9.477402 -3.4792328 0.80352783
-9.410751 -3.5530243 0.8320923
-9.284592 -3.633957 0.939209
-9.106064 -3.6268158 0.9963379
-8.777573 -3.583969 0.97491455
-8.518112 -3.5744476 1.0653687
-8.30864 -3.5982513 1.0725098
-8.170578 -3.6291962 0.94873047
-8.139633 -3.6768036 0.8535156
-8.149155 -3.5911102 0.8249512
-8.175339 -3.4768524 0.84161377
-8.18486 -3.410202 0.8796997
-8.218185 -3.3578339 0.99871826
Time Stop = 428
