Time Start = 475
0.5558624 1.3386383 9.953674
-0.010665894 0.79829407 9.713257
-0.83665466 0.5316925 9.427612
-0.70573425 0.5078888 9.289551
-0.5295868 0.3841095 9.553772
-0.40342712 0.36982727 9.60376
-0.48197937 0.24128723 9.67041
-0.5462494 0.21510315 9.737061
-0.6843109 0.43647766 9.484741
-0.6295624 0.31269836 9.715637
-0.56529236 0.31507874 9.615662
-0.6343231 0.2936554 9.427612
-0.89378357 -0.018173218 9.315735
-1.0818329 0.01991272 9.34668
-0.9985199 0.057998657 9.320496
-0.72953796 -0.08244324 9.260986
-0.52482605 -0.299057 9.225281
-0.5391083 -0.52757263 9.187195
-0.646225 -0.5394745 9.130066
-0.7700043 -0.5037689 9.118164
-0.8723602 -0.33714294 9.02533
-0.83903503 -0.18955994 8.853943
-0.82237244 -0.07292175 8.903931
-0.78666687 -0.099105835 8.9158325
-0.7842865 -0.1348114 8.922974
-0.7676239 -0.15385437 8.9158325
-0.774765 -0.12528992 8.889648
-0.7985687 -0.18241882 8.96106
-0.9318695 -0.23478699 9.020569
-1.108017 -0.34428406 8.870605
-1.3222504 -0.4728241 8.801575
-1.4507904 -0.696579 8.694458
-1.6412201 -0.67277527 8.444519
-1.7388153 -0.74894714 8.496887
-1.7840424 -0.87272644 8.499268
-1.7483368 -1.0869598 8.675415
-1.6555023 -1.2583466 8.725403
-1.5936127 -1.5749359 8.792053
-1.6840668 -1.9843597 8.861084
-1.910202 -2.293808 8.64447
-2.1077728 -2.6318207 8.444519
-2.3505707 -2.8555756 8.201721
-2.6005096 -3.0555267 8.232666
-2.6838226 -3.281662 8.151733
-2.6552582 -3.3506927 7.816101
-2.6743011 -3.4720917 7.6851807
-2.750473 -3.595871 7.6280518
-2.8433075 -4.03862 7.718506
-2.8932953 -4.7146454 8.016052
-3.0884857 -5.5620575 8.023193
-3.6383514 -5.8715057 8.327881
-4.1382294 -5.669174 8.601624
-4.2167816 -5.604904 8.211243
-4.0287323 -5.776291 7.7423096
-3.616928 -6.0952606 7.290039
-3.4217377 -6.3071136 6.7211304
-3.5407562 -6.2690277 6.4331055
-3.6883392 -6.226181 6.4331055
-3.764511 -6.8141327 7.128174
-3.3479462 -6.5998993 5.5047607
-3.0480194 -7.354477 4.0408325
-3.0623016 -7.573471 3.9694214
-3.5050507 -7.11644 4.628784
-3.9001923 -6.635605 5.0025024
-4.038254 -6.673691 5.171509
-4.1406097 -6.9879 5.109619
-4.2929535 -7.071213 4.800171
-4.6333466 -7.2878265 4.2193604
-4.8380585 -7.8257904 3.5790405
-4.9665985 -8.432785 2.7387695
-4.9785004 -8.970749 2.0508423
-5.1260834 -9.23259 1.6818848
-5.180832 -9.280197 1.2391357
-5.3141327 -9.439682 1.1677246
-5.4426727 -9.4254 1.2438965
-5.4283905 -9.10881 1.2177124
-5.514084 -8.961227 1.3962402
-5.7235565 -9.161179 1.6890259
-6.266281 -9.477768 2.1651
-6.7447357 -9.315903 1.8508911
-7.1874847 -9.192123 1.6342773
-7.5373993 -9.065964 1.0820313
-7.727829 -9.568222 0.34649658
-7.6492767 -10.498947 -0.86035156
-7.504074 -11.048813 -1.74823
-7.4612274 -11.765305 -1.4840088
-7.4755096 -12.331833 -0.7484741
-7.311264 -11.884323 -0.54138184
-7.001816 -11.134506 -0.1986084
-6.51622 -10.370407 0.43218994
-6.1782074 -9.789597 0.85827637
-6.028244 -9.718185 0.80352783
-5.9163666 -9.93956 0.6583252
-6.0568085 -10.044296 0.29412842
-6.3376923 -10.082382 0.15844727
-6.7256927 -9.980026 0.4512329
-7.1089325 -9.87291 0.5083618
-7.232712 -10.491806 0.74401855
-6.9803925 -11.079758 0.71307373
-6.7114105 -11.503464 0.6416626
-6.5566864 -11.774826 1.0082397
-6.373398 -11.67247 1.0201416
-6.271042 -11.336838 0.7321167
-6.356735 -10.932175 1.1605835
-6.625717 -10.625107 1.7699585
-6.6780853 -10.12999 1.6414185
-6.5066986 -10.087143 1.5081177
-6.316269 -10.091904 1.4248047
-6.1591644 -9.772934 1.2081909
-6.0234833 -9.608688 1.2891235
-5.9853973 -9.275436 1.2200928
-6.092514 -9.201645 1.0725098
-6.3186493 -9.206406 1.5033569
-6.3710175 -9.094528 2.1436768
-6.2186737 -8.866013 2.574524
-5.9282684 -8.651779 2.7530518
-5.7878265 -8.670822 2.4388428
-6.440048 -8.8398285 0.34649658
-7.213669 -7.8210297 1.0725098
-6.6161957 -6.6594086 0.5155029
-4.7809296 -6.6284637 2.1484375
-4.431015 -8.727951 3.5100098
-5.759262 -10.39183 1.946106
-8.206284 -8.554184 -0.26287842
-8.939438 -9.156418 1.4343262
-6.5066986 -9.734848 2.4864502
-5.4855194 -8.65892 1.7818604
-7.239853 -8.011459 1.9413452
-7.6873627 -8.832687 2.0079956
-6.1663055 -9.487289 1.6914063
-5.4022064 -9.470627 1.824707
-5.7378387 -8.713669 2.4626465
-5.7925873 -8.023361 2.9291992
-5.2927094 -7.804367 3.1101074
-4.859482 -7.7877045 2.7649536
-4.8690033 -8.028122 2.5007324
-5.157028 -7.8638763 1.696167
-5.2165375 -7.668686 1.1534424
-5.130844 -7.387802 0.9963379
-5.245102 -7.304489 1.067749
-5.4164886 -7.349716 1.2272339
-5.3831635 -7.5829926 1.4438477
-5.10466 -7.747238 1.7770996
-5.078476 -7.6782074 2.0698853
-5.176071 -7.394943 2.0913086
-5.1855927 -7.521103 2.1508179
-5.176071 -7.7305756 1.7699585
-5.2117767 -7.7115326 1.5890503
-5.3117523 -7.483017 1.4771729
-5.3331757 -7.6520233 1.8128052
-5.380783 -7.835312 2.0127563
-5.4926605 -7.8972015 2.1032104
-5.5569305 -7.9495697 2.1293945
-5.399826 -7.997177 2.2269897
-5.259384 -7.9852753 2.5792847
-5.2760468 -8.139999 2.831604
-5.385544 -8.197128 2.9030151
-5.304611 -8.439926 3.088684
-5.1832123 -8.697006 3.274353
-5.1974945 -8.644638 2.8435059
-5.192734 -8.447067 2.9768066
-5.116562 -8.061447 3.4457397
-4.961838 -8.223312 3.9146729
-4.7499847 -8.856491 3.9194336
-4.7095184 -9.227829 3.6623535
-4.676193 -9.211166 3.5457153
-4.5905 -9.04454 3.5171509
-4.6333466 -8.877914 3.7313843
-4.6857147 -9.180222 3.376709
-4.930893 -9.182602 2.7125854
-4.942795 -9.242111 2.703064
-4.84758 -8.768417 3.3410034
-4.46434 -8.492294 4.000366
-4.226303 -8.563705 4.133667
-4.3310394 -8.485153 4.1360474
-4.5095673 -8.251877 3.8432617
-4.6571503 -8.501816 3.5957031
-4.7238007 -8.7827 3.1434326
-4.6333466 -8.994553 3.0625
-4.5119476 -9.23735 3.107727
-4.3000946 -9.375412 3.5957031
-4.4024506 -9.55394 3.614746
-4.923752 -9.494431 3.5385742
-4.7095184 -9.092148 3.1767578
-4.9808807 -8.944565 3.2315063
-5.3379364 -8.616074 3.5290527
-5.354599 -8.894577 3.774231
-5.5950165 -10.384689 3.6623535
-5.849716 -11.1940155 3.3790894
-5.835434 -10.989304 3.421936
-5.6711884 -10.565598 3.6742554
-5.6212006 -10.896469 3.876587
-5.661667 -11.293991 3.9741821
-5.49028 -11.617722 4.378845
-5.392685 -11.705795 4.652588
-5.2117767 -11.786728 4.6502075
-5.1522675 -11.517746 4.402649
-5.1475067 -11.386826 4.6359253
-5.097519 -11.22496 4.7906494
-4.983261 -11.09642 4.8739624
-4.8832855 -10.932175 4.8953857
-4.7999725 -10.825058 4.8501587
-4.521469 -10.891708 4.704956
-4.150131 -11.282089 5.0596313
-3.9216156 -11.812912 6.328369
-3.731186 -12.210434 6.1427
-3.6621552 -11.055954 4.716858
-3.4836273 -9.844345 3.9122925
-2.962326 -10.489426 3.9599
-2.6623993 -12.31041 4.9715576
-3.1432343 -10.360886 3.44812
-2.583847 -10.446579 4.659729
-2.0149384 -10.110947 4.7977905
-1.595993 -9.965744 4.981079
-1.2532196 -10.298996 5.231018
-0.9961395 -10.4370575 4.904907
-1.108017 -10.241867 4.595459
-0.9675751 -9.927658 4.121765
-0.5272064 -9.789597 3.993225
-0.013046265 -9.896713 4.0860596
0.32496643 -9.551559 4.236023
0.48921204 -9.080246 4.8358765
0.4749298 -8.456589 4.9834595
0.7248688 -8.763657 4.9072876
1.0485992 -9.146896 4.6644897
1.2509308 -9.268295 4.4764404
1.5008698 -8.725571 4.5930786
1.6389313 -7.95195 4.5740356
1.6294098 -7.661545 4.8930054
1.6770172 -7.483017 4.6192627
1.8983917 -7.521103 4.3288574
2.14357 -7.599655 4.447876
2.3482819 -7.509201 4.79541
2.52919 -7.728195 5.0477295
2.5815582 -7.214035 5.1905518
2.5958405 -7.1973724 5.250061
2.7172394 -7.240219 4.840637
2.8267365 -6.99028 4.4454956
2.9219513 -7.0759735 4.5859375
3.1457062 -7.1902313 4.274109
3.2909088 -7.497299 4.5526123
3.464676 -7.1854706 5.140564
3.7265167 -7.559189 5.269104
3.9217072 -7.842453 5.2262573
4.0764313 -5.552536 4.940613
4.3930206 -6.5308685 6.185547
4.4382477 -7.2997284 5.4904785
4.383499 -7.366379 5.2595825
4.3668365 -6.4927826 5.364319
4.376358 -5.7477264 5.4904785
4.492996 -5.6763153 4.8549194
4.592972 -6.290451 4.633545
4.70961 -6.8712616 4.5526123
4.8405304 -6.7689056 4.512146
4.8095856 -6.15477 5.6499634
4.9643097 -5.526352 5.9784546
5.228531 -5.057419 5.6452026
5.333267 -5.4406586 5.5856934
5.2785187 -5.540634 5.197693
5.1047516 -5.545395 4.9834595
4.9167023 -5.443039 5.171509
4.811966 -5.283554 4.954895
4.876236 -5.4454193 4.992981
5.035721 -5.5549164 4.98822
5.242813 -5.3573456 5.0215454
5.435623 -4.93602 5.2286377
5.5141754 -4.545639 5.428589
5.602249 -4.2742767 5.4523926
5.666519 -4.6313324 5.5595093
5.6308136 -4.864609 5.2714844
5.4903717 -4.705124 5.2976685
5.5022736 -4.1385956 5.231018
5.48085 -3.7077484 5.469055
5.6236725 -3.9434052 5.557129
5.8236237 -4.243332 5.6309204
5.921219 -4.364731 5.8094482
6.0592804 -4.5170746 6.223633
6.1187897 -4.1909637 6.302185
6.044998 -3.9243622 6.494995
6.0807037 -3.6744232 6.1522217
6.1116486 -3.698227 5.9379883
6.178299 -3.6529999 5.7070923
6.106888 -3.4839935 5.7546997
6.109268 -2.9579315 6.26886
6.2830353 -3.3578339 6.2998047
6.4520416 -3.8196259 6.173645
6.549637 -3.7125092 6.3355103
6.485367 -3.3863983 6.6068726
6.499649 -2.9436493 6.661621
6.609146 -2.6746674 6.552124
6.647232 -2.7722626 6.4021606
6.4972687 -2.9722137 6.3569336
6.402054 -2.9626923 6.237915
6.3877716 -3.1031342 6.052246
6.4520416 -3.1959686 6.237915
6.447281 -2.7079926 6.5925903
6.3734894 -2.3485565 6.8948975
6.447281 -2.531845 6.918701
6.416336 -2.5175629 6.7782593
6.4068146 -2.2057343 6.763977
6.397293 -1.9367523 6.533081
6.544876 -2.100998 6.147461
6.671036 -2.7960663 5.718994
6.6900787 -3.1174164 6.0165405
6.780533 -2.7579803 6.4069214
6.775772 -2.3033295 6.9924927
6.735306 -1.9819794 7.642334
6.7210236 -1.9034271 7.630432
6.659134 -1.7701263 7.468567
6.544876 -1.5749359 7.2543335
6.5091705 -1.4606781 6.6378174
6.402054 -1.7653656 6.3450317
6.2782745 -1.7058563 6.097473
6.204483 -1.2393036 6.4212036
6.230667 -1.0226898 6.7854004
6.371109 -0.9893646 6.918701
6.44252 -0.92271423 7.0234375
6.3758698 -0.8846283 7.2543335
6.499649 -0.844162 7.161499
6.5972443 -0.9822235 7.116272
6.6424713 -1.1655121 6.9210815
6.5853424 -1.0798187 6.6592407
6.385391 -1.0417328 6.6116333
6.333023 -0.8370209 6.390259
6.321121 -0.87034607 6.378357
6.3758698 -0.7513275 6.4902344
6.299698 -0.5799408 6.8877563
6.292557 -0.5204315 7.0543823
6.235428 -0.6870575 7.1210327
6.0664215 -0.72276306 7.2662354
5.9497833 -0.63468933 7.42334
6.125931 -0.5799408 7.032959
6.209244 -0.4156952 6.6711426
6.273514 -0.08244324 6.6830444
6.294937 0.15797424 6.416443
6.2140045 -0.16337585 6.480713
6.102127 -0.2752533 6.616394
6.1164093 -0.44664 6.744934
6.114029 -0.19908142 6.9924927
6.1687775 0.15797424 7.149597
6.3877716 0.42933655 6.859192
6.530594 0.44599915 6.84729
6.525833 0.31507874 6.7544556
6.4187164 0.17225647 6.5759277
6.292557 -0.15623474 6.7401733
6.223526 -0.31095886 6.8425293
6.1806793 -0.22764587 6.892517
6.230667 -0.11576843 7.1138916
6.273514 0.003250122 7.16864
6.2282867 0.06513977 7.316223
6.2211456 0.098464966 7.2995605
6.1378326 0.36268616 7.2091064
6.173538 0.48646545 6.873474
6.235428 0.21272278 6.302185
6.2330475 -0.020553589 6.1188965
6.1640167 -0.2086029 6.2855225
6.1116486 -0.19670105 6.46167
6.0854645 -0.0015106201 6.680664
6.2211456 0.12464905 6.794922
6.306839 0.34602356 6.935364
6.383011 0.6388092 7.1519775
6.50679 0.7863922 7.3043213
6.6615143 0.89826965 7.135315
6.5782013 0.7364044 6.8615723
6.4758453 0.5483551 6.352173
6.3687286 0.18891907 6.178406
6.24971 0.0460968 6.2141113
6.3544464 -0.08244324 6.46167
6.4568024 -0.23716736 6.8568115
6.616287 -0.3728485 7.0305786
6.5543976 -0.21574402 7.199585
6.466324 0.11512756 7.4471436
6.428238 0.46028137 7.278137
6.4829865 0.4507599 6.9663086
6.5282135 0.4245758 6.564026
6.518692 0.28889465 6.5235596
6.5782013 0.14607239 6.533081
6.5996246 -0.07054138 6.5354614
6.5139313 -0.1681366 6.692566
6.3806305 -0.23716736 6.9853516
6.3092194 -0.32048035 7.0924683
6.268753 -0.21574402 6.994873
6.3663483 -0.23002625 7.1329346
6.613907 -0.51091003 7.10437
6.7900543 -0.7679901 7.0496216
6.794815 -0.8608246 6.8948975
6.704361 -0.85606384 6.8568115
6.4758453 -0.82273865 6.7996826
6.31398 -0.9179535 6.961548
6.344925 -1.1250458 6.8901367
6.3354034 -1.4225922 6.937744
6.268753 -1.3797455 7.021057
6.292557 -1.2631073 6.7973022
6.2449493 -0.9846039 6.4331055
6.204483 -0.85606384 6.1641235
6.261612 -1.2773895 5.8689575
6.280655 -1.5796967 6.1307983
6.128311 -1.563034 6.3807373
6.1306915 -1.7463226 6.3688354
6.0997467 -1.7725067 6.3569336
6.1116486 -1.5654144 6.2664795
6.147354 -1.4273529 6.102234
6.2663727 -1.3916473 6.256958
6.340164 -1.4868622 6.2736206
6.242569 -1.7225189 6.4521484
6.0354767 -1.8986664 6.6830444
5.7403107 -2.1152802 6.942505
5.47847 -2.210495 7.0234375
5.5213165 -2.1390839 6.6449585
5.5927277 -1.7653656 6.416443
5.749832 -1.7010956 6.2355347
5.6950836 -1.8201141 5.711853
5.602249 -1.9200897 5.4143066
5.318985 -2.1343231 5.680908
4.992874 -2.531845 5.866577
4.6286774 -2.9055634 6.0046387
4.4382477 -3.0555267 5.976074
4.77388 -3.3316498 6.090332
5.2261505 -3.4411469 5.69281
5.5141754 -3.2507172 5.5809326
5.499893 -3.1436005 5.390503
5.228531 -3.3554535 5.300049
4.8214874 -3.6268158 5.147705
4.509659 -4.005295 5.3048096
4.464432 -4.0219574 5.659485
4.7524567 -4.000534 5.878479
5.299942 -4.088608 6.147461
5.652237 -4.269516 6.0617676
5.628433 -4.398056 5.9260864
5.3856354 -4.852707 6.0236816
4.9309845 -5.1692963 6.07605
4.633438 -5.25737 6.0093994
4.381119 -5.3763885 5.890381
4.5168 -5.623947 5.776123
4.7691193 -5.8453217 5.2072144
5.197586 -6.211899 5.1453247
5.318985 -6.2428436 4.928711
5.204727 -6.380905 5.038208
4.8667145 -6.507065 5.2000732
4.512039 -6.828415 5.5737915
4.126419 -6.86174 5.987976
4.0264435 -6.99028 5.9570313
4.4430084 -7.3140106 5.94989
4.8476715 -7.5710907 5.9451294
5.004776 -7.5829926 5.795166
4.6477203 -7.304489 4.8025513
4.3335114 -7.330673 4.262207
3.9550323 -7.785324 4.288391
3.5717926 -8.175705 5.0144043
3.119522 -8.627975 5.533325
3.0052643 -9.008835 5.616638
3.202835 -8.958847 5.7261353
3.3980255 -8.504196 5.8380127
3.4480133 -7.906723 5.6761475
3.3480377 -7.5948944 4.833496
3.0243073 -7.6020355 4.069397
2.6386871 -8.354233 3.9075317
2.234024 -8.901718 3.909912
1.9936066 -9.154037 4.3931274
2.291153 -9.037399 5.023926
2.5958405 -8.644638 5.295288
2.7624664 -8.447067 5.4785767
2.6839142 -8.220932 5.2333984
2.3887482 -7.744858 4.8168335
2.150711 -8.049545 4.773987
1.8436432 -8.908859 5.088196
1.5056305 -9.677719 4.981079
1.2104645 -9.977646 4.652588
1.1342926 -10.063339 4.6026
1.1081085 -9.93718 4.5668945
1.0200348 -9.227829 4.633545
1.0485992 -8.918381 4.2907715
1.0390778 -8.435165 4.319336
0.79151917 -8.439926 4.5073853
0.277359 -9.501572 5.05011
-0.34153748 -10.910751 5.231018
-0.774765 -11.427292 4.7668457
-0.8747406 -11.108322 4.4002686
-0.6438446 -10.565598 4.1503296
-0.5605316 -9.956223 3.8742065
-0.75572205 -9.520615 3.433838
-1.1818085 -9.215927 3.505249
-1.3960419 -9.0707245 3.581421
-1.6578827 -9.753891 4.1098633
-1.9554291 -10.413254 4.421692
-2.0673065 -10.444199 4.350281
-1.9958954 -10.372787 4.395508
-2.1553802 -10.7322235 4.497864
-2.364853 -10.83934 4.3407593
-2.6052704 -10.5013275 3.9551392
-2.5790863 -10.008591 4.0336914
-2.4410248 -9.853867 4.0860596
-2.6338348 -10.272812 4.543091
-3.0218353 -10.955978 4.6882935
-3.1979828 -11.370163 4.3098145
-3.3074799 -11.382065 4.2764893
-3.257492 -10.951218 4.062256
-3.212265 -10.570358 3.9622803
-3.1313324 -10.229965 4.0932007
-3.1622772 -9.958603 4.1765137
Time Stop = 480
