Time Start = 766
-4.9975433 -4.136215 7.5542603
-5.0546722 -4.0100555 7.154358
-5.592636 -4.538498 6.5806885
-6.0687103 -4.9074554 6.340271
-6.2234344 -4.6194305 6.321228
-6.168686 -4.6194305 6.159363
-6.380539 -4.916977 6.378357
-6.625717 -4.9336395 6.430725
-6.587631 -4.802719 6.7782593
-6.225815 -4.4789886 7.0281982
-6.137741 -4.3813934 7.052002
-6.1091766 -4.526596 6.8068237
-6.213913 -4.557541 6.84729
-6.0758514 -4.3932953 6.9544067
-5.956833 -4.383774 6.7806396
-5.9925385 -4.5932465 6.7544556
-6.092514 -4.6765594 6.649719
-6.3329315 -4.788437 6.704468
-6.4852753 -4.7170258 6.687805
-6.4924164 -4.6194305 6.7092285
-6.380539 -4.609909 6.873474
-6.187729 -4.5218353 6.8615723
-6.1520233 -4.5099335 6.8187256
-6.0330048 -4.5480194 6.8948975
-6.035385 -4.4528046 6.794922
-5.9687347 -4.5432587 6.6973267
-6.0877533 -4.583725 6.666382
-6.228195 -4.61467 6.673523
-5.997299 -4.481369 6.7734985
-6.0115814 -4.429001 6.7401733
-6.111557 -4.5861053 6.733032
-6.2377167 -4.7265472 6.7806396
-6.0877533 -4.667038 6.609253
-5.830673 -4.6122894 6.775879
-5.7378387 -4.5051727 6.961548
-5.899704 -4.659897 6.833008
-6.085373 -4.8693695 6.7354126
-6.1282196 -4.852707 6.8758545
-6.097275 -4.7479706 6.852051
-6.2424774 -4.8170013 7.0234375
-6.1782074 -4.8050995 6.9544067
-6.035385 -4.6456146 6.8615723
-5.990158 -4.1885834 7.128174
-5.5045624 -2.8960419 7.2614746
-4.949936 -3.622055 8.368347
-4.5762177 -3.6291962 8.023193
-4.6833344 -3.5911102 8.199341
-4.926132 -2.8698578 9.068176
-4.9142303 -2.3533173 9.4609375
-4.533371 -2.2390594 9.563293
-3.9573212 -2.62706 8.939636
-3.302719 -3.095993 8.465942
-3.462204 -3.3411713 7.6637573
-3.9073334 -3.6196747 7.0424805
-4.1977386 -4.057663 6.3378906
-4.540512 -4.905075 6.3878784
-4.8118744 -5.750107 5.9189453
-5.0308685 -6.445175 5.2905273
-5.3903046 -7.078354 4.609741
-5.5831146 -7.9352875 4.5097656
-5.7092743 -7.9281464 3.7599487
-5.385544 -8.242355 3.0458374
-5.2332 -8.958847 2.3531494
-5.4545746 -9.127853 1.8104248
-6.168686 -9.403976 1.7461548
-7.035141 -9.399216 1.8080444
-7.515976 -9.194504 2.1365356
-7.425522 -8.927902 2.4816895
-6.925644 -8.587509 2.4007568
-6.304367 -8.40184 2.6554565
-6.080612 -8.309006 2.3483887
-6.1996307 -8.397079 1.7271118
-6.504318 -8.71843 1.2510376
-6.7185516 -8.882675 0.7416382
-6.668564 -8.8207855 0.37506104
-6.411484 -8.204269 0.032287598
-5.8520966 -8.023361 -0.32000732
-5.7283173 -8.808884 -0.3557129
-5.9592133 -9.580124 -1.1079102
-6.240097 -10.544174 -1.5863647
-6.316269 -10.944077 -1.9315186
-6.2543793 -10.6679535 -1.857727
-5.933029 -10.0585785 -1.7815552
-5.7092743 -9.87291 -1.2888184
-5.74736 -9.632492 -0.93652344
-5.8782806 -9.368271 -0.36999512
-5.687851 -9.058823 -0.19384766
-5.1903534 -8.97551 -0.1486206
-4.880905 -9.04216 -0.33428955
-5.5759735 -7.9162445 0.92492676
-5.611679 -7.4996796 0.58929443
-4.2358246 -8.154282 0.089416504
-4.0763397 -9.482529 -1.6054077
-5.6545258 -7.111679 -4.3047485
-9.646408 -4.1433563 -4.628479
-10.358139 -4.590866 -4.3618774
-6.1544037 -8.109055 -0.062927246
-2.3101044 -9.820541 2.3198242
-2.0030365 -9.313522 2.3483887
-3.6145477 -9.004074 2.4221802
-4.585739 -9.315903 1.0106201
-4.154892 -10.575119 1.2843628
-3.469345 -11.422531 1.2867432
-3.3241425 -11.47966 -0.34143066
-4.419113 -9.884811 -0.54138184
-4.988022 -9.818161 0.22271729
-4.40007 -9.561081 0.5512085
-4.3191376 -9.487289 1.3343506
-4.2739105 -9.144516 1.8366089
-4.3119965 -8.97789 1.8366089
-4.469101 -9.263535 1.4605103
-4.4476776 -9.925278 1.465271
-4.1263275 -10.170456 1.234375
-4.1001434 -10.287094 1.2486572
-4.2239227 -10.146652 0.6416626
-4.1310883 -10.296616 0.25604248
-4.1786957 -9.837204 0.2965088
-4.0311127 -10.151413 0.57025146
-3.6454926 -9.906235 0.5274048
-3.6383514 -9.442062 0.9273071
-3.7216644 -9.046921 1.3438721
-3.5621796 -8.84697 1.2319946
-3.5026703 -8.961227 1.9580078
-3.3931732 -8.863632 2.6697388
-3.8740082 -8.154282 3.6171265
-4.450058 -8.028122 3.0220337
-4.233444 -8.889816 2.8006592
-3.0718231 -8.597031 2.638794
-3.0218353 -9.23259 1.2248535
-4.128708 -10.410873 0.89398193
-4.2429657 -11.805771 1.9508667
-3.750229 -11.805771 1.824707
-4.381027 -12.022385 1.6080933
-4.7357025 -11.831955 2.5388184
-4.1144257 -11.105942 3.2172241
-4.1263275 -9.815781 2.8435059
-4.835678 -9.199265 2.9077759
-4.628586 -9.546799 2.395996
-4.359604 -10.120468 2.722107
-4.104904 -9.665817 3.6242676
-3.616928 -8.880295 3.7242432
-3.8835297 -9.575363 4.462158
-3.8835297 -9.727707 4.3431396
-3.5240936 -9.10881 4.3217163
-3.8073578 -8.408981 4.145569
-3.943039 -8.789841 3.9194336
-4.0953827 -9.089767 4.1170044
-3.8621063 -8.311386 2.3745728
-5.7164154 -7.4020844 3.9313354
-5.7925873 -7.868637 3.9813232
-5.0356293 -9.04216 3.698059
-4.2048798 -7.8900604 2.8363647
-3.1837006 -6.071457 6.07605
-3.43602 -4.2980804 6.763977
-3.7740326 -4.236191 11.046265
-4.411972 -6.2023773 9.151489
-6.097275 -8.437546 8.525452
-4.733322 -7.7377167 10.148865
-4.578598 -5.5430145 10.191711
-4.707138 -5.1573944 9.096741
-5.0165863 -5.5739594 8.299316
-4.957077 -4.8884125 8.820618
-4.9999237 -4.519455 9.375244
-4.802353 -4.148117 9.458557
-4.866623 -3.595871 9.458557
-4.6024017 -3.6934662 9.268127
-4.2239227 -3.769638 8.846802
-4.169174 -4.1266937 8.113647
-4.559555 -4.300461 8.418335
-4.7547455 -2.9460297 8.544495
-4.669052 -1.9843597 8.304077
-4.873764 -1.0726776 8.06604
-5.142746 -0.92271423 7.868469
-5.321274 -1.3987885 7.3876343
-5.3260345 -2.3366547 7.4328613
-5.109421 -2.3675995 7.059143
-5.373642 -2.2652435 6.8234863
-5.4736176 -2.3271332 6.4973755
-5.495041 -1.4487762 6.6949463
-5.585495 -0.59184265 7.10437
-5.6521454 0.03895569 7.006775
-6.00206 -0.35142517 6.771118
-6.187729 -0.13005066 6.46167
-6.599533 0.32460022 6.763977
-6.7042694 0.6792755 6.685425
-6.475754 0.20558167 5.9260864
-6.1782074 -0.74180603 5.1453247
-6.061569 -0.68229675 5.159607
-6.3186493 0.24604797 6.059387
-6.6161957 1.1862946 7.23053
-6.861374 1.8028107 7.828003
-6.9946747 1.9218292 7.8446655
-6.6852264 0.64356995 7.430481
-6.5257416 -0.47520447 6.6830444
-6.7875824 -1.0036469 6.340271
-6.9875336 -0.51091003 6.9591675
-6.918503 0.6292877 6.706848
-6.6971283 1.2053375 6.904419
-6.413864 1.574295 6.9663086
-6.2948456 1.2362823 7.532837
-6.213913 0.81733704 7.5042725
-6.2996063 -0.24430847 6.897278
-6.818527 -1.1488495 6.4592896
-7.504074 -0.49186707 7.0686646
-7.4350433 0.9934845 7.2805176
-6.5186005 1.7313995 7.0758057
-5.6473846 1.5504913 6.6949463
-5.347458 0.624527 6.5426025
-5.8068695 0.33174133 6.514038
-6.456711 0.15797424 6.8306274
-6.96373 0.14369202 7.7280273
-7.382675 -0.46092224 8.592102
-8.0134735 -1.0345917 9.380005
-8.168198 -0.9417572 8.592102
-7.7373505 -1.2535858 8.1588745
-7.0256195 -0.7775116 8.1779175
-6.540024 0.057998657 7.9613037
-6.3067474 0.54597473 7.8494263
-6.482895 0.47218323 8.058899
-6.7804413 0.2936554 7.9327393
-7.049423 0.19606018 7.7113647
-6.939926 0.06990051 7.3043213
-6.7185516 0.20558167 7.213867
-6.6590424 0.4340973 7.3067017
-6.7994843 0.90065 6.84729
-6.849472 0.92207336 6.211731
-6.6423798 0.227005 5.5166626
-6.4852753 -0.51805115 5.352417
-6.618576 -0.825119 5.954651
-6.9161224 -0.67277527 6.6330566
-7.232712 -0.43711853 7.0805664
-7.3065033 -0.14195251 6.6568604
-7.144638 -0.17289734 6.604492
-6.9042206 -0.15623474 6.9282227
-6.89946 -0.10386658 6.7925415
-6.982773 -0.45854187 6.685425
-7.09227 -0.60850525 7.0377197
-7.2755585 -0.59898376 7.2876587
-7.5207367 -0.6561127 7.7161255
-7.761154 -0.64183044 7.7161255
-7.7040253 -0.6537323 7.661377
-7.4540863 -0.5775604 7.4519043
-7.2612762 -0.41093445 7.225769
-7.1541595 -0.2419281 6.8758545
-7.2374725 -0.080062866 6.828247
-7.258896 -0.16575623 6.725891
-7.318405 -0.18717957 6.9544067
-7.132736 -0.12767029 7.0401
-7.054184 -0.20622253 7.3947754
-6.939926 -0.27763367 7.3876343
-7.0065765 -0.19908142 7.2352905
-7.1232147 -0.17527771 6.5426025
-7.292221 -0.37998962 5.9570313
-7.2517548 -0.5561371 5.2405396
-7.1208344 -0.6703949 5.2024536
-7.0113373 -0.47758484 5.826111
-7.1232147 -0.12528992 6.6259155
-7.316025 -0.099105835 6.949646
-7.394577 -0.3085785 7.052002
-7.3255463 -0.31809998 6.833008
-7.182724 -0.59898376 7.142456
-7.0184784 -0.88700867 7.154358
-7.0375214 -0.9250946 7.0996094
-7.2517548 -0.9346161 7.3900146
-7.3398285 -0.6442108 7.418579
-7.342209 -0.38237 7.1210327
-7.273178 -0.39665222 7.1591187
-7.137497 -0.5156708 7.2876587
-7.0827484 -0.48234558 7.071045
-7.085129 -0.46806335 6.980591
-7.0518036 -0.5727997 7.021057
-7.008957 -0.7037201 7.0924683
-6.9875336 -0.73228455 7.0948486
-7.020859 -0.74894714 7.213867
-7.1017914 -0.54185486 6.8306274
-7.170822 -0.4561615 6.5164185
-7.080368 -0.48234558 6.6830444
-6.77092 -0.48472595 6.752075
-6.6661835 -0.6442108 7.090088
-6.830429 -0.5370941 6.878235
-7.0303802 -0.9441376 7.225769
-7.0756073 -1.177414 7.528076
-7.066086 -0.991745 7.4352417
-7.125595 -0.8179779 7.5542603
-7.106552 -0.5966034 7.5875854
-6.9994354 -0.43711853 7.656616
-6.913742 -0.37522888 7.506653
-6.9732513 -0.49424744 7.237671
-6.9994354 -0.6442108 7.1329346
-6.997055 -0.67515564 6.9901123
-6.920883 -0.6846771 7.3043213
-6.7947235 -0.6632538 7.128174
-6.797104 -0.8489227 7.2686157
-6.849472 -1.0488739 7.2471924
-6.875656 -1.094101 7.251953
-6.9042206 -0.7917938 7.1257935
-7.028 -0.42997742 7.090088
-6.989914 -0.2252655 7.044861
-6.8090057 -0.35856628 7.059143
-6.7447357 -0.69895935 6.866333
-6.778061 -0.9893646 6.9853516
-6.8923187 -0.9322357 7.0877075
-6.944687 -0.78941345 7.2162476
-6.9565887 -0.76322937 7.578064
-6.887558 -0.49424744 7.528076
-6.868515 -0.5537567 7.4471436
-6.887558 -0.5775604 7.259094
-6.8066254 -0.59898376 7.123413
-6.7375946 -0.64897156 7.16864
-6.7042694 -0.8203583 7.0377197
-6.7637787 -1.1012421 7.2424316
-6.8637543 -1.1036224 7.192444
-6.880417 -0.87272644 7.36145
-6.7613983 -0.63230896 7.5185547
-6.5519257 -0.50852966 7.7423096
-6.3448334 -0.41093445 7.578064
-6.32341 -0.4966278 7.4352417
-6.611435 -0.58232117 7.4352417
-6.792343 -0.529953 7.373352
-6.701889 -0.6370697 7.397156
-6.5828705 -0.73942566 7.4923706
-6.5685883 -0.696579 7.642334
-6.6423798 -0.73228455 7.635193
-6.5685883 -0.8679657 7.6899414
-6.509079 -0.8489227 7.592346
-6.4495697 -0.8917694 7.482849
-6.5138397 -0.8941498 7.411438
-6.611435 -0.7751312 7.604248
-6.540024 -0.5870819 7.4471436
-6.444809 -0.64183044 7.506653
-6.304367 -0.825119 7.623291
-6.3400726 -0.7537079 7.801819
-6.475754 -0.83940125 7.7803955
-6.5376434 -0.760849 7.6851807
-6.5828705 -0.92033386 7.7304077
-6.566208 -0.6537323 7.6185303
-6.394821 -0.61564636 7.5161743
-6.2734222 -0.68229675 7.5566406
-6.168686 -0.7441864 7.5994873
-6.2805634 -0.75608826 7.6375732
-6.3638763 -0.76322937 7.6970825
-6.392441 -0.72276306 7.6780396
-6.330551 -0.63468933 7.539978
-6.2734222 -0.75608826 7.5375977
-6.2877045 -0.7180023 7.4995117
-6.2686615 -0.7203827 7.5042725
-6.1972504 -0.80607605 7.7851563
-6.1663055 -0.8013153 7.880371
-6.187729 -0.77275085 8.058899
-6.187729 -0.68943787 8.030334
-6.175827 -0.7441864 7.904175
-6.290085 -0.82273865 7.911316
-6.3781586 -0.7537079 7.8708496
-6.440048 -0.8203583 7.989868
-6.38768 -0.70610046 7.778015
-6.1972504 -0.8084564 7.732788
-6.080612 -0.8346405 7.9327393
-6.059189 -0.86320496 7.951782
-6.1663055 -0.8917694 7.899414
-6.2496185 -0.8013153 7.739929
-6.1924896 -0.82273865 7.6518555
-6.1734467 -0.8417816 7.6209106
-6.1306 -0.7275238 7.461426
-6.0948944 -0.7537079 7.6399536
-6.0449066 -0.6846771 7.925598
-6.040146 -0.529953 7.8446655
-6.054428 -0.58470154 7.835144
-6.054428 -0.7346649 7.911316
-6.099655 -0.7299042 7.923218
-6.1091766 -0.80607605 7.801819
-6.1329803 -0.8655853 7.847046
-6.19487 -0.85606384 7.9589233
-6.168686 -0.83226013 7.7994385
-6.202011 -0.9108124 7.880371
-6.137741 -0.8179779 7.797058
-6.078232 -0.84654236 7.7089844
-6.0306244 -0.8370209 7.8637085
-6.040146 -0.76560974 7.8184814
-6.035385 -0.7703705 7.9375
-6.1353607 -0.825119 7.9017944
-6.187729 -0.7513275 7.8327637
-6.209152 -0.7751312 7.6209106
-6.0258636 -0.86320496 7.713745
-5.9925385 -0.8941498 7.885132
-6.021103 -0.9179535 8.087463
-6.1091766 -0.8536835 7.994629
-6.2162933 -0.78227234 7.8946533
-6.1353607 -0.7917938 7.835144
-6.1020355 -0.7132416 7.923218
-6.0187225 -0.7346649 7.835144
-5.9877777 -0.9155731 7.9422607
-6.1329803 -0.8917694 7.925598
-6.1924896 -0.7846527 7.930359
-6.118698 -0.9179535 8.058899
-6.085373 -0.8774872 7.911316
-6.0877533 -0.8036957 7.8970337
-6.0496674 -0.7941742 7.911316
-6.0710907 -0.7751312 7.7851563
-6.1520233 -0.78941345 7.775635
-6.1306 -0.7775116 7.823242
-6.1472626 -0.7537079 7.7232666
-6.061569 -0.7751312 7.7042236
-5.9996796 -0.82987976 7.778015
-5.956833 -0.7513275 7.8113403
-6.0710907 -0.64183044 7.906555
-6.111557 -0.66563416 7.8827515
-6.156784 -0.8179779 7.9613037
-6.1591644 -0.7941742 7.8565674
-6.1472626 -0.97032166 7.7470703
-6.073471 -0.8751068 7.737549
-6.06633 -0.87986755 7.9422607
-6.0687103 -0.8679657 7.828003
-6.1544037 -0.62516785 7.7922974
-6.078232 -0.8417816 7.975586
-6.1067963 -0.87034607 7.9779663
-6.2686615 -0.7275238 7.989868
-6.1924896 -0.6799164 8.085083
-6.137741 -0.6537323 7.951782
-6.1163177 -0.760849 7.758972
-6.0068207 -0.77275085 7.718506
-6.0068207 -0.67277527 7.758972
-5.9592133 -0.69895935 7.7470703
-6.0115814 -0.6870575 7.6780396
-6.0877533 -0.63230896 7.694702
-6.1663055 -0.6941986 7.9017944
-6.1210785 -0.5561371 7.7875366
-6.0258636 -0.7537079 7.9351196
-6.035385 -0.8989105 8.054138
-6.085373 -0.7703705 7.8184814
-6.099655 -0.81321716 7.699463
-6.047287 -0.72514343 7.8589478
-6.013962 -0.73228455 7.9160767
-6.0496674 -0.7132416 7.8756104
-6.180588 -0.7299042 7.8756104
-6.182968 -0.82273865 7.8637085
-6.111557 -0.93699646 7.7280273
-5.956833 -1.0131683 7.713745
-5.9734955 -0.90367126 7.6280518
-6.085373 -0.8179779 7.6970825
-6.0758514 -0.8584442 7.9160767
-6.0901337 -0.70848083 8.12793
-6.097275 -0.7465668 8.161255
-6.1329803 -0.68229675 8.049377
-6.182968 -0.40379333 7.9613037
-6.0568085 -0.08958435 7.80896
-5.706894 -0.36094666 7.7494507
-5.6450043 -0.6870575 7.737549
-5.906845 -0.79655457 8.118408
-6.19487 -0.6870575 8.51593
-6.2424774 -0.4799652 8.442139
-6.182968 -0.5061493 8.213623
-6.061569 -0.7180023 8.19458
-5.9473114 -0.7346649 7.7661133
-5.9211273 -0.79655457 7.7470703
-5.906845 -0.72276306 7.775635
-5.9163666 -0.6465912 7.8827515
-6.016342 -0.5894623 7.994629
-6.035385 -0.56565857 8.049377
-6.0115814 -0.58470154 7.970825
-6.0187225 -0.61802673 7.904175
-5.997299 -0.61802673 7.801819
-5.997299 -0.6537323 7.9208374
-6.009201 -0.7203827 7.778015
-6.0425262 -0.62516785 7.8756104
-6.0234833 -0.68229675 7.9160767
-6.00206 -0.5632782 7.8375244
-5.933029 -0.6037445 7.8637085
-5.9473114 -0.48472595 7.854187
-5.983017 -0.61564636 7.8518066
-5.9544525 -0.6442108 7.866089
-5.9996796 -0.59898376 7.706604
-5.9734955 -0.5061493 7.87323
-6.054428 -0.6061249 8.030334
-6.0829926 -0.6275482 8.12793
-6.061569 -0.5775604 8.156494
-6.035385 -0.6037445 7.9993896
-6.0044403 -0.6799164 7.880371
-6.0306244 -0.7751312 7.930359
-6.0115814 -0.7299042 7.839905
-6.047287 -0.7870331 7.885132
-6.059189 -0.74894714 7.9613037
-5.983017 -0.6799164 7.880371
-6.0068207 -0.58470154 7.9279785
-5.9925385 -0.49424744 7.968445
-5.9235077 -0.46568298 7.906555
-5.990158 -0.6299286 8.13269
-6.028244 -0.57518005 8.289795
-6.0829926 -0.529953 8.135071
-6.059189 -0.7346649 8.073181
-6.016342 -0.7370453 7.868469
-6.028244 -0.74180603 7.828003
-6.047287 -0.6799164 7.732788
-5.983017 -0.47520447 7.5304565
-5.9354095 -0.5132904 7.694702
-5.918747 -0.47520447 7.635193
-6.0044403 -0.5704193 7.842285
-5.9806366 -0.50852966 7.925598
-5.9473114 -0.46806335 7.7494507
-5.930649 -0.4894867 7.7542114
-5.975876 -0.5966034 7.801819
Time Stop = 771
