Time Start = 868
-5.599777 -1.8010712 7.8946533
-5.74736 -2.2771454 7.1019897
-6.0568085 -1.8296356 7.2876587
-5.9996796 -1.5011444 7.282898
-5.7925873 -1.5701752 7.340027
-6.0330048 -2.4128265 7.211487
-6.2377167 -2.8674774 6.9329834
-6.0449066 -2.7841644 7.1257935
-5.894943 -2.8508148 7.2662354
-6.149643 -3.1102753 7.48761
-6.2948456 -3.4768524 7.713745
-6.137741 -3.3744965 7.918457
-6.040146 -3.3411713 7.963684
-6.1067963 -3.6077728 7.7542114
-6.2615204 -3.3816376 7.7851563
-6.080612 -3.1816864 7.7494507
-5.8520966 -3.0650482 7.80896
-6.0068207 -2.7865448 7.9017944
-5.9473114 -2.762741 7.892273
-5.7568817 -2.8722382 8.032715
-5.714035 -2.615158 8.504028
-5.599777 -2.5865936 8.611145
-5.411728 -2.672287 8.544495
-5.5640717 -2.6889496 8.573059
-5.733078 -2.5723114 8.582581
-5.7378387 -2.5937347 8.1922
-5.4593353 -2.6818085 7.8137207
-5.4736176 -2.5913544 7.6137695
-5.725937 -2.2842865 7.963684
-5.804489 -2.1486053 8.265991
-5.323654 -2.3247528 8.425476
-5.0951385 -2.7056122 8.423096
-5.4664764 -2.6960907 8.582581
-5.535507 -2.5675507 8.546875
-5.257004 -2.486618 8.575439
-5.2617645 -2.5580292 8.175537
-5.630722 -2.550888 7.9398804
-5.911606 -2.2081146 7.713745
-5.9473114 -2.3533173 7.6328125
-5.4974213 -2.3533173 7.789917
-5.7378387 -2.062912 7.9351196
-6.2234344 -1.6273041 7.797058
-6.64476 -1.6772919 7.2162476
-7.254135 -2.0962372 6.8877563
-7.2184296 -2.6032562 7.123413
-6.9565887 -3.2388153 7.1900635
-7.4421844 -2.9127045 7.8898926
-7.5207367 -2.8627167 8.123169
-7.1470184 -3.0793304 7.835144
-6.9494476 -3.2721405 7.1186523
-7.0327606 -3.057907 6.411682
-6.747116 -3.1483612 6.083191
-6.6590424 -3.1055145 5.980835
-6.861374 -2.94841 6.821106
-6.754257 -3.3483124 6.0236816
-6.009201 -3.3768768 6.2664795
-5.04039 -3.2078705 5.6452026
-5.347458 -2.8722382 6.666382
-5.778305 -2.9983978 7.29718
-5.533127 -3.595871 7.090088
-5.1022797 -3.1245575 6.9710693
-5.2998505 -2.4294891 7.3566895
-5.7116547 -2.6318207 6.752075
-5.4807587 -3.5530243 6.5307007
-5.6973724 -3.0864716 5.8999023
-6.804245 -1.9105682 7.0115356
-7.182724 -2.0034027 8.392151
-6.6780853 -2.1938324 8.925354
-6.754257 -2.081955 9.584717
-6.90184 -2.1152802 9.522827
-7.008957 -2.2509613 8.863464
-7.2874603 -2.350937 8.020813
-7.394577 -2.7841644 7.259094
-7.2755585 -3.0483856 6.6830444
-6.9423065 -3.2007294 6.6401978
-6.759018 -3.3221283 6.7806396
-6.554306 -3.0269623 7.437622
-6.213913 -2.581833 7.842285
-5.971115 -3.0269623 7.739929
-6.0044403 -3.0483856 7.6399536
-5.892563 -3.2983246 7.3757324
-5.68071 -3.4173431 6.9091797
-5.5616913 -2.922226 6.9210815
-5.445053 -2.3247528 7.206726
-5.3117523 -2.229538 7.4328613
-5.3569794 -2.312851 7.8137207
-5.4331512 -2.5794525 7.8637085
-5.449814 -3.005539 7.7851563
-5.252243 -2.3485565 8.013672
-5.1974945 -2.0224457 8.058899
-5.1475067 -2.3033295 7.925598
-5.278427 -2.6770477 7.48761
-5.3593597 -3.2483368 7.085327
-5.411728 -2.7722626 6.309326
-6.5495453 -3.5268402 6.7782593
-6.7875824 -3.1126556 7.847046
-6.6780853 -2.7532196 8.677795
-6.125839 -2.7341766 8.646851
-6.6423798 -3.2078705 7.8137207
-7.3541107 -3.255478 7.828003
-7.375534 -2.8746185 8.077942
-6.982773 -2.9127045 8.077942
-6.759018 -3.0436249 7.720886
-7.0303802 -3.1007538 7.2662354
-7.201767 -2.922226 6.583069
-6.985153 -3.3792572 5.730896
-6.754257 -3.5077972 5.6380615
-6.818527 -3.255478 6.1450806
-6.047287 -2.8484344 6.4402466
-5.8140106 -2.9841156 6.7973022
-6.111557 -3.319748 7.047241
-5.849716 -3.6291962 7.430481
-5.192734 -3.583969 8.054138
-4.8951874 -3.410202 8.470703
-4.873764 -3.1697845 8.604004
-4.6595306 -3.2911835 8.51355
-4.6262054 -3.0983734 8.227905
-4.7095184 -2.6318207 7.9660645
-4.8880463 -2.5413666 7.68042
-5.1141815 -2.415207 7.456665
-5.135605 -2.0010223 7.566162
-5.1713104 -1.9224701 7.770874
-5.399826 -2.1343231 7.763733
-5.521225 -2.4889984 8.008911
-5.7306976 -2.6199188 8.142212
-5.8782806 -2.467575 8.101746
-6.0330048 -2.672287 8.461182
-6.7233124 -2.4723358 8.006531
-6.944687 -3.4697113 8.687317
-6.2567596 -3.1126556 8.696838
-7.163681 -3.115036 8.494507
-6.9613495 -3.7006073 8.596863
-6.2353363 -3.6720428 8.139832
-6.6995087 -3.4578094 8.13269
-7.151779 -3.1245575 7.5756836
-6.83757 -3.191208 7.135315
-6.3829193 -3.1364594 6.552124
-6.316269 -2.800827 6.192688
-6.1520233 -2.7698822 5.319092
-5.9235077 -2.8603363 5.718994
-5.368881 -3.364975 7.366211
-4.861862 -3.0912323 7.899414
-5.1070404 -3.0936127 8.216003
-5.5188446 -2.9127045 8.313599
-5.199875 -2.9817352 8.096985
-4.9166107 -3.1126556 7.8518066
-5.207016 -3.050766 7.7304077
-5.5236053 -2.9008026 7.7280273
-5.6545258 -2.7151337 7.9375
-5.7378387 -2.812729 7.904175
-5.797348 -2.7389374 7.756592
-5.911606 -2.422348 7.5637817
-6.1734467 -2.2462006 7.29718
-6.149643 -2.3723602 6.8877563
-5.9663544 -2.762741 7.0091553
-5.9806366 -2.7270355 7.0948486
-6.0520477 -2.88414 7.5637817
-5.8639984 -2.679428 8.061279
-6.1163177 -2.6294403 8.304077
-6.4162445 -3.2935638 8.199341
-6.497177 -3.2792816 8.213623
-6.292465 -2.9579315 8.246948
-5.8068695 -2.9269867 8.185059
-5.847336 -2.922226 7.9922485
-5.7925873 -2.6175385 7.925598
-5.5878754 -2.5746918 7.9851074
-5.437912 -2.6865692 7.804199
-5.4736176 -2.7889252 7.692322
-5.3450775 -2.646103 7.949402
-5.135605 -2.6389618 8.123169
-5.085617 -2.827011 8.049377
-4.961838 -2.7270355 7.739929
-5.009445 -2.6008759 7.6256714
-5.411728 -2.729416 7.573303
-5.649765 -2.6651459 7.6851807
-5.661667 -2.7508392 7.770874
-5.611679 -2.8984222 7.528076
-5.714035 -2.9365082 7.3638306
-5.994919 -2.781784 7.392395
-6.118698 -2.7841644 7.1972046
-6.6423798 -3.3697357 7.501892
-7.41362 -2.3437958 6.540222
-8.044418 -3.0293427 7.5375977
-7.194626 -3.7863007 8.285034
-6.9232635 -3.7958221 8.827759
-7.399338 -3.2649994 9.322876
-7.213669 -3.0793304 8.953918
-6.463852 -3.134079 7.570923
-6.361496 -3.2031097 7.2091064
-6.4614716 -3.024582 7.180542
-6.2115326 -3.3340302 7.4804688
-5.828293 -2.8508148 6.9710693
-5.61882 -2.9127045 7.5542603
-5.418869 -2.6008759 6.9020386
-5.6402435 -2.0557709 6.737793
-5.630722 -1.7820282 6.521179
-5.2736664 -2.070053 6.27124
-5.240341 -2.4080658 6.3616943
-5.449814 -2.4937592 6.604492
-5.592636 -2.7794037 6.456909
-5.8330536 -3.3054657 6.552124
-6.021103 -3.0341034 6.1569824
-6.118698 -2.6675262 7.090088
-6.373398 -2.7008514 8.00177
-6.4995575 -2.1152802 9.334778
-6.8018646 -2.5199432 9.751343
-6.8923187 -2.710373 9.575195
-6.797104 -2.7770233 9.275269
-6.2496185 -2.8603363 8.675415
-5.9663544 -3.2530975 7.987488
-6.406723 -3.5649261 7.320984
-6.8661346 -3.5554047 6.904419
-6.540024 -3.5292206 6.8258667
-6.118698 -3.6268158 6.6401978
-5.9853973 -3.1055145 6.813965
-6.080612 -2.8484344 7.0353394
-5.9425507 -3.4720917 6.8496704
-5.9401703 -3.0650482 7.1376953
-5.8187714 -2.838913 7.385254
-5.7425995 -3.217392 7.1329346
-5.9092255 -3.5220795 6.8710938
-6.1067963 -3.4054413 6.5616455
-5.854477 -3.0936127 6.2736206
-5.411728 -2.827011 6.473572
-5.2165375 -2.967453 6.7139893
-5.387924 -2.9460297 6.9924927
-5.2879486 -2.800827 7.635193
-4.8332977 -2.49852 8.061279
-4.8523407 -2.3675995 7.9922485
-5.283188 -2.0605316 7.885132
-5.406967 -2.248581 8.027954
-5.9401703 -3.0174408 7.313843
-6.9875336 -2.384262 8.016052
-7.1041718 -3.0626678 7.887512
-6.6209564 -3.2126312 8.061279
-7.273178 -2.9983978 9.615662
-7.1803436 -3.1459808 9.73468
-6.8923187 -3.467331 9.356201
-6.6542816 -3.5458832 8.96106
-6.6019135 -3.4459076 8.225525
-6.559067 -3.6006317 7.4209595
-6.316269 -3.5030365 6.4664307
-6.0068207 -3.364975 5.62854
-6.228195 -3.6910858 5.866577
-6.2877045 -3.6387177 5.892761
-5.9853973 -4.198105 6.8377686
-5.3831635 -4.0029144 7.7470703
-5.097519 -3.8386688 8.880127
-4.71904 -4.1814423 8.89679
-4.7095184 -4.0862274 8.544495
-4.9546967 -3.8172455 8.096985
-4.78331 -3.2221527 7.3495483
-4.745224 -2.9388885 7.021057
-5.2736664 -2.6508636 6.07843
-5.3831635 -1.5154266 7.044861
-4.926132 -1.8367767 7.16626
-5.0832367 -2.6699066 7.2924194
-5.475998 -2.7889252 7.282898
-6.073471 -2.4699554 6.635437
-6.70903 -3.614914 7.8113403
-6.142502 -3.7743988 8.656372
-6.459091 -3.4649506 10.036987
-6.670944 -3.3554535 10.403564
-6.297226 -3.467331 10.060791
-5.997299 -3.8696136 9.070557
-6.2543793 -3.7458344 8.211243
-6.335312 -3.6696625 7.4590454
-6.1996307 -3.3792572 7.130554
-6.104416 -3.0817108 7.135315
-5.9282684 -3.0269623 7.0805664
-6.2162933 -3.0150604 7.2162476
-5.8449554 -3.0269623 7.3043213
-5.733078 -2.8055878 7.3043213
-5.42601 -3.307846 6.942505
-5.6783295 -3.512558 6.7973022
-5.906845 -3.4197235 6.8948975
-5.7283173 -3.4173431 7.1138916
-5.642624 -3.595871 7.251953
-5.7568817 -3.569687 7.48999
-5.718796 -3.2007294 7.756592
-5.5902557 -2.9079437 7.7684937
-5.5759735 -2.7841644 7.5947266
-5.823532 -2.8722382 7.5233154
-6.2162933 -2.8151093 7.509033
-6.2377167 -2.762741 7.36145
-5.8187714 -2.9008026 7.347168
-5.623581 -3.319748 6.9591675
-5.956833 -3.2769012 6.9020386
-6.2115326 -3.1197968 7.097229
-5.963974 -2.8032074 7.673279
-5.828293 -2.3675995 7.994629
-5.944931 -2.7984467 7.9208374
-6.092514 -3.14122 7.699463
-5.9211273 -3.4411469 7.8946533
-5.668808 -3.2864227 7.9993896
-5.55455 -3.2150116 8.223145
-5.597397 -3.153122 8.280273
-5.6402435 -3.2578583 8.282654
-5.6259613 -3.1745453 8.299316
-5.6711884 -2.929367 8.208862
-5.464096 -2.8151093 8.168396
-5.4283905 -2.827011 8.111267
-5.604538 -2.7341766 7.951782
-5.785446 -2.6603851 7.6399536
-5.880661 -2.5485077 7.4780884
-5.7497406 -2.69133 7.3685913
-5.694992 -2.827011 7.4328613
-5.823532 -2.7532196 7.7351685
-5.830673 -2.8055878 7.8137207
-5.699753 -3.01268 7.8946533
-5.623581 -3.1174164 7.8970337
-5.785446 -3.0341034 7.906555
-5.8759003 -3.0079193 7.7661133
-5.6902313 -3.0483856 7.713745
-5.6711884 -3.107895 7.6399536
-5.925888 -3.057907 7.7732544
-5.990158 -2.9460297 7.7304077
-5.9044647 -3.0817108 7.801819
-5.854477 -3.1840668 8.00177
-5.87352 -3.2721405 8.144592
-5.861618 -3.255478 8.06842
-5.8782806 -3.1840668 7.9541626
-5.7878265 -3.1483612 7.923218
-5.7687836 -3.1197968 7.880371
-5.718796 -3.0436249 7.868469
-5.847336 -2.8817596 7.6637573
-5.699753 -2.9888763 7.4138184
-5.4593353 -3.2507172 7.340027
-5.4926605 -3.2078705 7.4471436
-5.6711884 -3.005539 7.6518555
-5.668808 -3.0150604 7.7661133
-5.449814 -3.1935883 7.7161255
-5.4283905 -3.3697357 7.5423584
-5.4283905 -3.319748 7.4542847
-5.4331512 -3.1483612 7.3495483
-5.3450775 -3.2078705 7.3257446
-5.4736176 -3.172165 7.259094
-5.585495 -3.1483612 7.16864
-5.4212494 -3.0840912 7.0877075
-5.245102 -3.031723 7.2019653
-5.3712616 -2.9174652 7.3114624
-5.528366 -2.941269 7.475708
-5.6735687 -3.0388641 7.585205
-5.778305 -2.8889008 7.437622
-5.5902557 -2.9531708 7.270996
-5.4355316 -3.069809 7.3685913
-5.637863 -3.0936127 7.3186035
-5.8520966 -3.0745697 7.3900146
-5.7997284 -3.0531464 7.7351685
-5.7568817 -2.8412933 7.592346
-5.8711395 -2.7246552 7.585205
-6.118698 -2.7222748 7.899414
-6.125839 -2.9531708 8.251709
-5.8259125 -3.3554535 8.558777
-5.963974 -3.153122 9.006287
-6.701889 -4.050522 8.573059
-6.7375946 -3.3102264 8.77063
-6.6471405 -2.6508636 9.075317
-6.618576 -2.7889252 8.784912
-6.7233124 -2.8722382 8.396912
-6.290085 -2.8674774 8.056519
-5.887802 -3.0222015 7.6137695
-5.9401703 -3.0721893 7.392395
-6.213913 -2.9983978 7.1710205
-6.161545 -3.0602875 7.501892
-5.6140594 -3.0341034 7.694702
-5.271286 -2.710373 7.904175
-5.3593597 -3.0936127 7.7280273
-5.366501 -3.3030853 7.675659
-5.3641205 -3.1269379 7.8518066
-5.468857 -3.0222015 7.661377
-5.5188446 -2.9960175 7.3233643
-5.430771 -3.1102753 6.9472656
-5.406967 -3.1388397 6.9710693
-5.5569305 -3.3316498 6.866333
-5.42601 -3.5339813 6.866333
-5.1284637 -3.5815887 7.078186
-5.278427 -3.2983246 7.378113
-5.6212006 -2.9317474 7.4019165
-5.6092987 -2.7341766 7.804199
-5.2927094 -2.524704 8.25647
-5.2046356 -2.6746674 8.527832
-5.1260834 -3.0650482 8.292175
-5.0308685 -3.7648773 7.9208374
-5.161789 -4.076706 7.675659
-5.257004 -4.0410004 7.5375977
-5.130844 -3.864853 7.9398804
-5.218918 -3.6506195 8.185059
-5.4236298 -3.5220795 8.211243
-5.4998016 -3.603012 7.778015
-5.5188446 -3.1650238 7.6018677
-5.3831635 -3.107895 7.911316
-5.142746 -2.774643 8.373108
-5.1451263 -2.2152557 8.480225
-5.7235565 -1.7153778 8.508789
-6.0758514 -2.0010223 9.020569
-6.125839 -2.0034027 8.634949
-6.2734222 -2.5746918 8.608765
-6.0758514 -3.115036 8.9348755
-5.8449554 -3.4197235 8.637329
-5.892563 -3.3959198 8.442139
-6.0877533 -2.6175385 8.477844
-6.278183 -2.531845 8.204102
-5.9877777 -2.7127533 7.501892
-6.0330048 -3.0388641 7.047241
-6.311508 -2.1105194 7.0401
-6.735214 -2.4199677 6.942505
-6.8280487 -2.7675018 6.7354126
-6.7566376 -2.5532684 7.187683
-6.6780853 -2.9079437 7.2471924
-6.675705 -2.9626923 7.078186
-6.6161957 -2.9817352 7.5804443
-6.875656 -1.8867645 6.556885
-7.5516815 -2.6365814 7.656616
-7.2707977 -2.2462006 7.732788
-6.587631 -2.3104706 8.335022
-6.0639496 -1.9748383 8.594482
-6.0187225 -1.9415131 8.777771
-6.0877533 -2.331894 8.358826
-6.285324 -2.422348 7.74469
-6.463852 -2.460434 7.3186035
-6.3448334 -2.967453 6.4830933
-6.1472626 -2.9341278 5.2143555
-5.9544525 -2.8793793 4.85968
-5.6521454 -3.3768768 5.147705
-5.7878265 -2.9579315 5.8570557
-5.7997284 -1.79393 6.7782593
-5.4593353 -2.2057343 6.9091797
-5.278427 -2.960312 6.5164185
-5.7687836 -2.7889252 6.564026
-6.182968 -2.5532684 6.6187744
-6.092514 -2.581833 6.52594
-5.925888 -2.6580048 6.2283936
-6.0068207 -2.505661 6.3878784
-6.232956 -2.2604828 6.859192
-6.251999 -2.0748138 7.2233887
-6.221054 -2.1295624 7.154358
-6.4424286 -2.267624 7.213867
-7.0399017 -2.319992 6.340271
-7.715927 -2.941269 7.720886
-7.6468964 -2.415207 8.589722
-7.546921 -2.4009247 9.615662
-7.239853 -2.5413666 10.37262
-7.028 -2.3461761 9.970337
-6.9351654 -2.588974 9.151489
-6.6280975 -2.6889496 7.951782
-6.266281 -2.8055878 7.16626
-6.0520477 -2.8055878 6.5497437
-6.118698 -2.2390594 6.0284424
-6.418625 -1.9581757 6.544983
-6.1544037 -2.5842133 7.3566895
-5.6783295 -2.710373 7.4138184
-5.430771 -2.4294891 8.25885
-5.2022552 -2.588974 8.658752
-5.0618134 -2.929367 8.532593
-5.2022552 -2.8436737 8.161255
-5.464096 -2.350937 7.8898926
-5.5307465 -1.8534393 7.4995117
-5.1213226 -1.6606293 7.4066772
-5.014206 -1.4892426 7.16626
-5.42601 -1.4821014 7.128174
-5.8759003 -1.6130219 6.821106
-6.4043427 -2.4723358 6.5997314
-7.0827484 -3.2007294 6.6306763
-7.658798 -3.2411957 7.263855
-7.7968597 -2.8508148 7.982727
-7.3517303 -2.6246796 8.5802
-6.9089813 -2.6841888 8.742065
-6.816147 -2.7413177 8.520691
-6.797104 -3.0364838 7.9351196
-6.701889 -3.2840424 7.5185547
-6.4019623 -3.512558 7.211487
-6.311508 -3.4530487 7.154358
-6.375778 -3.5911102 7.090088
-6.440048 -2.8032074 7.059143
-6.2615204 -2.127182 7.052002
-5.9687347 -2.2390594 6.8829956
-5.8140106 -2.2271576 6.8044434
-5.7925873 -1.979599 7.078186
-5.8211517 -2.1057587 6.9448853
-5.6212006 -2.5865936 6.828247
-5.790207 -2.4580536 7.006775
-5.8639984 -2.1033783 7.173401
-5.611679 -1.4654388 7.547119
-5.528366 -1.2274017 8.051758
-5.6735687 -1.0536346 8.163635
-5.733078 -0.92033386 8.201721
-5.3760223 -1.3321381 7.9136963
-5.3522186 -1.812973 7.925598
-5.6331024 -2.081955 7.6851807
-5.766403 -2.0581512 7.623291
-6.097275 -1.7272797 7.506653
-6.0901337 -1.9081879 7.1567383
-6.228195 -2.4628143 7.494751
-6.45195 -2.350937 7.982727
-6.625717 -2.646103 8.32312
-6.944687 -3.6696625 8.3255005
-7.113693 -3.4839935 8.730164
-7.175583 -2.9246063 9.139587
-6.925644 -2.7270355 9.0824585
Time Stop = 873
