Time Start = 392
-3.6978607 -1.79393 6.6306763
-3.7716522 -2.3533173 4.0908203
-4.711899 -4.276657 5.0405884
-5.547409 -3.198349 4.019409
-6.035385 -2.6865692 3.6433105
-5.7092743 -2.5651703 3.940857
-5.1832123 -2.3414154 3.7528076
-4.7666473 -2.3104706 3.633789
-4.771408 -2.2438202 3.4243164
-5.1855927 -2.3890228 3.3862305
-5.733078 -3.0031586 3.774231
-6.4805145 -4.0219574 4.224121
-7.254135 -4.6241913 4.140808
-7.9158783 -4.4528046 3.7575684
-8.208664 -3.8505707 3.531433
-7.8968353 -3.6125336 3.8170776
-7.330307 -3.6125336 3.8504028
-6.925644 -3.6363373 3.6052246
-7.111313 -3.7648773 3.7313843
-7.765915 -3.7934418 4.121765
-8.603806 -3.5054169 4.2717285
-9.153671 -3.3411713 4.364563
-9.267929 -3.467331 4.583557
-9.294113 -3.5744476 4.493103
-9.3155365 -3.8315277 4.231262
-9.501205 -4.1814423 3.8599243
-9.827316 -4.4218597 3.3457642
-10.134384 -4.526596 3.0910645
-10.203415 -4.576584 2.7340088
-10.179611 -4.6003876 2.4031372
-10.284348 -4.512314 2.3364868
-10.024887 -5.307358 2.4364624
-9.955856 -5.271652 2.0437012
-10.467636 -5.2740326 2.0056152
-11.017502 -5.0812225 1.798523
-11.229355 -5.0217133 1.5747681
-11.148422 -5.3192596 1.5700073
-11.06987 -5.507309 1.2391357
-10.9960785 -5.57872 0.94158936
-11.0056 -5.623947 0.44171143
-11.096054 -5.7048798 0.1798706
-11.336472 -5.9286346 -0.084350586
-11.524521 -6.0928802 -0.13909912
-11.569748 -6.1976166 -0.08911133
-11.448349 -6.0738373 0.072753906
-11.224594 -5.814377 0.31793213
-11.06987 -5.4668427 0.42980957
-10.936569 -5.185959 0.4036255
-10.738998 -4.845566 0.23937988
-10.527145 -4.5861053 0.1394043
-10.222458 -4.352829 0.029907227
-9.98204 -4.4123383 0.14892578
-9.991562 -4.4218597 0.5274048
-10.051071 -4.3099823 0.791626
-10.04393 -3.981491 0.42980957
-9.960617 -3.8362885 0.08703613
-9.8606415 -3.6053925 -0.24621582
-9.663071 -3.5339813 -0.3557129
-9.551193 -3.6887054 -0.21765137
-9.446457 -3.6887054 -0.16052246
-9.432175 -3.8386688 -0.02722168
-9.582138 -3.9053192 0.013244629
-9.791611 -3.788681 -0.23669434
-9.8606415 -3.5530243 -0.45806885
-9.829697 -3.1578827 -0.6104126
-9.796371 -2.8698578 -0.53900146
-9.672592 -2.7460785 -0.34143066
-9.713058 -2.857956 -0.4295044
-9.815414 -3.1888275 -0.5961304
-10.029648 -3.5815887 -0.7508545
-10.289108 -3.8553314 -1.0507813
-10.443832 -3.762497 -1.3150024
-10.572372 -3.519699 -1.2197876
-10.529526 -3.1316986 -1.2626343
-10.484299 -3.0864716 -1.2554932
-10.377182 -3.288803 -1.2507324
-10.322433 -3.5720673 -1.395935
-10.446213 -4.083847 -1.5006714
-10.788986 -4.7931976 -1.5435181
-11.167465 -5.476364 -1.5101929
-11.400742 -5.7167816 -1.5411377
-11.395981 -5.431137 -1.5435181
-11.2603 -4.8812714 -1.3102417
-11.086533 -4.3314056 -0.9746094
-10.960373 -3.7743988 -0.7817993
-10.884201 -3.0602875 -0.66516113
-11.155563 -2.7508392 -0.55566406
-11.788742 -2.646103 -0.15814209
-12.536179 -2.736557 -0.20098877
-13.0550995 -2.6627655 -0.62945557
-13.047958 -2.6127777 -1.1745605
-12.41954 -2.5223236 -1.517334
-11.38884 -2.4651947 -1.5054321
-10.270065 -2.448532 -1.2459717
-9.377426 -2.486618 -0.91986084
-8.906113 -2.7317963 -0.44140625
-8.863266 -2.88414 -0.17956543
-8.963242 -2.8151093 -0.17480469
-9.132248 -2.5461273 -0.17718506
-9.096542 -2.0748138 -0.24145508
-8.927536 -1.8605804 -0.12719727
-8.5681 -1.851059 -0.02722168
-8.251511 -2.0343475 0.17272949
-8.039658 -2.1795502 0.21081543
-7.946823 -2.2200165 0.0037231445
-8.106308 -2.1486053 0.046569824
-8.482407 -1.8986664 0.05847168
-8.901352 -1.8486786 0.046569824
-9.344101 -1.7963104 0.1560669
-9.59642 -1.832016 0.11798096
-9.815414 -1.9296112 0.17510986
-9.827316 -2.0010223 0.12512207
-9.805893 -2.1176605 0.089416504
-9.872543 -2.070053 0.03704834
-10.098679 -1.8582001 0.0061035156
-10.355759 -1.7772675 -0.017700195
-10.572372 -1.6177826 0.010864258
-10.627121 -1.5773163 -0.041503906
-10.479538 -1.6296844 -0.02722168
-10.115341 -1.6749115 0.05609131
-9.632126 -1.79393 0.09893799
-9.191757 -1.9248505 0.07751465
-8.95134 -1.9105682 0.08227539
-8.637131 -1.8486786 0.020385742
-8.489548 -1.8105927 0.17034912
-8.37767 -1.7963104 0.42504883
-8.403854 -1.8820038 0.5036011
-8.418137 -1.9177094 0.3869629
-8.425278 -1.8915253 0.30126953
-8.341965 -1.7915497 0.15130615
-8.170578 -1.6987152 0.11798096
-8.027756 -1.7796478 0.18225098
-8.022995 -1.998642 0.32507324
-8.142014 -2.1866913 0.5654907
-8.556198 -2.377121 0.5678711
-8.88707 -2.4104462 0.47265625
-9.158432 -2.2438202 0.33935547
-9.175095 -2.274765 0.3131714
-8.929916 -2.300949 0.27270508
-8.684738 -2.1890717 0.35601807
-8.408615 -2.1224213 0.43933105
-8.361008 -2.2438202 0.56073
-8.470505 -2.4104462 0.71307373
-8.63475 -2.6246796 0.94158936
-8.729965 -2.7675018 1.1224976
-8.727585 -2.846054 1.1867676
-8.627609 -2.8746185 1.1010742
-8.718063 -2.8412933 1.1201172
-9.058456 -2.8508148 1.0153809
-9.491684 -2.7556 0.8796997
-10.070114 -2.646103 0.7297363
-10.436691 -2.4842377 0.5750122
-10.503342 -2.3271332 0.4036255
-10.320053 -2.2842865 0.30603027
-10.067734 -2.3914032 0.091796875
-10.396225 -2.7913055 0.022766113
-11.405502 -3.2578583 0.21557617
-12.538559 -3.6839447 0.1560669
-13.4431 -3.7363129 -0.24621582
-13.63829 -3.4839935 -0.7817993
-12.843246 -3.255478 -0.98651123
-11.705429 -2.9555511 -1.0412598
-10.805649 -2.9460297 -0.6532593
-10.420029 -3.0341034 -0.43902588
-10.3676605 -3.1245575 -0.28668213
-10.49382 -3.0864716 -0.19384766
-10.562851 -3.0150604 0.03466797
-10.472397 -2.9079437 0.24890137
-10.124863 -2.8055878 0.3131714
-9.72258 -2.7508392 0.35125732
-9.239365 -2.7722626 0.29412842
-8.82518 -2.762741 0.12750244
-8.553818 -2.8674774 0.12036133
-8.50383 -2.9531708 0.07989502
-8.813278 -2.8174896 -0.043884277
-9.458359 -2.9127045 -0.07006836
-10.077255 -2.9793549 -0.21051025
-10.562851 -2.9198456 -0.48187256
-10.808029 -2.9174652 -0.741333
-10.788986 -2.7556 -0.80322266
-10.505722 -2.6556244 -0.86273193
-10.243881 -2.5032806 -0.84606934
-10.010605 -2.3985443 -0.7984619
-9.872543 -2.3890228 -0.6413574
-9.793991 -2.4199677 -0.44854736
-9.6940155 -2.396164 -0.3128662
-9.703537 -2.4175873 -0.39379883
-9.582138 -2.4580536 -0.47235107
-9.375046 -2.4961395 -0.510437
-9.165573 -2.4437714 -0.6508789
-8.929916 -2.5080414 -0.49853516
-8.765671 -2.5675507 -0.37475586
-8.627609 -2.615158 -0.38189697
-8.608566 -2.5461273 -0.4033203
-8.618088 -2.4437714 -0.41522217
-8.658554 -2.331894 -0.42712402
-8.689499 -2.1771698 -0.42236328
-8.76329 -2.108139 -0.3223877
-8.787094 -2.2652435 -0.29144287
-8.829941 -2.3866425 -0.33428955
-8.991806 -2.5342255 -0.3890381
-8.95134 -2.5080414 -0.5437622
-8.868027 -2.5413666 -0.6175537
-8.746628 -2.4747162 -0.5509033
-8.653793 -2.377121 -0.6270752
-8.5395355 -2.384262 -0.6199341
-8.591904 -2.3818817 -0.59375
-8.672836 -2.300949 -0.5675659
-8.739487 -2.3747406 -0.5628052
-9.010849 -2.4437714 -0.510437
-9.453598 -2.5128021 -0.6008911
-9.996323 -2.5294647 -0.54138184
-10.665207 -2.5223236 -0.63897705
-11.167465 -2.5032806 -0.6604004
-11.534042 -2.4723358 -0.7579956
-11.707809 -2.2866669 -0.80322266
-11.786362 -2.0962372 -0.81988525
-11.793503 -2.043869 -0.741333
-11.826828 -2.120041 -0.76275635
-11.910141 -2.248581 -0.6199341
-11.998215 -2.396164 -0.73895264
-12.6575775 -2.646103 -0.8008423
-13.7287445 -2.7436981 -0.824646
-14.509506 -2.5842133 -1.0460205
-14.545212 -2.365219 -1.0626831
-13.535934 -2.120041 -1.0198364
-11.962509 -2.036728 -0.8960571
-10.331955 -2.1438446 -0.6365967
-9.298874 -2.3057098 -0.28668213
-8.8537445 -2.4342499 0.1560669
-8.775192 -2.5342255 0.35839844
-8.884689 -2.5723114 0.6226196
-8.860886 -2.3556976 0.6559448
-8.675217 -2.127182 0.64642334
-8.351486 -1.9129486 0.6321411
-8.094406 -1.8224945 0.625
-8.127731 -1.9772186 0.625
-8.63237 -2.1438446 0.5178833
-9.341721 -2.1509857 0.28936768
-10.079636 -2.1367035 0.1394043
-10.610458 -1.9581757 0.2703247
-10.896103 -1.896286 0.2131958
-10.94371 -1.7415619 0.1798706
-10.729477 -1.6677704 0.26556396
-10.541428 -1.6582489 0.4202881
-10.441452 -1.620163 0.35839844
-10.23436 -1.6058807 0.3703003
-10.036789 -1.5987396 0.3131714
-9.78447 -1.646347 0.3131714
-9.517868 -1.6439667 0.32507324
-9.189377 -1.6772919 0.4107666
-8.95372 -1.7796478 0.36791992
-8.810898 -1.8415375 0.39886475
-8.651413 -1.8820038 0.3869629
-8.534775 -1.9367523 0.49645996
-8.499069 -1.9105682 0.45837402
-8.425278 -1.8796234 0.39648438
-8.415756 -1.9748383 0.4107666
-8.582382 -2.1747894 0.477417
-8.820419 -2.0843353 0.2869873
-9.0203705 -2.0962372 0.21081543
-9.186996 -2.293808 0.32507324
-9.332199 -2.365219 0.52978516
-9.320297 -2.4770966 0.5750122
-9.1679535 -2.5223236 0.68927
-8.965622 -2.3556976 0.8463745
-8.737106 -2.1557465 0.90826416
-8.530014 -1.8843842 1.0082397
-8.31102 -1.6130219 1.1391602
-8.165817 -1.6392059 1.2319946
-8.142014 -1.563034 1.2700806
-8.087265 -1.563034 1.2700806
-8.156296 -1.7272797 1.3771973
-8.258652 -1.9676971 1.3795776
-8.332443 -2.2604828 1.4605103
-8.541916 -2.4842377 1.4248047
-8.663315 -2.6675262 1.3914795
-8.813278 -2.6413422 1.1605835
-8.975143 -2.710373 1.0606079
-9.14653 -2.5746918 1.0296631
-9.370285 -2.4175873 0.9534912
-9.59404 -2.3795013 0.90112305
-9.972519 -2.3985443 0.99871826
-10.322433 -2.4770966 0.77020264
-10.905624 -2.5651703 0.3441162
-12.169601 -2.8317719 0.5821533
-13.657333 -3.0436249 0.8154297
-14.861801 -3.057907 0.772583
-15.206955 -2.922226 0.59643555
-14.409531 -2.7889252 0.16558838
-12.990829 -2.7032318 -0.12957764
-11.71019 -2.5556488 -0.13671875
-10.850876 -2.5723114 -0.06768799
-10.343857 -2.6246796 0.05609131
-10.003464 -2.7841644 0.27746582
-9.760666 -2.9174652 0.30126953
-9.548813 -2.922226 0.4678955
-9.425034 -2.960312 0.5773926
-9.408371 -3.1245575 0.6749878
-9.46788 -3.236435 0.45599365
-9.72258 -3.4387665 0.14892578
-10.136765 -3.5863495 0.070373535
-10.481918 -3.6315765 0.051330566
-10.769943 -3.5149384 0.08465576
-10.905624 -3.3554535 0.09655762
-10.81279 -3.095993 0.067993164
-10.6175995 -3.1364594 -0.20098877
-10.520004 -3.2911835 -0.4366455
-10.374802 -3.172165 -0.5913696
-10.148666 -2.857956 -0.5604248
-9.8606415 -2.396164 -0.2962036
-9.548813 -1.9724579 -0.07244873
-9.33696 -1.8153534 0.20129395
-9.165573 -1.8820038 0.38458252
-8.958481 -2.0343475 0.3441162
-8.787094 -2.2390594 0.30841064
-8.69426 -2.4366302 0.2298584
-8.549057 -2.5746918 0.17034912
-8.527634 -2.7794037 0.18225098
-8.615707 -2.8603363 0.17034912
-8.589523 -2.9626923 0.013244629
-8.606186 -2.9983978 -0.105773926
-8.4752655 -2.9650726 -0.25097656
-8.37529 -2.8984222 -0.18908691
-8.251511 -2.7436981 -0.05102539
-8.222946 -2.7056122 0.091796875
-8.253891 -2.6484833 0.05609131
-8.37291 -2.6008759 0.03466797
-8.422897 -2.6580048 -0.010559082
-8.399094 -2.6651459 -0.13433838
-8.339584 -2.6556244 -0.11767578
-8.256271 -2.6818085 -0.04626465
-8.206284 -2.7389374 -0.06530762
-8.222946 -2.88414 -0.043884277
-8.408615 -3.0150604 0.03466797
-8.613327 -3.107895 -0.02722168
-8.837082 -3.1626434 -0.12005615
-8.984665 -3.0840912 -0.23669434
-9.046555 -2.9626923 -0.31762695
-9.058456 -2.7436981 -0.27716064
-9.065598 -2.7222748 -0.20098877
-9.179855 -2.7389374 -0.20098877
-9.425034 -2.8484344 -0.15576172
-9.739243 -2.9769745 -0.1819458
-10.070114 -3.050766 -0.26049805
-10.410507 -3.0007782 -0.55566406
-10.924667 -2.967453 -0.6675415
-11.945847 -3.0602875 -0.62945557
-13.366928 -3.0817108 -0.7008667
-14.514267 -3.0721893 -0.6913452
-14.885605 -2.8293915 -0.8722534
-14.152451 -2.4699554 -0.8722534
-12.726608 -2.274765 -0.73895264
-11.436447 -2.3033295 -0.5509033
-10.81517 -2.4342499 -0.20812988
-10.643784 -2.653244 0.13702393
-10.74852 -2.8793793 0.27508545
-10.81517 -3.005539 0.37982178
-10.646164 -2.986496 0.5202637
-10.289108 -2.8889008 0.7249756
-9.663071 -2.8603363 0.7249756
-9.153671 -2.6818085 0.7987671
-8.772812 -2.4580536 0.7583008
-8.627609 -2.267624 0.5821533
-8.646652 -2.0795746 0.3869629
-8.791855 -1.9748383 0.22271729
-9.008469 -1.934372 0.21557617
-9.303635 -2.036728 0.32983398
-9.582138 -2.0795746 0.4678955
-9.701157 -2.1890717 0.772583
-9.843979 -2.2771454 1.1129761
-9.91777 -2.3485565 1.0201416
-9.8606415 -2.3866425 0.9154053
-9.753525 -2.4199677 0.7249756
-9.59642 -2.3723602 0.59643555
-9.353622 -2.2842865 0.45361328
-9.241745 -2.319992 0.55358887
-9.163193 -2.441391 0.67736816
-9.217941 -2.56279 0.7987671
-9.382187 -2.6508636 0.9154053
-9.455978 -2.6699066 0.90826416
-9.501205 -2.5865936 0.8796997
-9.448837 -2.3057098 0.80114746
-9.265549 -2.1152802 0.9130249
-9.163193 -2.0105438 1.0106201
-9.048935 -2.0129242 1.0701294
-9.01799 -2.0652924 0.9772949
-9.041794 -2.0414886 0.98443604
-9.025131 -2.0676727 0.920166
-9.065598 -2.1581268 0.92492676
-9.0013275 -2.191452 0.8392334
-8.875168 -2.2342987 0.8963623
-8.806137 -2.2842865 0.9130249
-8.808517 -2.3699799 0.92492676
-8.813278 -2.377121 0.8154297
-8.756149 -2.4199677 0.8963623
-8.75853 -2.3414154 1.0629883
-8.62999 -2.3437958 1.1010742
-8.596664 -2.4461517 1.0058594
-8.589523 -2.6437225 1.041565
-8.589523 -2.7651215 1.0891724
-8.608566 -2.8793793 1.048706
-8.639511 -2.8912811 1.1439209
-8.749008 -2.9722137 1.1486816
-8.884689 -3.0007782 1.1534424
-9.14653 -3.01268 1.105835
-9.455978 -2.9555511 1.0796509
-9.791611 -2.88414 1.0344238
-9.972519 -2.7841644 0.99157715
-10.077255 -2.7603607 0.94158936
-10.084396 -2.846054 0.7821045
-10.132004 -3.0174408 0.541687
-10.360519 -3.1483612 0.1394043
-11.041306 -3.384018 0.16558838
-12.117233 -3.6363373 0.29888916
-13.007492 -3.6815643 0.1227417
-13.431198 -3.603012 -0.16766357
-13.193161 -3.4268646 -0.3890381
-12.410019 -3.3102264 -0.40570068
-11.695908 -3.2721405 -0.2962036
-11.303146 -3.436386 -0.15338135
-11.205551 -3.538742 -0.12719727
-11.100815 -3.5815887 -0.0748291
-10.910385 -3.5673065 -0.11053467
-10.486679 -3.519699 -0.04864502
-10.022507 -3.519699 0.20129395
-9.539291 -3.6315765 0.44647217
-9.101303 -3.7363129 0.6107178
-8.722824 -3.6577606 0.79400635
-8.470505 -3.5173187 0.89398193
-8.37291 -3.3221283 0.9701538
-8.318161 -3.160263 0.94158936
-8.44194 -3.0269623 0.89398193
-8.603806 -3.024582 0.77734375
-8.898972 -3.0626678 0.72735596
-9.277451 -3.0840912 0.6154785
-9.608322 -3.0864716 0.40838623
-9.898727 -3.1102753 0.3774414
-10.241501 -3.095993 0.24890137
-10.593796 -3.1126556 0.20843506
-10.903244 -3.050766 0.10369873
-11.065109 -2.9531708 -0.0034179688
-10.979416 -2.838913 -0.16052246
-10.68663 -2.827011 -0.25097656
-10.315292 -2.8174896 -0.2723999
-10.032028 -2.929367 -0.29144287
-9.855881 -3.057907 -0.34381104
-9.741623 -3.069809 -0.34857178
-9.620224 -3.0936127 -0.3390503
-9.460739 -3.1293182 -0.3461914
-9.325058 -3.1436005 -0.40093994
-9.141769 -3.153122 -0.39855957
-9.048935 -3.1888275 -0.4961548
-9.058456 -3.1769257 -0.44140625
-8.968002 -3.1888275 -0.3961792
-9.003708 -3.0793304 -0.4866333
-9.003708 -2.993637 -0.39855957
-8.963242 -2.9626923 -0.4199829
-8.884689 -2.960312 -0.39141846
-8.860886 -2.9841156 -0.34381104
-8.829941 -2.9769745 -0.40808105
-8.803757 -2.974594 -0.3390503
-8.820419 -2.922226 -0.33666992
-8.708542 -2.8055878 -0.3795166
-8.591904 -2.8174896 -0.2723999
-8.496689 -2.846054 -0.4199829
-8.432419 -2.8936615 -0.36047363
-8.480026 -2.9507904 -0.3961792
-8.69664 -2.9698334 -0.36047363
-8.925156 -2.9269867 -0.38427734
-9.2108 -2.9127045 -0.3557129
-9.325058 -2.9388885 -0.41760254
-9.494064 -2.8889008 -0.31048584
-9.698776 -2.8555756 -0.32476807
-9.834457 -2.8508148 -0.34143066
-9.910629 -2.8674774 -0.3295288
-10.015366 -2.9365082 -0.22241211
-10.060593 -2.941269 -0.15100098
-10.1082 -3.0198212 -0.084350586
-10.158188 -3.0364838 -0.15576172
-10.548569 -3.1269379 -0.21051025
-11.4388275 -3.1483612 -0.17956543
-12.517136 -3.2102509 -0.27001953
-13.359787 -3.14122 -0.26049805
-13.63829 -3.069809 -0.3461914
-12.990829 -2.922226 -0.27954102
-11.874435 -2.9341278 -0.11053467
-10.948471 -3.0269623 0.29174805
-10.465256 -3.1840668 0.6154785
-10.243881 -3.2864227 0.7487793
-10.11058 -3.422104 0.7011719
-9.901108 -3.4316254 0.7011719
-9.615463 -3.4768524 0.8725586
-9.427414 -3.467331 1.0201416
-9.14415 -3.5482635 1.1986694
-8.972763 -3.569687 1.3343506
-8.818039 -3.5601654 1.3081665
-8.7894745 -3.5363617 1.2200928
-8.896591 -3.4697113 1.0796509
-9.01561 -3.4173431 0.8487549
Time Stop = 397
