Time Start = 439
-1.5150604 0.66737366 8.446899
-1.1127777 0.8601837 8.018433
-1.7269135 0.60072327 7.4400024
-2.300583 0.6126251 7.1567383
-2.3934174 0.8054352 6.6401978
-1.8292694 0.93159485 6.2474365
-1.4531708 0.5007477 5.2857666
-2.962326 0.74116516 6.556885
-3.2931976 1.1529694 6.0736694
-3.193222 0.45314026 5.7666016
-3.2527313 -0.24906921 5.569031
-3.340805 -0.56803894 5.326233
-3.2027435 -0.5561371 5.2643433
-3.1337128 -0.42045593 5.2714844
-3.2241669 -0.24430847 5.2976685
-3.321762 -0.4323578 5.314331
-3.488388 -0.76560974 5.2714844
-3.8525848 -0.93937683 5.2857666
-4.411972 -1.0583954 5.62854
-4.9927826 -1.5130463 6.2164917
-5.385544 -1.7391815 6.6759033
-5.706894 -1.960556 7.1900635
-6.078232 -2.2533417 7.437622
-6.606674 -2.4747162 7.4590454
-7.182724 -2.6699066 7.237671
-7.701645 -2.88414 6.9520264
-7.939682 -3.1483612 6.4402466
-7.9111176 -3.5006561 6.27124
-7.4826508 -3.622055 5.878479
-7.1589203 -3.6506195 5.852295
-7.1422577 -3.5720673 5.859436
-7.4731293 -3.8553314 6.256958
-8.046799 -4.069565 6.123657
-8.675217 -4.35997 5.8760986
-9.179855 -4.7670135 5.326233
-9.256027 -5.1312103 4.7478027
-9.163193 -5.2407074 4.390747
-8.934677 -5.040756 4.0146484
-8.872787 -4.9836273 3.7599487
-9.075119 -4.897934 3.4124146
-9.489304 -4.8241425 3.0101318
-10.146286 -4.74559 2.6744995
-10.779465 -4.719406 2.5221558
-11.269821 -4.7146454 2.4578857
-11.538803 -4.781296 2.4197998
-11.831589 -4.5551605 2.1079712
-11.988693 -5.3264008 1.9865723
-12.271957 -5.4287567 1.253418
-12.73851 -5.438278 1.1843872
-13.081284 -5.454941 1.1653442
-13.297897 -5.3049774 1.0249023
-13.238388 -5.2526093 1.2248535
-12.988449 -5.264511 1.2058105
-12.631393 -4.905075 0.7797241
-12.057724 -5.3121185 0.74401855
-11.714951 -5.2549896 0.1060791
-11.617355 -5.412094 -0.00579834
-11.51738 -5.6072845 -0.034362793
-11.322189 -5.847702 -0.024841309
-11.065109 -6.0048065 -0.008178711
-10.827072 -6.1404877 0.013244629
-10.724716 -6.169052 0.027526855
-10.574753 -6.0738373 0.113220215
-10.49144 -5.776291 0.32269287
-10.36528 -5.4335175 0.27508545
-10.23436 -5.1002655 0.25842285
-10.284348 -4.974106 0.27746582
-10.372421 -4.826523 0.2703247
-10.512863 -4.9336395 0.16082764
-10.605698 -5.033615 -0.022460938
-10.624741 -5.207382 -0.362854
-10.634262 -5.2597504 -0.7270508
-10.584274 -5.1526337 -0.8674927
-10.510483 -4.988388 -1.0507813
-10.248642 -4.8622284 -1.2364502
-9.965378 -4.9074554 -1.2269287
-9.736862 -4.916977 -1.1436157
-9.646408 -4.924118 -1.0507813
-9.59166 -4.7717743 -1.0460205
-9.567856 -4.6194305 -1.1031494
-9.574997 -4.4718475 -1.1864624
-9.4655 -4.3099823 -1.2650146
-9.322678 -4.10289 -1.2126465
-9.217941 -4.03862 -1.0674438
-9.137009 -4.0671844 -0.9627075
-9.010849 -4.1243134 -0.9746094
-9.120346 -4.2861786 -0.92700195
-9.341721 -4.3242645 -1.0460205
-9.717819 -4.2100067 -0.99365234
-9.984421 -3.7934418 -1.0960083
-10.048691 -3.5268402 -1.3173828
-10.020126 -3.5911102 -1.5125732
-9.903488 -3.660141 -1.7149048
-9.741623 -3.807724 -1.7125244
-9.686874 -3.936264 -1.6982422
-9.646408 -3.9529266 -1.7315674
-9.622604 -4.000534 -1.8148804
-9.672592 -4.2100067 -1.7744141
-9.703537 -4.1909637 -1.6530151
-9.59642 -3.993393 -1.498291
-9.384567 -3.8410492 -1.3221436
-9.182236 -3.6363373 -1.0531616
-8.913254 -3.3697357 -0.75561523
-8.846603 -3.4506683 -0.69610596
-8.808517 -3.5625458 -0.7270508
-8.863266 -3.603012 -0.98413086
-8.906113 -3.7029877 -1.1507568
-8.960861 -3.769638 -1.3031006
-9.010849 -3.8862762 -1.3340454
-9.125107 -3.9719696 -1.1626587
-9.222702 -3.769638 -1.0293579
-9.215561 -3.410202 -0.7746582
-9.215561 -3.0341034 -0.6437378
-9.234604 -2.8365326 -0.677063
-9.382187 -2.7532196 -0.7246704
-9.572617 -2.8889008 -0.7913208
-9.822556 -3.0840912 -0.86035156
-10.034409 -3.0602875 -0.9151001
-10.082016 -3.0293427 -0.9650879
-9.972519 -3.0269623 -0.88653564
-9.78923 -2.8889008 -0.8841553
-9.7202 -2.8293915 -0.7937012
-9.798752 -2.8936615 -0.61517334
-10.003464 -2.8508148 -0.5913696
-10.293869 -2.81987 -0.63897705
-10.655685 -2.7079926 -1.0698242
-11.381699 -2.5532684 -1.3245239
-12.229111 -2.4937592 -1.5792236
-12.945602 -2.5009003 -1.8077393
-13.31218 -2.479477 -1.7363281
-13.155075 -2.4651947 -1.7886963
-12.571884 -2.4723358 -1.7458496
-11.952988 -2.4342499 -1.5458984
-11.441208 -2.4128265 -1.3864136
-11.146042 -2.2771454 -1.2745361
-10.860397 -2.300949 -1.2007446
-10.731857 -2.4175873 -1.0412598
-10.608078 -2.4889984 -1.0460205
-10.465256 -2.550888 -1.1055298
-10.4509735 -2.479477 -1.0007935
-10.405746 -2.3890228 -1.1412354
-10.296249 -2.191452 -1.2055054
-9.91777 -2.1486053 -1.119812
-9.367905 -2.081955 -0.9888916
-8.620468 -1.9486542 -0.9246216
-7.9944305 -1.8820038 -0.68896484
-7.594528 -1.8629608 -0.4033203
-7.5064545 -1.9200897 -0.25097656
-7.939682 -2.0081635 -0.29144287
-8.608566 -2.1128998 -0.3890381
-9.344101 -2.127182 -0.6104126
-9.865402 -2.2081146 -0.75561523
-10.039169 -2.1224213 -0.8175049
-10.058212 -2.0272064 -0.7675171
-10.0082245 -1.9629364 -0.677063
-10.003464 -1.9248505 -0.6746826
-10.051071 -1.8177338 -0.677063
-10.082016 -1.8367767 -0.66516113
-9.9249115 -1.7058563 -0.5461426
-9.670212 -1.5582733 -0.31762695
-9.332199 -1.4416351 -0.05102539
-9.025131 -1.5059052 0.22509766
-8.927536 -1.6534882 0.41552734
-8.851364 -1.6939545 0.31793213
-8.839462 -1.6891937 0.19415283
-8.775192 -1.6392059 0.03466797
-8.560959 -1.5273285 0.094177246
-8.351486 -1.5939789 0.27746582
-8.220566 -1.6225433 0.32983398
-8.201523 -1.7106171 0.35601807
-8.322922 -1.7986908 0.2798462
-8.546677 -1.812973 0.246521
-8.701401 -1.7796478 0.29174805
-8.718063 -1.6868134 0.39648438
-8.613327 -1.7772675 0.5488281
-8.482407 -1.8272552 0.7059326
-8.399094 -1.8177338 0.7416382
-8.268173 -1.9510345 0.74401855
-8.30864 -2.0748138 0.708313
-8.446701 -2.1105194 0.541687
-8.551437 -2.248581 0.57025146
-8.768051 -2.4175873 0.58929443
-8.898972 -2.4580536 0.5274048
-8.977524 -2.550888 0.5083618
-9.053696 -2.4818573 0.57977295
-9.246506 -2.377121 0.5988159
-9.522629 -2.4199677 0.55358887
-9.801132 -2.5294647 0.2536621
-10.217697 -2.8079681 0.110839844
-10.710434 -2.910324 0.044189453
-11.107956 -2.9698334 -0.060546875
-11.512619 -2.781784 -0.26763916
-12.102951 -2.7460785 -0.49139404
-12.878952 -2.800827 -0.67230225
-13.609726 -2.9555511 -0.82702637
-13.969162 -3.0626678 -0.991272
-13.76207 -3.0222015 -1.1126709
-12.945602 -2.9150848 -1.184082
-11.843491 -2.8436737 -1.0960083
-10.922287 -2.8960419 -0.8984375
-10.377182 -3.0364838 -0.6175537
-10.124863 -3.2340546 -0.53900146
-10.015366 -3.4006805 -0.40093994
-9.936813 -3.436386 -0.22479248
-9.865402 -3.4506683 -0.034362793
-9.705917 -3.3411713 0.06561279
-9.427414 -3.153122 0.08227539
-9.058456 -3.005539 0.06085205
-8.851364 -2.812729 -0.041503906
-8.95372 -2.7960663 -0.17956543
-9.291733 -2.7722626 -0.31524658
-9.817795 -2.7722626 -0.4366455
-10.184372 -2.8698578 -0.3890381
-10.481918 -2.8722382 -0.4794922
-10.539047 -2.8032074 -0.5675659
-10.546188 -2.7317963 -0.60565186
-10.646164 -2.5984955 -0.8413086
-10.693771 -2.5604095 -0.805603
-10.629501 -2.5556488 -0.95080566
-10.505722 -2.6246796 -0.81988525
-10.208176 -2.646103 -0.6937256
-9.839218 -2.7056122 -0.62945557
-9.3988495 -2.524704 -0.58898926
-8.989426 -2.5270844 -0.5032959
-8.653793 -2.6103973 -0.5175781
-8.339584 -2.7008514 -0.54138184
-8.101547 -2.7675018 -0.63183594
-7.86351 -2.8055878 -0.76989746
-7.658798 -2.7865448 -0.8984375
-7.489792 -2.698471 -0.96032715
-7.3898163 -2.8365326 -0.7817993
-7.4088593 -3.0674286 -0.4794922
-7.6707 -3.3245087 -0.13433838
-8.05394 -3.338791 0.013244629
-8.430038 -3.2530975 0.08227539
-8.732346 -2.8817596 -0.08673096
-8.82756 -2.5532684 -0.36999512
-8.753769 -2.3699799 -0.4628296
-8.601425 -2.5294647 -0.510437
-8.489548 -2.876999 -0.59375
-8.482407 -3.2769012 -0.5794678
-8.627609 -3.5411224 -0.446167
-8.870407 -3.5292206 -0.34857178
-9.094162 -3.4125824 -0.31048584
-9.27269 -3.1316986 -0.4366455
-9.313156 -2.941269 -0.46044922
-9.310776 -2.7484589 -0.5175781
-9.46788 -2.653244 -0.4699707
-9.772568 -2.6960907 -0.51519775
-10.205795 -2.7198944 -0.58898926
-10.68663 -2.679428 -0.6842041
-10.93895 -2.608017 -0.9222412
-10.960373 -2.4770966 -0.9555664
-10.774704 -2.448532 -0.88653564
-10.515244 -2.3723602 -0.72943115
-10.6818695 -2.3890228 -0.52948
-11.555466 -2.441391 -0.4628296
-12.945602 -2.460434 -0.75561523
-14.490463 -2.4271088 -1.1055298
-15.399765 -2.3033295 -1.6696777
-15.097458 -2.1105194 -1.9529419
-13.671616 -2.0938568 -1.6720581
-11.903 -2.1819305 -1.1959839
-10.541428 -2.3556976 -0.510437
-9.674973 -2.5675507 0.16320801
-9.289352 -2.6294403 0.52978516
-9.182236 -2.5794525 0.73687744
-9.313156 -2.467575 0.73687744
-9.40123 -2.191452 0.62023926
-9.386948 -1.8724823 0.5773926
-9.14653 -1.7320404 0.5988159
-8.877548 -1.6796722 0.51312256
-8.715683 -1.6939545 0.45599365
-8.872787 -1.7725067 0.31079102
-9.313156 -1.8986664 0.06323242
-9.820175 -2.0533905 -0.21051025
-10.253403 -2.350937 -0.17480469
-10.434311 -2.6580048 -0.22717285
-10.374802 -2.7389374 -0.09863281
-10.139145 -2.7841644 0.10369873
-9.834457 -2.7913055 0.31555176
-9.586899 -2.7794037 0.39172363
-9.346481 -2.7889252 0.39886475
-9.113205 -2.7579803 0.2965088
-8.88945 -2.7056122 0.30841064
-8.656174 -2.5913544 0.30841064
-8.430038 -2.531845 0.394104
-8.31102 -2.5770721 0.4202881
-8.241989 -2.7127533 0.5036011
-8.177719 -2.7579803 0.5250244
-8.175339 -2.736557 0.5440674
-8.0967865 -2.6889496 0.47979736
-8.061081 -2.6770477 0.51312256
-8.039658 -2.4961395 0.58929443
-8.092026 -2.4175873 0.6392822
-8.206284 -2.4961395 0.6726074
-8.3919525 -2.5842133 0.7011719
-8.63237 -2.7127533 0.58691406
-8.749008 -2.8341522 0.56073
-8.868027 -2.9055634 0.60595703
-8.813278 -3.0436249 0.6583252
-8.751389 -3.0840912 0.6987915
-8.615707 -3.134079 0.71069336
-8.608566 -3.0864716 0.7178345
-8.5395355 -3.0341034 0.73687744
-8.63475 -3.1269379 0.7392578
-8.729965 -3.3316498 0.75115967
-8.925156 -3.5173187 0.7178345
-9.046555 -3.6506195 0.7987671
-9.244125 -3.750595 0.8796997
-9.422653 -3.7148895 1.1153564
-9.639267 -3.5530243 1.0296631
-10.04393 -3.4340057 0.9296875
-10.436691 -3.2578583 0.7654419
-10.827072 -3.281662 0.6392822
-11.086533 -3.1650238 0.5345459
-11.141281 -3.024582 0.42266846
-11.050827 -2.9460297 0.2298584
-11.210312 -2.9912567 0.2131958
-12.193405 -3.326889 0.62976074
-13.402634 -3.4958954 0.4607544
-14.081039 -3.5077972 0.15130615
-13.709702 -3.2483368 -0.31524658
-12.171982 -2.967453 -0.53186035
-10.629501 -2.9150848 -0.5509033
-9.78923 -2.986496 -0.27001953
-9.798752 -3.2935638 -0.05102539
-10.593796 -3.4720917 -0.0748291
-11.336472 -3.4506683 -0.1819458
-11.538803 -3.191208 -0.42474365
-11.031784 -2.9150848 -0.5270996
-10.162949 -2.827011 -0.5532837
-9.52739 -2.774643 -0.5770874
-9.472641 -2.8746185 -0.56518555
-9.903488 -2.9769745 -0.64849854
-10.436691 -2.8246307 -0.6984863
-10.755661 -2.7032318 -0.75323486
-10.774704 -2.596115 -0.8151245
-10.5985565 -2.5556488 -0.77941895
-10.417648 -2.5389862 -0.80322266
-10.343857 -2.5485077 -0.86987305
-10.203415 -2.5556488 -0.9793701
-9.903488 -2.5199432 -0.87701416
-9.522629 -2.4770966 -0.87701416
-9.106064 -2.543747 -0.68896484
-8.708542 -2.646103 -0.54138184
-8.44194 -2.7698822 -0.56518555
-8.37529 -2.8055878 -0.4295044
-8.470505 -2.8174896 -0.4628296
-8.591904 -2.8555756 -0.41046143
-8.756149 -2.903183 -0.48187256
-8.829941 -2.9960175 -0.56518555
-8.829941 -3.088852 -0.5866089
-8.7894745 -3.1436005 -0.6413574
-8.7894745 -3.107895 -0.57470703
-8.8537445 -3.107895 -0.58898926
-8.9561 -3.0745697 -0.62945557
-9.077499 -3.1364594 -0.5699463
-9.165573 -3.179306 -0.3795166
-9.3155365 -3.2292938 -0.35809326
-9.303635 -3.179306 -0.51519775
-9.239365 -3.2150116 -0.61279297
-9.098923 -3.191208 -0.5175781
-8.95372 -3.2864227 -0.44140625
-8.908493 -3.2983246 -0.34381104
-8.89183 -3.288803 -0.3295288
-8.922775 -3.2935638 -0.21051025
-8.89183 -3.2340546 -0.2890625
-8.82518 -3.1935883 -0.39379883
-8.82518 -3.1888275 -0.5032959
-8.841843 -3.2459564 -0.60565186
-8.95372 -3.3292694 -0.6699219
-9.170334 -3.3578339 -0.7341919
-9.367905 -3.4435272 -0.62945557
-9.636887 -3.4411469 -0.61517334
-9.767807 -3.4387665 -0.6675415
-9.870163 -3.4078217 -0.6699219
-9.748764 -3.326889 -0.72229004
-9.567856 -3.2864227 -0.6437378
-9.377426 -3.3506927 -0.54852295
-9.351242 -3.384018 -0.5128174
-9.489304 -3.403061 -0.36523438
-9.639267 -3.4768524 -0.29144287
-9.624985 -3.3744965 -0.29858398
-9.72258 -3.2864227 -0.44378662
-10.289108 -3.2221527 -0.21289063
-11.241257 -3.2316742 -0.362854
-12.205307 -3.3578339 -0.4937744
-12.648056 -3.2102509 -0.6865845
-12.155319 -2.8079681 -0.8222656
-11.184128 -2.5342255 -0.6532593
-10.284348 -2.4842377 -0.32476807
-9.865402 -2.596115 -0.0748291
-9.884445 -2.7246552 0.025146484
-10.281967 -2.910324 -0.08673096
-10.591415 -2.9198456 -0.15100098
-10.553329 -2.941269 -0.24621582
-10.117722 -2.9317474 -0.14624023
-9.541672 -2.8746185 0.113220215
-9.120346 -3.0174408 0.08227539
-8.991806 -3.134079 0.1560669
-9.244125 -3.1816864 0.010864258
-9.748764 -3.160263 0.008483887
-10.203415 -3.0983734 -0.0034179688
-10.42955 -2.9793549 -0.062927246
-10.355759 -2.9365082 0.16796875
-10.074875 -2.922226 0.38220215
-9.7582855 -2.812729 0.6011963
-9.565475 -2.7889252 0.70355225
-9.503586 -2.800827 0.7559204
-9.579758 -2.960312 0.67736816
-9.536911 -2.94841 0.6107178
-9.475021 -3.0198212 0.54644775
-9.291733 -3.115036 0.56311035
-9.034653 -3.0864716 0.60595703
-8.839462 -3.050766 0.6749878
-8.646652 -3.0341034 0.76068115
-8.572861 -2.967453 0.836853
-8.470505 -2.8817596 0.9891968
-8.487167 -2.793686 1.0582275
-8.4752655 -2.8151093 1.0629883
-8.520493 -2.8936615 0.98205566
-8.639511 -3.005539 0.9058838
-8.775192 -3.0936127 0.90826416
-8.8228 -3.107895 0.92492676
-8.839462 -3.0793304 0.8249512
-8.784714 -3.1102753 0.86779785
-8.808517 -3.153122 0.8630371
-8.739487 -3.1959686 0.8463745
-8.710922 -3.1555023 0.9154053
-8.656174 -3.1221771 0.8463745
-8.582382 -3.1293182 0.9606323
-8.525253 -3.1650238 1.0249023
-8.394333 -3.2483368 0.94158936
-8.351486 -3.3792572 1.0582275
-8.299118 -3.5173187 1.0963135
-8.192001 -3.595871 1.0844116
-8.187241 -3.6720428 1.0701294
-8.303879 -3.7339325 0.91064453
-8.601425 -3.698227 0.8297119
-8.948959 -3.6101532 0.7178345
-9.322678 -3.557785 0.5773926
-9.677353 -3.5673065 0.43933105
-9.955856 -3.6482391 0.42980957
-10.191513 -3.769638 0.45837402
-10.396225 -4.0029144 0.4845581
-10.484299 -4.1195526 0.42266846
-10.724716 -4.174301 0.29174805
-11.407883 -4.314743 0.5083618
-12.41716 -4.379013 0.34173584
-13.533554 -4.474228 0.3441162
-14.335739 -4.4194794 0.20843506
-14.380966 -4.250473 -0.2557373
-13.733505 -4.024338 -0.48187256
-12.764694 -3.6101532 -0.4128418
-11.898239 -3.1935883 -0.59375
-11.276962 -3.031723 -0.4794922
-10.791367 -3.031723 -0.23431396
-10.262924 -3.2316742 -0.11291504
-9.715439 -3.5054169 -0.0010375977
-9.203659 -3.6315765 0.09893799
-8.615707 -3.6387177 0.20605469
-8.146774 -3.6387177 0.4274292
-7.889694 -3.6172943 0.4345703
-7.7754364 -3.4625702 0.42504883
-7.804001 -3.153122 0.38458252
-8.12059 -3.0079193 0.41314697
-8.532394 -2.8984222 0.2536621
-9.032272 -3.1221771 0.09655762
-9.477402 -3.307846 -0.10101318
-9.846359 -3.2292938 -0.33666992
-10.034409 -3.0293427 -0.45092773
-10.191513 -2.736557 -0.4128418
-10.389084 -2.5009003 -0.43902588
-10.541428 -2.4509125 -0.59375
-10.639023 -2.3295135 -0.6437378
-10.62236 -2.293808 -0.8222656
-10.462875 -2.3057098 -0.8817749
-10.181992 -2.3366547 -0.8508301
-9.908249 -2.4532928 -0.7913208
-9.622604 -2.5199432 -0.75323486
-9.434555 -2.5913544 -0.6532593
-9.329819 -2.6818085 -0.65563965
-9.313156 -2.7198944 -0.6270752
-9.196518 -2.6294403 -0.6175537
-9.0203705 -2.6746674 -0.55804443
-8.872787 -2.6318207 -0.53900146
-8.756149 -2.7222748 -0.58898926
-8.69426 -2.7056122 -0.60565186
-8.75853 -2.8365326 -0.7103882
-8.932297 -2.8936615 -0.6699219
-9.103683 -2.922226 -0.7246704
-9.301254 -2.9341278 -0.7318115
-9.346481 -2.9198456 -0.7484741
-9.244125 -2.960312 -0.8389282
-9.113205 -3.0150604 -0.9317627
-8.939438 -3.057907 -0.9222412
-8.775192 -3.0650482 -0.9246216
-8.651413 -3.107895 -0.80322266
-8.637131 -3.191208 -0.71990967
Time Stop = 444
