Time Start = 519
-2.3362885 -3.345932 7.7732544
-2.141098 -3.0483856 7.116272
-3.6597748 -2.6603851 5.9665527
-3.6431122 -3.9957733 5.9641724
-4.085861 -4.321884 4.9786987
-4.5547943 -4.5432587 4.9072876
-4.5619354 -4.61467 5.0739136
-4.2881927 -4.514694 4.9906006
-4.0501556 -4.450424 5.159607
-4.1406097 -4.5670624 5.288147
-4.4405365 -4.3813934 5.3309937
-4.8571014 -4.686081 5.69281
-5.237961 -5.162155 5.7904053
-5.5950165 -5.307358 5.609497
-5.8378143 -5.5311127 5.654724
-5.949692 -5.9072113 5.916565
-5.9853973 -6.0500336 6.057007
-5.911606 -6.392807 6.01178
-5.847336 -6.804611 5.7713623
-5.9020844 -7.2045135 5.5404663
-5.9996796 -7.3211517 5.492859
-6.085373 -7.3187714 5.569031
-6.0520477 -7.2283173 5.6452026
-5.828293 -6.918869 5.4214478
-5.6854706 -6.5832367 5.447632
-5.535507 -6.3523407 5.511902
-5.4855194 -6.354721 5.8356323
-5.4855194 -6.5546722 5.7999268
-5.449814 -6.680832 5.697571
-5.55217 -6.7998505 5.6571045
-5.630722 -7.168808 5.7094727
-5.8901825 -7.330673 5.2786255
-6.206772 -7.3449554 4.628784
-6.4924164 -7.816269 4.28125
-6.83519 -8.606552 4.1503296
-7.149399 -9.065964 4.02417
-7.2255707 -9.325424 4.0670166
-7.144638 -9.518234 4.447876
-6.920883 -9.373032 4.840637
-6.759018 -9.120712 5.0358276
-6.7042694 -8.732712 4.685913
-6.880417 -8.796982 4.0789185
-7.054184 -9.015976 3.4838257
-7.0184784 -9.339706 2.7982788
-6.747116 -10.189499 3.0220337
-6.4019623 -10.803635 3.5671387
-6.309128 -10.865524 3.9122925
-6.3972015 -10.396591 3.8884888
-6.456711 -9.696762 3.236267
-6.0948944 -9.418259 2.5959473
-5.342697 -9.589645 2.7125854
-4.699997 -9.608688 3.1505737
-4.507187 -9.377792 3.709961
-4.7214203 -9.242111 4.2645874
-5.071335 -9.004074 4.562134
-5.335556 -8.754135 4.66687
-5.49028 -8.668442 4.5978394
-5.483139 -8.84697 3.9956055
-5.026108 -9.394455 3.2315063
-4.7166595 -9.960983 3.081543
-4.695236 -10.094284 3.267212
-4.892807 -9.818161 3.8313599
-5.021347 -9.242111 4.481201
-4.9475555 -8.616074 5.0929565
-4.771408 -8.220932 5.0548706
-4.642868 -8.223312 4.459778
-4.5809784 -8.65892 3.8432617
-4.404831 -9.077866 3.0625
-4.392929 -9.494431 2.638794
-4.52623 -9.387314 2.6983032
-4.6404877 -9.0516815 3.300537
-4.52861 -8.523239 3.7980347
-4.411972 -8.132858 3.9694214
-4.3834076 -8.07811 3.6433105
-4.352463 -8.311386 3.1958008
-4.219162 -8.501816 2.9125366
-4.1596527 -8.544662 2.6221313
-4.238205 -8.639877 2.5316772
-4.4667206 -8.278061 2.407898
-4.699997 -7.8519745 2.4745483
-4.8190155 -7.82341 2.6959229
-4.8380585 -8.159042 2.786377
-4.9285126 -8.504196 2.8197021
-5.1260834 -8.611313 2.4840698
-5.2022552 -8.735092 2.4221802
-5.2736664 -8.706528 2.2507935
-5.316513 -8.499435 2.4007568
-5.49028 -7.9281464 2.7173462
-5.430771 -7.8638763 3.0744019
-5.304611 -8.163803 3.1886597
-5.323654 -8.451828 3.1220093
-5.4141083 -8.478012 2.8625488
-5.4664764 -8.482773 3.088684
-5.4926605 -8.358994 2.9077759
-5.4402924 -8.292343 2.9006348
-5.342697 -8.225693 3.152954
-5.387924 -8.128098 3.3171997
-5.4593353 -8.123337 3.210083
-5.4974213 -8.175705 3.4362183
-5.3069916 -8.408981 3.433838
-5.16893 -8.601791 3.652832
-5.2093964 -8.547043 3.8884888
-5.097519 -8.649399 3.7337646
-4.9523163 -8.744614 3.5552368
-5.154648 -8.604172 3.4433594
-5.4236298 -8.132858 3.505249
-5.5188446 -7.7496185 3.5195313
-5.368881 -7.906723 2.8673096
-5.36174 -8.458969 3.4766846
-5.4141083 -8.544662 3.7480469
-5.10466 -8.539902 4.0551147
-4.7476044 -8.40184 4.526428
-4.7095184 -8.349472 4.524048
-4.7547455 -8.216171 4.4835815
-4.988022 -7.661545 4.4907227
-5.0165863 -7.285446 4.2788696
-4.52861 -7.3830414 4.7382813
-4.5952606 -7.3782806 5.0334473
-4.597641 -8.047165 5.019165
-4.8904266 -7.911484 4.440735
-5.226059 -8.375656 4.247925
-5.0118256 -8.868393 4.1884155
-4.52623 -8.887436 4.3240967
-4.314377 -8.454208 4.5526123
-4.3238983 -8.032883 4.505005
-4.381027 -7.9233856 3.864685
-4.5738373 -8.3780365 3.7885132
-4.711899 -8.189987 3.8337402
-4.8451996 -7.9614716 4.2336426
-5.007065 -8.65416 4.5716553
-5.4926605 -9.713425 4.5097656
-5.7759247 -10.620346 4.4240723
-5.7545013 -10.698898 4.1812744
-5.509323 -10.596542 4.2836304
-5.3641205 -10.427536 4.5906982
-5.1903534 -10.529892 5.05249
-5.059433 -10.503708 5.345276
-4.904709 -10.606064 5.450012
-4.8261566 -10.487045 5.3095703
-4.714279 -10.339462 5.257202
-4.5762177 -10.203781 5.4761963
-4.623825 -10.146652 5.659485
-4.564316 -10.151413 5.4571533
-4.0049286 -10.429916 5.730896
-3.9739838 -11.082138 7.090088
-4.1334686 -9.192123 5.840393
-3.9406586 -8.6732025 5.3309937
-3.386032 -9.494431 5.466675
-3.3074799 -10.2894745 5.383362
-3.616928 -10.413254 4.973938
-3.5693207 -10.189499 5.121521
-3.295578 -9.93956 5.3928833
-3.0765839 -9.958603 5.3762207
-2.879013 -10.099045 5.621399
-2.7409515 -10.272812 6.0165405
-2.6124115 -10.203781 6.154602
-2.5505219 -10.160934 5.788025
-2.4505463 -10.013351 4.98584
-2.3053436 -9.918137 4.98584
-2.1077728 -9.413498 4.485962
-1.8102264 -9.642014 4.628784
-1.4793549 -10.06572 5.1810303
-1.3127289 -10.056198 5.4214478
-1.1603851 -9.868149 5.7356567
-1.1032562 -9.265915 5.7927856
-0.90330505 -8.9040985 5.8046875
-0.5795746 -9.111191 5.7404175
-0.32963562 -9.1707 5.4262085
-0.23680115 -8.9040985 5.1191406
-0.039230347 -8.59465 5.154846
0.0393219 -8.65654 5.519043
0.16786194 -8.570847 5.7356567
0.38923645 -8.506577 5.640442
0.5749054 -8.3780365 5.5428467
0.76771545 -8.239975 5.1262817
0.8962555 -8.128098 5.133423
0.9557648 -7.792465 5.192932
1.1271515 -7.5306244 5.231018
1.098587 -7.2497406 5.4833374
1.162857 -7.1973724 5.82135
1.2580719 -7.394943 5.699951
1.3747101 -7.3901825 5.488098
1.5199127 -7.4044647 5.5737915
1.6032257 -7.161667 5.5023804
1.7341461 -6.590378 5.6380615
1.707962 -5.8191376 6.20697
1.6674957 -5.431137 6.699707
1.8888702 -5.9143524 6.880615
2.0959625 -6.7117767 6.473572
2.2221222 -6.8569794 5.654724
2.317337 -6.8260345 5.250061
2.3411407 -6.5546722 4.9144287
2.2387848 -6.045273 4.7454224
2.2006989 -5.8429413 5.2143555
2.245926 -5.5691986 5.8808594
2.5172882 -5.738205 6.2593384
2.8791046 -6.2023773 6.4640503
3.1290436 -6.661789 6.987732
3.119522 -6.654648 7.444763
3.0838165 -6.514206 7.6137695
3.0219269 -6.533249 7.7351685
3.1100006 -6.3380585 7.0924683
3.2004547 -6.059555 6.5735474
3.4741974 -5.733444 6.3236084
3.6860504 -5.859604 6.0427246
3.9288483 -6.399948 6.1141357
4.0264435 -6.8641205 6.571167
4.0526276 -7.1473846 7.135315
4.0264435 -6.8069916 7.399536
3.997879 -6.392807 7.8637085
4.0764313 -6.007187 8.06604
4.364456 -5.8905487 7.5804443
4.554886 -6.226181 7.0877075
4.6739044 -6.2023773 6.371216
4.5977325 -5.7667694 6.3950195
4.478714 -5.4525604 6.494995
4.5834503 -5.673935 6.642578
4.7953033 -5.8310394 6.7354126
4.8214874 -5.692978 6.9591675
4.8476715 -5.3573456 7.399536
4.8928986 -5.052658 7.604248
4.895279 -4.833664 7.706604
4.96669 -4.764633 7.2805176
5.057144 -4.893173 6.840149
5.1118927 -4.795578 6.480713
5.1809235 -4.9074554 6.5426025
5.254715 -4.750351 6.5092773
5.383255 -4.61705 6.668762
5.4118195 -4.383774 6.8044434
5.4641876 -4.3885345 7.025818
5.5903473 -4.4337616 6.892517
5.683182 -4.7027435 6.9710693
5.666519 -4.7908173 6.9210815
5.716507 -4.828903 6.9401245
5.621292 -4.788437 6.833008
5.5855865 -4.4123383 6.5473633
5.5665436 -4.2742767 6.6782837
5.5903473 -4.0981293 6.816345
5.664139 -3.9576874 6.564026
5.811722 -3.8767548 6.585449
5.8736115 -3.7863007 6.5806885
5.942642 -3.6768036 6.6449585
5.9045563 -3.5982513 6.9067993
5.8736115 -3.2411957 7.002014
5.814102 -3.1745453 6.8639526
5.8736115 -3.179306 6.7020874
5.845047 -2.993637 6.733032
5.792679 -2.569931 6.7973022
5.8807526 -2.274765 6.623535
5.8926544 -2.2271576 6.4854736
5.9878693 -2.1866913 6.3688354
5.978348 -2.3223724 6.4473877
5.940262 -2.1295624 6.6068726
5.9450226 -1.9629364 6.623535
5.942642 -1.9296112 6.7782593
5.9640656 -1.8391571 6.559265
5.9973907 -1.7391815 6.5878296
5.890274 -1.4678192 6.699707
5.8545685 -1.2702484 6.604492
5.8878937 -1.2083588 6.2807617
5.935501 -1.3654633 6.20697
5.9640656 -1.4868622 6.2164917
5.954544 -1.6106415 6.5664063
6.004532 -1.7891693 6.6259155
6.011673 -1.7653656 6.733032
6.0473785 -1.6487274 6.7282715
6.0569 -1.4606781 6.6640015
6.1878204 -1.2012177 6.749695
6.2830353 -1.0679169 6.5426025
6.37825 -1.1607513 6.597351
6.2782745 -1.2107391 6.5949707
6.235428 -1.4059296 6.859192
6.106888 -1.2583466 6.8425293
6.106888 -1.3297577 6.873474
6.223526 -1.4511566 6.880615
6.261612 -1.2845306 7.0567627
6.3092194 -1.010788 7.0043945
6.287796 -0.7275238 6.9520264
6.299698 -0.51805115 6.7544556
6.383011 -0.5608978 6.6187744
6.4139557 -0.59898376 6.5426025
6.435379 -0.65849304 6.7734985
6.461563 -0.7275238 6.854431
6.4258575 -0.7299042 6.9924927
6.454422 -0.7679901 7.1972046
6.50679 -0.8655853 7.2162476
6.587723 -0.80607605 7.309082
6.57106 -0.68943787 7.3757324
6.5472565 -0.8608246 7.128174
6.5234528 -0.97032166 6.7425537
6.321121 -0.87272644 6.661621
6.2901764 -0.7299042 6.6449585
6.4377594 -0.7108612 6.897278
6.511551 -0.6442108 7.1400757
6.63295 -0.677536 7.418579
6.602005 -0.75608826 7.525696
6.5353546 -0.76560974 7.2805176
6.5282135 -0.7751312 7.1829224
6.5234528 -0.5632782 7.0424805
6.590103 -0.2919159 6.956787
6.5353546 -0.04197693 6.8115845
6.4449005 0.077041626 6.8568115
6.3044586 0.06752014 7.0353394
6.318741 -0.16575623 7.0734253
6.3734894 -0.33476257 7.2471924
6.447281 -0.45140076 7.3114624
6.530594 -0.4061737 7.442383
6.492508 0.06513977 7.775635
6.492508 0.49360657 7.6589966
6.487747 0.4507599 7.5375977
6.5282135 0.24128723 7.2995605
6.594864 0.19129944 7.2281494
6.6424713 0.19367981 7.270996
6.63295 0.16035461 7.278137
6.613907 0.031814575 7.1329346
6.587723 0.12226868 6.904419
6.4948883 0.1365509 6.942505
6.4782257 0.25080872 6.744934
6.397293 0.5650177 6.733032
6.356827 1.0696564 6.6782837
6.3115997 1.3195953 6.7734985
6.3354034 1.3029327 6.918701
6.397293 1.0363312 6.840149
6.3877716 0.6721344 6.8568115
6.325882 0.46980286 6.8948975
6.280655 0.34602356 6.880615
6.3354034 0.3674469 6.7544556
6.363968 0.6150055 6.916321
6.359207 0.83161926 6.9020386
6.2639923 0.89826965 7.0496216
6.1378326 1.2291412 7.066284
6.2401886 1.3148346 7.085327
6.3949127 1.1624908 6.8639526
6.4639435 0.93873596 6.5878296
6.5424957 0.58406067 6.5735474
6.402054 0.61024475 6.423584
6.287796 0.76020813 6.5735474
6.2259064 1.0244293 6.6520996
6.3734894 1.2481842 6.8187256
6.4710846 1.3981476 6.8615723
6.4306183 1.5719147 6.980591
6.337784 1.5838165 6.763977
6.235428 1.4243317 6.673523
6.292557 0.95777893 6.597351
6.230667 0.7459259 6.3688354
6.223526 0.71736145 6.680664
6.178299 1.0910797 6.756836
6.2592316 1.3886261 6.963928
6.254471 1.721878 6.8948975
6.383011 1.721878 6.918701
6.473465 1.4933624 6.668762
6.352066 1.3267365 6.5925903
6.1687775 1.4505157 6.687805
6.0854645 1.5147858 6.6592407
6.1045074 1.5028839 6.616394
6.254471 1.5005035 6.404541
6.3092194 1.4029083 6.295044
6.2901764 1.3338776 6.3950195
6.211624 1.4148102 6.6711426
6.230667 1.4290924 6.942505
6.192581 1.5005035 7.044861
6.197342 1.6338043 7.0401
6.2211456 1.676651 6.9448853
6.230667 1.6909332 6.821106
6.2259064 1.6266632 6.59021
6.1687775 1.6385651 6.494995
6.1878204 1.695694 6.521179
6.256851 1.3933868 6.692566
6.3877716 1.0268097 6.7163696
6.525833 1.0244293 6.597351
6.5401154 1.1386871 6.6949463
6.5329742 1.2458038 6.763977
6.454422 1.4552765 6.8044434
6.3235016 1.4743195 6.873474
6.0973663 1.4957428 6.835388
6.037857 1.4528961 6.835388
6.090225 1.3338776 6.852051
6.237808 1.0553741 6.771118
6.3806305 0.95777893 6.673523
6.4187164 0.8935089 6.821106
6.371109 0.9173126 7.0115356
6.3092194 0.89112854 7.013916
6.230667 0.9339752 6.8449097
6.1497345 1.1029816 6.8568115
6.102127 1.1601105 6.6949463
6.1497345 1.2124786 6.687805
6.3020782 0.98872375 6.809204
6.3949127 0.6959381 6.752075
6.3092194 0.4007721 6.790161
6.1830597 0.49598694 6.9210815
6.1687775 0.6554718 7.2543335
6.106888 0.87446594 7.2162476
6.1568756 1.1791534 7.1257935
6.1806793 1.1458282 6.833008
6.1306915 0.83399963 6.7615967
6.087845 0.5912018 6.6901855
6.0330963 0.29127502 6.6640015
5.8878937 -0.07054138 6.6068726
5.9688263 -0.09434509 6.661621
6.109268 -0.08482361 6.9853516
6.333023 -0.04197693 7.1829224
6.4591827 0.09132385 7.392395
6.5234528 0.24128723 7.673279
6.492508 0.23652649 7.828003
6.3544464 -0.120529175 7.509033
6.0783234 -0.46092224 7.0567627
5.833145 -0.74180603 6.71875
5.79982 -1.0417328 6.359314
5.935501 -1.184555 6.040344
5.9902496 -0.99412537 6.2617188
6.152115 -0.7108612 6.4973755
6.204483 -0.7846527 7.063904
6.025955 0.53645325 7.7922974
6.1425934 -0.7846527 8.746826
6.359207 -1.5654144 7.597107
6.090225 -2.1605072 7.1448364
5.7450714 -1.6749115 6.7734985
5.523697 -0.7679901 6.597351
5.516556 -0.50852966 6.540222
5.428482 -0.90605164 6.3450317
5.326126 -1.6392059 6.3355103
5.1595 -2.2390594 6.699707
5.0785675 -2.6651459 7.0305786
5.1356964 -2.8603363 7.0567627
5.261856 -2.69133 6.935364
5.452286 -2.5223236 6.7163696
5.48085 -2.403305 6.3497925
5.395157 -2.6437225 6.1903076
5.2332916 -2.922226 5.9379883
5.2071075 -3.2769012 6.1307983
5.1356964 -3.4625702 6.20459
5.2832794 -3.486374 6.3831177
5.4070587 -2.9888763 6.571167
5.576065 -2.5723114 6.4283447
5.6546173 -2.672287 6.2022095
5.4499054 -3.262619 6.166504
5.0857086 -3.7767792 6.0808105
4.7524567 -4.1385956 5.9665527
4.6667633 -4.314743 5.976074
4.7905426 -4.193344 6.0427246
5.03096 -3.993393 6.2474365
5.119034 -3.6077728 6.390259
5.050003 -3.7863007 6.6520996
4.914322 -4.2409515 6.309326
4.6048737 -4.655136 5.9594116
4.5667877 -5.0169525 5.7142334
4.664383 -5.012192 5.56427
4.9309845 -5.078842 5.5166626
5.0976105 -5.2740326 5.597595
5.073807 -5.602524 5.8237305
4.740555 -5.9857635 6.1950684
4.395401 -6.226181 6.2545776
4.233536 -6.3118744 6.1879272
4.4549103 -6.3642426 6.20459
4.7786407 -6.3047333 5.980835
4.9571686 -6.1666718 5.5785522
4.959549 -5.885788 5.3167114
4.831009 -6.192856 5.4595337
4.504898 -7.0045624 5.590454
4.126419 -7.7186737 5.7999268
3.9217072 -7.721054 5.8046875
3.990738 -7.43779 6.090332
4.13118 -7.225937 6.0046387
4.209732 -7.1521454 5.4190674
4.2430573 -7.175949 5.204834
3.9502716 -7.642502 5.2976685
3.5503693 -8.132858 5.4119263
3.2575836 -8.501816 5.7285156
3.183792 -8.599411 5.9213257
3.3766022 -8.497055 5.935608
3.6432037 -8.356613 5.718994
3.7979279 -8.044785 5.269104
3.721756 -7.982895 5.1048584
3.3837433 -8.247116 5.2262573
3.086197 -8.863632 5.2453003
2.8195953 -9.077866 5.223877
2.695816 -9.008835 5.3119507
2.6934357 -9.082626 5.2333984
2.798172 -9.196884 5.102478
2.8529205 -9.373032 4.85968
2.8005524 -9.16832 4.723999
2.676773 -9.263535 5.012024
2.4792023 -9.304001 5.3619385
2.131668 -9.275436 5.6190186
1.8650665 -9.256393 5.6071167
1.8031769 -9.358749 5.05249
1.7222443 -9.484909 4.628784
1.6317902 -9.211166 4.7406616
1.5080109 -9.146896 5.0858154
1.431839 -9.68486 5.359558
1.329483 -10.432297 5.402405
0.99147034 -10.801254 5.6452026
0.6891632 -10.439438 5.5166626
0.6153717 -9.896713 4.8811035
0.7891388 -9.720566 4.376465
0.8486481 -9.527756 3.9575195
0.8200836 -9.358749 3.736145
0.76057434 -9.542038 3.8908691
0.5891876 -9.837204 4.019409
0.3368683 -10.268051 4.4835815
Time Stop = 524
