Time Start = 623
-9.1489105 -4.302841 0.60357666
-9.651169 -4.2480927 0.47027588
-9.5464325 -4.121933 0.42504883
-7.651657 -3.8577118 1.1629639
-9.0846405 -3.2745209 0.6107178
-10.010605 -3.9434052 0.4607544
-10.355759 -4.088608 0.14892578
-9.5464325 -3.788681 0.54644775
-9.127487 -3.384018 0.7654419
-9.213181 -3.4125824 1.1201172
-9.774948 -3.0674286 1.1391602
-9.893967 -2.8484344 1.1915283
-9.793991 -2.876999 1.022522
-9.441696 -3.4958954 0.5250244
-9.2108 -4.012436 0.12512207
-9.141769 -4.307602 -0.084350586
-9.032272 -4.512314 0.31555176
-9.063217 -4.609909 0.71069336
-9.053696 -4.764633 1.1177368
-9.010849 -4.905075 1.2462769
-9.110825 -4.9193573 1.1415405
-9.303635 -4.9193573 0.9130249
-9.382187 -4.821762 0.7011719
-9.560715 -4.6503754 0.58929443
-9.486923 -4.878891 0.7344971
-9.446457 -5.2549896 0.8130493
-9.517868 -5.5168304 0.96539307
-9.755905 -5.5930023 1.151062
-9.8535 -5.443039 1.5771484
-9.824936 -5.3763885 1.8366089
-9.805893 -5.609665 2.055603
-9.651169 -5.4477997 2.2198486
-9.317917 -4.9836273 2.1222534
-9.198898 -5.2169037 2.9958496
-9.325058 -6.045273 3.1815186
-9.5464325 -6.9974213 2.157959
-9.927292 -8.368515 2.5197754
-9.584518 -7.585373 2.8197021
-9.484543 -7.130722 2.4959717
-9.410751 -6.887924 3.8980103
-9.332199 -6.5427704 3.9360962
-9.298874 -7.0069427 4.3669434
-9.1489105 -7.1854706 4.145569
-9.103683 -7.24736 3.857544
-9.408371 -7.2045135 4.1503296
-9.582138 -7.149765 4.314575
-9.6107025 -7.1664276 4.390747
-9.586899 -7.3259125 4.440735
-9.59642 -7.3449554 4.4502563
-9.674973 -7.1902313 4.5978394
-9.753525 -6.8950653 4.6692505
-9.636887 -6.7165375 4.773987
-9.515488 -6.86174 4.5549927
-9.517868 -6.9736176 4.3431396
-9.589279 -7.271164 4.231262
-9.605942 -7.354477 4.4240723
-9.489304 -6.964096 4.7597046
-9.101303 -6.47612 5.1691284
-8.684738 -6.0309906 5.5047607
-8.44194 -5.90007 5.75708
-8.380051 -5.821518 5.8356323
-8.399094 -5.8000946 5.890381
-8.349106 -5.9857635 5.7927856
-8.320541 -6.1833344 5.7285156
-8.234848 -6.2428436 5.826111
-7.977768 -6.2166595 5.6380615
-7.6016693 -6.1190643 5.968933
-7.3660126 -5.5763397 6.2164917
-6.9946747 -5.0288544 6.621155
-6.6733246 -4.762253 7.047241
-6.406723 -4.386154 7.1210327
-6.266281 -4.3694916 7.10437
-6.2424774 -4.288559 6.994873
-5.983017 -4.348068 6.7615967
-5.592636 -4.545639 6.790161
-5.071335 -4.481369 6.8710938
-4.7214203 -4.1623993 7.052002
-4.4143524 -3.8481903 7.539978
-4.192978 -3.5815887 8.018433
-4.1572723 -3.4625702 8.582581
-4.1763153 -3.448288 8.661133
-4.2429657 -3.345932 8.270752
-4.083481 -3.191208 7.9803467
-3.7906952 -2.5413666 7.9279785
-3.5597992 -2.1890717 8.304077
-3.1575165 -1.9438934 8.9158325
-2.8932953 -1.7010956 8.970581
-2.7647552 -1.4273529 8.830139
-2.7266693 -1.120285 8.951538
-2.660019 -1.3797455 9.260986
-2.4124603 -1.2797699 9.018188
-2.3101044 -1.3368988 8.953918
-2.205368 -1.2274017 8.7039795
-2.0530243 -1.3488007 8.534973
-1.929245 -1.3107147 8.38501
-1.826889 -1.1464691 8.32312
-1.6769257 -0.8108368 8.380249
-1.3889008 -0.4966278 8.582581
-1.1603851 -0.35380554 8.7682495
-1.0270844 -0.037216187 8.406433
-1.0342255 0.21748352 8.216003
-1.0556488 0.39601135 8.273132
-1.0604095 0.26509094 8.332642
-0.92948914 0.20796204 8.092224
-0.70573425 0.2674713 8.113647
-0.54148865 0.47218323 8.327881
-0.5391083 0.73402405 8.377869
-0.47483826 0.85780334 8.70636
-0.6343231 1.2719879 8.411194
-0.79618835 1.4409943 8.425476
-0.86283875 1.3981476 8.301697
-0.6747894 1.3219757 7.9351196
-0.5462494 1.5005035 7.7851563
-0.47483826 1.6647491 8.016052
-0.49388123 1.8504181 8.254089
-0.5057831 2.497879 8.318359
-0.4724579 2.869217 8.5802
-0.36058044 2.978714 8.756348
-0.34391785 2.8358917 8.604004
-0.37724304 2.8073273 8.1588745
-0.5938568 2.6526031 8.008911
-0.6533661 2.7049713 7.8518066
-0.5843353 2.6954498 7.763733
-0.4462738 2.8025665 7.9541626
-0.43199158 3.1477203 8.166016
-0.52482605 3.2786407 8.663513
-0.5462494 3.3857574 8.687317
-0.48435974 3.5666656 8.446899
-0.42723083 3.7142487 8.163635
-0.41770935 3.7594757 7.989868
-0.41056824 3.6547394 7.6970825
-0.4462738 3.690445 7.6708984
-0.4867401 3.6833038 7.7922974
-0.3724823 3.7261505 8.087463
-0.35105896 3.5452423 8.361206
-0.44865417 3.6047516 8.470703
-0.4391327 3.5976105 8.494507
-0.4557953 3.7023468 8.365967
-0.48912048 3.7499542 8.218384
-0.5224457 3.7380524 8.0112915
-0.4962616 3.947525 7.585205
-0.4867401 4.1688995 7.397156
-0.50102234 4.375992 7.437622
-0.5462494 4.652115 7.6780396
-0.4962616 4.756851 7.8303833
-0.4462738 4.780655 8.118408
-0.39152527 4.671158 8.282654
-0.3558197 4.711624 8.216003
-0.3724823 4.62117 8.280273
-0.43199158 4.6116486 8.051758
-0.4962616 4.537857 7.8565674
-0.5938568 4.5545197 7.649475
-0.68907166 4.454544 7.5161743
-0.6176605 4.4759674 7.520935
-0.4962616 4.6354523 7.589966
-0.3058319 4.863968 7.718506
-0.19395447 4.9329987 7.7922974
-0.13206482 4.916336 7.861328
-0.18681335 4.833023 7.8898926
-0.29393005 4.671158 7.9398804
-0.3558197 4.6306915 7.982727
-0.28678894 4.504532 7.899414
-0.16539001 4.537857 7.770874
-0.053512573 4.5592804 7.5994873
-0.058273315 4.602127 7.5185547
-0.11778259 4.62117 7.4090576
-0.19633484 4.6116486 7.5804443
-0.25584412 4.6616364 7.7494507
-0.23680115 4.704483 7.8946533
-0.19395447 4.6830597 8.006531
-0.13920593 4.723526 7.854187
-0.16539001 4.897293 7.8065796
-0.22013855 4.904434 7.804199
-0.1749115 4.883011 7.804199
-0.16300964 4.74971 7.87323
-0.122543335 4.730667 7.8184814
-0.14634705 4.754471 7.8446655
-0.17015076 4.723526 7.8589478
-0.103500366 4.5735626 7.963684
-0.04875183 4.5592804 8.056519
-0.060653687 4.659256 8.201721
-0.07493591 4.773514 8.187439
-0.06541443 4.8425446 8.154114
-0.029708862 4.87825 8.080322
0.032180786 5.0091705 8.0112915
0.07026672 5.1377106 7.9208374
0.07740784 5.1757965 7.9398804
0.051223755 5.049637 7.987488
0.075027466 4.928238 8.023193
0.12739563 4.9377594 8.087463
0.13453674 4.985367 8.166016
0.115493774 4.9068146 8.163635
0.06550598 4.8615875 8.06366
0.032180786 4.890152 7.9470215
-0.11064148 4.9377594 7.861328
-0.11302185 4.9591827 7.820862
-0.11064148 4.9901276 7.8065796
-0.06303406 4.9568024 7.8518066
-0.053512573 4.916336 7.968445
0.008377075 4.8877716 7.9851074
0.0155181885 4.8949127 7.975586
0.04170227 4.935379 8.016052
0.05836487 4.87825 8.00177
0.10121155 4.8877716 7.7994385
0.053604126 4.980606 7.706604
0.04408264 5.1757965 7.7161255
-0.013046265 5.19722 7.8065796
-0.058273315 5.0234528 7.9136963
-0.0677948 4.9972687 8.042236
-0.039230347 5.0329742 8.108887
-0.036849976 5.1186676 8.263611
0.02027893 5.0734406 8.308838
0.027420044 4.999649 8.208862
0.0155181885 5.0163116 8.154114
-0.04399109 5.025833 8.12793
-0.055892944 4.966324 8.123169
-0.034469604 4.921097 8.030334
0.032180786 4.9758453 7.8779907
0.013137817 4.883011 8.087463
-0.029708862 4.844925 8.089844
-0.02494812 4.883011 8.185059
0.008377075 4.9329987 8.246948
-0.041610718 5.00679 8.223145
-0.101119995 4.999649 8.142212
-0.098739624 4.9901276 8.0112915
-0.14396667 4.9710846 7.906555
-0.098739624 4.9829865 7.9089355
-0.09635925 4.935379 8.016052
-0.058273315 5.0353546 8.037476
-0.008285522 4.9782257 8.146973
0.027420044 5.0091705 8.075562
-0.017807007 5.030594 7.9398804
0.005996704 5.0591583 7.8375244
-0.036849976 5.087723 7.7542114
-0.010665894 5.1234283 7.7661133
-0.022567749 5.082962 7.642334
-0.103500366 5.018692 7.675659
-0.21061707 4.9782257 7.720886
-0.19871521 5.0424957 7.7280273
-0.11778259 5.0424957 7.835144
-0.013046265 5.1424713 7.9589233
0.06550598 5.2472076 8.118408
0.09169006 5.2448273 8.104126
0.05836487 5.242447 8.156494
-0.022567749 5.237686 7.9351196
-0.11064148 5.1234283 7.887512
-0.13206482 5.018692 7.8375244
-0.122543335 4.954422 7.8565674
-0.10826111 5.00441 7.892273
-0.11778259 4.9972687 7.9660645
-0.0844574 4.9710846 8.044617
-0.041610718 4.9568024 8.073181
-0.08683777 4.9496613 8.087463
-0.07255554 4.9758453 8.016052
-0.053512573 5.025833 7.963684
-0.04399109 4.947281 7.887512
-0.032089233 4.9948883 7.8137207
0.027420044 5.063919 7.7922974
0.046463013 5.0996246 7.861328
0.08454895 5.044876 7.8375244
0.032180786 5.0662994 7.770874
-0.029708862 5.0782013 7.8256226
-0.124923706 5.121048 7.8756104
-0.039230347 5.1638947 7.987488
-0.029708862 5.1567535 7.9089355
0.013137817 5.13295 7.9208374
-0.013046265 5.07106 7.8708496
0.02027893 5.075821 7.906555
0.03694153 5.075821 7.9922485
-0.008285522 5.0853424 8.0112915
0.0012359619 5.0782013 7.951782
-0.04875183 5.037735 7.949402
-0.10588074 5.0282135 8.032715
-0.02494812 5.0662994 8.018433
-0.036849976 5.075821 7.989868
-0.032089233 5.082962 7.880371
-0.077316284 4.9972687 7.9089355
-0.04875183 4.909195 7.816101
-0.02494812 4.852066 7.87323
0.008377075 4.9068146 7.9327393
-0.029708862 4.9115753 7.9970093
-0.14634705 4.954422 7.9351196
-0.23680115 4.9329987 7.899414
-0.18681335 4.9710846 7.6399536
-0.10588074 5.00679 7.7803955
-0.058273315 5.0924835 7.8589478
-0.07255554 5.178177 7.9422607
-0.079696655 4.985367 8.092224
-0.04637146 4.883011 8.166016
-0.060653687 4.94014 8.25885
0.013137817 4.9758453 8.332642
0.0393219 4.947281 8.296936
0.027420044 4.8306427 8.232666
-0.015426636 4.7782745 8.042236
-0.04399109 4.7068634 7.951782
-0.07493591 4.697342 7.9136963
-0.055892944 4.6187897 7.975586
0.005996704 4.602127 8.082703
0.10835266 4.678299 8.080322
0.14405823 4.697342 8.206482
0.17738342 4.7449493 8.244568
0.20832825 4.7854156 8.1588745
0.07978821 4.8615875 8.187439
0.04408264 4.9591827 8.106506
-0.04875183 5.037735 8.092224
-0.060653687 5.00441 8.075562
-0.122543335 4.9591827 8.0112915
-0.11064148 4.961563 8.023193
-0.12730408 5.0139313 8.168396
-0.09397888 5.109146 8.225525
-0.06541443 5.0734406 8.327881
-0.11540222 5.0424957 8.263611
-0.12730408 5.0472565 8.173157
-0.16300964 4.992508 8.096985
-0.17015076 5.1043854 8.058899
-0.14396667 5.0972443 8.0112915
-0.16300964 5.07106 8.054138
-0.13444519 5.0139313 8.013672
-0.17967224 5.0329742 8.061279
-0.18443298 5.082962 8.144592
-0.12968445 5.0615387 8.349304
-0.08207703 5.087723 8.396912
-0.11302185 5.1424713 8.330261
-0.1582489 5.0972443 8.263611
-0.17015076 5.1067657 8.163635
-0.15110779 5.1377106 8.06842
-0.124923706 5.07106 7.9470215
-0.15110779 4.9377594 7.951782
-0.122543335 4.7901764 7.9351196
-0.07255554 4.7140045 8.06842
-0.041610718 4.6568756 7.9993896
-0.032089233 4.549759 7.8898926
-0.022567749 4.4521637 7.7042236
-0.04399109 4.356949 7.5875854
0.008377075 4.3093414 7.5828247
0.10597229 4.295059 7.5375977
0.17500305 4.2783966 7.5352173
0.18928528 4.121292 7.5161743
0.10597229 4.0594025 7.4780884
0.06074524 4.011795 7.380493
-0.032089233 3.9070587 7.430481
-0.15586853 3.7404327 7.3685913
-0.09159851 3.588089 7.3043213
0.010757446 3.5571442 7.3519287
0.032180786 3.6571198 7.380493
-0.039230347 3.709488 7.42334
-0.18205261 3.780899 7.437622
-0.24394226 3.7190094 7.3043213
-0.1915741 3.5166779 7.2948
-0.18443298 3.4190826 7.399536
-0.21061707 3.3405304 7.520935
-0.25108337 3.1977081 7.661377
-0.29631042 3.228653 7.8303833
-0.39390564 3.2429352 8.046997
-0.47483826 3.2215118 8.1779175
-0.6105194 3.1739044 8.13031
-0.67240906 3.0858307 8.096985
-0.691452 3.20961 7.9017944
-0.67240906 3.266739 7.699463
-0.71525574 3.2048492 7.6256714
-0.70573425 3.107254 7.706604
-0.6747894 3.0715485 7.6470947
-0.5462494 3.035843 7.6661377
-0.39390564 3.0287018 7.699463
-0.2891693 2.9763336 7.6518555
-0.22251892 2.831131 7.566162
-0.22727966 2.6097565 7.501892
-0.2891693 2.4121857 7.0686646
-0.4557953 2.2074738 6.7734985
-0.6605072 2.009903 6.4902344
-0.9485321 1.7885284 6.3878784
-1.1222992 1.4766998 6.423584
-1.1508636 1.426712 6.5878296
-0.94377136 1.3838654 6.8615723
-0.80570984 1.279129 7.16864
-0.9318695 1.1053619 7.461426
-1.2341766 0.8720856 7.468567
-1.6055145 0.4412384 7.661377
-1.9054413 0.2032013 7.539978
-2.160141 -0.032455444 7.585205
-2.3696136 -0.24668884 7.9398804
-2.7361908 -0.35380554 8.220764
-3.0718231 -0.3728485 8.554016
-3.2194061 -0.4966278 8.887268
-3.2598724 -0.64897156 9.208618
-3.2027435 -0.85606384 9.553772
-3.2432098 -0.82987976 9.777527
-3.4217377 -0.9322357 9.813232
-3.738327 -1.351181 9.591858
-4.2286835 -2.1295624 9.727539
-4.8642426 -2.9983978 10.325012
-5.3117523 -3.5220795 10.484497
-5.592636 -3.288803 10.608276
-5.55455 -2.762741 10.943909
-5.237961 -2.0938568 11.355713
-4.7428436 -1.7106171 11.327148
-4.2739105 -1.6582489 11.036743
-4.1644135 -1.7439423 10.508301
-4.302475 -1.8748627 10.020325
-4.4143524 -2.1176605 9.356201
-4.3619843 -2.3818817 8.811096
-4.385788 -2.4580536 8.668274
-4.404831 -2.4342499 9.077698
-4.611923 -2.2628632 9.565674
-4.861862 -1.8653412 9.663269
-4.9999237 -1.4582977 9.47522
-5.0118256 -1.5677948 9.225281
-4.983261 -1.7772675 8.803955
-5.130844 -2.0843353 8.494507
-5.290329 -2.448532 8.246948
-5.4022064 -2.876999 7.868469
-5.323654 -3.0602875 7.48761
-5.283188 -3.0840912 7.3566895
-5.283188 -3.0626678 7.589966
-5.514084 -3.224533 7.801819
-5.8520966 -3.1697845 7.944641
-6.0377655 -3.1745453 7.5804443
-6.0877533 -3.486374 7.1710205
-6.2758026 -4.03862 6.692566
-6.4305267 -4.61705 6.3616943
-6.789963 -5.102646 6.449768
-7.1993866 -5.250229 6.5235596
-7.432663 -5.2478485 6.4402466
-7.5564423 -5.3763885 6.404541
-7.613571 -5.6763153 6.1498413
-7.830185 -5.8691254 5.6713867
-8.037277 -6.150009 5.3547974
-8.337204 -6.290451 5.1810303
-8.227707 -6.4023285 5.4381104
-7.8159027 -6.509445 5.5928345
-7.651657 -6.5546722 5.602356
-7.7635345 -6.2856903 5.597595
-7.79924 -5.9905243 5.454773
-7.8706512 -5.8310394 5.30719
-7.973007 -5.4977875 4.9263306
-8.125351 -5.3383026 4.7787476
-8.306259 -5.374008 4.550232
-8.449081 -5.462082 4.4502563
-8.687119 -5.45018 4.440735
-8.872787 -5.1645355 4.647827
-8.739487 -4.893173 4.6240234
-8.779953 -4.7741547 4.519287
-9.122726 -4.8241425 4.262207
-9.479782 -4.9455414 3.8242188
-9.820175 -5.147873 3.4695435
-9.955856 -5.2787933 3.3148193
-10.001083 -5.2787933 3.2410278
-9.996323 -5.250229 3.2981567
-9.922531 -5.224045 3.4385986
-9.920151 -5.2597504 3.4005127
-9.948715 -5.2359467 3.1434326
-9.998703 -5.0478973 2.9768066
-10.0082245 -5.2740326 2.9887085
-9.948715 -5.1335907 2.7958984
-9.939194 -5.040756 2.479309
-9.903488 -5.1121674 2.2745972
-9.836838 -5.076462 1.84375
-9.805893 -5.0812225 1.2415161
-9.843979 -5.078842 0.67974854
-10.051071 -5.109787 0.53692627
-10.334335 -4.957443 0.38934326
-10.336716 -4.814621 0.1394043
-10.327194 -4.826523 -0.22955322
-10.248642 -4.909836 -0.5699463
-10.120102 -5.269272 -1.010315
-9.993942 -5.8500824 -1.1102905
-9.893967 -6.271408 -0.9555664
-9.822556 -6.195236 -0.6032715
-9.615463 -5.7405853 -0.18908691
-9.425034 -5.174057 -0.05102539
-9.360764 -4.866989 -0.008178711
-9.422653 -4.7027435 -0.07244873
-9.386948 -4.7931976 -0.25811768
-9.334579 -4.9598236 -0.46044922
-9.194138 -5.219284 -0.6199341
-9.01561 -5.457321 -0.72229004
-8.908493 -5.4977875 -0.6508789
-8.908493 -5.200241 -0.6532593
-8.963242 -4.8431854 -0.63183594
-9.087021 -4.557541 -0.5342407
-9.163193 -4.243332 -0.5270996
-9.134628 -4.10289 -0.5342407
-9.110825 -4.0933685 -0.5866089
-9.106064 -4.1838226 -0.805603
-9.14653 -4.3290253 -0.9412842
-9.229843 -4.5051727 -1.0198364
-9.279831 -4.4123383 -0.94366455
-9.27269 -4.155258 -0.74609375
-9.206039 -3.9005585 -0.62945557
-9.310776 -3.8291473 -0.50805664
-9.396469 -3.750595 -0.47711182
-9.486923 -3.7315521 -0.5913696
-9.624985 -3.8362885 -0.64849854
-9.760666 -3.9838715 -0.7937012
-9.815414 -4.0433807 -0.8984375
-9.815414 -4.269516 -0.9151001
-9.765427 -4.179062 -0.9246216
-9.667831 -4.0814667 -0.87939453
-9.605942 -4.0600433 -0.9055786
-9.563095 -3.9576874 -0.93652344
Time Stop = 628
