Time Start = 808
-7.99205 -2.248581 5.514282
-9.33696 -1.351181 5.4000244
-7.727829 -2.717514 5.6880493
-5.509323 -2.8246307 5.88562
-4.688095 -2.217636 5.749939
-4.9213715 -2.1605072 5.5357056
-5.111801 -2.6056366 4.697815
-5.3641205 -3.622055 3.8051758
-5.3569794 -4.6003876 3.5195313
-5.252243 -5.393051 3.7861328
-5.2022552 -5.597763 5.133423
-4.01445 -5.969101 6.2783813
-3.0813446 -5.7239227 8.26123
-2.1482391 -5.602524 9.330017
-1.7578583 -5.662033 10.148865
-2.3815155 -5.0312347 10.129822
-3.3003387 -4.738449 10.232178
-3.4312592 -4.6313324 10.582092
-3.1194305 -5.090744 11.229553
-3.3812714 -5.2478485 11.179565
-4.290573 -5.5120697 10.705872
-4.91185 -5.9786224 9.960815
-4.8071136 -6.2880707 8.89679
-4.481003 -6.3071136 8.4730835
-4.809494 -5.7477264 8.3897705
-5.6854706 -4.969345 8.420715
-6.4876556 -4.2671356 8.13269
-6.9089813 -4.224289 7.8303833
-7.0898895 -4.583725 7.8779907
-6.830429 -5.290695 7.9422607
-6.4543304 -5.366867 8.434998
-6.4924164 -5.271652 8.696838
-6.694748 -4.712265 8.868225
-6.4876556 -4.595627 8.623047
-5.816391 -4.7670135 8.408813
-5.6640472 -4.68132 8.077942
-6.2496185 -4.03862 8.246948
-6.4876556 -3.5435028 8.170776
-6.175827 -3.6744232 7.8946533
-5.854477 -3.8957977 7.635193
-5.9734955 -3.9029388 7.3876343
-6.137741 -4.1885834 7.444763
-5.6664276 -4.519455 7.3328857
-5.2617645 -4.4218597 7.566162
-5.373642 -4.10289 7.7089844
-5.411728 -3.7553558 7.987488
-5.540268 -3.3673553 7.885132
-5.245102 -2.9008026 7.930359
-4.821396 -3.326889 7.4709473
-5.157028 -3.71727 7.259094
-5.6545258 -4.262375 7.5185547
-5.4402924 -4.578964 8.244568
-4.8332977 -4.6694183 8.992004
-5.071335 -4.462326 9.263367
-5.721176 -3.4411469 9.41095
-6.3662567 -3.2697601 9.372864
-6.470993 -3.9219818 9.972717
-6.175827 -4.238571 9.932251
-6.2567596 -4.8122406 9.449036
-6.4352875 -4.674179 8.637329
-6.368637 -4.314743 7.854187
-6.156784 -4.238571 7.063904
-5.8782806 -4.1504974 6.071289
-5.7545013 -4.1504974 5.300049
-5.771164 -3.955307 5.4976196
-5.6592865 -3.8362885 5.5595093
-5.085617 -4.367111 6.7782593
-4.4786224 -4.0290985 6.937744
-4.359604 -3.9148407 7.309082
-4.231064 -3.512558 6.8568115
-4.0691986 -2.9983978 6.537842
-4.1953583 -2.6580048 6.4259644
-4.154892 -2.8412933 6.2926636
-3.7169037 -3.97435 6.6782837
-4.0691986 -4.0100555 7.4066772
-4.7404633 -3.4887543 8.418335
-5.340317 -3.1840668 7.763733
-6.5781097 -3.8696136 7.6851807
-7.2446136 -4.250473 8.615906
-6.9803925 -4.03862 9.360962
-6.656662 -4.1243134 9.817993
-6.604294 -4.2647552 9.087219
-6.6352386 -4.6503754 8.113647
-6.735214 -4.578964 7.142456
-6.4495697 -4.4337616 6.9710693
-5.9877777 -4.307602 6.609253
-6.182968 -4.1695404 6.649719
-6.1710663 -4.0148163 6.7663574
-5.8901825 -3.6577606 6.668762
-5.5236053 -3.9457855 7.347168
-5.187973 -4.321884 7.918457
-4.8642426 -4.3885345 8.475464
-4.635727 -4.155258 8.811096
-4.154892 -3.9695892 8.775391
-3.8811493 -3.917221 8.399292
-4.000168 -3.6887054 7.789917
-3.814499 -3.2602386 7.4590454
-3.424118 -3.1269379 7.3376465
-3.1337128 -3.2197723 7.4090576
-3.0480194 -3.384018 7.994629
-3.0599213 -3.7101288 8.058899
-3.0527802 -3.917221 8.304077
-3.2479706 -4.1052704 8.351685
-3.416977 -4.255234 8.275513
-3.7930756 -4.0552826 8.030334
-4.135849 -3.807724 7.635193
-4.4262543 -3.9910126 7.718506
-4.5357513 -4.321884 7.4733276
-4.559555 -4.628952 7.7089844
-4.6595306 -4.2338104 7.904175
-4.8713837 -3.7767792 7.8779907
-5.4164886 -3.7529755 7.5637817
-6.225815 -4.307602 7.2733765
-7.1017914 -5.7096405 7.9470215
-7.7040253 -6.085739 8.149353
-7.746872 -5.5358734 8.570679
-7.3921967 -4.9407806 8.911072
-7.042282 -5.007431 8.38501
-6.925644 -5.295456 7.3376465
-6.8923187 -5.288315 6.6259155
-6.747116 -5.0931244 6.192688
-5.975876 -5.045517 6.0617676
-5.7045135 -4.383774 6.1379395
-5.449814 -4.288559 7.1853027
-4.873764 -4.42424 7.173401
-4.495285 -4.757492 7.4161987
-4.5571747 -4.8312836 7.635193
-4.4595795 -4.6503754 7.756592
-4.071579 -4.283798 7.6828003
-3.7668915 -4.2028656 7.532837
-3.9001923 -3.9672089 7.3186035
-4.045395 -3.9219818 7.1519775
-3.9263763 -3.9243622 7.032959
-3.8573456 -3.8862762 7.002014
-3.9906464 -3.5863495 7.399536
-4.0882416 -3.2459564 7.7946777
-4.226303 -3.153122 8.06366
-4.378647 -3.3744965 8.173157
-4.3500824 -3.6291962 8.111267
-4.3358 -3.5673065 8.235046
-4.4714813 -3.4173431 8.32074
-4.6642914 -3.5220795 8.439758
-5.002304 -3.7006073 8.501648
-5.154648 -4.0552826 8.501648
-5.316513 -4.283798 9.09198
-5.1784515 -4.257614 9.310974
-5.6021576 -3.7863007 8.889648
-6.25914 -3.5982513 8.330261
-7.246994 -4.0814667 9.063416
-7.175583 -4.564682 9.2300415
-6.797104 -5.057419 9.322876
-6.7042694 -4.621811 9.54187
-6.7114105 -4.1647797 8.996765
-6.161545 -4.35997 7.8113403
-5.483139 -4.557541 6.5616455
-5.1284637 -4.3099823 6.026062
-5.1284637 -3.898178 5.697571
-5.4545746 -4.1124115 5.8689575
-5.3641205 -4.538498 5.9332275
-5.1665497 -4.2933197 5.9665527
-5.1451263 -4.0814667 6.7544556
-5.04039 -3.8553314 7.16626
-4.7690277 -4.026718 7.3947754
-4.583359 -4.1838226 7.378113
-4.547653 -4.0362396 7.5375977
-4.442917 -3.9029388 7.8065796
-4.104904 -4.1647797 8.049377
-3.943039 -4.205246 8.139832
-4.002548 -4.0862274 8.639709
-4.1977386 -3.9148407 8.561157
-4.385788 -3.7006073 8.1588745
-4.2358246 -3.6315765 7.804199
-4.1382294 -3.7363129 7.547119
-4.3310394 -3.8577118 7.42334
-4.502426 -3.9267426 7.418579
-4.7047577 -3.9767303 7.828003
-4.8142548 -3.769638 8.294556
-4.714279 -3.8553314 8.639709
-4.502426 -3.8243866 8.587341
-4.571457 -3.91008 8.432617
-4.8118744 -3.9315033 8.268372
-4.9404144 -4.0981293 8.1588745
-4.8951874 -4.110031 8.106506
-5.052292 -3.9648285 8.018433
-5.1332245 -3.788681 8.058899
-5.1022797 -3.6101532 7.923218
-5.071335 -3.6434784 7.6256714
-5.0165863 -4.0029144 7.6375732
-5.2165375 -4.193344 7.442383
-5.6640472 -3.9315033 7.5304565
-5.7949677 -3.7291718 7.5637817
-5.475998 -3.9148407 7.380493
-5.214157 -3.8838959 7.366211
-5.2236786 -3.788681 7.199585
-5.2093964 -3.9148407 7.449524
-5.4236298 -3.7672577 7.501892
-5.285568 -3.8957977 8.296936
-5.04039 -4.4337616 8.113647
-5.340317 -5.397812 8.00415
-6.368637 -3.4625702 5.9594116
-8.058701 -3.8767548 8.118408
-7.535019 -4.2100067 8.175537
-6.7161713 -4.74321 8.651611
-6.6138153 -4.0481415 8.911072
-6.656662 -3.7410736 8.927734
-6.040146 -3.8196259 7.68042
-5.4236298 -3.7958221 6.649719
-5.3188934 -3.9219818 6.4926147
-5.368881 -3.9695892 6.8068237
-5.2165375 -3.917221 6.5949707
-4.9094696 -4.2528534 7.4471436
-4.578598 -4.217148 7.5161743
-4.3310394 -3.7529755 7.9589233
-4.1525116 -3.5458832 8.64209
-3.9263763 -3.4149628 8.7682495
-3.7097626 -3.3673553 8.501648
-3.5978851 -3.4173431 8.216003
-3.655014 -3.474472 7.7875366
-3.8002167 -3.641098 7.494751
-4.01445 -3.6172943 7.5828247
-4.1120453 -3.403061 7.8518066
-4.3119965 -3.2721405 8.042236
-4.4476776 -3.4982758 7.906555
-4.790451 -3.4197235 7.758972
-5.3593597 -4.026718 8.073181
-6.080612 -4.088608 8.016052
-6.861374 -3.9791107 8.877747
-7.182724 -4.7170258 8.299316
-7.4374237 -4.7717743 8.166016
-7.489792 -4.7075043 8.19696
-7.113693 -4.6194305 7.975586
-6.566208 -4.469467 7.756592
-6.1353607 -4.4456635 7.366211
-5.9877777 -4.5051727 7.2091064
-6.0330048 -4.609909 6.9710693
-5.9853973 -4.6646576 6.9853516
-5.637863 -4.5694427 6.9091797
-5.1784515 -4.4218597 7.2043457
-4.6666718 -4.564682 7.3638306
-4.3119965 -4.526596 7.4161987
-4.483383 -4.3123627 7.463806
-4.392929 -4.333786 7.3685913
-3.9263763 -4.5051727 7.130554
-3.666916 -4.4218597 7.199585
-3.7026215 -4.10289 7.4804688
-3.7359467 -4.0029144 7.687561
-3.8097382 -4.121933 7.5304565
-3.814499 -4.1457367 7.6899414
-3.7097626 -4.007675 7.804199
-3.5478973 -4.071945 8.070801
-3.6193085 -4.0362396 8.549255
-3.82164 -4.1052704 8.806335
-4.000168 -3.814865 8.699219
-4.147751 -3.6196747 8.365967
-4.264389 -3.519699 8.2421875
-4.442917 -3.319748 7.8589478
-4.707138 -3.595871 8.12793
-4.9475555 -3.7982025 8.051758
-5.4426727 -4.200485 7.597107
-6.459091 -3.5673065 7.539978
-7.73497 -3.7958221 8.989624
-7.549301 -4.302841 9.391907
-6.880417 -4.345688 9.303833
-6.5114594 -3.8362885 9.365723
-6.418625 -3.5601654 8.675415
-6.0948944 -3.8577118 7.3328857
-5.759262 -4.217148 6.0355835
-5.8259125 -4.700363 5.935608
-6.0829926 -4.5361176 5.211975
-5.930649 -4.171921 6.2855225
-5.290329 -3.6244354 7.4328613
-4.5357513 -3.8291473 8.099365
-4.1191864 -4.2528534 8.330261
-4.4714813 -4.3123627 8.382629
-4.923752 -4.0862274 8.082703
-4.7499847 -3.9957733 7.4519043
-4.123947 -4.069565 7.149597
-3.9335175 -3.8053436 7.1067505
-4.045395 -3.4459076 7.3233643
-4.2810516 -3.2102509 7.7304077
-4.0930023 -3.050766 7.9993896
-3.776413 -3.2530975 8.1922
-3.9525604 -3.364975 8.511169
-3.82164 -3.788681 8.482605
-3.8168793 -4.121933 7.782776
-4.4095917 -3.6125336 6.873474
-5.4402924 -4.050522 8.3897705
-4.9546967 -4.4075775 8.884888
-4.9404144 -4.367111 9.801331
-5.354599 -4.16716 10.648743
-5.2427216 -4.2528534 10.375
-4.945175 -4.8050995 9.341919
-4.84758 -4.890793 8.458801
-5.007065 -4.5408783 8.123169
-4.949936 -4.1266937 7.8946533
-4.8499603 -4.031479 7.6589966
-4.904709 -4.307602 8.106506
-4.559555 -3.8815155 8.19696
-4.6333466 -3.8577118 8.465942
-4.540512 -3.9767303 8.489746
-4.416733 -4.1385956 8.370728
-4.3262787 -4.23143 8.13031
-4.46434 -4.179062 7.892273
-4.583359 -3.8957977 7.797058
-4.5762177 -3.8553314 7.692322
-4.514328 -3.9124603 7.609009
-4.676193 -3.9981537 7.5352173
-4.983261 -4.3361664 7.5637817
-5.180832 -4.3242645 7.5542603
-5.2998505 -4.0481415 7.6637573
-5.1641693 -4.03862 7.687561
-4.9166107 -4.1314545 7.609009
-4.828537 -4.2933197 7.604248
-4.9475555 -4.281418 7.4709473
-5.149887 -4.402817 7.194824
-4.9785004 -4.512314 7.380493
-4.8118744 -4.219528 7.3757324
-4.5428925 -3.9838715 7.7946777
-4.5048065 -3.864853 7.8898926
-4.559555 -3.9957733 7.8137207
-4.635727 -3.9838715 8.00415
-4.752365 -3.705368 8.1588745
-4.8237762 -3.486374 8.32074
-4.797592 -3.6077728 8.277893
-4.745224 -3.8886566 8.054138
-4.873764 -3.9124603 8.051758
-4.9166107 -3.9719696 8.139832
-4.7999725 -4.024338 8.077942
-4.7928314 -4.0100555 8.101746
-4.776169 -4.000534 8.346924
-4.764267 -3.9648285 8.339783
-4.778549 -3.9624481 8.38739
-4.835678 -3.97435 8.337402
-4.873764 -4.031479 8.26123
-5.026108 -3.929123 8.049377
-5.0380096 -3.8196259 7.8327637
-4.9927826 -3.807724 7.475708
-4.9713593 -3.9386444 7.5161743
-5.0951385 -3.9862518 7.7684937
-5.2046356 -3.7601166 7.9732056
-5.109421 -3.7315521 8.116028
-4.9475555 -3.7958221 8.013672
-4.8713837 -3.8838959 7.9470215
-4.8904266 -3.9005585 7.968445
-4.964218 -3.9410248 7.925598
-5.059433 -3.8434296 7.7232666
-5.1070404 -3.6529999 7.4066772
-5.1141815 -3.9076996 7.404297
-5.142746 -4.2028656 7.444763
-5.278427 -4.302841 7.7851563
-5.2950897 -4.257614 8.032715
-5.173691 -4.10289 8.216003
-4.9665985 -4.2480927 8.354065
-4.859482 -4.2219086 8.1588745
-4.9142303 -4.110031 8.054138
-4.892807 -4.0790863 7.87323
-4.854721 -4.171921 7.668518
-4.878525 -4.2647552 7.751831
-4.945175 -4.2957 7.970825
-4.7928314 -4.3123627 8.1588745
-4.7666473 -4.448044 8.3064575
-4.84758 -4.3314056 8.346924
-4.866623 -4.2861786 8.25885
-4.835678 -4.288559 8.023193
-4.8118744 -4.2718964 8.020813
-4.764267 -4.1885834 7.725647
-4.726181 -4.276657 7.5685425
-4.7428436 -4.2266693 7.559021
-4.757126 -4.2028656 7.578064
-4.78331 -4.1766815 7.74469
-4.809494 -4.1171722 7.5994873
-4.8332977 -4.0433807 7.699463
-4.821396 -3.9410248 7.8184814
-4.9475555 -3.8124847 7.9017944
-5.009445 -3.8291473 7.8637085
-5.059433 -3.9124603 7.861328
-5.0808563 -3.826767 7.8946533
-5.0618134 -3.7482147 7.887512
-4.995163 -3.7529755 7.9351196
-4.9546967 -3.788681 7.956543
-4.9213715 -3.9005585 7.8184814
-4.957077 -3.8505707 7.866089
-5.0189667 -3.7839203 7.880371
-4.866623 -3.8624725 7.8303833
-4.7618866 -3.7720184 7.9089355
-4.7404633 -3.493515 8.049377
-4.6595306 -3.4006805 8.073181
-4.6024017 -3.7029877 7.930359
-4.7047577 -3.6934662 8.101746
-4.842819 -3.6625214 8.089844
-4.669052 -3.7648773 8.1588745
-4.559555 -3.9719696 8.394531
-4.7428436 -4.3314056 8.285034
-5.2093964 -4.2480927 7.9208374
-5.571213 -4.3123627 7.9732056
-5.630722 -4.148117 8.206482
-5.2355804 -3.3768768 8.137451
-5.195114 -4.0029144 8.1922
-5.321274 -4.3885345 8.00177
-5.597397 -3.788681 8.549255
-5.4926605 -3.6315765 8.972961
-5.1451263 -3.7339325 8.89917
-4.7404633 -3.78154 8.849182
-4.545273 -3.6434784 8.611145
-4.6785736 -3.5435028 8.3064575
-4.7880707 -3.4839935 7.989868
-4.7499847 -3.583969 7.7946777
-4.635727 -3.5292206 7.668518
-4.5619354 -3.429245 7.6708984
-4.514328 -3.2411957 7.609009
-4.6857147 -3.364975 7.7351685
-4.9713593 -3.4506683 7.585205
-4.926132 -3.4149628 7.74469
-4.7499847 -3.679184 7.630432
-4.995163 -3.8600922 7.539978
-5.2950897 -3.5934906 7.74469
-5.2879486 -3.6077728 7.9160767
-5.1451263 -3.769638 7.970825
-5.009445 -3.8838959 8.085083
-4.9856415 -3.679184 8.330261
-5.10466 -3.5482635 8.511169
-5.1784515 -3.4768524 8.432617
-5.047531 -3.7220306 8.213623
-4.8713837 -3.6244354 8.139832
-4.861862 -3.6839447 8.080322
-4.8142548 -3.9148407 7.828003
-4.757126 -4.2671356 7.7280273
-4.7880707 -4.3623505 7.8256226
-4.776169 -4.03862 7.8898926
-4.7618866 -3.8291473 8.111267
-4.8499603 -3.814865 8.170776
-4.926132 -3.9648285 8.125549
-4.9927826 -3.8624725 8.292175
-5.033249 -3.8553314 8.265991
-5.0308685 -3.929123 7.963684
-5.021347 -4.2909393 7.918457
-4.942795 -4.23143 7.661377
-4.9737396 -3.7839203 7.835144
-4.995163 -3.6887054 7.8494263
-4.759506 -3.762497 7.8827515
-4.842819 -3.5244598 8.073181
-4.692856 -3.5268402 8.149353
-4.583359 -3.8791351 8.206482
-4.623825 -4.0862274 8.273132
-4.6452484 -3.9886322 8.811096
-4.46434 -3.871994 9.232422
-4.295334 -3.5458832 8.951538
-4.3619843 -3.4435272 7.899414
-4.9142303 -3.9529266 8.423096
-4.8571014 -4.0219574 8.032715
-4.840439 -4.198105 8.263611
-4.964218 -4.0671844 8.780151
-4.9094696 -4.1005096 8.649231
-4.9285126 -4.2861786 8.396912
-5.073715 -4.026718 8.118408
-5.187973 -3.9767303 8.013672
-4.778549 -4.0981293 7.854187
-4.378647 -3.9124603 6.9710693
-4.578598 -3.8291473 7.23291
-5.328415 -3.6934662 8.00177
-5.3950653 -3.2078705 7.756592
-4.9665985 -3.422104 8.06842
-4.647629 -3.1459808 8.1922
-4.9808807 -3.057907 8.463562
-5.2427216 -3.1555023 8.092224
-5.245102 -3.4125824 7.668518
-5.1855927 -3.5911102 7.4138184
-5.135605 -3.3697357 7.1567383
-5.2617645 -3.1745453 7.147217
-5.3641205 -3.2864227 6.9020386
-5.6212006 -3.7958221 6.794922
-6.0496674 -4.6646576 7.592346
-5.8568573 -4.3361664 7.892273
-5.430771 -4.307602 8.494507
-4.9713593 -4.2909393 7.868469
-5.449814 -4.4575653 7.097229
-5.5117035 -4.4718475 7.7161255
-5.1832123 -4.090988 7.9160767
-4.6190643 -3.7910614 8.327881
-4.354843 -3.5815887 8.742065
-4.378647 -3.531601 8.753967
-4.5095673 -3.410202 8.270752
-4.502426 -3.4911346 7.7684937
-4.488144 -3.5411224 7.6851807
-4.688095 -3.4387665 7.9017944
-4.861862 -3.603012 7.9970093
-5.0237274 -3.410202 8.987244
-4.438156 -3.9196014 8.392151
-4.3572235 -4.200485 7.8589478
-4.961838 -3.4792328 7.801819
-5.2808075 -3.5720673 7.6661377
-5.2093964 -3.9053192 7.3376465
-5.271286 -3.981491 7.3233643
-5.3260345 -3.9386444 7.4138184
-5.1832123 -4.0029144 7.482849
-5.1141815 -4.2290497 7.5042725
-5.195114 -3.8101044 7.282898
-6.2162933 -3.2673798 8.794434
-5.68309 -4.2266693 9.280029
-5.6783295 -4.367111 8.161255
Time Stop = 813
