Time Start = 5746
-7.5707245 -1.9724579 6.4140625
-7.4921722 -1.9962616 6.5116577
-7.463608 -2.0867157 6.4069214
-7.5016937 -2.1747894 6.2926636
-7.446945 -2.2009735 6.27124
-7.446945 -2.1985931 6.306946
-7.4088593 -2.1605072 6.328369
-7.4231415 -2.070053 6.2617188
-7.4160004 -2.043869 6.3497925
-7.401718 -2.0581512 6.314087
-7.3660126 -2.0486298 6.3117065
-7.3660126 -2.0867157 6.2736206
-7.380295 -2.1605072 6.325989
-7.4160004 -2.184311 6.3950195
-7.446945 -2.1938324 6.3616943
-7.4993134 -2.229538 6.46167
-7.458847 -2.172409 6.435486
-7.470749 -2.1985931 6.449768
-7.485031 -2.153366 6.3759766
-7.5516815 -2.1866913 6.4521484
-7.504074 -2.1819305 6.4140625
-7.5564423 -2.127182 6.4830933
-7.535019 -2.0724335 6.4640503
-7.5588226 -2.0510101 6.5045166
-7.5635834 -2.043869 6.5497437
-7.504074 -2.0986176 6.518799
-7.504074 -2.0533905 6.52594
-7.5326385 -2.0533905 6.4973755
-7.504074 -1.9962616 6.456909
-7.489792 -1.9557953 6.5735474
-7.4802704 -1.9962616 6.537842
-7.4564667 -2.036728 6.3807373
-7.4160004 -1.9867401 6.33313
-7.432663 -1.9462738 6.33313
-7.3350677 -1.8701019 6.371216
-7.304123 -1.8701019 6.4331055
-7.273178 -1.8082123 6.3355103
-7.258896 -1.8605804 6.2926636
-7.246994 -1.9081879 6.385498
-7.1803436 -1.9105682 6.559265
-7.1470184 -1.7558441 6.873474
-7.016098 -1.4273529 7.0353394
-6.9351654 -1.2274017 7.0877075
-6.8589935 -1.0798187 6.725891
-6.7828217 -1.1631317 6.1974487
-6.77092 -1.5273285 5.4523926
-6.823288 -2.089096 4.9120483
-6.868515 -2.6818085 4.397888
-6.9732513 -3.179306 4.0336914
-7.163681 -3.4768524 3.940857
-7.4540863 -3.9719696 4.050354
-7.79924 -4.640854 3.9884644
-8.351486 -5.333542 4.15271
-8.95134 -5.957199 4.350281
-9.565475 -6.3237762 4.5716553
-9.929672 -6.3237762 4.493103
-10.312912 -6.5237274 4.3288574
-10.767563 -7.014084 4.1360474
-11.331711 -7.8210297 3.4005127
-12.2790985 -9.87529 2.286499
-13.002731 -12.362778 0.8701782
-13.197922 -14.121872 0.43695068
-13.333603 -14.0933075 0.95825195
-13.009872 -12.198532 2.2436523
-12.340988 -10.313278 2.9887085
-11.955368 -10.084763 3.7028198
-12.2790985 -10.634628 3.6837769
-12.274338 -11.139267 3.4052734
-11.638779 -11.246384 3.6099854
-11.612595 -10.760788 3.4838257
-11.443588 -10.551315 3.9384766
-11.138901 -9.980026 4.243164
-10.762802 -9.639633 4.5930786
-10.251022 -9.318283 4.414551
-9.648788 -8.72081 4.102722
-9.058456 -8.20903 4.012268
-8.708542 -7.7043915 4.3169556
-8.37291 -6.8117523 4.1051025
-7.965866 -6.328537 4.145569
-7.5564423 -6.071457 4.255066
-7.1279755 -5.4716034 4.1931763
-6.754257 -5.083603 4.6311646
-6.4495697 -4.8360443 5.173889
-6.111557 -4.4075775 5.4571533
-5.5902557 -4.0362396 5.466675
-5.1475067 -3.4720917 5.614258
-4.8047333 -3.057907 6.180786
-4.457199 -2.5104218 6.359314
-4.0287323 -1.7272797 6.366455
-3.50029 -1.1464691 6.437866
-3.1503754 -0.8108368 6.9853516
-2.8195038 -0.7132416 7.4090576
-2.7004852 -0.8108368 7.861328
-2.6552582 -0.97032166 8.149353
-2.6504974 -1.0203094 8.044617
-2.6504974 -1.184555 7.8637085
-2.5267181 -1.203598 7.654236
-2.3243866 -1.1631317 7.482849
-2.224411 -0.92271423 7.4209595
-2.0934906 -0.6846771 7.8113403
-1.9982758 -0.18003845 7.668518
-1.8435516 0.41981506 7.506653
-1.762619 0.9173126 7.7875366
-1.7007294 1.3695831 8.154114
-1.6055145 1.7123566 8.523071
-1.3984222 1.99086 8.5373535
-1.1318207 2.2646027 8.285034
-0.78666687 2.407425 8.123169
-0.50816345 2.5764313 7.9470215
-0.2582245 2.6145172 8.0946045
-0.053512573 2.657364 7.975586
0.022659302 2.7335358 7.8589478
0.1131134 2.7240143 7.8756104
0.21546936 2.88826 7.4733276
0.26545715 3.0644073 7.090088
0.29878235 3.254837 6.873474
0.42018127 3.5023956 6.499756
0.50587463 3.8475494 6.20697
0.655838 4.0403595 6.0879517
0.7296295 4.306961 6.026062
0.7153473 4.561661 6.0236816
0.8391266 4.8354034 5.864197
0.8629303 4.935379 6.045105
0.87483215 4.94014 6.147461
0.93434143 5.0615387 6.1046143
0.8938751 5.154373 5.9379883
0.8962555 5.2448273 5.69281
0.85102844 5.3733673 5.526184
0.79389954 5.5685577 5.4000244
0.70344543 5.718521 5.2214966
0.6010895 5.7328033 5.1262817
0.4677887 5.551895 5.0620117
0.39161682 5.563797 4.935852
0.50587463 5.737564 5.026306
0.5487213 5.794693 5.269104
0.63679504 5.806595 5.366699
0.6725006 5.866104 5.442871
0.75819397 6.011307 5.526184
0.7058258 6.0731964 5.4214478
0.65345764 6.120804 5.3762207
0.5844269 6.22316 5.3357544
0.5177765 6.301712 5.2286377
0.51301575 6.1112823 5.609497
0.48921204 6.116043 5.480957
0.5677643 6.2921906 5.378601
0.61299133 6.2993317 5.56427
0.6653595 6.244583 5.597595
0.62013245 6.4016876 5.485718
0.62727356 6.4921417 5.2143555
0.47016907 6.230301 5.0620117
0.277359 6.058914 4.9501343
0.032180786 5.930374 5.1572266
-0.022567749 6.039871 5.647583
0.07740784 6.3374176 6.007019
0.19166565 6.6444855 6.411682
0.37019348 6.775406 6.4902344
0.5320587 6.8230133 6.673523
0.6986847 7.070572 6.687805
0.822464 7.18721 6.642578
0.8795929 7.2086334 6.564026
0.8629303 7.2205353 6.442627
0.8058014 7.1134186 6.4283447
0.71772766 7.0039215 6.27124
0.6796417 7.046768 6.20459
0.69392395 7.096756 6.0355835
0.7653351 7.194351 5.8380127
0.7986603 7.218155 5.549988
0.68440247 7.1634064 5.281006
0.5320587 7.172928 5.1000977
0.30830383 7.141983 5.4523926
0.17024231 7.3562164 5.699951
0.16786194 7.353836 6.178406
0.33448792 7.191971 6.5925903
0.4844513 6.8444366 6.9020386
0.6653595 6.5230865 7.0234375
0.739151 6.2207794 7.002014
0.79151917 5.975601 6.840149
0.7153473 5.7209015 6.578308
0.7248688 5.6375885 6.3426514
0.72724915 5.6947174 6.040344
0.6320343 5.7542267 6.173645
0.6177521 6.0470123 6.3450317
0.6463165 6.4088287 6.544983
0.76771545 6.7349396 6.7235107
0.8629303 6.9539337 6.775879
0.97480774 7.020584 6.7401733
0.9438629 6.9967804 6.6520996
0.90101624 6.858719 6.6973267
0.8629303 6.7016144 6.668762
0.8391266 6.620682 6.5878296
0.8534088 6.5278473 6.52594
0.886734 6.423111 6.6116333
0.8700714 6.263626 6.5949707
0.9033966 6.263626 6.6259155
0.83436584 6.2088776 6.506897
0.8296051 6.218399 6.518799
0.7891388 6.3040924 6.5307007
0.822464 6.41835 6.604492
0.81770325 6.4897614 6.687805
0.85102844 6.5302277 6.680664
0.8129425 6.5159454 6.9258423
0.80104065 6.468338 6.937744
0.7962799 6.4088287 6.8877563
0.88197327 6.437393 6.892517
0.86531067 6.3683624 6.956787
0.739151 6.3826447 6.942505
0.7819977 6.3517 6.859192
0.7819977 6.3683624 6.8829956
0.77485657 6.389786 6.578308
0.79389954 6.3040924 6.468811
0.7796173 6.275528 6.390259
0.7248688 6.244583 6.4711914
0.72724915 6.308853 6.597351
0.77723694 6.468338 6.737793
0.8200836 6.5349884 6.794922
0.822464 6.4778595 6.8496704
0.8534088 6.454056 6.7544556
0.82722473 6.3612213 6.65448
0.84150696 6.28743 6.597351
0.82722473 6.2088776 6.533081
0.81056213 6.16127 6.4854736
0.79389954 6.2017365 6.6116333
0.7867584 6.244583 6.623535
0.77723694 6.3826447 6.71875
0.7819977 6.373123 6.6711426
0.68678284 6.4064484 6.699707
0.6915436 6.4850006 6.699707
0.70344543 6.468338 6.833008
0.6582184 6.4588165 6.8234863
0.6415558 6.392166 6.787781
0.6320343 6.4635773 6.8258667
0.61299133 6.4516754 6.775879
0.64393616 6.461197 6.737793
0.655838 6.4469147 6.790161
0.6796417 6.449295 6.6973267
0.62965393 6.3802643 6.6449585
0.6820221 6.396927 6.6568604
0.7296295 6.3517 6.6759033
0.75819397 6.3636017 6.680664
0.82484436 6.3826447 6.6449585
0.86769104 6.346939 6.7235107
0.83436584 6.358841 6.7020874
0.80818176 6.3445587 6.680664
0.7867584 6.3493195 6.6068726
0.739151 6.454056 6.604492
0.69392395 6.4635773 6.475952
0.6986847 6.5088043 6.571167
0.67012024 6.5230865 6.6259155
0.71772766 6.5230865 6.6592407
0.7058258 6.4921417 6.666382
0.79389954 6.4850006 6.704468
0.78437805 6.41597 6.706848
0.79389954 6.411209 6.744934
0.72010803 6.4135895 6.6949463
0.71058655 6.35408 6.692566
0.674881 6.396927 6.725891
0.7058258 6.332657 6.7211304
0.68678284 6.346939 6.737793
0.67726135 6.3445587 6.642578
0.655838 6.2969513 6.6401978
0.6891632 6.3302765 6.711609
0.7296295 6.346939 6.6830444
0.7129669 6.3993073 6.816345
0.7415314 6.4016876 6.7854004
0.7653351 6.3159943 6.97583
0.7296295 6.2350616 6.918701
0.70344543 6.16127 6.787781
0.71772766 6.1517487 6.8115845
0.7558136 6.1636505 6.733032
0.79389954 6.218399 6.7544556
0.7462921 6.1969757 6.7544556
0.7248688 6.244583 6.7401733
0.7558136 6.3517 6.7401733
0.69392395 6.4064484 6.816345
0.6796417 6.4207306 6.8758545
0.6320343 6.4445343 6.835388
0.6248932 6.3802643 6.7592163
0.5987091 6.370743 6.649719
0.5749054 6.332657 6.5545044
0.5344391 6.28981 6.442627
0.46302795 6.2160187 6.3688354
0.37971497 6.135086 6.283142
0.277359 6.0541534 6.226013
0.14405823 6.006546 6.083191
-0.020187378 5.9398956 6.071289
-0.13444519 5.889908 5.807068
-0.27726746 5.7518463 5.5785522
-0.35105896 5.51857 5.2976685
-0.28440857 5.1448517 5.1000977
-0.19633484 4.8235016 4.940613
0.027420044 4.6116486 4.9691772
0.12739563 4.5592804 5.05249
0.13929749 4.6425934 5.2453003
0.005996704 4.652115 5.5785522
-0.16539001 4.5711823 5.8546753
-0.40104675 4.523575 6.211731
-0.59147644 4.511673 6.1188965
-0.7247772 4.3355255 6.0093994
-0.77952576 3.9141998 5.864197
-0.8271332 3.421463 5.621399
-0.8890228 2.895401 5.3952637
-0.9509125 2.3074493 5.2667236
-1.0842133 1.7028351 5.185791
-1.236557 1.1410675 5.064392
-1.6221771 0.78401184 4.5978394
-1.9125824 0.1698761 4.5859375
-2.1768036 -0.25621033 4.5216675
-2.4576874 -0.43473816 4.8549194
-2.8218842 -0.60136414 5.569031
-3.000412 -0.8346405 6.3807373
-2.7742767 -1.0250702 6.963928
-2.288681 -1.3202362 7.4661865
-1.5460052 -1.8462982 7.494751
-0.85331726 -2.448532 7.0115356
-0.543869 -3.0531464 6.4021606
-0.5533905 -4.052902 6.730652
-1.0318451 -4.5408783 7.1186523
-1.6626434 -5.0240936 7.3638306
-2.2363129 -5.9929047 7.3305054
-2.583847 -6.7998505 7.10437
-2.7361908 -7.644882 7.1853027
-2.5790863 -8.0186 7.1972046
-2.6743011 -7.43779 7.2662354
-2.8647308 -7.0759735 7.589966
-3.3741302 -7.24736 7.7304077
-4.033493 -8.132858 7.797058
-4.628586 -9.056442 7.737549
-5.1713104 -9.584885 7.3495483
-5.4283905 -10.037155 6.835388
-5.509323 -10.413254 6.5806885
-5.5188446 -10.341843 6.564026
-5.3974457 -9.463486 6.321228
-5.304611 -8.582748 6.0665283
-5.3379364 -8.075729 5.9522705
-5.5188446 -7.8186493 5.7666016
-5.880661 -8.232834 5.6951904
-6.278183 -8.487534 5.1691284
-6.504318 -8.763657 4.697815
-6.6090546 -9.146896 4.526428
-6.6661835 -8.98027 4.3669434
-6.523361 -8.651779 4.3693237
-6.3638763 -8.187607 4.4573975
-6.2758026 -7.747238 4.5145264
-6.3900604 -7.4354095 4.3550415
-6.4852753 -7.2306976 4.081299
-6.7733 -7.425888 4.031311
-7.111313 -7.4235077 3.5742798
-7.4921722 -7.7543793 3.4243164
-7.8468475 -8.161423 3.2410278
-8.1610565 -7.990036 2.638794
-8.196762 -7.856735 2.3864746
-8.227707 -7.561569 2.2436523
-8.2443695 -7.11882 2.1032104
-8.232468 -6.880783 2.0984497
-8.384811 -6.6713104 1.9651489
-8.520493 -6.5951385 1.8818359
-8.6228485 -6.590378 1.9008789
-8.646652 -6.507065 1.927063
-8.720444 -6.5165863 2.03656
-8.803757 -6.4737396 2.0698853
-8.929916 -6.4594574 1.888977
-9.115585 -6.3975677 1.5033569
-9.358383 -6.3761444 1.1439209
-9.729721 -6.211899 0.7249756
-9.965378 -6.2023773 0.31555176
-10.222458 -6.2357025 0.08703613
-10.484299 -6.41185 -0.14624023
-10.700912 -6.721298 -0.24145508
-10.960373 -6.904587 -0.16766357
-11.057968 -7.1902313 -0.07720947
-11.112717 -7.4877777 0.06085205
-11.186508 -7.644882 0.046569824
-11.115097 -7.7424774 0.08227539
-11.0793915 -7.706772 0.06561279
-11.086533 -7.4877777 0.048950195
-11.036545 -7.206894 -0.16052246
-11.181747 -6.8141327 -0.008178711
-11.115097 -6.4999237 0.17749023
-10.908005 -6.2928314 0.3369751
-10.7651825 -6.1523895 0.20843506
-10.712814 -5.950058 0.25842285
-10.593796 -5.795334 0.27508545
-10.355759 -5.7358246 0.34887695
-10.074875 -5.654892 0.4107666
-9.941574 -5.583481 0.36315918
-9.798752 -5.488266 0.4179077
-9.641647 -5.38591 0.47503662
-9.513107 -5.309738 0.61309814
-9.434555 -5.224045 0.7059326
-9.477402 -4.9669647 0.67022705
-9.544052 -4.738449 0.7821045
-9.584518 -4.6884613 0.6821289
-9.6297455 -4.845566 0.6821289
-9.686874 -4.995529 0.7154541
-9.6107025 -4.9479218 1.0844116
-9.427414 -4.68132 1.5914307
-9.20842 -4.352829 1.946106
-9.172714 -4.064804 2.1722412
-9.277451 -3.8434296 2.3174438
-9.260788 -3.660141 2.395996
-9.265549 -3.4578094 2.3269653
-9.267929 -3.3792572 2.2055664
-9.298874 -3.3792572 2.0079956
-9.322678 -3.4244843 1.8032837
-9.363144 -3.4816132 1.7009277
-9.448837 -3.4720917 1.4819336
-9.386948 -3.4720917 1.446228
-9.444077 -3.5482635 1.3795776
-9.539291 -3.4816132 1.3224487
-9.555954 -3.4720917 1.2438965
-9.479782 -3.6625214 1.2629395
-9.453598 -3.6387177 1.1677246
-9.386948 -3.6649017 1.0748901
-9.341721 -3.7720184 1.0177612
-9.351242 -3.8743744 1.0201416
-9.351242 -3.9648285 1.0320435
-9.353622 -3.97435 1.0130005
-9.360764 -3.8600922 0.95111084
-9.296494 -3.8124847 0.7392578
-9.329819 -3.7720184 0.6345215
-9.301254 -3.7196503 0.5202637
-9.286972 -3.7601166 0.47027588
-9.246506 -3.750595 0.48693848
-9.151291 -3.8767548 0.4440918
-9.1679535 -3.9862518 0.43695068
-9.170334 -4.0671844 0.38934326
-9.2322235 -4.024338 0.3607788
-9.222702 -3.9576874 0.3441162
-9.206039 -3.9434052 0.38934326
-9.182236 -3.9267426 0.39648438
-9.246506 -3.91008 0.4274292
-9.2512665 -3.9053192 0.5012207
-9.282211 -3.8600922 0.4678955
-9.329819 -3.8243866 0.46551514
-9.391708 -3.7910614 0.48693848
-9.408371 -3.7839203 0.71069336
-9.455978 -3.7839203 0.78448486
-9.460739 -3.7577362 0.9796753
-9.517868 -3.71727 1.3010254
-9.501205 -3.7601166 1.3771973
-9.517868 -3.750595 1.4129028
-9.541672 -3.8053436 1.4081421
-9.534531 -3.788681 1.4438477
-9.453598 -3.8481903 1.6199951
-9.505966 -3.9386444 1.6366577
-9.605942 -4.03862 1.593811
-9.713058 -4.1076508 1.5509644
-9.741623 -4.1766815 1.4581299
-9.772568 -4.1695404 1.3962402
-9.696396 -4.2409515 1.2367554
-9.648788 -4.238571 1.2248535
-9.472641 -4.281418 1.1796265
-9.386948 -4.212387 1.2129517
-9.263168 -4.148117 1.1177368
-9.158432 -4.1957245 1.0320435
-9.113205 -4.193344 1.0510864
-8.991806 -4.2219086 1.0249023
-9.01561 -4.2599945 0.89398193
-9.025131 -4.2909393 0.81781006
-8.9370575 -4.23143 0.78686523
-8.941818 -4.179062 0.625
-9.013229 -4.1433563 0.57263184
-9.034653 -4.1909637 0.5678711
-9.056076 -4.2742767 0.46551514
-9.070358 -4.340927 0.49169922
-9.058456 -4.4004364 0.49884033
-9.053696 -4.4075775 0.41552734
-9.065598 -4.2790375 0.32269287
-9.137009 -4.2290497 0.39172363
-9.113205 -4.2028656 0.4512329
-9.129868 -4.212387 0.38220215
-9.063217 -4.2480927 0.40838623
-9.077499 -4.2480927 0.39886475
-9.096542 -4.2671356 0.37506104
-9.160812 -4.2219086 0.46313477
-9.120346 -4.193344 0.5155029
-9.103683 -4.095749 0.48217773
-9.0846405 -3.9886322 0.47027588
-9.048935 -4.0171967 0.40838623
-9.129868 -4.050522 0.477417
-9.160812 -4.0624237 0.51312256
-9.203659 -4.0338593 0.5512085
-9.165573 -4.0171967 0.6678467
-9.298874 -3.8815155 0.708313
-9.33934 -3.871994 0.7797241
-9.346481 -3.8553314 0.8820801
-9.40123 -4.000534 0.9630127
-9.417892 -4.0743256 0.9939575
-9.384567 -4.133835 1.0320435
-9.472641 -4.1647797 1.0606079
-9.446457 -4.186203 1.0820313
-9.494064 -4.1433563 1.1224976
-9.544052 -4.160019 1.1463013
-9.563095 -4.121933 1.1010742
-9.579758 -4.1266937 1.0844116
-9.567856 -4.088608 1.0963135
-9.598801 -4.0743256 1.0820313
-9.608322 -4.0862274 1.0439453
-9.632126 -4.088608 0.9725342
-9.579758 -4.0862274 0.9368286
Time Stop = 5751
