Time Start = 1457235640
-5.6926117 1.4528961 9.584717
-2.3029633 -2.0748138 9.651367
0.8724518 -2.300949 10.034607
2.4101715 -1.0012665 10.344055
1.9698029 0.7887726 9.984619
-0.079696655 1.2172394 9.960815
-1.910202 0.35316467 10.029846
-2.2672577 -0.37522888 9.768005
-1.3960419 -0.50852966 9.684692
-0.26060486 -0.24668884 10.060791
0.29164124 0.12464905 9.951294
0.12739563 -0.034835815 10.139343
-0.37724304 -0.37046814 9.984619
-0.80332947 -0.6442108 9.896545
-0.97709656 -0.77989197 9.7751465
-0.80332947 -0.8417816 10.020325
-0.6200409 -0.4323578 9.758484
-0.22966003 -0.2252655 10.255981
-0.32725525 -0.12528992 10.50116
-0.28440857 -0.32048035 10.3654785
-0.46531677 -0.62516785 10.025085
-0.4724579 -0.6846771 10.022705
-0.47721863 -0.44664 10.1536255
-0.3558197 -0.51091003 10.351196
-0.2582245 -0.93699646 10.125061
-0.11302185 -1.5225677 10.31311
-0.060653687 -2.1438446 12.224548
0.19166565 -0.6275482 11.905579
0.76057434 -2.217636 10.641602
1.707962 -4.8503265 9.177673
0.19404602 -6.552292 8.396912
-1.2698822 -5.764389 7.6518555
-2.2743988 -4.7170258 8.1922
-2.5171967 -3.6577606 9.472839
-2.269638 -2.7341766 9.482361
-1.6507416 -2.6294403 9.365723
-0.9913788 -2.9960175 9.208618
-0.877121 -3.160263 9.177673
-1.2056122 -3.1174164 9.246704
-1.679306 -2.6103973 9.637085
-1.8887787 -2.1605072 10.029846
-1.7935638 -2.0795746 10.3654785
-1.4936371 -2.070053 10.215515
-1.1818085 -2.1962128 9.967957
-1.088974 -2.120041 9.508545
-1.2436981 -1.9867401 9.063416
-1.5174408 -1.9081879 8.803955
-1.7673798 -2.3556976 9.632324
-1.8721161 -3.0031586 10.658264
-1.7935638 -2.9817352 10.520203
-1.5388641 -2.8103485 9.4776
-1.3317719 -2.8484344 8.32312
-1.3174896 -2.8484344 7.10437
-1.4745941 -3.2935638 6.302185
-1.4365082 -3.8743744 5.8237305
-1.4769745 -4.4456635 4.8811035
-1.7364349 -5.2097626 3.5195313
-2.0887299 -6.252365 2.5411987
-2.5338593 -6.866501 1.6271362
-2.9123383 -7.2687836 1.003479
-3.109909 -8.330429 0.6987915
-3.064682 -9.36113 0.83447266
-2.8409271 -10.748886 0.6392822
-2.4719696 -11.86528 0.020385742
-2.3886566 -12.300888 -1.0864868
-2.5743256 -11.8033905 -2.0957642
-2.7552338 -11.28447 -3.057434
-2.7100067 -10.77269 -4.2666626
-2.7385712 -11.144028 -4.6689453
-2.9194794 -12.217575 -4.449951
-3.231308 -13.669601 -3.3287964
-3.0599213 -14.397995 -2.8241577
-2.4600677 -13.757675 -3.012207
-3.1241913 -12.662704 0.03466797
-1.9435272 -10.094284 -0.39141846
-1.0342255 -12.343735 -2.6099243
-1.9578094 -14.23851 0.3774414
-3.167038 -11.912888 0.25842285
-3.545517 -9.446823 0.2298584
-3.507431 -9.677719 1.8508911
-2.871872 -9.777695 1.3605347
-2.300583 -10.0395355 0.56311035
-2.1649017 -10.279953 0.7559204
-2.2720184 -9.208786 0.91778564
-2.4410248 -8.289963 2.1079712
-2.5338593 -8.07811 3.7837524
-2.179184 -7.7424774 4.095581
-1.3960419 -8.304245 3.729004
-0.5105438 -9.480148 3.479065
-0.09635925 -10.179977 2.8863525
0.10359192 -10.860764 2.824463
0.17024231 -11.015488 3.0386963
0.10597229 -10.356125 2.1174927
0.40827942 -8.973129 2.3341064
0.8891144 -9.194504 5.942749
1.0247955 -9.368271 6.8948975
1.2818756 -9.080246 5.204834
1.0938263 -9.906235 4.159851
0.57966614 -10.26091 3.9813232
-0.0011444092 -10.26329 2.7720947
-0.89616394 -10.601303 1.5247803
-1.2460785 -11.443954 2.0698853
-0.8652191 -11.120224 2.0222778
-0.72953796 -10.706039 2.8911133
-0.7533417 -9.906235 3.0625
-0.627182 -9.434921 2.1984253
-0.3486786 -9.353989 2.1222534
0.4106598 -8.854111 2.0508423
1.2866364 -8.877914 2.3079224
1.2580719 -9.977646 3.8694458
0.1797638 -10.284714 3.4909668
-0.9318695 -10.246628 1.8080444
-1.569809 -10.57988 1.7247314
-1.5817108 -10.96788 2.0460815
-0.9342499 -11.496323 2.2888794
-0.19871521 -11.641525 2.5602417
-0.07017517 -11.79863 2.7816162
-0.774765 -12.069992 2.5602417
-1.5364838 -12.384201 2.4126587
-2.1363373 -12.353256 2.260315
-2.4076996 -12.31041 2.4864502
-2.4219818 -12.31279 3.1934204
-2.352951 -11.884323 3.5195313
-2.0792084 -11.751022 3.350525
-2.038742 -12.027145 3.4052734
-2.1482391 -11.981918 2.8625488
-2.398178 -12.079514 2.7601929
-2.7028656 -11.879562 2.7792358
-2.9647064 -11.570114 2.9887085
-3.0242157 -11.505844 3.1243896
-3.0051727 -11.448715 3.0196533
-2.9123383 -11.517746 2.850647
-3.0027924 -11.667709 2.6673584
-3.1194305 -11.8676605 2.8006592
-3.0789642 -12.072372 2.876831
-3.019455 -11.8867035 3.088684
-3.0408783 -11.703415 3.479065
-3.147995 -11.098801 3.690918
-3.1646576 -10.348984 3.4528809
-3.3884125 -10.337082 3.5861816
-3.6907196 -10.301376 3.467163
-4.188217 -9.856247 3.3100586
-4.5619354 -9.187363 3.2505493
-4.7999725 -8.677963 3.4838257
-4.9094696 -8.570847 3.9432373
-4.854721 -8.706528 4.147949
-4.6904755 -8.499435 4.0146484
-4.354843 -8.666061 3.8599243
-4.4548187 -8.547043 3.7956543
-4.8451996 -8.347092 3.8480225
-5.192734 -7.9614716 4.3431396
-5.302231 -7.3782806 4.395508
-5.1832123 -7.1021576 4.2145996
-5.1974945 -6.92601 4.2265015
-5.418869 -6.785568 4.0932007
-5.571213 -6.757004 4.0908203
-5.721176 -6.4975433 4.357422
-5.8259125 -5.988144 4.671631
-5.925888 -5.5572968 4.9001465
-6.0710907 -5.2026215 5.2143555
-6.0901337 -4.955063 5.3762207
-6.0568085 -4.7527313 5.4071655
-6.1591644 -4.42424 5.3048096
-6.309128 -4.0219574 5.090576
-6.535263 -3.7577362 4.9120483
-6.8470917 -3.3411713 4.8168335
-7.144638 -2.7722626 4.5668945
-7.3207855 -2.365219 4.7906494
-7.2898407 -2.0391083 4.7597046
-7.2707977 -1.9129486 4.878723
-7.1922455 -1.9724579 5.1167603
-7.149399 -1.7986908 5.140564
-7.2874603 -1.6392059 5.1572266
-7.458847 -1.4106903 5.0858154
-7.6230927 -1.2964325 5.007263
-7.5778656 -1.184555 5.1048584
-7.4421844 -1.1155243 5.1119995
-7.561203 -1.1060028 5.0215454
-7.7135468 -1.1131439 5.057251
-7.708786 -0.844162 4.8620605
-7.6492767 -0.7465668 5.1191406
-7.6278534 -0.61802673 5.257202
-7.535019 -0.6108856 5.428589
-7.5659637 -0.44187927 5.3619385
-7.6349945 -0.23716736 5.0667725
-7.882553 -0.18003845 5.0477295
-7.8730316 -0.061019897 4.9644165
-7.9611053 0.04371643 4.9072876
-7.92778 0.024673462 4.8239746
-7.868271 0.06990051 4.9120483
-7.8468475 0.0627594 4.981079
-7.939682 0.16749573 5.019165
-8.018234 0.24842834 5.069153
-8.082504 0.3841095 5.107239
-8.05632 0.48646545 5.076294
-8.068222 0.58406067 4.8430176
-8.049179 0.605484 4.845398
-8.068222 0.6626129 4.6644897
-8.075363 0.56025696 4.754944
-8.094406 0.54597473 4.762085
-7.984909 0.6792755 4.550232
-8.061081 0.76734924 4.607361
-8.227707 0.96492004 4.531189
-8.170578 0.88874817 4.6383057
-8.175339 1.0149078 4.5288086
-8.268173 1.150589 4.371704
-8.213425 1.169632 4.5335693
-8.139633 1.3219757 4.3288574
-8.011093 1.2648468 4.5145264
-7.9182587 1.1244049 4.47406
-7.9254 1.1053619 4.383606
-8.068222 1.2315216 4.338379
-8.253891 1.4576569 4.4526367
-8.346725 1.5861969 4.395508
-8.24675 1.3743439 4.4907227
-8.142014 1.0982208 4.462158
-8.122971 0.85066223 4.466919
-8.256271 0.7649689 4.421692
-8.325302 0.7364044 4.435974
-8.43956 0.7554474 4.397888
-8.337204 0.61024475 4.647827
-8.413376 0.63642883 4.6811523
-8.460983 0.6864166 4.7597046
-8.351486 0.79829407 4.7835083
-8.446701 0.90541077 4.6049805
-8.444321 1.0577545 4.4573975
-8.37529 1.0149078 4.47406
-8.334824 1.0744171 4.383606
-8.346725 1.1410675 4.531189
-8.330063 1.1981964 4.704956
-8.215805 1.2672272 4.5169067
-8.199142 1.343399 4.524048
-8.220566 1.426712 4.6240234
-8.194382 1.5980988 4.647827
-8.065842 1.6242828 4.550232
-8.018234 1.721878 4.4883423
-8.030136 1.6480865 4.5359497
-7.9753876 1.6028595 4.5026245
-8.015854 1.6861725 4.5097656
-7.920639 1.6790314 4.4526367
-7.7897186 1.7337799 4.4883423
-7.682602 1.8527985 4.5216675
-7.5659637 2.0051422 4.443115
-7.5564423 2.047989 4.435974
-7.5707245 2.1194 4.300293
-7.6230927 2.176529 4.1955566
-7.6468964 2.157486 4.186035
-7.60643 2.1693878 4.064636
-7.511215 2.2693634 4.1693726
-7.5183563 2.31221 4.0551147
-7.4564667 2.1408234 3.8337402
-7.592148 1.9551544 3.7028198
-7.6659393 1.676651 3.645691
-7.765915 1.5576324 3.6290283
-7.7968597 1.3076935 3.709961
-7.6397552 0.9696808 3.8599243
-7.575485 0.64356995 4.0979614
-7.5397797 0.08894348 4.443115
-7.7135468 -0.40141296 4.807312
-7.630234 -0.95365906 5.1262817
-7.6992645 -1.4487762 5.1619873
-7.708786 -2.0081635 5.023926
-7.765915 -2.4318695 4.871582
-7.6707 -2.5675507 4.878723
-7.630234 -2.5461273 5.012024
-7.5064545 -1.9819794 4.7787476
-7.22081 -1.4440155 4.3550415
-7.2493744 -2.4532928 5.9713135
-7.4112396 -2.5009003 5.4381104
-7.22081 -3.1031342 4.6121216
-7.387436 -3.6553802 4.909668
-7.344589 -3.705368 5.0215454
-7.342209 -3.6077728 5.3619385
-7.4731293 -3.6529999 5.4976196
-7.5183563 -3.7791595 5.454773
-7.2231903 -4.307602 5.5856934
-6.7685394 -4.6837006 5.5166626
-6.6138153 -4.988388 5.3357544
-6.8780365 -4.957443 5.0477295
-7.3541107 -4.9836273 5.0025024
-7.511215 -4.9384003 5.026306
-7.3779144 -4.950302 5.250061
-7.047043 -5.0359955 5.2643433
-6.6995087 -5.1454926 5.0810547
-6.6280975 -5.3359222 4.8239746
-6.759018 -5.5572968 4.6121216
-6.9042206 -5.814377 4.4692993
-6.913742 -6.1523895 4.609741
-6.7685394 -6.1857147 4.6811523
-6.5257416 -6.2999725 5.0025024
-6.3257904 -6.407089 4.9334717
-6.3448334 -6.5046844 4.6311646
-6.5066986 -6.9331512 4.3812256
-6.5828705 -7.4592133 4.0027466
-6.4091034 -7.675827 3.7409058
-6.1710663 -7.771042 4.0598755
-6.1163177 -7.561569 4.6002197
-5.944931 -7.387802 4.776367
-5.706894 -7.433029 4.53833
-5.6140594 -7.597275 4.1384277
-5.61882 -8.030502 3.883728
-5.7116547 -8.4423065 3.7194824
-5.521225 -8.825546 3.7337646
-5.1594086 -8.885056 3.800415
-4.8642426 -8.661301 3.7266235
-4.7547455 -8.489914 3.6575928
-4.733322 -8.651779 3.3291016
-4.738083 -9.125473 2.9268188
-4.52623 -9.732468 2.8006592
-4.150131 -9.949081 3.088684
-3.8383026 -9.720566 3.6361694
-3.6907196 -9.703903 4.247925
-3.6597748 -9.663437 4.000366
-3.7145233 -9.818161 3.286255
-3.783554 -10.427536 2.6054688
-3.7549896 -11.015488 2.3222046
-3.488388 -11.086899 2.8078003
-3.3122406 -10.506088 3.300537
-3.128952 -10.034775 3.6171265
-2.852829 -9.789597 3.5790405
-2.7980804 -9.920517 3.486206
-2.9670868 -9.94194 3.2910156
-3.0123138 -10.294235 3.069641
-2.9147186 -10.613205 2.8625488
-2.7790375 -10.696518 2.960144
-2.6005096 -10.677475 3.3410034
-2.4434052 -10.496567 3.3624268
-2.4124603 -10.482285 3.402893
-2.288681 -10.275192 3.1815186
-2.288681 -10.877426 3.312439
-2.0911102 -10.639389 2.434082
-2.103012 -10.64653 3.2981567
-2.083969 -10.6489105 3.8099365
-1.762619 -10.508469 3.543335
-1.698349 -10.663193 3.550476
-1.7769012 -10.51799 3.3695679
-1.9435272 -10.653671 3.0291748
-2.0363617 -10.679855 2.9625244
-2.0363617 -10.744125 3.1577148
-1.929245 -10.508469 3.286255
-1.7983246 -10.32518 3.7194824
-1.8245087 -10.120468 3.7908936
-1.9363861 -10.027634 3.4743042
-1.9720917 -10.210922 3.3743286
-1.9006805 -10.575119 3.0839233
-1.7364349 -10.786972 2.657837
-1.7007294 -11.010727 3.1339111
-1.7126312 -10.7108 3.3790894
-1.7483368 -10.556076 3.690918
-1.8387909 -10.294235 3.6671143
-1.9673309 -10.094284 3.5123901
-2.019699 -10.13237 3.38385
-1.9387665 -10.091904 3.1815186
-1.8721161 -10.110947 3.2600708
-1.8387909 -10.037155 3.248169
-1.8744965 -9.915756 3.3671875
-1.9340057 -9.587265 3.4528809
-1.9173431 -9.613449 3.4433594
-1.8435516 -9.6610565 3.3719482
-1.7697601 -9.649155 3.3933716
-1.7269135 -9.565842 3.5742798
-1.6436005 -9.396835 3.6861572
-1.6126556 -9.294479 3.5123901
-1.6102753 -9.358749 3.300537
-1.569809 -9.575363 3.1434326
-1.6031342 -9.687241 3.248169
-1.5198212 -9.770554 3.6218872
-1.467453 -9.703903 3.902771
-1.3603363 -9.477768 3.9337158
-1.4960175 -9.570602 4.243164
-1.44841 -9.453964 3.7337646
-1.467453 -9.903854 3.7766113
-1.422226 -9.899094 3.3338623
-1.4127045 -9.8276825 3.4076538
-1.3936615 -9.62059 3.626648
-1.3555756 -9.511093 3.7218628
-1.3341522 -9.544418 3.7885132
-1.3246307 -9.572983 3.7718506
-1.3579559 -9.5967865 3.7313843
-1.3865204 -9.537277 3.614746
-1.3174896 -9.594406 3.6195068
-1.2532196 -9.644394 3.5385742
-1.1056366 -9.637253 3.5647583
-1.043747 -9.584885 3.6409302
-1.1865692 -9.5134735 3.709961
-1.2508392 -9.48967 3.7599487
-1.2436981 -9.599167 3.7456665
-1.2222748 -9.68248 3.5957031
-1.1699066 -9.718185 3.4552612
-1.19133 -9.844345 3.3862305
-1.2151337 -9.818161 3.3981323
-1.1651459 -9.834824 3.5480957
-1.2056122 -9.865768 3.664734
-1.1937103 -9.87291 3.6480713
-1.2032318 -9.851486 3.581421
-1.2722626 -9.803879 3.6028442
-1.2603607 -9.958603 3.5290527
-1.1651459 -10.027634 3.5290527
-1.1222992 -9.970505 3.440979
-1.1437225 -9.913376 3.414795
-1.2246552 -9.896713 3.3814697
-1.2865448 -9.858627 3.3743286
-1.3103485 -9.901474 3.479065
-1.236557 -9.977646 3.479065
-1.134201 -9.94194 3.467163
-1.1151581 -9.880051 3.4814453
-1.1294403 -9.768173 3.6385498
-1.1889496 -9.734848 3.5742798
-1.2032318 -9.851486 3.4385986
-1.1556244 -9.93956 3.3648071
-1.024704 -9.996689 3.267212
-1.0199432 -9.799118 3.3267212
-1.0342255 -9.703903 3.5933228
-1.1865692 -9.594406 3.614746
-1.281784 -9.565842 3.505249
-1.2246552 -9.737228 3.3790894
-1.1699066 -9.775314 3.236267
-1.1103973 -9.801498 3.3362427
-1.0818329 -9.849106 3.4552612
-1.1270599 -9.837204 3.4743042
-1.1199188 -9.806259 3.5028687
-1.1175385 -9.8276825 3.4576416
-1.1294403 -9.996689 3.6242676
-1.3746185 -12.124741 5.2786255
-1.2436981 -9.677719 1.3962402
-0.76286316 -9.603928 3.928955
-1.4269867 -9.649155 5.0810547
-1.0366058 -8.956467 3.460022
-1.3246307 -10.448959 4.704956
-1.1389618 -9.806259 2.8220825
-1.1294403 -10.1418915 3.7242432
-1.1151581 -9.8276825 3.6813965
-1.0937347 -9.542038 3.5147705
-1.0794525 -9.611069 3.8908691
-1.1008759 -9.5134735 3.6932983
-1.1294403 -9.55632 3.5742798
-1.1294403 -9.62059 3.5195313
-1.2222748 -9.613449 3.4433594
-1.3365326 -9.639633 3.5933228
-1.2889252 -9.601547 3.5338135
-1.2508392 -9.670578 3.5647583
-1.19133 -9.689621 3.4552612
-1.2056122 -9.713425 3.6409302
-1.1889496 -9.649155 3.6671143
-1.2056122 -9.656296 3.6099854
-1.1984711 -9.763412 3.5385742
-1.0485077 -9.882431 3.5076294
-0.93663025 -9.825302 3.5123901
-0.9509125 -9.7443695 3.6813965
-0.9509125 -9.956223 4.147949
-1.2341766 -8.98027 3.7837524
-0.9747162 -9.753891 4.9691772
-1.1032562 -9.632492 4.397888
-1.0009003 -9.608688 3.5718994
-1.0366058 -9.987167 3.9527588
-1.0032806 -9.903854 3.8027954
-0.9794769 -9.81102 4.000366
-0.9556732 -9.765793 4.081299
-0.858078 -9.575363 4.1765137
-0.8104706 -9.530136 4.15271
-0.8080902 -9.589645 4.038452
-0.74858093 -9.687241 4.083679
-0.7247772 -9.799118 4.1574707
-0.6795502 -9.815781 4.145569
-0.61528015 -9.899094 4.497864
-0.543869 -9.74675 4.5716553
-0.43675232 -9.5967865 4.6430664
-0.34391785 -9.499191 4.690674
-0.26774597 -9.370651 4.7144775
-0.2725067 -9.29924 4.6763916
-0.32011414 -9.420639 4.781128
-0.3153534 -9.418259 4.7406616
-0.32725525 -9.508713 4.757324
-0.31059265 -9.577744 4.5930786
-0.34391785 -8.930283 3.5957031
-0.18681335 -9.011215 3.8670654
-0.18681335 -9.068344 4.5073853
-0.13206482 -8.473251 4.0455933
-0.055892944 -8.201889 4.3740845
-0.124923706 -7.849594 4.545471
-0.2820282 -7.732956 4.6168823
-0.5129242 -7.937668 4.8668213
-0.6843109 -8.104294 4.7001953
-0.7200165 -8.5256195 4.840637
-0.5938568 -9.10405 4.7858887
-0.40342712 -9.732468 4.8739624
-0.15110779 -10.32756 4.8311157
0.051223755 -10.641769 4.781128
0.07026672 -10.689377 4.9572754
-0.11064148 -10.572739 5.5476074
-0.28440857 -10.329941 6.166504
-0.3153534 -10.0585785 6.264099
-0.4557953 -9.856247 6.2545776
-0.4962616 -9.625351 5.8880005
-0.5962372 -9.68486 5.6237793
-0.73191833 -9.946701 5.152466
-1.024704 -9.894333 4.562134
-1.1699066 -10.825058 4.164612
-1.6221771 -11.0464325 3.5766602
-1.8673553 -10.672714 2.9649048
Time Stop = 1457235645
