Time Start = 1457234637
-2.8290253 -0.99412537 9.60614
-3.5859833 -0.8989105 9.508545
-4.2286835 -0.96318054 9.187195
-4.3881683 -1.0536346 8.927734
-4.059677 -0.9988861 8.908691
-3.4574432 -0.8751068 8.984863
-3.0932465 -0.8013153 9.161011
-3.0051727 -0.8203583 9.225281
-3.1646576 -0.86320496 9.232422
-3.488388 -0.88700867 9.180054
-3.764511 -0.9322357 8.984863
-3.7811737 -0.8370209 8.865845
-3.635971 -0.76560974 8.872986
-3.5431366 -0.74180603 8.946777
-3.4979095 -0.825119 9.075317
-3.5574188 -0.92985535 8.96106
-3.6931 -1.0464935 8.839661
-3.7716522 -1.0917206 8.949158
-3.7883148 -0.99650574 9.070557
-3.7169037 -0.8417816 9.127686
-3.666916 -0.7679901 9.130066
-3.552658 -0.7370453 9.134827
-3.5407562 -0.81321716 9.182434
-3.5621796 -1.0298309 9.184814
-3.6240692 -1.1536102 9.072937
-3.7240448 -1.2631073 9.015808
-3.712143 -1.1607513 8.908691
-3.7073822 -0.9108124 8.908691
-3.7621307 -0.6799164 8.911072
-3.859726 -0.48710632 8.649231
-4.0096893 -0.44187927 8.0112915
-4.045395 -0.37522888 7.4328613
-3.9597015 -0.051498413 6.833008
-3.7169037 0.4174347 6.256958
-3.378891 0.90779114 5.923706
-3.0861053 1.0648956 5.4381104
-3.1717987 1.0268097 4.690674
-3.5812225 0.73402405 3.8861084
-4.1144257 0.3507843 3.19104
-4.6833344 -0.16337585 2.7363892
-5.135605 -0.83940125 2.5959473
-5.366501 -1.5320892 2.4055176
-5.3712616 -2.0795746 2.5126343
-5.2998505 -2.1866913 2.5388184
-5.2427216 -2.1319427 2.434082
-5.5878754 -2.5604095 2.99823
-6.1520233 -2.910324 2.9506226
-6.6590424 -3.115036 2.1270142
-7.2041473 -3.864853 1.7247314
-7.830185 -4.724167 2.3174438
-8.203903 -5.431137 2.1627197
-8.422897 -6.199997 2.0079956
-8.56572 -6.759384 1.9580078
-8.868027 -7.342575 1.9960938
-9.172714 -7.6853485 2.0698853
-9.446457 -7.399704 1.6795044
-9.748764 -6.7689056 1.6366577
-10.231979 -6.502304 2.6959229
-10.636642 -6.6189423 3.2243652
-11.172226 -7.535385 2.3864746
-11.9839325 -7.413986 3.274353
-11.874435 -7.4853973 -0.80322266
-12.000595 -7.82341 3.274353
-11.814926 -6.0309906 1.6247559
-12.521896 -4.788437 2.5959473
-12.302902 -6.4999237 1.6057129
-12.61235 -7.497299 2.3983765
-12.4266815 -8.408981 1.7890015
-12.728989 -10.560837 0.3536377
-13.197922 -14.55986 -1.9315186
-13.18364 -18.804062 -3.0193481
-11.903 -19.320602 -3.1502686
-10.819931 -17.356796 -2.921753
-9.872543 -14.55748 -2.90271
-8.846603 -13.5672455 -3.2073975
-8.482407 -12.905502 -2.5599365
-8.268173 -11.891464 -2.3433228
-8.601425 -10.77507 -2.0552979
-8.970383 -10.139511 -1.2055054
-9.013229 -9.473007 -0.6604004
-8.872787 -8.649399 -0.4794922
-8.808517 -7.8376923 0.025146484
-8.746628 -7.175949 0.4202881
-8.553818 -6.5951385 0.55596924
-8.394333 -6.257126 0.246521
-8.513351 -6.6284637 -0.06530762
-8.534775 -7.4663544 -0.9793701
-8.82756 -8.730331 -1.3173828
-9.227463 -9.87529 -0.84368896
-9.508347 -10.160934 -0.034362793
-9.472641 -9.29686 0.14178467
-9.3798065 -8.299484 0.29174805
-9.375046 -7.9424286 0.78448486
-9.486923 -7.771042 1.3153076
-9.413132 -7.5877533 1.2510376
-9.33696 -7.8519745 1.5771484
-9.048935 -7.8019867 2.0008545
-8.639511 -7.2759247 2.2460327
-8.3134 -6.5570526 1.8913574
-8.170578 -6.426132 2.5483398
-7.727829 -6.3642426 3.3243408
-6.985153 -5.821518 3.9194336
-6.6542816 -5.4216156 4.0789185
-6.3591156 -5.597763 4.0408325
-6.142502 -5.5549164 3.8932495
-5.892563 -5.2978363 4.6026
-5.3522186 -4.845566 4.9001465
-4.730942 -4.1647797 5.1953125
-4.1525116 -3.474472 5.43573
-3.7978363 -3.134079 5.569031
-3.7883148 -3.3292694 5.466675
-3.776413 -3.9219818 5.281006
-3.655014 -4.186203 5.223877
-3.3717499 -4.0814667 5.795166
-2.8504486 -3.5625458 6.121277
-2.5410004 -2.4651947 6.14032
-2.53862 -2.0391083 5.442871
-3.783554 -2.3699799 5.185791
-4.231064 -3.160263 5.7094727
-3.2336884 -4.1195526 5.7999268
-3.1527557 -4.140976 6.242676
-5.8592377 -3.4078217 4.5716553
-7.977768 -6.264267 4.02417
-9.039413 -8.0828705 4.4335938
-9.153671 -5.8381805 2.8292236
-9.022751 -1.4749603 3.5195313
-7.9444427 1.7528229 5.088196
-6.6138153 2.9882355 8.38739
-5.2427216 1.0315704 11.0581665
-3.9549408 0.08894348 10.874878
-3.75737 -0.31095886 10.286926
-4.2858124 -1.0964813 9.334778
-5.207016 -2.3795013 7.8970337
-6.2639008 -3.2530975 7.149597
-6.6471405 -4.0671844 6.8877563
-6.7233124 -3.7386932 6.5735474
-6.2496185 -1.2726288 5.552368
-6.4495697 2.221756 5.514282
-8.996567 5.07106 5.4404907
-12.659958 0.8125763 4.1884155
-14.069138 -1.8367767 4.8477783
-9.455978 -0.056259155 10.684448
-1.3365326 -2.2700043 7.482849
-3.352707 -8.59227 7.0091553
-6.0901337 -4.783676 12.079346
-3.4860077 -0.81321716 11.6604
-4.1120453 -2.146225 10.086975
-9.736862 -9.496811 10.208374
-5.944931 -3.7863007 7.4066772
-5.725937 -0.77989197 7.0877075
-7.3517303 -1.7106171 7.1448364
-7.0708466 -2.581833 7.0377197
-5.0165863 -3.1555023 8.765869
-4.5809784 -2.5746918 10.225037
-4.3905487 -2.5485077 10.560669
-3.1194305 -2.300949 10.903442
-3.8383026 -1.415451 9.998901
-4.502426 -0.9655609 8.649231
-4.699997 -0.76322937 7.8303833
-4.8690033 -1.5701752 7.4400024
-4.3953094 -1.8701019 8.206482
-3.995407 -2.2009735 8.96582
-3.8763885 -2.6889496 9.422852
-3.7549896 -2.1414642 9.825134
-3.6050262 -1.9557953 9.472839
-3.6502533 -2.1248016 9.518066
-3.8502045 -1.9534149 9.213379
-3.6954803 -1.812973 9.598999
-3.6526337 -1.5892181 9.658508
-3.897812 -1.72966 9.777527
-3.6145477 -1.9224701 9.803711
-3.5597992 -1.5844574 9.615662
-4.0477753 -1.6987152 9.368103
-4.045395 -0.9441376 9.344299
-4.040634 -1.3845062 9.337158
-4.0239716 -1.9034271 9.101501
-3.8621063 -2.0676727 9.556152
-3.6859589 -1.9772186 9.189575
-3.8097382 -1.9081879 8.658752
-4.1596527 -1.3868866 8.908691
-4.231064 -1.53685 9.256226
-4.1834564 -1.0845795 9.432373
-4.359604 -1.5725555 9.277649
-4.188217 -2.1557465 9.294312
-3.814499 -1.9177094 9.149109
-3.9406586 -2.2414398 9.058655
-3.8906708 -2.0081635 9.213379
-4.135849 -1.5796967 9.253845
-4.5357513 -1.6487274 9.051514
-4.738083 -1.6249237 8.849182
-4.650009 -1.2107391 8.656372
-4.5738373 -1.7248993 8.720642
-4.3072357 -1.896286 8.813477
-4.392929 -1.915329 9.037231
-4.4714813 -2.1319427 9.049133
-4.547653 -2.062912 8.992004
-4.6262054 -1.8915253 9.163391
-4.757126 -1.5844574 9.041992
-4.730942 -1.2607269 8.803955
-4.9142303 -1.7082367 8.677795
-4.809494 -2.191452 8.489746
-4.8142548 -2.1985931 8.399292
-4.8523407 -2.3152313 8.604004
-4.78331 -2.2700043 8.684937
-4.7285614 -2.3104706 8.520691
-4.878525 -2.1771698 8.2421875
-5.047531 -2.2081146 8.301697
-5.1451263 -1.9748383 8.239807
-5.2736664 -2.0010223 8.520691
-5.1974945 -1.934372 8.275513
-5.245102 -2.255722 8.292175
-5.1189423 -2.4199677 8.454041
-5.116562 -2.2985687 8.4730835
-5.16893 -2.4294891 8.51355
-5.16893 -2.5080414 8.51355
-5.2117767 -2.3057098 8.401672
-5.2427216 -2.4390106 8.470703
-5.1974945 -2.5485077 8.437378
-5.2355804 -2.4699554 8.287415
-5.3379364 -2.5342255 8.380249
-5.3950653 -2.5532684 8.249329
-5.4331512 -2.4628143 8.077942
-5.3760223 -2.531845 8.19458
-5.437912 -2.6508636 8.085083
-5.3831635 -2.8674774 8.26123
-5.2927094 -2.6818085 8.25647
-5.321274 -2.531845 8.235046
-5.4855194 -2.6556244 8.039856
-5.5378876 -2.6365814 7.975586
-5.502182 -2.7056122 8.19458
-5.49028 -2.6770477 8.037476
-5.571213 -2.7722626 8.0112915
-5.6021576 -2.827011 7.956543
-5.573593 -2.88414 8.056519
-5.668808 -2.8817596 8.027954
-5.7283173 -2.8032074 7.7423096
-5.828293 -2.9150848 7.6637573
-5.802109 -3.1697845 7.906555
-5.687851 -3.1555023 7.823242
-5.721176 -3.2911835 7.8303833
-5.8211517 -3.307846 7.8303833
-5.823532 -3.0293427 7.692322
-5.9235077 -3.005539 7.449524
-5.906845 -3.1959686 7.385254
-5.918747 -3.4149628 7.4804688
-5.8830414 -3.448288 7.6828003
-5.828293 -3.2292938 7.80896
-5.7878265 -3.2721405 8.046997
-5.842575 -3.2221527 7.9422607
-5.93779 -3.2078705 7.8113403
-6.0377655 -3.2649994 7.5756836
-6.125839 -3.4530487 7.4923706
-6.142502 -3.5458832 7.5542603
-6.009201 -3.557785 7.6708984
-6.0568085 -3.3578339 7.7113647
-6.1020355 -3.3578339 7.482849
-6.0901337 -3.3483124 7.2495728
-6.0377655 -3.3102264 7.35907
-5.952072 -3.391159 7.404297
-5.854477 -3.4982758 7.4995117
-5.9687347 -3.5982513 7.4995117
-6.1020355 -3.7220306 7.525696
-6.1996307 -3.929123 7.5375977
-6.1163177 -3.8172455 7.5161743
-6.0710907 -3.5815887 7.449524
-5.956833 -3.3863983 7.573303
-6.0068207 -3.2959442 7.378113
-6.0710907 -3.5744476 7.4066772
-5.997299 -3.679184 7.1638794
-6.0877533 -3.5863495 6.9591675
-6.085373 -3.603012 6.994873
-5.894943 -3.4697113 7.1567383
-5.6783295 -3.5649261 7.4709473
-5.611679 -3.5054169 7.6018677
-5.699753 -3.7006073 7.5875854
-5.785446 -3.8362885 7.378113
-5.9473114 -3.7791595 7.256714
-5.990158 -3.7648773 7.380493
-6.047287 -3.7148895 7.42334
-6.0449066 -3.6506195 7.4519043
-5.913986 -3.6553802 7.437622
-5.7806854 -3.667282 7.4471436
-5.7164154 -3.550644 7.4328613
-5.6926117 -3.391159 7.444763
-5.7878265 -3.1316986 7.385254
-5.74498 -2.974594 7.2852783
-5.7735443 -3.3292694 7.3685913
-5.87352 -3.6387177 7.566162
-5.828293 -3.7125092 7.544739
-5.7164154 -3.5744476 7.463806
-5.68309 -3.3792572 7.4066772
-5.714035 -3.6172943 7.5161743
-5.911606 -3.9529266 7.675659
-5.61882 -3.762497 7.8256226
-5.668808 -3.5220795 7.675659
-5.714035 -3.993393 7.8327637
-5.6783295 -3.814865 7.9375
-6.009201 -3.9267426 7.923218
-5.866379 -4.031479 7.7684937
-5.5831146 -3.0864716 7.9208374
-5.6331024 -2.6032562 7.589966
-5.5640717 -3.2578583 7.213867
-5.456955 -3.8553314 6.6306763
-5.4331512 -4.0790863 7.0281982
-5.321274 -3.576828 7.9803467
-5.456955 -2.6484833 8.539734
-5.599777 -2.8865204 8.856323
-5.521225 -3.2411957 8.913452
-5.3331757 -3.1221771 8.930115
-5.3117523 -2.9698334 8.64447
-5.259384 -2.8674774 8.361206
-5.2474823 -2.986496 8.166016
-5.2046356 -2.9317474 8.135071
-5.1284637 -2.9722137 8.1588745
-5.199875 -3.0341034 8.208862
-5.2808075 -3.1316986 8.235046
-5.2950897 -3.095993 8.223145
-5.221298 -2.8960419 7.904175
-5.214157 -3.172165 8.013672
-5.214157 -3.403061 8.077942
-5.2760468 -3.191208 8.108887
-5.452194 -2.9436493 8.106506
-5.4093475 -3.0007782 8.077942
-5.373642 -3.0674286 7.9398804
-5.214157 -3.0222015 7.8779907
-5.173691 -3.1221771 8.116028
-5.245102 -3.1245575 8.070801
-5.214157 -2.865097 8.06604
-5.2736664 -2.967453 8.139832
-5.3117523 -3.2197723 8.144592
-5.226059 -3.134079 8.018433
-5.192734 -3.1745453 7.9851074
-5.2284393 -3.2911835 8.137451
-5.116562 -3.1888275 8.032715
-5.187973 -3.0293427 7.9422607
-5.2165375 -3.1174164 8.085083
-5.1855927 -3.1316986 8.168396
-5.1784515 -3.0436249 8.311218
-5.199875 -3.0007782 8.285034
-5.1475067 -2.94841 8.268372
-5.059433 -2.7865448 8.099365
-5.014206 -2.9626923 8.232666
-5.0879974 -3.005539 8.368347
-5.0380096 -2.960312 8.494507
-5.0808563 -2.8531952 8.434998
-5.1022797 -2.774643 8.361206
-5.123703 -2.8889008 8.296936
-5.0808563 -2.9555511 8.313599
-5.0546722 -2.8079681 8.244568
-5.1451263 -2.8484344 8.246948
-5.0618134 -2.8674774 8.199341
-5.0451508 -2.9579315 8.213623
-5.073715 -2.9388885 8.454041
-5.0451508 -2.8627167 8.251709
-5.176071 -2.9246063 8.1922
-5.1594086 -2.8984222 8.235046
-5.0570526 -2.9008026 8.208862
-5.090378 -2.922226 8.185059
-5.0689545 -2.9722137 8.19696
-5.066574 -3.0150604 8.099365
-5.1189423 -2.9460297 8.13269
-5.0832367 -2.9507904 8.280273
-5.0570526 -2.910324 8.294556
-5.1522675 -2.922226 8.218384
-5.130844 -2.9246063 8.354065
-5.10466 -2.8246307 8.13031
-5.195114 -2.9246063 8.187439
-5.1522675 -2.9555511 8.182678
-5.116562 -2.8912811 8.070801
-5.142746 -3.0460052 8.25885
-5.073715 -2.9960175 8.249329
-5.0879974 -2.876999 8.168396
-5.1832123 -3.095993 8.213623
-5.16893 -2.9983978 8.251709
-5.161789 -2.8055878 8.289795
-5.237961 -2.865097 8.161255
-5.154648 -3.0031586 8.070801
-5.109421 -2.986496 8.135071
-5.085617 -2.9579315 8.146973
-5.149887 -2.8817596 8.175537
-5.1784515 -2.9174652 8.168396
-5.1784515 -2.922226 8.19458
-5.180832 -3.0102997 8.227905
-5.1213226 -2.8865204 8.108887
-5.142746 -2.8865204 8.054138
-5.154648 -3.0364838 8.227905
-5.149887 -2.9436493 8.139832
-5.180832 -2.9269867 8.296936
-5.1594086 -3.0198212 8.313599
-5.180832 -2.9460297 8.263611
-5.173691 -2.9269867 8.263611
-5.1451263 -2.9079437 8.077942
-5.173691 -2.9555511 8.125549
-5.1522675 -2.9722137 8.185059
-5.135605 -2.9555511 8.189819
-5.16893 -2.9317474 8.223145
-5.1141815 -2.9579315 8.149353
-5.161789 -2.9531708 8.218384
-5.109421 -2.9888763 8.182678
-5.173691 -3.005539 8.182678
-5.1903534 -2.9793549 8.108887
-5.199875 -2.9817352 8.249329
-5.1475067 -2.9127045 8.227905
-5.1594086 -2.8865204 8.218384
-5.173691 -2.9317474 8.175537
-5.1665497 -3.01268 8.19458
-5.149887 -2.9507904 8.225525
-5.2022552 -2.9198456 8.146973
-5.2046356 -3.069809 8.292175
-5.1665497 -2.9722137 8.313599
-5.192734 -2.9722137 8.19458
-5.1855927 -2.9960175 8.125549
-5.1332245 -2.9983978 8.201721
-5.0951385 -2.9841156 8.144592
-5.1522675 -3.0269623 8.201721
-5.16893 -2.9698334 8.204102
-5.218918 -2.960312 8.182678
-5.1713104 -2.9579315 8.282654
-5.1594086 -2.9793549 8.263611
-5.176071 -2.9793549 8.168396
-5.2236786 -3.0079193 8.077942
-5.176071 -2.974594 8.161255
-5.161789 -3.0364838 8.142212
-5.1784515 -3.1245575 8.220764
-5.1332245 -3.0364838 8.125549
-5.123703 -2.960312 8.146973
-5.135605 -2.9817352 8.199341
-5.111801 -3.0031586 8.120789
-5.1974945 -2.9365082 8.225525
-5.123703 -2.9817352 8.270752
-5.1713104 -3.0341034 8.213623
-5.1522675 -3.0007782 8.154114
-5.154648 -2.9817352 8.19696
-5.192734 -2.9174652 8.137451
-5.154648 -2.8603363 8.039856
-5.237961 -2.9793549 8.154114
-5.137985 -3.005539 8.227905
-5.1260834 -3.0198212 8.335022
-5.1832123 -3.0031586 8.337402
-5.199875 -2.9841156 8.223145
-5.1475067 -3.0198212 8.139832
-5.111801 -2.9722137 8.230286
-5.092758 -3.069809 8.180298
-5.1403656 -3.0460052 8.163635
-5.1475067 -3.0341034 8.19696
-5.157028 -2.9460297 8.19696
-5.154648 -2.903183 8.280273
-5.207016 -2.967453 8.227905
-5.2284393 -2.9150848 8.120789
-5.2046356 -3.0150604 8.182678
-5.1475067 -2.941269 8.163635
-5.116562 -3.069809 8.2421875
-5.180832 -3.153122 8.156494
-5.1784515 -3.0840912 8.220764
-5.221298 -2.9317474 8.244568
-5.207016 -2.8793793 8.1779175
-5.2236786 -2.8984222 8.082703
-5.1784515 -2.9341278 8.096985
-5.1594086 -2.9388885 8.144592
-5.180832 -3.0460052 8.254089
-5.1213226 -3.0150604 8.149353
-5.1594086 -3.0198212 8.1588745
-5.1855927 -2.9579315 8.104126
-5.142746 -3.0555267 8.204102
-5.1451263 -3.0174408 8.285034
-5.180832 -3.0364838 8.296936
-5.214157 -2.8793793 8.227905
-5.1594086 -2.7960663 8.125549
-5.109421 -2.8984222 8.016052
-5.1903534 -3.07695 8.166016
-5.0879974 -2.9650726 8.206482
-5.154648 -3.0150604 8.223145
-5.176071 -2.9769745 8.187439
-5.173691 -2.9793549 8.244568
-5.142746 -2.9388885 8.235046
-5.187973 -2.9079437 8.099365
-5.214157 -3.005539 8.1922
-5.1213226 -3.0388641 8.292175
-5.097519 -2.993637 8.361206
-5.1284637 -2.9555511 8.211243
-5.173691 -3.0269623 8.13269
-5.149887 -3.024582 8.25647
-5.1332245 -2.9793549 8.175537
-5.214157 -2.922226 8.106506
-5.1903534 -2.9841156 8.13269
-5.1713104 -2.9793549 8.046997
-5.195114 -3.1031342 8.161255
-5.1189423 -3.088852 8.301697
-5.1260834 -3.0222015 8.1779175
-5.1665497 -2.9841156 8.070801
-5.2427216 -3.031723 8.073181
-5.2046356 -3.0102997 8.092224
-5.2022552 -3.0269623 8.230286
-5.16893 -2.9698334 8.1588745
-5.2308197 -3.057907 8.19696
-5.1784515 -3.0364838 8.054138
-5.1713104 -3.0745697 8.111267
-5.221298 -3.0626678 8.077942
-5.195114 -2.9531708 8.06842
-5.2022552 -3.0079193 8.220764
Time Stop = 1457234642
