Time Start = 1457234592
-8.913254 -2.7008514 3.5980835
-10.474777 -3.3126068 3.8504028
-10.61998 -4.2957 3.0744019
-9.817795 -4.74321 3.3243408
-8.69902 -4.455185 3.8170776
-7.79924 -4.23143 3.9575195
-7.4302826 -4.03862 3.9837036
-7.6492767 -3.898178 4.081299
-8.239609 -3.9243622 3.902771
-8.76329 -4.0814667 3.7861328
-8.958481 -4.2100067 3.7409058
-8.775192 -4.205246 3.7266235
-8.4109955 -4.2480927 3.7980347
-8.163437 -4.1957245 3.876587
-8.018234 -4.1623993 3.8980103
-8.172958 -4.052902 3.8694458
-8.344345 -4.007675 3.967041
-8.520493 -4.114792 3.9360962
-8.6228485 -4.276657 4.000366
-8.63475 -4.431381 3.9765625
-8.580002 -4.5242157 4.0289307
-8.56572 -4.4123383 4.012268
-8.499069 -4.250473 4.0146484
-8.513351 -4.160019 3.9265747
-8.560959 -4.193344 3.9694214
-8.563339 -4.224289 3.883728
-8.608566 -4.2409515 3.89563
-8.5585785 -4.193344 3.8623047
-8.458603 -4.198105 3.857544
-8.446701 -4.1623993 3.812317
-8.415756 -4.2028656 3.8146973
-8.384811 -4.200485 3.8075562
-8.396713 -4.2100067 3.8313599
-8.403854 -4.2980804 3.7766113
-8.468124 -4.300461 3.7670898
-8.491928 -4.269516 3.762329
-8.434799 -4.2599945 3.7385254
-8.37291 -4.1957245 3.7266235
-8.37291 -4.1314545 3.6694946
-8.368149 -4.1957245 3.8361206
-8.422897 -4.2909393 3.9170532
-8.527634 -4.3813934 3.8170776
-8.589523 -4.4456635 3.838501
-8.651413 -4.417099 3.838501
-8.599045 -4.4075775 3.8242188
-8.599045 -4.450424 3.9884644
-8.577621 -4.474228 4.2217407
-8.63237 -4.621811 4.2764893
-8.672836 -4.686081 4.224121
-8.69902 -4.5932465 4.164612
-8.684738 -4.493271 4.121765
-8.649033 -4.640854 4.262207
-8.677597 -4.762253 4.3407593
-8.775192 -4.93602 4.428833
-9.003708 -5.057419 4.709717
-9.327438 -5.2288055 5.185791
-9.515488 -5.6001434 5.423828
-9.72496 -5.981003 5.6904297
-9.865402 -6.226181 5.82135
-9.882065 -6.5808563 5.590454
-9.903488 -7.104538 5.8189697
-10.079636 -7.4592133 6.347412
-10.143906 -7.585373 6.982971
-10.093918 -7.9210052 7.9375
-10.039169 -8.563705 8.839661
-9.670212 -8.842209 8.677795
-9.196518 -8.663681 7.9017944
-8.689499 -8.0186 6.5949707
-8.415756 -7.4806366 6.3426514
-7.8087616 -7.264023 6.0093994
-7.1017914 -7.1450043 6.090332
-6.5066986 -6.906967 7.0162964
-5.6711884 -6.233322 7.244812
-4.604782 -5.5239716 7.463806
-3.712143 -4.912216 7.649475
-3.1122894 -4.417099 7.3876343
-2.705246 -4.3813934 6.9091797
-2.5671844 -4.3813934 6.6830444
-2.4029388 -4.2219086 6.442627
-2.019699 -4.1838226 6.2783813
-1.6816864 -3.833908 6.2141113
-1.4127045 -3.372116 6.468811
-1.088974 -3.1745453 6.5545044
-0.8009491 -3.288803 6.4902344
-0.6105194 -3.403061 6.223633
-0.5700531 -3.4506683 5.94989
-0.5533905 -3.5363617 5.5999756
-0.691452 -3.550644 5.4000244
-0.8818817 -3.4792328 5.3690796
-1.2008514 -3.2697601 5.6499634
-1.4769745 -3.2269135 6.173645
-1.6769257 -3.4506683 6.7020874
-1.8959198 -3.8434296 7.259094
-2.2720184 -4.3290253 7.16864
-2.769516 -4.628952 6.540222
-3.2598724 -4.769394 5.8380127
-3.590744 -4.795578 5.30719
-3.8740082 -4.667038 5.17865
-4.0239716 -4.281418 5.0667725
-4.1406097 -3.898178 5.05249
-4.212021 -3.5554047 5.204834
-4.442917 -3.5268402 5.9379883
-4.8309174 -4.1005096 7.1448364
-5.2808075 -4.633713 7.3233643
-5.87352 -4.5813446 6.59021
-6.5186005 -4.2338104 5.300049
-6.978012 -3.7767792 4.493103
-7.3326874 -3.2792816 4.1503296
-7.4731293 -3.024582 4.3050537
-7.549301 -2.8103485 4.773987
-7.5373993 -3.3126068 5.5047607
-7.2874603 -3.300705 6.249817
-7.1541595 -2.967453 6.8068237
-7.2517548 -2.8531952 8.073181
-7.554062 -3.153122 8.918213
-7.9111176 -3.9862518 8.149353
-8.553818 -4.667038 7.078186
-8.939438 -4.538498 6.283142
-8.708542 -3.2459564 6.3355103
-8.272934 -1.4821014 6.4259644
-7.9634857 -0.4966278 6.302185
-7.7635345 -0.7917938 6.3236084
-8.115829 -1.2321625 6.4640503
-10.198654 -0.6037445 5.999878
-12.102951 1.9456329 8.096985
-10.467636 3.1167755 8.45166
-5.1332245 0.4650421 8.570679
-3.147995 -2.672287 9.084839
-3.776413 -4.2980804 6.7996826
-6.96373 -4.7908173 5.204834
-10.020126 -5.102646 6.123657
-9.006088 -4.3575897 6.9020386
-6.32341 -3.6196747 8.406433
-4.5619354 -3.0674286 9.458557
-8.196762 -3.9505463 12.291199
-10.436691 -7.9852753 10.17981
-4.392929 -5.2621307 12.517334
-4.07872 -0.6846771 12.288818
-5.7306976 -0.35142517 9.118164
-5.55217 -1.1869354 8.12793
-5.1974945 -2.127182 7.2924194
-4.771408 -3.4459076 8.5563965
-3.6454926 -3.633957 10.734436
-3.4217377 -2.876999 10.1345825
-4.181076 -2.6199188 8.887268
-4.3643646 -2.7913055 8.206482
-4.3905487 -2.62706 8.361206
-4.373886 -2.581833 8.803955
-4.185837 -2.2628632 8.684937
-4.2096405 -1.8486786 8.549255
-4.250107 -1.6677704 9.02771
-3.9644623 -1.3845062 9.665649
-4.0549164 -1.0345917 9.729919
-4.438156 -1.0060272 9.870361
-4.442917 -1.1702728 10.17981
-4.0930023 -1.8915253 9.834656
-3.9835052 -2.339035 9.175293
-3.9192352 -2.698471 9.194336
-3.7169037 -2.7841644 9.239563
-3.6764374 -1.9010468 9.163391
-4.2667694 -1.324997 8.953918
-4.5119476 -1.1964569 8.589722
-4.347702 -1.7582245 8.865845
-4.01445 -2.3461761 8.908691
-3.9906464 -2.4437714 8.615906
-4.0096893 -2.49852 9.108643
-3.943039 -2.236679 9.234802
-4.1644135 -1.7915497 9.227661
-4.373886 -1.4868622 8.892029
-4.578598 -1.6511078 9.111023
-4.564316 -1.8701019 9.189575
-4.4143524 -1.8582001 9.09198
-4.328659 -2.1248016 8.892029
-4.3000946 -2.486618 9.189575
-4.181076 -2.2509613 8.992004
-4.352463 -1.7058563 8.932495
-4.7618866 -1.6796722 8.696838
-4.904709 -1.9177094 8.6206665
-4.6666718 -2.1866913 8.977722
-4.5809784 -2.3914032 9.118164
-4.5881195 -2.2414398 8.6206665
-4.597641 -2.5794525 8.863464
-4.521469 -2.736557 8.992004
-4.5762177 -2.6199188 8.742065
-4.730942 -2.4889984 8.563538
-4.9023285 -2.3985443 8.454041
-4.8451996 -2.274765 8.189819
-4.904709 -2.3723602 8.180298
-4.9808807 -2.3223724 8.175537
-5.0832367 -2.460434 8.263611
-5.0760956 -2.6699066 8.404053
-5.0427704 -2.6960907 8.480225
-4.9975433 -2.7484589 8.392151
-4.938034 -2.7508392 8.470703
-4.968979 -2.7222748 8.38501
-5.0427704 -2.7413177 8.270752
-5.137985 -2.838913 8.19458
-5.187973 -2.8032074 8.037476
-5.1903534 -2.8032074 8.099365
-5.1189423 -3.0079193 8.344543
-5.097519 -2.7603607 8.146973
-5.1974945 -2.7698822 7.9327393
-5.2689056 -2.9960175 8.046997
-5.2808075 -2.8722382 8.1922
-5.316513 -2.8865204 8.137451
-5.2546234 -2.993637 8.280273
-5.2165375 -2.8984222 7.970825
-5.285568 -3.115036 8.113647
-5.264145 -3.0983734 8.268372
-5.214157 -2.8984222 7.911316
-5.4355316 -3.0650482 7.9803467
-5.4022064 -2.9507904 8.1922
-5.3117523 -3.0150604 8.187439
-5.3379364 -3.1055145 8.396912
-5.2879486 -3.0460052 8.368347
-5.283188 -3.0412445 7.963684
-5.3831635 -3.1769257 7.9851074
-5.3331757 -3.2411957 8.146973
-5.321274 -3.2269135 8.080322
-5.3950653 -3.2126312 8.037476
-5.411728 -3.1769257 7.8756104
-5.418869 -3.1650238 7.6447144
-5.4617157 -3.3102264 7.9136963
-5.3522186 -3.4006805 8.373108
-5.2998505 -3.281662 8.406433
-5.4545746 -3.319748 8.201721
-5.4879 -3.3102264 8.035095
-5.4617157 -3.3316498 7.835144
-5.4807587 -3.3530731 7.880371
-5.521225 -3.2530975 7.6066284
-5.599777 -3.3602142 7.5423584
-5.649765 -3.4839935 7.9279785
-5.5902557 -3.4887543 7.8827515
-5.559311 -3.3173676 7.566162
-5.7235565 -3.448288 7.8184814
-5.687851 -3.5268402 7.778015
-5.68071 -3.5054169 7.668518
-5.80925 -3.6434784 7.5542603
-5.8378143 -3.6077728 7.501892
-5.894943 -3.5744476 7.475708
-5.8830414 -3.5863495 7.6399536
-5.802109 -3.5815887 7.885132
-5.766403 -3.6506195 7.994629
-5.783066 -3.5149384 7.9851074
-5.74498 -3.4316254 7.6970825
-5.8116302 -3.5054169 7.4995117
-5.9663544 -3.4244843 7.3519287
-6.061569 -3.4316254 7.506653
-5.9687347 -3.5006561 7.578064
-6.0187225 -3.6768036 7.5233154
-6.0258636 -3.6482391 7.597107
-5.9687347 -3.6101532 7.4066772
-6.0187225 -3.6744232 7.3495483
-6.123459 -3.6696625 7.0615234
-6.1663055 -3.8196259 6.9472656
-6.1901093 -3.9315033 7.0496216
-6.118698 -3.6744232 7.052002
-6.144882 -3.5887299 7.0686646
-5.975876 -3.8196259 7.578064
-5.766403 -3.8672333 7.5614014
-5.6545258 -3.7291718 7.5756836
-5.8901825 -3.6006317 7.3900146
-6.1329803 -3.814865 7.194824
-6.1782074 -3.9029388 7.4066772
-6.0829926 -3.7315521 7.48999
-6.0044403 -3.7482147 7.6375732
-5.8782806 -3.5482635 7.4328613
-5.830673 -3.4459076 7.309082
-5.7092743 -3.3126068 7.2876587
-5.733078 -3.410202 7.1019897
-6.013962 -3.9315033 7.3495483
-5.9354095 -3.814865 7.5423584
-5.9734955 -3.6482391 7.525696
-5.963974 -3.6887054 7.48999
-5.93779 -3.78154 7.3566895
-5.93779 -3.6244354 7.342407
-5.778305 -3.5077972 7.3876343
-5.702133 -3.4697113 7.340027
-5.759262 -3.4006805 7.2471924
-5.797348 -3.6768036 7.4328613
-5.9092255 -3.9838715 7.3900146
-6.0306244 -3.9838715 7.5756836
-5.892563 -3.9791107 7.782776
-5.764023 -3.8243866 7.8565674
-5.764023 -3.800583 7.6328125
-5.6854706 -3.6887054 7.4780884
-5.61644 -3.5244598 7.392395
-5.578354 -3.486374 7.418579
-5.7116547 -3.4459076 7.482849
-5.8378143 -3.743454 7.468567
-5.899704 -4.0029144 7.756592
-5.8187714 -3.8101044 7.706604
-5.797348 -3.3697357 7.649475
-5.7378387 -3.3935394 7.804199
-5.5831146 -3.5101776 7.816101
-5.445053 -3.4578094 7.7280273
-5.5259857 -3.4173431 7.6280518
-5.604538 -3.5220795 7.823242
-5.533127 -3.4649506 7.7803955
-5.6473846 -3.4601898 7.861328
-5.5950165 -3.5173187 8.06842
-5.604538 -3.4054413 7.923218
-5.599777 -3.3816376 7.789917
-5.6069183 -3.5458832 7.8327637
-5.468857 -3.474472 7.9351196
-5.4331512 -3.4887543 8.137451
-5.437912 -3.391159 8.087463
-5.3712616 -3.391159 7.9208374
-5.385544 -3.3935394 7.9089355
-5.3569794 -3.4839935 7.847046
-5.342697 -3.3744965 7.906555
-5.3498383 -3.4125824 8.073181
-5.3974457 -3.3411713 8.096985
-5.3450775 -3.2292938 8.0112915
-5.3498383 -3.1483612 7.816101
-5.3784027 -3.2697601 7.9613037
-5.3260345 -3.3554535 8.023193
-5.271286 -3.2721405 8.1922
-5.3188934 -3.179306 8.201721
-5.3260345 -3.1316986 8.12793
-5.3450775 -3.0912323 8.049377
-5.2927094 -3.0174408 7.9422607
-5.3188934 -3.0745697 8.046997
-5.264145 -3.1507416 8.032715
-5.2427216 -3.172165 7.975586
-5.218918 -3.160263 8.046997
-5.2284393 -3.1197968 8.101746
-5.2689056 -3.1245575 8.25647
-5.2308197 -3.050766 8.313599
-5.2498627 -3.0102997 8.135071
-5.321274 -3.0364838 8.089844
-5.157028 -3.107895 8.139832
-5.257004 -3.050766 8.077942
-5.2332 -3.0198212 8.020813
-5.240341 -3.1126556 8.099365
-5.142746 -3.1674042 8.077942
-5.111801 -3.2078705 8.135071
-5.1974945 -3.1055145 8.26123
-5.218918 -2.974594 8.137451
-5.2284393 -2.941269 7.911316
-5.2736664 -3.0174408 8.013672
-5.2236786 -3.115036 8.099365
-5.1855927 -3.1650238 8.19696
-5.214157 -3.1364594 8.213623
-5.2474823 -3.0840912 8.161255
-5.218918 -3.050766 8.216003
-5.2355804 -3.1007538 8.137451
-5.283188 -3.057907 7.9136963
-5.2474823 -2.9579315 8.00415
-5.2879486 -3.0531464 8.025574
-5.259384 -3.1197968 8.06604
-5.2308197 -3.107895 8.220764
-5.187973 -3.1102753 8.099365
-5.2760468 -3.153122 8.227905
-5.237961 -2.9960175 8.075562
-5.264145 -3.07695 8.06842
-5.2879486 -3.134079 8.154114
-5.278427 -2.9983978 8.006531
-5.2879486 -3.057907 8.082703
-5.2736664 -3.0840912 8.092224
-5.2665253 -3.0650482 8.023193
-5.2498627 -3.0198212 7.989868
-5.2808075 -3.1674042 8.113647
-5.226059 -3.1578827 8.170776
-5.2355804 -3.0269623 8.135071
-5.264145 -3.0388641 8.201721
-5.2998505 -3.0364838 8.180298
-5.3141327 -3.088852 8.044617
-5.2308197 -3.2007294 8.06842
-5.2474823 -3.0793304 8.254089
-5.257004 -3.07695 8.201721
-5.2665253 -3.1055145 8.199341
-5.245102 -3.0864716 8.189819
-5.2332 -3.1269379 8.099365
-5.3141327 -3.095993 8.149353
-5.2165375 -3.050766 8.123169
-5.1903534 -2.9531708 7.923218
-5.2998505 -3.0983734 7.968445
-5.252243 -3.179306 8.035095
-5.245102 -3.198349 8.168396
-5.2498627 -3.1316986 8.182678
-5.271286 -3.0626678 8.080322
-5.304611 -3.0793304 8.042236
-5.3141327 -3.0626678 8.037476
-5.264145 -3.0531464 8.023193
-5.237961 -3.1364594 8.00177
-5.259384 -3.153122 8.070801
-5.2117767 -3.0912323 8.13031
-5.290329 -3.153122 8.170776
-5.290329 -3.1578827 8.101746
-5.285568 -3.1007538 8.12793
-5.264145 -3.115036 7.989868
-5.302231 -3.1007538 8.046997
-5.285568 -3.1555023 8.092224
-5.278427 -3.1197968 8.085083
-5.2665253 -3.1126556 7.9779663
-5.285568 -3.0650482 8.075562
-5.221298 -3.1269379 8.13269
-5.29747 -3.1293182 8.077942
-5.2474823 -3.1197968 8.049377
-5.271286 -3.2078705 8.044617
-5.221298 -3.050766 8.056519
-5.302231 -3.0650482 8.101746
-5.2808075 -3.153122 8.154114
-5.2498627 -3.1388397 8.075562
-5.2950897 -3.115036 8.139832
-5.2474823 -3.1102753 8.020813
-5.283188 -3.153122 8.070801
-5.226059 -3.0793304 8.070801
-5.221298 -3.1674042 7.963684
-5.199875 -3.20549 8.06366
-5.218918 -3.1459808 8.051758
-5.3379364 -3.153122 8.06604
-5.2236786 -3.1197968 8.146973
-5.302231 -3.1436005 8.111267
-5.3260345 -3.2102509 8.099365
-5.180832 -3.0412445 8.168396
-5.214157 -3.134079 8.13031
-5.259384 -3.1293182 8.161255
-5.2950897 -3.1197968 8.049377
-5.278427 -3.0983734 8.056519
-5.240341 -3.1197968 8.049377
-5.226059 -3.172165 8.06366
-5.240341 -3.134079 8.070801
-5.264145 -3.224533 8.092224
-5.240341 -3.2411957 8.06842
-5.2236786 -3.14122 8.108887
-5.271286 -3.115036 8.137451
-5.3069916 -3.1197968 8.1588745
-5.195114 -3.1174164 8.099365
-5.2617645 -3.14122 8.042236
-5.2165375 -3.1436005 8.087463
-5.199875 -3.1745453 8.237427
-5.2284393 -3.3054657 8.180298
-5.2236786 -3.1459808 8.211243
-5.2760468 -3.160263 8.035095
-5.2736664 -3.1674042 7.9089355
-5.2736664 -3.1102753 7.970825
-5.2236786 -3.2602386 7.9613037
-5.157028 -3.2959442 8.154114
-5.161789 -3.2197723 8.13031
-5.2332 -3.2483368 8.13269
-5.240341 -3.095993 8.092224
-5.3188934 -3.1293182 8.080322
-5.285568 -3.1245575 8.049377
-5.2617645 -3.1483612 8.154114
-5.3069916 -3.2578583 8.016052
-5.2546234 -3.1769257 7.9993896
-5.257004 -3.243576 8.096985
-5.2046356 -3.2007294 8.208862
-5.1974945 -3.1864471 8.189819
-5.237961 -3.20549 8.106506
-5.2808075 -3.1483612 7.925598
-5.240341 -3.1483612 7.8565674
-5.2284393 -3.20549 7.994629
-5.2165375 -3.300705 8.135071
-5.218918 -3.255478 8.113647
-5.271286 -3.1126556 8.101746
-5.290329 -3.0650482 8.06842
-5.2308197 -3.069809 8.125549
-5.2093964 -3.024582 8.046997
-5.245102 -3.1436005 8.013672
-5.2046356 -3.3102264 8.120789
-5.1903534 -3.1650238 8.189819
-5.2046356 -3.088852 8.218384
-5.2284393 -3.2388153 8.144592
-5.240341 -3.1507416 8.006531
-5.218918 -3.236435 8.151733
-5.176071 -3.2102509 8.151733
-5.1832123 -3.20549 8.054138
-5.218918 -3.14122 8.061279
-5.199875 -3.191208 8.096985
-5.226059 -3.2340546 8.016052
-5.2427216 -3.1364594 8.018433
-5.221298 -3.2459564 8.118408
-5.1665497 -3.1221771 8.044617
-5.207016 -3.198349 8.189819
-5.2022552 -3.224533 8.25885
-5.2427216 -3.2340546 8.1588745
-5.2022552 -3.198349 8.027954
-5.2689056 -3.1436005 8.035095
-5.2355804 -3.1483612 8.113647
-5.1974945 -3.255478 7.9589233
-5.199875 -3.2221527 8.070801
-5.240341 -3.2269135 8.173157
-5.199875 -3.1864471 8.058899
-5.2474823 -3.224533 8.12793
-5.221298 -3.1769257 8.075562
-5.2665253 -3.20549 8.144592
-5.245102 -3.2150116 8.087463
-5.2165375 -3.2221527 7.9160767
-5.226059 -3.2769012 8.016052
-5.2355804 -3.307846 8.020813
-5.2498627 -3.217392 7.9851074
-5.192734 -3.2602386 8.111267
-5.1665497 -3.2507172 8.213623
-5.2546234 -3.1316986 8.096985
-5.3117523 -3.1578827 8.113647
-5.2046356 -3.1507416 8.049377
-5.237961 -3.2126312 8.049377
Time Stop = 1457234597
