Time Start = 1457234369
-3.866867 -0.70610046 9.658508
-2.2291718 -1.53685 9.194336
-0.83665466 -1.6630096 9.5252075
0.0012359619 -1.0893402 9.851318
0.25831604 -0.60136414 9.787048
-0.19395447 -0.47520447 9.744202
-0.877121 -0.52519226 9.632324
-1.2151337 -0.6370697 9.677551
-1.1032562 -0.58470154 9.768005
-0.76524353 -0.6680145 9.941772
-0.5367279 -0.7465668 9.965576
-0.42723083 -0.67277527 9.975098
-0.6295624 -0.68943787 9.86322
-0.82237244 -0.8536835 9.837036
-0.95329285 -0.96318054 9.79657
-0.9247284 -0.8774872 9.73468
-0.8509369 -0.72276306 9.687073
-0.7414398 -0.69181824 9.7323
-0.7200165 -0.7370453 9.748962
-0.793808 -0.9488983 9.856079
-0.83903503 -1.2345428 9.853699
-0.7676239 -1.3559418 9.887024
-0.69859314 -1.1940765 9.784668
-0.66526794 -0.908432 9.79657
-0.7438202 -0.7870331 9.784668
-0.77238464 -0.58470154 9.803711
-0.7985687 -0.4156952 9.803711
-0.80332947 -0.46092224 9.806091
-0.8509369 -0.5894623 9.813232
-0.86997986 -0.5704193 9.901306
-0.8604584 -0.50852966 9.882263
-0.93663025 -0.3419037 9.891785
-0.92948914 -0.34666443 9.877502
-0.94377136 -0.4561615 9.884644
-0.82951355 -0.6465912 9.858459
-0.7985687 -0.77989197 9.86322
-0.7819061 -0.8989105 9.815613
-0.7414398 -1.010788 9.879883
-0.8104706 -0.92033386 10.205994
-0.92948914 -0.7941742 10.325012
-1.0009003 -0.7775116 10.463074
-1.0175629 -1.2012177 10.453552
-1.1318207 -0.47044373 9.882263
-1.2032318 0.16273499 9.832275
-1.1413422 -0.3990326 9.896545
-1.0794525 -1.1559906 9.8394165
-1.1580048 -1.7510834 10.715393
-1.365097 -2.3366547 12.012695
-1.3436737 -3.1555023 13.098145
-0.84617615 -3.519699 13.269531
-0.11540222 -3.7315521 13.305237
0.6344147 -4.031479 13.440918
1.4246979 -4.262375 13.243347
1.9198151 -4.4075775 12.393555
2.067398 -4.712265 11.619934
2.067398 -5.5239716 10.239319
2.7672272 -6.2404633 9.751343
3.7550812 -6.457077 9.715637
4.4430084 -7.066452 9.637085
4.504898 -7.2568817 9.915588
4.1811676 -6.7998505 9.299072
4.1478424 -6.7046356 8.596863
4.671524 -6.6665497 8.349304
5.41658 -6.680832 8.330261
5.8926544 -6.4523163 7.525696
5.9140778 -6.3047333 6.6378174
5.4713287 -6.271408 6.585449
5.145218 -5.995285 6.1641235
4.9167023 -5.8429413 6.018921
4.7334137 -5.981003 4.9525146
4.557266 -6.654648 5.0025024
4.2644806 -7.18309 4.5288086
3.8288727 -7.387802 3.6409302
3.6479645 -7.751999 3.3410034
3.5241852 -7.682968 3.5361938
3.3980255 -7.3449554 3.3862305
3.0838165 -7.1640472 3.3933716
2.7029572 -7.0069427 2.9268188
2.3578033 -6.971237 2.498352
2.1745148 -6.9807587 2.1674805
2.0245514 -6.752243 1.8056641
1.9055328 -6.7665253 1.4866943
1.7508087 -7.0640717 0.8963623
1.5960846 -7.9019623 1.4890747
1.3461456 -8.368515 1.8961182
1.2104645 -8.508957 2.305542
0.90815735 -8.72319 2.9387207
0.2868805 -8.694626 3.6004639
-0.27012634 -8.361374 3.864685
-0.8247528 -8.01384 3.774231
-0.9675751 -8.344711 3.3029175
-1.043747 -9.265915 2.6411743
-0.877121 -9.642014 2.029419
-0.36296082 -10.26091 2.593567
-0.017807007 -9.056442 2.1341553
0.2702179 -8.685104 2.6792603
0.20118713 -8.2947235 3.055359
-0.20347595 -8.14476 3.7242432
-0.55101013 -8.316147 3.5528564
-0.94615173 -8.91124 3.6171265
-1.3531952 -9.306381 3.4385986
-1.5198212 -9.23735 3.717102
-1.3222504 -9.475388 4.5978394
-0.8890228 -9.565842 4.723999
-0.5367279 -9.844345 5.235779
-0.38676453 -9.844345 5.2000732
-0.48435974 -9.74913 5.0405884
-0.710495 -9.958603 4.5597534
-0.9080658 -10.225204 3.8170776
-1.0746918 -10.510849 3.6099854
-0.92948914 -10.575119 3.3457642
-0.8914032 -10.227585 3.4766846
-0.9485321 -9.863388 4.2384033
-1.2460785 -9.668198 6.885376
-0.858078 -8.746994 7.0734253
-0.022567749 -9.558701 6.371216
0.5891876 -10.703659 5.3547974
0.1869049 -10.315659 5.2072144
-0.21775818 -9.601547 4.6644897
-0.25108337 -9.734848 4.262207
-0.14634705 -9.925278 4.9977417
0.24165344 -9.801498 5.6452026
0.37971497 -9.308762 5.9522705
0.28211975 -8.456589 5.321472
0.18214417 -8.061447 4.4526367
0.08454895 -8.344711 3.4100342
-0.08683777 -9.384933 3.3219604
-0.39152527 -10.677475 3.9432373
-0.51768494 -12.039047 4.8953857
-0.5700531 -12.6436615 6.0022583
-0.45341492 -11.758163 6.3616943
-0.24632263 -10.796494 6.199829
-0.22251892 -10.458481 5.8737183
-0.29154968 -10.846481 5.5023804
-0.23442078 -11.667709 5.211975
-0.08921814 -12.203293 5.8427734
0.06074524 -12.065231 6.340271
0.15596008 -11.139267 5.7927856
0.022659302 -10.677475 5.423828
-0.122543335 -10.5846405 4.962036
0.053604126 -10.651291 4.852539
0.49873352 -10.717941 4.9644165
1.05336 -10.748886 5.5476074
1.6294098 -10.470383 6.123657
1.7793732 -9.996689 6.178406
1.8960114 -9.4301605 5.7546997
1.893631 -9.154037 5.738037
1.9721832 -9.2183075 5.780884
1.9745636 -9.163559 5.2857666
2.2387848 -8.992172 5.4000244
2.4863434 -8.5256195 5.6880493
2.7886505 -8.030502 5.6880493
2.900528 -7.771042 5.4190674
2.8386383 -7.7424774 5.2214966
2.8743439 -7.478256 4.709717
3.1742706 -7.2235565 4.8549194
3.509903 -6.8307953 5.4262085
3.8360138 -6.6974945 5.621399
4.0454865 -6.7760468 5.909424
4.1026154 -6.642746 5.923706
4.1597443 -6.28331 5.897522
4.2501984 -5.750107 5.878479
4.409683 -5.212143 5.8499146
4.800064 -4.662277 5.6047363
5.2142487 -4.455185 5.7594604
5.626053 -4.4599457 6.226013
5.8926544 -4.4218597 6.4188232
5.9140778 -4.371872 6.692566
5.878372 -4.200485 6.3950195
5.856949 -4.1695404 6.756836
5.9235992 -3.7101288 7.116272
6.018814 -3.3126068 7.444763
6.383011 -3.1697845 7.4971313
6.530594 -3.4530487 7.6018677
6.6757965 -3.2697601 6.9544067
6.8495636 -3.1364594 6.6949463
6.8305206 -3.1007538 7.3900146
6.7591095 -3.0150604 7.930359
6.6234283 -2.7698822 8.204102
6.563919 -2.4723358 7.6256714
6.609146 -2.6699066 7.6447144
6.5401154 -2.736557 7.539978
6.6067657 -2.800827 7.1829224
6.628189 -2.6389618 7.4590454
6.651993 -2.2462006 7.2614746
6.6996 -2.0486298 7.5804443
6.6757965 -1.6296844 7.8303833
6.685318 -1.3154755 7.5828247
6.69722 -1.2607269 7.259094
6.6757965 -1.5059052 6.9544067
6.723404 -1.7439423 6.52594
6.8233795 -1.7368011 6.4140625
6.885269 -1.4416351 6.4973755
7.044754 -1.2583466 7.082947
7.011429 -0.5894623 7.482849
6.999527 -0.3085785 7.3685913
6.844803 -0.6061249 7.0805664
6.6948395 -1.0298309 6.647339
6.590103 -1.370224 6.5235596
6.5853424 -1.2583466 5.8760986
6.6043854 -1.5915985 5.916565
6.5972443 -1.7653656 6.352173
6.556778 -1.434494 6.2736206
6.5472565 -0.96318054 6.1760254
6.609146 -0.5061493 6.1688843
6.6234283 -0.23716736 6.147461
6.640091 -0.3490448 6.295044
6.602005 -0.45140076 6.180786
6.651993 -0.3252411 6.097473
6.787674 -0.19908142 6.1069946
6.82576 0.02229309 6.0665283
6.7519684 0.13179016 6.0284424
6.813858 0.29603577 5.8808594
6.782913 0.41981506 5.780884
6.7472076 0.5554962 5.9451294
6.799576 1.0601349 6.0736694
6.9114532 1.4195709 6.14032
6.9114532 1.6338043 6.0736694
6.818619 1.5719147 5.6309204
6.6829376 1.1910553 5.366699
6.549637 0.99824524 5.238159
6.4972687 1.1862946 4.833496
6.4329987 1.3886261 4.6192627
6.3806305 1.4409943 5.0977173
6.404434 1.5171661 5.1000977
6.4568024 1.3910065 5.549988
6.613907 1.6933136 5.723755
6.716263 1.7718658 5.5214233
6.666275 1.6980743 5.2453003
6.6305695 1.5885773 5.2262573
6.594864 1.6147614 5.261963
6.640091 1.8408966 5.288147
6.735306 1.9099274 5.314331
6.8233795 2.0218048 5.2714844
6.992386 1.9741974 5.17865
7.0733185 1.8361359 5.3357544
7.1066437 1.9456329 5.402405
7.0995026 2.0146637 5.5023804
7.0995026 1.9837189 5.5095215
7.1042633 2.0456085 5.492859
7.044754 2.036087 5.647583
7.0280914 2.1241608 5.4595337
7.063797 2.112259 5.511902
7.08284 2.1598663 5.5357056
7.1875763 2.1217804 5.4452515
7.1566315 2.0408478 5.319092
7.178055 2.017044 5.288147
7.1328278 2.0003815 5.302429
7.101883 1.99086 5.366699
7.0733185 2.017044 5.447632
7.078079 2.0789337 5.3952637
7.0542755 1.9694366 5.526184
7.044754 1.8908844 5.5547485
7.0423737 1.8742218 5.4833374
7.0923615 1.8028107 5.583313
7.1947174 1.8789825 5.6761475
7.230423 2.1027374 5.5285645
7.1899567 2.2122345 5.511902
7.094742 2.0456085 5.5
7.049515 1.9599152 5.390503
7.0019073 2.0122833 5.447632
7.0280914 2.1360626 5.423828
6.9900055 2.3264923 5.276245
6.9519196 2.3455353 5.300049
6.9328766 2.3860016 5.409546
6.89003 2.3979034 5.4523926
6.806717 2.2455597 5.3928833
6.7781525 2.1408234 5.326233
6.6948395 2.0646515 5.5214233
6.590103 2.028946 5.621399
6.4782257 1.9741974 5.507141
6.385391 1.8194733 5.5404663
6.337784 1.86232 5.4976196
6.3615875 1.8408966 5.552368
6.3306427 1.6909332 5.378601
6.3544464 1.6361847 5.2072144
6.340164 1.5005035 5.1381836
6.2973175 1.4338531 5.1905518
6.31398 1.4695587 5.2786255
6.3044586 1.3767242 5.3952637
6.287796 1.2434235 5.6047363
6.359207 1.0244293 5.5095215
6.3235016 0.8220978 5.4262085
6.2663727 0.624527 5.5238037
6.24971 0.65309143 5.447632
6.2830353 0.5983429 5.3547974
6.2520905 0.6292877 5.552368
6.216385 0.6126251 5.469055
6.2068634 0.4507599 5.571411
6.2187653 0.22938538 5.6951904
6.1878204 -0.09434509 5.6523438
6.24971 -0.3252411 5.711853
6.292557 -0.38237 5.7213745
6.383011 -0.35380554 5.916565
6.4710846 -0.55851746 6.2093506
6.5210724 -0.7679901 6.2164917
6.5424957 -1.0988617 6.218872
6.5210724 -1.3154755 6.07843
6.518692 -1.4630585 5.904663
6.473465 -1.4678192 6.211731
6.4901276 -1.4582977 6.435486
6.5329742 -1.5725555 6.597351
6.530594 -1.6868134 6.502136
6.5805817 -2.0343475 6.4188232
6.5996246 -2.377121 6.3997803
6.609146 -2.5461273 6.245056
6.6686554 -2.7651215 6.242676
6.6876984 -3.0007782 6.668762
6.6305695 -3.1959686 7.0186768
6.640091 -3.448288 7.109131
6.5805817 -3.6196747 7.002014
6.582962 -3.8696136 6.725891
6.613907 -4.1957245 6.609253
6.6876984 -4.2480927 6.3759766
6.7781525 -4.5361176 6.5735474
6.8114777 -4.912216 7.2424316
6.7781525 -5.2668915 7.9613037
6.628189 -5.3383026 8.049377
6.549637 -5.457321 7.6185303
6.3473053 -5.757248 7.7232666
6.294937 -5.757248 7.573303
6.192581 -5.8358 7.3495483
6.2259064 -6.147629 7.366211
6.0783234 -6.3499603 7.135315
6.0664215 -6.654648 7.725647
5.92836 -6.426132 7.5685425
5.79982 -6.245224 7.4138184
5.6236725 -6.1190643 6.956787
5.5475006 -6.464218 6.923462
5.4046783 -6.8188934 6.7211304
5.3094635 -7.2687836 6.552124
5.185684 -7.7805634 6.9901123
5.1285553 -7.8829193 7.3376465
5.0642853 -7.452072 7.290039
5.0595245 -6.745102 6.859192
5.057144 -6.528488 6.649719
4.978592 -6.6284637 6.4973755
4.864334 -6.949814 6.097473
4.6691437 -7.30925 6.1427
4.4620514 -7.156906 6.1069946
4.345413 -6.66893 6.07605
4.145462 -6.468979 6.347412
3.8169708 -6.6475067 6.3569336
3.5432281 -6.899826 5.9379883
3.433731 -7.1140594 5.654724
3.3028107 -7.168808 5.3476563
3.2742462 -7.368759 5.7975464
3.2099762 -7.4687347 6.2212524
3.0504913 -7.37352 6.7401733
2.855301 -7.2378387 6.6901855
2.6339264 -7.625839 6.3878784
2.503006 -7.875778 5.654724
2.5553741 -7.937668 5.2143555
2.6862946 -7.7234344 5.5785522
2.752945 -7.4044647 6.2355347
2.7434235 -7.3401947 7.142456
2.3220978 -7.50206 7.630432
1.7888947 -7.963852 7.309082
1.4604034 -8.478012 6.309326
1.4389801 -9.085007 5.7666016
1.5937042 -9.434921 5.942749
1.9150543 -9.304001 6.3569336
2.279251 -8.704147 6.744934
2.6148834 -8.447067 7.342407
2.7124786 -7.940048 7.135315
2.6267853 -7.861496 6.737793
2.3530426 -8.187607 6.892517
2.1364288 -8.242355 6.9139404
2.1364288 -7.8400726 6.7163696
2.214981 -7.304489 6.7163696
2.3387604 -7.040268 6.8901367
2.3006744 -7.1783295 7.0353394
2.0578766 -7.30925 6.2355347
1.7793732 -7.540146 5.9570313
1.6746368 -7.7877045 5.9379883
1.8698273 -7.6782074 5.8546753
2.105484 -7.6520233 6.173645
2.1102448 -7.687729 6.647339
2.0531158 -7.7996063 6.6973267
1.9555206 -7.7353363 6.6949463
1.9079132 -7.604416 6.2736206
1.9340973 -7.792465 5.9713135
1.9459991 -8.030502 5.7785034
1.8531647 -8.061447 5.7904053
1.727005 -7.906723 5.9213257
1.5175323 -7.7948456 5.976074
1.4461212 -7.880539 6.1831665
1.4604034 -7.856735 6.218872
1.4604034 -7.918625 6.1903076
1.515152 -8.187607 6.0855713
1.4294586 -8.368515 6.192688
1.3961334 -8.370895 6.325989
1.3056793 -8.163803 6.283142
1.2485504 -7.956711 6.147461
1.2104645 -7.937668 6.192688
1.2342682 -7.906723 6.3307495
1.2723541 -8.097153 6.218872
1.1866608 -8.428024 6.366455
1.1461945 -8.701767 6.5997314
1.1247711 -8.611313 6.2783813
0.95814514 -8.661301 6.1450806
0.89863586 -8.577988 6.033203
0.9462433 -8.251877 5.866577
1.0628815 -8.189987 6.109375
1.1747589 -8.287582 6.0236816
1.219986 -8.65892 6.223633
1.1914215 -8.777939 6.3640747
1.2390289 -8.761276 6.378357
1.2342682 -8.397079 6.3688354
1.1723785 -8.292343 5.9213257
1.2675934 -8.439926 5.7737427
1.2533112 -8.39946 6.0665283
1.4056549 -8.1471405 6.245056
1.4104156 -7.9876556 6.4069214
1.3842316 -7.88768 6.302185
1.2771149 -7.9210052 6.0213013
1.0890656 -8.009079 5.678528
0.99147034 -8.458969 7.347168
1.6127472 -9.054062 5.3476563
1.4675446 -9.323044 5.9189453
1.3985138 -8.301865 6.737793
1.6912994 -8.123337 6.540222
1.6294098 -8.504196 6.6140137
1.4151764 -8.792221 6.3378906
1.3628082 -8.506577 6.6401978
1.3818512 -7.9162445 6.180786
1.3628082 -8.244736 6.245056
1.5032501 -8.263779 6.2617188
1.6865387 -8.278061 6.2474365
1.6912994 -8.375656 6.059387
1.4937286 -8.325668 5.866577
1.2176056 -8.251877 5.9903564
1.0319366 -8.070969 6.037964
0.97480774 -7.9210052 6.0689087
0.9367218 -7.925766 6.1450806
0.89149475 -7.913864 6.3045654
0.8391266 -7.95195 6.302185
0.6510773 -8.001938 6.666382
0.43922424 -8.0186 7.3043213
0.39161682 -8.094772 7.7851563
0.26307678 -8.27092 7.989868
0.1131134 -8.447067 8.113647
-0.04399109 -8.351852 8.237427
-0.27726746 -7.5520477 6.1760254
-0.8247528 -8.213791 4.8358765
-1.6055145 -7.744858 4.6359253
-2.4862518 -7.4925385 5.0096436
-3.295578 -8.239975 5.7070923
-3.3836517 -9.196884 6.159363
-3.0361176 -9.622971 7.0305786
-2.3743744 -9.551559 7.1519775
-1.9768524 -9.2183075 7.2924194
-1.884018 -8.823166 7.328125
-2.1696625 -8.620834 6.9091797
-2.5433807 -8.694626 6.3045654
-2.7671356 -8.970749 5.5785522
-2.6052704 -9.539658 5.2714844
-2.160141 -9.989548 4.7073364
-1.6316986 -10.139511 4.788269
-1.1056366 -9.522995 5.090576
-0.47721863 -8.887436 5.0739136
0.09169006 -8.763657 4.9906006
0.6510773 -8.4613495 5.0429688
1.1414337 -7.9043427 4.8430176
1.6317902 -8.173325 5.3167114
1.9817047 -8.3137665 5.4071655
2.0554962 -8.487534 5.397644
1.9840851 -8.106674 4.6692505
2.1459503 -7.604416 4.017029
2.4887238 -7.4211273 3.9837036
2.8862457 -7.1926117 3.7075806
3.3028107 -7.0236053 3.5338135
3.6812897 -6.847458 3.8480225
3.9383698 -6.6403656 4.1574707
4.0074005 -6.449936 4.178894
3.9859772 -6.1190643 4.178894
4.0264435 -5.8715057 3.7528076
4.0954742 -6.052414 3.6552124
4.1430817 -5.9714813 4.1884155
4.45253 -5.8048553 5.031067
4.9048004 -5.881027 5.69281
5.2904205 -6.083359 5.7142334
5.4832306 -6.5118256 5.847534
5.459427 -6.5189667 5.666626
5.357071 -6.0571747 6.0689087
5.102371 -5.264511 6.813965
4.676285 -3.9648285 7.4209595
4.2382965 -3.1674042 7.951782
3.7384186 -2.9888763 7.8446655
3.2694855 -3.2911835 7.194824
2.9886017 -4.0219574 6.880615
2.881485 -5.0098114 7.4471436
2.6553497 -5.776291 7.8113403
2.343521 -5.9072113 7.9208374
1.9745636 -5.6977386 7.9279785
1.7032013 -5.650131 7.699463
1.4723053 -5.866745 7.7684937
1.3009186 -6.0690765 7.5804443
1.3604279 -6.116684 7.259094
1.4723053 -6.1143036 7.366211
Time Stop = 1457234374
