Time Start = 1457234077
-7.144638 -2.7270355 6.321228
-6.8209076 -3.0983734 5.8808594
-6.8090057 -3.0793304 5.8189697
-7.0708466 -2.9650726 5.9641724
-7.3469696 -2.8151093 5.911804
-7.399338 -2.7151337 5.904663
-7.266037 -2.7794037 5.8308716
-7.080368 -2.9436493 5.8808594
-6.9542084 -3.1007538 5.9141846
-6.894699 -3.0817108 6.018921
-6.9803925 -3.0555267 5.9260864
-7.087509 -2.9960175 5.8499146
-7.1732025 -3.1055145 6.0213013
-7.280319 -3.1816864 5.9022827
-7.3065033 -3.2197723 5.82135
-7.330307 -3.1269379 5.7356567
-7.444565 -3.0388641 5.8165894
-7.4993134 -3.0341034 5.897522
-7.5373993 -2.9722137 5.9332275
-7.5326385 -2.8960419 5.9713135
-7.587387 -2.8246307 5.904663
-7.5826263 -2.8698578 5.859436
-7.675461 -3.0531464 6.0855713
-7.7302094 -3.2007294 6.1379395
-7.837326 -3.2697601 6.116516
-7.8849335 -3.0626678 5.9641724
-7.8992157 -2.865097 5.840393
-7.875412 -2.865097 5.8380127
-7.8968353 -2.8674774 5.9070435
-7.842087 -3.0222015 5.845154
-7.9039764 -2.94841 5.7332764
-7.9801483 -3.2483368 5.673767
-7.9301605 -3.20549 5.6642456
-7.8135223 -3.0174408 5.7999268
-7.696884 -2.7151337 5.9570313
-7.720688 -2.6032562 6.0689087
-7.742111 -2.5199432 5.935608
-7.8278046 -2.941269 5.723755
-7.9991913 -3.4054413 5.685669
-7.9611053 -3.474472 5.6261597
-7.9801483 -3.191208 5.614258
-7.951584 -2.6818085 5.699951
-7.996811 -2.2462006 5.764221
-8.12059 -1.9557953 5.761841
-8.332443 -1.5868378 5.3738403
-8.289597 -1.177414 4.466919
-8.189621 -0.8013153 4.1550903
-7.8206635 -0.5442352 4.15271
-7.3707733 -0.39427185 3.8623047
-6.9922943 -0.42997742 3.3909912
-6.789963 -0.5870819 3.043457
-6.6804657 -0.60850525 2.793518
-6.5114594 -0.68943787 2.6054688
-6.3829193 -0.75608826 2.517395
-6.213913 -0.92985535 2.2269897
-6.085373 -1.4273529 1.9532471
-5.9473114 -2.1105194 1.9223022
-5.7306976 -2.717514 1.6985474
-5.7092743 -3.2078705 1.5223999
-5.823532 -3.8886566 1.317688
-6.2877045 -4.821762 1.6937866
-6.8137665 -5.4287567 1.8532715
-7.4802704 -5.688217 1.4557495
-8.132492 -5.700119 1.0106201
-8.660934 -5.6263275 0.5274048
-9.072739 -5.650131 0.2965088
-9.317917 -5.7786713 0.16320801
-9.522629 -5.892929 0.22033691
-9.710678 -5.9667206 0.18701172
-10.146286 -6.373764 0.791626
-10.489059 -6.566574 0.7892456
-10.724716 -6.6475067 0.58929443
-10.94133 -6.783188 0.34649658
-11.015121 -7.0688324 0.06323242
-10.967514 -7.4687347 -0.2652588
-10.827072 -7.873398 -0.42712402
-10.658066 -8.358994 -0.39379883
-10.446213 -8.668442 -0.3723755
-10.30101 -8.687485 -0.49853516
-10.2200775 -8.806503 -0.49853516
-10.227219 -8.856491 -0.5961304
-10.293869 -8.737473 -0.48901367
-10.343857 -8.470871 -0.58184814
-10.431931 -8.287582 -0.71990967
-10.477158 -8.163803 -0.6865845
-10.477158 -8.01384 -0.6699219
-10.391464 -7.8591156 -0.6746826
-10.331955 -7.585373 -0.4866333
-10.17485 -7.1735687 -0.27478027
-10.0724945 -6.6641693 -0.034362793
-10.027267 -6.2476044 0.07751465
-10.179611 -6.0928802 0.03942871
-10.417648 -6.1666718 0.032287598
-10.698532 -6.188095 -0.29144287
-10.948471 -6.195236 -0.6675415
-11.048447 -6.0167084 -0.907959
-11.031784 -5.764389 -1.0031738
-10.927048 -5.526352 -0.8341675
-10.798508 -5.2335663 -0.76989746
-10.712814 -5.076462 -0.6365967
-10.819931 -5.0883636 -0.6246948
-10.998459 -5.097885 -0.6365967
-11.322189 -5.1335907 -0.58898926
-11.769699 -5.0955048 -0.63183594
-12.241013 -5.00029 -0.74609375
-12.502853 -4.897934 -1.0769653
-12.667099 -4.845566 -1.3435669
-12.60997 -4.6765594 -1.8172607
-12.514755 -4.5099335 -2.2790527
-12.260056 -4.243332 -2.3457031
-11.812546 -3.6196747 -2.2576294
-11.369797 -2.967453 -2.0767212
-11.096054 -2.236679 -2.1885986
-11.2079315 -1.305954 -2.281433
-11.45311 -0.2086029 -2.678955
-11.564987 0.58406067 -2.9717407
-11.365036 0.76020813 -2.8979492
-10.827072 0.38648987 -2.6932373
-10.070114 -0.26097107 -2.440918
-9.08226 -0.613266 -2.2124023
-7.830185 -0.70848083 -2.0648193
-6.732834 -0.6394501 -1.6720581
-5.8140106 -0.058639526 -1.3721313
-5.316513 0.79829407 -1.2769165
-5.4664764 1.5552521 -1.4387817
-6.3400726 2.1503448 -1.5935059
-7.8968353 2.4455109 -1.8029785
-9.746384 2.3455353 -2.2671509
-11.224594 1.8932648 -2.7955933
-11.779221 1.1839142 -3.2073975
-11.567368 0.6316681 -3.1883545
-11.00798 0.46980286 -2.986023
-10.569992 0.55311584 -2.77417
-10.389084 0.54359436 -2.6361084
-10.243881 0.40315247 -2.4623413
-10.243881 0.12464905 -2.3457031
-10.205795 -0.35380554 -2.2600098
-10.120102 -0.825119 -2.152893
-9.991562 -1.1274261 -2.0338745
-9.879684 -1.4249725 -1.9053345
-9.7773285 -1.6487274 -1.7149048
-9.641647 -1.9486542 -1.5744629
-9.420273 -2.2128754 -1.369751
-9.198898 -2.4580536 -1.0603027
-8.934677 -2.531845 -0.86987305
-8.684738 -2.4699554 -0.71276855
-8.484787 -2.422348 -0.5628052
-8.396713 -2.4723358 -0.47711182
-8.287216 -2.5651703 -0.33190918
-8.2443695 -2.5794525 -0.2723999
-8.194382 -2.615158 -0.3557129
-8.132492 -2.5389862 -0.3795166
-8.077744 -2.3723602 -0.4366455
-8.05394 -2.358078 -0.3890381
-8.115829 -2.460434 -0.39379883
-8.203903 -2.7008514 -0.48901367
-8.43718 -3.0936127 -0.510437
-8.6418915 -3.4768524 -0.41760254
-8.729965 -3.8743744 -0.31524658
-8.7061615 -4.114792 -0.124816895
-8.480026 -4.1695404 0.07513428
-8.415756 -4.1766815 0.3441162
-8.551437 -4.2100067 0.6749878
-8.910873 -4.2957 0.6416626
-9.513107 -4.3932953 0.71069336
-10.231979 -4.55278 0.49884033
-10.936569 -4.662277 0.32983398
-11.631638 -4.8122406 0.23461914
-12.241013 -4.912216 -0.124816895
-12.659958 -4.8384247 -0.42474365
-12.921799 -4.557541 -0.53900146
-12.947983 -4.0148163 -0.7032471
-12.662338 -3.3768768 -1.0055542
-12.574265 -2.7246552 -1.0864868
-12.812302 -2.3890228 -1.1626587
-13.419296 -2.5270844 -1.0888672
-13.985825 -3.2197723 -0.86273193
-13.966782 -4.052902 -0.8341675
-12.967026 -4.68132 -0.76275635
-11.319809 -4.7551117 -0.91748047
-9.696396 -4.302841 -0.94366455
-8.396713 -3.5673065 -1.010315
-7.8206635 -2.910324 -1.0341187
-8.101547 -2.5580292 -0.9627075
-9.301254 -2.646103 -1.0198364
-11.098434 -2.81987 -1.3983154
-13.071762 -3.115036 -1.9219971
-14.638046 -3.2911835 -2.4552002
-15.266464 -3.2864227 -2.9241333
-14.957016 -3.0817108 -3.171692
-14.090561 -2.7151337 -3.3573608
-13.143173 -2.3795013 -3.3621216
-12.464767 -2.1105194 -3.3097534
-11.952988 -2.1176605 -3.2073975
-11.641159 -2.415207 -3.0217285
-11.369797 -2.7341766 -2.9765015
-10.915146 -3.0198212 -2.697998
-10.315292 -3.191208 -2.524231
-9.701157 -3.1388397 -2.1505127
-9.098923 -3.005539 -1.6411133
-8.656174 -2.569931 -1.305481
-8.315781 -2.2509613 -1.2126465
-8.05394 -2.1033783 -1.0864868
-7.913498 -2.319992 -1.1507568
-7.8611298 -2.5389862 -1.1483765
-7.8539886 -2.5223236 -1.4316406
-7.8516083 -2.3604584 -1.710144
-7.906357 -2.1866913 -1.626831
-7.9825287 -2.1367035 -1.5387573
-8.146774 -2.1985931 -1.5268555
-8.389572 -2.2795258 -1.6077881
-8.679977 -2.2723846 -1.6768188
-9.010849 -2.2342987 -1.7006226
-9.177475 -2.0462494 -1.8529663
-9.065598 -1.9415131 -1.8505859
-8.896591 -1.8724823 -1.8196411
-8.779953 -1.8677216 -1.7030029
-8.820419 -1.8939056 -1.6553955
-9.127487 -1.9724579 -1.6411133
-9.670212 -2.1581268 -1.7053833
-10.248642 -2.1962128 -1.7220459
-10.838974 -2.0224457 -1.793457
-11.165085 -1.7915497 -1.9957886
-11.32933 -1.5273285 -2.248108
-11.369797 -1.1988373 -2.4432983
-11.248398 -1.139328 -2.5218506
-10.886581 -1.222641 -2.3933105
-10.448593 -1.5297089 -2.1695557
-9.846359 -1.8701019 -1.7268066
-9.322678 -2.2819061 -1.3435669
-9.191757 -2.7270355 -0.72943115
-9.78923 -2.7675018 -0.8175049
-11.06749 -2.3437958 -1.7244263
-12.136276 -1.9224701 -2.6741943
-11.833969 -1.5844574 -2.8241577
-10.132004 -1.4297333 -2.5170898
-8.192001 -1.389267 -2.06958
-6.8280487 -1.4511566 -1.4221191
-6.2305756 -1.5725555 -0.85321045
-6.547165 -1.7344208 -0.28668213
-7.723068 -1.812973 -0.1652832
-9.558334 -1.9105682 -0.43188477
-11.405502 -2.1605072 -1.017456
-12.814682 -2.5080414 -1.5006714
-13.143173 -2.6770477 -1.6863403
-12.876572 -2.800827 -1.350708
-12.390976 -2.7032318 -1.2102661
-11.872055 -2.5770721 -0.9627075
-11.362656 -2.5151825 -1.0388794
-10.929428 -2.4747162 -1.1221924
-10.505722 -2.6365814 -1.2554932
-9.960617 -2.729416 -1.395935
-9.341721 -2.7246552 -1.350708
-8.684738 -2.7032318 -1.2078857
-8.084885 -2.7056122 -0.9317627
-7.6468964 -2.6675262 -0.6842041
-7.4421844 -2.7222748 -0.39379883
-7.3660126 -2.800827 -0.124816895
-7.5564423 -2.8793793 0.015625
-7.7444916 -3.0555267 0.032287598
-7.875412 -3.14122 0.015625
-7.8992157 -3.2007294 0.06085205
-7.901596 -3.1888275 0.020385742
-7.8801727 -3.1816864 -0.058166504
-7.9182587 -3.288803 -0.14624023
-8.065842 -3.4958954 -0.19622803
-8.253891 -3.6744232 -0.24145508
-8.477646 -4.0171967 -0.3057251
-8.670456 -4.2528534 -0.3128662
-8.753769 -4.4266205 -0.24383545
-8.884689 -4.5599213 0.010864258
-8.875168 -4.6194305 0.22747803
-8.806137 -4.5504 0.3036499
-8.798996 -4.5051727 0.41552734
-8.927536 -4.4075775 0.5988159
-9.294113 -4.340927 0.5107422
-9.78685 -4.2909393 0.43218994
-10.417648 -4.3504486 0.4179077
-11.046066 -4.4575653 0.24414063
-11.541183 -4.5861053 -0.017700195
-11.929184 -4.655136 -0.11053467
-12.245773 -4.564682 -0.35809326
-12.398117 -4.4956512 -0.58184814
-12.512375 -4.4980316 -0.5437622
-12.538559 -4.402817 -0.760376
-12.614731 -4.0862274 -1.1459961
-13.147934 -3.9719696 -1.3602295
-14.1262665 -3.9648285 -1.3292847
-15.17601 -4.2076263 -1.2911987
-15.2617035 -4.576584 -1.5006714
-14.116745 -4.7908173 -1.6244507
-12.126755 -4.519455 -1.7220459
-10.015366 -3.898178 -1.5958862
-8.406235 -3.2126312 -1.3435669
-7.6278534 -2.6294403 -0.9293823
-7.6207123 -2.3485565 -0.4961548
-8.451462 -2.3914032 -0.62231445
-9.796371 -2.7579803 -1.0817261
-11.2269745 -3.4078217 -1.2293091
-12.405258 -4.0100555 -1.2316895
-12.990829 -4.2528534 -1.5316162
-13.2026825 -4.0219574 -1.9553223
-13.088425 -3.7148895 -2.0457764
-12.845627 -3.3602142 -2.2409668
-12.436203 -3.160263 -2.281433
-11.819687 -3.2269135 -2.3718872
-11.115097 -3.4435272 -2.2957153
-10.517624 -3.6887054 -2.1957397
-9.960617 -4.0624237 -1.8839111
-9.472641 -4.302841 -1.3911743
-9.060837 -4.3242645 -1.0650635
-8.729965 -4.2790375 -0.84606934
-8.446701 -4.1385956 -0.5270996
-8.215805 -3.8291473 -0.5675659
-7.9682465 -3.5268402 -0.7103882
-7.7516327 -3.20549 -0.9317627
-7.511215 -2.9317474 -1.0769653
-7.246994 -2.672287 -1.3031006
-7.0589447 -2.5937347 -1.434021
-6.9351654 -2.646103 -1.2102661
-7.054184 -2.8722382 -1.0484009
-7.546921 -3.0817108 -0.8579712
-8.170578 -3.0983734 -1.0674438
-8.765671 -2.9888763 -1.3078613
-9.158432 -2.9079437 -1.4816284
-9.229843 -2.7341766 -1.5506592
-8.991806 -2.5556488 -1.4054565
-8.718063 -2.4175873 -1.267395
-8.522873 -2.3080902 -1.1507568
-8.656174 -2.2842865 -1.0722046
-9.113205 -2.293808 -1.1031494
-9.793991 -2.2985687 -1.2578735
-10.489059 -2.1962128 -1.5601807
-11.172226 -2.120041 -1.9934082
-11.676865 -2.0510101 -2.2957153
-11.945847 -2.0414886 -2.550415
-11.938705 -1.979599 -2.6741943
-11.6887665 -2.0129242 -2.595642
-11.472153 -1.9867401 -2.4956665
-11.26268 -2.146225 -2.376648
-11.157944 -2.274765 -2.0648193
-11.436447 -2.3057098 -1.8005981
-12.314804 -2.146225 -2.0148315
-13.293137 -2.0319672 -2.5028076
-13.597824 -2.1581268 -2.9122314
-12.450485 -2.3414154 -3.0336304
-10.372421 -2.581833 -2.4432983
-8.211044 -2.6318207 -1.6887207
-6.418625 -2.5009003 -0.94366455
-5.323654 -2.653244 -0.1986084
-5.1451263 -2.986496 0.791626
-5.8068695 -2.986496 1.3153076
-7.342209 -2.319992 0.9701538
-9.432175 -1.415451 -0.13433838
-11.553085 -0.63230896 -1.1602783
-13.216965 -0.40855408 -1.4673462
-13.783493 -0.5775604 -1.4006958
-13.535934 -0.7465668 -1.5149536
-13.25267 -0.9846039 -1.4125977
-12.752792 -0.90605164 -1.8482056
-12.010117 -0.67515564 -1.998169
-11.124619 -0.30619812 -1.9362793
-10.193893 -0.075302124 -1.7958374
-9.356003 -0.053878784 -1.5935059
-8.675217 -0.32286072 -1.2911987
-8.194382 -0.73228455 -1.0031738
-7.9634857 -1.1940765 -0.7746582
-7.8706512 -1.8034515 -0.44854736
-7.875412 -2.2414398 -0.21765137
-7.7897186 -2.5651703 -0.22241211
-7.7706757 -2.729416 -0.22955322
-7.561203 -2.6508636 -0.20098877
-7.394577 -2.4723358 -0.446167
-7.213669 -2.3604584 -0.45568848
-7.073227 -2.2914276 -0.510437
-7.0756073 -2.300949 -0.6342163
-7.2565155 -2.3937836 -0.6270752
-7.4802704 -2.531845 -0.6199341
-7.761154 -2.6889496 -0.54852295
-7.970627 -2.9722137 -0.5128174
-8.213425 -3.319748 -0.54852295
-8.256271 -3.7006073 -0.59851074
-8.277695 -4.050522 -0.5604248
-8.241989 -4.288559 -0.41522217
-8.196762 -4.348068 -0.25811768
-8.380051 -4.4218597 -0.060546875
-8.691879 -4.474228 -0.015319824
-9.14653 -4.4980316 0.053710938
-9.734482 -4.4075775 -0.1486206
-10.455734 -4.348068 -0.10101318
-11.057968 -4.371872 -0.18908691
-11.576889 -4.3504486 -0.4699707
-11.960129 -4.429001 -0.72943115
-12.333847 -4.4956512 -0.8008423
-12.557602 -4.557541 -0.96746826
-12.683762 -4.576584 -1.0388794
-12.557602 -4.583725 -1.0983887
-12.1577 -4.4718475 -1.0769653
-11.619736 -4.2933197 -0.907959
-11.055588 -4.0743256 -0.75561523
-11.0056 -3.871994 -0.6104126
-11.476913 -3.9600677 -0.18670654
-12.145798 -4.255234 0.13464355
-12.302902 -4.788437 0.23461914
-11.638779 -5.1335907 0.0013427734
-10.698532 -5.078842 -0.18908691
-9.996323 -4.6194305 -0.52471924
-9.970139 -4.224289 -0.95318604
-10.727097 -4.148117 -1.1721802
-12.076767 -4.379013 -1.3126221
-13.621628 -4.6241913 -1.5601807
-14.821335 -4.7146454 -2.0029297
-15.440231 -4.450424 -2.3599854
-15.428329 -3.788681 -2.6432495
-14.807053 -2.8984222 -2.826538
-14.104843 -2.0724335 -2.8693848
-13.321701 -1.5582733 -2.8241577
-12.579025 -1.4130707 -2.7955933
-11.795883 -1.5297089 -2.5575562
-10.94133 -1.8605804 -2.1195679
-10.165329 -2.1486053 -1.7577515
-9.432175 -2.4556732 -1.3649902
-8.751389 -2.7056122 -0.97698975
-8.139633 -2.9888763 -0.68182373
-7.5707245 -3.1697845 -0.41760254
-7.189865 -3.3435516 -0.20336914
-7.085129 -3.5411224 -0.055786133
-7.304123 -3.6434784 -0.04864502
-7.701645 -3.5982513 -0.32714844
-8.068222 -3.262619 -1.036499
-8.265793 -2.9055634 -1.4768677
-8.125351 -2.5770721 -1.7006226
-7.777817 -2.2438202 -1.8696289
-7.3255463 -1.9891205 -1.8482056
-7.0399017 -1.9010468 -1.7625122
-7.0946503 -1.9748383 -1.9029541
-7.568344 -2.396164 -2.06958
-8.282455 -2.922226 -2.2052612
-9.025131 -3.3602142 -2.1195679
-9.453598 -3.6244354 -2.0219727
-9.298874 -3.6910858 -1.7315674
-8.7704315 -3.5792084 -1.3554688
-8.24675 -3.3054657 -1.017456
-8.082504 -2.9912567 -0.82702637
-8.546677 -2.6603851 -1.0460205
-9.405991 -2.319992 -1.3792725
-10.350998 -2.153366 -1.857727
-11.017502 -1.9819794 -2.3528442
-11.381699 -1.8296356 -2.7027588
-11.415024 -1.7748871 -2.614685
-11.13176 -1.5725555 -2.3980713
-10.677109 -1.3559418 -2.0529175
-10.193893 -1.1988373 -1.4364014
-9.791611 -1.0536346 -0.94366455
-9.929672 -0.9012909 -0.5509033
-10.843735 -0.79655457 -0.91033936
-12.331467 -0.6513519 -1.8624878
-13.76207 -0.7346649 -2.8336792
-13.793015 -1.1488495 -3.383545
-12.072006 -1.5059052 -3.0264893
-9.763046 -1.5606537 -2.4052124
-7.618332 -1.4225922 -1.5697021
-6.175827 -1.2464447 -0.78656006
-5.80925 -1.1060028 -0.10101318
-6.523361 -0.8941498 0.22747803
-8.172958 -0.8036957 0.06323242
-10.274826 -0.696579 -0.4295044
-12.09343 -0.7941742 -1.0126953
-12.957504 -1.177414 -1.2745361
-12.809921 -1.4011688 -1.1626587
-12.329086 -1.4630585 -0.8841553
-12.038681 -1.305954 -0.805603
-12.041061 -1.0345917 -1.0626831
-11.795883 -0.88700867 -1.434021
-11.343613 -0.9655609 -1.6720581
-10.677109 -1.1702728 -1.793457
-10.039169 -1.5035248 -1.7434692
-9.351242 -1.7772675 -1.5316162
-8.765671 -1.9653168 -1.3007202
-8.368149 -2.2581024 -0.88653564
-8.11821 -2.49852 -0.5270996
-7.9611053 -2.7579803 -0.2819214
-7.894455 -2.876999 -0.081970215
-7.8611298 -2.9531708 -0.039123535
-7.8801727 -2.960312 -0.081970215
-7.811142 -2.8984222 -0.33666992
-7.784958 -2.9079437 -0.28430176
-7.792099 -2.922226 -0.43188477
-7.908737 -3.0936127 -0.6008911
-7.996811 -3.3697357 -0.6246948
-8.153915 -3.5554047 -0.48187256
-8.315781 -3.7910614 -0.32000732
-8.487167 -3.8505707 -0.23431396
-8.532394 -3.6815643 -0.45806885
-8.50383 -3.4054413 -0.64611816
-8.363388 -3.2102509 -0.6842041
-8.192001 -3.2935638 -0.43188477
-8.061081 -3.5744476 -0.04626465
-8.05632 -4.000534 0.22033691
-8.346725 -4.67894 0.75354004
Time Stop = 1457234082
