Time Start = 1457234155
-9.110825 -3.0341034 4.3550415
-8.5395355 -3.641098 4.114624
-8.022995 -3.4268646 4.3026733
-7.970627 -2.6746674 4.66687
-8.215805 -2.2009735 4.72876
-8.582382 -2.1819305 4.5811768
-8.775192 -2.6199188 4.3693237
-8.725204 -3.0912323 4.145569
-8.549057 -3.4197235 4.145569
-8.363388 -3.3102264 4.333618
-8.294357 -2.9460297 4.505005
-8.358627 -2.6032562 4.7906494
-8.370529 -2.384262 4.904907
-8.3919525 -2.339035 4.7644653
-8.541916 -2.5009003 4.569275
-8.63475 -2.8627167 4.4335938
-8.772812 -3.0912323 4.1503296
-8.701401 -3.3030853 4.3169556
-8.584763 -3.236435 4.40979
-8.408615 -3.0817108 4.6359253
-8.215805 -2.793686 4.773987
-8.084885 -2.5651703 4.9715576
-8.0967865 -2.384262 5.1000977
-8.134872 -2.4271088 5.231018
-8.127731 -2.4889984 4.9953613
-8.099167 -2.6556244 5.0739136
-8.020615 -2.827011 5.083435
-7.792099 -2.9650726 5.023926
-7.613571 -3.0721893 5.3428955
-7.356491 -3.057907 5.5023804
-7.2041473 -3.0007782 5.530945
-7.106552 -2.9460297 5.409546
-7.1208344 -2.9460297 5.321472
-7.254135 -3.0840912 5.366699
-7.458847 -3.4816132 5.530945
-7.630234 -4.0338593 5.6523438
-7.696884 -4.3123627 5.5166626
-7.7873383 -4.364731 5.5095215
-8.099167 -4.7170258 5.640442
-8.241989 -5.1335907 5.4000244
-8.31102 -5.6120453 4.8168335
-8.3276825 -6.142868 4.34552
-8.24675 -6.7117767 3.9741821
-8.080124 -7.199753 3.7123413
-7.8349457 -7.5901337 3.6171265
-7.613571 -7.913864 3.6028442
-7.4183807 -8.151901 3.5385742
-7.3517303 -8.311386 3.6290283
-7.330307 -8.375656 3.7647095
-7.3850555 -8.330429 3.6290283
-7.4040985 -8.14476 3.1815186
-7.489792 -7.963852 2.8173218
-7.6921234 -7.9210052 2.517395
-7.765915 -7.9162445 2.3936157
-7.889694 -7.8829193 2.4674072
-7.9111176 -7.856735 2.4626465
-7.9230194 -7.721054 2.3983765
-8.077744 -7.5330048 2.2888794
-8.213425 -7.449692 2.081787
-8.365768 -7.471115 1.8199463
-8.530014 -7.509201 1.7437744
-8.599045 -7.4592133 1.6747437
-8.608566 -7.368759 1.420044
-8.532394 -7.252121 1.3510132
-8.50383 -7.1331024 1.3438721
-8.560959 -6.9141083 1.3200684
-8.5395355 -6.6713104 1.4033813
-8.546677 -6.507065 1.4581299
-8.5585785 -6.392807 1.4676514
-8.513351 -6.321396 1.4557495
-8.458603 -6.2047577 1.2653198
-8.427658 -6.188095 1.336731
-8.580002 -6.150009 1.1391602
-8.668076 -5.995285 0.9035034
-8.744247 -5.7667694 0.63690186
-8.746628 -5.5763397 0.6273804
-8.720444 -5.378769 0.5155029
-8.675217 -5.1193085 0.39886475
-8.577621 -4.9384003 0.37982178
-8.606186 -4.7741547 0.4940796
-8.63237 -4.781296 0.49169922
-8.646652 -4.769394 0.47027588
-8.675217 -4.802719 0.26794434
-8.715683 -4.8312836 0.12750244
-8.756149 -4.7336884 0.015625
-8.813278 -4.6837006 -0.02960205
-8.925156 -4.5861053 -0.10101318
-9.053696 -4.598007 -0.1486206
-9.139389 -4.5742035 -0.3223877
-9.215561 -4.633713 -0.446167
-9.277451 -4.6717987 -0.47235107
-9.410751 -4.7931976 -0.33428955
-9.613083 -4.738449 -0.058166504
-9.753525 -4.398056 -0.18670654
-10.062973 -3.955307 -0.47711182
-10.460495 -3.391159 -0.7151489
-10.796127 -2.812729 -1.0722046
-10.927048 -2.460434 -1.3031006
-10.612839 -2.2961884 -1.3768921
-9.910629 -2.49852 -1.3102417
-9.0013275 -2.929367 -1.0722046
-8.175339 -3.3126068 -0.7889404
-7.5969086 -3.5863495 -0.58184814
-7.420761 -3.743454 -0.37713623
-7.739731 -3.5482635 -0.22717285
-8.549057 -3.1769257 -0.32476807
-9.515488 -2.846054 -0.86273193
-10.465256 -2.543747 -1.3173828
-11.229355 -2.6246796 -1.7077637
-11.660202 -2.8079681 -2.0219727
-11.707809 -2.9579315 -1.9458008
-11.45549 -3.1197968 -1.6934814
-11.188889 -3.0102997 -1.6720581
-11.057968 -2.8508148 -1.5554199
-11.0603485 -2.569931 -1.4435425
-11.034164 -2.4318695 -1.2721558
-11.010361 -2.4770966 -1.1602783
-10.822311 -2.7675018 -1.0007935
-10.520004 -3.0364838 -0.8841553
-10.212936 -3.3530731 -0.6913452
-9.941574 -3.5030365 -0.5604248
-9.682114 -3.5411224 -0.5532837
-9.525009 -3.4792328 -0.5770874
-9.33696 -3.4839935 -0.5199585
-9.20842 -3.4982758 -0.5175781
-9.046555 -3.576828 -0.49139404
-8.815659 -3.633957 -0.48425293
-8.63475 -3.5673065 -0.47473145
-8.4752655 -3.633957 -0.40808105
-8.420517 -3.6934662 -0.38427734
-8.349106 -3.8053436 -0.3961792
-8.196762 -3.864853 -0.50805664
-8.008713 -3.9505463 -0.39855957
-7.811142 -3.9981537 -0.2723999
-7.6707 -4.1243134 -0.13671875
-7.4683685 -4.2480927 0.25842285
-7.394577 -4.1766815 0.7416382
-7.3350677 -4.0481415 1.1201172
-7.3517303 -3.8577118 1.1105957
-7.4612274 -3.660141 0.8297119
-7.758774 -3.5625458 0.49169922
-8.24913 -3.5744476 0.15368652
-8.882309 -3.679184 -0.043884277
-9.52977 -3.898178 -0.04864502
-10.158188 -4.0219574 -0.1081543
-10.61998 -4.1457367 -0.11291504
-10.953232 -4.217148 -0.031982422
-11.138901 -4.3694916 -0.020080566
-11.243637 -4.5599213 0.0013427734
-11.236496 -4.8550873 0.022766113
-11.274582 -5.116928 -0.0914917
-11.350754 -5.4597015 -0.105773926
-11.379318 -5.559677 -0.0914917
-11.384079 -5.419235 -0.37713623
-11.467392 -5.1764374 -0.6937256
-11.888718 -5.0431366 -0.82702637
-12.626633 -4.9193573 -0.7984619
-13.528793 -5.0502777 -0.23431396
-14.14769 -5.559677 0.23223877
-13.945358 -6.3451996 0.6178589
-12.921799 -6.9283905 0.89398193
-11.576889 -6.8641205 1.1724854
-10.191513 -5.942917 0.9225464
-8.994186 -4.783676 0.60357666
-8.289597 -3.6506195 -0.00579834
-8.215805 -3.1174164 -0.6532593
-8.877548 -3.1364594 -1.3078613
-10.162949 -3.4316254 -2.0386353
-11.512619 -3.9791107 -2.5194702
-12.719467 -4.3052216 -3.0836182
-13.362167 -4.2671356 -3.3097534
-13.476425 -4.0481415 -3.4240112
-13.086044 -3.814865 -3.4240112
-12.690903 -3.6244354 -3.2835693
-12.452866 -3.4911346 -3.1359863
-12.307663 -3.3792572 -3.1502686
-12.219589 -3.4720917 -2.8884277
-12.041061 -3.5934906 -2.5837402
-11.855392 -3.7720184 -2.1552734
-11.614975 -3.9076996 -1.4173584
-11.319809 -3.686325 -1.2769165
-10.865158 -3.3863983 -1.5006714
-10.374802 -2.9579315 -1.6339722
-9.98204 -2.5532684 -1.7458496
-9.617844 -2.2223969 -1.767273
-9.191757 -1.9867401 -1.7815552
-8.7704315 -1.9724579 -1.8410645
-8.446701 -2.1509857 -1.8053589
-8.225327 -2.2985687 -1.5744629
-8.030136 -2.2914276 -1.581604
-8.015854 -2.3223724 -1.4602051
-8.063461 -2.3461761 -1.4125977
-8.1610565 -2.4390106 -1.4840088
-8.2443695 -2.569931 -1.6315918
-8.320541 -2.7675018 -1.6887207
-8.494308 -2.986496 -1.664917
-8.618088 -3.1864471 -1.7006226
-8.665695 -3.255478 -1.6054077
-8.713303 -3.1840668 -1.4697266
-8.75853 -3.0817108 -1.4054565
-8.927536 -2.8865204 -1.2721558
-9.227463 -2.6746674 -1.2269287
-9.715439 -2.5413666 -1.2792969
-10.231979 -2.486618 -1.5006714
-10.727097 -2.4842377 -1.710144
-10.986557 -2.3366547 -1.9910278
-11.098434 -2.2223969 -2.2124023
-10.984177 -2.0724335 -2.248108
-10.741379 -2.0533905 -2.1505127
-10.381943 -2.0867157 -2.100525
-10.055832 -2.0724335 -1.9624634
-9.91539 -2.0986176 -1.7006226
-10.177231 -1.9224701 -1.536377
-10.836594 -1.5773163 -1.68396
-11.719711 -1.2107391 -2.1124268
-12.4457245 -1.0702972 -2.5932617
-12.340988 -1.2512054 -2.9241333
-11.215073 -1.7986908 -2.7265625
-9.498825 -2.255722 -2.2195435
-7.73497 -2.6627655 -1.4816284
-6.444809 -2.9698334 -0.5794678
-5.7045135 -3.1102753 0.2536621
-5.6283417 -3.1745453 0.71307373
-6.2758026 -2.8960419 0.772583
-7.573105 -2.441391 0.31079102
-9.198898 -1.9367523 -0.5175781
-10.81279 -1.6511078 -1.2816772
-12.081528 -1.5749359 -1.7220459
-12.5457 -1.5582733 -1.7434692
-12.164841 -1.6963348 -1.6982422
-11.7530365 -1.8296356 -1.4506836
-11.524521 -2.1152802 -1.286438
-11.191269 -2.2509613 -1.5435181
-10.858017 -2.5532684 -1.517334
-10.460495 -2.6818085 -1.5292358
-10.086777 -2.7317963 -1.5268555
-9.715439 -2.774643 -1.2911987
-9.341721 -2.8889008 -1.119812
-8.915634 -3.0626678 -0.91748047
-8.639511 -3.2459564 -0.59375
-8.384811 -3.4601898 -0.084350586
-8.168198 -3.7029877 0.6749878
-7.913498 -3.8624725 1.3391113
-7.689743 -3.981491 1.5533447
-7.4755096 -3.9910126 1.5985718
-7.465988 -3.7767792 1.6080933
-7.6278534 -3.4459076 1.1391602
-7.8658905 -3.236435 0.5512085
-8.149155 -3.2602386 0.08465576
-8.451462 -3.6529999 -0.362854
-8.791855 -4.224289 -0.6270752
-9.134628 -4.981247 -0.36047363
-9.484543 -5.5501556 -0.17956543
-9.770187 -5.7620087 0.27746582
-9.893967 -5.473984 0.51312256
-9.879684 -5.1312103 0.8201904
-9.734482 -4.7908173 0.9439697
-9.589279 -4.5218353 1.0391846
-9.639267 -4.402817 1.1010742
-9.974899 -4.462326 1.0249023
-10.455734 -4.578964 0.8249512
-11.050827 -4.7670135 0.5274048
-11.638779 -5.0478973 0.40838623
-12.086288 -5.354965 0.3369751
-12.252914 -5.6453705 0.12988281
-12.181503 -5.866745 0.08703613
-11.952988 -6.021469 0.08227539
-11.695908 -5.988144 -0.017700195
-11.379318 -5.790573 -0.19146729
-11.217453 -5.45018 -0.48901367
-11.607834 -5.0883636 -0.7770386
-12.490952 -4.845566 -0.7437134
-13.621628 -4.955063 -0.35809326
-14.090561 -5.3002167 -0.2390747
-13.3502655 -5.552536 -0.362854
-11.833969 -5.476364 -0.27954102
-10.229599 -4.9526825 -0.1819458
-8.975143 -4.219528 -0.36999512
-8.380051 -3.5173187 -0.63897705
-8.534775 -2.8817596 -0.7937012
-9.494064 -2.781784 -0.8389282
-10.998459 -3.0460052 -0.9817505
-12.645676 -3.4173431 -1.3840332
-13.962021 -3.7577362 -1.9886475
-14.578537 -3.8624725 -2.4837646
-14.490463 -3.7315521 -2.678955
-13.804916 -3.448288 -2.5456543
-12.902756 -3.172165 -2.383789
-11.96727 -3.095993 -2.1433716
-11.243637 -3.088852 -2.081482
-10.719955 -3.2340546 -1.9172363
-10.265305 -3.519699 -1.6244507
-9.884445 -3.7648773 -1.1507568
-9.484543 -3.8672333 -0.96746826
-9.063217 -3.8672333 -0.7341919
-8.813278 -3.698227 -0.5175781
-8.658554 -3.3530731 -0.4295044
-8.534775 -3.069809 -0.4033203
-8.525253 -2.800827 -0.5437622
-8.43718 -2.596115 -0.907959
-8.325302 -2.5032806 -1.1507568
-8.208664 -2.4889984 -1.2531128
-8.027756 -2.448532 -1.2911987
-7.8777924 -2.4770966 -1.286438
-7.818283 -2.4175873 -1.286438
-7.8587494 -2.3866425 -1.2840576
-8.103928 -2.248581 -1.2269287
-8.549057 -2.229538 -1.2935791
-9.01561 -2.3271332 -1.434021
-9.3988495 -2.4532928 -1.5482788
-9.477402 -2.49852 -1.7601318
-9.301254 -2.4318695 -1.6815796
-8.984665 -2.2771454 -1.600647
-8.722824 -2.0557709 -1.3411865
-8.76091 -1.915329 -1.0079346
-9.125107 -1.8439178 -1.0793457
-9.753525 -1.851059 -1.0674438
-10.324814 -2.0153046 -1.1912231
-10.798508 -2.1343231 -1.5220947
-10.965134 -2.1938324 -1.6934814
-10.898483 -2.203354 -1.8886719
-10.691391 -2.2247772 -1.9696045
-10.317673 -2.293808 -1.8743896
-10.010605 -2.486618 -1.6506348
-9.801132 -2.6651459 -1.1412354
-9.920151 -2.5556488 -0.81988525
-10.719955 -2.415207 -0.98651123
-11.77446 -2.2247772 -1.6625366
-12.624252 -2.1224213 -2.4504395
-12.395737 -2.2985687 -2.8146362
-10.858017 -2.4961395 -2.512329
-8.834702 -2.7341766 -1.8981934
-7.113693 -2.9174652 -1.0031738
-6.0377655 -3.0721893 0.0013427734
-5.7164154 -3.14122 0.708313
-6.2043915 -2.9912567 0.9273071
-7.4731293 -2.5104218 0.3274536
-9.289352 -1.9462738 -0.78656006
-11.405502 -1.305954 -1.8410645
-13.162216 -0.8822479 -2.3933105
-13.788254 -0.73942566 -2.3718872
-13.309799 -0.8822479 -2.2005005
-12.595688 -1.5582733 -1.5506592
-11.979172 -1.9938812 -1.4721069
-11.462631 -2.3723602 -1.4030762
-10.808029 -2.7389374 -1.1888428
-10.122482 -2.876999 -1.0912476
-9.429794 -3.1293182 -1.0698242
-8.746628 -3.2126312 -0.9317627
-8.325302 -3.3340302 -0.90319824
-7.9682465 -3.512558 -0.76275635
-7.7825775 -3.5720673 -0.52471924
-7.7040253 -3.641098 -0.20098877
-7.6540375 -3.5911102 0.070373535
-7.651657 -3.4435272 0.32507324
-7.6230927 -3.1959686 0.39648438
-7.594528 -3.069809 0.4345703
-7.6230927 -2.8722382 0.45599365
-7.663559 -2.800827 0.37506104
-7.7516327 -2.8817596 0.20129395
-7.856369 -3.0745697 -0.039123535
-7.984909 -3.236435 -0.3057251
-8.05394 -3.4173431 -0.43426514
-8.049179 -3.5244598 -0.45568848
-8.165817 -3.5982513 -0.5366211
-8.222946 -3.6387177 -0.56518555
-8.358627 -3.7720184 -0.39141846
-8.453842 -3.9434052 -0.32476807
-8.560959 -4.0433807 -0.2319336
-8.653793 -4.129074 -0.09863281
-8.863266 -4.090988 0.032287598
-9.239365 -3.8862762 0.113220215
-9.748764 -3.7648773 0.1227417
-10.348618 -3.5863495 -0.10101318
-11.019882 -3.595871 -0.42712402
-11.612595 -3.7601166 -0.6175537
-12.133896 -3.9838715 -0.54138184
-12.402878 -4.352829 -0.3866577
-12.424301 -4.5813446 -0.24383545
-12.371933 -4.583725 -0.13671875
-12.252914 -4.3552094 -0.24859619
-12.107712 -3.8886566 -0.6699219
-12.171982 -3.4006805 -1.2554932
-12.705185 -3.115036 -1.6244507
-13.614487 -3.2316742 -1.498291
-14.411911 -3.8029633 -1.4268799
-14.447617 -4.55278 -1.3792725
-13.416916 -5.200241 -1.1293335
-11.767319 -5.295456 -0.91033936
-10.120102 -4.757492 -0.79608154
-8.820419 -4.129074 -0.71990967
-8.232468 -3.4506683 -0.741333
-8.50383 -2.9698334 -0.81274414
-9.627365 -2.762741 -1.0388794
-11.093674 -2.9460297 -1.3602295
-12.731369 -3.3102264 -1.5125732
-14.142929 -3.512558 -1.6791992
-14.826096 -3.486374 -2.1957397
-14.7356415 -3.307846 -2.3171387
-14.121506 -3.0817108 -2.3338013
-13.221725 -2.9008026 -2.338562
-12.376694 -2.8698578 -2.4266357
-11.543564 -2.9436493 -2.421875
-10.896103 -3.1745453 -2.3671265
-10.284348 -3.4316254 -2.4052124
-9.644028 -3.6958466 -2.2671509
-9.010849 -4.007675 -2.0838623
-8.368149 -4.2076263 -1.6101685
-7.7682953 -4.243332 -1.2412109
-7.292221 -4.300461 -0.81988525
-6.989914 -4.155258 -0.4937744
-6.797104 -4.0029144 -0.63897705
-6.6852264 -3.7553558 -1.2316895
-6.732834 -3.5244598 -2.0576782
-6.8470917 -3.6839447 -2.8527222
-7.073227 -4.3742523 -2.5789795
-7.6207123 -5.359726 -0.62945557
-8.196762 -5.8881683 0.5012207
-8.30864 -5.435898 -0.18432617
-8.263412 -4.469467 -1.0222168
-8.394333 -3.1745453 -1.6101685
-8.494308 -1.9557953 -1.9719849
-8.599045 -1.2726288 -2.2266846
-8.639511 -1.1869354 -2.2719116
-8.713303 -1.6320648 -2.0314941
-8.927536 -2.2223969 -1.7220459
-9.248886 -2.7389374 -1.2602539
-9.65593 -3.07695 -0.8817749
-10.04631 -3.0602875 -0.52233887
-10.384323 -2.6008759 -0.50805664
-10.667587 -2.0295868 -0.50567627
-10.979416 -1.5035248 -0.73657227
-11.0793915 -1.2083588 -1.2983398
-11.1436615 -1.1226654 -1.8791504
-11.281723 -1.3297577 -2.1029053
-11.255539 -1.5654144 -2.043396
-10.972275 -1.767746 -1.9029541
-10.562851 -1.9867401 -1.5244751
-10.348618 -2.0081635 -1.0769653
-10.87944 -1.9772186 -1.1674194
-12.102951 -1.9224701 -1.7387085
-13.295517 -2.0771942 -2.5765991
-13.578781 -2.4104462 -2.8527222
-12.329086 -2.8079681 -2.4099731
-10.198654 -3.1031342 -1.4673462
-8.099167 -3.2197723 -0.42474365
-6.561447 -3.0198212 0.71307373
-5.740219 -2.5270844 1.4438477
-5.7735443 -1.8701019 1.71521
-6.701889 -1.3368988 1.3272095
-8.382431 -0.9155731 0.40124512
-10.42955 -0.61564636 -0.66278076
-12.5099945 -0.64897156 -1.2626343
-13.785873 -1.0298309 -1.6625366
-13.981064 -1.2916718 -1.7196655
-13.557358 -1.5654144 -1.2888184
-12.798019 -1.5082855 -1.2602539
-11.826828 -1.3583221 -1.2554932
-10.769943 -1.3678436 -1.0650635
-9.834457 -1.4368744 -1.0983887
-9.160812 -1.6772919 -1.0222168
-8.679977 -2.0200653 -0.9484253
-8.306259 -2.3342743 -0.7341919
-8.039658 -2.6365814 -0.4961548
-7.694504 -2.8555756 -0.12957764
-7.439804 -2.993637 0.16558838
-7.227951 -3.0912323 0.4678955
-7.1779633 -3.0388641 0.66070557
-7.201767 -2.9246063 0.6226196
-7.368393 -2.8627167 0.51312256
-7.5850067 -2.81987 0.23223877
-7.746872 -2.8103485 -0.031982422
-7.882553 -2.9317474 -0.36761475
-7.970627 -3.1102753 -0.4295044
-8.027756 -3.3935394 -0.56518555
-8.072983 -3.5458832 -0.4866333
-8.170578 -3.6887054 -0.5342407
-8.322922 -3.7458344 -0.58184814
-8.444321 -3.9410248 -0.4295044
-8.50383 -4.136215 -0.35809326
-8.468124 -4.3932953 -0.35095215
-8.463364 -4.5289764 -0.27716064
-8.399094 -4.6884613 -0.11291504
-8.537155 -4.6908417 -0.17004395
-8.76091 -4.564682 -0.15100098
-9.263168 -4.443283 -0.22003174
-9.855881 -4.3290253 -0.3723755
-10.481918 -4.2480927 -0.4128418
-11.081772 -4.2219086 -0.47473145
-11.538803 -4.302841 -0.50805664
-11.938705 -4.4194794 -0.50805664
-12.079147 -4.557541 -0.53900146
-12.0672455 -4.5051727 -0.67944336
-11.84111 -4.3623505 -0.6508789
-11.498337 -4.171921 -0.85321045
-11.460251 -3.8838959 -1.1936035
-11.991074 -3.8862762 -1.3435669
-13.047958 -4.219528 -1.2126465
-14.259567 -4.6908417 -1.0031738
-14.671371 -5.4097137 -0.95318604
Time Stop = 1457234160
