Time Start = 1457234411
-1.2056122 -1.3749847 10.032227
-0.20585632 -1.7391815 9.725159
0.46064758 -0.93699646 9.784668
0.41542053 -0.122909546 9.720398
0.01789856 0.3174591 9.330017
-0.37010193 0.27223206 9.356201
-0.41532898 -0.099105835 9.587097
-0.332016 -0.44425964 9.679932
-0.077316284 -0.5537567 9.917969
0.008377075 -0.47520447 9.998901
0.0155181885 -0.30143738 9.948914
-0.1749115 -0.25144958 9.939392
-0.3153534 -0.30381775 9.948914
-0.37010193 -0.43473816 9.934631
-0.40104675 -0.5061493 9.934631
-0.36058044 -0.5156708 9.8394165
-0.36058044 -0.42759705 9.813232
-0.33439636 -0.33714294 9.7751465
-0.33677673 -0.24906921 9.694214
-0.33439636 -0.47520447 9.815613
-0.29393005 -0.613266 9.822754
-0.27012634 -0.6204071 9.79895
-0.25108337 -0.42521667 9.782288
-0.20109558 -0.20146179 9.815613
-0.18205261 -0.015792847 9.9227295
-0.14396667 0.15083313 10.046509
-0.29631042 0.16511536 10.146484
-0.4391327 0.024673462 10.434509
-0.6676483 8.69751E-4 10.420227
-0.8509369 0.32936096 10.563049
-0.9961395 0.61738586 10.63208
-1.0556488 0.79829407 11.043884
-1.0151825 0.93159485 11.410461
-0.8247528 1.0125275 11.996033
-0.45341492 0.80067444 12.519714
-0.23442078 0.6721344 12.779175
0.005996704 0.39839172 13.140991
0.1464386 -0.037216187 12.5911255
0.2606964 -0.8013153 12.372131
0.5415802 -1.4178314 12.034119
1.0295563 -1.8843842 11.884155
1.765091 -2.4009247 11.412842
2.2364044 -3.2126312 11.346191
2.6363068 -4.257614 11.234314
2.8148346 -5.2526093 10.965332
2.9600372 -5.5311127 10.508301
3.1004791 -5.3454437 9.958435
3.36232 -5.0288544 9.422852
3.914566 -4.928879 8.732544
4.5858307 -5.25737 8.396912
5.023819 -5.764389 8.430237
4.978592 -6.1857147 8.058899
4.8667145 -6.616562 7.342407
4.826248 -6.880783 6.506897
4.9428864 -6.8117523 5.616638
5.197586 -6.783188 4.9953613
5.3784943 -6.752243 5.326233
5.6046295 -6.7022552 5.7213745
5.7522125 -6.9283905 5.9403687
5.5451202 -7.142624 5.723755
5.280899 -6.9212494 4.7906494
5.1356964 -6.975998 3.8742065
4.947647 -7.014084 3.3624268
4.90242 -6.956955 3.1481934
4.90242 -6.8188934 2.9363403
4.7762604 -6.880783 2.3103027
4.4953766 -7.5948944 2.1270142
3.6408234 -8.501816 1.5366821
2.8767242 -8.744614 0.14654541
1.9936066 -8.475632 -0.36523438
1.303299 -7.6544037 -0.35809326
1.0605011 -6.904587 0.16320801
1.1223907 -6.740341 0.7797241
1.393753 -7.394943 1.3510132
1.6508331 -8.347092 1.8937378
1.6746368 -8.908859 2.4769287
1.3818512 -9.130234 3.2719727
0.86531067 -9.087387 3.7218628
0.35353088 -9.001694 3.9503784
-0.07255554 -8.9874115 3.8551636
-0.34391785 -9.29924 3.3171997
-0.59147644 -9.23259 3.0648804
-0.6700287 -8.9040985 2.7506714
-0.62242126 -9.111191 3.024414
-0.60575867 -9.23259 3.300537
-0.5962372 -9.23497 3.709961
-0.5034027 -9.163559 3.6385498
-0.60575867 -9.180222 3.5076294
-0.793808 -8.842209 3.2600708
-1.0604095 -8.72081 3.5980835
-1.3055878 -8.925522 3.876587
-1.3531952 -9.1349945 3.9170532
-1.19133 -9.277817 3.709961
-1.005661 -9.522995 3.876587
-0.922348 -9.318283 4.005127
-0.9818573 -9.020737 4.338379
-1.0389862 -9.184982 4.6692505
-1.0675507 -9.456345 5.135803
-1.0556488 -9.537277 5.5095215
-0.9509125 -9.494431 5.454773
-1.1484833 -9.444443 5.140564
-1.6578827 -9.62059 5.954651
-1.7792816 -10.470383 7.4971313
-0.64860535 -10.398972 5.7594604
0.10835266 -10.13237 5.602356
0.33924866 -10.306137 6.128418
0.2702179 -10.867905 4.459778
-0.31773376 -11.089279 4.904907
-0.54148865 -10.215683 4.9786987
0.2035675 -10.26329 4.962036
0.75105286 -10.146652 5.326233
0.75819397 -9.672958 5.654724
0.62727356 -9.118332 5.4333496
0.4915924 -8.356613 4.9977417
0.21308899 -8.413742 4.6835327
-0.20347595 -9.603928 4.716858
-0.65812683 -11.16069 4.942993
-0.7200165 -11.820053 5.211975
-0.50816345 -11.503464 5.723755
-0.23680115 -11.060715 5.961792
-0.18205261 -10.975021 5.961792
-0.17967224 -11.443954 5.6118774
-0.27726746 -12.024765 4.8811035
-0.31059265 -12.37944 4.583557
0.08930969 -12.020004 4.9501343
0.508255 -11.051193 5.250061
0.8605499 -10.51561 5.661865
1.0319366 -10.598923 5.749939
0.9533844 -10.858383 5.621399
0.77723694 -11.186874 5.5047607
0.8534088 -10.882187 5.2143555
1.2057037 -10.38945 5.166748
1.6912994 -10.008591 5.3309937
1.9293365 -9.74675 5.614258
1.9959869 -9.537277 5.4523926
1.9912262 -9.384933 5.1691284
2.0316925 -9.289719 5.012024
2.2006989 -8.861252 5.1191406
2.4101715 -8.5256195 5.1762695
2.733902 -8.109055 5.3238525
3.029068 -7.6710663 5.6428223
3.2385406 -7.4734955 5.526184
3.4789581 -7.4853973 5.4071655
3.6503448 -7.2568817 5.3309937
3.7146149 -7.078354 5.352417
3.638443 -7.0069427 5.088196
3.664627 -6.6070404 4.6954346
3.7455597 -6.2856903 5.159607
3.8026886 -5.6525116 4.8096924
4.1811676 -5.2621307 5.154846
4.6477203 -5.1383514 5.6118774
5.0142975 -5.090744 5.826111
5.397537 -5.1788177 6.4450073
5.683182 -5.3502045 6.899658
5.859329 -5.290695 6.899658
6.075943 -5.207382 6.6592407
6.178299 -5.38591 6.6449585
6.2211456 -5.1978607 6.373596
6.3496857 -5.06456 6.3497925
6.4901276 -4.7170258 6.2664795
6.552017 -4.2861786 6.502136
6.6115265 -3.9029388 7.1519775
6.5472565 -3.6958466 7.9160767
6.5591583 -3.2769012 8.008911
6.5591583 -2.9626923 7.5637817
6.6186676 -2.9507904 7.4019165
6.8090973 -2.9912567 7.4161987
6.9519196 -3.050766 7.482849
6.9447784 -3.172165 6.999634
6.8805084 -3.2697601 7.1591187
6.8281403 -2.8912811 7.3257446
6.735306 -2.1795502 7.694702
6.930496 -1.6511078 8.315979
7.1185455 -1.0393524 8.096985
7.242325 -0.85606384 7.4923706
7.2066193 -1.1250458 7.23053
7.0733185 -1.5320892 7.263855
6.9066925 -1.5535126 7.116272
6.866226 -1.2654877 6.649719
6.9114532 -1.0250702 6.673523
7.0352325 -0.9488983 7.063904
7.1685333 -0.60136414 7.032959
7.287552 -0.4156952 6.9020386
7.2923126 -0.33000183 6.8948975
7.192337 -0.36808777 6.704468
7.109024 -0.4561615 6.5616455
7.0233307 -0.67515564 6.809204
6.947159 -0.48234558 6.6330566
6.987625 -0.29429626 6.2474365
7.0233307 -0.11576843 6.185547
7.078079 0.17225647 5.911804
7.178055 0.43885803 5.7356567
7.0423737 0.6150055 5.6071167
6.923355 0.69117737 5.8356323
6.82576 0.94825745 5.69281
6.76149 1.0744171 5.6951904
6.6876984 1.1006012 5.704712
6.651993 1.1148834 5.5285645
6.647232 1.0696564 5.5023804
6.63295 1.0339508 5.383362
6.659134 1.0244293 5.3357544
6.6757965 1.2624664 5.3119507
6.6638947 1.6052399 5.185791
6.5782013 1.8670807 4.9834595
6.4829865 1.9956207 4.9786987
6.4329987 2.1170197 4.8882446
6.485367 2.1717682 4.633545
6.5091705 2.1670074 4.614502
6.56868 2.3003082 4.455017
6.5401154 2.4240875 4.466919
6.4948883 2.6168976 4.526428
6.385391 2.754959 4.397888
6.299698 2.7263947 4.447876
6.2973175 2.7763824 4.595459
6.3115997 2.6097565 4.7906494
6.3496857 2.5074005 4.8120728
6.404434 2.4764557 4.9501343
6.4782257 2.626419 4.79541
6.4758453 2.754959 4.545471
6.50679 2.902542 4.53833
6.5020294 3.0001373 4.6954346
6.50441 3.069168 4.7835083
6.5353546 3.0834503 4.8430176
6.5139313 3.0334625 4.928711
6.56868 2.9549103 4.743042
6.5924835 2.978714 4.7478027
6.628189 3.0263214 4.8668213
6.659134 3.1477203 4.8930054
6.7329254 3.119156 4.981079
6.6829376 3.0667877 4.904907
6.640091 3.1810455 4.838257
6.671036 3.3214874 4.7597046
6.6876984 3.3167267 4.8739624
6.7019806 3.1810455 5.0025024
6.651993 3.1620026 4.833496
6.6900787 3.1310577 4.7787476
6.69722 3.1477203 4.8858643
6.7852936 3.2024689 4.7858887
6.8162384 3.292923 4.9263306
6.7733917 3.1977081 5.283386
6.7900543 3.0858307 5.3928833
6.742447 3.0144196 5.4190674
6.718643 2.9001617 5.4523926
6.7138824 2.8549347 5.383362
6.7329254 2.9620514 5.2405396
6.775772 3.2119904 5.185791
6.8090973 3.3048248 5.107239
6.8305206 3.40242 4.9953613
6.7400665 3.4571686 5.0596313
6.609146 3.4619293 5.05011
6.544876 3.4690704 4.8120728
6.4115753 3.4357452 4.8477783
6.3163605 3.3738556 4.750183
6.31398 3.2453156 4.7716064
6.1997223 3.266739 5.012024
6.1687775 3.4095612 5.0215454
6.0592804 3.3905182 5.1429443
5.856949 3.3167267 5.0810547
5.6950836 3.281021 4.5597534
5.5736847 3.1953278 4.1503296
5.497513 2.9906158 4.050354
5.5451202 2.857315 4.133667
5.6760406 2.5526276 4.864441
5.7664948 2.5193024 5.1119995
5.826004 2.4502716 4.9691772
5.852188 2.266983 4.92157
5.826004 1.9432526 4.935852
5.856949 1.6909332 5.05011
5.961685 1.5552521 5.0096436
6.1354523 1.2577057 5.000122
6.2282867 0.94111633 5.140564
6.2401886 0.59358215 5.1239014
6.1687775 0.24128723 5.1167603
6.190201 0.14607239 5.211975
6.3020782 0.3007965 5.3619385
6.4115753 0.35554504 5.450012
6.587723 0.33888245 5.5238037
6.737686 0.21272278 5.6523438
6.8352814 -0.18955994 5.7261353
6.859085 -0.56565857 5.7404175
6.7519684 -0.84654236 5.8808594
6.7733917 -1.1345673 5.9974976
6.780533 -1.3726044 6.371216
6.718643 -1.3154755 6.2093506
6.840042 -1.3273773 5.9903564
6.9519196 -1.498764 6.14032
6.9138336 -1.851059 6.4331055
6.8090973 -2.0533905 6.6401978
6.678177 -2.2057343 6.647339
6.5662994 -2.4461517 6.373596
6.416336 -2.8055878 6.3307495
6.3949127 -3.2078705 6.4783325
6.5282135 -3.5601654 6.4140625
6.692459 -3.807724 6.26886
6.7781525 -4.024338 6.521179
6.9376373 -4.3361664 7.3305054
6.8733673 -4.405197 7.7423096
6.8043365 -4.4147186 7.4400024
6.552017 -4.4789886 7.0877075
6.50441 -4.662277 6.4830933
6.473465 -5.0288544 6.33313
6.5615387 -5.416855 6.46167
6.5996246 -5.9143524 7.218628
6.537735 -6.438034 7.7851563
6.254471 -6.885544 8.056519
5.883133 -7.135483 7.6637573
5.511795 -7.4401703 7.130554
5.3880157 -7.4235077 6.730652
5.523697 -7.05217 6.666382
5.7450714 -6.6451263 6.621155
5.7712555 -6.407089 6.521179
5.6165314 -6.5546722 5.9141846
5.22139 -7.7353363 5.9570313
4.690567 -8.835068 5.826111
4.2954254 -9.68248 5.8689575
4.1026154 -9.982407 6.325989
4.1597443 -9.572983 6.8258667
4.2573395 -8.59465 6.5616455
4.535843 -7.4687347 5.697571
4.804825 -7.040268 5.2000732
4.7262726 -7.5901337 5.0358276
4.426346 -8.604172 5.352417
4.25972 -9.227829 5.7546997
4.1883087 -9.258774 6.0617676
4.081192 -8.861252 6.3164673
3.7979279 -8.777939 6.3378906
3.517044 -8.811264 5.88562
3.4123077 -8.639877 5.614258
3.4837189 -8.328049 5.526184
3.6241608 -8.316147 5.545227
3.7455597 -8.218552 5.5856934
3.766983 -8.451828 5.8689575
3.4384918 -8.804123 5.9213257
3.029068 -8.775558 6.0165405
2.836258 -8.468491 5.659485
2.733902 -8.46373 5.390503
2.8267365 -8.420883 5.223877
3.0052643 -8.259018 4.8477783
2.971939 -8.070969 5.007263
2.8981476 -8.132858 5.288147
2.7838898 -8.351852 5.7404175
2.7815094 -8.570847 6.287903
2.5720367 -8.754135 6.0879517
2.3768463 -8.825546 5.7713623
2.2840118 -8.701767 5.633301
2.3911285 -8.430405 5.930847
2.4244537 -8.092392 5.9070435
2.291153 -7.918625 5.9332275
2.0578766 -7.990036 5.6832886
1.9031525 -7.990036 5.454773
1.8793488 -8.178085 5.6237793
1.8007965 -8.713669 5.661865
1.6365509 -9.396835 5.976074
1.560379 -9.734848 6.178406
1.5556183 -9.270676 6.0427246
1.5056305 -8.625595 5.569031
1.5675201 -8.518478 5.56427
1.7436676 -8.187607 5.552368
1.7984161 -8.023361 5.840393
1.8722076 -7.9852753 5.928467
1.9745636 -8.27092 5.8880005
2.048355 -8.175705 5.673767
2.131668 -8.023361 5.6380615
2.1388092 -7.9019623 5.7666016
2.1649933 -7.8662567 5.8999023
2.1840363 -7.970993 6.230774
2.048355 -8.032883 6.083191
1.7960358 -7.963852 5.7856445
1.6960602 -7.785324 5.576172
1.6984406 -7.6353607 5.2905273
1.772232 -7.740097 5.3357544
1.810318 -8.020981 5.3762207
1.8722076 -8.344711 5.5595093
1.9150543 -8.220932 5.833252
1.9626617 -7.990036 5.8999023
1.9721832 -8.251877 5.8880005
1.9150543 -8.5256195 5.7737427
1.9150543 -8.532761 5.5285645
2.0340729 -8.447067 5.4523926
2.0293121 -8.218552 5.480957
2.0459747 -8.066208 5.5404663
2.0459747 -8.20665 5.6571045
1.9459991 -8.511337 5.928467
1.855545 -8.730331 5.8165894
1.8769684 -8.832687 5.569031
1.8388824 -8.704147 5.3690796
1.829361 -8.554184 5.397644
1.8246002 -8.539902 5.5880737
1.9412384 -8.732712 5.7666016
1.8722076 -9.1349945 5.9855957
1.9198151 -9.201645 5.833252
2.0626373 -8.958847 5.4571533
1.9983673 -8.858871 8.304077
2.9171906 -9.880051 4.942993
1.6889191 -9.784836 5.699951
1.7793732 -8.054306 5.616638
2.2292633 -8.178085 6.026062
2.6410675 -8.844589 6.033203
2.2625885 -8.994553 5.7904053
1.7960358 -8.758896 5.4833374
1.791275 -8.454208 5.204834
1.8412628 -8.123337 5.235779
1.8793488 -7.95195 5.5547485
1.8436432 -8.059067 5.8165894
1.7817535 -8.706528 5.5047607
1.7032013 -9.046921 5.5809326
1.4437408 -8.775558 5.223877
1.2485504 -8.325668 5.2286377
1.2485504 -8.232834 5.302429
1.5484772 -8.297104 5.526184
1.6056061 -8.439926 6.0308228
1.496109 -8.299484 6.161743
1.3056793 -8.161423 6.20459
1.1842804 -8.228073 6.5283203
1.0557404 -8.163803 6.178406
0.91529846 -8.2114105 6.007019
1.0009918 -8.242355 6.07605
0.9105377 -8.180466 5.6190186
0.7819977 -8.266159 5.583313
0.5749054 -8.508957 6.3807373
0.24641418 -8.33757 6.3378906
-0.11778259 -8.406601 6.230774
-0.21537781 -8.501816 5.8689575
-0.31773376 -8.292343 5.6523438
-0.25346375 -8.39946 5.7523193
0.0012359619 -7.9947968 5.1881714
-0.034469604 -8.213791 5.595215
0.07978821 -8.166183 6.121277
-0.11540222 -8.011459 6.6259155
-0.6367035 -8.201889 6.7354126
-1.1246796 -8.497055 6.328369
-1.5579071 -8.504196 5.549988
-2.0244598 -7.9924164 4.6811523
-2.364853 -7.3759003 4.7644653
-2.371994 -7.3854218 5.2476807
-1.9911346 -8.113815 5.378601
-1.5460052 -8.889816 5.2643433
-1.2056122 -9.3658905 4.864441
-1.0223236 -9.568222 4.678772
-1.0556488 -9.399216 4.6621094
-0.85331726 -9.227829 4.3693237
-0.627182 -9.156418 4.762085
-0.22013855 -9.04216 4.500244
-0.07493591 -8.873154 4.743042
0.096450806 -8.501816 4.7335205
0.053604126 -8.549423 5.321472
0.24641418 -8.285202 4.9572754
0.5749054 -8.159042 4.7382813
1.0319366 -7.975754 4.8358765
1.5056305 -8.011459 5.2524414
1.9840851 -7.9852753 5.154846
2.419693 -8.251877 5.064392
2.6220245 -8.094772 4.5811768
2.8672028 -7.804367 4.614502
3.176651 -7.2306976 4.7906494
3.7074738 -6.7998505 4.9382324
4.2501984 -6.892685 5.1453247
4.592972 -7.1711884 5.2857666
4.735794 -7.5377655 5.1239014
4.554886 -8.042404 5.211975
4.088333 -8.432785 5.4785767
3.728897 -8.439926 5.2595825
3.574173 -8.368515 4.9644165
3.8360138 -8.123337 5.038208
4.4501495 -7.975754 5.2738647
5.080948 -7.6996307 4.7406616
5.5927277 -7.5948944 4.462158
5.7831573 -7.2045135 4.9525146
5.711746 -6.840317 5.2524414
5.3546906 -6.740341 5.6571045
4.864334 -7.0497894 6.7782593
4.3144684 -7.4401703 7.2043457
3.7550812 -8.180466 6.980591
3.4051666 -8.935043 6.6949463
3.202835 -9.29686 6.2807617
3.1528473 -9.346848 6.0213013
3.1409454 -9.332565 5.7523193
3.214737 -9.461105 5.749939
3.2932892 -9.687241 5.871338
3.369461 -10.032394 6.01178
3.5003815 -10.410873 6.20697
3.4765778 -10.508469 6.8639526
3.3147125 -9.908615 7.528076
3.1814117 -9.154037 7.713745
2.9862213 -8.516098 7.380493
2.7577057 -7.8638763 6.9972534
2.298294 -7.2997284 6.347412
1.772232 -7.168808 5.859436
1.0009918 -7.6591644 5.845154
0.23451233 -8.320908 5.935608
-0.18443298 -8.754135 5.8570557
-0.4557953 -8.768417 5.9189453
-0.4724579 -8.470871 6.071289
-0.22489929 -8.099533 6.283142
0.06312561 -7.8067474 6.5092773
0.3035431 -7.5639496 6.8187256
0.57014465 -7.5115814 6.9520264
0.7082062 -7.7829437 7.1138916
0.8129425 -7.937668 7.1186523
0.8129425 -8.14238 6.956787
Time Stop = 1457234415
