Time Start = 1457234472
-3.0432587 -3.6172943 8.992004
-3.1503754 -3.4887543 8.8515625
-2.705246 -3.512558 8.715881
-2.314865 -3.345932 8.987244
-2.2339325 -3.3054657 9.339539
-2.4505463 -3.5649261 9.444275
-2.6743011 -4.0100555 9.149109
-2.936142 -4.3385468 8.96582
-2.955185 -4.2266693 8.908691
-2.8123627 -3.9529266 9.058655
-2.5100555 -3.7601166 9.101501
-2.352951 -3.6910858 8.982483
-2.3767548 -3.6434784 8.908691
-2.5076752 -3.7672577 8.920593
-2.5719452 -3.8362885 8.939636
-2.6457367 -3.7958221 9.03009
-2.5600433 -3.807724 8.994385
-2.5433807 -3.750595 9.09436
-2.5814667 -3.7125092 9.099121
-2.6195526 -3.6649017 9.120544
-2.5909882 -3.6910858 9.03009
-2.6147919 -3.6887054 9.044373
-2.6171722 -3.84581 9.02533
-2.6147919 -4.071945 9.070557
-2.6171722 -4.071945 8.951538
-2.679062 -3.9695892 8.949158
-2.6266937 -3.750595 8.951538
-2.4981537 -3.679184 9.049133
-2.4196014 -3.6744232 9.03009
-2.4719696 -3.7006073 9.001526
-2.557663 -3.6315765 9.032471
-2.6052704 -3.698227 9.022949
-2.621933 -3.7767792 9.130066
-2.6171722 -3.8029633 9.108643
-2.6385956 -3.7148895 9.099121
-2.6576385 -3.6696625 9.127686
-2.6528778 -3.6268158 9.170532
-2.595749 -3.6506195 9.096741
-2.5814667 -3.6006317 9.051514
-2.5886078 -3.6363373 8.968201
-2.6195526 -3.7482147 8.984863
-2.629074 -3.9457855 8.96106
-2.648117 -4.0790863 8.968201
-2.724289 -4.026718 8.970581
-2.693344 -3.9410248 9.058655
-2.60289 -3.891037 9.041992
-2.5243378 -3.8410492 9.011047
-2.557663 -3.724411 9.044373
-2.531479 -3.6934662 8.942017
-2.5624237 -3.8600922 9.03009
-2.6338348 -3.8029633 8.980103
-2.6552582 -3.743454 9.013428
-2.6362152 -3.7529755 9.051514
-2.5909882 -4.0029144 9.106262
-2.648117 -4.071945 8.968201
-2.7219086 -3.9386444 8.925354
-2.6957245 -3.8577118 8.989624
-2.693344 -3.84581 8.956299
-2.679062 -3.8815155 8.9158325
-2.66716 -3.7553558 9.001526
-2.693344 -3.724411 8.96582
-2.73143 -3.7553558 9.075317
-2.8004608 -3.743454 9.063416
-2.788559 -3.7553558 9.151489
-2.7980804 -3.633957 9.234802
-2.7528534 -3.5601654 9.206238
-2.693344 -3.403061 9.161011
-2.6100311 -3.3554535 9.201477
-2.6433563 -3.364975 9.272888
-2.7814178 -3.9338837 9.301453
-2.8480682 -4.5051727 9.080078
-2.8575897 -4.595627 8.777771
-2.8409271 -4.198105 8.718262
-2.8218842 -3.9410248 8.777771
-2.7147675 -3.6291962 9.032471
-2.6338348 -3.557785 9.751343
-2.5886078 -4.0362396 10.498779
-2.8290253 -4.7931976 10.677307
-3.193222 -5.359726 10.329773
-3.8335419 -6.0309906 10.125061
-4.169174 -6.3951874 9.884644
-4.219162 -6.4523163 10.129822
-3.912094 -6.0762177 10.682068
-3.3360443 -5.5549164 10.727295
-2.7599945 -5.2216644 10.984375
-2.1649017 -4.976486 11.070068
-1.6674042 -4.7098846 11.086731
-1.0389862 -4.9074554 11.536621
-0.43437195 -5.224045 12.072205
-0.9390106 -4.93602 12.562561
-1.4555511 -4.4908905 12.203125
-1.7031097 -4.012436 11.943665
-1.4983978 -3.667282 11.938904
-0.8842621 -3.14122 11.581848
-0.18681335 -2.7770233 11.52948
0.3511505 -2.5865936 11.891296
0.68440247 -2.5865936 12.04364
0.75105286 -2.8293915 11.948425
0.59632874 -3.0912323 11.805603
0.3844757 -3.217392 11.867493
0.10121155 -3.20549 12.336426
0.04408264 -2.793686 12.286438
0.15357971 -2.1581268 11.993652
0.360672 -1.5439911 11.729431
0.47731018 -0.95365906 11.172424
0.6582184 -0.64897156 10.812988
0.7320099 -0.613266 10.786804
0.66059875 -0.9108124 11.110535
0.47254944 -1.0679169 10.948669
0.33448792 -1.0226898 10.651123
0.24641418 -0.68943787 10.367859
0.19404602 -0.16337585 10.101257
0.2035675 0.098464966 9.994141
0.35353088 0.41267395 9.744202
0.48921204 0.7292633 9.629944
0.58680725 1.0268097 9.620422
0.5153961 1.2434235 9.615662
0.43684387 1.4195709 9.41095
0.37495422 1.4052887 9.013428
0.38685608 1.2910309 8.701599
0.32258606 0.9934845 8.682556
0.29164124 0.82447815 8.613525
0.1869049 0.9125519 8.363586
0.13691711 1.252945 8.51593
0.08216858 1.721878 8.680176
0.08216858 2.1622467 8.701599
0.117874146 2.5121613 8.44928
0.115493774 2.8263702 8.146973
0.08692932 2.9668121 7.7803955
0.08454895 3.1572418 7.6899414
0.1131134 3.1477203 7.520935
0.13691711 2.9953766 7.3067017
0.17738342 2.9049225 7.0948486
0.28926086 3.0739288 6.980591
0.3035431 3.40242 7.1210327
0.3368683 3.8689728 6.9663086
0.38685608 4.345047 6.763977
0.33924866 4.6997223 6.604492
0.25593567 4.947281 6.456909
0.26545715 5.094864 6.290283
0.35591125 5.2019806 6.2022095
0.4011383 5.2781525 6.083191
0.4582672 5.428116 5.828491
0.41542053 5.5019073 5.576172
0.3773346 5.4138336 5.3309937
0.36305237 5.428116 5.17865
0.43208313 5.4519196 5.023926
0.48921204 5.5423737 4.85968
0.5320587 5.737564 5.0358276
0.5177765 5.756607 5.3048096
0.43208313 5.639969 5.4904785
0.277359 5.461441 5.4571533
0.25117493 5.401932 5.390503
0.26545715 5.3424225 5.345276
0.32258606 5.461441 5.4642944
0.41304016 5.5733185 5.6190186
0.4844513 5.7280426 5.6428223
0.44874573 5.9398956 5.5595093
0.42256165 6.097 5.4452515
0.30830383 6.1327057 5.397644
0.26307678 6.22316 5.2738647
0.3202057 6.22316 5.2667236
0.37495422 6.1636505 5.326233
0.43922424 6.0922394 5.4381104
0.51301575 6.077957 5.450012
0.46302795 6.0946198 5.5285645
0.41542053 6.2136383 5.697571
0.38209534 6.4326324 5.8165894
0.35829163 6.565933 5.8808594
0.4416046 6.7158966 5.878479
0.56062317 6.7230377 5.8951416
0.6082306 6.8111115 5.8760986
0.62727356 6.7992096 5.8189697
0.57966614 6.8253937 5.916565
0.57728577 6.7016144 5.9713135
0.50587463 6.7016144 5.961792
0.50349426 6.6706696 5.9213257
0.52253723 6.7277985 6.0165405
0.5415802 6.7420807 6.1046143
0.5344391 6.8372955 6.1950684
0.6010895 6.820633 6.354553
0.62727356 6.770645 6.283142
0.56062317 6.834915 6.180786
0.61061096 6.7658844 6.2855225
0.5558624 6.6563873 6.3878784
0.6082306 6.5873566 6.3807373
0.6725006 6.6111603 6.2141113
0.6486969 6.6325836 6.2545776
0.6725006 6.615921 6.3450317
0.674881 6.6516266 6.352173
0.6725006 6.642105 6.26886
0.6986847 6.6778107 6.1974487
0.68440247 6.6516266 6.230774
0.7296295 6.4826202 6.33313
0.79151917 6.461197 6.309326
0.8557892 6.456436 6.256958
0.9224396 6.494522 6.2998047
0.86769104 6.5468903 6.354553
0.7962799 6.642105 6.2736206
0.7819977 6.725418 6.2212524
0.80104065 6.8444366 6.116516
0.86769104 6.8896637 6.276001
0.96528625 6.9348907 6.347412
1.0247955 6.9729767 6.4021606
1.0652618 6.9063263 6.435486
1.0366974 6.8491974 6.423584
0.95814514 6.7158966 6.437866
0.9129181 6.577835 6.5687866
0.8772125 6.4850006 6.5426025
0.8438873 6.494522 6.4830933
0.91767883 6.6111603 6.3974
0.91767883 6.751602 6.5092773
0.93196106 6.877762 6.4021606
0.86769104 6.9325104 6.3974
0.8438873 6.813492 6.373596
0.91767883 6.6754303 6.2664795
0.9462433 6.468338 6.27124
0.9629059 6.3517 6.290283
0.970047 6.2993317 6.4069214
1.0128937 6.249344 6.4331055
0.951004 6.2326813 6.3974
0.9771881 6.256485 6.437866
1.0081329 6.2612457 6.473572
1.015274 6.3683624 6.442627
1.015274 6.4730988 6.4711914
1.098587 6.4730988 6.4973755
1.0843048 6.582596 6.4283447
1.0771637 6.5159454 6.4140625
1.0319366 6.487381 6.4402466
0.951004 6.4516754 6.578308
0.88197327 6.442154 6.711609
0.9391022 6.4826202 6.7401733
0.9676666 6.454056 6.775879
1.0009918 6.4730988 6.852051
1.0795441 6.4397736 6.821106
1.0319366 6.5278473 6.8187256
1.0176544 6.5230865 6.78302
0.9272003 6.539749 6.775879
0.86769104 6.551651 6.623535
0.8058014 6.5040436 6.5949707
0.7986603 6.499283 6.4711914
0.8367462 6.3993073 6.4402466
0.8962555 6.320755 6.3997803
0.9200592 6.2517242 6.321228
0.8486481 6.2160187 6.1331787
0.76057434 6.1184235 5.999878
0.5487213 6.0303497 5.859436
0.42494202 5.9470367 5.7475586
0.32496643 5.8732452 5.552368
0.32258606 5.801834 5.4143066
0.37257385 5.7280426 5.3762207
0.5249176 5.77565 5.340515
0.62965393 5.744705 5.4381104
0.49873352 5.6066437 5.485718
0.34877014 5.525711 5.3476563
0.0393219 5.3305206 5.1191406
-0.27726746 5.1996 5.004883
-0.5105438 5.1900787 4.9906006
-0.68907166 5.26149 5.231018
-0.543869 5.2710114 5.3357544
-0.17729187 5.1876984 5.69281
0.12263489 5.1115265 5.9641724
0.29640198 4.9782257 6.116516
0.26783752 4.8758698 6.154602
0.07026672 4.7973175 6.0213013
-0.2891693 4.594986 6.256958
-0.50102234 4.480728 6.4069214
-0.37010193 4.152237 6.621155
-0.039230347 3.7523346 6.78302
0.30830383 3.4309845 6.994873
0.5653839 3.2905426 7.3566895
0.70106506 3.2786407 7.656616
0.64393616 3.3738556 7.835144
0.6344147 3.440506 7.923218
0.78437805 3.2619781 7.9327393
1.1081085 3.0453644 8.294556
1.6389313 2.9311066 8.713501
2.0793 2.8073273 9.1657715
2.3887482 2.9477692 9.365723
2.3506622 3.1286774 9.391907
1.9817047 3.2191315 9.370483
1.393753 3.0763092 9.139587
1.0414581 2.6883087 8.858704
0.95814514 1.9289703 9.02533
1.1152496 1.0696564 9.2229
1.2699738 0.42933655 9.227661
1.3437653 -0.053878784 9.403809
1.2675934 -0.16575623 9.456177
1.0366974 -0.06816101 9.320496
0.7248688 0.21272278 9.175293
0.42256165 0.44599915 8.989624
0.38923645 0.3841095 8.96344
0.50349426 -0.15861511 8.984863
0.8129425 -0.9560394 8.839661
1.0557404 -1.8439178 8.684937
1.1414337 -2.6937103 8.692078
1.0176544 -3.4459076 8.592102
0.8534088 -3.6649017 8.399292
0.7558136 -3.7006073 8.294556
0.8058014 -3.3816376 8.504028
0.9438629 -2.8674774 8.477844
1.1890411 -2.4342499 8.280273
1.4842072 -2.1343231 8.373108
1.7032013 -2.1319427 8.763489
1.7579498 -2.460434 9.253845
1.496109 -3.0102997 9.296692
1.1438141 -3.550644 8.5373535
0.72010803 -4.050522 8.25885
0.3844757 -4.5599213 8.968201
0.2868805 -4.8693695 9.665649
0.4844513 -4.9717255 9.663269
0.7534332 -4.6884613 9.763245
1.0462189 -4.3052216 10.129822
1.1104889 -3.917221 10.544006
0.886734 -4.064804 11.098633
0.40589905 -4.55278 12.053162
-0.16777039 -5.1931 12.243591
-0.5771942 -5.4858856 12.081726
-0.77952576 -5.526352 12.219788
-0.6295624 -5.102646 13.367126
0.129776 -5.059799 15.161926
1.3199615 -5.8072357 16.428284
2.419693 -6.226181 16.754395
2.8576813 -6.5356293 17.768433
2.317337 -6.6903534 18.294495
0.91529846 -6.252365 16.568726
-0.88664246 -5.816757 14.302612
-2.871872 -4.74321 11.424744
-4.0358734 -3.9243622 8.90155
-4.6976166 -3.07695 7.8256226
-4.5809784 -2.6484833 8.139832
-3.7359467 -2.5485077 8.639709
-2.5624237 -2.7151337 8.701599
-1.7078705 -2.986496 8.499268
-1.2103729 -2.974594 8.1922
-1.300827 -2.9793549 8.101746
-1.8197479 -3.0602875 8.046997
-2.4648285 -3.4459076 7.8565674
-2.9385223 -4.1695404 7.6637573
-3.064682 -5.1645355 7.649475
-2.9051971 -6.0547943 7.87323
-2.6457367 -6.6451263 8.489746
-2.4338837 -6.8141327 9.344299
-2.1315765 -6.528488 9.725159
-1.9816132 -5.764389 9.615662
-1.9006805 -4.897934 9.184814
-1.929245 -4.2457123 9.065796
-1.9316254 -3.852951 9.2229
-1.781662 -3.7482147 9.510925
-1.6245575 -4.005295 9.615662
-1.51268 -4.262375 9.439514
-1.6507416 -4.80748 9.065796
-1.8506927 -5.4644623 8.970581
-1.9863739 -5.83342 8.732544
-1.9887543 -5.566818 8.496887
-1.9411469 -5.019333 8.599243
-1.8411713 -4.429001 8.7682495
-1.6436005 -3.948166 8.875366
-1.4793549 -3.750595 8.996765
-1.4269867 -3.641098 8.989624
-1.51268 -3.7529755 8.956299
-1.698349 -4.057663 8.956299
-1.8744965 -4.6313324 9.053894
-2.0744476 -4.9645844 8.863464
-2.2101288 -5.2859344 8.749207
-2.3101044 -5.552536 8.870605
-2.3696136 -5.264511 8.727783
-2.3553314 -4.764633 8.784912
-2.2601166 -4.224289 9.02771
-1.9792328 -3.7958221 9.170532
-1.8316498 -3.5411224 9.196716
-1.6864471 -3.5554047 9.161011
-1.743576 -3.9457855 9.130066
-1.8721161 -4.3099823 8.9158325
-2.0482635 -4.724167 8.892029
-2.2101288 -4.9145966 8.806335
-2.2934418 -5.0026703 8.889648
-2.2910614 -4.783676 8.9158325
-2.186325 -4.3552094 8.96582
-2.0482635 -4.0743256 8.932495
-1.9625702 -3.936264 9.044373
-1.9435272 -3.9148407 9.003906
-2.0030365 -3.9719696 9.227661
-2.0292206 -4.012436 9.394287
-2.1529999 -4.352829 9.187195
-2.205368 -4.7717743 9.020569
-2.2577362 -5.1264496 8.889648
-2.2553558 -5.109787 8.7872925
-2.2077484 -4.781296 8.734924
-2.0268402 -4.3361664 8.887268
-1.7983246 -3.9600677 8.970581
-1.5983734 -3.7339325 9.03009
-1.5293427 -3.6434784 9.001526
-1.5602875 -3.6934662 8.927734
-1.7388153 -3.9576874 8.951538
-1.8959198 -4.2457123 8.9348755
-2.0006561 -4.557541 8.880127
-2.0458832 -4.769394 9.037231
-2.0435028 -4.6717987 8.96106
-2.0530243 -4.326645 8.9158325
-2.1077728 -4.1052704 8.825378
-2.0673065 -3.9791107 9.09198
-2.019699 -3.84581 9.172913
-2.0363617 -3.9648285 9.118164
-2.0458832 -3.8481903 9.196716
-2.1553802 -3.7934418 9.189575
-2.1458588 -3.936264 9.249084
-2.0720673 -4.2457123 9.2300415
-2.0673065 -4.519455 8.946777
-2.1196747 -4.700363 8.977722
-2.1363373 -4.6527557 8.96582
-2.069687 -4.2290497 8.989624
-1.9530487 -3.9767303 8.992004
-1.8721161 -3.917221 9.013428
-1.8530731 -3.852951 9.103882
-1.8411713 -3.8672333 8.958679
-1.8887787 -3.8862762 9.09198
-2.0030365 -4.0219574 9.001526
-2.0554047 -4.2599945 8.968201
-2.0720673 -4.4718475 8.956299
-2.1077728 -4.6313324 9.070557
-2.1458588 -4.55278 9.134827
-2.179184 -4.5218353 8.796814
-2.1696625 -4.409958 8.858704
-2.103012 -4.076706 8.9348755
-1.9720917 -3.7363129 9.189575
-1.8602142 -3.7601166 9.115784
-1.8078461 -4.0362396 9.001526
-1.8887787 -4.0862274 9.077698
-1.9268646 -4.171921 9.018188
-2.0220795 -4.300461 8.951538
-2.0363617 -4.590866 8.96106
-2.0934906 -4.576584 9.02533
-2.0339813 -4.383774 9.001526
-1.993515 -4.348068 8.877747
-1.9887543 -4.193344 8.908691
-1.948288 -3.8791351 9.087219
-1.910202 -3.622055 9.120544
-1.8887787 -3.929123 9.058655
-1.910202 -4.1171722 9.168152
-2.0077972 -4.2718964 8.968201
-2.0792084 -4.5884857 9.011047
-2.1958466 -4.9455414 8.90155
-2.2101288 -4.9788666 8.822998
-2.1553802 -4.628952 8.868225
-2.050644 -4.2338104 8.927734
-1.9054413 -3.993393 8.918213
-1.7530975 -3.9053192 8.970581
-1.7054901 -3.6815643 9.191956
-1.7721405 -3.7934418 9.084839
-1.9221039 -3.9886322 9.111023
-1.9625702 -4.3099823 9.032471
-2.1434784 -4.7146454 9.065796
-2.1815643 -4.7931976 8.944397
-2.2148895 -4.4980316 9.003906
-2.1268158 -4.269516 8.818237
-2.0339813 -3.9576874 9.018188
-1.9125824 -3.6172943 9.120544
-1.8673553 -3.4387665 9.151489
-1.8578339 -3.6506195 9.172913
-1.9435272 -3.826767 9.09436
-2.038742 -4.1504974 9.101501
-2.057785 -4.3575897 8.975342
-2.1434784 -4.7789154 8.980103
-2.205368 -4.833664 9.056274
-2.1458588 -4.6051483 8.789673
-2.0744476 -4.436142 8.796814
-2.0173187 -4.0338593 8.951538
-1.929245 -3.7077484 9.175293
-1.8506927 -3.5101776 9.246704
-1.7840424 -3.569687 9.15387
-1.8316498 -3.8172455 9.058655
-1.9578094 -3.993393 9.008667
-2.0006561 -4.1957245 9.032471
-2.038742 -4.383774 8.989624
-2.122055 -4.7479706 9.003906
-2.1529999 -4.8550873 8.872986
-2.1172943 -4.493271 8.89917
-2.133957 -4.3171234 8.825378
-2.0458832 -4.0290985 9.046753
-1.9578094 -3.698227 9.227661
-1.8364105 -3.5744476 9.249084
-1.8387909 -3.7458344 9.2300415
-1.8387909 -3.9600677 9.096741
-1.9459076 -4.1504974 8.972961
-2.0649261 -4.398056 9.032471
-2.1291962 -4.583725 8.994385
-2.167282 -4.6122894 8.989624
-2.1268158 -4.4266205 8.96106
-2.0911102 -4.3575897 8.89917
-2.0435028 -4.1171722 9.037231
-1.974472 -3.7029877 9.139587
-1.8935394 -3.6077728 9.170532
-1.8530731 -3.7529755 9.103882
-1.8578339 -4.03862 9.084839
-1.9268646 -4.250473 8.913452
-2.0244598 -4.500412 8.992004
-2.1125336 -4.840805 9.058655
-2.122055 -4.750351 8.982483
-2.1053925 -4.5242157 8.742065
Time Stop = 1457234477
