Time Start = 1457234348
-1.8149872 -0.53471375 9.753723
-1.9625702 -1.915329 8.927734
-1.5412445 -2.1319427 8.527832
-0.76524353 -1.434494 9.077698
-0.058273315 -0.760849 9.977478
0.4416046 -0.39427185 10.286926
0.57014465 -0.5537567 10.303589
0.42494202 -0.9179535 10.201233
-0.02494812 -1.184555 10.013184
-0.45817566 -1.2012177 9.772766
-0.7176361 -1.0155487 9.727539
-0.7533417 -0.7751312 9.701355
-0.59861755 -0.68943787 9.772766
-0.33677673 -0.64183044 9.934631
-0.2320404 -0.68943787 9.963196
-0.26060486 -0.6870575 10.1203
-0.42723083 -0.61802673 10.096497
-0.64860535 -0.52757263 10.05365
-0.7509613 -0.46806335 9.963196
-0.68907166 -0.5537567 9.79895
-0.5224457 -0.6632538 9.784668
-0.32011414 -0.90605164 9.791809
-0.22966003 -0.9417572 9.856079
-0.1749115 -0.79655457 9.837036
-0.2725067 -0.5608978 9.872742
-0.32487488 -0.39189148 9.713257
-0.4391327 -0.22764587 9.696594
-0.44151306 -0.14909363 9.558533
-0.50816345 -0.027694702 9.741821
-0.5533905 0.14845276 9.887024
-0.68907166 0.31269836 9.953674
-0.7819061 0.50312805 9.951294
-0.7700043 0.55311584 10.267883
-0.8342743 0.56025696 11.089111
-0.7438202 0.85780334 11.512817
-0.5295868 1.1767731 11.4366455
-0.5129242 0.9268341 11.200989
-0.49388123 0.055618286 10.941528
-0.39866638 -0.8536835 10.563049
-0.21537781 -1.7986908 10.420227
0.04170227 -2.5723114 10.705872
0.48207092 -2.5794525 11.291443
0.94148254 -2.4128265 11.127197
1.3889923 -2.3176117 10.667786
1.6222687 -2.6365814 9.960815
1.8722076 -3.422104 9.432373
2.0126495 -4.3361664 8.89679
1.874588 -4.9717255 8.492126
2.5315704 -6.28331 8.318359
3.2099762 -7.0236053 7.532837
3.4480133 -7.099777 7.1972046
3.6051178 -7.014084 7.380493
3.952652 -6.9879 7.278137
4.3287506 -7.1021576 6.9734497
4.7953033 -7.05455 6.852051
5.0833282 -6.9879 7.116272
5.2118683 -7.014084 7.0924683
5.2071075 -7.014084 6.9282227
5.011917 -7.009323 6.7020874
5.1047516 -7.0569305 6.442627
5.4142 -7.2235565 6.949646
5.583206 -7.194992 6.9401245
5.4308624 -7.5115814 6.2593384
4.96669 -7.6782074 4.6549683
4.5072784 -8.737473 3.0577393
3.7550812 -10.00145 2.4102783
3.433731 -9.93718 1.9651489
3.5694122 -9.534897 1.9984741
3.805069 -8.873154 2.131775
3.8169708 -8.989792 2.3150635
3.509903 -9.242111 2.1484375
3.3480377 -9.29924 2.067505
3.2433014 -9.0516815 2.3031616
3.2290192 -9.027878 3.0505981
2.971939 -8.85173 3.1101074
2.695816 -8.473251 2.7578125
2.298294 -8.0828705 2.2936401
1.9364777 -7.975754 2.5578613
1.560379 -7.7805634 2.7316284
1.0962067 -7.3401947 1.6437988
0.8200836 -8.532761 1.0701294
0.45588684 -10.041916 1.4438477
0.3035431 -10.948837 1.6699829
0.20118713 -10.925034 2.491211
0.3511505 -10.208542 2.850647
0.39637756 -9.625351 3.3338623
0.21546936 -9.063583 3.5219116
-0.103500366 -8.951706 3.5457153
-0.4629364 -9.17308 3.5957031
-0.71287537 -9.077866 3.7908936
-0.9675751 -7.9352875 3.8623047
-0.543869 -8.6089325 4.1550903
-0.9390106 -8.20903 2.9315796
-1.5793304 -8.801743 3.4362183
-2.0006561 -9.23735 3.31958
-2.1934662 -9.81102 3.7599487
-2.1172943 -9.889572 4.2145996
-1.6935883 -9.801498 4.6502075
-1.1651459 -9.458725 4.8692017
-0.77952576 -9.36113 4.878723
-0.55101013 -9.313522 4.8025513
-0.6033783 -9.349228 4.940613
-0.80570984 -9.325424 5.383362
-1.0342255 -8.65654 5.402405
-1.1056366 -8.361374 5.5357056
-1.1437225 -8.251877 4.9453735
-1.3293915 -8.506577 4.550232
-1.6602631 -8.889816 4.9953613
-1.7935638 -9.5325165 5.514282
-1.1699066 -9.656296 5.383362
-0.40342712 -9.396835 5.7666016
0.35353088 -8.587509 6.3426514
0.55348206 -7.7996063 5.768982
0.22261047 -8.20665 5.314331
-0.22013855 -9.577744 5.185791
-0.3558197 -10.034775 5.3286133
-0.29631042 -9.753891 4.9715576
0.13215637 -10.044296 5.7594604
0.6820221 -9.756271 6.2736206
1.0771637 -9.175461 6.0617676
1.1104889 -8.568466 5.216736
1.0105133 -8.573227 4.8239746
0.6915436 -8.78508 4.954895
0.19642639 -8.97789 5.2286377
-0.29631042 -9.399216 5.314331
-0.5200653 -10.408493 5.795166
-0.332016 -11.082138 6.20697
-0.103500366 -11.051193 6.1427
-0.11064148 -10.77507 5.995117
-0.036849976 -10.610825 6.01178
-0.09635925 -10.753647 5.745178
-0.058273315 -11.02739 5.635681
0.06788635 -11.015488 5.633301
0.16786194 -11.063095 5.828491
0.08454895 -11.16069 5.6523438
-0.09397888 -11.201157 5.2905273
-0.21775818 -10.846481 4.8287354
-0.2653656 -10.320419 4.904907
-0.053512573 -9.74913 5.3238525
0.20832825 -9.261154 4.92157
0.4178009 -9.223068 4.9906006
0.4344635 -9.342087 5.2738647
0.3678131 -9.444443 5.05249
0.3678131 -9.423019 4.966797
0.47969055 -9.306381 4.697815
0.75105286 -9.418259 4.5526123
1.1866608 -9.211166 4.40979
1.5460968 -8.989792 4.757324
1.855545 -8.746994 4.5930786
2.0507355 -8.770798 4.904907
2.0769196 -8.999313 5.2905273
2.2126007 -8.830307 5.5618896
2.4411163 -8.428024 5.469055
2.6006012 -8.375656 5.359558
2.9552765 -8.166183 4.9191895
3.214737 -7.899582 4.8858643
3.3718414 -7.8662567 4.98822
3.29805 -8.168564 5.1905518
3.074295 -7.892441 4.690674
2.9743195 -7.7186737 4.5359497
3.0433502 -7.50206 4.4050293
3.4289703 -7.214035 4.4526367
3.9740753 -6.971237 5.1000977
4.4882355 -6.6403656 5.378601
4.90242 -6.6594086 5.788025
5.09523 -7.0259857 6.5307007
5.054764 -7.0045624 6.4093018
5.209488 -6.9855194 6.2664795
5.3166046 -6.8950653 6.0879517
5.4832306 -6.7689056 5.9570313
5.690323 -6.6332245 5.973694
5.7403107 -6.1381073 5.5357056
5.897415 -5.6406097 5.852295
5.878372 -5.3835297 6.3616943
5.7522125 -4.87175 6.1569824
5.859329 -4.833664 6.1307983
5.859329 -5.4525604 6.430725
5.890274 -5.7167816 6.185547
6.0092926 -5.6144257 6.102234
6.102127 -5.4073334 6.325989
6.147354 -5.0812225 6.840149
6.2140045 -4.6265717 7.2495728
6.2520905 -3.8767548 6.7544556
6.4115753 -4.000534 7.090088
6.4115753 -4.186203 7.1710205
6.344925 -4.371872 7.36145
6.3663483 -4.110031 7.4923706
6.416336 -3.7863007 7.4019165
6.4068146 -3.538742 7.082947
6.4329987 -3.4768524 6.5497437
6.5020294 -3.474472 6.0665283
6.4568024 -3.455429 6.27124
6.473465 -3.0840912 6.518799
6.628189 -2.7532196 7.2162476
6.7138824 -2.319992 7.5566406
6.775772 -2.0843353 7.570923
6.8090973 -1.7701263 6.9853516
6.8614655 -1.8058319 6.6830444
6.7781525 -2.070053 6.7211304
6.6638947 -2.210495 6.4093018
6.461563 -2.3080902 6.544983
6.3282623 -2.2152557 6.4664307
6.261612 -2.0795746 6.6520996
6.31398 -1.6439667 6.6116333
6.4139557 -1.7225189 6.5497437
6.3949127 -1.6796722 5.8427734
6.556778 -2.2271576 6.116516
6.575821 -2.5032806 6.499756
6.6043854 -2.1128998 6.7996826
6.813858 -1.4701996 7.316223
6.832901 -0.6204071 7.2091064
6.851944 -0.151474 6.9258423
6.82576 0.048477173 6.744934
6.9185944 0.034194946 6.649719
6.89003 -0.14433289 6.499756
6.847183 -0.21574402 5.840393
6.780533 -0.548996 5.6904297
6.718643 -0.5894623 6.07605
6.640091 -0.2752533 6.6568604
6.651993 0.27937317 7.3447876
6.7472076 0.7863922 7.2495728
6.8281403 0.8459015 7.078186
6.847183 0.80781555 6.673523
6.7971954 0.47694397 6.404541
6.7733917 0.24604797 6.1950684
6.7733917 0.119888306 6.135559
6.737686 0.28651428 5.864197
6.6829376 0.5483551 5.718994
6.5782013 0.64356995 5.697571
6.473465 0.47932434 5.4143066
6.383011 0.3269806 5.4952393
6.3806305 0.1698761 5.730896
6.4782257 0.10084534 5.7023315
6.5782013 0.06037903 5.866577
6.6424713 0.096084595 6.0879517
6.69722 0.17225647 6.2545776
6.6900787 0.28175354 6.245056
6.6900787 0.21272278 6.2783813
6.666275 0.29841614 6.0427246
6.730545 0.3341217 5.88562
6.730545 0.35792542 5.7070923
6.718643 0.44599915 5.7927856
6.787674 0.68403625 5.859436
6.794815 0.85066223 5.745178
6.7638702 0.9363556 5.94751
6.756729 0.983963 5.892761
6.7781525 0.9030304 5.833252
6.711502 0.73402405 5.8308716
6.7091217 0.6316681 5.6832886
6.685318 0.48408508 5.730896
6.678177 0.42695618 5.826111
6.7257843 0.28651428 6.040344
6.8043365 0.19606018 6.242676
6.8114777 0.21272278 6.1427
6.840042 0.34126282 6.0427246
6.8567047 0.51264954 5.8380127
6.799576 0.53645325 5.878479
6.749588 0.61976624 5.7594604
6.801956 0.7126007 5.6499634
6.7781525 0.68403625 5.7023315
6.7900543 0.5554962 5.7927856
6.768631 0.64356995 5.745178
6.8424225 0.8125763 5.659485
6.847183 0.83399963 5.840393
6.799576 0.83638 5.9022827
6.685318 0.90779114 5.992737
6.723404 0.8863678 6.109375
6.69722 0.8792267 6.116516
6.6424713 0.9625397 5.928467
6.6186676 0.9696808 5.904663
6.537735 0.919693 5.9260864
6.50441 0.83161926 5.9784546
6.5282135 0.8839874 5.9213257
6.5734406 0.855423 6.0665283
6.6067657 0.8720856 6.1498413
6.6234283 0.9125519 6.033203
6.6448517 0.7792511 6.1879272
6.5282135 0.541214 6.007019
6.409195 0.17463684 5.9451294
6.3020782 -0.151474 5.7070923
6.242569 -0.4323578 5.6190186
6.2259064 -0.5037689 6.0046387
6.3734894 -0.38713074 6.121277
6.421097 -0.46806335 6.1950684
6.4115753 -0.6061249 6.0046387
6.3306427 -0.82273865 5.8499146
6.242569 -0.9108124 5.8499146
6.209244 -1.0655365 6.018921
6.3020782 -0.92271423 6.154602
6.4187164 -0.82987976 6.385498
6.5091705 -1.0298309 6.33313
6.4496613 -1.370224 6.1379395
6.2520905 -1.8224945 6.0093994
6.061661 -2.0510101 5.9665527
5.9712067 -2.2319183 6.159363
5.978348 -2.3437958 6.2474365
6.042618 -2.384262 6.3950195
6.18544 -2.396164 6.4021606
6.261612 -2.505661 6.680664
6.3425446 -2.5104218 6.813965
6.4187164 -2.7460785 6.642578
6.3663483 -3.0864716 6.7734985
6.2854156 -3.2102509 6.6401978
6.2830353 -3.300705 6.8425293
6.383011 -3.1959686 6.9544067
6.4639435 -3.4506683 7.2948
6.4948883 -3.5601654 7.0424805
6.466324 -3.7839203 6.5426025
6.4758453 -4.057663 6.5497437
6.5424957 -4.3813934 7.4209595
6.5543976 -4.4385223 8.346924
6.50441 -4.1885834 8.06366
6.385391 -4.2742767 7.8518066
6.2401886 -4.5218353 7.7803955
6.125931 -4.764633 7.456665
6.173538 -4.7360687 6.6782837
6.318741 -4.8765106 6.564026
6.4758453 -5.147873 7.2210083
6.363968 -5.462082 8.120789
5.985489 -5.290695 7.7113647
5.6117706 -5.438278 7.36145
5.3166046 -5.4525604 6.897278
5.3665924 -5.5620575 6.6973267
5.5927277 -5.795334 7.0996094
5.6688995 -5.847702 7.3876343
5.6427155 -5.7739105 7.3876343
5.4118195 -6.238083 7.775635
4.96669 -6.757004 7.6780396
4.5191803 -7.0950165 7.0186768
4.409683 -7.047409 6.802063
4.576309 -6.5380096 6.5545044
4.8357697 -5.9595795 5.8094482
4.9643097 -6.135727 5.5095215
4.978592 -6.354721 5.2738647
4.8928986 -6.7308197 6.059387
4.657242 -7.449692 8.144592
4.0145416 -7.7496185 8.689697
3.3980255 -7.5639496 7.2876587
2.952896 -7.3973236 6.161743
2.7957916 -7.2759247 5.2262573
3.0528717 -7.3259125 4.833496
3.3075714 -7.1783295 5.1381836
3.574173 -7.199753 6.1046143
3.5075226 -7.6734467 7.449524
3.112381 -8.304245 8.139832
2.6267853 -8.563705 7.1186523
2.4530182 -8.558945 6.287903
2.676773 -8.20903 5.826111
3.0314484 -7.478256 5.635681
3.3742218 -6.842697 5.6713867
3.4361115 -6.816513 6.4283447
3.1861725 -7.2949677 7.047241
2.8291168 -7.7043915 7.0924683
2.4530182 -8.111435 6.873474
2.3673248 -8.489914 6.6520996
2.0721588 -8.6732025 5.942749
1.8674469 -8.72319 5.7594604
1.9055328 -8.299484 6.249817
2.310196 -7.478256 6.597351
2.5196686 -7.2616425 6.9924927
2.3530426 -7.728195 6.8306274
2.060257 -8.418503 6.5092773
2.0507355 -8.72081 6.245056
2.14357 -8.363754 5.9903564
2.2840118 -7.6853485 6.2974243
2.1554718 -7.290207 6.604492
1.8817291 -7.418747 6.821106
1.6603546 -7.6924896 6.65448
1.6674957 -7.811508 6.854431
1.7365265 -7.6353607 7.006775
1.9245758 -7.2283173 6.961548
2.0055084 -7.0307465 6.59021
1.9102936 -7.233078 6.597351
1.8317413 -7.559189 6.6640015
1.707962 -7.702011 6.7163696
1.6056061 -7.597275 6.704468
1.5889435 -7.573471 6.5116577
1.6294098 -7.5234833 6.2402954
1.6698761 -7.452072 6.4902344
1.6841583 -7.3782806 6.6068726
1.5484772 -7.656784 6.583069
1.3437653 -8.097153 6.1522217
1.1938019 -8.278061 5.9974976
1.2223663 -8.237595 6.3426514
1.3271027 -7.7686615 6.52594
1.3747101 -7.5568085 6.835388
1.3866119 -7.206894 6.647339
1.4342194 -7.4401703 6.494995
1.3247223 -7.970993 6.2164917
1.3247223 -8.311386 6.2521973
1.2033234 -8.20665 6.3355103
1.1247711 -7.9852753 6.373596
1.2080841 -7.8210297 6.5878296
1.2699738 -7.728195 6.46167
1.3604279 -7.8591156 6.309326
1.3913727 -8.009079 6.4093018
1.3509064 -8.201889 6.6306763
1.24617 -8.009079 6.2736206
0.98194885 -8.478012 9.948914
2.3578033 -10.372787 5.5214233
1.367569 -10.375168 6.494995
1.4461212 -7.668686 5.9832153
1.8579254 -6.4166107 6.0213013
1.8174591 -7.37352 6.6259155
1.6960602 -8.744614 7.199585
1.7055817 -9.358749 6.71875
1.5841827 -8.885056 6.359314
1.6389313 -8.123337 6.1427
1.6198883 -7.828171 6.283142
1.6270294 -7.790085 6.559265
1.5937042 -7.8781586 6.437866
1.5532379 -7.978134 6.309326
1.5270538 -7.7877045 5.8570557
1.3009186 -7.597275 5.999878
1.2366486 -7.5496674 6.20697
1.3723297 -7.528244 6.2402954
1.4199371 -7.540146 6.4830933
1.4580231 -7.7424774 6.4521484
1.4365997 -7.9091034 6.223633
1.2699738 -8.032883 6.121277
1.1795197 -7.970993 6.211731
1.3009186 -7.7805634 6.2212524
1.4937286 -7.978134 6.0474854
1.7865143 -8.2947235 6.347412
1.772232 -8.368515 6.245056
1.6294098 -8.611313 6.185547
1.4151764 -8.58989 6.3640747
1.4556427 -8.309006 6.3974
1.5032501 -7.899582 6.4140625
1.329483 -7.561569 6.423584
1.0938263 -7.721054 6.59021
0.62727356 -7.8972015 6.8687134
0.360672 -7.8472137 7.173401
0.22975159 -7.7996063 7.063904
0.129776 -8.004318 7.0686646
-0.18919373 -8.135239 7.180542
-0.5224457 -8.192368 6.9734497
-0.59147644 -8.263779 6.3878784
-0.6843109 -7.6401215 5.569031
-0.9485321 -7.578232 5.7666016
-1.1294403 -6.92601 5.992737
-1.6602631 -6.7022552 6.7092285
-1.7721405 -7.3330536 7.142456
-1.6935883 -7.9662323 6.602112
-1.2127533 -8.275681 6.2807617
-0.6628876 -8.280441 6.78302
-0.16300964 -8.104294 7.0401
0.04170227 -8.075729 7.1972046
-0.12730408 -8.189987 7.187683
-0.6438446 -8.601791 7.3709717
-1.1627655 -8.549423 6.7425537
-1.3746185 -8.189987 5.6380615
-1.0746918 -7.494919 4.224121
-0.20109558 -7.014084 3.5671387
0.9771881 -6.949814 3.8932495
2.5172882 -7.4401703 4.5597534
3.9502716 -8.182846 5.8237305
4.959549 -8.901718 6.6759033
4.77388 -9.525375 7.025818
3.593216 -9.608688 7.10437
2.1840363 -8.744614 6.873474
1.1580963 -7.7758026 6.7806396
0.68678284 -7.0117035 6.430725
0.78437805 -6.9545746 5.9784546
1.0605011 -7.8781586 5.987976
1.0509796 -8.880295 5.807068
0.78437805 -9.323044 5.321472
0.14405823 -9.4492035 5.1048584
-0.6033783 -9.313522 5.057251
-1.2127533 -9.246872 4.659729
-1.634079 -9.477768 4.0717773
-1.5674286 -9.865768 3.4624023
-0.9580536 -10.087143 2.5721436
-0.036849976 -10.537033 2.6221313
0.77723694 -10.720322 3.0505981
1.3747101 -10.07048 3.793274
1.5889435 -9.04454 5.5880737
1.5532379 -7.8400726 6.454529
1.4675446 -6.764145 6.475952
1.4913483 -6.0952606 6.2593384
1.6770172 -5.662033 6.4783325
2.0721588 -5.2407074 6.2212524
2.6101227 -5.0740814 5.916565
3.0504913 -5.040756 5.9070435
3.2171173 -4.9479218 5.590454
3.3099518 -5.1573944 5.3928833
3.2075958 -5.4835052 6.018921
2.9862213 -5.8762665 6.6187744
2.843399 -5.919113 6.518799
2.6601105 -5.6144257 5.9832153
2.560135 -5.4477997 6.1117554
2.6077423 -4.6908417 5.6237793
2.8529205 -3.7315521 5.133423
3.0433502 -2.7603607 5.3809814
3.1552277 -2.460434 6.8877563
3.536087 -2.581833 8.892029
3.9383698 -3.641098 10.874878
4.297806 -5.1335907 12.191223
4.676285 -6.99028 14.678711
5.1047516 -8.175705 16.092651
Time Stop = 1457234353
