Time Start = 1457234770
0.33924866 -2.5770721 9.777527
0.50587463 -1.9891205 9.748962
0.10359192 -2.1605072 9.787048
-0.2725067 -2.7341766 9.534729
-0.35105896 -3.0412445 9.575195
-0.23918152 -3.1007538 9.47998
0.003616333 -3.0626678 9.484741
0.10835266 -3.095993 9.677551
0.06312561 -3.0007782 9.60614
-0.0035247803 -2.8293915 9.601379
-0.020187378 -2.5723114 9.546631
-0.04637146 -2.4294891 9.753723
0.008377075 -2.4580536 9.682312
-0.027328491 -2.5532684 9.632324
-0.017807007 -2.6580048 9.7323
-0.09635925 -2.7127533 9.679932
-0.09159851 -2.62706 9.522827
-0.10588074 -2.7460785 9.537109
0.003616333 -2.929367 9.594238
0.02027893 -2.9008026 9.641846
0.07026672 -2.7651215 9.579956
-0.0011444092 -2.7008514 9.708496
-0.04875183 -2.7008514 9.6918335
-0.051132202 -2.5842133 9.658508
-0.09635925 -2.5865936 9.687073
-0.10826111 -2.5485077 9.725159
-0.08683777 -2.5675507 9.687073
-0.09635925 -2.6103973 9.718018
-0.077316284 -2.6413422 9.665649
-0.08207703 -2.6770477 9.601379
-0.04637146 -2.7460785 9.60614
-0.060653687 -2.7532196 9.637085
-0.039230347 -2.7508392 9.653748
-0.11540222 -2.7794037 9.753723
-0.098739624 -2.8055878 9.553772
-0.07493591 -2.7032318 9.577576
-0.122543335 -2.7579803 9.613281
-0.11778259 -2.800827 9.663269
-0.055892944 -2.7865448 9.687073
-0.015426636 -2.8293915 9.760864
-0.0059051514 -2.865097 9.672791
0.0012359619 -2.857956 9.577576
0.0393219 -2.838913 9.5252075
0.08216858 -2.9174652 9.60376
0.17500305 -2.9960175 9.710876
0.21546936 -2.9626923 9.694214
0.18214417 -3.0222015 9.953674
0.15357971 -2.8698578 9.718018
0.10835266 -2.81987 10.198853
0.37019348 -2.8865204 9.808472
0.5677643 -3.0269623 9.825134
0.5391998 -3.4340057 9.613281
0.58680725 -3.6268158 9.879883
0.117874146 -3.1221771 9.227661
-0.13920593 -4.4409027 8.977722
-0.09397888 -4.3123627 9.101501
-0.44865417 -3.474472 9.641846
-0.8914032 -2.7508392 9.280029
-1.1746674 -2.6770477 9.187195
-1.4198456 -3.5220795 9.277649
-2.141098 -3.2697601 8.327881
-2.5600433 -2.8341522 10.382141
-1.8816376 -2.5937347 8.494507
-1.3936615 -3.372116 8.882507
-0.8080902 -3.4078217 9.4776
-0.8985443 -3.557785 8.980103
-1.0651703 -3.8886566 8.732544
-1.172287 -3.8838959 8.884888
-1.1818085 -3.0626678 9.768005
-1.0532684 -1.9819794 9.856079
-0.5200653 -2.4889984 10.1536255
0.07978821 -3.3435516 9.549011
0.2368927 -3.493515 9.951294
0.52253723 -2.7865448 10.132202
0.5749054 -2.5675507 9.794189
0.73677063 -2.993637 9.779907
0.7986603 -3.448288 9.758484
0.8962555 -3.8815155 9.434753
0.79151917 -4.405197 9.458557
0.739151 -3.4816132 9.001526
0.17738342 -3.8767548 9.244324
-0.02494812 -4.2076263 8.653992
-0.4058075 -3.9529266 9.1657715
-0.8318939 -3.8172455 9.47522
-1.0104218 -4.0600433 8.984863
-1.0175629 -3.6720428 9.149109
-0.88664246 -2.7770233 9.813232
-0.65812683 -2.043869 9.760864
-0.646225 -2.4747162 9.829895
-0.45103455 -3.0102997 9.620422
-0.26774597 -3.115036 9.527588
-0.13206482 -2.7198944 9.468079
-0.10588074 -2.248581 9.934631
0.10121155 -2.217636 9.972717
0.36543274 -2.358078 10.003662
0.5677643 -2.774643 9.582336
0.7558136 -2.876999 9.013428
0.7796173 -2.9436493 9.434753
0.70344543 -3.191208 9.939392
0.6153717 -3.4197235 9.901306
0.56062317 -3.814865 9.60614
0.41542053 -4.121933 9.234802
0.32972717 -4.5289764 9.320496
0.2868805 -4.3694916 9.587097
0.034561157 -3.4816132 9.54187
-0.2320404 -2.5794525 9.187195
-0.5272064 -3.9505463 9.696594
-0.4058075 -4.171921 8.944397
-0.59861755 -3.307846 9.294312
-0.8675995 -3.4197235 9.515686
-0.82237244 -2.865097 9.570435
-0.77238464 -1.8748627 9.982239
-0.58909607 -1.5582733 9.7751465
-0.14396667 -1.6963348 9.510925
0.06312561 -2.774643 9.598999
0.027420044 -3.4006805 9.791809
0.008377075 -3.1126556 9.363342
-0.11778259 -3.4006805 9.513306
0.07978821 -3.217392 9.356201
0.1797638 -2.569931 9.463318
0.1797638 -2.5984955 9.822754
0.22261047 -2.7508392 9.491882
0.24879456 -2.967453 9.856079
0.2702179 -3.0912323 9.651367
0.28450012 -2.9912567 9.339539
0.31782532 -3.198349 9.403809
0.23451233 -4.019577 9.15387
0.13691711 -4.9669647 9.101501
0.16548157 -4.8741302 9.437134
0.08692932 -3.9196014 9.472839
0.06312561 -3.088852 9.472839
0.14167786 -2.7960663 9.549011
0.3273468 -2.7865448 9.582336
0.42256165 -2.974594 9.763245
0.50587463 -2.986496 9.589478
0.5653839 -2.8246307 9.065796
0.64393616 -2.653244 9.508545
0.6415558 -2.9198456 9.858459
0.7415314 -2.9365082 9.665649
0.6320343 -2.8079681 9.972717
0.6486969 -2.7246552 9.360962
0.5439606 -2.672287 9.494263
0.527298 -2.588974 9.820374
0.48207092 -2.543747 10.048889
0.33210754 -2.7127533 9.701355
0.29878235 -3.9981537 9.237183
0.49397278 -4.5408783 9.041992
0.2368927 -3.6839447 8.949158
-0.44865417 -3.2197723 10.751099
0.1464386 -3.0079193 9.522827
0.055984497 -2.120041 9.227661
-0.015426636 -2.653244 9.506165
0.14167786 -3.603012 9.303833
-0.027328491 -3.9719696 9.420471
-0.120162964 -4.000534 9.365723
-0.020187378 -3.807724 9.594238
0.1869049 -3.2221527 9.644226
0.6915436 -2.7079926 9.122925
0.9391022 -2.5651703 9.558533
1.0509796 -2.6222992 9.570435
1.0224152 -2.5413666 9.234802
0.89863586 -2.7317963 9.877502
0.86769104 -3.1031342 9.289551
0.8795929 -2.9841156 9.372864
0.83436584 -3.20549 9.7561035
0.71772766 -3.4197235 9.203857
0.58680725 -3.4244843 9.375244
0.3511505 -3.4601898 9.620422
0.16072083 -3.569687 9.489502
0.01789856 -3.7386932 9.446655
-0.079696655 -4.0100555 9.515686
-0.0011444092 -3.8410492 9.403809
0.04170227 -3.3625946 9.520447
0.06550598 -2.8222504 9.587097
0.12025452 -2.5366058 9.246704
0.12263489 -2.774643 9.915588
0.22261047 -3.1578827 9.946533
0.29640198 -2.9722137 9.972717
0.24641418 -2.7270355 9.620422
0.21784973 -2.5413666 9.468079
0.17738342 -2.6699066 9.598999
0.20118713 -2.876999 9.587097
0.30830383 -3.1888275 9.641846
0.3440094 -3.2340546 9.715637
0.41304016 -3.0912323 9.682312
0.42256165 -2.8722382 9.487122
0.27259827 -2.9626923 9.575195
0.0393219 -3.2150116 9.622803
-0.039230347 -3.4839935 9.35144
-0.10826111 -3.2935638 8.96344
-0.19395447 -3.4340057 10.141724
-0.1915741 -3.531601 9.67041
0.04408264 -3.0341034 9.787048
0.029800415 -3.1436005 9.744202
0.31782532 -3.6839447 9.265747
0.6248932 -3.583969 9.227661
0.39161682 -3.8600922 9.194336
-1.1770477 -3.3102264 8.89917
-1.2960663 -2.6889496 10.786804
-1.6126556 -0.15861511 9.418091
-1.1461029 -1.0964813 8.939636
-0.5962372 -2.56279 9.944153
-0.29154968 -3.364975 9.470459
-0.46531677 -3.622055 9.215759
-0.69859314 -3.6196747 9.037231
-0.99375916 -4.2076263 9.563293
-0.41056824 -3.550644 9.522827
-0.0011444092 -2.6294403 9.594238
0.15834045 -2.5746918 9.770386
0.30830383 -2.9769745 9.646606
0.4677887 -2.94841 9.075317
0.37257385 -2.7460785 9.491882
0.28450012 -3.4149628 10.315491
0.37495422 -3.5101776 9.225281
0.34162903 -3.3221283 9.829895
0.3273468 -3.2388153 9.684692
0.39875793 -3.01268 9.320496
0.3106842 -3.2649994 9.720398
0.1797638 -3.7363129 9.637085
0.051223755 -4.6313324 8.977722
0.04408264 -4.6694183 8.3064575
-0.5057831 -3.3411713 9.760864
-1.4555511 -3.3744965 9.66803
-1.3079681 -2.2604828 9.641846
-1.403183 -2.3295135 9.687073
-0.9390106 -3.031723 9.280029
-0.41056824 -2.7198944 9.427612
-0.17015076 -2.0034027 10.229797
0.029800415 -2.0533905 9.977478
0.029800415 -2.4437714 9.706116
-0.06541443 -2.8984222 9.09436
-0.04875183 -2.9365082 9.932251
-0.15348816 -3.069809 9.615662
-0.017807007 -2.7032318 9.408569
0.09169006 -2.9626923 9.979858
0.18452454 -3.3983002 9.391907
0.30592346 -4.1005096 8.822998
0.7153473 -4.052902 9.86084
0.77723694 -3.1935883 9.679932
0.6510773 -3.1102753 9.465698
0.5677643 -3.5554047 9.34906
0.61299133 -3.8124847 9.130066
0.5558624 -3.6839447 9.249084
0.44636536 -3.467331 9.7751465
0.43922424 -3.236435 9.727539
0.42018127 -3.069809 10.048889
0.4106598 -2.9365082 9.92749
0.43208313 -2.5865936 9.687073
0.5653839 -2.4461517 9.632324
0.7462921 -3.198349 9.02771
0.83436584 -4.383774 8.780151
0.7891388 -4.6194305 9.115784
0.591568 -4.03862 8.937256
0.027420044 -3.7029877 8.975342
-0.9247284 -2.634201 10.106018
-1.2127533 -2.191452 10.898682
-0.8652191 -1.1155243 9.277649
-0.78666687 -1.5582733 9.625183
-0.52482605 -2.7389374 9.848938
-0.43199158 -3.345932 9.196716
-0.56529236 -3.7958221 9.318115
-0.6795502 -4.0552826 9.434753
-0.68907166 -4.0624237 9.746582
-0.3058319 -2.941269 9.494263
-0.029708862 -2.2842865 9.484741
0.27497864 -2.6675262 9.408569
0.6391754 -3.0483856 8.9991455
1.0033722 -3.3149872 10.065552
0.9295807 -3.6553802 9.363342
0.89863586 -3.686325 8.808716
0.94148254 -4.1243134 9.791809
0.9272003 -3.6506195 9.15625
0.9605255 -2.6627655 9.501404
0.73439026 -2.4699554 9.827515
1.0509796 -2.1295624 10.18219
0.8200836 -1.7701263 9.79895
0.7724762 -2.2223969 9.825134
0.6058502 -2.729416 9.770386
0.35829163 -2.6103973 9.741821
-0.10826111 -3.2530975 9.86322
-0.3724823 -4.3885345 9.268127
-0.39866638 -4.0600433 9.246704
-0.60813904 -3.5887299 9.496643
-0.3153534 -3.1935883 9.115784
-0.10588074 -2.6603851 9.575195
0.025039673 -2.0557709 9.846558
-0.020187378 -1.9819794 9.722778
-0.13206482 -2.634201 9.651367
-0.12730408 -3.0102997 9.768005
0.08930969 -2.3033295 10.108398
0.277359 -1.4868622 9.963196
0.37971497 -1.4773407 9.898926
0.43208313 -2.0510101 9.620422
0.3844757 -2.9793549 9.4609375
0.31544495 -3.6101532 9.087219
0.23213196 -3.769638 9.341919
0.21546936 -3.807724 9.637085
0.48207092 -3.762497 9.270508
0.6796417 -3.7982025 9.339539
0.803421 -3.84581 9.275269
0.68440247 -3.3935394 9.487122
0.508255 -2.9150848 9.701355
0.35353088 -2.7056122 9.834656
0.22499084 -2.5913544 9.725159
0.13929749 -2.6318207 9.708496
0.08216858 -2.7913055 9.589478
-0.04637146 -3.1650238 9.420471
-0.15348816 -3.6910858 9.499023
-0.16300964 -3.7839203 9.356201
-0.17015076 -3.236435 9.358582
-0.2582245 -3.0341034 10.077454
-0.053512573 -2.8555756 9.563293
-0.022567749 -2.531845 9.563293
0.08930969 -2.3057098 9.60614
0.07026672 -2.4913788 9.520447
0.10597229 -2.6865692 9.556152
0.05836487 -2.8603363 9.837036
-0.04399109 -3.0626678 9.920349
-0.058273315 -3.07695 9.337158
-0.124923706 -3.0412445 9.406189
-0.13920593 -3.2507172 9.646606
-0.022567749 -3.3506927 9.499023
0.053604126 -3.1293182 9.425232
0.027420044 -2.929367 9.206238
0.0155181885 -2.8746185 9.934631
0.027420044 -3.0102997 10.036987
0.096450806 -2.7889252 9.513306
-0.015426636 -2.6770477 9.587097
-0.11540222 -2.8032074 9.515686
-0.08921814 -2.9793549 9.639465
-0.07493591 -2.903183 9.660889
-0.07493591 -2.9079437 9.549011
-0.11540222 -3.14122 9.582336
-0.017807007 -3.3316498 9.391907
0.0155181885 -3.1769257 9.420471
0.04408264 -3.1840668 9.727539
0.072647095 -3.1055145 9.632324
0.10359192 -2.9507904 9.584717
0.07740784 -2.9841156 9.365723
0.08930969 -3.0460052 9.380005
0.06550598 -3.2840424 9.965576
0.06312561 -3.3506927 9.679932
0.14167786 -2.9698334 9.47522
0.13691711 -2.8246307 9.67041
0.15119934 -2.8436737 9.446655
0.17024231 -2.9460297 9.327637
0.12501526 -3.1388397 9.577576
0.08692932 -3.134079 9.54187
0.14167786 -2.9912567 9.582336
0.21308899 -2.729416 9.641846
0.21070862 -2.6437225 9.708496
0.14167786 -2.865097 9.660889
0.17738342 -2.846054 9.258606
-0.020187378 -3.0840912 10.036987
0.15357971 -3.1816864 9.196716
0.115493774 -3.069809 9.644226
0.17500305 -3.3316498 9.972717
0.23927307 -3.3483124 9.130066
0.16072083 -3.307846 9.34668
0.10359192 -3.364975 9.54187
0.117874146 -3.2649994 9.589478
0.10359192 -3.1293182 9.472839
0.129776 -3.1555023 9.465698
0.117874146 -3.2316742 9.696594
0.24165344 -3.4340057 9.98938
0.21546936 -3.2864227 9.994141
0.027420044 -3.2864227 9.86084
-0.1415863 -3.1626434 9.432373
-0.20585632 -3.1650238 8.972961
-0.33677673 -2.9174652 9.258606
-0.24632263 -2.4889984 9.41333
-0.07493591 -2.0581512 9.739441
0.17738342 -2.1152802 9.720398
0.39637756 -2.191452 9.598999
0.4844513 -2.6056366 9.408569
0.4344635 -3.050766 9.594238
0.35591125 -3.4792328 9.296692
0.3511505 -3.410202 9.787048
0.3035431 -3.4697113 9.758484
0.33448792 -3.300705 10.013184
0.36305237 -2.812729 9.006287
0.3844757 -2.2890472 9.572815
0.42256165 -2.5461273 9.706116
0.61061096 -2.9817352 9.3966675
0.74391174 -3.2769012 9.439514
0.8367462 -3.7863007 9.568054
0.6510773 -4.519455 8.646851
0.6963043 -4.840805 8.530212
0.52253723 -5.795334 8.3064575
0.5582428 -6.2547455 9.522827
0.7082062 -4.6075287 9.551392
0.6820221 -2.1819305 9.534729
0.49873352 -0.58470154 10.665405
0.3939972 -0.6442108 10.808228
0.46302795 -0.91319275 9.882263
0.31306458 -1.3083344 10.327393
0.19404602 -2.4651947 9.3966675
0.003616333 -3.8838959 8.375488
-0.31297302 -4.5551605 9.882263
-0.35820007 -4.409958 9.970337
-0.2725067 -3.0864716 9.210999
-0.25108337 -2.1057587 9.382385
-0.24632263 -2.1890717 9.494263
-0.051132202 -3.2340546 8.956299
0.022659302 -4.4385223 9.929871
0.33210754 -3.2007294 10.017944
0.527298 -2.1962128 9.827515
1.11763 -1.9200897 9.872742
1.3342438 -1.5606537 10.37738
1.1747589 -1.6130219 10.722534
0.8605499 -1.6487274 10.867737
0.19642639 -3.3149872 9.241943
-0.32963562 -4.628952 8.26123
-0.7200165 -5.4525604 9.0824585
-1.0128021 -5.3882904 8.06604
-1.1056366 -4.833664 8.780151
-1.44841 -3.97435 9.041992
-1.5412445 -3.5101776 9.372864
-0.8890228 -2.0986176 10.003662
-0.4962616 -0.9512787 9.315735
-0.18681335 -0.33714294 10.494019
0.16072083 -0.025314331 10.086975
-0.1582489 -0.8536835 10.141724
-0.46769714 -1.6630096 10.227417
-1.0627899 -1.6939545 10.18219
-1.2508392 -2.505661 9.432373
-0.7985687 -4.2980804 9.015808
-0.10826111 -5.83342 9.020569
0.35591125 -5.7929535 9.034851
0.41304016 -4.762253 8.861084
0.14405823 -3.5363617 9.406189
-0.08921814 -3.1102753 9.703735
-0.11540222 -2.9507904 9.760864
-0.027328491 -2.7270355 9.791809
0.03694153 -2.846054 9.877502
-0.9889984 -2.7151337 9.308594
-2.9385223 -0.6299286 9.92749
-2.0625458 -2.6294403 9.713257
-1.8292694 -2.608017 8.104126
-0.7247772 -3.583969 9.032471
-0.61528015 -4.402817 8.263611
-1.069931 -5.243088 8.020813
-1.2722626 -5.397812 9.463318
-1.4269867 -2.6651459 9.972717
-0.9580536 -1.7129974 9.939392
-0.23918152 -2.0391083 10.782043
0.39161682 -1.6939545 11.012939
0.70344543 -1.786789 10.848694
0.72724915 -3.5411224 9.806091
1.1223907 -3.3816376 9.327637
1.3152008 -3.3673553 8.377869
1.162857 -5.269272 7.9922485
0.97480774 -5.462082 8.508789
0.10121155 -4.0219574 9.729919
-0.81285095 -3.833908 9.272888
-0.96043396 -4.076706 8.746826
-1.3222504 -3.9386444 9.772766
-1.4150848 -3.5149384 9.203857
-1.1508636 -2.9460297 9.199097
-0.69621277 -2.100998 9.663269
-0.35820007 -2.4437714 9.558533
-0.22251892 -2.9698334 10.344055
-0.12730408 -2.5746918 10.598755
-0.060653687 -1.9462738 10.175049
-0.14872742 -1.6558685 9.449036
-0.04875183 -1.9653168 9.09198
0.20594788 -2.4961395 9.332397
0.27259827 -2.6103973 9.770386
0.24879456 -2.6960907 9.875122
0.07026672 -3.3221283 9.720398
-0.04875183 -4.1766815 9.484741
-0.1582489 -5.4930267 8.508789
0.16072083 -5.3763885 9.515686
0.30830383 -3.7982025 9.527588
0.42018127 -3.603012 9.0824585
0.87483215 -4.5670624 8.651611
1.0938263 -5.4835052 9.196716
1.2033234 -5.2288055 9.0824585
1.1271515 -3.474472 9.822754
0.78437805 -1.2583466 10.196472
0.5582428 0.02229309 9.834656
0.37019348 -0.5632782 9.908447
0.1631012 -2.217636 9.953674
0.053604126 -3.050766 9.663269
-0.07493591 -3.6720428 9.265747
-0.010665894 -4.7146454 9.099121
-0.034469604 -4.80986 9.127686
0.0393219 -4.2933197 9.751343
0.3273468 -3.7339325 9.60376
0.6177521 -2.8103485 9.708496
0.6796417 -2.5366058 9.620422
0.6796417 -2.9055634 9.687073
0.4416046 -4.0981293 9.006287
-0.11778259 -4.2457123 9.265747
-0.6843109 -3.0031586 9.529968
-1.2698822 -3.024582 9.363342
-1.1056366 -3.191208 9.118164
-0.774765 -2.960312 9.456177
-0.4557953 -2.9436493 9.425232
-0.2582245 -2.9150848 9.34668
Time Stop = 1457234775
