Time Start = 1457237403
-0.23918152 1.2029572 9.28241
-2.879013 2.8906403 12.936279
-2.5814667 4.4188385 9.8394165
-1.8816376 4.2022247 10.315491
-0.1582489 2.876358 10.31311
0.91767883 2.638321 9.739441
1.3152008 2.5645294 9.113403
1.2794952 2.728775 8.713501
1.1104889 2.4455109 8.782532
0.91529846 1.9956207 8.796814
0.91767883 1.464798 8.715881
0.96528625 1.0744171 8.949158
1.1938019 0.86494446 9.28241
1.5508575 1.0196686 9.556152
1.9412384 0.4174347 10.367859
2.0816803 -0.5442352 10.620178
1.9888458 -1.324997 9.98938
1.8698273 -2.2247772 8.875366
1.9412384 -2.9507904 7.770874
2.2816315 -3.088852 6.8829956
2.3982697 -3.7839203 7.0043945
2.2411652 -4.6884613 7.782776
1.7984161 -4.9907684 7.80896
1.1271515 -4.8812714 7.8637085
-3.4574432 -3.1840668 19.603699
-5.3522186 -2.9769745 19.603699
-7.0399017 2.7882843 7.199585
-2.28154 0.7935333 -2.595642
0.37257385 -7.9852753 8.244568
3.4837189 -10.96788 9.182434
2.2387848 -11.931931 8.818237
0.83436584 -11.198776 6.9067993
0.7653351 -9.444443 6.290283
1.3437653 -7.766281 6.6140137
1.810318 -6.880783 9.770386
1.0295563 -3.762497 7.3043213
-0.646225 -2.1866913 12.226929
-2.243454 -0.41093445 11.608032
-3.0123138 0.7030792 9.084839
-4.3310394 -1.5130463 10.294067
-4.26915 -5.64299 9.02533
-4.5952606 -6.692734 6.404541
-3.6502533 -6.9617157 8.430237
-2.0530243 -5.012192 9.053894
-0.37486267 -2.5842133 8.951538
0.67726135 -1.9724579 10.489258
0.9605255 -2.1581268 9.439514
-0.124923706 -2.8674774 8.561157
-0.6771698 -4.2480927 9.251465
-0.85569763 -5.4477997 9.380005
-0.51768494 -5.5287323 8.330261
0.5487213 -5.83342 7.506653
1.541336 -6.373764 7.4590454
1.7341461 -6.490402 9.15863
1.5675201 -5.6144257 10.175049
0.98194885 -4.6646576 9.068176
0.47016907 -3.9910126 10.258362
-0.8890228 -3.255478 10.598755
-1.6221771 -2.0605316 10.479736
-1.2841644 -0.73942566 10.05603
-1.0961151 0.9363556 9.637085
-0.39390564 -0.25621033 8.558777
0.15596008 -2.274765 9.180054
0.6725006 -3.1507416 7.385254
0.8319855 -4.531357 9.86084
1.4056549 -7.7805634 10.646362
0.47969055 -9.4254 8.182678
-0.67240906 -6.7355804 7.789917
-0.72239685 -5.245468 6.787781
0.22261047 -4.7931976 7.6899414
0.24165344 -5.8643646 9.715637
-0.79618835 -5.1788177 8.561157
0.22499084 -5.219284 6.8687134
0.94148254 -4.757492 8.442139
1.541336 -4.514694 10.31073
1.11763 -4.257614 9.084839
0.20118713 -4.636093 8.482605
-0.68193054 -5.4716034 9.941772
-0.7438202 -5.9214935 9.15625
0.08454895 -5.5358734 9.3966675
0.76771545 -4.4123383 9.60614
1.0009918 -3.1459808 9.365723
0.48207092 -2.339035 9.358582
-0.21775818 -2.210495 9.41095
-0.3653412 -2.8151093 10.015564
0.31782532 -3.891037 8.427856
0.7486725 -4.9788666 9.34906
-0.5295868 -5.9714813 7.513794
-0.6367035 -7.3782806 8.049377
-0.1582489 -7.5449066 8.477844
-0.18919373 -6.6141815 7.61615
-0.22251892 -6.0571747 8.913452
-0.22251892 -5.32164 8.287415
0.0012359619 -4.386154 8.96106
0.05836487 -2.9698334 9.468079
-0.015426636 -2.2271576 10.753479
0.034561157 -1.9486542 10.129822
-0.017807007 -2.0962372 9.380005
0.096450806 -2.6889496 10.641602
0.15119934 -3.1959686 9.546631
0.053604126 -3.6125336 9.472839
-0.09159851 -4.179062 9.09436
-0.051132202 -4.5408783 8.875366
-0.25108337 -4.719406 9.632324
-1.7150116 -4.4647064 8.239807
1.1152496 -6.407089 6.1260376
1.6079865 -7.6329803 10.713013
1.098587 -6.033371 6.916321
1.4794464 -4.9669647 9.806091
0.8557892 -3.493515 9.039612
-0.24632263 -2.7079926 9.365723
-0.62242126 -2.550888 9.275269
-0.101119995 -3.1816864 9.534729
0.4915924 -4.0410004 9.7323
0.3678131 -4.655136 8.599243
0.2202301 -5.116928 8.699219
0.07740784 -5.70726 8.7682495
0.15119934 -5.9667206 9.358582
0.43684387 -5.078842 9.170532
0.37019348 -3.679184 9.444275
0.11073303 -2.7556 9.494263
0.07026672 -2.8984222 9.144348
0.33448792 -3.6649017 9.191956
0.54634094 -4.398056 8.946777
0.38209534 -4.80748 8.423096
-0.13444519 -5.476364 9.011047
-0.2582245 -5.816757 9.639465
0.19642639 -4.776535 8.863464
0.43208313 -3.8172455 8.887268
0.22737122 -3.3292694 9.241943
-0.029708862 -3.2745209 8.777771
-0.13444519 -4.0600433 9.527588
0.02027893 -5.0288544 8.863464
0.1869049 -4.9717255 9.196716
0.21784973 -4.6646576 9.122925
0.19642639 -4.198105 9.084839
0.04408264 -4.0029144 8.989624
0.046463013 -3.9791107 9.429993
0.19880676 -3.7577362 9.4609375
0.5106354 -3.9791107 8.780151
0.5153961 -4.659897 8.339783
0.075027466 -5.4144745 8.680176
0.06550598 -6.0952606 9.080078
0.23451233 -5.597763 8.7682495
0.50349426 -4.2742767 9.737061
0.3202057 -3.993393 9.537109
-0.13920593 -4.0933685 8.173157
-0.21061707 -4.674179 8.89679
-0.053512573 -5.354965 9.049133
0.16786194 -6.0738373 8.739685
0.47969055 -6.3237762 8.584961
0.5320587 -5.750107 9.825134
0.2035675 -4.2409515 9.308594
-0.07017517 -2.6770477 8.808716
-0.793808 -2.0867157 9.929871
-0.5771942 -2.120041 10.560669
-0.10826111 -2.3485565 8.665894
0.16548157 -2.812729 9.444275
0.048843384 -3.6244354 9.41095
-0.12968445 -4.136215 8.9991455
-0.18443298 -4.61467 9.280029
-0.120162964 -4.8574677 8.715881
-0.008285522 -5.1454926 8.508789
-0.0011444092 -5.423996 9.258606
0.08454895 -5.243088 9.375244
0.09169006 -4.6003876 9.206238
0.1131134 -4.1124115 9.115784
0.1869049 -4.0743256 9.039612
0.19166565 -4.1124115 9.41095
0.048843384 -3.852951 9.54187
-0.060653687 -3.512558 9.356201
0.034561157 -3.9005585 9.144348
-0.09635925 -4.7265472 8.156494
-0.21775818 -5.7429657 9.111023
-0.4129486 -6.4594574 8.858704
-0.26774597 -6.3071136 8.13269
-0.041610718 -5.457321 9.408569
-0.12730408 -4.2599945 9.244324
-0.15110779 -3.1102753 9.172913
-0.12968445 -1.9177094 9.194336
-0.16777039 -2.2914276 9.087219
-0.11540222 -3.338791 8.64209
-0.124923706 -4.2219086 10.201233
-0.122543335 -4.974106 8.889648
-0.051132202 -6.3904266 8.0946045
0.08216858 -7.661545 8.180298
0.12263489 -7.490158 7.9803467
0.17500305 -5.983383 9.656128
0.54634094 -3.9600677 9.725159
-0.45341492 -1.3868866 10.37262
-0.3391571 0.19367981 10.367859
0.25831604 0.63404846 10.655884
0.76057434 -0.008651733 11.489014
-0.5867157 -0.9655609 9.720398
-1.1222992 -2.5151825 8.32074
-0.34629822 -4.8884125 8.977722
0.95814514 -7.4592133 7.8589478
1.1414337 -9.2183075 6.8829956
0.61299133 -9.896713 7.501892
-0.21537781 -8.46611 8.025574
-0.37010193 -6.566574 8.213623
-0.19871521 -5.307358 7.963684
0.05836487 -4.8003387 9.175293
0.1131134 -4.4980316 8.370728
0.08930969 -5.052658 8.061279
-0.18205261 -5.5168304 8.289795
-0.2653656 -6.1404877 8.073181
-0.27488708 -5.8691254 9.739441
-0.25108337 -4.4908905 9.318115
-0.2986908 -3.2769012 9.084839
-0.22489929 -2.3437958 10.063171
-0.036849976 -1.6891937 9.399048
-0.036849976 -2.0414886 10.720154
0.2702179 -2.5461273 9.168152
0.129776 -2.7056122 9.441895
0.09169006 -3.3292694 8.875366
-0.06303406 -4.217148 9.1467285
-0.051132202 -5.3383026 8.765869
0.12501526 -5.950058 8.749207
0.23213196 -6.169052 8.825378
0.24641418 -6.173813 8.815857
0.23451233 -5.4835052 8.951538
0.10835266 -4.61705 9.125305
0.09883118 -3.788681 9.320496
0.13691711 -3.172165 9.472839
0.072647095 -2.7579803 9.451416
-0.034469604 -3.0793304 9.387146
-0.055892944 -3.84581 9.001526
-0.010665894 -4.957443 9.253845
0.17262268 -5.623947 8.375488
-0.010665894 -6.2238007 8.953918
-0.07493591 -6.000046 8.946777
0.06312561 -4.821762 8.753967
0.28926086 -3.5458832 9.15625
0.24165344 -2.9150848 9.439514
-0.09159851 -3.0983734 9.427612
-0.27488708 -3.6744232 9.077698
-0.09635925 -4.4194794 9.149109
0.14881897 -5.1954803 9.09436
0.17500305 -6.007187 8.673035
0.10835266 -6.0048065 9.099121
0.06312561 -5.1526337 8.918213
0.40589905 -4.314743 9.53949
-0.008285522 -3.7267914 9.391907
0.34877014 -3.493515 9.306213
0.41542053 -2.6841888 8.89679
0.08930969 -3.0674286 9.858459
-0.3153534 -3.2292938 9.296692
-0.25108337 -3.3625946 9.044373
-0.17015076 -4.2528534 8.611145
-0.16300964 -5.77153 8.096985
-0.29154968 -7.411606 8.330261
-0.49150085 -6.995041 8.332642
0.85816956 -5.040756 10.660645
0.4416046 -3.4601898 8.594482
-0.30107117 -1.9915009 9.727539
-0.3796234 -0.75608826 9.887024
0.10597229 -1.056015 9.163391
-0.11302185 -2.1438446 9.532349
-0.9842377 -3.9386444 9.522827
-1.0865936 -5.076462 9.441895
0.5820465 -5.3621063 9.225281
-1.6031342 -5.397812 9.277649
1.8007965 -4.398056 7.2614746
6.0854645 -4.957443 9.15387
0.78437805 -5.533493 10.172668
-2.4767303 -5.0693207 8.530212
-1.1222992 -4.9479218 8.953918
1.6746368 -4.5932465 9.408569
1.4199371 -4.024338 9.130066
-0.5962372 -3.826767 8.7039795
-1.4888763 -4.371872 8.592102
-0.22251892 -5.057419 8.725403
0.8319855 -5.0359955 9.330017
0.7653351 -5.0812225 9.858459
0.2535553 -4.0481415 9.182434
0.2035675 -2.7484589 9.020569
0.48683167 -2.6294403 9.79895
0.3511505 -3.20549 9.594238
0.1869049 -3.4887543 9.208618
0.2702179 -3.814865 9.387146
0.35353088 -4.3504486 9.384766
0.39637756 -4.7670135 9.011047
0.34638977 -4.845566 8.5563965
0.22499084 -5.1502533 8.582581
0.15119934 -5.621567 9.053894
0.08930969 -5.3430634 8.623047
0.14167786 -4.8741302 9.582336
0.26545715 -4.2528534 9.056274
0.3440094 -3.769638 9.3133545
0.19166565 -3.6101532 9.258606
0.01789856 -3.6577606 9.270508
-0.06303406 -4.019577 9.161011
0.003616333 -4.4861298 8.989624
0.09169006 -4.9979095 9.141968
0.21546936 -5.083603 9.02771
0.19642639 -4.4861298 9.15863
0.1797638 -4.0148163 9.044373
-0.010665894 -3.660141 9.15625
-0.14396667 -3.5435028 9.382385
-0.027328491 -3.5911102 9.482361
0.12501526 -3.7458344 9.251465
0.16072083 -3.9886322 8.96344
0.07026672 -4.3242645 9.0824585
-0.11778259 -4.943161 9.251465
-0.06541443 -5.224045 9.177673
0.12025452 -4.7551117 8.927734
0.18214417 -4.1909637 8.9991455
0.07026672 -3.9529266 9.172913
0.04170227 -3.8886566 9.263367
0.022659302 -3.9981537 9.322876
0.025039673 -4.0671844 9.28717
0.094070435 -4.1957245 9.096741
0.11073303 -4.2457123 9.049133
0.06074524 -4.2861786 9.280029
0.04408264 -4.2409515 9.403809
0.053604126 -4.152878 9.187195
-0.0035247803 -4.031479 9.1657715
-0.017807007 -4.019577 9.122925
-0.08207703 -4.1814423 9.115784
-0.0011444092 -4.1695404 9.399048
0.05836487 -4.4528046 9.039612
0.096450806 -4.4123383 9.087219
0.07978821 -4.417099 8.953918
0.06312561 -4.6051483 9.001526
0.048843384 -4.5099335 9.051514
0.129776 -4.321884 9.251465
0.18928528 -4.3290253 9.434753
0.1631012 -4.2909393 9.258606
0.14167786 -4.03862 9.084839
0.06312561 -3.8101044 9.132446
0.03694153 -3.871994 9.310974
0.06788635 -4.2219086 9.113403
0.075027466 -4.409958 9.118164
0.008377075 -4.621811 9.151489
-0.041610718 -4.467087 9.0824585
-0.0011444092 -4.110031 9.096741
0.025039673 -3.9410248 8.972961
0.013137817 -4.255234 8.601624
-0.055892944 -4.4218597 10.029846
0.14881897 -5.1383514 8.7872925
0.13929749 -4.7146454 9.246704
0.129776 -3.8957977 9.765625
0.17262268 -3.5030365 9.118164
0.24641418 -3.2388153 9.534729
0.26545715 -3.5173187 9.020569
0.115493774 -4.3290253 8.480225
-0.39866638 -4.655136 10.058411
-0.3486786 -4.5051727 9.02771
-0.06303406 -4.6122894 8.239807
0.12739563 -5.200241 9.015808
-0.17015076 -4.962204 8.984863
-0.31773376 -4.2076263 8.601624
-0.20347595 -3.8672333 8.713501
-0.13920593 -4.340927 9.553772
-0.120162964 -4.314743 9.449036
-0.27964783 -4.1504974 9.401428
-0.4867401 -3.891037 8.982483
-0.50102234 -4.974106 8.444519
-0.0059051514 -6.823654 8.520691
0.6915436 -5.9667206 11.046265
2.0269318 -4.321884 8.613525
0.6963043 -2.5794525 8.977722
-0.14872742 -1.075058 7.956543
1.5318146 -1.5416107 11.686584
0.3035431 -2.1581268 9.253845
0.27259827 -4.828903 9.568054
0.04170227 -5.140732 8.06366
-0.42485046 -4.897934 8.035095
-0.479599 -5.7358246 7.506653
-0.60575867 -7.0807343 8.863464
-0.2653656 -7.302109 8.677795
0.1869049 -5.8262787 8.7872925
0.2035675 -4.012436 9.09198
0.17262268 -3.095993 9.510925
0.013137817 -2.9698334 9.5442505
0.03694153 -3.2745209 9.401428
0.26307678 -3.6553802 9.520447
0.29878235 -3.6910858 9.139587
0.1797638 -4.371872 8.894409
0.022659302 -5.0431366 9.265747
0.0393219 -5.583481 9.201477
0.2702179 -5.2478485 8.889648
0.30116272 -4.950302 9.565674
0.17024231 -4.526596 9.077698
0.10597229 -4.1385956 9.084839
0.13215637 -3.7958221 9.47998
-0.49150085 -3.1864471 9.760864
1.4056549 -3.7910614 8.727783
0.92481995 -4.731308 7.180542
-1.5269623 -4.814621 10.903442
-0.49388123 -4.8622284 10.075073
0.35591125 -4.3766327 8.551636
0.43684387 -3.8600922 8.111267
0.17262268 -4.662277 8.922974
-0.3391571 -6.130966 8.335022
-0.24394226 -6.721298 7.925598
0.34162903 -5.96434 8.663513
0.7462921 -5.1193085 10.144104
0.68678284 -3.948166 9.706116
0.5987091 -2.5223236 9.437134
0.5153961 -1.4130707 9.2229
0.6177521 -1.8724823 10.141724
0.03694153 -2.5413666 10.746338
-0.7771454 -3.0269623 10.536865
-0.90330505 -3.0864716 8.815857
-0.5105438 -4.9836273 7.573303
-0.0844574 -7.283066 6.442627
-0.43437195 -9.506332 6.7854004
-0.5938568 -11.567734 7.2876587
-0.86997986 -9.611069 6.302185
-0.41056824 -6.1857147 7.8637085
-0.38676453 -4.0600433 9.099121
-0.37486267 -3.667282 9.384766
-0.122543335 -3.2769012 9.953674
0.24641418 -1.8701019 9.694214
0.5011139 -1.9296112 10.220276
0.34638977 -3.5720673 9.622803
-0.027328491 -5.2145233 7.9160767
-0.09159851 -7.283066 8.668274
0.05836487 -7.637741 8.344543
0.20832825 -6.0238495 8.151733
0.022659302 -4.319504 8.646851
-0.28440857 -3.2911835 8.83252
-0.38438416 -3.4173431 10.067932
-0.124923706 -4.6194305 9.627563
0.07978821 -4.7075043 8.206482
-0.034469604 -5.185959 8.696838
-0.3224945 -5.700119 8.280273
-0.37724304 -5.4716034 8.044617
-0.16062927 -5.500168 9.065796
-0.101119995 -5.0312347 8.711121
-0.16300964 -4.352829 9.570435
-0.18681335 -3.9576874 9.249084
-0.13444519 -5.1502533 9.296692
-0.122543335 -6.078598 8.380249
-0.07017517 -6.5808563 8.25885
-0.19633484 -6.373764 8.922974
0.9462433 -5.3954315 9.553772
1.1509552 -3.9529266 9.546631
0.094070435 -2.4913788 9.234802
-0.67240906 -1.9867401 8.858704
0.73439026 -2.9341278 8.980103
-0.07017517 -3.9076996 9.994141
-1.993515 -4.5099335 9.829895
-1.8506927 -3.557785 9.206238
-0.8080902 -2.9555511 8.694458
-0.013046265 -3.6244354 8.518311
0.17262268 -5.6263275 7.9327393
0.10597229 -8.032883 6.7401733
-0.0059051514 -9.132614 8.151733
-0.2820282 -7.4544525 9.363342
0.055984497 -5.283554 8.944397
0.2868805 -3.8101044 8.942017
0.3106842 -3.3149872 9.73468
0.051223755 -3.0174408 10.729675
0.1464386 -2.0010223 10.494019
0.17024231 -1.2012177 10.160767
-0.31773376 -1.0655365 9.689453
-0.85331726 -2.0676727 8.489746
-1.0104218 -3.1578827 8.301697
-0.35105896 -7.69487 7.1019897
0.55348206 -11.196396 6.6901855
0.79389954 -11.148788 7.842285
0.4273224 -8.65654 7.5756836
-0.40342712 -6.8641205 7.085327
-0.6200409 -4.9788666 8.492126
-0.47483826 -3.7982025 9.132446
-0.08683777 -3.4054413 8.57782
0.2702179 -3.826767 8.89679
0.37257385 -4.371872 9.560913
0.37495422 -4.571823 8.304077
0.19404602 -5.3573456 8.822998
0.08692932 -5.462082 9.1657715
0.26783752 -5.431137 8.949158
0.12739563 -4.533737 9.53949
0.1869049 -3.743454 9.568054
0.36305237 -2.88414 9.727539
0.15834045 -3.2411957 10.148865
0.24879456 -3.538742 8.875366
0.30116272 -4.0981293 9.506165
0.25593567 -4.87175 8.8349
0.24641418 -5.32164 8.968201
0.1797638 -5.712021 8.639709
0.027420044 -5.419235 8.7682495
0.1797638 -5.295456 9.087219
0.22975159 -4.955063 9.275269
0.117874146 -4.0814667 9.127686
-0.13206482 -3.3364105 9.118164
-0.4058075 -3.3316498 8.613525
-0.42485046 -4.5623016 7.880371
-0.43199158 -5.878647 9.070557
-0.61528015 -5.8262787 9.60614
-0.6105194 -5.2026215 8.956299
-0.21299744 -4.667038 9.546631
0.48683167 -3.9981537 9.306213
0.2868805 -3.8410492 9.175293
0.45350647 -4.136215 8.818237
-0.44389343 -4.219528 9.779907
0.6177521 -4.0862274 9.051514
Time Stop = 1457237407
