Time Start = 1457237371
-0.59861755 3.0953522 8.951538
-0.8152313 2.754959 9.263367
-1.043747 2.407425 9.134827
-0.91282654 2.4121857 9.291931
-0.59861755 2.5407257 9.310974
-0.39866638 2.8287506 9.310974
-0.4129486 3.0667877 9.258606
-0.5938568 3.0858307 9.051514
-0.7509613 2.9834747 8.808716
-0.6033783 2.7240143 8.544495
-0.60575867 2.6740265 8.230286
-0.51768494 2.8858795 7.9589233
-0.6128998 3.1881866 8.082703
-0.69859314 3.319107 8.282654
-0.94615173 3.311966 8.813477
-1.1270599 3.1310577 8.96344
-1.1508636 2.9358673 9.013428
-0.98661804 2.8144684 9.022949
-0.82237244 2.8977814 8.987244
-0.86997986 3.0263214 8.861084
-0.75572205 3.3262482 8.627808
-0.5938568 3.6690216 8.484985
-0.43437195 3.940384 8.546875
-0.37010193 3.9141998 8.811096
-0.21775818 3.9118195 8.813477
-0.1915741 3.626175 8.882507
-0.13920593 3.27388 8.884888
-0.08207703 3.1048737 8.751587
-0.013046265 3.0548859 9.008667
-0.07017517 2.8668365 9.718018
-0.49150085 2.509781 10.846313
-0.9723358 2.2193756 11.27478
-1.0580292 1.9932404 10.981995
-0.91044617 1.2886505 10.853455
-0.38200378 0.6983185 10.551147
0.08454895 0.24128723 10.320251
0.4416046 -0.049118042 9.948914
0.6510773 -0.10862732 9.565674
0.50587463 -0.44664 9.591858
-0.07255554 -1.3535614 10.265503
-0.81999207 -2.486618 10.674927
-1.4626923 -3.2911835 10.336914
-2.0101776 -3.9838715 9.682312
-2.3767548 -4.9384003 9.232422
-2.4029388 -5.90007 8.784912
-1.8578339 -6.7093964 8.096985
-0.6176605 -7.11882 7.194824
0.22975159 -7.497299 6.706848
0.7296295 -7.7043915 6.390259
0.86769104 -6.8307953 6.2521973
0.9533844 -5.4787445 6.2521973
1.1319122 -4.5742035 6.918701
1.0509796 -4.402817 8.216003
0.5891876 -4.662277 9.458557
-0.1915741 -4.500412 9.6918335
-1.0937347 -4.110031 8.958679
-2.1434784 -3.929123 8.7872925
-2.9218597 -3.9672089 8.746826
-1.0104218 -2.3890228 8.370728
-3.6383514 -7.4663544 12.265015
-4.135849 -7.18071 9.853699
-3.526474 -5.359726 6.994873
-3.302719 -4.7265472 7.225769
-3.9454193 -3.3483124 14.538269
-3.4645844 0.23176575 10.24646
-2.7385712 2.1432037 8.080322
-1.7221527 1.6623688 11.005798
-0.6009979 0.6721344 11.772278
0.86531067 0.24604797 9.787048
1.8150787 -0.55851746 10.715393
0.6796417 -0.69181824 10.208374
0.13215637 -1.4392548 10.386902
-0.4391327 -2.1628876 9.746582
-0.8318939 -2.6294403 9.522827
-0.4724579 -3.0222015 9.408569
-0.08207703 -3.2126312 9.656128
-0.0035247803 -3.2935638 9.741821
0.6986847 -3.9529266 10.05127
0.6010895 -3.6077728 8.882507
-0.53196716 -3.2507172 8.989624
-1.0651703 -3.4411469 9.015808
-0.7271576 -4.0862274 9.115784
-0.23680115 -5.2930756 8.604004
0.18214417 -5.7858124 7.963684
-0.041610718 -5.0931244 10.793945
0.38209534 -3.1507416 10.101257
-0.56529236 -0.22764587 9.994141
-1.0580292 1.4171906 10.779663
-0.8818817 1.5861969 10.929626
-0.5272064 1.0886993 10.403564
-0.23442078 0.1865387 10.172668
-0.7414398 -1.3368988 9.748962
-0.63908386 -2.8508148 9.294312
-0.22251892 -3.7672577 9.263367
0.16548157 -4.4766083 8.439758
0.42018127 -4.6384735 9.834656
-0.124923706 -4.1433563 9.872742
-0.04637146 -4.088608 8.470703
0.075027466 -4.5599213 9.03009
-0.07255554 -4.250473 9.384766
-0.06303406 -3.6387177 9.02533
-0.16062927 -3.4411469 9.389526
-0.34153748 -3.5054169 8.932495
0.03694153 -3.4792328 9.363342
0.35829163 -3.6506195 9.677551
0.52253723 -3.660141 8.146973
0.5106354 -4.367111 9.420471
-0.020187378 -4.719406 9.318115
-0.4867401 -4.928879 9.546631
-0.63194275 -4.110031 9.120544
-0.5462494 -3.088852 10.05603
-0.25584412 -2.024826 10.391663
-0.09635925 -1.184555 10.296448
0.0012359619 -0.96318054 10.027466
-0.079696655 -1.389267 10.032227
0.10121155 -2.3795013 9.434753
0.06550598 -3.224533 9.241943
-0.15110779 -3.9648285 8.199341
0.10359192 -4.8050995 9.327637
-0.21299744 -5.4906464 8.875366
-0.42008972 -6.3975677 8.651611
-0.5533905 -5.9786224 9.370483
-0.5938568 -4.7098846 8.918213
-0.5224457 -3.917221 8.987244
-0.35343933 -3.2102509 9.187195
-0.17729187 -2.986496 9.789429
-0.13206482 -2.6937103 9.199097
-0.22251892 -2.581833 9.629944
-0.13920593 -2.9579315 9.913208
-0.19633484 -2.800827 9.644226
-0.21061707 -2.8508148 9.79895
-0.248703 -2.5461273 8.908691
-0.5200653 -2.729416 8.9991455
-3.9216156 -2.6865692 12.979126
0.072647095 -2.8293915 7.5804443
1.3556671 -4.693222 8.623047
1.431839 -5.4477997 9.487122
0.13929749 -5.1002655 9.368103
-0.27012634 -4.821762 9.320496
-0.4724579 -4.2266693 9.532349
-0.2891693 -3.633957 9.41571
-0.02494812 -2.8936615 9.453796
0.08216858 -2.4889984 9.09198
-0.051132202 -2.6675262 9.870361
-0.21537781 -3.4125824 9.310974
-0.6128998 -3.686325 9.310974
-1.1461029 -2.3699799 9.358582
1.450882 -3.8672333 8.45166
0.6963043 -4.8050995 9.653748
0.4273224 -4.443283 10.034607
-0.4391327 -3.9672089 9.508545
-0.5224457 -3.6268158 9.272888
-0.1582489 -3.2269135 9.746582
0.28211975 -2.974594 9.106262
0.0393219 -3.0293427 9.368103
-0.2653656 -4.236191 9.513306
-0.16539001 -4.6003876 9.820374
0.01789856 -3.6577606 9.496643
-0.027328491 -3.2507172 9.289551
-0.15110779 -3.1697845 9.21814
-0.1915741 -3.2769012 9.141968
-0.17729187 -3.5411224 9.077698
-0.13444519 -3.7148895 9.884644
-0.21775818 -3.9386444 9.330017
-0.3391571 -3.6934662 9.134827
-0.18205261 -3.6696625 9.115784
0.14881897 -3.686325 9.663269
0.15357971 -3.8672333 9.182434
-0.17015076 -3.9386444 9.458557
-0.19871521 -3.7672577 9.591858
-0.15348816 -3.576828 9.265747
-0.098739624 -3.4125824 9.648987
-0.034469604 -3.410202 9.551392
-0.20347595 -3.519699 9.387146
-0.27488708 -3.6458588 9.1467285
-0.34153748 -3.8243866 9.515686
-0.25108337 -3.7577362 9.191956
-0.23442078 -3.5268402 9.4776
-0.22966003 -3.7101288 9.339539
-0.23680115 -3.8957977 9.358582
-0.29154968 -3.6434784 9.299072
-0.27488708 -3.345932 9.489502
-0.11302185 -3.550644 9.748962
0.04170227 -3.8886566 9.5252075
0.06074524 -4.2100067 8.808716
-0.27726746 -4.647995 8.525452
0.4677887 -5.212143 8.863464
0.46540833 -5.135971 9.86084
-0.4557953 -4.129074 9.0824585
-0.30821228 -3.4411469 8.96582
-0.55101013 -2.4580536 9.451416
-0.59861755 -2.331894 10.648743
-0.7676239 -1.748703 9.468079
-0.9913788 -1.6749115 9.641846
-0.8890228 -2.4937592 9.598999
-0.8342743 -2.9150848 9.363342
-0.56529236 -3.4887543 9.753723
-0.20109558 -3.8029633 9.001526
-0.0011444092 -4.5884857 9.322876
0.2368927 -4.969345 8.225525
0.008377075 -5.166916 9.563293
-0.24156189 -4.283798 9.808472
-0.3058319 -3.0031586 9.806091
-0.36772156 -2.312851 9.232422
-0.17015076 -2.9650726 9.620422
-0.04875183 -4.0410004 9.384766
-0.0677948 -4.659897 9.28479
-0.07255554 -4.762253 9.270508
-0.124923706 -4.10289 8.877747
-0.21775818 -3.7220306 8.927734
-0.7414398 -3.8101044 10.11554
-0.83665466 -3.6172943 9.018188
-0.6533661 -3.5720673 8.468323
-0.7604828 -4.281418 9.672791
-0.710495 -4.3623505 8.742065
-0.6105194 -4.076706 8.099365
-0.44151306 -4.2933197 10.801086
-0.5272064 -4.090988 7.482849
-0.06541443 -4.640854 8.7872925
-0.17015076 -4.03862 10.267883
-0.23680115 -3.3554535 8.789673
0.15357971 -3.7410736 9.006287
0.16786194 -3.6553802 9.660889
0.1797638 -2.865097 10.334534
-0.2653656 -2.1248016 10.065552
-0.49388123 -1.4940033 10.539246
-0.38200378 -1.4701996 10.298828
-0.12968445 -1.8010712 9.99176
-0.33439636 -1.9415131 9.60376
-0.81285095 -2.2533417 9.737061
-1.069931 -2.9793549 9.34906
-0.76524353 -4.4385223 7.87323
-0.18443298 -6.123825 7.6589966
0.053604126 -7.6972504 7.9160767
0.20594788 -8.46611 8.00415
-0.055892944 -7.9686127 8.375488
-0.2082367 -5.988144 9.34668
-0.32963562 -4.321884 8.994385
-0.32963562 -2.8722382 9.848938
-0.4058075 -1.6320648 10.239319
-0.29631042 -0.9488983 9.784668
-0.1582489 -1.6058807 9.627563
-0.13444519 -2.9055634 9.484741
-0.20585632 -4.3099823 9.684692
-0.055892944 -5.2668915 9.241943
-0.07017517 -5.3240204 8.980103
-0.017807007 -4.80986 9.049133
-0.14396667 -4.2933197 9.0824585
-0.21537781 -3.9672089 8.89679
-0.11064148 -4.1266937 9.022949
-0.29393005 -4.93602 9.22052
-0.058273315 -5.4406586 9.532349
0.0393219 -4.7979584 9.339539
0.029800415 -3.9315033 9.308594
-0.6176605 -3.0269623 9.684692
-0.33439636 -2.415207 9.532349
-0.17967224 -1.9843597 9.09436
-0.29631042 -2.0486298 9.746582
-0.3724823 -3.0341034 10.101257
-0.49864197 -2.7460785 9.508545
-0.4462738 -2.9769745 8.782532
-0.41056824 -4.2647552 8.96582
-0.396286 -4.988388 9.3133545
-0.2653656 -4.321884 9.151489
-0.22013855 -3.4435272 9.127686
-0.3153534 -2.9055634 9.760864
-0.45817566 -3.191208 9.365723
-0.6200409 -3.5554047 9.772766
-0.45817566 -3.955307 9.196716
-0.13920593 -3.2150116 10.591614
-0.17253113 -3.2840424 8.434998
-0.59861755 -3.198349 9.958435
-1.4055634 -3.1959686 9.591858
-1.6316986 -3.5268402 9.120544
0.56300354 -4.1885834 9.3776245
0.7796173 -3.5815887 8.315979
2.624405 -4.962204 8.615906
1.746048 -5.495407 9.232422
0.93434143 -4.866989 7.758972
-0.9723358 -4.5218353 11.2247925
-0.691452 -3.3602142 10.3012085
-0.71287537 -2.3104706 8.670654
-0.08683777 -2.229538 10.098877
0.31544495 -3.198349 8.549255
-0.5224457 -4.4004364 9.28241
-0.6676483 -5.2740326 8.922974
-0.4557953 -5.404953 8.725403
0.013137817 -4.712265 8.487366
-0.039230347 -3.78154 10.524963
-0.42008972 -2.9983978 9.577576
-0.21061707 -2.6294403 9.203857
-0.40342712 -2.1057587 9.641846
-0.1582489 -2.5485077 9.79657
-0.15586853 -3.2745209 9.508545
-0.23680115 -3.7148895 9.563293
-0.23442078 -3.8886566 9.637085
-0.060653687 -4.0552826 9.080078
-0.041610718 -4.064804 9.149109
-0.08207703 -4.140976 9.09198
-0.18443298 -4.3052216 9.184814
-0.18443298 -4.4528046 9.170532
-0.22489929 -4.633713 9.115784
-0.17729187 -4.514694 9.318115
-0.029708862 -4.3433075 9.051514
-0.09397888 -4.1695404 10.036987
0.08216858 -4.045761 9.120544
-0.19871521 -3.7363129 8.801575
-0.40104675 -3.1769257 9.972717
-0.543869 -2.7889252 9.353821
-0.48197937 -2.5485077 9.232422
-0.35105896 -2.6675262 9.4776
-0.4962616 -3.2388153 9.401428
-0.59147644 -3.7363129 9.225281
-0.5224457 -3.8315277 9.6085205
-0.3724823 -3.7077484 9.387146
-0.25346375 -3.4982758 9.60376
-0.25108337 -3.3983002 9.496643
-0.27012634 -3.2959442 9.556152
-0.29631042 -3.3340302 9.549011
-0.23680115 -3.345932 9.334778
-0.1915741 -3.5077972 9.294312
-0.14396667 -3.5720673 9.084839
-0.26774597 -3.6815643 9.763245
-0.21537781 -4.16716 9.308594
-0.27964783 -4.1005096 9.072937
-0.2891693 -3.698227 9.168152
-0.2320404 -3.6910858 9.356201
-0.3153534 -3.7196503 9.246704
-0.34391785 -3.4839935 9.344299
-0.24632263 -3.4911346 9.456177
-0.19395447 -3.7077484 9.470459
-0.16777039 -3.660141 9.253845
-0.32487488 -3.6625214 9.360962
-0.40342712 -3.71727 9.441895
-0.38200378 -3.6839447 9.375244
-0.2582245 -3.5673065 9.458557
-0.20347595 -3.236435 9.170532
-0.28440857 -3.1007538 9.73468
-0.28440857 -3.5673065 9.332397
-0.26060486 -3.8101044 9.149109
-0.20109558 -4.379013 9.184814
-0.3224945 -4.5432587 9.353821
-0.43199158 -3.71727 9.584717
-0.32487488 -2.9983978 9.696594
-0.23918152 -2.7222748 9.363342
-0.27488708 -3.0483856 9.308594
-0.40104675 -3.3173676 9.496643
-0.37724304 -3.538742 9.394287
-0.21537781 -3.8696136 9.28241
-0.06303406 -3.8291473 9.249084
-0.1415863 -4.026718 9.115784
-0.29154968 -4.257614 9.34668
-0.32487488 -4.250473 9.446655
-0.2320404 -3.7767792 9.487122
-0.19633484 -3.0102997 9.099121
-0.29154968 -2.9555511 10.039368
-0.23918152 -3.7363129 9.453796
-0.25346375 -3.7934418 9.215759
-0.30345154 -3.7672577 9.587097
-0.07017517 -4.1457367 8.894409
-0.43199158 -3.7863007 9.660889
-0.3891449 -3.3816376 9.789429
-0.04875183 -2.960312 8.7872925
-0.10826111 -3.0793304 9.470459
-0.28440857 -3.7982025 9.09436
-0.48912048 -4.2219086 9.189575
-0.479599 -4.1076508 9.232422
-0.4724579 -3.743454 9.522827
-0.47721863 -3.3792572 9.553772
-0.2082367 -2.8865204 9.499023
-0.18205261 -3.0793304 9.651367
-0.27964783 -3.8053436 8.894409
-0.29154968 -4.212387 9.889404
0.04170227 -3.762497 9.256226
-0.008285522 -3.4958954 9.256226
-0.18919373 -3.6006317 9.6085205
-0.25346375 -3.2530975 9.875122
-0.2891693 -3.3744965 9.061035
-0.44865417 -3.6244354 9.470459
-0.38438416 -3.493515 9.399048
-0.31297302 -3.3578339 9.3966675
-0.37724304 -3.2197723 9.596619
-0.2582245 -3.2959442 8.865845
-0.40818787 -3.569687 9.929871
-0.32011414 -3.4887543 9.137207
-0.33677673 -3.8577118 8.820618
-0.29393005 -4.236191 9.751343
-0.101119995 -4.03862 9.15387
-0.24394226 -3.6458588 9.046753
-0.017807007 -3.5530243 9.429993
0.1869049 -3.8743744 9.289551
-0.010665894 -4.1076508 9.453796
-0.06541443 -4.2980804 9.5252075
-0.12730408 -4.35997 9.225281
-0.15586853 -4.1766815 9.341919
-0.1415863 -3.9695892 9.339539
-0.19871521 -3.9600677 9.384766
-0.25108337 -3.6101532 9.629944
-0.23442078 -2.827011 9.356201
-0.09159851 -2.7032318 9.308594
-0.077316284 -3.5030365 9.244324
-0.13444519 -4.352829 9.5252075
-0.22251892 -4.598007 9.201477
-0.14872742 -3.8362885 9.584717
-0.06541443 -3.6434784 9.434753
-0.14396667 -3.319748 9.834656
-0.32487488 -2.9722137 9.353821
-0.36058044 -3.1436005 9.639465
-0.24394226 -3.5173187 9.268127
-0.31297302 -3.583969 9.356201
-0.08921814 -4.4528046 9.360962
0.21784973 -4.693222 9.365723
0.1631012 -4.886032 8.592102
-0.077316284 -5.207382 8.982483
-0.35820007 -5.12883 8.975342
-0.07017517 -4.724167 9.570435
0.003616333 -3.4530487 9.444275
-0.022567749 -2.3985443 9.641846
-0.077316284 -2.229538 9.341919
-0.13206482 -2.922226 9.470459
-0.12968445 -3.5482635 9.432373
-0.04399109 -4.069565 9.118164
-0.122543335 -4.4861298 9.503784
-0.14634705 -4.2028656 9.365723
-0.055892944 -3.9457855 9.130066
0.048843384 -4.2718964 9.306213
0.14167786 -4.2861786 9.513306
0.07978821 -3.7315521 9.806091
-0.034469604 -2.838913 9.794189
-0.15110779 -2.5270844 9.244324
-0.3891449 -2.6103973 10.125061
-0.9247284 -3.5411224 8.427856
-0.7700043 -4.931259 8.558777
-0.5533905 -5.521591 8.675415
-0.26298523 -6.02623 8.687317
-0.46531677 -5.7048798 8.89679
-0.39152527 -4.5408783 8.975342
-0.2725067 -3.826767 9.746582
-0.07255554 -2.9127045 9.984619
0.072647095 -1.6772919 9.7323
0.072647095 -1.9058075 9.7323
-0.33677673 -3.1388397 9.53949
-0.50816345 -4.4908905 9.137207
-0.35820007 -5.776291 8.796814
-0.11778259 -6.547531 8.699219
0.010757446 -6.161911 9.382385
0.12025452 -4.538498 9.663269
0.22499084 -3.0912323 7.8946533
-0.032089233 -2.3152313 10.11554
-0.4867401 -2.1866913 10.482117
-0.2820282 -2.7436981 8.285034
-0.646225 -4.050522 9.777527
-0.73905945 -4.826523 8.135071
-0.25346375 -5.4930267 9.251465
-0.25346375 -4.564682 10.382141
-0.44151306 -3.0150604 9.187195
-0.64860535 -2.2652435 8.9158325
-0.5867157 -3.3673553 9.270508
-0.30345154 -4.5242157 9.820374
0.61061096 -4.4456635 9.403809
0.28450012 -2.9388885 9.21814
-0.7009735 -2.1509857 9.960815
-0.6009979 -2.0938568 9.598999
-0.5938568 -2.838913 9.768005
-0.5771942 -3.788681 8.753967
-0.6509857 -4.590866 9.327637
-1.1103973 -4.493271 9.427612
-0.73191833 -4.152878 8.944397
-0.4867401 -4.186203 9.291931
-0.1415863 -4.3694916 8.680176
-0.017807007 -5.0169525 8.599243
-0.45341492 -5.776291 9.0896
-0.16539001 -4.481369 9.289551
-0.09397888 -3.0626678 9.73468
-0.43675232 -1.3321381 10.429749
-0.3486786 -0.46568298 9.820374
-0.22013855 -1.0917206 10.267883
-0.35343933 -2.1819305 9.884644
-0.49864197 -4.1266937 9.60614
-0.3486786 -4.924118 9.929871
-0.23442078 -3.7767792 9.253845
0.3202057 -2.634201 9.584717
-0.022567749 -2.5032806 8.265991
-0.2725067 -2.7841644 10.077454
-0.793808 -3.8386688 8.1922
0.07978821 -6.949814 8.104126
0.22261047 -8.120956 8.984863
-0.36058044 -6.423752 8.106506
-0.68193054 -4.6456146 8.789673
-0.6795502 -3.705368 9.344299
-0.51768494 -3.4387665 8.611145
-0.31773376 -3.4530487 9.620422
-0.17015076 -3.3411713 9.161011
-0.17253113 -3.6553802 9.487122
-0.079696655 -3.7458344 9.249084
-0.013046265 -3.538742 9.718018
0.0155181885 -3.3602142 9.898926
-0.055892944 -2.8317719 10.30835
0.13929749 -2.7270355 9.656128
-0.060653687 -2.7532196 9.482361
Time Stop = 1457237375
