Time Start = 2037
-0.9794769 -1.3035736 9.651367
-1.5269623 -1.0131683 9.784668
-1.7388153 -0.7584686 9.901306
-1.4745941 -0.6941986 10.003662
-1.1937103 -0.6799164 9.867981
-1.0627899 -0.82273865 9.977478
-1.1270599 -1.0298309 9.92511
-1.1580048 -0.93699646 9.929871
-1.0604095 -0.8036957 10.029846
-1.0199432 -0.677536 10.234558
-0.89616394 -0.67515564 10.255981
-0.8485565 -0.6632538 10.391663
-0.7438202 -0.677536 10.434509
-0.68907166 -0.54185486 10.317871
-0.6343231 -0.7370453 10.434509
-0.55815125 -1.0702972 10.524963
-0.39390564 -1.5439911 10.772522
-0.16300964 -1.8820038 10.977234
-0.008285522 -1.8724823 11.167664
-0.11778259 -1.703476 11.255737
-0.30821228 -1.4059296 11.384277
-0.49150085 -1.0345917 11.265259
-0.332016 -1.0203094 11.122437
0.62013245 -1.2535858 10.981995
2.3697052 -1.9700775 10.853455
4.1216583 -2.7484589 11.674683
3.3789825 -2.2414398 11.698486
1.7627106 -1.0322113 11.446167
0.77485657 -0.5537567 11.331909
0.9557648 -0.6608734 10.9938965
1.6365509 -1.1107635 11.039124
2.195938 -1.7344208 11.072449
2.2768707 -2.4770966 10.812988
1.9983673 -3.0936127 10.417847
1.7389069 -3.5863495 10.101257
1.9817047 -3.5054169 9.0896
1.957901 -3.8434296 9.47522
2.0554962 -4.045761 8.894409
2.1388092 -4.7146454 8.715881
1.8341217 -5.5239716 8.289795
1.6674957 -6.328537 7.566162
1.579422 -6.86174 6.7354126
1.6555939 -7.2806854 6.340271
1.8817291 -7.3378143 5.911804
1.9936066 -7.2497406 5.9189453
1.9888458 -7.199753 5.916565
2.0293121 -7.252121 5.954651
2.1078644 -7.175949 5.745178
2.0721588 -6.9331512 5.7999268
1.8722076 -6.7474823 5.7285156
1.598465 -6.790329 5.6309204
1.4342194 -7.1521454 5.454773
1.1200104 -7.4663544 4.9263306
1.0247955 -7.892441 4.402649
1.0128937 -8.289963 4.4002686
1.0843048 -8.385178 4.7597046
1.0462189 -8.289963 5.083435
1.0247955 -8.085251 5.557129
1.0866852 -7.956711 5.852295
1.0414581 -7.925766 6.3878784
0.9795685 -7.861496 6.668762
0.9795685 -7.82341 6.880615
0.8629303 -7.8400726 6.578308
0.79389954 -7.8710175 6.3426514
0.86531067 -7.875778 5.788025
0.76057434 -7.95195 5.621399
0.40351868 -8.051926 5.549988
0.19642639 -8.244736 5.442871
-0.020187378 -8.523239 5.3286133
-0.14872742 -8.6922455 5.338135
-0.101119995 -8.861252 5.152466
-0.17729187 -8.951706 5.0548706
-0.4296112 -9.10643 4.7597046
-0.5557709 -9.308762 4.750183
-0.44151306 -9.392075 4.47406
-0.28678894 -9.242111 4.3550415
-0.1582489 -8.830307 4.690674
-0.032089233 -8.516098 4.9525146
-0.07493591 -8.437546 4.9120483
-0.23918152 -8.511337 4.897766
-0.2082367 -8.644638 4.712097
0.08454895 -8.880295 4.364563
0.38923645 -9.10405 3.7337646
0.68678284 -9.004074 3.5385742
0.6486969 -8.768417 3.8623047
0.5487213 -8.663681 3.9979858
0.50349426 -8.582748 3.8718262
0.4677887 -8.542282 4.1622314
0.6725006 -8.568466 4.1765137
0.72724915 -8.792221 4.062256
0.5582428 -9.2183075 4.0479736
0.4178009 -9.432541 3.7480469
0.30830383 -9.439682 3.698059
0.23927307 -9.475388 3.864685
0.13453674 -9.48967 4.1622314
0.04170227 -9.6610565 4.350281
-0.13920593 -9.7443695 4.1884155
-0.23918152 -9.711044 3.9908447
-0.35105896 -9.630112 4.1741333
-0.4391327 -9.5967865 4.0979614
-0.44389343 -9.482529 4.274109
-0.55815125 -9.420639 4.266968
-0.68193054 -9.603928 4.4716797
-0.8152313 -9.696762 4.3431396
-0.691452 -9.772934 4.1574707
-0.4724579 -9.701523 3.524292
-0.3486786 -9.4301605 3.8932495
-0.48912048 -9.294479 3.581421
-0.7581024 -9.525375 3.44812
-0.9556732 -10.279953 3.2267456
-0.9675751 -10.77507 2.9863281
-0.97709656 -11.055954 3.2910156
-0.9985199 -11.320175 3.5647583
-0.9509125 -11.615341 3.8408813
-0.9747162 -11.953354 3.986084
-0.9390106 -12.388962 3.7123413
-0.941391 -12.665085 3.6004639
-0.9818573 -12.7603 3.4766846
-0.9318695 -12.667465 3.1958008
-1.0318451 -12.807907 3.1315308
-1.1056366 -12.936447 2.953003
-1.217514 -13.007858 3.0577393
-1.1675262 -12.807907 3.2053223
-0.877121 -12.562729 3.433838
-0.19633484 -12.238998 3.6599731
0.23213196 -11.943832 3.8099365
0.61299133 -11.660568 3.921814
0.9462433 -11.355881 4.057495
1.2556915 -11.084518 4.076538
1.643692 -10.567978 3.9622803
2.1602325 -10.341843 3.9622803
2.650589 -10.475143 4.1955566
3.1814117 -10.099045 4.2217407
3.4099274 -9.551559 4.4764404
3.4170685 -9.03978 5.140564
3.5003815 -8.425644 5.5737915
3.5432281 -7.95195 5.7070923
3.8264923 -7.811508 5.878479
4.285904 -7.873398 5.745178
4.6929474 -7.9210052 5.430969
4.8333893 -7.849594 5.326233
4.871475 -7.411606 5.2453003
4.928604 -7.0807343 5.385742
4.985733 -6.945053 5.6499634
4.992874 -6.7546234 5.7856445
5.0714264 -6.5118256 5.88562
5.216629 -6.21904 5.788025
5.4261017 -6.1143036 5.8570557
5.678421 -5.685837 6.0284424
5.7188873 -5.231186 5.976074
5.747452 -4.833664 5.8356323
5.7331696 -4.390915 5.7927856
5.811722 -4.2100067 5.768982
6.018814 -4.212387 5.616638
6.235428 -4.198105 5.466675
6.3306427 -3.8934174 5.4381104
6.292557 -3.5435028 5.4452515
6.237808 -3.1364594 5.595215
6.190201 -2.793686 5.8832397
6.3115997 -2.3533173 5.973694
6.4520416 -1.7439423 6.242676
6.5782013 -1.3297577 6.378357
6.6757965 -1.0988617 6.411682
6.749588 -0.7917938 6.3831177
6.7638702 -0.43711853 6.3997803
6.7900543 -0.33714294 6.4450073
6.8876495 -0.17289734 6.616394
7.0042877 0.20082092 6.604492
6.9566803 0.5888214 6.9282227
7.011429 0.75068665 7.0043945
6.9138336 0.85066223 7.021057
6.8281403 1.0268097 6.980591
6.6305695 0.9768219 6.7211304
6.556778 0.85066223 6.821106
6.3996735 0.7554474 6.8115845
6.321121 0.7863922 6.506897
6.1806793 0.7364044 6.4188232
6.068802 0.688797 6.3450317
6.044998 0.7959137 6.1688843
5.99263 0.624527 6.116516
5.9497833 0.76734924 5.916565
5.9045563 0.9601593 6.0213013
5.9307404 1.150589 6.083191
6.030716 1.2957916 6.2022095
6.0735626 1.4600372 6.109375
6.0735626 1.5504913 5.9641724
6.094986 1.5885773 6.007019
6.083084 1.6385651 5.878479
6.242569 1.7480621 5.6690063
6.356827 1.8385162 5.5047607
6.5615387 2.0456085 5.6571045
6.5996246 2.3645782 5.602356
6.673416 2.4931183 5.8427734
6.7138824 2.5145416 5.976074
6.7400665 2.516922 6.090332
6.9328766 2.4502716 6.359314
7.0590363 2.4812164 6.518799
6.9709625 2.7597198 6.673523
6.7519684 2.9168243 6.8568115
6.6948395 2.9906158 6.7854004
6.7733917 2.9906158 6.3188477
6.8995514 2.831131 5.935608
6.9852448 2.7002106 5.864197
6.973343 2.5526276 5.7356567
6.994766 2.524063 5.8499146
6.930496 2.5573883 6.147461
6.9209747 2.5502472 6.2807617
6.882889 2.6692657 6.20459
6.8376617 2.8596954 6.3355103
6.7019806 2.9073029 6.3950195
6.563919 2.9049225 6.456909
6.480606 2.9001617 6.3164673
6.3949127 2.8715973 6.0927124
6.294937 2.8001862 5.8689575
6.1806793 2.804947 5.7285156
6.068802 2.7811432 5.5404663
5.985489 2.9382477 5.3428955
6.0211945 3.0310822 5.128662
6.1187897 3.1310577 4.992981
6.166397 3.2619781 4.902527
6.152115 3.3405304 4.92395
6.2068634 3.5666656 5.0596313
6.0854645 3.8499298 5.219116
6.049759 4.1236725 5.442871
6.0021515 4.36409 5.530945
5.9950104 4.523575 5.5047607
6.0092926 4.537857 5.519043
5.999771 4.473587 5.3238525
5.9497833 4.383133 5.128662
5.9140778 4.3355255 4.92157
6.006912 4.330765 4.8739624
5.9831085 4.2831573 4.85968
5.959305 4.3498077 4.9572754
5.9688263 4.375992 5.038208
5.909317 4.4116974 5.0620117
5.837906 4.4831085 5.007263
5.8736115 4.542618 5.026306
5.9307404 4.678299 4.9953613
6.0402374 4.7973175 4.916809
6.0592804 4.7830353 4.9501343
6.083084 4.7639923 5.0548706
6.083084 4.754471 4.942993
6.1378326 4.8020782 4.928711
6.004532 4.806839 4.8739624
5.961685 4.8044586 4.7001953
5.9497833 4.8306427 4.674011
5.947403 4.923477 4.5978394
5.9307404 4.9710846 4.557373
5.776016 4.954422 4.519287
5.6617584 4.8877716 4.5097656
5.6760406 4.9068146 4.4193115
5.709366 4.961563 4.4645386
5.7712555 5.0353546 4.6192627
5.780777 5.0782013 4.6692505
5.8736115 5.140091 4.569275
5.9497833 5.087723 4.652588
5.8855133 5.0996246 4.6502075
5.9640656 5.2091217 4.5169067
5.9307404 5.282913 4.47406
5.875992 5.204361 4.5549927
5.845047 5.1258087 4.466919
5.8236237 4.985367 4.678772
5.8736115 4.921097 4.652588
5.86409 4.8996735 4.7025757
5.8926544 4.8996735 4.7787476
5.980728 4.947281 4.7906494
6.006912 4.9568024 4.6882935
6.114029 4.9496613 4.6692505
6.0973663 4.954422 4.6383057
6.0664215 4.8877716 4.6026
5.978348 4.921097 4.588318
6.0092926 5.0329742 4.5859375
6.030716 5.030594 4.576416
6.147354 5.0020294 4.5478516
6.2282867 5.0020294 4.576416
6.2782745 5.090103 4.5906982
6.1997223 5.211502 4.621643
6.1640167 5.2210236 4.5668945
6.125931 5.19722 4.6359253
6.1544952 5.204361 4.6763916
6.2282867 5.237686 4.6692505
6.2330475 5.299576 4.735901
6.171158 5.3495636 4.626404
6.166397 5.3947906 4.588318
6.1640167 5.409073 4.5859375
6.190201 5.3876495 4.428833
6.2068634 5.320999 4.4312134
6.2140045 5.230545 4.4573975
6.192581 5.1829376 4.5073853
6.1997223 5.2067413 4.6383057
6.1949615 5.211502 4.750183
6.2021027 5.2591095 4.7073364
6.197342 5.2781525 4.807312
6.133072 5.2900543 4.7835083
6.1425934 5.2329254 4.6026
6.1449738 5.140091 4.6002197
6.1616364 5.159134 4.4074097
6.125931 5.1805573 4.416931
6.049759 5.185318 4.4264526
6.025955 5.13295 4.564514
6.0092926 5.1996 4.497864
6.0092926 5.178177 4.626404
6.0092926 5.2733917 4.5335693
5.999771 5.275772 4.5859375
5.954544 5.2971954 4.5145264
5.9069366 5.2781525 4.4502563
5.99263 5.318619 4.390747
6.0330963 5.340042 4.4335938
5.9902496 5.3567047 4.497864
6.011673 5.3233795 4.402649
5.9307404 5.2971954 4.443115
5.999771 5.3305206 4.4454956
6.0592804 5.2971954 4.421692
5.947403 5.2852936 4.485962
5.9759674 5.280533 4.5716553
6.030716 5.3543243 4.5145264
6.0521393 5.382889 4.588318
6.0545197 5.4447784 4.583557
6.0711823 5.409073 4.6026
6.011673 5.416214 4.6168823
5.940262 5.3876495 4.5716553
5.9259796 5.301956 4.543091
5.9331207 5.320999 4.5978394
5.909317 5.2662506 4.6049805
5.856949 5.2733917 4.5288086
5.9069366 5.275772 4.5335693
5.9307404 5.3352814 4.440735
5.940262 5.3376617 4.505005
5.902176 5.3733673 4.4526367
5.818863 5.370987 4.493103
5.7212677 5.363846 4.4907227
5.787918 5.4376373 4.416931
5.811722 5.442398 4.314575
5.7831573 5.480484 4.3693237
5.6879425 5.525711 4.376465
5.7403107 5.5019073 4.4240723
5.730789 5.544754 4.428833
5.8045807 5.513809 4.395508
5.814102 5.549515 4.378845
5.79982 5.513809 4.3431396
5.8093414 5.5161896 4.293152
5.8355255 5.4828644 4.3240967
5.9045563 5.404312 4.205078
5.883133 5.3995514 4.171753
5.845047 5.4138336 4.2645874
5.8474274 5.409073 4.312195
5.8283844 5.4209747 4.402649
5.845047 5.5399933 4.3740845
5.8664703 5.5542755 4.4002686
5.8664703 5.447159 4.378845
5.7855377 5.416214 4.293152
5.742691 5.39003 4.3288574
5.742691 5.447159 4.250305
5.761734 5.4900055 4.2026978
5.8093414 5.4638214 4.2003174
5.8498077 5.4566803 4.3098145
5.792679 5.401932 4.295532
5.761734 5.378128 4.2074585
5.7069855 5.3686066 4.2384033
5.7141266 5.318619 4.2455444
5.716507 5.2591095 4.2836304
5.6927032 5.235306 4.288391
5.685562 5.2472076 4.2574463
5.626053 5.216263 4.300293
5.599869 5.2257843 4.3098145
5.518936 5.185318 4.269348
5.516556 5.2067413 4.2645874
5.5355988 5.1615143 4.114624
5.5736847 5.0805817 4.036072
5.5403595 5.0210724 3.9956055
5.5070343 4.923477 4.036072
5.433243 4.9758453 4.2193604
5.4427643 5.0591583 4.2265015
5.4118195 5.052017 4.2193604
5.5451202 5.06868 4.1051025
5.742691 4.9829865 4.133667
5.92836 5.0020294 4.0741577
5.9640656 4.9496613 4.159851
5.8926544 5.0591583 4.247925
5.8236237 5.052017 4.28125
5.761734 5.0234528 4.4193115
5.704605 4.9496613 4.5026245
5.711746 4.9115753 4.5407104
5.7593536 4.871109 4.5216675
5.845047 4.756851 4.5097656
5.897415 4.4902496 4.47406
6.1116486 4.81398 4.2645874
5.9831085 5.018692 4.7335205
6.0092926 4.9068146 4.7787476
5.9973907 4.6497345 4.7263794
6.0021515 4.4831085 4.5859375
5.9521637 4.2188873 4.7216187
5.9902496 4.04274 4.6430664
6.061661 3.9141998 4.709717
6.12117 3.7666168 4.709717
6.211624 3.550003 4.800171
6.197342 3.40242 4.8168335
6.1830597 3.1786652 5.1119995
6.1164093 3.1120148 5.3357544
5.966446 2.9929962 5.616638
6.0021515 3.0572662 5.5809326
6.0973663 3.3405304 5.633301
6.1425934 3.754715 5.5476074
6.0997467 3.9641876 5.4714355
6.2140045 4.4878693 4.9715576
6.087845 4.7639923 4.7787476
6.0092926 5.1805573 4.550232
5.8402863 5.347183 4.7263794
5.5713043 5.2591095 5.216736
5.645096 5.1258087 5.24292
5.8498077 4.954422 5.3167114
6.1616364 4.775894 5.2976685
6.3925323 4.3736115 5.385742
6.321121 3.7689972 5.533325
6.0140533 3.1215363 5.6499634
5.6950836 2.7359161 5.928467
5.433243 2.4407501 6.057007
5.326126 1.8385162 6.1522217
5.3546906 0.8459015 6.1879272
5.4308624 -0.25621033 6.083191
5.3475494 -1.2988129 6.07843
5.280899 -2.1795502 6.2617188
5.2975616 -2.8174896 6.0736694
5.3999176 -3.2316742 5.768982
5.595108 -3.4006805 5.5404663
5.761734 -3.512558 5.238159
5.8045807 -3.9315033 5.1762695
5.60701 -4.636093 4.8573
5.4118195 -5.7167816 4.633545
5.357071 -6.6641693 4.243164
5.2642365 -7.413986 4.481201
5.0404816 -7.9686127 4.531189
4.6929474 -8.423264 4.709717
4.3358917 -8.623215 4.557373
3.907425 -8.9874115 4.209839
3.5241852 -9.565842 3.6623535
3.2813873 -9.944321 3.152954
3.1290436 -10.025253 2.8601685
2.983841 -10.156174 3.0720215
2.7838898 -10.503708 3.7242432
2.6029816 -10.379929 4.5359497
2.1649933 -10.208542 5.2976685
1.765091 -10.099045 5.7404175
1.5389557 -9.915756 5.6880493
1.284256 -9.989548 5.718994
1.0319366 -10.153793 5.1834106
0.6891632 -10.832199 4.250305
0.22737122 -11.54631 3.6837769
-0.20347595 -12.279465 3.562378
-0.39152527 -12.648422 3.8408813
-0.29393005 -12.591293 4.266968
-0.13682556 -12.455612 4.595459
0.0393219 -12.110458 5.0025024
0.04170227 -11.617722 5.2857666
0.013137817 -11.432053 5.088196
0.06788635 -11.327316 5.069153
0.07026672 -11.051193 5.216736
-0.022567749 -11.139267 5.461914
-0.1915741 -11.15831 5.5618896
-0.40818787 -11.15593 5.635681
-0.52482605 -11.013107 5.488098
-0.4058075 -10.813156 5.281006
-0.13206482 -10.767929 5.0620117
0.07740784 -10.627487 4.9191895
-0.15110779 -10.051437 5.4785767
-0.24394226 -11.446335 6.556885
-0.15348816 -11.989059 5.7523193
-0.18681335 -11.432053 5.3952637
0.0012359619 -10.639389 5.4119263
0.005996704 -9.996689 5.4333496
-0.23918152 -10.00621 5.549988
-0.5200653 -10.103806 5.2738647
-0.4391327 -9.987167 4.9953613
-0.34629822 -9.820541 4.9834595
-0.32725525 -9.515854 4.6882935
-0.28440857 -9.244492 4.838257
-0.30821228 -8.916 4.685913
-0.30107117 -8.823166 4.6692505
-0.3224945 -8.766037 4.9191895
-0.396286 -8.72319 4.878723
-0.42485046 -8.8398285 5.0739136
-0.5391083 -8.613693 5.216736
-0.6200409 -8.392319 5.2262573
-0.82237244 -8.6732025 5.2667236
-0.9390106 -8.930283 4.66687
-0.9152069 -9.056442 5.0477295
-0.79618835 -8.992172 5.397644
-0.91996765 -9.220688 5.4190674
-1.0342255 -9.699142 5.1262817
-0.9842377 -8.84697 4.8858643
-1.2032318 -8.499435 5.140564
-1.2960663 -8.85173 5.026306
-1.4745941 -9.451584 4.8930054
-1.6055145 -9.708664 4.7382813
-1.6769257 -9.672958 5.1429443
-1.9006805 -9.525375 5.4714355
-1.9578094 -9.423019 5.661865
-2.0054169 -9.463486 5.4262085
-2.1101532 -9.608688 5.314331
-2.300583 -9.663437 5.2405396
Time Stop = 2041
