Time Start = 2457
-1.6102753 -1.2916718 9.503784
-1.8983002 -1.0893402 9.34906
-1.7150116 -0.9488983 9.194336
-1.422226 -0.90605164 8.89679
-1.2603607 -0.8941498 8.558777
-1.2484589 -0.7917938 8.144592
-1.2460785 -0.5037689 7.904175
-1.3151093 -0.19432068 7.778015
-1.3912811 -0.10862732 7.6708984
-1.4127045 -0.43711853 7.6470947
-1.3579559 -0.7441864 7.5994873
-1.2984467 -0.77989197 7.509033
-1.1889496 -0.67515564 7.7280273
-1.2627411 -0.36094666 8.023193
-1.5150604 -0.5394745 8.442139
-1.7673798 -0.9584198 8.696838
-1.8935394 -1.036972 8.546875
-1.9982758 -0.9822235 8.658752
-1.9958954 -1.0155487 8.906311
-1.9554291 -1.1155243 8.932495
-2.0458832 -1.2250214 9.09198
-2.1458588 -1.4630585 9.134827
-2.160141 -1.5749359 9.306213
-2.1053925 -1.4582977 9.79895
-2.1291962 -1.3011932 10.165527
-2.2291718 -1.0036469 10.220276
-2.4576874 -1.1678925 10.156006
-2.5267181 -1.4035492 10.167908
-2.4648285 -1.5035248 9.856079
-2.4148407 -1.4821014 9.748962
-2.455307 -1.5487518 10.141724
-2.6504974 -1.9248505 10.798706
-3.2860565 -2.2533417 10.934387
-3.9454193 -2.7032318 11.074829
-4.328659 -3.1888275 10.884399
-4.316757 -3.698227 10.50592
-4.238205 -3.9695892 9.687073
-4.097763 -4.281418 9.099121
-4.109665 -4.7336884 9.394287
-4.1120453 -4.8431854 8.761108
-4.514328 -5.38591 8.463562
-4.733322 -6.15477 8.085083
-4.692856 -6.86174 7.661377
-4.6452484 -7.028366 7.142456
-4.5500336 -6.8331757 6.763977
-4.6595306 -6.6451263 6.6711426
-4.752365 -6.392807 6.5616455
-4.84758 -6.4523163 6.4331055
-4.776169 -6.718918 6.226013
-4.6976166 -6.9617157 6.057007
-4.7095184 -7.035507 5.9713135
-4.835678 -6.3047333 6.123657
-4.904709 -5.226425 6.5687866
-5.0451508 -4.712265 7.082947
-5.3117523 -4.8693695 7.623291
-5.592636 -4.776535 7.5185547
-5.702133 -4.590866 7.366211
-5.7878265 -4.35997 7.4971313
-5.830673 -4.628952 7.2614746
-5.637863 -5.604904 6.935364
-5.475998 -5.9929047 6.9282227
-5.430771 -5.269272 7.3305054
-5.5117035 -4.3742523 8.044617
-5.7045135 -4.026718 8.482605
-5.764023 -4.0433807 8.601624
-5.7116547 -3.9600677 7.739929
-5.752121 -3.8101044 7.706604
-6.016342 -2.910324 7.9089355
-6.1329803 -2.2223969 7.706604
-6.278183 -2.7556 7.9208374
-6.0115814 -3.8838959 7.6518555
-6.047287 -4.659897 6.8758545
-6.4233856 -5.764389 6.7592163
-7.042282 -5.7810516 6.242676
-7.6492767 -6.02623 6.8877563
-7.6707 -6.2547455 6.628296
-7.463608 -6.5832367 7.0567627
-6.9494476 -6.0190887 7.751831
-6.8708954 -5.764389 6.935364
-6.375778 -7.3592377 6.064148
-7.4112396 -7.578232 9.501404
-6.6399994 -10.394211 6.7354126
-5.6473846 -11.555832 5.8308716
-5.483139 -9.451584 6.5235596
-5.259384 -7.021225 7.6470947
-5.078476 -6.2547455 8.204102
-5.199875 -7.3973236 8.039856
-5.2617645 -8.247116 6.97583
-5.157028 -8.449448 7.149597
-4.564316 -6.423752 8.1779175
-4.252487 -3.557785 8.920593
-4.3453217 -3.107895 7.578064
-4.0811005 -4.2599945 5.88562
-3.7811737 -3.0936127 -3.41687
-4.2810516 -3.981491 5.447632
-6.887558 0.40315247 11.677063
-8.646652 2.047989 9.115784
-7.8159027 -1.1797943 4.678772
-7.908737 -6.02861 3.9575195
-6.5328827 -8.275681 4.3431396
-7.399338 -7.6520233 4.6359253
-7.170822 -8.194748 8.427856
-5.725937 -6.457077 9.622803
-4.8951874 -5.3644867 9.491882
-4.7166595 -5.654892 9.187195
-5.180832 -6.2856903 9.15387
-4.854721 -6.7236786 7.835144
-4.3953094 -6.245224 7.320984
-4.4714813 -5.097885 6.956787
-4.692856 -5.040756 6.852051
-4.9023285 -5.4977875 6.7163696
-4.9546967 -5.83342 6.5473633
-4.8880463 -6.257126 6.725891
-4.8975677 -6.290451 7.0353394
-5.109421 -6.066696 7.0186768
-5.149887 -6.033371 6.794922
-5.1213226 -5.866745 6.552124
-5.1213226 -5.7239227 6.585449
-5.111801 -5.6120453 6.5878296
-5.2760468 -5.481125 6.8068237
-5.430771 -5.4001923 6.916321
-5.4926605 -5.4668427 6.8877563
-5.5807343 -5.609665 6.7282715
-5.637863 -5.750107 6.52594
-5.6664276 -5.7239227 6.5545044
-5.6640472 -5.5311127 6.571167
-5.661667 -5.38591 6.5116577
-5.6902313 -5.32164 6.3974
-5.585495 -5.0931244 6.287903
-5.5307465 -4.9217377 6.2998047
-5.5902557 -4.924118 6.2736206
-5.9235077 -4.905075 6.2141113
-5.963974 -5.0859833 6.1569824
-5.87352 -5.2597504 6.2664795
-5.835434 -5.290695 6.3307495
-5.8259125 -5.3430634 6.249817
-5.8759003 -5.397812 6.2974243
-5.906845 -5.3811493 6.354553
-5.952072 -5.359726 6.499756
-5.933029 -5.2549896 6.5759277
-5.9925385 -5.162155 6.5687866
-6.035385 -5.1954803 6.5164185
-6.0496674 -5.0693207 6.6378174
-6.00206 -5.0883636 6.768738
-6.137741 -5.090744 6.8710938
-6.209152 -5.076462 6.994873
-6.2948456 -5.0026703 6.9520264
-6.3448334 -5.1074066 6.982971
-6.349594 -5.1502533 6.9520264
-6.3781586 -5.090744 6.9258423
-6.375778 -4.916977 6.8948975
-6.392441 -4.7908173 6.892517
-6.4162445 -4.7479706 6.878235
-6.411484 -4.7027435 6.775879
-6.523361 -4.5861053 6.7354126
-6.6399994 -4.5361176 6.5925903
-6.6471405 -4.514694 6.3997803
-6.7375946 -4.5361176 6.3117065
-6.8447113 -4.5099335 6.0617676
-6.90184 -4.595627 6.0093994
-6.8137665 -4.55278 6.0093994
-6.4662323 -4.3052216 6.1688843
-6.099655 -3.9315033 6.982971
-5.7616425 -3.4125824 7.0758057
-5.5759735 -3.095993 7.211487
-5.74736 -3.0936127 6.956787
-6.125839 -3.486374 6.8639526
-6.444809 -3.7910614 7.047241
-6.440048 -3.9719696 7.1376953
-6.4995575 -4.148117 7.0353394
-6.625717 -4.1647797 6.5997314
-6.823288 -4.4908905 6.514038
-6.778061 -4.826523 6.3307495
-6.5709686 -4.7146454 6.3974
-6.271042 -4.2980804 6.621155
-6.0449066 -3.9838715 6.7235107
-6.061569 -3.750595 6.6782837
-6.168686 -3.519699 6.442627
-6.1353607 -3.5030365 6.385498
-6.180588 -3.5554047 6.616394
-6.2829437 -3.7148895 6.809204
-6.3852997 -3.9457855 6.7615967
-6.4686127 -4.3052216 6.7354126
-6.5447845 -4.5432587 6.4973755
-6.637619 -4.6717987 6.521179
-6.5781097 -4.512314 6.647339
-6.380539 -4.2647552 6.71875
-6.2234344 -4.0290985 6.752075
-6.2115326 -3.7910614 6.84729
-6.278183 -3.667282 6.994873
-6.3257904 -3.6172943 7.071045
-6.4162445 -3.7196503 7.1900635
-6.4543304 -3.9767303 7.1519775
-6.3448334 -4.095749 7.021057
-6.361496 -4.198105 6.880615
-6.4352875 -4.0862274 6.763977
-6.4852753 -3.8886566 6.6306763
-6.38768 -3.762497 6.6116333
-6.2639008 -3.8291473 6.642578
-6.187729 -3.8291473 6.647339
-6.221054 -3.698227 6.5307007
-6.180588 -3.633957 6.583069
-6.206772 -3.705368 6.411682
-6.2615204 -3.8505707 6.46167
-6.278183 -3.8862762 6.6140137
-6.3186493 -3.8410492 6.5759277
-6.3257904 -3.9005585 6.5997314
-6.3019867 -3.9624481 6.7163696
-6.304367 -3.9862518 6.7425537
-6.3591156 -3.9719696 6.8234863
-6.4091034 -4.110031 6.730652
-6.3400726 -4.133835 6.7211304
-6.394821 -4.200485 6.775879
-6.3662567 -4.2219086 6.7734985
-6.459091 -4.2647552 6.7425537
-6.4686127 -4.2861786 6.6711426
-6.440048 -4.217148 6.6759033
-6.406723 -4.2266693 6.8829956
-6.368637 -4.2909393 6.885376
-6.3400726 -4.3694916 6.7235107
-6.380539 -4.3504486 6.6711426
-6.4352875 -4.3385468 6.704468
-6.4686127 -4.2076263 6.821106
-6.4947968 -4.1814423 6.7615967
-6.490036 -4.1504974 6.730652
-6.4495697 -4.0148163 6.5116577
-6.4686127 -3.9576874 6.602112
-6.5138397 -4.0148163 6.6330566
-6.5971527 -4.1266937 6.680664
-6.625717 -4.071945 6.6330566
-6.5828705 -3.9981537 6.6973267
-6.656662 -3.917221 6.8615723
-7.201767 -3.9148407 6.8258667
-7.8016205 -3.9267426 6.628296
-7.9563446 -4.0338593 6.666382
-7.701645 -4.0100555 6.416443
-7.2303314 -4.088608 6.540222
-6.804245 -4.0219574 6.673523
-6.83519 -3.7482147 7.0948486
-7.0327606 -3.288803 7.3947754
-7.118454 -3.153122 7.3566895
-7.111313 -3.391159 7.109131
-7.042282 -3.686325 6.873474
-7.0065765 -3.5458832 6.7782593
-7.0970306 -3.1245575 6.9258423
-7.2636566 -2.910324 6.8068237
-7.2826996 -3.0650482 6.668762
-7.266037 -3.2673798 5.211975
-6.96611 -4.1195526 5.980835
-6.77092 -3.5744476 5.8308716
-6.6280975 -3.3411713 5.7713623
-6.735214 -3.7339325 5.5666504
-6.854233 -3.9076996 5.530945
-6.7756805 -3.936264 5.5023804
-6.630478 -4.2457123 5.4214478
-6.4471893 -4.5884857 5.409546
-6.4210052 -4.776535 5.4833374
-6.3781586 -4.5932465 5.5809326
-6.4233856 -4.571823 5.8046875
-6.4924164 -4.4647064 6.2521973
-6.5519257 -4.455185 6.4402466
-6.5566864 -4.4123383 6.4926147
-6.51622 -4.3504486 6.3974
-6.4733734 -4.3575897 6.2617188
-6.411484 -4.4528046 6.3164673
-6.482895 -4.5884857 6.4450073
-6.51622 -4.3623505 6.4331055
-6.592392 -4.257614 6.4331055
-6.637619 -4.379013 6.5925903
-6.547165 -4.5623016 6.2093506
-6.5066986 -4.5504 6.0046387
-6.45195 -4.5504 5.923706
-6.354355 -4.0219574 5.5023804
-6.368637 -4.1314545 5.7523193
-6.411484 -4.5861053 5.9665527
-6.5947723 -5.0098114 6.5997314
-6.9423065 -5.3383026 7.918457
-7.323166 -5.205002 9.096741
-7.632614 -4.738449 10.036987
-8.008713 -4.2980804 10.156006
-8.234848 -4.1457367 9.332397
-8.12059 -4.1695404 7.989868
-7.625473 -3.9124603 6.918701
-7.1589203 -3.9719696 6.2926636
-6.6614227 -4.2076263 5.3619385
-6.637619 -4.238571 4.9310913
-6.509079 -4.686081 4.735901
-6.118698 -4.769394 3.9741821
-5.828293 -3.4768524 3.2124634
-6.7994843 -2.4818573 3.6195068
-6.687607 -3.7577362 5.6237793
-6.1329803 -2.4271088 4.364563
-6.2734222 -2.8079681 4.100342
-5.7735443 -4.3623505 3.2196045
-5.4331512 -4.8503265 2.6697388
-5.521225 -4.7170258 2.6935425
-5.61644 -4.769394 2.86969
-5.687851 -5.0812225 2.9577637
-5.771164 -5.4454193 2.8673096
-5.8592377 -5.8119965 2.7697144
-5.949692 -6.0809784 2.7578125
-6.0496674 -6.340439 2.8078003
-6.1663055 -6.488022 2.722107
-6.2567596 -6.6141815 2.517395
-6.3852997 -6.6641693 2.426941
-6.5114594 -6.721298 2.312683
-6.6733246 -6.8331757 2.0960693
-6.856613 -6.9355316 1.9699097
-7.073227 -7.0378876 1.9318237
-7.363632 -7.1283417 1.8270874
-7.573105 -7.2354584 1.6890259
-7.8278046 -7.4734955 1.6795044
-8.070602 -7.642502 1.5557251
-8.206284 -7.713913 1.3581543
-8.344345 -7.6210785 1.3248291
-8.541916 -7.5234833 1.5128784
-8.660934 -7.3568573 1.6937866
-8.815659 -7.24736 1.9556274
-8.915634 -7.1092987 2.324585
-9.072739 -7.0236053 2.8197021
-9.206039 -7.0307465 3.0958252
-9.227463 -6.9022064 3.286255
-9.282211 -6.842697 3.164856
-9.334579 -6.79747 3.1577148
-9.458359 -6.635605 3.2505493
-9.667831 -6.5618134 3.2077026
-9.8535 -6.566574 3.2219849
-10.003464 -6.592758 3.3909912
-10.086777 -6.573715 3.44812
-10.04393 -6.5832367 3.4433594
-10.017746 -6.60466 3.5647583
-9.98204 -6.6475067 3.633789
-9.996323 -6.657028 3.5766602
-9.936813 -6.6451263 3.5980835
-9.901108 -6.642746 3.7075806
-9.877304 -6.673691 3.614746
-9.858261 -6.6141815 3.581421
-9.839218 -6.642746 3.755188
-9.832077 -6.5879974 3.800415
-9.793991 -6.449936 3.709961
-9.772568 -6.3642426 3.6837769
-9.705917 -6.257126 3.6195068
-9.574997 -6.173813 3.4933472
-9.472641 -6.0381317 3.440979
-9.365524 -5.9262543 3.4076538
-9.313156 -5.8429413 3.3981323
-9.329819 -5.6953583 3.3719482
-9.341721 -5.5620575 3.395752
-9.33934 -5.3811493 3.4005127
-9.446457 -5.269272 3.3600464
-9.486923 -5.076462 3.3862305
-9.496445 -4.943161 3.331482
-9.482162 -4.795578 3.2624512
-9.389328 -4.6884613 3.183899
-9.410751 -4.6051483 3.069641
-9.415512 -4.5218353 2.9434814
-9.534531 -4.4980316 2.8458862
-9.574997 -4.4789886 2.6816406
-9.632126 -4.450424 2.5769043
-9.574997 -4.386154 2.4412231
-9.541672 -4.3361664 2.3388672
-9.508347 -4.333786 2.3174438
-9.59404 -4.3385468 2.2769775
-9.589279 -4.276657 2.1079712
-9.653549 -4.238571 2.029419
-9.586899 -4.205246 1.9699097
-9.667831 -4.1885834 2.215088
-9.52739 -4.1124115 1.7271118
-9.367905 -4.0981293 1.7247314
-9.267929 -4.0933685 1.6866455
-9.182236 -4.0600433 1.6342773
-9.14653 -4.026718 1.5081177
-9.096542 -3.948166 1.5509644
-8.963242 -3.9315033 1.5247803
-8.896591 -3.871994 1.510498
-8.7704315 -3.8743744 1.4486084
-8.69902 -3.8791351 1.3724365
-8.663315 -3.8315277 1.3533936
-8.613327 -3.814865 1.3605347
-8.584763 -3.8220062 1.2272339
-8.56572 -3.814865 1.1724854
-8.487167 -3.8767548 1.253418
-8.413376 -3.8124847 1.2557983
-8.394333 -3.8934174 1.2438965
-8.330063 -3.8315277 1.2200928
-8.3276825 -3.8624725 1.2605591
-8.303879 -3.826767 1.2510376
-8.287216 -3.8386688 1.2915039
-8.284836 -3.8624725 1.2510376
-8.24675 -3.9315033 1.3295898
-8.306259 -3.9600677 1.3652954
-8.339584 -4.076706 1.3914795
-8.399094 -4.217148 1.3605347
-8.444321 -4.345688 1.3700562
-8.508591 -4.390915 1.4438477
-8.515732 -4.42424 1.4914551
-8.556198 -4.526596 1.6818848
-8.546677 -4.583725 1.6176147
-8.575241 -4.6956024 1.7175903
-8.649033 -4.7741547 1.7866211
-8.725204 -4.833664 1.8651733
-8.787094 -4.87175 1.946106
-8.82756 -4.8574677 1.9318237
-8.856125 -4.9407806 2.0270386
-8.896591 -4.9979095 2.0722656
-8.915634 -5.0502777 2.0841675
-8.896591 -5.0740814 2.1674805
-8.987045 -5.1312103 2.2127075
-8.998947 -5.1835785 2.3031616
-9.027512 -5.243088 2.2960205
-9.039413 -5.2288055 2.3269653
-9.032272 -5.231186 2.3769531
-8.982285 -5.2526093 2.4197998
-9.008469 -5.2978363 2.4888306
-8.994186 -5.2859344 2.4697876
-9.025131 -5.3264008 2.5031128
-9.039413 -5.283554 2.4650269
-8.996567 -5.2668915 2.453125
-8.965622 -5.2930756 2.4650269
-8.987045 -5.295456 2.434082
-8.95134 -5.2740326 2.426941
-8.95372 -5.219284 2.426941
-8.982285 -5.1954803 2.445984
-8.95134 -5.1764374 2.5197754
-8.960861 -5.147873 2.510254
-8.948959 -5.1264496 2.4364624
-8.906113 -5.0812225 2.395996
-8.868027 -5.0312347 2.362671
-8.870407 -5.045517 2.331726
-8.8537445 -4.995529 2.3150635
-8.882309 -4.988388 2.2769775
-8.872787 -4.9645844 2.2388916
-8.88945 -4.950302 2.2127075
-8.851364 -4.909836 2.1936646
-8.82756 -4.9264984 2.157959
-8.841843 -4.864609 2.1912842
-8.858505 -4.7931976 2.1531982
-8.846603 -4.7527313 2.184143
-8.829941 -4.74559 2.1174927
-8.851364 -4.7527313 2.074646
-8.848984 -4.6646576 2.067505
-8.820419 -4.667038 2.0960693
-8.884689 -4.674179 1.9699097
-8.922775 -4.662277 1.9699097
-8.906113 -4.6313324 2.0008545
-8.929916 -4.5932465 1.9627686
-8.918015 -4.602768 1.9484863
-8.898972 -4.578964 1.90802
-8.898972 -4.5884857 1.9484863
-8.894211 -4.5670624 1.9365845
-8.922775 -4.526596 1.9056396
-8.975143 -4.5170746 1.9032593
-8.927536 -4.4908905 1.8984985
-8.918015 -4.474228 1.8413696
-8.896591 -4.4599457 1.8818359
-8.879929 -4.4218597 1.8675537
-8.870407 -4.4575653 1.8175659
-8.882309 -4.443283 1.8818359
-8.872787 -4.3956757 1.8794556
-8.868027 -4.405197 1.9199219
-8.915634 -4.348068 1.9294434
-8.884689 -4.352829 1.8746948
-8.875168 -4.3742523 1.9199219
-8.896591 -4.345688 1.8723145
-8.879929 -4.386154 1.8984985
-8.879929 -4.4385223 1.9318237
-8.898972 -4.4004364 1.9603882
-8.908493 -4.4266205 1.9580078
-8.906113 -4.398056 1.9580078
-8.939438 -4.4385223 1.9651489
-8.95372 -4.4075775 1.9627686
-8.965622 -4.4218597 2.0270386
-8.982285 -4.402817 1.9865723
-9.027512 -4.4266205 2.0008545
-9.0013275 -4.462326 1.991333
-9.01561 -4.4647064 2.0532227
-8.975143 -4.4528046 2.055603
-8.972763 -4.467087 2.0889282
-8.970383 -4.4718475 2.0960693
-8.989426 -4.5099335 2.1531982
-8.958481 -4.4956512 2.1412964
-8.982285 -4.5099335 2.1793823
-8.982285 -4.462326 2.1293945
-9.0013275 -4.4861298 2.1531982
-9.003708 -4.4956512 2.1912842
-8.939438 -4.4956512 2.177002
-8.968002 -4.5504 2.2103271
-9.013229 -4.4980316 2.138916
-8.987045 -4.5218353 2.2198486
-8.977524 -4.5170746 2.2365112
-8.944199 -4.5170746 2.222229
-8.927536 -4.5242157 2.1698608
-8.968002 -4.507553 2.2531738
-8.994186 -4.5170746 2.2436523
-9.029892 -4.48851 2.138916
-9.034653 -4.533737 2.1531982
-9.006088 -4.526596 2.1460571
-9.008469 -4.538498 2.1365356
-8.991806 -4.5361176 2.1222534
-9.041794 -4.5480194 2.067505
Time Stop = 2462
