Time Start = 2280
-0.53196716 -1.8653412 9.808472
-0.89378357 -1.8796234 9.782288
-1.2722626 -1.9510345 9.791809
-1.3055878 -1.9034271 9.644226
-1.1389618 -1.8391571 9.54187
-0.94377136 -1.748703 9.403809
-0.8485565 -1.6749115 9.275269
-0.9723358 -1.646347 9.360962
-1.0294647 -1.7177582 9.382385
-1.0389862 -1.7701263 9.363342
-1.0318451 -1.8105927 9.303833
-1.024704 -1.9248505 9.360962
-1.024704 -2.0486298 9.322876
-1.0604095 -2.1343231 9.277649
-1.1389618 -2.1605072 9.260986
-1.2151337 -2.0486298 9.403809
-1.1651459 -1.8843842 9.451416
-1.1937103 -1.8010712 9.463318
-1.2222748 -1.812973 9.487122
-1.2389374 -2.0105438 9.549011
-1.2579803 -2.300949 9.465698
-1.2698822 -2.396164 9.391907
-1.2270355 -2.2700043 9.365723
-1.2103729 -2.0034027 9.41095
-1.281784 -1.7796478 9.382385
-1.31987 -1.6677704 9.28479
-1.4055634 -1.5725555 9.1467285
-1.3531952 -1.5154266 8.884888
-1.2627411 -1.3488007 8.7039795
-1.1651459 -1.1821747 8.396912
-1.0128021 -0.98698425 8.146973
-0.99375916 -0.71562195 7.923218
-0.88664246 -0.4894867 7.5756836
-0.9009247 -0.49900818 7.3709717
-0.8675995 -0.9608002 7.4400024
-0.7676239 -1.5249481 7.3900146
-0.6771698 -1.832016 7.259094
-0.6605072 -2.1605072 7.2543335
-0.6438446 -2.4532928 7.309082
-0.7247772 -2.6175385 7.2281494
-0.8604584 -2.5794525 7.192444
-1.2722626 -2.793686 7.3257446
-1.6816864 -3.20549 7.635193
-2.0982513 -3.660141 7.9398804
-2.6005096 -4.3052216 8.156494
-2.7147675 -4.750351 8.213623
-2.7076263 -4.9074554 8.082703
-2.6552582 -4.7289276 8.399292
-2.7076263 -4.000534 8.753967
-2.9337616 -3.2126312 9.258606
-3.1789398 -2.3104706 9.568054
-3.5502777 -1.703476 9.760864
-3.8525848 -1.4630585 9.794189
-3.8716278 -1.3726044 9.463318
-3.8383026 -1.6035004 9.003906
-3.7097626 -2.1224213 8.868225
-3.7740326 -3.024582 8.863464
-4.0430145 -3.9005585 8.789673
-4.431015 -4.795578 8.758728
-4.630966 -4.928879 8.570679
-4.623825 -4.436142 8.332642
-4.521469 -3.788681 8.363586
-4.5167084 -3.2388153 8.216003
-4.597641 -2.9365082 7.9970093
-4.673813 -2.7698822 7.758972
-4.7285614 -2.5794525 7.475708
-4.776169 -2.4747162 7.2543335
-4.949936 -2.4961395 6.9329834
-5.1284637 -2.7722626 6.4783325
-5.4212494 -3.1959686 6.1641235
-5.8187714 -3.814865 6.033203
-6.2615204 -4.469467 6.0022583
-6.823288 -5.0098114 6.178406
-7.4350433 -5.3692474 6.1260376
-7.9682465 -5.3121185 5.8356323
-8.322922 -5.052658 5.469055
-8.668076 -4.802719 5.1619873
-8.996567 -4.68132 4.9715576
-9.33934 -4.4647064 4.781128
-9.563095 -4.243332 4.7787476
-9.620224 -4.1076508 4.557373
-9.327438 -4.007675 4.2265015
-9.132248 -3.9886322 4.0455933
-8.994186 -4.398056 3.6028442
-9.286972 -5.0740814 3.4885864
-9.893967 -6.1000214 3.550476
-10.550949 -6.6832123 3.6552124
-11.184128 -6.8069916 4.0146484
-11.619736 -6.7927094 4.545471
-11.745895 -6.533249 4.98584
-11.338852 -6.1666718 5.083435
-10.600937 -5.738205 5.05011
-9.729721 -5.616806 4.735901
-8.848984 -5.8619843 4.0717773
-7.9492035 -5.957199 3.8599243
-7.1851044 -5.64299 3.6552124
-6.8256683 -5.269272 3.7123413
-6.9161224 -4.893173 3.8027954
-7.54216 -4.5742035 4.031311
-8.518112 -4.3813934 4.3288574
-9.598801 -4.1838226 4.5549927
-10.639023 -4.045761 4.6954346
-11.481674 -4.133835 4.8311157
-12.16246 -4.1576385 4.8573
-12.460007 -4.193344 4.73114
-12.41954 -4.219528 4.73114
-12.205307 -4.3385468 4.4954834
-11.995834 -4.493271 4.2645874
-11.803024 -4.6003876 4.140808
-11.705429 -4.557541 4.1550903
-11.612595 -4.4218597 4.1765137
-11.417404 -4.212387 4.1384277
-11.012741 -4.0338593 4.140808
-10.641403 -4.005295 4.076538
-10.184372 -3.9196014 4.1241455
-9.713058 -3.929123 4.1884155
-9.203659 -3.898178 4.3288574
-8.658554 -3.84581 4.4121704
-8.103928 -3.6553802 4.5478516
-7.5826263 -3.5006561 4.447876
-7.073227 -3.338791 4.350281
-6.7304535 -3.2031097 4.186035
-6.5257416 -3.0793304 3.9979858
-6.290085 -2.9579315 3.8908691
-6.144882 -2.9150848 3.857544
-5.963974 -2.8508148 3.9146729
-5.8187714 -3.01268 3.9527588
-5.7235565 -3.2388153 3.9146729
-5.5069427 -3.5220795 3.8980103
-5.452194 -3.762497 3.9599
-5.649765 -4.026718 4.081299
-6.059189 -4.1385956 3.921814
-6.5376434 -4.2266693 4.0551147
-7.1541595 -4.1623993 4.3240967
-7.8016205 -3.9529266 4.314575
-8.63237 -3.7767792 4.34552
-9.739243 -3.955307 4.531189
-10.998459 -4.136215 4.781128
-12.152939 -4.114792 5.1619873
-12.990829 -3.993393 5.680908
-13.155075 -3.7101288 5.9641724
-12.605209 -3.6244354 5.840393
-11.643539 -3.9053192 5.597595
-10.738998 -4.171921 5.321472
-10.143906 -4.436142 4.883484
-9.639267 -4.429001 4.5145264
-9.263168 -4.160019 4.34552
-8.63475 -3.743454 4.15271
-7.901596 -3.2578583 3.9503784
-7.2755585 -3.20549 3.6956787
-6.920883 -3.4268646 3.5004883
-6.982773 -3.71727 3.414795
-7.5207367 -3.9505463 3.467163
-8.287216 -3.9576874 3.6314087
-9.070358 -3.9005585 3.7218628
-9.66069 -3.871994 3.664734
-9.986801 -3.9767303 3.5647583
-10.058212 -4.0933685 3.505249
-9.984421 -4.1814423 3.3600464
-9.744003 -4.1124115 3.183899
-9.494064 -3.9838715 3.081543
-9.2322235 -3.936264 2.9291992
-9.006088 -3.8624725 2.8815918
-8.884689 -3.7648773 2.684021
-8.784714 -3.7482147 2.7006836
-8.603806 -3.7029877 2.6245117
-8.518112 -3.667282 2.6292725
-8.449081 -3.7291718 2.8101807
-8.44194 -3.8220062 2.7839966
-8.37767 -3.9957733 2.748291
-8.358627 -4.076706 2.6245117
-8.146774 -4.064804 2.4555054
-7.9158783 -3.9505463 2.3555298
-7.7135468 -3.8386688 2.343628
-7.6230927 -3.7220306 2.305542
-7.5850067 -3.667282 2.3555298
-7.618332 -3.595871 2.3388672
-7.656418 -3.5601654 2.2698364
-7.656418 -3.4530487 2.2936401
-7.6230927 -3.4816132 2.3674316
-7.6278534 -3.467331 2.4007568
-7.73497 -3.5006561 2.491211
-7.806381 -3.5887299 2.407898
-8.022995 -3.6077728 2.362671
-8.203903 -3.633957 2.241272
-8.418137 -3.603012 2.2841187
-8.584763 -3.576828 2.2745972
-8.808517 -3.6625214 2.2960205
-9.027512 -3.614914 2.3079224
-9.3155365 -3.5887299 2.3912354
-9.579758 -3.5649261 2.3531494
-9.905869 -3.5530243 2.2008057
-10.248642 -3.614914 2.177002
-10.838974 -3.7125092 2.0889282
-11.431686 -3.788681 2.0151367
-12.100571 -3.8362885 2.017517
-12.495712 -3.7982025 2.0079956
-12.595688 -3.8553314 2.0984497
-12.448105 -4.0671844 2.286499
-12.09343 -4.321884 2.407898
-11.526901 -4.5218353 2.7006836
-10.993698 -4.5884857 2.9672852
-10.408127 -4.598007 3.2410278
-9.7773285 -4.500412 3.4909668
-8.979904 -4.276657 3.6956787
-8.139633 -4.0219574 3.6242676
-7.246994 -3.7482147 3.5980835
-6.535263 -3.531601 3.3100586
-6.1782074 -3.3292694 3.0934448
-6.297226 -3.20549 2.857788
-6.9732513 -3.1935883 2.8101807
-7.8516083 -3.2388153 2.684021
-8.670456 -3.3173676 2.638794
-9.372665 -3.2316742 2.6625977
-9.813034 -3.2316742 2.703064
-10.089157 -3.20549 2.6864014
-10.143906 -3.2102509 2.626892
-9.9891815 -3.2411957 2.6697388
-9.701157 -3.2292938 2.555481
-9.363144 -3.2864227 2.479309
-8.994186 -3.4958954 2.4293213
-8.610947 -3.6649017 2.3912354
-8.306259 -3.800583 2.3983765
-8.065842 -3.9338837 2.426941
-7.7635345 -3.993393 2.472168
-7.4731293 -4.0219574 2.5126343
-7.1660614 -4.1314545 2.5031128
-6.8708954 -4.238571 2.3531494
-6.6614227 -4.379013 2.279358
-6.520981 -4.443283 2.2365112
-6.540024 -4.519455 2.267456
-6.6138153 -4.493271 2.4507446
-6.8399506 -4.448044 2.6030884
-7.106552 -4.4718475 2.7911377
-7.2874603 -4.314743 2.9291992
-7.4112396 -4.171921 3.0267944
-7.4826508 -4.155258 3.1124878
-7.644516 -4.140976 3.2077026
-7.8777924 -4.2266693 3.2457886
-8.080124 -4.2933197 3.2434082
-8.44194 -4.3099823 3.2243652
-8.708542 -4.367111 3.2576904
-8.975143 -4.4385223 3.3790894
-9.191757 -4.5861053 3.2791138
-9.3988495 -4.7551117 3.2434082
-9.727341 -4.93602 3.1791382
-10.277206 -5.140732 3.2005615
-11.110336 -5.3954315 3.0601196
-12.171982 -5.526352 3.1124878
-13.233627 -5.6596527 3.183899
-14.02153 -5.685837 3.357666
-14.142929 -5.6144257 3.4528809
-13.412155 -5.454941 3.6599731
-12.107712 -5.5049286 3.7147217
-10.738998 -5.5572968 3.7123413
-9.698776 -5.5953827 3.6813965
-8.884689 -5.583481 3.562378
-8.275314 -5.5120697 3.460022
-7.7944794 -5.3240204 3.31958
-7.3279266 -5.0240936 3.0982056
-7.080368 -4.8170013 3.024414
-7.111313 -4.821762 2.876831
-7.4826508 -4.878891 2.8149414
-8.0134735 -4.8741302 2.8101807
-8.444321 -4.847946 2.7363892
-8.796616 -4.719406 2.8458862
-9.089401 -4.538498 2.824463
-9.196518 -4.409958 2.7887573
-9.258408 -4.276657 2.67688
-9.186996 -4.0790863 2.7839966
-9.010849 -3.826767 2.7816162
-8.779953 -3.6934662 2.7601929
-8.522873 -3.5863495 2.6483154
-8.291977 -3.6720428 2.4483643
-8.122971 -3.8386688 2.3174438
-7.977768 -4.0410004 2.2103271
-7.8730316 -4.088608 2.0841675
-7.7635345 -4.1314545 1.9699097
-7.677841 -4.186203 1.7651978
-7.6207123 -4.179062 1.7937622
-7.554062 -4.155258 1.6747437
-7.6088104 -4.071945 1.510498
-7.689743 -4.031479 1.4605103
-7.7635345 -3.9886322 1.4367065
-7.804001 -3.917221 1.3533936
-7.9420624 -3.8600922 1.2938843
-8.05632 -3.7743988 1.3057861
-8.087265 -3.71727 1.3581543
-8.215805 -3.6839447 1.4295654
-8.3134 -3.7410736 1.4557495
-8.389572 -3.7553558 1.4319458
-8.434799 -3.8481903 1.4581299
-8.589523 -3.8362885 1.2915039
-8.775192 -3.8743744 1.279602
-9.087021 -3.9267426 1.2819824
-9.52739 -3.9576874 1.336731
-10.012985 -3.9196014 1.3510132
-10.358139 -3.9838715 1.3748169
-10.717575 -4.000534 1.381958
-10.850876 -4.045761 1.4605103
-11.015121 -4.069565 1.4367065
-11.288864 -4.10289 1.427185
-11.952988 -4.198105 1.4795532
-12.945602 -4.2409515 1.4224243
-14.097702 -4.2480927 1.336731
-15.059372 -4.2457123 1.3676758
-15.606857 -4.219528 1.4486084
-15.354538 -4.219528 1.5343018
-14.183395 -4.23143 1.8104248
-12.471909 -4.200485 2.017517
-10.615219 -4.1623993 2.279358
-8.775192 -4.1124115 2.4126587
-7.1041718 -3.97435 2.6506958
-5.706894 -3.7577362 2.6983032
-4.583359 -3.410202 2.7197266
-3.9144745 -3.153122 2.5792847
-3.7859344 -2.876999 2.5411987
-4.321518 -2.8365326 2.4864502
-5.2284393 -2.8531952 2.498352
-6.459091 -2.9555511 2.4174194
-7.689743 -3.1507416 2.4507446
-8.860886 -3.3340302 2.4197998
-9.962997 -3.422104 2.2936401
-10.93895 -3.2721405 2.2317505
-11.51976 -3.0174408 2.157959
-11.643539 -2.6818085 2.2341309
-11.231735 -2.3437958 2.203186
-10.436691 -2.2438202 2.2269897
-9.52977 -2.3104706 2.267456
-8.88945 -2.679428 2.3650513
-8.527634 -3.0388641 2.3103027
-8.453842 -3.486374 2.3912354
-8.394333 -3.7672577 2.3341064
-8.211044 -3.9719696 2.4055176
-8.008713 -4.1314545 2.3602905
-7.6802216 -4.236191 2.267456
-7.3969574 -4.474228 2.0246582
-7.1660614 -4.8622284 1.7961426
-7.087509 -5.2549896 1.5604858
-7.1089325 -5.5501556 1.3890991
-7.125595 -5.585861 1.3438721
-7.2065277 -5.4597015 1.5033569
-7.277939 -5.1931 1.798523
-7.330307 -4.8003387 2.0770264
-7.3850555 -4.450424 2.3793335
-7.4802704 -4.193344 2.703064
-7.618332 -3.993393 3.0648804
-7.7516327 -3.9124603 3.3338623
-7.973007 -3.9434052 3.486206
-8.211044 -4.0552826 3.550476
-8.4752655 -4.174301 3.433838
-8.725204 -4.417099 3.3790894
-9.008469 -4.6646576 3.2338867
-9.263168 -4.7931976 3.0863037
-9.613083 -4.890793 2.9506226
-10.091537 -5.045517 2.960144
-10.884201 -5.3168793 3.024414
-11.972031 -5.583481 3.0339355
-13.238388 -5.8429413 3.1243896
-14.478561 -5.96434 3.25531
-15.185532 -5.859604 3.3814697
-15.185532 -5.692978 3.3362427
-14.219101 -5.583481 3.38385
-12.624252 -5.585861 3.3171997
-11.053207 -5.609665 3.119629
-9.741623 -5.669174 3.081543
-8.734726 -5.604904 2.972046
-7.970627 -5.4597015 2.9006348
-7.420761 -5.200241 2.86969
-7.216049 -5.0098114 2.6959229
-7.1541595 -4.9526825 2.6030884
-7.4493256 -4.993149 2.5150146
-7.946823 -5.0359955 2.3912354
-8.515732 -5.1526337 2.4007568
-8.965622 -5.0431366 2.4888306
-9.353622 -4.7360687 2.5269165
-9.713058 -4.448044 2.5245361
-10.027267 -4.2219086 2.5459595
-10.277206 -3.9576874 2.593567
-10.460495 -3.6720428 2.6173706
-10.49144 -3.384018 2.581665
-10.293869 -3.1316986 2.4816895
-9.960617 -2.9365082 2.3674316
-9.486923 -2.9650726 2.2008057
-9.065598 -3.1316986 1.9865723
-8.751389 -3.3602142 1.7366333
-8.546677 -3.5815887 1.5890503
-8.344345 -3.6887054 1.4605103
-8.318161 -3.7982025 1.381958
-8.268173 -3.891037 1.1224976
-8.220566 -3.9029388 1.0439453
-8.177719 -3.9957733 0.94873047
-8.111069 -4.03862 0.79400635
-8.027756 -4.0171967 0.6654663
-7.9230194 -3.981491 0.48217773
-7.8777924 -3.8696136 0.4678955
-7.758774 -3.7363129 0.4345703
-7.6659393 -3.6720428 0.5036011
-7.5516815 -3.5673065 0.6011963
-7.508835 -3.5363617 0.5940552
-7.316025 -3.5244598 0.6583252
-7.3065033 -3.5173187 0.7559204
-7.296982 -3.4911346 0.791626
-7.3731537 -3.4911346 0.90826416
-7.446945 -3.5054169 0.9606323
-7.6088104 -3.5101776 0.98205566
-7.823044 -3.5411224 1.041565
-8.089645 -3.5720673 1.086792
-8.382431 -3.6315765 1.1534424
-8.732346 -3.705368 1.2557983
-9.075119 -3.7982025 1.3343506
-9.453598 -3.814865 1.4057617
-9.732101 -3.8600922 1.4581299
-9.967758 -3.9053192 1.5723877
-10.296249 -3.9243622 1.5961914
-10.850876 -3.9386444 1.6628418
-11.733994 -4.0552826 1.696167
-12.767075 -4.1385956 1.7223511
-14.016769 -4.243332 1.8485107
-15.066513 -4.3766327 1.927063
-15.521164 -4.3575897 2.0603638
-15.10936 -4.448044 2.1627197
-13.671616 -4.598007 2.4221802
-11.748276 -4.8503265 2.5864258
-9.882065 -5.038376 2.7459106
-8.108688 -5.174057 2.8411255
-6.5900116 -5.159775 2.9863281
-5.55455 -5.0431366 3.1029663
-5.0570526 -4.6575165 3.119629
-5.2546234 -4.3314056 3.1791382
-6.175827 -4.193344 3.1934204
-7.546921 -4.1457367 3.2981567
-8.753769 -4.1766815 3.2981567
-9.765427 -4.2147675 3.3100586
-10.4509735 -4.1457367 3.2695923
-10.796127 -3.9219818 3.0101318
-10.867538 -3.4887543 2.8173218
-10.791367 -3.0936127 2.722107
-10.472397 -2.7651215 2.7363892
-9.882065 -2.4318695 2.6792603
-9.277451 -2.293808 2.4840698
-8.718063 -2.441391 2.5840454
-8.322922 -2.710373 2.445984
-8.113449 -3.0793304 2.3031616
-7.882553 -3.531601 2.1627197
-7.773056 -3.750595 2.0317993
-7.54216 -3.948166 1.97229
-7.2612762 -4.0600433 1.8651733
-7.132736 -4.2671356 1.8080444
-6.958969 -4.5027924 1.5842896
-6.913742 -4.9026947 1.3343506
-6.9161224 -5.2407074 0.9701538
-6.9280243 -5.5049286 0.708313
-6.9423065 -5.647751 0.47979736
-6.9542084 -5.566818 0.5440674
-6.9946747 -5.3811493 0.78686523
-7.106552 -5.1002655 1.189148
-7.216049 -4.8312836 1.6295166
-7.406479 -4.5361176 2.055603
-7.592148 -4.4123383 2.3079224
-7.7873383 -4.348068 2.5221558
-8.030136 -4.2671356 2.6625977
-8.306259 -4.3290253 2.7197266
-8.656174 -4.493271 2.8720703
-9.0013275 -4.7170258 2.9291992
-9.346481 -4.8693695 2.9506226
-9.648788 -5.0431366 2.8934937
-9.891586 -5.2216644 2.7649536
-10.055832 -5.307358 2.6554565
-10.389084 -5.4073334 2.4935913
-11.0056 -5.6596527 2.5578613
-12.010117 -5.988144 2.7387695
-13.088425 -6.0905 2.9315796
-13.95488 -6.135727 3.0910645
-14.335739 -6.0309906 3.2338867
-14.052475 -5.881027 3.1815186
-13.236008 -5.8262787 3.2624512
-12.141037 -5.816757 3.1553345
-11.13176 -5.7929535 3.1029663
-10.1082 -5.7215424 2.9768066
-9.3155365 -5.443039 2.7768555
-8.4752655 -5.231186 2.5792847
-7.8992157 -4.955063 2.4055176
-7.4493256 -4.8003387 2.460266
-7.2422333 -4.731308 2.3674316
-7.3207855 -4.7741547 2.2317505
-7.663559 -4.80986 2.1055908
-8.144394 -4.8574677 2.1174927
-8.658554 -4.828903 2.0603638
-9.063217 -4.6956024 2.1436768
-9.384567 -4.538498 2.22937
-9.6940155 -4.340927 2.4031372
-9.986801 -4.160019 2.5269165
-10.177231 -4.0148163 2.472168
-10.165329 -3.871994 2.3412476
-10.053452 -3.6815643 2.2103271
-9.770187 -3.4268646 2.067505
-9.455978 -3.3792572 1.9484863
-9.141769 -3.4387665 1.7961426
-8.898972 -3.5268402 1.7080688
Time Stop = 2285
