Time Start = 2713
3.8931427 -4.42424 9.172913
0.5653839 -2.8055878 8.820618
-0.20347595 -1.9319916 9.227661
0.9795685 -2.0224457 9.706116
0.81770325 -2.396164 8.758728
0.78437805 -3.20549 7.5804443
1.3961334 -4.448044 7.5947266
1.2890167 -4.7360687 7.9375
0.9629059 -4.2528534 8.634949
0.91767883 -3.7101288 8.870605
1.5199127 -3.1102753 9.594238
2.022171 -3.7577362 8.646851
2.3125763 -1.6368256 9.560913
1.5865631 -3.1031342 9.325256
1.912674 -3.5339813 9.637085
2.6648712 -2.8746185 9.982239
3.0385895 -3.0364838 9.370483
2.9148102 -3.4459076 9.598999
2.676773 -3.807724 9.051514
3.036209 -4.121933 9.003906
2.9314728 -4.590866 8.692078
2.952896 -4.314743 8.746826
3.1433258 -4.916977 8.456421
3.0147858 -4.2861786 8.680176
2.9171906 -4.0790863 8.680176
2.5720367 -4.42424 8.565918
3.0052643 -4.943161 8.32074
2.8100739 -4.4456635 8.135071
2.65773 -4.3552094 8.346924
2.3720856 -3.8791351 8.77301
2.060257 -3.5006561 8.96344
2.0435944 -3.6910858 9.201477
2.2173615 -4.083847 9.1467285
2.5958405 -3.641098 8.715881
2.5982208 -3.9386444 8.796814
2.5149078 -3.486374 9.187195
2.33638 -3.3744965 9.227661
2.4125519 -3.4911346 9.268127
2.3887482 -3.8481903 9.322876
2.3197174 -3.4839935 9.825134
2.3863678 -3.3435516 9.66803
2.586319 -3.8767548 9.384766
2.9314728 -4.03862 8.956299
2.9886017 -4.3932953 8.565918
2.7220001 -3.9624481 8.199341
1.9007721 -2.0771942 8.675415
1.0247955 -3.7077484 9.458557
0.49397278 -3.4244843 8.544495
1.0890656 -4.0933685 8.265991
1.515152 -4.3575897 7.8137207
1.3461456 -4.129074 8.618286
1.5699005 -4.2861786 8.922974
2.3958893 -5.0026703 9.032471
3.23378 -2.2985687 9.237183
2.6029816 -3.2578583 9.60614
2.2292633 -3.6458588 9.679932
1.8317413 -3.2411957 9.718018
3.1171417 -3.7101288 9.406189
2.6006012 -3.2983246 8.718262
2.7862701 -4.6122894 8.944397
3.3742218 -4.4385223 9.191956
3.093338 -4.3885345 8.592102
3.6360626 -5.0240936 8.182678
3.3789825 -5.2478485 7.782776
3.2456818 -5.7048798 7.4733276
2.8338776 -6.123825 7.456665
2.6434479 -5.840561 7.4352417
2.4315948 -5.96196 7.5875854
2.253067 -5.488266 7.782776
2.1388092 -5.1931 7.854187
2.1269073 -4.828903 8.039856
2.1864166 -4.6456146 8.373108
2.317337 -4.474228 8.668274
2.4506378 -4.5694427 8.692078
2.4863434 -4.10289 8.89917
2.419693 -3.8243866 8.96582
2.3958893 -3.8172455 8.970581
2.3411407 -4.000534 8.927734
2.3125763 -4.10289 8.968201
2.1935577 -4.3575897 8.692078
2.098343 -4.621811 8.51355
2.1649933 -4.61467 8.308838
2.2673492 -4.6456146 8.144592
2.3006744 -4.7408295 7.989868
2.3673248 -4.955063 7.9279785
2.5172882 -5.124069 8.244568
2.6672516 -5.06456 8.7039795
2.6410675 -4.352829 9.065796
2.541092 -3.769638 9.272888
2.4958649 -3.7220306 9.263367
2.4815826 -3.9196014 9.120544
2.5696564 -3.9076996 9.1657715
2.5268097 -3.8577118 9.175293
2.5315704 -3.9148407 9.118164
2.7362823 -4.1766815 8.937256
2.8600616 -4.352829 9.232422
2.9290924 -4.0933685 9.118164
2.805313 -4.000534 8.799194
2.6862946 -4.390915 9.318115
2.4411163 -4.4409027 9.072937
1.8365021 -3.6315765 8.135071
1.9436188 -4.429001 8.056519
1.3271027 -4.5932465 7.566162
1.5222931 -4.2671356 8.335022
1.5318146 -3.8410492 8.356445
1.5722809 -3.705368 8.506409
1.4746857 -3.6529999 8.815857
1.7174835 -3.6958466 9.175293
2.0650177 -3.7363129 9.363342
2.3673248 -2.184311 9.387146
1.9150543 -2.3747406 9.60376
1.6674957 -4.2100067 9.049133
2.3078156 -4.507553 8.775391
3.0005035 -5.174057 8.532593
3.3861237 -5.3835297 8.38501
3.4837189 -4.379013 8.763489
3.2313995 -3.4625702 8.818237
3.3861237 -3.1864471 9.130066
2.46492 -3.3578339 9.391907
2.7481842 -3.6696625 9.09198
2.9290924 -3.8505707 9.02533
2.6720123 -4.1814423 8.801575
2.6339264 -4.4266205 8.511169
2.5625153 -4.4718475 8.346924
2.586319 -4.455185 8.639709
2.6743927 -4.2861786 8.565918
2.7243805 -3.8957977 8.439758
2.4934845 -3.807724 8.989624
2.695816 -3.864853 9.056274
2.8124542 -4.0814667 8.9158325
2.5315704 -4.250473 8.618286
2.7362823 -4.538498 8.573059
3.002884 -4.6717987 8.377869
2.9124298 -4.61705 8.434998
3.1457062 -4.4599457 8.356445
3.086197 -4.2100067 8.613525
3.1290436 -3.8577118 8.723022
3.0385895 -3.9243622 8.868225
2.9362335 -4.0933685 8.8515625
2.9338531 -4.1171722 8.792053
2.964798 -4.0552826 8.730164
3.0266876 -4.1647797 8.606384
3.048111 -4.281418 8.822998
3.0219269 -4.3932953 8.694458
3.010025 -4.4956512 8.984863
2.9243317 -4.345688 8.8349
2.9790802 -4.1076508 8.551636
2.8076935 -4.071945 8.277893
2.688675 -4.3504486 8.611145
2.3887482 -4.1838226 7.8256226
2.1864166 -4.2338104 8.863464
2.0793 -4.090988 8.789673
1.9983673 -3.8577118 8.396912
2.1269073 -3.9600677 7.9970093
2.2173615 -4.255234 7.9613037
2.2054596 -4.7527313 8.382629
2.3839874 -4.621811 9.032471
2.4244537 -4.4528046 9.565674
2.855301 -3.3530731 9.208618
3.1147614 -3.2911835 9.34906
3.010025 -4.012436 8.9158325
2.9124298 -4.071945 8.8515625
2.8648224 -4.0814667 8.758728
2.7957916 -4.302841 8.639709
2.8029327 -4.2647552 8.761108
2.669632 -4.152878 8.682556
2.5387115 -4.0671844 8.639709
2.3863678 -4.364731 8.484985
2.4434967 -4.4147186 8.589722
2.5839386 -4.198105 8.746826
2.6267853 -3.9957733 9.041992
2.4601593 -3.8934174 8.880127
2.3459015 -4.326645 8.594482
2.4887238 -4.6456146 8.268372
2.6648712 -4.55278 8.263611
2.733902 -4.6717987 8.3064575
2.6981964 -4.636093 8.494507
2.6386871 -4.2957 8.687317
2.5648956 -4.03862 8.682556
2.4792023 -3.9457855 8.715881
2.3720856 -3.8672333 8.953918
2.1745148 -3.9386444 8.980103
2.343521 -3.871994 8.96106
2.3030548 -3.9386444 8.818237
2.4411163 -3.8481903 8.908691
2.574417 -3.833908 8.889648
2.6267853 -3.7672577 9.049133
2.483963 -3.6958466 9.070557
2.4077911 -3.750595 9.015808
2.40065 -3.9576874 8.908691
2.4244537 -3.9505463 8.861084
2.4220734 -4.333786 8.811096
2.4673004 -4.276657 8.684937
2.374466 -3.788681 9.099121
2.3839874 -3.5863495 9.013428
2.3911285 -3.224533 9.306213
2.3268585 -3.3578339 9.34668
2.3316193 -4.024338 8.908691
2.46492 -3.9196014 8.725403
2.3078156 -3.936264 9.137207
2.2578278 -3.929123 9.275269
2.195938 -3.8696136 8.992004
2.2173615 -4.1623993 9.020569
2.6410675 -4.283798 8.839661
2.3149567 -4.429001 8.765869
2.3673248 -4.7527313 8.880127
2.817215 -4.6241913 9.053894
2.0197906 -3.8386688 8.156494
2.7696075 -3.5220795 8.799194
1.4437408 -3.1316986 8.815857
1.155716 -2.8912811 9.02771
1.4437408 -3.4316254 8.482605
1.7531891 -4.2933197 7.8184814
1.9150543 -5.4716034 7.1710205
1.662735 -5.8429413 7.354309
1.5865631 -5.6263275 7.739929
1.7984161 -4.55278 8.663513
1.9364777 -3.9053192 9.789429
2.1554718 -3.864853 8.96582
2.4482574 -3.160263 9.468079
2.6981964 -3.107895 9.382385
2.983841 -4.3433075 9.113403
3.2004547 -3.929123 9.122925
3.0385895 -3.5030365 9.403809
2.5910797 -3.422104 9.549011
2.4101715 -3.3816376 9.365723
2.522049 -3.7934418 9.113403
2.714859 -4.481369 8.932495
2.7862701 -4.697983 8.763489
2.6791534 -4.9384003 8.763489
2.612503 -4.5432587 8.727783
2.605362 -3.115036 8.887268
2.4077911 -2.4628143 8.25885
1.7032013 -2.7460785 9.303833
1.367569 -4.352829 8.339783
1.5627594 -4.071945 8.534973
1.8460236 -4.121933 8.475464
1.7508087 -4.48851 8.380249
2.0078888 -3.9386444 8.482605
2.2292633 -4.0481415 8.970581
2.4339752 -4.2528534 8.927734
2.8957672 -2.8055878 8.980103
2.46492 -3.4149628 9.258606
2.3054352 -4.821762 9.151489
2.7696075 -4.533737 8.877747
3.1933136 -3.826767 8.996765
3.074295 -3.326889 9.206238
2.7743683 -3.236435 9.239563
2.6672516 -3.4316254 9.137207
2.7005768 -3.6910858 9.032471
2.7196198 -3.9434052 8.782532
2.7029572 -4.090988 8.792053
2.6148834 -4.031479 8.827759
2.6529694 -4.217148 8.584961
2.6434479 -4.3385468 8.5802
2.6720123 -4.431381 8.57782
2.65773 -4.417099 8.465942
2.6458282 -4.4004364 8.877747
2.5363312 -4.257614 9.177673
2.676773 -3.5815887 8.977722
2.6934357 -3.0626678 9.210999
2.5053864 -2.7698822 9.641846
2.393509 -3.3673553 9.499023
2.3720856 -3.788681 9.213379
2.4601593 -4.012436 8.911072
2.46492 -4.3623505 8.677795
2.6077423 -5.135971 8.077942
2.855301 -5.623947 7.7161255
3.0814362 -5.976242 7.3828735
3.2433014 -5.681076 7.797058
3.2290192 -4.5884857 8.313599
3.1790314 -3.9624481 8.870605
3.0576324 -4.1005096 9.3133545
2.881485 -3.9791107 8.922974
2.945755 -2.9507904 9.184814
2.6148834 -2.0343475 9.28241
1.8436432 -3.6363373 10.058411
1.5699005 -3.455429 8.737305
1.4461212 -3.8410492 7.842285
1.5770416 -5.012192 7.0543823
1.7103424 -5.295456 7.161499
1.6151276 -5.181198 8.244568
1.8269806 -4.890793 8.863464
2.5720367 -3.448288 9.301453
2.676773 -3.0602875 9.549011
2.567276 -3.9600677 9.011047
2.7481842 -3.686325 8.980103
2.843399 -3.6125336 9.096741
2.7815094 -4.507553 9.051514
2.919571 -4.364731 9.303833
3.1338043 -3.7363129 9.02533
3.6217804 -4.6075287 9.177673
2.5791779 -4.9479218 8.1588745
3.831253 -4.80986 7.42334
3.8836212 -5.374008 7.9779663
3.2504425 -5.083603 8.756348
2.6934357 -4.8241425 8.796814
2.6101227 -4.700363 8.623047
2.7648468 -4.74559 7.739929
2.8791046 -5.3121185 7.392395
3.1147614 -5.090744 8.682556
2.6482086 -3.2459564 8.354065
2.1768951 -3.448288 10.041748
1.9055328 -3.024582 9.163391
1.6936798 -3.3340302 8.337402
1.7603302 -4.7289276 7.7946777
1.8698273 -5.32164 8.208862
2.2245026 -5.3644867 8.506409
2.5910797 -4.890793 7.4661865
3.0243073 -3.9386444 8.665894
3.0409698 -4.367111 9.601379
2.9933624 -4.571823 9.037231
2.4125519 -4.781296 8.042236
3.4051666 -4.2957 8.1922
3.6789093 -5.0955048 7.8970337
3.3337555 -5.3264008 8.0946045
3.1052399 -5.1835785 8.394531
2.971939 -5.219284 8.13031
3.0338287 -5.347824 8.049377
2.9886017 -4.8836517 8.035095
2.8695831 -4.462326 8.118408
2.6339264 -4.179062 8.565918
2.4506378 -3.9862518 8.808716
2.419693 -3.871994 9.001526
2.4887238 -3.78154 9.020569
2.5315704 -3.8291473 9.013428
2.6291656 -3.8410492 9.006287
2.7291412 -3.8886566 8.894409
2.9433746 -4.114792 8.77063
3.086197 -4.383774 8.682556
3.1742706 -4.5218353 8.437378
3.119522 -4.640854 8.442139
3.0719147 -4.8741302 8.25647
3.048111 -4.9788666 7.885132
2.817215 -4.3433075 8.730164
2.9552765 -4.436142 8.377869
2.9171906 -4.4766083 8.487366
2.8267365 -4.3290253 8.653992
2.733902 -4.3694916 8.630188
2.7267609 -4.3123627 8.492126
2.7886505 -4.1814423 8.604004
2.7029572 -4.474228 8.877747
2.8410187 -4.136215 8.534973
2.843399 -4.0290985 8.737305
2.817215 -3.9434052 8.753967
2.7743683 -4.1623993 8.792053
2.779129 -4.1457367 8.496887
2.9362335 -4.462326 8.77063
3.029068 -4.2742767 8.625427
3.0124054 -4.212387 8.634949
3.048111 -4.3052216 8.57782
3.0885773 -4.326645 8.723022
3.048111 -4.179062 8.637329
2.9624176 -4.198105 8.499268
2.983841 -4.288559 8.349304
2.9600372 -4.80748 8.166016
3.067154 -5.0050507 8.232666
3.1480865 -4.61705 8.294556
3.1338043 -4.0933685 8.606384
3.010025 -3.7339325 8.756348
2.7220001 -3.8553314 8.906311
2.6172638 -3.8124847 8.884888
2.7243805 -3.955307 8.930115
2.9219513 -3.9267426 8.939636
2.9957428 -3.8767548 8.846802
2.9671783 -3.981491 8.775391
2.9338531 -4.2219086 8.625427
2.9481354 -4.3575897 8.508789
3.036209 -4.5242157 8.444519
3.1623688 -4.481369 8.489746
3.1599884 -4.2290497 8.542114
3.0409698 -4.0600433 8.606384
2.9052887 -3.9767303 8.701599
2.8410187 -3.948166 8.720642
2.8314972 -4.088608 8.739685
2.9362335 -4.140976 8.656372
2.9981232 -4.1766815 8.589722
2.9624176 -4.1052704 8.665894
2.824356 -4.0814667 8.687317
2.7696075 -4.179062 8.746826
2.7005768 -4.2933197 8.532593
2.7124786 -4.6575165 8.308838
2.8695831 -4.7931976 8.273132
3.0219269 -4.4766083 8.337402
3.093338 -4.2742767 8.465942
3.0266876 -4.121933 8.661133
3.0385895 -3.9315033 8.96106
2.9814606 -4.0362396 8.8515625
2.938614 -4.3052216 8.658752
2.9290924 -4.281418 8.573059
2.8291168 -4.321884 8.558777
2.7029572 -4.319504 8.570679
2.631546 -4.1243134 8.627808
2.5339508 -3.9719696 8.673035
2.5268097 -4.152878 8.64447
2.612503 -4.2480927 8.718262
2.7838898 -4.1005096 8.665894
2.779129 -4.0624237 8.689697
2.7291412 -4.0148163 8.718262
2.6006012 -3.9243622 8.889648
2.503006 -3.929123 8.803955
2.6410675 -4.0600433 8.720642
2.7362823 -4.012436 8.884888
2.707718 -4.2076263 8.649231
2.6553497 -4.590866 8.480225
2.6410675 -4.352829 8.527832
2.6172638 -4.186203 8.5802
2.522049 -4.1838226 8.558777
2.5077667 -4.2266693 8.623047
2.4744415 -4.23143 8.623047
2.5648956 -4.2980804 8.596863
2.6267853 -4.255234 8.711121
2.5815582 -4.129074 8.632568
2.5648956 -4.152878 8.51355
2.5886993 -4.069565 8.775391
2.6458282 -4.052902 8.756348
2.6791534 -4.0481415 8.815857
2.669632 -4.052902 8.820618
2.6672516 -4.1957245 8.751587
2.6458282 -4.236191 8.634949
2.695816 -4.1195526 8.680176
2.6934357 -4.174301 8.675415
2.676773 -4.2266693 8.682556
2.6815338 -4.2266693 8.64447
2.707718 -4.269516 8.613525
2.741043 -4.2266693 8.623047
2.7838898 -4.2028656 8.634949
2.7743683 -4.0481415 8.715881
2.7815094 -4.0290985 8.784912
2.7672272 -4.0410004 8.699219
2.7743683 -4.0338593 8.720642
2.8410187 -4.012436 8.777771
2.881485 -4.007675 8.680176
2.8862457 -4.0552826 8.639709
2.7624664 -4.4718475 8.913452
2.805313 -4.110031 8.542114
2.7648468 -4.095749 8.596863
2.779129 -4.243332 8.792053
2.7481842 -4.0814667 8.487366
2.771988 -4.0743256 8.711121
2.8124542 -4.031479 8.763489
2.8505402 -4.1385956 8.742065
2.8600616 -4.0148163 8.604004
2.855301 -4.174301 8.803955
2.8410187 -4.1385956 8.639709
2.9171906 -4.0171967 8.77301
2.8933868 -3.917221 8.794434
2.8505402 -3.8862762 8.715881
2.695816 -4.000534 8.9348755
2.6077423 -3.9624481 8.922974
2.824356 -4.0219574 8.723022
2.9029083 -3.8291473 8.57782
2.8719635 -3.9791107 8.632568
2.6862946 -4.1052704 8.653992
2.7029572 -3.9648285 8.6206665
2.7862701 -4.0933685 8.646851
2.9576569 -4.3123627 8.684937
3.1933136 -4.345688 8.494507
3.1052399 -4.257614 8.511169
2.9148102 -4.4266205 8.663513
2.8219757 -4.2647552 8.465942
2.7458038 -4.326645 8.64447
2.7386627 -4.4194794 8.5802
2.714859 -4.590866 8.380249
2.6862946 -4.4980316 8.370728
2.6934357 -4.514694 8.532593
2.7458038 -4.4599457 8.465942
2.7743683 -4.390915 8.394531
2.7291412 -4.217148 8.742065
2.6672516 -4.198105 8.732544
2.650589 -4.110031 8.842041
2.7505646 -3.9315033 8.711121
2.805313 -3.833908 8.761108
2.7553253 -3.8434296 8.830139
2.7291412 -4.0171967 8.903931
2.9100494 -4.314743 8.725403
3.119522 -4.7860565 8.827759
3.3908844 -4.5504 8.977722
3.4218292 -3.4506683 8.70874
3.0838165 -2.9817352 9.315735
2.4601593 -2.3223724 8.663513
1.7365265 -3.4387665 8.713501
1.7436676 -5.1193085 8.499268
1.7484283 -3.705368 8.411194
1.7984161 -2.7984467 8.439758
1.7317657 -3.8291473 8.665894
1.8412628 -4.2528534 9.044373
2.279251 -4.640854 8.89679
3.0124054 -3.6553802 8.865845
3.3861237 -3.0840912 8.953918
2.9576569 -3.6506195 9.315735
2.6815338 -3.8362885 9.144348
2.9576569 -3.936264 8.794434
3.2813873 -4.3385468 8.518311
3.4765778 -4.390915 8.549255
3.4099274 -4.155258 8.70874
3.0219269 -3.7958221 9.161011
2.7315216 -4.1005096 9.022949
2.612503 -4.0790863 8.589722
2.6743927 -4.281418 8.442139
Time Stop = 2718
