Time Start = 2790
1.8960114 -3.5625458 9.951294
6.1449738 -3.7196503 9.4609375
4.7905426 -3.8410492 9.418091
1.4723053 -3.160263 9.582336
0.07740784 -2.1795502 9.527588
0.98908997 -2.350937 9.518066
2.541092 -3.1055145 9.501404
2.938614 -3.4197235 9.265747
2.4173126 -3.6101532 9.239563
1.6032257 -3.4625702 9.044373
1.1961823 -3.0031586 7.904175
2.1578522 -3.7672577 9.077698
2.1840363 -3.5030365 9.318115
1.9745636 -3.3602142 9.187195
1.5937042 -2.9174652 8.89917
1.1033478 -2.7413177 8.77063
1.5080109 -2.9198456 9.356201
1.8269806 -3.6577606 8.682556
1.9031525 -3.2602386 8.820618
1.4389801 -3.5101776 8.373108
1.727005 -3.7958221 8.494507
1.9745636 -3.5744476 8.715881
1.9555206 -3.307846 8.820618
1.7412872 -2.9793549 8.975342
1.5460968 -2.8555756 9.137207
1.5532379 -3.0412445 9.070557
1.7032013 -3.2673798 9.253845
1.893631 -3.3316498 9.215759
2.0554962 -3.7553558 8.742065
2.2030792 -2.4842377 9.884644
2.3792267 -2.3152313 9.970337
2.3649445 -3.0412445 9.372864
2.6363068 -2.8531952 9.258606
2.688675 -2.8246307 9.363342
2.574417 -2.9388885 9.425232
2.3530426 -2.9246063 9.637085
2.2292633 -3.3483124 9.837036
2.5149078 -2.876999 9.272888
2.707718 -3.1840668 9.108643
2.5529938 -3.1697845 9.365723
2.3387604 -2.8698578 9.360962
2.2102203 -2.9579315 9.532349
2.1840363 -3.1507416 9.720398
2.2935333 -2.9365082 9.570435
2.2959137 -2.812729 9.170532
2.1935577 -2.217636 9.134827
1.8484039 -2.993637 9.011047
1.6889191 -3.0293427 8.380249
1.6460724 -3.2649994 8.853943
1.5318146 -3.0793304 8.673035
1.4556427 -3.2126312 9.194336
1.5960846 -3.3126068 9.237183
1.9817047 -3.2530975 8.968201
2.0626373 -3.4459076 8.792053
2.3411407 -3.2530975 8.504028
2.2863922 -2.8960419 8.927734
2.1935577 -3.4506683 9.2229
2.4863434 -3.833908 10.025085
2.1340485 -3.1245575 9.646606
3.2123566 -3.4697113 9.92749
3.4099274 -3.5625458 9.808472
3.4218292 -3.3768768 9.7751465
2.8529205 -3.1507416 9.308594
2.59346 -3.807724 9.018188
2.1150055 -4.6717987 8.663513
2.6910553 -5.51445 7.925598
3.0576324 -5.7929535 7.373352
3.1647491 -6.000046 6.892517
3.1147614 -6.02623 6.942505
3.0314484 -6.0119476 7.380493
2.9505157 -5.4477997 7.5685425
2.7220001 -5.25737 7.892273
2.6743927 -4.9026947 8.051758
2.7386627 -4.455185 8.361206
2.6815338 -4.133835 8.713501
2.4149323 -3.8434296 8.992004
2.2887726 -3.7910614 9.034851
2.2411652 -3.9600677 8.9348755
2.5387115 -4.8812714 8.7682495
2.8100739 -4.3242645 8.682556
2.6910553 -3.686325 8.865845
2.343521 -3.6934662 9.125305
2.3030548 -3.9053192 9.046753
2.3459015 -3.8696136 9.018188
2.5720367 -4.8884125 8.675415
2.6386871 -4.667038 8.51593
2.650589 -4.0100555 8.653992
2.4315948 -3.97435 8.780151
2.3244781 -4.114792 8.715881
2.426834 -4.731308 8.568298
2.5958405 -5.340683 8.225525
2.7957916 -5.3168793 8.111267
2.7815094 -4.769394 8.218384
2.6839142 -4.705124 8.304077
2.676773 -4.5480194 8.401672
2.7267609 -4.500412 8.432617
2.752945 -4.3932953 8.6206665
2.7029572 -4.136215 8.730164
2.6196442 -3.8315277 8.849182
2.4506378 -3.667282 9.046753
2.343521 -3.814865 8.977722
2.3863678 -4.200485 8.861084
2.374466 -4.2219086 8.737305
2.2578278 -4.052902 8.83252
2.3054352 -3.9053192 8.944397
2.310196 -4.069565 8.846802
2.4220734 -4.3742523 8.872986
2.4553986 -4.276657 8.756348
2.4934845 -4.076706 8.796814
2.5339508 -3.9434052 8.811096
2.5815582 -4.057663 8.861084
2.5958405 -4.398056 8.665894
2.805313 -4.5027924 8.606384
3.1718903 -4.7979584 8.494507
3.29805 -4.467087 8.737305
3.119522 -4.0552826 8.984863
2.7934113 -4.0814667 8.801575
2.8219757 -5.057419 8.511169
2.7934113 -4.5504 8.649231
2.5577545 -4.090988 8.634949
2.3459015 -4.507553 8.558777
2.3506622 -4.474228 8.568298
2.457779 -4.4528046 8.461182
2.4125519 -4.379013 8.287415
2.3149567 -4.0814667 8.144592
2.234024 -4.74559 8.380249
2.541092 -4.602768 8.368347
1.938858 -4.0290985 8.525452
2.1530914 -4.024338 8.799194
2.3720856 -3.9648285 8.937256
2.541092 -3.97435 8.930115
2.457779 -4.064804 8.887268
2.5434723 -4.0600433 8.746826
2.6410675 -4.236191 8.9158325
2.6172638 -3.9315033 9.02533
2.5648956 -3.9600677 9.096741
2.6553497 -4.1647797 8.884888
2.7838898 -4.1385956 8.968201
2.7624664 -4.012436 8.922974
2.7220001 -4.1314545 8.894409
2.6981964 -4.088608 8.987244
2.7696075 -4.4908905 8.90155
2.6363068 -3.9910126 8.7682495
2.7838898 -4.6265717 8.411194
2.2483063 -4.655136 8.327881
2.1126251 -3.9648285 8.477844
2.0435944 -4.174301 8.489746
2.131668 -3.9791107 8.492126
2.1411896 -3.3435516 8.749207
1.8983917 -3.5363617 8.870605
1.7674713 -3.8862762 8.927734
2.0697784 -3.9957733 8.918213
2.1292877 -3.3887787 8.96344
2.150711 -3.3126068 8.830139
1.8888702 -4.8241425 8.018433
2.003128 -5.5691986 8.025574
2.4411163 -5.2288055 8.458801
3.0885773 -4.8622284 8.344543
3.3647003 -4.121933 8.846802
3.4670563 -3.91008 9.077698
3.4694366 -4.4599457 8.922974
3.42659 -4.4789886 8.758728
3.4242096 -3.8815155 8.920593
3.2647247 -3.724411 9.006287
3.176651 -3.9672089 8.677795
3.029068 -4.1385956 8.523071
2.952896 -4.0433807 8.589722
2.7815094 -4.2528534 8.482605
2.8124542 -4.781296 8.182678
2.9481354 -4.776535 8.406433
2.9695587 -4.3171234 8.596863
3.600357 -5.283554 8.358826
2.714859 -5.205002 7.9351196
3.4242096 -5.212143 8.00177
3.6027374 -5.290695 7.7922974
3.5527496 -4.590866 8.335022
3.3004303 -3.2269135 8.908691
2.5696564 -2.6651459 9.465698
2.1792755 -3.0222015 9.634705
2.426834 -3.6387177 9.210999
2.8743439 -4.205246 8.623047
2.9862213 -4.5670624 8.19458
2.945755 -4.7336884 8.037476
2.7100983 -4.9193573 8.020813
2.605362 -4.893173 8.075562
2.6981964 -4.5623016 8.539734
2.843399 -4.35997 8.732544
2.9790802 -4.340927 8.544495
2.9933624 -4.250473 8.5802
2.8314972 -4.0171967 8.846802
2.8695831 -3.6506195 9.103882
2.8933868 -3.4459076 9.199097
2.9695587 -3.4720917 9.444275
2.9552765 -3.5173187 9.256226
3.002884 -4.4218597 8.744446
3.2433014 -5.45018 8.794434
3.6408234 -5.4716034 8.518311
3.850296 -4.9526825 8.037476
3.7884064 -4.5051727 7.5828247
3.2647247 -4.255234 8.044617
2.7434235 -4.2933197 8.415955
2.4625397 -4.031479 7.706604
2.855301 -3.78154 9.532349
2.605362 -4.2338104 9.60376
2.0388336 -3.4078217 8.539734
1.6960602 -3.71727 7.61615
1.4723053 -4.4599457 7.3828735
1.8412628 -5.1050262 7.597107
2.1269073 -5.4835052 8.06604
2.5839386 -5.435898 8.294556
2.8267365 -4.6837006 7.8637085
3.0147858 -3.743454 8.627808
3.0266876 -3.6172943 9.056274
3.1147614 -4.217148 9.360962
3.2552032 -4.3099823 9.127686
3.471817 -4.4266205 8.987244
3.5527496 -4.4789886 8.64447
3.4408722 -4.4980316 8.558777
3.16951 -4.5051727 8.427856
3.3028107 -4.5861053 8.311218
3.5694122 -4.924118 8.437378
3.2075958 -4.928879 8.2421875
2.8076935 -4.7479706 8.173157
2.586319 -4.61705 8.3064575
2.5982208 -4.4123383 8.606384
2.4792023 -4.171921 8.958679
2.3601837 -3.6387177 8.882507
2.5077667 -3.5173187 8.9348755
2.245926 -3.4435272 9.041992
2.2887726 -3.7672577 9.051514
2.4625397 -3.948166 8.89679
2.6553497 -4.2457123 8.632568
2.7005768 -4.3766327 8.675415
2.7172394 -4.5623016 8.375488
2.8981476 -4.602768 8.380249
2.9766998 -4.6456146 8.480225
3.0885773 -4.74559 8.480225
3.0814362 -4.55278 8.692078
3.0457306 -4.371872 8.739685
3.0147858 -4.3694916 8.742065
2.8481598 -4.307602 8.608765
2.8338776 -4.3742523 8.482605
2.805313 -4.5432587 8.613525
2.779129 -4.4789886 8.411194
2.8314972 -4.533737 8.430237
2.8005524 -4.493271 8.599243
2.6648712 -4.2647552 8.701599
2.5553741 -4.1838226 8.880127
2.52919 -3.9957733 8.953918
2.4173126 -3.9076996 9.246704
2.4292145 -3.8553314 9.344299
2.6006012 -3.8791351 9.018188
2.5577545 -4.2933197 8.853943
2.65773 -4.3552094 8.634949
2.560135 -4.057663 8.632568
2.2483063 -3.826767 9.09436
2.0126495 -4.0743256 9.075317
2.3459015 -4.1076508 8.918213
2.2816315 -4.450424 8.630188
2.1388092 -4.3694916 8.475464
2.131668 -4.1314545 8.799194
2.4911041 -4.171921 8.487366
1.6770172 -3.7220306 8.108887
1.8222198 -4.10289 7.7851563
2.105484 -4.6765594 7.5804443
1.9102936 -5.226425 7.718506
1.8055573 -4.981247 7.8779907
1.8436432 -4.2671356 8.277893
2.1221466 -4.531357 8.108887
2.2863922 -4.3385468 9.663269
2.6101227 -3.2221527 9.629944
2.7957916 -4.5051727 9.310974
3.055252 -4.3361664 8.958679
3.2718658 -3.7958221 9.053894
3.0838165 -4.1647797 8.9991455
2.952896 -4.3052216 9.065796
2.855301 -4.2409515 8.984863
2.7100983 -4.724167 8.594482
2.6720123 -4.9384003 8.615906
2.6077423 -4.845566 8.70874
2.6029816 -4.7979584 8.563538
2.6077423 -4.507553 8.806335
2.548233 -3.576828 8.96344
2.3316193 -2.8746185 8.846802
1.9007721 -2.5175629 8.549255
1.5175323 -3.6934662 9.072937
1.7674713 -4.1766815 8.413574
1.7841339 -4.1314545 8.570679
1.7627106 -4.719406 8.370728
1.8603058 -4.2290497 8.496887
2.3911285 -3.7196503 8.675415
2.4744415 -4.4075775 8.90155
2.6624908 -3.4506683 8.977722
2.760086 -3.300705 9.15387
2.624405 -4.4337616 8.946777
2.779129 -4.7789154 8.720642
2.971939 -4.4385223 8.692078
2.9933624 -4.0148163 8.796814
2.7743683 -3.7529755 9.037231
2.5720367 -3.5458832 9.41333
2.5886993 -3.8386688 9.303833
2.8100739 -3.5649261 9.032471
2.7553253 -3.3530731 9.163391
2.586319 -3.7839203 9.065796
2.5315704 -4.2957 8.694458
2.574417 -4.6575165 8.394531
2.707718 -4.7551117 8.461182
2.669632 -4.5480194 8.544495
2.4792023 -4.621811 8.549255
2.7458038 -4.8836517 8.423096
2.9409943 -4.781296 8.206482
3.036209 -5.019333 8.277893
2.983841 -5.102646 8.139832
3.0576324 -4.9145966 8.51593
3.1147614 -4.0552826 9.47998
3.2528229 -3.936264 9.496643
3.1790314 -4.090988 9.391907
2.7458038 -3.4197235 8.656372
2.226883 -2.7913055 7.6708984
1.6841583 -3.6768036 9.472839
1.4913483 -4.1647797 8.820618
1.7151031 -3.7339325 7.7922974
1.7032013 -4.833664 6.994873
1.3913727 -5.9095917 7.578064
1.5508575 -5.8691254 7.925598
2.1364288 -5.181198 7.692322
2.5458527 -3.2602386 8.7682495
2.3006744 -3.9053192 8.868225
2.291153 -4.1576385 8.980103
2.733902 -3.403061 9.5442505
3.0266876 -3.3625946 10.6154175
3.0314484 -4.333786 10.225037
2.1768951 -3.993393 8.827759
3.6074982 -4.7146454 8.634949
4.183548 -5.359726 8.008911
3.971695 -4.9217377 7.949402
3.4503937 -5.238327 8.111267
3.0695343 -5.7024994 7.7018433
2.9290924 -5.4977875 7.74469
2.919571 -5.4525604 7.7851563
2.8862457 -5.288315 7.7232666
2.7862701 -4.700363 8.237427
2.5053864 -3.1293182 9.232422
2.1150055 -2.3033295 10.24408
1.7127228 -2.6365814 10.294067
2.060257 -3.5173187 9.47998
2.760086 -4.152878 8.656372
3.369461 -4.859848 8.694458
3.36232 -5.1502533 8.358826
3.2909088 -5.2740326 7.8565674
3.36232 -6.4213715 7.380493
3.2766266 -5.8905487 7.173401
3.3789825 -4.186203 7.6970825
2.8576813 -3.2983246 9.289551
2.0507355 -3.429245 9.653748
1.6651154 -3.4078217 9.294312
1.560379 -3.050766 9.134827
1.6722565 -3.172165 8.780151
1.598465 -3.7863007 8.511169
1.8341217 -3.762497 8.827759
2.3030548 -3.7791595 9.453796
2.695816 -4.16716 9.280029
2.7696075 -4.136215 8.849182
3.0195465 -3.8124847 8.734924
3.36232 -4.114792 8.439758
3.3789825 -5.0931244 8.230286
3.4765778 -5.185959 8.187439
3.4170685 -4.9479218 8.418335
2.7458038 -3.8172455 7.7161255
2.805313 -4.2100067 8.868225
2.990982 -4.7217865 8.761108
2.9743195 -4.5289764 8.425476
2.881485 -4.3932953 8.415955
2.5815582 -4.5218353 8.477844
2.3982697 -4.5361176 8.434998
2.5387115 -4.621811 8.311218
2.6934357 -4.6075287 8.294556
2.798172 -4.633713 8.38739
2.8576813 -4.6051483 8.361206
2.9481354 -4.345688 8.546875
2.9862213 -4.1957245 8.77063
2.7386627 -4.069565 8.794434
3.0219269 -4.071945 8.689697
2.8267365 -4.0862274 8.784912
2.8719635 -4.069565 8.730164
2.855301 -3.9600677 8.668274
2.824356 -4.0219574 8.630188
2.7458038 -4.5242157 8.925354
2.8124542 -4.255234 8.563538
2.7743683 -4.1885834 8.673035
2.6910553 -4.045761 8.670654
2.5791779 -4.031479 8.604004
2.5648956 -4.1433563 8.701599
2.6077423 -4.288559 8.763489
2.7767487 -4.238571 8.680176
2.824356 -4.088608 8.599243
2.8743439 -4.1124115 8.723022
2.8767242 -4.2076263 8.692078
2.8672028 -4.193344 8.749207
2.9409943 -4.090988 8.723022
2.8862457 -3.8957977 8.7039795
2.6220245 -4.0933685 9.208618
2.6196442 -3.9648285 8.968201
2.7458038 -3.9029388 8.661133
2.9171906 -3.9029388 8.575439
2.605362 -4.0624237 8.682556
2.6363068 -4.045761 8.756348
2.6482086 -4.0981293 8.665894
2.7386627 -4.1076508 8.684937
2.7362823 -4.198105 8.677795
2.8576813 -4.3171234 8.470703
3.0266876 -4.55278 8.420715
3.048111 -4.8241425 8.365967
2.9171906 -4.67894 8.427856
2.9671783 -4.662277 8.19696
2.9814606 -4.686081 8.408813
2.990982 -4.5884857 8.420715
2.8695831 -4.379013 8.358826
2.733902 -4.3932953 8.558777
2.631546 -4.321884 8.599243
2.605362 -4.1243134 8.925354
2.560135 -3.7601166 8.884888
2.5315704 -3.8767548 8.982483
2.483963 -3.9386444 8.737305
2.5434723 -4.1909637 8.806335
2.5696564 -4.371872 8.639709
2.6101227 -4.045761 8.853943
2.5910797 -3.7125092 9.101501
2.6101227 -3.5268402 9.391907
2.779129 -3.4792328 9.253845
2.7100983 -4.083847 8.949158
2.824356 -4.4337616 8.868225
2.8672028 -3.698227 8.761108
2.8314972 -3.698227 8.880127
2.2744904 -4.005295 8.19458
1.893631 -4.0100555 8.161255
1.8650665 -3.8696136 8.699219
1.7055817 -3.5220795 8.8349
1.5675201 -3.5054169 8.656372
1.6079865 -3.84581 8.872986
2.041214 -3.6434784 9.468079
2.4482574 -3.5982513 9.429993
2.445877 -3.1864471 9.620422
2.6981964 -2.7032318 9.2300415
2.7815094 -3.243576 9.177673
2.5958405 -3.9981537 9.077698
2.9148102 -3.9505463 9.263367
2.7815094 -4.6908417 8.365967
2.7315216 -4.7670135 8.442139
2.6791534 -4.243332 8.939636
2.7005768 -3.9196014 9.358582
2.6601105 -3.833908 9.594238
2.6720123 -4.012436 9.170532
2.798172 -4.474228 8.482605
2.9576569 -5.019333 8.075562
3.259964 -5.3954315 7.2924194
3.388504 -5.8715057 7.7946777
3.3670807 -5.7858124 8.487366
3.16951 -4.847946 8.858704
2.8386383 -4.436142 8.661133
2.8481598 -4.6503754 8.632568
2.9552765 -4.750351 8.313599
3.0576324 -5.271652 8.19696
3.0052643 -5.4335175 8.13031
2.522049 -4.9336395 7.892273
2.3720856 -4.7931976 8.330261
2.4696808 -4.578964 9.0824585
2.4720612 -5.5430145 9.953674
2.733902 -3.576828 7.9660645
2.0840607 -4.302841 7.0162964
1.9436188 -5.6263275 5.5166626
2.131668 -7.040268 5.6237793
2.33638 -7.7186737 6.480713
2.5506134 -6.328537 7.5566406
2.7315216 -3.769638 9.915588
2.6458282 -4.4409027 9.308594
2.2649689 -6.430893 8.682556
4.293045 -2.5675507 8.9991455
3.369461 -4.179062 9.794189
2.214981 -4.4837494 9.356201
2.1292877 -3.8791351 9.113403
2.1840363 -3.0983734 8.875366
2.3316193 -2.7056122 9.672791
1.6008453 -3.0864716 9.522827
1.6198883 -2.9460297 9.6085205
2.6981964 -3.7910614 10.2178955
1.7769928 -3.8624725 7.8898926
1.8269806 -3.6720428 7.7470703
1.2985382 -4.217148 7.4281006
2.445877 -4.212387 9.958435
2.7696075 -5.309738 9.422852
2.6386871 -3.2983246 8.13031
1.7103424 -2.960312 9.137207
1.9293365 -3.7934418 8.987244
2.8267365 -4.7098846 8.344543
2.9862213 -4.4956512 8.718262
2.6672516 -5.143112 9.577576
2.900528 -5.2288055 10.094116
4.114517 -5.412094 8.351685
4.4739532 -4.0100555 9.075317
Time Stop = 2795
