Time Start = 2744
4.978592 -3.9838715 8.992004
1.7365265 -3.6363373 9.308594
0.09169006 -2.5913544 9.301453
0.7700958 -2.7722626 9.21814
2.310196 -3.3435516 9.208618
2.9957428 -3.9862518 9.099121
2.824356 -3.9243622 9.251465
1.7198639 -3.262619 8.749207
1.5032501 -3.1269379 8.211243
1.8341217 -2.9983978 9.275269
1.8983917 -3.4006805 8.658752
2.0269318 -3.4244843 8.646851
1.6960602 -3.4911346 8.656372
1.4794464 -3.5363617 8.280273
1.7198639 -3.762497 8.434998
1.9650421 -3.6649017 8.296936
1.8650665 -3.614914 8.420715
1.5294342 -3.8315277 8.501648
1.4723053 -3.8743744 8.696838
1.6270294 -3.84581 9.070557
2.0697784 -3.6910858 8.551636
2.1745148 -3.633957 8.90155
2.1388092 -2.4770966 9.98938
1.9936066 -2.7675018 10.2178955
2.3268585 -2.8222504 9.684692
2.3030548 -2.4532928 9.180054
2.7957916 -3.391159 8.972961
3.002884 -3.660141 8.8349
2.9957428 -3.8053436 8.911072
2.952896 -3.6482391 9.28479
2.650589 -3.1031342 9.520447
2.6077423 -3.1578827 9.560913
2.5625153 -2.7460785 9.894165
2.4887238 -2.6580048 9.513306
2.3673248 -2.646103 9.353821
2.4220734 -3.2126312 9.330017
2.3863678 -3.5720673 9.384766
2.605362 -3.3221283 9.175293
2.567276 -3.2530975 9.28479
2.4077911 -3.0936127 9.35144
2.329239 -3.1555023 9.256226
2.27211 -2.9127045 8.684937
2.0364532 -3.364975 8.694458
2.131668 -3.4816132 8.7872925
1.9150543 -2.4509125 8.5802
1.6341705 -3.2935638 9.03009
1.5103912 -4.2147675 8.987244
1.8412628 -3.8553314 8.442139
2.1388092 -3.633957 8.327881
2.20784 -4.5218353 8.32074
2.374466 -3.005539 7.9208374
2.3197174 -2.1938324 9.234802
2.650589 -3.4625702 9.806091
2.7648468 -4.1647797 9.653748
2.9576569 -3.8767548 9.315735
2.8957672 -3.6649017 9.496643
2.9790802 -4.045761 8.887268
3.0338287 -4.8170013 8.444519
3.131424 -5.1931 8.38501
3.23378 -5.583481 8.061279
3.240921 -5.2335663 7.6637573
2.9219513 -5.219284 8.020813
2.6291656 -4.7741547 8.418335
2.419693 -4.2076263 8.337402
2.2554474 -3.898178 8.815857
2.1078644 -4.114792 9.032471
2.1269073 -3.8862762 9.163391
2.188797 -3.864853 8.956299
2.3054352 -4.186203 9.168152
2.52919 -3.4649506 9.437134
2.5244293 -2.7603607 9.727539
2.3506622 -2.7770233 9.960815
2.4601593 -3.4435272 9.825134
2.6720123 -3.8672333 9.063416
2.6101227 -3.936264 8.558777
2.817215 -4.80986 7.842285
2.0769196 -3.7363129 7.8970337
1.4913483 -4.160019 8.480225
1.5365753 -5.1835785 7.7661133
1.8674469 -4.8622284 8.337402
2.2554474 -4.1171722 8.5373535
2.1911774 -3.7101288 8.922974
2.0245514 -3.5887299 8.989624
2.0816803 -3.3245087 9.011047
2.0507355 -3.0531464 9.363342
1.9793243 -3.115036 9.22052
2.0316925 -3.2745209 9.161011
2.5339508 -3.3530731 8.853943
2.6029816 -3.622055 8.89917
2.2768707 -3.78154 8.977722
2.1197662 -3.6244354 9.084839
2.0816803 -3.288803 9.3966675
2.1269073 -2.9841156 9.553772
2.2602081 -3.0602875 9.315735
2.9100494 -4.031479 10.56543
1.9245758 -2.9460297 8.508789
2.1578522 -4.7527313 8.444519
2.7267609 -5.1264496 8.113647
3.1290436 -5.1454926 8.018433
3.2385406 -4.674179 8.354065
3.267105 -4.5432587 8.684937
3.0814362 -4.68132 8.918213
3.0528717 -4.7360687 8.820618
3.150467 -4.481369 8.739685
3.0790558 -4.386154 8.801575
2.945755 -4.5742035 9.013428
2.7886505 -4.1623993 9.063416
2.5553741 -3.948166 8.944397
2.5720367 -4.333786 8.677795
2.855301 -4.878891 8.082703
3.0623932 -5.3644867 8.218384
2.779129 -4.5218353 9.189575
2.253067 -3.3435516 9.182434
1.8007965 -3.14122 8.511169
1.6270294 -3.6053925 8.456421
1.855545 -4.236191 8.454041
2.1673737 -4.6694183 8.70636
2.169754 -4.4337616 8.19458
1.8983917 -4.409958 7.9089355
1.8531647 -4.7479706 8.394531
2.0793 -4.628952 8.611145
2.476822 -4.2671356 8.408813
2.7315216 -3.9338837 8.689697
3.0433502 -4.2147675 9.572815
3.1480865 -3.8886566 9.15863
2.8648224 -4.2909393 9.15625
3.0147858 -4.462326 9.051514
2.926712 -3.9719696 8.83252
2.6529694 -4.095749 8.784912
2.4339752 -4.326645 8.656372
2.3887482 -4.583725 8.615906
2.5077667 -4.7098846 8.38739
2.5363312 -4.7670135 8.406433
2.612503 -4.7551117 8.38739
2.5767975 -4.647995 8.427856
2.5529938 -4.4861298 8.475464
2.560135 -4.436142 8.508789
2.5982208 -4.443283 8.611145
2.650589 -4.3742523 8.625427
2.7267609 -4.288559 8.758728
2.695816 -4.198105 8.711121
2.6482086 -4.398056 9.039612
2.6172638 -4.417099 9.09436
2.7243805 -4.114792 8.939636
2.7624664 -4.1266937 8.894409
2.5982208 -4.2266693 8.839661
2.586319 -4.348068 8.601624
2.3578033 -4.500412 8.903931
2.5363312 -4.474228 8.720642
2.4363556 -4.281418 8.734924
2.4792023 -4.5670624 8.561157
2.503006 -4.7146454 8.665894
2.6220245 -4.2457123 8.6206665
2.6077423 -3.9529266 9.015808
2.245926 -3.8029633 9.041992
2.0769196 -3.7672577 9.101501
2.2292633 -3.5673065 8.751587
2.086441 -3.97435 9.315735
2.0697784 -4.5361176 9.041992
2.3839874 -4.2147675 8.551636
2.3268585 -4.1647797 8.413574
2.1292877 -4.0862274 8.687317
2.0459747 -4.0171967 8.782532
2.0745392 -3.8696136 9.15863
2.2602081 -3.981491 9.356201
2.4054108 -3.814865 9.308594
2.476822 -3.9910126 9.039612
2.5172882 -4.450424 8.763489
2.7743683 -4.4861298 8.820618
2.4744415 -4.3242645 8.968201
2.9124298 -4.6122894 9.034851
2.1911774 -4.5694427 8.532593
2.6934357 -4.0219574 9.208618
2.3887482 -4.0981293 9.070557
2.6624908 -4.5432587 9.363342
2.393509 -4.3623505 8.668274
2.438736 -4.5218353 8.780151
2.5458527 -4.2957 9.015808
2.041214 -4.136215 8.723022
1.6532135 -4.269516 7.8756104
1.8531647 -4.262375 8.77301
1.938858 -4.1766815 8.1588745
1.6341705 -4.005295 8.439758
1.9721832 -4.9479218 8.154114
1.7627106 -4.724167 7.2805176
2.041214 -5.4787445 7.6589966
2.0507355 -5.371628 7.8518066
2.0959625 -4.8884125 8.520691
2.2554474 -4.8193817 8.763489
2.5244293 -5.159775 8.711121
2.7005768 -3.814865 8.782532
3.2075958 -3.5244598 9.161011
2.483963 -3.0007782 9.394287
2.2102203 -2.6889496 9.501404
2.2221222 -4.4837494 9.127686
2.4173126 -3.095993 8.489746
2.2744904 -4.840805 8.637329
2.098343 -3.8362885 8.746826
2.1340485 -4.4456635 8.665894
2.067398 -5.038376 8.411194
2.1578522 -4.5599213 8.337402
2.1078644 -3.78154 8.135071
2.0840607 -4.3742523 8.375488
2.2840118 -4.3242645 8.444519
2.4887238 -2.857956 9.277649
2.2768707 -3.4006805 9.3776245
2.4077911 -4.4075775 9.291931
2.7767487 -4.088608 9.251465
3.0076447 -3.826767 9.09436
2.8910065 -3.9005585 9.130066
2.8076935 -3.9148407 9.065796
2.631546 -3.762497 8.844421
2.7315216 -4.110031 8.992004
2.7648468 -4.0433807 8.892029
2.7291412 -4.1124115 8.77063
2.676773 -4.0362396 8.818237
2.6672516 -3.9719696 8.665894
2.6458282 -4.1504974 8.96344
2.3911285 -3.7982025 8.461182
2.4506378 -4.4075775 8.694458
2.5648956 -4.219528 8.830139
2.6101227 -4.0219574 8.763489
2.8910065 -3.9838715 8.801575
2.3078156 -3.5458832 8.725403
2.5053864 -4.4456635 9.03009
2.7696075 -4.193344 9.006287
2.862442 -4.026718 8.875366
2.8529205 -4.1576385 8.663513
2.6910553 -4.0814667 8.634949
2.695816 -4.2933197 8.83728
2.824356 -4.1457367 8.637329
2.7291412 -4.136215 8.653992
2.6077423 -4.186203 8.784912
2.6029816 -4.1243134 8.732544
2.6006012 -4.019577 8.711121
2.5529938 -4.03862 8.792053
2.612503 -4.019577 8.732544
2.5506134 -3.6077728 8.511169
2.2173615 -4.2028656 8.918213
2.548233 -4.3552094 8.777771
2.791031 -4.0338593 8.730164
2.5720367 -3.8243866 8.7039795
2.483963 -4.288559 8.599243
2.6196442 -4.307602 8.751587
2.6648712 -4.174301 8.739685
2.8457794 -4.345688 8.554016
2.9314728 -4.136215 8.413574
2.7838898 -4.148117 8.789673
2.741043 -4.200485 8.830139
2.7386627 -4.1076508 8.734924
2.7767487 -4.069565 8.723022
2.6839142 -4.1909637 8.675415
2.65773 -4.114792 8.570679
2.6601105 -4.174301 8.606384
2.5268097 -4.1909637 8.646851
2.5529938 -4.390915 8.51593
2.6553497 -4.3766327 8.444519
2.7386627 -4.2100067 8.575439
2.798172 -4.319504 8.463562
2.8005524 -4.390915 8.506409
2.6363068 -4.0219574 8.842041
2.6196442 -4.076706 8.989624
2.7124786 -4.090988 8.853943
2.8195953 -4.045761 8.815857
2.752945 -3.9695892 8.875366
2.7172394 -3.9981537 8.820618
2.6624908 -3.9791107 8.870605
2.5958405 -4.071945 8.794434
2.624405 -4.1266937 8.651611
2.6624908 -4.1314545 8.70874
2.7267609 -4.0338593 8.894409
2.7243805 -3.7910614 9.239563
2.7100983 -3.5054169 9.41571
2.6648712 -3.5482635 9.727539
2.6291656 -3.8505707 9.341919
2.836258 -4.507553 8.554016
2.990982 -5.083603 7.758972
3.157608 -5.097885 7.763733
3.036209 -4.640854 8.327881
2.6553497 -4.481369 8.327881
2.3482819 -4.514694 8.542114
2.3482819 -4.1052704 8.868225
2.5553741 -3.8696136 8.930115
2.798172 -4.257614 8.765869
2.9124298 -4.1814423 8.806335
2.798172 -4.0981293 8.992004
2.6458282 -4.4075775 9.125305
2.5958405 -4.6194305 8.853943
2.7362823 -4.7075043 8.475464
2.919571 -4.024338 8.861084
2.5458527 -3.5482635 8.475464
1.9745636 -3.1316986 8.399292
1.4175568 -3.9219818 8.732544
1.9912262 -4.436142 7.6780396
1.6341705 -4.719406 7.7232666
1.6532135 -4.557541 7.6518555
1.5199127 -4.571823 8.185059
1.6389313 -4.4766083 8.461182
2.2697296 -3.338791 8.96344
2.2554474 -2.4175873 9.815613
1.8507843 -3.3126068 9.789429
2.0721588 -3.71727 9.996521
2.4363556 -3.4411469 9.472839
2.574417 -4.348068 8.727783
3.3599396 -5.2526093 8.315979
3.6408234 -5.3002167 8.19696
3.6717682 -5.0621796 8.26123
3.5384674 -4.628952 8.280273
2.9957428 -4.3694916 8.518311
2.7505646 -4.7217865 8.601624
2.8576813 -4.74559 8.289795
2.9814606 -4.9860077 8.337402
2.9766998 -4.916977 8.658752
2.7291412 -4.590866 8.732544
2.3720856 -4.4528046 8.77301
2.3863678 -4.3766327 8.454041
2.4958649 -4.6527557 8.25647
2.707718 -5.333542 7.758972
3.067154 -5.4930267 8.12793
3.1861725 -5.0050507 8.423096
2.9148102 -4.795578 8.518311
2.8719635 -4.80748 8.520691
2.952896 -4.595627 8.825378
3.1100006 -4.4123383 8.913452
2.888626 -4.2718964 8.8515625
2.7481842 -3.633957 8.346924
2.4982452 -2.9555511 9.387146
1.9507599 -3.1459808 9.289551
1.515152 -3.436386 8.725403
1.5008698 -3.71727 8.689697
1.6579742 -3.9957733 8.4730835
1.9031525 -4.300461 8.601624
2.1602325 -4.398056 8.739685
2.4101715 -4.448044 8.682556
2.6839142 -4.3575897 8.937256
2.983841 -4.602768 9.484741
2.9338531 -4.4075775 9.049133
3.3837433 -4.095749 7.5185547
3.2075958 -4.6646576 9.03009
2.8505402 -4.6075287 9.0896
2.6601105 -4.0790863 8.982483
2.4625397 -3.9981537 9.087219
2.4530182 -4.1433563 8.884888
2.5268097 -4.257614 8.70636
2.4958649 -4.1766815 8.558777
2.317337 -4.4528046 8.613525
2.1221466 -4.576584 8.539734
2.1602325 -4.8170013 8.118408
2.3958893 -5.0883636 8.061279
2.5077667 -5.097885 8.239807
2.5268097 -4.5408783 8.311218
2.567276 -4.2861786 8.587341
2.650589 -4.2147675 8.827759
2.8029327 -3.9053192 9.099121
2.8600616 -3.7648773 9.280029
2.791031 -4.0600433 9.061035
2.6624908 -4.23143 8.839661
2.5506134 -4.379013 8.694458
2.476822 -4.3956757 8.675415
2.3720856 -4.5551605 8.504028
2.3720856 -4.802719 8.349304
2.3578033 -4.6384735 8.425476
2.329239 -4.2528534 8.508789
2.1721344 -3.9719696 8.606384
2.1007233 -3.9695892 8.701599
2.2245026 -4.0671844 8.701599
2.3268585 -4.2028656 8.589722
2.438736 -4.3742523 8.582581
2.5268097 -4.276657 8.604004
2.5648956 -4.1385956 8.711121
2.6077423 -4.2028656 8.77063
2.6267853 -4.281418 8.746826
2.5839386 -4.2028656 8.692078
2.6529694 -4.3123627 8.7682495
2.6672516 -4.3433075 8.646851
2.6363068 -4.288559 8.673035
2.5958405 -4.314743 8.696838
2.5815582 -4.3575897 8.734924
2.4982452 -4.2599945 8.70874
2.5387115 -4.224289 8.744446
2.4792023 -4.205246 8.742065
2.4673004 -4.1766815 8.765869
2.46492 -4.2909393 8.601624
2.6196442 -4.160019 8.677795
2.6553497 -4.057663 8.803955
2.52919 -4.2147675 9.02533
2.5053864 -3.9600677 8.949158
2.4934845 -3.9719696 8.856323
2.586319 -3.9386444 8.701599
2.586319 -4.0743256 8.784912
2.6196442 -4.171921 8.856323
2.6601105 -4.1314545 8.801575
2.631546 -3.9981537 8.720642
2.6077423 -4.110031 8.784912
2.631546 -4.2147675 8.668274
2.714859 -4.10289 8.725403
2.6791534 -4.0671844 8.784912
2.6101227 -4.152878 8.7872925
2.5006256 -4.0814667 8.949158
2.4911041 -3.8172455 9.056274
2.4792023 -3.826767 8.894409
2.4792023 -3.743454 8.839661
2.426834 -3.955307 8.849182
2.4696808 -4.090988 8.732544
2.6101227 -4.0219574 8.575439
2.612503 -4.2338104 8.70636
2.6910553 -4.4409027 8.539734
2.8219757 -4.4147186 8.401672
2.7743683 -4.3290253 8.532593
2.8005524 -4.4718475 8.568298
2.7957916 -4.4837494 8.651611
2.9052887 -4.250473 8.682556
2.7743683 -4.2980804 8.682556
2.6482086 -4.1124115 8.70636
2.5149078 -4.2457123 8.775391
2.4982452 -4.23143 8.677795
2.503006 -4.179062 8.584961
2.5363312 -4.2147675 8.677795
2.5196686 -4.3742523 8.499268
2.5149078 -4.171921 8.64447
2.33638 -4.045761 8.894409
2.3339996 -3.9196014 8.9158325
2.3982697 -3.8791351 9.118164
2.46492 -3.9005585 9.303833
2.605362 -4.217148 9.044373
2.817215 -4.179062 8.718262
3.1076202 -4.3623505 8.994385
2.8148346 -4.057663 8.956299
2.7672272 -3.5435028 8.858704
2.605362 -3.3221283 9.003906
2.3887482 -3.5244598 8.8515625
1.9602814 -3.641098 8.12793
1.810318 -4.2718964 8.45166
1.874588 -4.402817 8.649231
1.9936066 -3.557785 8.694458
1.9602814 -3.3316498 9.003906
1.8722076 -3.8029633 9.013428
2.14357 -3.7577362 9.049133
2.4792023 -3.8101044 9.191956
2.6410675 -3.6482391 9.191956
2.7100983 -3.6553802 9.294312
2.824356 -3.7101288 8.720642
2.8267365 -4.9217377 8.434998
2.9886017 -5.007431 8.606384
2.7577057 -4.757492 8.870605
2.888626 -4.171921 8.561157
2.605362 -3.5792084 8.601624
2.1840363 -3.9695892 9.227661
2.27211 -3.9148407 9.049133
2.4744415 -3.5220795 9.068176
2.27211 -3.4387665 9.422852
2.2554474 -4.045761 9.063416
2.426834 -4.160019 8.730164
2.4149323 -4.2742767 8.534973
2.650589 -4.6456146 8.496887
2.7196198 -4.7098846 8.458801
2.798172 -4.5361176 8.884888
2.7696075 -4.140976 8.980103
2.760086 -3.9267426 9.096741
2.7696075 -4.148117 9.182434
2.9314728 -4.2718964 8.782532
2.9552765 -4.662277 8.45166
2.9100494 -5.412094 7.9470215
2.9576569 -5.8358 7.6589966
2.938614 -5.673935 7.4709473
2.8767242 -5.276413 7.699463
2.741043 -5.1193085 8.484985
2.6815338 -4.7408295 8.2421875
2.476822 -5.238327 8.108887
2.9671783 -4.667038 8.589722
3.176651 -4.10289 8.789673
2.7053375 -4.155258 9.301453
2.169754 -4.052902 8.246948
1.7317657 -4.4789886 7.9589233
2.0055084 -5.102646 7.4066772
2.2006989 -5.3573456 7.6137695
2.3578033 -5.5239716 8.025574
2.6339264 -5.476364 7.378113
2.5363312 -4.7336884 8.684937
2.8957672 -3.8291473 9.556152
2.6720123 -4.3504486 9.310974
2.7505646 -3.4768524 9.520447
3.1290436 -3.5554047 9.975098
2.2554474 -4.10289 9.101501
2.0126495 -4.333786 9.2229
3.2099762 -4.379013 8.932495
2.1864166 -3.981491 8.606384
2.2602081 -3.788681 9.003906
2.3649445 -3.1293182 9.132446
2.457779 -3.4435272 9.639465
1.791275 -3.531601 8.532593
2.2959137 -3.9243622 8.51593
1.8079376 -3.4816132 7.854187
2.343521 -4.3099823 9.134827
2.3459015 -4.9455414 8.90155
2.4030304 -3.1483612 7.968445
1.9864655 -3.7267914 8.120789
1.6603546 -4.262375 8.351685
2.5553741 -4.398056 8.972961
2.7243805 -4.68132 8.427856
Time Stop = 2749
