Time Start = 1938
-1.1794281 -0.7299042 9.458557
-0.92710876 -0.36094666 9.951294
-1.4079437 -0.26335144 10.113159
-1.9958954 -0.2919159 10.158386
-2.2720184 -0.21336365 10.089355
-2.1172943 -0.15861511 10.008423
-1.7840424 -0.122909546 9.867981
-1.6126556 -0.14671326 9.689453
-1.6507416 -0.14909363 9.60614
-1.762619 -0.21336365 9.591858
-1.8292694 -0.23716736 9.563293
-1.7769012 -0.28953552 9.560913
-1.7007294 -0.38237 9.594238
-1.6912079 -0.4633026 9.510925
-1.6721649 -0.43473816 9.553772
-1.7649994 -0.38237 9.489502
-1.8245087 -0.3728485 9.468079
-1.8197479 -0.35142517 9.534729
-1.7411957 -0.29667664 9.637085
-1.7150116 -0.33714294 9.532349
-1.7459564 -0.41807556 9.582336
-1.8173676 -0.4728241 9.568054
-1.781662 -0.5061493 9.587097
-1.7388153 -0.4799652 9.520447
-1.7126312 -0.38713074 9.60614
-1.7554779 -0.4394989 9.66803
-1.7388153 -0.46806335 9.722778
-1.7483368 -0.46092224 9.646606
-1.7150116 -0.4156952 9.687073
-1.6745453 -0.3323822 9.737061
-1.6102753 -0.27763367 9.784668
-1.6126556 -0.23240662 9.777527
-1.6221771 -0.2086029 9.865601
-1.5983734 -0.24906921 9.7751465
-1.5174408 -0.23478699 9.741821
-1.3984222 -0.2252655 9.808472
-1.3508148 -0.2252655 9.789429
-1.2865448 -0.19670105 9.86322
-1.2008514 -0.14909363 9.953674
-1.2103729 0.012771606 10.144104
-1.2151337 0.2531891 10.43689
-1.1222992 0.46980286 10.722534
-0.9747162 0.5673981 10.808228
-0.89378357 0.36506653 10.793945
-0.86997986 -0.10862732 10.636841
-0.9080658 -0.49900818 10.50354
-0.8271332 -0.85606384 10.515442
-0.74620056 -1.0631561 10.591614
-0.59147644 -1.0869598 10.6796875
-0.48197937 -1.0298309 11.008179
-0.43199158 -1.0203094 11.239075
-0.42485046 -1.0393524 11.65802
-0.43675232 -1.305954 11.993652
-0.41532898 -1.877243 12.098389
-0.25584412 -2.036728 11.346191
-0.25584412 -2.8627167 11.577087
-0.18443298 -3.0817108 10.998657
0.01789856 -3.3292694 10.601135
0.1464386 -3.8600922 10.096497
0.33924866 -4.3504486 9.641846
0.59394836 -4.8431854 9.294312
0.78437805 -5.25737 9.018188
0.99147034 -5.5953827 8.604004
1.2104645 -6.128586 8.206482
1.450882 -6.5451508 8.154114
1.8126984 -6.707016 8.189819
2.2364044 -6.8260345 8.092224
2.5125275 -6.9164886 7.668518
2.567276 -6.8950653 7.7042236
2.5648956 -6.840317 7.661377
2.695816 -6.7117767 7.4542847
2.650589 -6.99028 7.4590454
2.560135 -7.233078 7.123413
2.5434723 -7.7639008 6.628296
2.5648956 -8.123337 6.2331543
2.5910797 -8.035263 6.116516
2.4101715 -7.9424286 6.2164917
2.0697784 -7.9733734 6.2521973
1.7627106 -8.028122 6.4830933
1.6175079 -8.004318 6.487854
1.5199127 -8.182846 6.733032
1.3699493 -8.204269 6.8710938
1.1509552 -8.030502 6.699707
1.0295563 -7.8519745 6.0879517
1.2104645 -7.940048 5.454773
1.3651886 -8.204269 4.788269
1.4175568 -8.392319 4.5359497
1.1128693 -8.330429 4.4954834
0.9272003 -8.037643 4.5716553
0.86531067 -7.7305756 4.826355
0.8938751 -7.5901337 4.8668213
0.89863586 -7.540146 4.7597046
0.89149475 -7.6282196 4.6502075
0.9391022 -7.7162933 4.2574463
0.90815735 -7.944809 4.1289063
0.6986847 -8.111435 3.8432617
0.48683167 -8.175705 3.2434082
0.2368927 -8.156662 2.9815674
0.115493774 -7.940048 3.229126
-0.07493591 -7.9043427 3.6480713
-0.24394226 -8.218552 3.902771
-0.53196716 -8.885056 3.8742065
-0.68907166 -9.442062 3.8313599
-0.81999207 -9.668198 3.800415
-0.7914276 -9.81102 3.6599731
-0.6938324 -9.780075 3.25531
-0.5867157 -9.561081 3.043457
-0.38200378 -9.401596 3.1053467
-0.041610718 -8.856491 3.338623
0.072647095 -8.454208 3.902771
0.17500305 -8.489914 4.1765137
0.15119934 -8.647018 4.3098145
0.0012359619 -8.647018 4.2717285
0.05836487 -8.889816 4.1384277
0.046463013 -9.177841 3.9622803
0.06312561 -9.225449 3.7432861
0.26783752 -9.23497 3.736145
0.34877014 -9.251633 3.864685
0.34638977 -9.351608 3.9646606
0.3511505 -9.544418 4.0932007
0.26545715 -9.6800995 4.390747
0.25831604 -9.542038 4.459778
0.29640198 -9.437302 4.757324
0.32496643 -9.384933 5.102478
0.25593567 -9.625351 4.8739624
0.31544495 -9.730087 4.5359497
0.38923645 -9.501572 4.735901
0.21784973 -9.308762 4.7525635
0.06074524 -9.487289 4.4383545
-0.04875183 -9.642014 4.145569
-0.21061707 -9.670578 4.183655
-0.6176605 -9.922897 4.531189
-1.9673309 -10.4561 4.8858643
-1.5983734 -12.148544 3.267212
-1.7054901 -11.4891815 3.645691
-1.7316742 -11.010727 4.300293
-2.307724 -10.701279 3.8504028
-2.7004852 -11.643906 3.812317
-2.5981293 -12.653183 3.6766357
-2.4672089 -13.031662 3.698059
-2.1268158 -13.069748 4.057495
-2.0220795 -12.838852 4.378845
-2.0149384 -12.741257 4.4383545
-1.8768768 -12.450851 4.2836304
-1.44841 -12.2509 3.9575195
-1.0270844 -12.093796 3.838501
-0.89378357 -12.029526 3.8718262
-1.0461273 -11.948593 4.1931763
-1.1175385 -11.80101 4.7073364
-0.81999207 -11.639145 4.902527
-0.1915741 -11.355881 4.890625
0.47731018 -11.082138 4.8311157
1.1247711 -10.734604 4.807312
1.5937042 -10.19902 4.685913
2.0959625 -9.7443695 4.7716064
2.6720123 -9.570602 4.8882446
3.3194733 -9.401596 5.000122
3.7907867 -9.096909 5.185791
4.157364 -8.744614 5.3809814
4.535843 -8.299484 5.530945
4.7786407 -7.5496674 5.768982
4.9309845 -7.1140594 5.9070435
5.1475983 -6.8450775 5.8570557
5.3618317 -6.4546967 5.7713623
5.640335 -5.666794 5.723755
5.8212433 -4.9526825 5.738037
5.999771 -4.8193817 5.7356567
6.173538 -4.8384247 5.845154
6.235428 -4.5051727 5.859436
6.2520905 -3.955307 5.826111
6.3544464 -3.4435272 5.94989
6.44014 -2.9626923 5.9665527
6.421097 -2.9650726 5.9974976
6.549637 -3.0174408 5.864197
6.5329742 -3.0721893 5.9070435
6.6258087 -2.9365082 5.828491
6.716263 -2.5342255 5.935608
6.6686554 -2.2414398 6.1950684
6.5805817 -1.9748383 6.1712646
6.716263 -1.6225433 6.20697
6.82576 -1.6177826 6.211731
6.9828644 -1.4821014 6.33313
7.070938 -1.3773651 6.3307495
7.051895 -1.498764 6.487854
6.9900055 -1.4178314 6.499756
6.9138336 -1.286911 6.5235596
6.897171 -1.1179047 6.3878784
7.0042877 -1.0726776 6.2998047
7.113785 -0.9679413 6.173645
7.27565 -0.9584198 6.14032
7.4470367 -0.7846527 6.1712646
7.385147 -0.8774872 6.237915
7.4517975 -0.77989197 6.2926636
7.3994293 -0.6465912 6.1831665
7.320877 -0.6513519 6.1688843
7.2732697 -0.7465668 6.1688843
7.347061 -0.8108368 6.2022095
7.3637238 -0.78227234 6.3950195
7.4398956 -0.6394501 6.5045166
7.4589386 -0.40855408 6.6259155
7.4256134 -0.11100769 6.4473877
7.33992 -0.075302124 6.411682
7.261368 -0.030075073 6.46167
7.2994537 -0.11100769 6.359314
7.268509 0.010391235 6.340271
7.185196 0.23414612 6.373596
7.051895 0.5650177 6.2617188
6.8495636 0.4912262 6.14032
6.742447 0.374588 5.999878
6.756729 0.43647766 6.026062
6.716263 0.7625885 6.173645
6.590103 1.1077423 6.518799
6.325882 1.5243073 6.647339
6.0545197 1.7647247 6.602112
6.0545197 1.6814117 6.4926147
6.178299 1.8980255 6.287903
6.273514 2.2360382 6.256958
6.268753 2.5335846 6.264099
6.114029 2.5835724 6.371216
6.0711823 2.4121857 6.2474365
6.1354523 2.4098053 5.9332275
6.1687775 2.6502228 5.9570313
6.2068634 2.914444 6.154602
6.0926056 3.0477448 6.347412
6.171158 2.9739532 6.352173
6.37825 2.8668365 6.5045166
6.5472565 2.9049225 6.578308
6.5782013 2.9120636 6.5616455
6.5234528 2.8454132 6.3831177
6.397293 2.5764313 6.1331787
6.5091705 2.4193268 5.987976
6.4520416 2.331253 5.852295
6.397293 2.5454865 5.640442
6.2854156 2.8073273 5.723755
6.1997223 3.0382233 5.7285156
6.068802 3.2572174 5.82135
5.940262 3.4428864 5.8808594
5.8617096 3.6856842 5.9451294
5.818863 4.0332184 6.1498413
5.73555 4.261734 6.1974487
5.678421 4.4712067 6.0879517
5.5213165 4.587845 5.8808594
5.511795 4.564041 5.6261597
5.5141754 4.5592804 5.340515
5.48085 4.659256 5.17865
5.4618073 4.7973175 5.2024536
5.3594513 4.7711334 5.219116
5.2904205 4.690201 5.1239014
5.2309113 4.6759186 5.0429688
5.249954 4.6425934 5.000122
5.311844 4.709244 5.0096436
5.3285065 4.8996735 5.0215454
5.3166046 5.087723 5.023926
5.318985 5.370987 5.0977173
5.242813 5.5804596 5.1810303
5.22139 5.6828156 5.261963
5.2975616 5.7209015 5.24292
5.41658 5.7328033 5.283386
5.5284576 5.7018585 5.2667236
5.5022736 5.64711 5.3500366
5.4142 5.549515 5.1881714
5.368973 5.5733185 5.238159
5.3023224 5.549515 5.121521
5.280899 5.5399933 5.05249
5.249954 5.511429 4.8953857
5.2142487 5.570938 4.883484
5.107132 5.6947174 4.7335205
5.054764 5.83992 4.7144775
4.978592 5.90419 4.626404
4.928604 5.9327545 4.4502563
4.8524323 5.9065704 4.312195
4.785782 5.9184723 4.038452
4.721512 6.011307 4.017029
4.7572174 6.0493927 3.8075562
4.7572174 6.2088776 3.7409058
4.70961 6.2422028 3.5552368
4.652481 6.28981 3.4171753
4.5191803 6.301712 3.4576416
4.3906403 6.373123 3.3933716
4.32399 6.3612213 3.3600464
4.395401 6.3755035 3.2648315
4.409683 6.454056 3.1696167
4.304947 6.487381 3.1672363
4.176407 6.6111603 3.043457
4.031204 6.684952 3.164856
3.997879 6.80159 3.0934448
3.9193268 6.813492 3.2219849
3.8740997 6.820633 3.1600952
3.9217072 6.8039703 3.1672363
3.9193268 6.815872 3.2576904
3.8360138 6.7539825 3.248169
3.7193756 6.730179 3.2814941
3.6479645 6.67305 3.3076782
3.7193756 6.744461 3.3719482
3.8621979 6.744461 3.5004883
3.9431305 6.7206573 3.467163
3.9669342 6.5992584 3.5219116
3.9098053 6.6183014 3.4171753
3.8383942 6.6825714 3.5480957
3.9050446 6.808731 3.6171265
4.0454865 6.884903 3.5838013
4.2501984 6.942032 3.614746
4.3144684 6.9063263 3.6218872
4.3287506 6.8420563 3.6123657
4.2692413 6.880142 3.6028442
4.3097076 6.9539337 3.607605
4.395401 7.153885 3.5957031
4.5644073 7.3133698 3.5909424
4.6881866 7.487137 3.5552368
4.7381744 7.5823517 3.505249
4.619156 7.5490265 3.5552368
4.4549103 7.3966827 3.5361938
4.409683 7.230057 3.4171753
4.492996 7.149124 3.467163
4.5215607 7.1824493 3.4743042
4.542984 7.2871857 3.4743042
4.5334625 7.3181305 3.4814453
4.4810944 7.270523 3.312439
4.3477936 6.963455 3.3671875
4.281143 6.7611237 3.1934204
4.3263702 6.713516 3.1315308
4.426346 6.7873077 3.1696167
4.5525055 6.8515778 3.2576904
4.5025177 6.8872833 3.2719727
4.376358 6.834915 3.286255
4.2692413 6.7730255 3.312439
4.202591 6.768265 3.4195557
4.2263947 6.8420563 3.3933716
4.407303 6.815872 3.4314575
4.5977325 6.8444366 3.3457642
4.7191315 6.6754303 3.4719238
4.671524 6.558792 3.4743042
4.5786896 6.4278717 3.5861816
4.5477448 6.335037 3.6504517
4.5858307 6.3826447 3.6195068
4.7572174 6.370743 3.690918
4.8548126 6.2969513 3.6932983
4.888138 6.22316 3.5957031
4.850052 6.0612946 3.671875
4.845291 6.0017853 3.5576172
4.781021 5.980362 3.5480957
4.788162 5.9184723 3.5742798
4.8095856 5.8946686 3.6290283
4.7905426 5.90419 3.5980835
4.8333893 5.858963 3.569519
4.8286285 5.7589874 3.4362183
4.8214874 5.5685577 3.4266968
4.869095 5.4519196 3.5838013
4.940506 5.397171 3.6861572
4.997635 5.382889 3.7480469
5.0666656 5.2091217 3.8527832
5.0023956 5.116287 3.8075562
4.952408 5.0996246 3.7194824
4.8738556 5.1186676 3.729004
4.914322 5.1805573 3.7028198
4.9809723 5.0234528 3.9432373
5.1928253 4.768753 4.2026978
5.338028 4.454544 4.34552
5.41658 4.2569733 4.481201
5.5355988 4.183182 4.7454224
5.5475006 4.1950836 4.973938
5.447525 4.2022247 5.140564
5.397537 4.2141266 5.0786743
5.5665436 4.2069855 5.3119507
5.8878937 4.0903473 5.24292
6.1997223 3.9332428 5.466675
6.2330475 3.59523 5.3762207
6.152115 3.3095856 5.552368
5.9307404 3.0929718 5.716614
5.792679 2.9620514 5.909424
5.811722 2.9929962 5.8689575
6.1425934 3.1358185 5.88562
6.7091217 3.33815 5.8760986
7.051895 3.671402 5.576172
7.1066437 3.7237701 5.4071655
6.9328766 3.395279 5.3928833
6.711502 3.1096344 5.216736
6.7662506 2.9668121 4.8668213
6.980484 2.8335114 4.7192383
7.2280426 2.709732 4.840637
7.280411 2.5573883 4.9310913
7.070938 2.5478668 4.935852
6.9257355 2.5383453 5.17865
6.8424225 2.4002838 5.4333496
6.8614655 2.4359894 5.4071655
6.8924103 2.157486 5.319092
6.916214 1.8361359 5.2072144
6.8947906 1.4386139 5.0810547
6.8043365 1.1172638 4.9834595
6.6805573 0.76734924 5.133423
6.5853424 0.13417053 5.533325
6.466324 -0.46568298 5.6951904
6.2330475 -1.177414 5.82135
6.106888 -2.0129242 6.102234
6.2021027 -2.7008514 6.026062
6.254471 -3.1935883 5.9260864
6.090225 -3.5673065 5.583313
5.7783966 -3.8600922 5.507141
5.433243 -4.42424 5.5999756
4.96669 -5.628708 5.404785
4.364456 -7.0902557 5.1167603
3.990738 -8.394699 4.98584
3.4932404 -9.615829 4.8811035
3.0457306 -10.567978 4.8477783
2.7672272 -10.767929 5.038208
2.5839386 -10.115707 5.352417
2.214981 -9.268295 5.8570557
1.7246246 -8.880295 6.423584
1.3509064 -9.353989 6.7663574
1.1652374 -9.768173 7.0615234
0.8605499 -10.191879 7.4780884
0.45350647 -10.45134 7.373352
0.06074524 -11.072617 7.130554
-0.332016 -11.67485 6.623535
-0.5057831 -11.877182 6.1522217
-0.627182 -12.000961 6.1379395
-0.6605072 -12.139023 6.0474854
-0.6033783 -12.381821 5.9570313
-0.4629364 -12.581772 5.995117
-0.21775818 -12.557968 6.0355835
0.03694153 -12.231857 6.2141113
0.3106842 -11.6082 6.5545044
0.3939972 -11.077377 6.84729
0.47016907 -10.7108 6.987732
0.63679504 -10.344223 6.7163696
0.8534088 -10.041916 6.5925903
0.9867096 -9.687241 6.4069214
1.155716 -9.415878 6.3807373
1.2913971 -9.061203 6.245056
1.3628082 -8.887436 6.0308228
1.3318634 -8.746994 5.776123
1.2533112 -8.725571 5.569031
1.1414337 -8.794601 5.609497
1.1081085 -8.642258 5.699951
0.9843292 -8.456589 6.0546265
0.7796173 -8.492294 5.802307
0.79151917 -8.287582 6.1688843
0.47016907 -9.703903 6.8187256
0.5344391 -10.756027 6.064148
0.23451233 -11.020248 5.519043
0.1869049 -10.610825 5.8356323
0.28211975 -9.965744 6.14032
0.23213196 -9.651535 6.0022583
0.18928528 -9.658676 5.730896
0.17024231 -9.625351 5.3286133
0.26545715 -9.563461 5.352417
0.22499084 -9.049301 5.442871
0.19642639 -8.46611 5.2905273
0.3106842 -8.478012 5.1643677
0.38685608 -8.320908 5.2976685
0.3202057 -8.316147 5.345276
0.22261047 -8.2733 5.338135
0.09883118 -8.170944 5.6380615
0.14881897 -8.275681 5.840393
0.25117493 -8.437546 5.8951416
0.33924866 -8.59227 5.6190186
0.2535553 -9.015976 6.0665283
-0.16539001 -8.932663 5.9855957
-0.30345154 -8.973129 5.5095215
-0.53434753 -9.065964 5.62854
-0.6938324 -8.480392 5.2286377
-1.0389862 -7.6544037 5.590454
-1.3579559 -7.7805634 5.904663
-1.6436005 -8.3137665 5.473816
-1.9768524 -8.761276 5.107239
-2.398178 -9.518234 4.9310913
-3.302719 -10.539413 5.1500854
-3.6193085 -11.09166 5.2595825
-3.3836517 -10.589401 5.5618896
-2.8647308 -9.394455 6.121277
-2.519577 -8.056686 6.5426025
-2.7361908 -7.399704 6.7925415
-2.955185 -7.380661 6.4331055
-2.7195282 -7.4473114 6.102234
-2.0720673 -7.1450043 5.94751
-1.653122 -6.7760468 6.0427246
-1.2103729 -6.41185 6.166504
-0.7985687 -6.1262054 6.7282715
-0.60575867 -5.7286835 7.2210083
-0.4557953 -5.4787445 7.4519043
-0.30107117 -5.2526093 7.6828003
-0.17253113 -5.1788177 7.8779907
0.10359192 -5.1502533 8.023193
0.572525 -5.0240936 8.13031
0.9771881 -4.9526825 8.027954
1.2961578 -5.143112 7.968445
1.5770416 -5.2478485 8.042236
1.7246246 -5.1074066 7.751831
1.8460236 -4.80748 7.0805664
1.9793243 -4.352829 6.904419
2.041214 -4.1695404 7.211487
2.14357 -3.981491 6.8948975
2.1078644 -4.083847 6.673523
1.9293365 -4.74321 7.2281494
1.7246246 -5.4977875 7.718506
1.8269806 -5.621567 7.263855
1.9245758 -5.692978 7.047241
1.938858 -5.635849 7.006775
1.8983917 -5.1502533 6.84729
1.6579742 -4.5361176 6.687805
Time Stop = 1943
