Time Start = 2372
0.27259827 -0.7846527 9.865601
0.19880676 -0.87272644 9.944153
0.025039673 -1.0655365 9.687073
-0.036849976 -1.0726776 9.579956
0.03694153 -0.97984314 9.484741
0.10121155 -0.97984314 9.394287
0.12025452 -1.036972 9.418091
0.08216858 -0.9346161 9.22052
-0.13444519 -0.9679413 9.191956
0.02027893 -1.2083588 9.168152
0.13215637 -1.4273529 9.184814
0.05836487 -1.4368744 9.101501
0.0155181885 -1.4606781 9.237183
-0.032089233 -1.3987885 9.368103
-0.120162964 -1.3321381 9.41095
-0.20109558 -1.3583221 9.434753
-0.17253113 -1.4059296 9.47522
-0.14396667 -1.453537 9.499023
-0.17015076 -1.389267 9.568054
-0.24632263 -1.389267 9.518066
-0.3058319 -1.3987885 9.465698
-0.39866638 -1.4083099 9.434753
-0.48197937 -1.3464203 9.356201
-0.5105438 -1.3821259 9.237183
-0.5962372 -1.3535614 9.168152
-0.66526794 -1.2821503 9.034851
-0.7700043 -1.1060028 8.944397
-0.91996765 -0.87986755 8.820618
-1.0770721 -0.81559753 8.627808
-1.2675018 -0.6394501 8.401672
-1.4460297 -0.6442108 8.289795
-1.6221771 -0.59898376 7.968445
-1.5721893 -0.5727997 7.6375732
-1.4460297 -0.45378113 7.320984
-1.3246307 -0.32762146 6.9663086
-1.31987 -0.26335144 6.661621
-1.4817352 -0.23954773 6.3569336
-1.6245575 -0.22050476 5.9403687
-1.8078461 -0.33952332 5.545227
-2.0601654 -0.6680145 5.3738403
-2.41008 -1.203598 5.1810303
-2.693344 -1.7558441 5.1000977
-3.0694427 -2.4294891 5.283386
-3.5574188 -3.5601654 5.8165894
-3.923996 -4.802719 6.256958
-4.1834564 -5.681076 6.544983
-4.185837 -5.545395 6.6759033
-4.2881927 -5.0621796 7.2091064
-4.4452972 -4.4647064 7.699463
-4.8690033 -4.114792 8.142212
-5.3188934 -3.981491 8.299316
-5.783066 -3.6768036 8.142212
-6.180588 -3.7125092 8.0946045
-6.38768 -3.917221 7.956543
-6.3400726 -3.9219818 7.6066284
-6.221054 -3.7148895 7.3305054
-6.0829926 -3.5601654 7.1019897
-5.9996796 -3.5006561 6.935364
-5.975876 -3.4720917 6.6116333
-6.1306 -3.7101288 6.442627
-6.309128 -4.095749 6.3450317
-6.713791 -5.1145477 6.6259155
-6.939926 -6.297592 6.768738
-6.9922943 -6.7546234 6.6901855
-7.068466 -7.156906 6.8115845
-7.0113373 -6.9783783 6.5806885
-6.887558 -6.559433 6.5759277
-6.9161224 -6.328537 6.5497437
-6.9732513 -6.1000214 6.456909
-7.149399 -6.0905 6.456909
-7.266037 -6.173813 6.2998047
-7.5016937 -6.169052 6.27124
-7.6992645 -6.5380096 6.4450073
-7.939682 -6.906967 6.487854
-8.265793 -7.430649 6.616394
-8.491928 -8.01622 6.423584
-8.489548 -8.139999 5.935608
-8.541916 -8.125717 5.609497
-8.653793 -8.180466 5.4119263
-8.782333 -8.101913 5.140564
-8.982285 -7.959091 4.9906006
-9.258408 -7.7234344 4.9977417
-9.598801 -7.6163177 5.0358276
-9.993942 -7.463974 4.8953857
-10.489059 -7.663925 4.852539
-10.905624 -8.163803 4.7025757
-11.215073 -8.428024 4.5097656
-11.612595 -8.827927 4.5811768
-11.952988 -8.973129 4.626404
-12.191025 -8.8207855 4.8882446
-12.310043 -8.363754 5.2143555
-12.348129 -7.744858 5.3309937
-12.241013 -7.1926117 5.2453003
-11.895859 -6.7808075 5.0739136
-11.331711 -6.407089 4.79303
-10.581894 -6.199997 4.5288086
-9.732101 -5.852463 4.4121704
-8.994186 -5.545395 4.2003174
-8.458603 -5.3502045 4.057495
-8.277695 -5.2026215 4.0551147
-8.458603 -5.0431366 3.909912
-8.932297 -4.864609 3.9146729
-9.491684 -4.61705 3.8265991
-10.034409 -4.417099 3.7456665
-10.42717 -4.300461 3.588562
-10.529526 -4.236191 3.4290771
-10.55809 -4.255234 3.2981567
-10.286728 -4.2338104 3.202942
-9.9249115 -4.1909637 3.0458374
-9.565475 -4.219528 2.888733
-9.289352 -4.2671356 2.6602173
-9.139389 -4.321884 2.4007568
-9.141769 -4.417099 2.1817627
-9.132248 -4.436142 2.0770264
-9.106064 -4.379013 1.946106
-9.067978 -4.2457123 2.0151367
-8.948959 -4.2457123 1.9056396
-8.82756 -4.1623993 1.8842163
-8.7894745 -4.2028656 1.8723145
-8.639511 -4.1909637 1.8699341
-8.544296 -4.2409515 1.7866211
-8.363388 -4.200485 1.7532959
-8.227707 -4.236191 1.6818848
-8.022995 -4.2147675 1.631897
-7.806381 -4.243332 1.5081177
-7.6707 -4.2076263 1.4081421
-7.4993134 -4.2457123 1.4129028
-7.380295 -4.250473 1.3724365
-7.3017426 -4.2266693 1.3748169
-7.2493744 -4.255234 1.381958
-7.254135 -4.2671356 1.4985962
-7.273178 -4.262375 1.4771729
-7.254135 -4.257614 1.4747925
-7.232712 -4.2100067 1.5057373
-7.232712 -4.219528 1.5795288
-7.330307 -4.193344 1.658081
-7.5397797 -4.0981293 1.7318726
-7.825424 -4.045761 1.8199463
-8.220566 -4.026718 1.9627686
-8.6228485 -4.005295 2.0270386
-8.910873 -3.9338837 2.2127075
-9.110825 -3.9148407 2.3031616
-9.215561 -3.8862762 2.426941
-9.40361 -3.9076996 2.5126343
-9.798752 -4.019577 2.5650024
-10.334335 -4.10289 2.4745483
-10.93895 -4.1124115 2.453125
-11.403122 -4.0338593 2.3579102
-11.526901 -4.0100555 2.4412231
-11.310287 -3.9838715 2.5269165
-10.779465 -4.1124115 2.562622
-10.217697 -4.321884 2.857788
-9.791611 -4.512314 3.088684
-9.479782 -4.7789154 3.4266968
-9.282211 -4.993149 3.7456665
-8.939438 -5.057419 3.9599
-8.584763 -4.905075 3.9575195
-8.318161 -4.68132 3.8480225
-8.280075 -4.3575897 3.7385254
-8.591904 -4.083847 3.5576172
-9.158432 -3.7910614 3.3100586
-9.755905 -3.6387177 3.2196045
-10.370041 -3.5363617 3.0934448
-10.743759 -3.3506927 3.1243896
-10.838974 -3.1840668 3.1339111
-10.641403 -2.941269 3.2767334
-10.277206 -2.710373 3.4814453
-9.84874 -2.5223236 3.524292
-9.33934 -2.4842377 3.4624023
-8.927536 -2.646103 3.3243408
-8.556198 -2.7698822 3.036316
-8.282455 -3.005539 2.7387695
-8.046799 -3.2578583 2.5531006
-7.773056 -3.531601 2.4221802
-7.5064545 -3.6839447 2.267456
-7.2636566 -3.8791351 2.2817383
-7.106552 -4.071945 2.157959
-7.0637054 -4.2147675 1.927063
-7.0303802 -4.3504486 1.7080688
-6.9946747 -4.4599457 1.5533447
-7.008957 -4.5170746 1.4724121
-6.978012 -4.5027924 1.3557739
-6.9423065 -4.4647064 1.4224243
-6.96373 -4.4123383 1.4486084
-6.9756317 -4.314743 1.5319214
-7.0256195 -4.2147675 1.7009277
-7.1017914 -4.174301 1.8818359
-7.2422333 -4.171921 2.1293945
-7.3255463 -4.288559 2.2436523
-7.496933 -4.4956512 2.4031372
-7.677841 -4.8050995 2.4935913
-7.8159027 -4.995529 2.434082
-7.958725 -5.0740814 2.4126587
-8.099167 -5.166916 2.5650024
-8.37767 -5.371628 2.619751
-8.679977 -5.609665 2.8220825
-9.110825 -5.9024506 3.107727
-9.52977 -6.104782 3.2505493
-9.920151 -6.1571503 3.5123901
-10.089157 -6.0928802 3.6671143
-10.101059 -6.116684 3.9122925
-9.998703 -6.0547943 4.0146484
-10.051071 -6.045273 4.0146484
-10.500961 -6.2856903 4.21698
-11.050827 -6.490402 4.269348
-11.6697235 -6.649887 4.402649
-12.188644 -6.676071 4.690674
-12.186264 -6.759384 4.833496
-11.679245 -6.7165375 4.8501587
-10.822311 -6.7665253 4.814453
-9.953476 -6.8331757 4.7263794
-9.382187 -6.7332 4.512146
-8.9370575 -6.611801 4.378845
-8.744247 -6.361862 4.2145996
-8.582382 -6.040512 4.0932007
-8.477646 -5.7144012 3.9432373
-8.434799 -5.5882416 3.645691
-8.644272 -5.5477753 3.433838
-9.0013275 -5.552536 3.286255
-9.422653 -5.481125 3.2600708
-9.815414 -5.3811493 3.2648315
-10.036789 -5.2549896 3.2719727
-10.134384 -5.0169525 3.2624512
-10.151047 -4.897934 3.1934204
-10.158188 -4.828903 3.1362915
-10.065353 -4.7908173 2.9077759
-9.908249 -4.738449 2.7244873
-9.748764 -4.693222 2.5078735
-9.453598 -4.633713 2.2984009
-9.20842 -4.6384735 2.074646
-8.922775 -4.5884857 1.9437256
-8.646652 -4.55278 1.9484863
-8.487167 -4.526596 1.8151855
-8.361008 -4.4908905 1.8366089
-8.287216 -4.500412 1.7937622
-8.199142 -4.4123383 1.6985474
-8.12059 -4.3552094 1.6176147
-8.008713 -4.302841 1.612854
-7.9492035 -4.1243134 1.6057129
-7.8135223 -4.0624237 1.510498
-7.644516 -3.9029388 1.5033569
-7.5183563 -3.8172455 1.4533691
-7.399338 -3.724411 1.465271
-7.3398285 -3.641098 1.4105225
-7.2517548 -3.614914 1.3795776
-7.2231903 -3.5649261 1.3938599
-7.163681 -3.5625458 1.4081421
-7.061325 -3.519699 1.3462524
-7.0399017 -3.519699 1.3986206
-6.937546 -3.5030365 1.3795776
-6.937546 -3.5077972 1.2843628
-6.89946 -3.5458832 1.2200928
-6.9494476 -3.5149384 1.1772461
-6.9946747 -3.5030365 1.2319946
-7.111313 -3.5530243 1.317688
-7.2065277 -3.5911102 1.3295898
-7.3969574 -3.6696625 1.4319458
-7.675461 -3.743454 1.427185
-8.051559 -3.814865 1.5985718
-8.420517 -3.8386688 1.529541
-8.756149 -3.864853 1.7913818
-9.067978 -3.9410248 1.90802
-9.277451 -3.8934174 2.048462
-9.489304 -3.9029388 2.093689
-10.04155 -3.948166 2.0651245
-10.736618 -3.9767303 2.017517
-11.555466 -4.019577 1.9365845
-12.241013 -3.9505463 1.9770508
-12.659958 -3.91008 2.1984253
-12.524277 -3.917221 2.407898
-11.960129 -4.000534 2.4674072
-11.286484 -4.2599945 2.645935
-10.693771 -4.6265717 2.7911377
-10.324814 -4.9455414 3.0672607
-9.958237 -5.155014 3.4243164
-9.489304 -5.2026215 3.6861572
-8.872787 -5.0859833 3.9599
-8.158676 -4.8955536 4.019409
-7.656418 -4.795578 3.9551392
-7.5850067 -4.74321 3.8051758
-8.030136 -4.7360687 3.5718994
-8.834702 -4.74321 3.4885864
-9.715439 -4.6694183 3.4647827
-10.486679 -4.4908905 3.5409546
-10.915146 -4.255234 3.6099854
-10.962753 -3.9767303 3.6004639
-10.767563 -3.8362885 3.5457153
-10.291489 -3.71727 3.440979
-9.813034 -3.8315277 3.3648071
-9.294113 -3.8362885 3.2529297
-8.832321 -3.9410248 3.2148438
-8.530014 -4.0338593 3.2767334
-8.330063 -4.1766815 3.1934204
-7.9753876 -4.2861786 3.183899
-7.7373505 -4.321884 3.0339355
-7.4993134 -4.42424 2.960144
-7.2612762 -4.436142 2.824463
-7.09227 -4.519455 2.7435303
-6.944687 -4.5432587 2.6530762
-6.9232635 -4.5432587 2.6054688
-6.9613495 -4.4789886 2.600708
-6.9542084 -4.405197 2.7268677
-7.001816 -4.302841 2.9315796
-7.0589447 -4.1766815 3.0672607
-7.1351166 -4.1195526 3.1029663
-7.2374725 -4.052902 3.1577148
-7.3065033 -4.0171967 3.1958008
-7.4374237 -4.0481415 3.1553345
-7.5588226 -4.090988 3.1291504
-7.7111664 -4.238571 3.0910645
-7.939682 -4.4218597 3.0744019
-8.256271 -4.5813446 3.0386963
-8.5585785 -4.762253 2.941101
-8.903732 -4.847946 2.8649292
-9.27507 -4.9860077 2.8934937
-9.605942 -4.9979095 2.9077759
-9.8535 -5.0502777 2.9244385
-10.055832 -5.057419 3.005371
-10.096298 -5.026474 2.9744263
-10.086777 -5.0026703 2.9244385
-10.024887 -5.0359955 2.8554077
-10.079636 -4.993149 2.8149414
-10.434311 -5.185959 2.8006592
-11.181747 -5.4335175 2.8982544
-12.088669 -5.4858856 3.0934448
-13.028915 -5.507309 3.3029175
-13.76445 -5.404953 3.5028687
-13.983444 -5.2526093 3.6242676
-13.781113 -5.1002655 3.5766602
-13.1193695 -5.0026703 3.614746
-12.267197 -4.9860077 3.5028687
-11.445969 -4.9788666 3.3886108
-10.87706 -4.9860077 3.2910156
-10.412888 -4.890793 3.171997
-10.027267 -4.833664 3.0934448
-9.494064 -4.80748 2.9887085
-8.963242 -4.7551117 3.0077515
-8.303879 -4.6694183 2.9553833
-7.6278534 -4.7360687 2.7578125
-7.1470184 -4.781296 2.574524
-6.944687 -4.8622284 2.4436035
-7.0303802 -4.87175 2.3007813
-7.451706 -4.8360443 2.222229
-8.001572 -4.662277 2.222229
-8.394333 -4.469467 2.2388916
-8.584763 -4.262375 2.2626953
-8.715683 -4.114792 2.2817383
-8.741867 -4.0814667 2.305542
-8.782333 -4.0338593 2.2698364
-8.868027 -4.031479 2.1055908
-8.958481 -4.007675 2.0127563
-8.960861 -4.0338593 1.9699097
-8.88945 -4.114792 1.7556763
-8.791855 -4.250473 1.5628662
-8.62999 -4.3052216 1.6176147
-8.5395355 -4.42424 1.5128784
-8.43956 -4.467087 1.4676514
-8.37291 -4.4718475 1.4628906
-8.261032 -4.4456635 1.3795776
-8.18486 -4.4647064 1.3295898
-8.068222 -4.405197 1.3652954
-7.887314 -4.398056 1.3510132
-7.739731 -4.4004364 1.3129272
-7.60643 -4.340927 1.3248291
-7.5850067 -4.2861786 1.3581543
-7.54216 -4.2290497 1.4295654
-7.5326385 -4.10289 1.3676758
-7.4945526 -4.024338 1.4319458
-7.394577 -3.9529266 1.3010254
-7.3779144 -3.9076996 1.2962646
-7.342209 -3.8481903 1.336731
-7.330307 -3.833908 1.2748413
-7.4302826 -3.78154 1.3557739
-7.5397797 -3.7601166 1.3319702
-7.677841 -3.7553558 1.4152832
-7.844467 -3.788681 1.401001
-8.042038 -3.7743988 1.4486084
-8.306259 -3.7482147 1.484314
-8.665695 -3.769638 1.529541
-9.103683 -3.7958221 1.6604614
-9.634506 -3.8362885 1.7556763
-10.053452 -3.833908 1.7128296
-10.465256 -3.807724 1.658081
-10.898483 -3.8410492 1.6414185
-11.386459 -3.9005585 1.5247803
-12.002975 -3.9695892 1.5771484
-12.709946 -4.1266937 1.548584
-13.300278 -4.121933 1.5581055
-13.688278 -4.238571 1.5723877
-13.626389 -4.300461 1.7628174
-13.062241 -4.4528046 1.9318237
-12.169601 -4.6194305 2.2579346
-11.236496 -4.8193817 2.5531006
-10.389084 -5.0050507 2.824463
-9.679733 -5.135971 3.0006104
-9.094162 -5.1050262 3.2505493
-8.480026 -4.9264984 3.3624268
-7.8087616 -4.5694427 3.4100342
-7.1851044 -4.0862274 3.5385742
-6.7756805 -3.6958466 3.5409546
-6.785202 -3.288803 3.6623535
-7.2041473 -3.1174164 3.7480469
-7.9301605 -2.9436493 3.6028442
-8.710922 -2.7841644 3.3719482
-9.353622 -2.5984955 3.2077026
-9.665451 -2.3937836 3.0386963
-9.796371 -2.300949 3.0029907
-9.7582855 -2.2628632 2.9910889
-9.617844 -2.384262 2.9030151
-9.3798065 -2.5366058 2.7816162
-9.115585 -2.729416 2.6292725
-8.829941 -3.0031586 2.4888306
-8.553818 -3.20549 2.1889038
-8.275314 -3.5530243 2.017517
-8.046799 -3.7672577 1.8294678
-7.830185 -3.9529266 1.7580566
-7.592148 -4.095749 1.7342529
-7.4160004 -4.1124115 1.8199463
-7.311264 -4.174301 1.8485107
-7.2374725 -4.2861786 1.8842163
-7.1660614 -4.469467 1.7342529
-7.1208344 -4.5932465 1.5723877
-7.047043 -4.7075043 1.4533691
-7.0446625 -4.659897 1.4343262
-7.0565643 -4.609909 1.5628662
-7.1160736 -4.450424 1.7913818
-7.1874847 -4.2671356 1.9984741
-7.2517548 -4.1957245 2.184143
-7.380295 -4.1838226 2.4126587
-7.5326385 -4.1243134 2.4840698
-7.6921234 -4.16716 2.4745483
-7.913498 -4.2742767 2.6126099
-8.108688 -4.405197 2.619751
-8.3134 -4.4980316 2.7197266
-8.522873 -4.5504 2.7625732
-8.794235 -4.6837006 2.914917
-9.003708 -4.769394 2.8458862
-9.277451 -4.9074554 2.8554077
-9.5464325 -5.0169525 2.8268433
-9.751144 -5.0240936 2.8482666
-9.886826 -5.0740814 2.850647
-9.8535 -5.059799 2.888733
-9.920151 -5.0883636 2.7625732
-10.148666 -5.250229 2.786377
-10.822311 -5.545395 3.0029907
-11.679245 -5.7429657 3.2648315
-12.645676 -5.802475 3.5290527
-13.37883 -5.816757 3.8242188
-13.721603 -5.6977386 3.986084
-13.538315 -5.5882416 3.9146729
-12.981308 -5.585861 3.9527588
-12.371933 -5.647751 4.02417
-11.772079 -5.7405853 4.081299
-11.279343 -5.6905975 4.0932007
-10.738998 -5.559677 4.0932007
-10.101059 -5.374008 4.1051025
-9.391708 -5.140732 3.9837036
-8.637131 -4.9526825 3.736145
-8.11821 -4.8836517 3.4576416
-7.9611053 -4.9526825 3.2434082
-8.325302 -5.102646 3.0315552
-9.027512 -5.1074066 2.8197021
-9.734482 -5.1193085 2.831604
-10.270065 -4.93602 2.7244873
-10.434311 -4.6646576 2.703064
-10.398605 -4.352829 2.684021
-10.274826 -4.0981293 2.593567
-10.2391205 -3.9410248 2.5197754
-10.23436 -3.8362885 2.4436035
-10.215317 -3.7553558 2.3293457
-10.101059 -3.679184 2.1698608
-9.858261 -3.6387177 1.9746704
-9.520248 -3.6006317 1.8056641
-9.191757 -3.660141 1.5985718
-8.877548 -3.7291718 1.4747925
-8.713303 -3.8291473 1.4367065
-8.670456 -3.8505707 1.2772217
-8.637131 -3.9386444 1.234375
-8.651413 -3.9410248 1.0558472
-8.556198 -3.9219818 1.1272583
-8.50145 -3.891037 1.0534668
-8.287216 -3.8029633 1.0391846
-8.087265 -3.7767792 0.96539307
-7.9563446 -3.7029877 0.8868408
-7.856369 -3.686325 0.8463745
-7.694504 -3.6744232 0.9273071
-7.625473 -3.6363373 0.8487549
-7.554062 -3.5887299 0.9606323
-7.427902 -3.6387177 0.94158936
-7.296982 -3.6291962 0.9796753
-7.246994 -3.6506195 0.96777344
-7.1874847 -3.614914 0.9630127
-7.163681 -3.6268158 0.9558716
-7.1232147 -3.5934906 0.9368286
-7.170822 -3.5934906 0.97491455
-7.1851044 -3.5887299 0.9606323
-7.197006 -3.6077728 0.96539307
-7.2755585 -3.6196747 1.0130005
-7.4231415 -3.743454 1.0939331
-7.5969086 -3.7601166 1.1343994
Time Stop = 2377
