Time Start = 2161
-0.5129242 -1.5725555 9.7751465
-0.35343933 -1.7320404 9.5252075
-0.85569763 -1.7629852 9.3133545
-1.3555756 -1.5749359 9.358582
-1.5912323 -1.3083344 9.4776
-1.3889008 -1.1417084 9.577576
-1.1937103 -1.0512543 9.610901
-1.0818329 -1.184555 9.658508
-1.0151825 -1.324997 9.708496
-1.0485077 -1.3297577 9.791809
-1.1270599 -1.2916718 9.832275
-1.1199188 -1.2464447 9.9227295
-1.024704 -1.2345428 9.825134
-0.9889984 -1.2297821 9.86084
-0.95329285 -1.2274017 9.827515
-1.0342255 -1.222641 9.725159
-1.0937347 -1.2773895 9.639465
-1.0413666 -1.3678436 9.629944
-1.0080414 -1.3940277 9.644226
-1.0461273 -1.3916473 9.679932
-1.1032562 -1.4130707 9.66803
-1.0842133 -1.4463959 9.739441
-1.1556244 -1.4511566 9.784668
-1.2032318 -1.3821259 9.768005
-1.2127533 -1.3488007 9.748962
-1.1865692 -1.3226166 9.787048
-1.1603851 -1.3345184 9.768005
-1.1603851 -1.370224 9.698975
-1.2032318 -1.4130707 9.779907
-1.1889496 -1.3607025 9.822754
-1.1937103 -1.3607025 9.846558
-1.2127533 -1.3416595 9.882263
-1.1270599 -1.3464203 10.05603
-1.0175629 -1.2916718 10.108398
-0.91282654 -1.3107147 10.370239
-0.78666687 -1.1536102 10.37262
-0.7081146 -1.0012665 10.672546
-0.77238464 -0.9750824 11.08197
-0.7271576 -1.1726532 11.298584
-0.65574646 -1.3488007 11.46521
-0.51530457 -1.3821259 11.496155
-0.37724304 -1.3011932 11.5842285
-0.3486786 -1.1107635 11.472351
-0.30821228 -1.1321869 11.807983
-0.29154968 -1.010788 11.97937
-0.15348816 -0.7941742 12.2769165
-0.10826111 -0.18241882 12.329285
-0.3391571 0.33888245 12.372131
-0.68193054 0.68403625 12.441162
-0.8080902 0.5554962 12.391174
-0.85569763 0.310318 12.053162
-0.8342743 0.048477173 11.484253
-0.55815125 -0.13005066 10.901062
-0.17015076 -0.13719177 10.705872
0.13215637 0.08894348 10.598755
0.33210754 0.23414612 10.870117
0.26545715 0.4983673 10.867737
-0.3391571 0.8197174 10.396423
-1.0342255 1.0958405 9.858459
-1.069931 1.5909576 9.803711
-0.5295868 2.1717682 10.325012
0.075027466 2.5383453 10.927246
0.21784973 2.5288239 11.305725
-0.060653687 2.0908356 11.258118
-0.47483826 1.7433014 10.643982
-0.7771454 1.5885773 9.953674
-0.7247772 1.8123322 9.553772
-0.49388123 2.062271 9.408569
-0.20585632 2.2979279 9.344299
-0.09397888 2.619278 9.451416
-0.16539001 2.690689 9.408569
-0.2653656 2.7263947 9.47998
-0.32487488 2.6335602 9.394287
-0.30821228 2.645462 9.141968
-0.34391785 2.7168732 8.96106
-0.39866638 2.838272 8.906311
-0.35343933 2.9073029 8.8515625
-0.2986908 3.0310822 8.725403
-0.3153534 3.1381989 8.563538
-0.29154968 3.1310577 8.446899
-0.23680115 3.2000885 8.2421875
-0.2653656 3.133438 8.018433
-0.26774597 3.0477448 8.061279
-0.19395447 3.004898 8.144592
-0.21775818 3.2119904 8.170776
-0.25108337 3.4714508 8.13031
-0.21299744 3.7023468 8.142212
-0.24632263 3.8713531 7.982727
-0.22251892 4.068924 7.866089
-0.19395447 4.185562 7.782776
-0.1582489 4.383133 7.7494507
-0.25346375 4.499771 7.6708984
-0.27012634 4.568802 7.7684937
-0.20109558 4.704483 7.820862
-0.0844574 4.883011 7.789917
-0.06303406 5.1258087 7.770874
-0.17253113 5.102005 7.609009
-0.36058044 5.0615387 7.366211
-0.43437195 5.113907 7.109131
-0.47721863 5.2781525 6.866333
-0.4962616 5.370987 6.733032
-0.4224701 5.468582 6.7235107
-0.39152527 5.4757233 6.7473145
-0.31773376 5.5090485 6.8115845
-0.248703 5.5995026 6.623535
-0.29154968 5.563797 6.5473633
-0.33439636 5.3733673 6.4259644
-0.2582245 5.2662506 6.226013
-0.22013855 5.173416 6.2974243
-0.25108337 5.397171 6.052246
-0.30821228 5.628067 5.968933
-0.34153748 5.828018 5.9570313
-0.31773376 5.9208527 5.8427734
-0.31059265 5.9137115 5.8118286
-0.3391571 5.787552 5.6452026
-0.3724823 5.768509 5.5928345
-0.34153748 5.7280426 5.473816
-0.3486786 5.7399445 5.378601
-0.36772156 5.77565 5.378601
-0.28678894 5.885147 5.3357544
-0.2820282 6.0803375 5.366699
-0.248703 6.3445587 5.2857666
-0.17253113 6.48024 5.364319
-0.19395447 6.627823 5.3095703
-0.16300964 6.725418 5.378601
-0.16300964 6.789688 5.5
-0.16539001 6.8253937 5.519043
-0.22251892 6.751602 5.480957
-0.27488708 6.718277 5.352417
-0.19633484 6.7277985 5.3762207
-0.17015076 6.665909 5.3952637
-0.20585632 6.725418 5.402405
-0.17967224 6.7777863 5.378601
-0.13206482 6.73732 5.454773
-0.11064148 6.620682 5.492859
-0.015426636 6.4897614 5.3571777
-0.0011444092 6.4826202 5.4904785
0.0155181885 6.558792 5.480957
0.008377075 6.7468414 5.5666504
-0.015426636 6.8610992 5.5880737
0.01789856 7.032486 5.647583
0.08454895 6.9920197 5.6499634
0.19166565 7.0562897 5.5547485
0.3440094 6.9848785 5.5547485
0.47731018 7.025345 5.62854
0.4915924 7.0800934 5.723755
0.48683167 7.168167 5.768982
0.44636536 7.12294 5.916565
0.4416046 7.1253204 6.1427
0.43684387 7.2086334 6.230774
0.26545715 7.258621 6.3569336
0.10597229 7.258621 6.4521484
0.005996704 7.3633575 6.3378906
0.025039673 7.4157257 6.306946
0.10359192 7.4157257 6.3831177
0.23213196 7.4347687 6.3236084
0.33210754 7.334793 6.230774
0.39637756 7.206253 6.192688
0.42256165 7.0824738 6.052246
0.4178009 7.0681915 5.961792
0.37257385 7.0110626 5.8689575
0.33924866 6.9967804 5.8094482
0.29878235 7.05867 5.621399
0.35591125 7.1253204 5.7261353
0.42256165 7.134842 5.6761475
0.47016907 7.1562653 5.5785522
0.57966614 7.1705475 5.571411
0.57966614 7.103897 5.5618896
0.57728577 7.089615 5.511902
0.5891876 6.968216 5.461914
0.50349426 6.892044 5.4143066
0.47254944 6.7777863 5.4404907
0.44636536 6.770645 5.595215
0.43208313 6.782547 5.6690063
0.39161682 6.7801666 5.7785034
0.36543274 6.7920685 5.738037
0.30116272 6.7468414 5.795166
0.2535553 6.7349396 5.8880005
0.3678131 6.732559 5.9379883
0.4178009 6.718277 6.0213013
0.5177765 6.756363 6.097473
0.50349426 6.8444366 6.2164917
0.42494202 7.020584 6.2355347
0.27497864 7.2538605 6.302185
0.23213196 7.3324127 6.3878784
0.23927307 7.3562164 6.3450317
0.20118713 7.418106 6.437866
0.18452454 7.425247 6.242676
0.094070435 7.449051 6.1069946
0.16072083 7.482376 6.1879272
0.17500305 7.4990387 5.9855957
0.27259827 7.553787 5.9260864
0.32496643 7.5609283 5.7713623
0.29640198 7.4157257 5.7094727
0.3202057 7.308609 5.685669
0.3440094 7.1562653 5.590454
0.25831604 7.172928 5.538086
0.08216858 7.146744 5.5618896
-0.12968445 7.1562653 5.3357544
-0.11778259 7.237198 5.37146
0.10359192 7.3062286 5.4000244
0.3368683 7.2490997 5.4833374
0.45350647 7.2014923 5.4642944
0.3678131 7.065811 5.5214233
0.18928528 7.0086823 5.6237793
0.0012359619 7.0681915 5.6523438
-0.058273315 7.1443634 5.75708
0.02027893 7.1205597 5.8189697
0.13453674 7.0562897 5.7737427
0.19642639 6.915848 5.5357056
0.32496643 6.713516 5.5618896
0.33448792 6.5992584 5.5047607
0.4106598 6.6516266 5.526184
0.4178009 6.7730255 5.6237793
0.4749298 6.9658356 5.890381
0.4011383 7.1515045 5.911804
0.43208313 7.339554 6.0736694
0.43208313 7.4204865 6.097473
0.3678131 7.430008 6.1688843
0.22499084 7.289566 6.033203
0.096450806 7.237198 6.0236816
-0.077316284 7.2086334 5.8951416
-0.098739624 7.2729034 5.9213257
-0.029708862 7.3871613 5.847534
0.1631012 7.615677 5.890381
0.28450012 7.629959 5.892761
0.31782532 7.5371246 5.7546997
0.36305237 7.418106 5.795166
0.38209534 7.372879 5.7023315
0.36543274 7.4014435 5.745178
0.37495422 7.437149 5.738037
0.35353088 7.50856 5.640442
0.35829163 7.525223 5.5666504
0.37257385 7.4609528 5.5214233
0.3773346 7.346695 5.473816
0.4511261 7.282425 5.5880737
0.48207092 7.0681915 5.5880737
0.43208313 7.025345 5.647583
0.443985 6.942032 5.647583
0.41304016 6.9920197 5.7523193
0.3202057 7.020584 5.8380127
0.26545715 7.05867 5.807068
0.22975159 7.027725 5.7904053
0.2535553 6.8872833 5.7475586
0.2868805 6.8872833 5.659485
0.38923645 6.896805 5.56427
0.6082306 6.9396515 5.583313
0.7819977 6.9848785 5.6832886
0.905777 6.911087 5.633301
0.8700714 6.839676 5.5999756
0.7724762 6.839676 5.7594604
0.5844269 6.93013 5.6499634
0.30116272 7.1824493 5.6880493
0.10121155 7.4204865 5.680908
0.025039673 7.608536 5.716614
0.14881897 7.589493 5.621399
0.30116272 7.4847565 5.609497
0.39161682 7.38002 5.4595337
0.2202301 7.3514557 5.300049
0.04408264 7.4609528 5.3048096
-0.11064148 7.660904 5.2143555
-0.18205261 7.846573 5.326233
-0.08683777 8.053665 5.397644
0.046463013 7.9989166 5.402405
0.17024231 7.8894196 5.3428955
0.21070862 7.668045 5.197693
0.25117493 7.4657135 5.281006
0.14881897 7.2490997 5.2286377
0.10597229 7.1705475 5.321472
0.04408264 7.149124 5.466675
0.06788635 7.146744 5.4976196
0.0012359619 7.1705475 5.538086
-0.015426636 7.1205597 5.633301
-0.08921814 6.9729767 5.5880737
-0.055892944 6.8253937 5.538086
-0.017807007 6.60878 5.402405
0.029800415 6.4254913 5.2667236
0.13453674 6.3231354 5.159607
0.25831604 6.249344 5.1262817
0.4273224 6.2517242 5.05011
0.4511261 6.339798 4.9572754
0.37019348 6.385025 4.833496
0.3273468 6.2850494 4.845398
0.3368683 6.1779327 4.773987
0.48921204 6.116043 4.640686
0.55348206 6.1374664 4.735901
0.6391754 6.075577 4.85968
0.5558624 6.211258 4.904907
0.38209534 6.339798 5.057251
0.22975159 6.475479 5.154846
0.022659302 6.596878 5.2286377
-0.027328491 6.570694 5.2643433
0.055984497 6.5040436 5.2857666
0.26307678 6.35408 5.5285645
0.36305237 6.187454 5.552368
0.4106598 6.1136627 5.6380615
0.37971497 5.9660797 5.718994
0.29878235 5.9470367 5.788025
0.21784973 5.942276 6.0427246
0.2368927 5.961319 6.2212524
0.27259827 5.992264 6.352173
0.3368683 5.975601 6.6782837
0.4844513 5.813736 7.013916
0.52967834 5.616165 7.082947
0.39875793 5.5042877 7.111511
0.19642639 5.511429 7.275757
0.096450806 5.5233307 7.482849
0.008377075 5.5209503 7.589966
0.04170227 5.5590363 7.642334
0.04408264 5.5471344 7.7684937
0.0393219 5.366226 8.025574
0.18214417 5.344803 7.9279785
0.115493774 5.19722 8.039856
0.06550598 4.8544464 8.0946045
0.055984497 4.5711823 8.0946045
-0.058273315 4.3997955 7.854187
-0.09397888 4.3164825 7.673279
0.12263489 4.242691 7.725647
0.26783752 4.018936 7.7875366
0.4416046 3.8808746 8.023193
0.53681946 3.7451935 8.156494
0.5391998 3.7332916 8.265991
0.49873352 3.7213898 8.358826
0.43922424 3.7451935 8.3255005
0.47254944 3.709488 8.318359
0.6344147 3.5999908 8.494507
0.79151917 3.5904694 8.573059
0.7558136 3.4619293 8.70636
0.55348206 3.3738556 8.796814
0.41542053 3.2643585 8.780151
0.29878235 3.164383 8.846802
0.2202301 3.0120392 8.930115
0.21546936 2.9287262 9.011047
0.28211975 2.8787384 8.918213
0.3844757 2.7954254 9.070557
0.48683167 2.709732 9.151489
0.47254944 2.6287994 9.122925
0.31544495 2.5383453 9.15625
0.19166565 2.4455109 9.241943
0.14405823 2.4121857 9.201477
0.15119934 2.3574371 9.28241
0.12263489 2.2622223 9.363342
0.21308899 2.1860504 9.370483
0.14881897 2.093216 9.35144
0.12263489 2.0122833 9.360962
0.07740784 1.8861237 9.503784
0.14167786 1.8147125 9.439514
0.22261047 1.7099762 9.458557
0.23927307 1.5647736 9.34906
0.26783752 1.4243317 9.15863
0.17024231 1.1839142 9.015808
0.17500305 1.0077667 8.930115
0.12025452 0.8839874 8.932495
0.08692932 0.8839874 9.122925
0.05836487 0.7935333 9.560913
0.04170227 0.6554718 10.039368
0.01789856 0.5507355 10.43689
-0.11540222 0.624527 10.820129
-0.2082367 0.9125519 10.893921
-0.32011414 1.195816 11.086731
-0.43675232 1.3767242 11.115295
-0.51530457 1.4243317 11.215271
-0.50816345 1.4600372 11.300964
-0.65574646 1.3648224 11.362854
-0.71287537 1.2815094 11.486633
-0.8414154 1.2434235 11.46283
-0.9818573 1.2481842 11.410461
-1.0604095 1.1006012 11.262878
-1.1056366 0.8459015 11.155762
-1.0627899 0.5721588 11.031982
-1.0818329 0.35792542 10.879639
-1.0818329 0.37934875 10.784424
-1.1103973 0.43885803 10.724915
-0.9794769 0.40315247 10.88678
-0.99375916 0.4245758 10.862976
-1.0389862 0.40553284 10.817749
-1.0389862 0.40315247 10.75824
-0.9985199 0.41029358 10.658264
-0.96995544 0.3841095 10.6297
-1.0151825 0.28651428 10.415466
-1.0413666 0.008010864 10.289307
-1.0604095 -0.27049255 9.92511
-1.0865936 -0.5132904 9.737061
-1.1127777 -0.74180603 9.558533
-1.1461029 -0.87272644 9.456177
-1.1889496 -1.0250702 9.35144
-1.2389374 -1.0893402 9.389526
-1.2841644 -1.3345184 9.627563
-1.3293915 -1.4868622 9.782288
-1.2865448 -1.5749359 9.896545
-1.2032318 -1.6606293 10.146484
-1.1675262 -1.7772675 10.341675
-1.1127777 -1.8343964 10.413086
-1.043747 -1.8843842 10.432129
-1.0984955 -1.934372 10.341675
-1.1294403 -1.9105682 10.396423
-1.1437225 -1.8724823 10.444031
-1.1818085 -1.8010712 10.479736
-1.2794037 -1.8391571 10.574951
-1.3912811 -1.9391327 10.453552
-1.4983978 -2.165268 10.1536255
-1.569809 -2.4723358 9.825134
-1.6007538 -2.7413177 9.575195
-1.5840912 -2.9888763 9.401428
-1.5888519 -3.0198212 9.320496
-1.6697845 -3.0817108 9.41333
-1.7769012 -3.0388641 9.47522
-1.8935394 -2.9626923 9.470459
-1.9316254 -2.8746185 9.47998
-1.9839935 -2.7127533 9.47998
-1.948288 -2.6437225 9.463318
-1.9125824 -2.4961395 9.527588
-1.9149628 -2.339035 9.598999
-1.9244843 -2.2390594 9.66803
-1.9221039 -2.0986176 9.739441
-1.8935394 -2.0129242 9.760864
-1.8602142 -2.0272064 9.844177
-1.8602142 -2.017685 9.837036
-1.7864227 -2.0081635 9.760864
-1.7578583 -2.017685 9.851318
-1.7578583 -2.0153046 9.879883
-1.7507172 -2.0486298 9.827515
-1.7602386 -2.062912 9.808472
-1.7459564 -2.1295624 9.784668
-1.7197723 -2.1676483 9.760864
-1.717392 -2.2533417 9.646606
-1.6840668 -2.403305 9.563293
-1.6697845 -2.5009003 9.532349
-1.6055145 -2.467575 9.560913
-1.6436005 -2.4818573 9.534729
-1.6626434 -2.396164 9.589478
-1.7507172 -2.3890228 9.622803
-1.7792816 -2.3437958 9.6085205
-1.743576 -2.2866669 9.579956
-1.7340546 -2.331894 9.482361
-1.7411957 -2.3985443 9.487122
-1.717392 -2.4056854 9.41571
-1.7269135 -2.377121 9.332397
-1.8030853 -2.3628387 9.372864
-1.8221283 -2.3247528 9.327637
-1.8744965 -2.3271332 9.370483
-1.8721161 -2.3890228 9.35144
-1.8744965 -2.467575 9.408569
-1.8625946 -2.5580292 9.387146
-1.9173431 -2.596115 9.47522
-1.9506683 -2.5984955 9.484741
-2.0601654 -2.6032562 9.520447
-2.1125336 -2.5865936 9.60376
-2.1315765 -2.4913788 9.639465
-2.133957 -2.4913788 9.618042
-2.122055 -2.3437958 9.682312
-2.114914 -2.3271332 9.6085205
-2.0934906 -2.2342987 9.625183
-2.0292206 -2.153366 9.572815
-2.0673065 -2.070053 9.534729
-2.0054169 -1.9843597 9.41095
-2.0077972 -1.9653168 9.420471
-1.9625702 -1.9510345 9.408569
-1.9078217 -1.9486542 9.444275
-1.8506927 -2.0462494 9.47998
-1.8030853 -2.0748138 9.503784
-1.7578583 -2.1509857 9.560913
-1.7292938 -2.1938324 9.594238
-1.7031097 -2.2700043 9.729919
-1.7126312 -2.3152313 9.770386
-1.6412201 -2.358078 9.906067
-1.6483612 -2.49852 9.910828
-1.5912323 -2.5413666 9.92749
-1.5531464 -2.5366058 9.858459
-1.5721893 -2.5128021 9.770386
-1.5293427 -2.4556732 9.620422
-1.531723 -2.3533173 9.391907
-1.5341034 -2.3080902 9.320496
-1.4745941 -2.1890717 9.277649
-1.4412689 -2.0914764 9.201477
-1.4008026 -1.8867645 9.303833
-1.4626923 -1.786789 9.399048
-1.5150604 -1.72966 9.418091
-1.6007538 -1.72966 9.446655
-1.7340546 -1.767746 9.5252075
-1.8245087 -1.851059 9.596619
-1.9078217 -1.998642 9.551392
-2.031601 -2.0843353 9.446655
-2.1506195 -2.2438202 9.344299
-2.1958466 -2.3795013 9.175293
-2.3101044 -2.3604584 9.201477
-2.262497 -2.312851 9.251465
-2.2720184 -2.1581268 9.372864
-2.326767 -2.0676727 9.515686
-2.4505463 -2.036728 9.53949
-2.6314545 -1.9915009 9.66803
-2.7599945 -2.1224213 9.625183
-2.8504486 -2.191452 9.591858
-2.9575653 -2.1795502 9.563293
-2.8861542 -2.1486053 9.60614
-2.9075775 -2.1176605 9.682312
-2.8861542 -2.1176605 9.694214
-2.788559 -2.0462494 9.741821
-2.769516 -2.0557709 9.73468
-2.6552582 -1.9653168 9.772766
Time Stop = 2165
