Time Start = 4860
-1.8935394 3.909439 8.701599
-1.6174164 3.9975128 8.977722
-1.6459808 3.966568 8.972961
-1.7292938 3.6642609 8.756348
-1.7792816 3.4286041 8.511169
-1.8078461 2.9168243 8.335022
-1.7245331 2.2312775 8.180298
-1.3579559 2.0503693 7.847046
-0.9675751 1.952774 7.8303833
-0.5129242 1.8266144 8.135071
-0.19633484 1.6528473 8.584961
0.096450806 1.6480865 8.811096
0.17500305 1.548111 8.887268
0.28450012 1.2648468 8.83252
0.42018127 1.0767975 8.677795
0.66059875 1.0244293 8.696838
0.8629303 0.46266174 9.53949
1.3318634 -0.30381775 9.794189
1.6793976 -0.6061249 8.542114
1.3794708 -0.8084564 8.563538
1.0057526 -0.927475 9.772766
0.30116272 -0.58470154 9.741821
-0.42485046 0.49598694 9.28479
-0.9651947 0.9101715 9.482361
-1.1365814 0.27223206 9.689453
-1.0223236 -0.7203827 9.391907
-0.9247284 -1.5654144 9.832275
-1.2079926 -1.6368256 10.444031
-1.6864471 -1.4106903 10.69873
-1.7126312 -1.4106903 10.422607
-1.505539 -1.8224945 10.003662
-1.153244 -1.998642 9.468079
-0.8723602 -1.6415863 9.225281
-0.76286316 -0.96318054 9.35144
-0.64860535 -0.5323334 9.727539
-0.62242126 -0.7775116 9.872742
-0.5272064 -1.4059296 9.79657
-0.3891449 -1.4868622 9.882263
-0.49150085 -1.0821991 9.79895
-0.5391083 -0.5037689 9.832275
-0.3391571 -0.31809998 10.4487915
-0.055892944 -0.077682495 10.69873
-0.017807007 -0.7537079 11.386658
0.08216858 -0.41807556 11.172424
0.277359 0.22462463 10.943909
0.5439606 0.21272278 10.903442
0.7867584 0.015151978 10.420227
0.8438873 -0.39189148 10.0060425
0.8319855 -0.73228455 10.1345825
1.8079376 -0.88700867 13.621826
0.82722473 -0.299057 9.4609375
1.1390533 -1.389267 10.7630005
1.367569 -1.3726044 9.958435
1.2033234 -1.222641 10.24408
0.7986603 -0.90605164 9.9869995
2.329239 -0.68229675 9.09198
0.9367218 -0.5132904 11.115295
1.1771393 -0.41093445 10.958191
1.5579987 -0.49186707 10.360718
1.3580475 -0.80607605 10.284546
0.5653839 -1.0655365 10.50116
-0.0677948 -1.0845795 10.603516
-0.40104675 -0.79893494 10.655884
-0.248703 -0.29429626 9.908447
-0.0844574 -0.25382996 9.339539
-0.18681335 0.029434204 8.5563965
-0.5129242 -0.02293396 8.404053
-0.81999207 -0.151474 8.639709
-0.941391 0.003250122 8.64209
-1.0865936 0.098464966 8.344543
-1.1603851 -0.2252655 8.327881
-1.4626923 -0.34428406 7.968445
-2.160141 -0.23002625 8.168396
-2.7957 0.098464966 10.391663
-3.1337128 0.7935333 11.2890625
-3.1717987 1.0053864 11.865112
-2.512436 0.6959381 11.391418
-1.4936371 0.35316467 10.31073
-0.63194275 0.32460022 8.775391
-0.5843353 0.12940979 8.413574
-0.627182 -0.120529175 8.054138
-0.4962616 -0.57518005 8.018433
-0.44151306 -0.73228455 8.32074
-0.40818787 -0.7299042 8.858704
-0.32963562 -0.018173218 9.487122
-0.38438416 0.54359436 10.455933
-0.26298523 0.44837952 10.943909
-0.013046265 0.077041626 10.967712
0.12025452 -0.22288513 11.0581665
0.2035675 -0.26811218 10.865356
0.4582672 -0.09434509 10.7439575
0.67726135 0.41981506 9.791809
0.3844757 0.70069885 8.9158325
-0.17253113 -0.7132416 10.222656
-0.34391785 0.47694397 9.408569
-0.6009979 0.5055084 10.351196
-0.6033783 0.9696808 9.8394165
-0.1415863 0.5626373 9.134827
0.49397278 0.13417053 8.922974
0.7962799 -0.74180603 9.065796
1.0176544 -1.1702728 10.05127
1.219986 -0.051498413 11.843689
0.6653595 -0.4894867 10.189331
0.674881 -1.2059784 9.277649
0.9843292 -1.2345428 9.582336
0.7320099 -1.3130951 9.270508
0.77723694 -1.0203094 9.518066
0.84150696 -0.4156952 9.939392
0.52015686 0.13417053 10.215515
-0.09635925 0.03895569 10.11554
-0.5867157 -0.4894867 10.156006
-0.80570984 -0.5228119 10.263123
0.59394836 -0.14671326 4.5526123
-0.248703 -1.9581757 12.241211
0.86531067 1.0196686 8.956299
0.38209534 0.04371643 10.339294
0.5344391 0.4340973 9.468079
0.10597229 0.35316467 10.334534
-0.22489929 0.7126007 10.44165
0.12501526 0.78401184 8.663513
-0.22251892 0.077041626 9.956055
-0.29393005 -0.5061493 9.41333
-0.21775818 -1.241684 9.013428
-0.9342499 -1.6630096 8.7039795
-1.3412933 -1.2107391 9.687073
-1.4960175 0.053237915 10.472595
-1.5626678 1.0244293 10.929626
-1.9530487 0.64356995 10.815369
-1.8744965 0.029434204 8.815857
-2.0173187 -1.6058807 9.034851
-1.8530731 -1.6796722 9.268127
-1.6078949 -1.0702972 9.901306
-0.8675995 0.0460968 10.101257
-0.3796234 0.22938538 10.6796875
-0.28440857 0.8625641 9.698975
-0.34629822 0.8268585 9.677551
0.129776 0.8292389 9.813232
0.17500305 1.0648956 10.098877
-0.07255554 1.0363312 9.79895
-0.06303406 0.74116516 9.739441
0.3773346 0.2531891 9.7751465
0.73439026 0.11274719 9.753723
1.0176544 0.48408508 9.877502
1.0366974 1.0696564 9.851318
0.9962311 1.3981476 9.929871
-0.45103455 1.2291412 11.505676
0.6820221 1.4029083 8.7039795
0.8129425 -0.48234558 8.658752
1.5651398 -1.1298065 9.694214
1.3818512 -0.69895935 9.960815
0.7320099 0.10798645 10.18219
0.027420044 0.52931213 10.125061
-0.35343933 0.54359436 10.101257
-0.0059051514 0.27223206 9.6918335
0.6058502 -0.27287292 9.453796
1.3009186 -0.5775604 9.327637
1.5294342 -0.58470154 9.453796
1.2771149 -0.36332703 9.618042
0.66059875 -0.17527771 9.827515
0.07978821 -0.080062866 9.727539
-0.2582245 -0.16575623 9.877502
-0.08683777 -0.22764587 10.1345825
0.1131134 0.35316467 10.044128
0.27497864 0.67689514 9.503784
0.47969055 0.44599915 8.892029
1.3152008 -0.058639526 8.875366
2.0364532 0.10560608 9.637085
1.6294098 0.6078644 10.977234
0.2868805 1.2029572 10.363098
-1.3484344 2.1074982 10.160767
-2.1053925 1.8980255 9.982239
-1.3817596 0.81495667 9.729919
0.005996704 0.38648987 9.515686
1.3318634 0.17225647 9.641846
1.8722076 0.053237915 9.689453
1.3532867 -0.5608978 9.299072
0.7796173 -0.87272644 9.429993
0.28211975 -0.5394745 9.813232
-0.0677948 -0.11338806 9.941772
-0.18205261 0.34840393 9.815613
-0.04637146 0.52931213 9.703735
0.28450012 -0.08958435 9.632324
0.5844269 -0.25144958 9.618042
0.5391998 0.10084534 9.789429
0.23927307 0.65309143 9.841797
-0.14396667 0.9934845 9.941772
-0.3153534 1.195816 10.510681
-0.48435974 1.0077667 10.048889
-0.5962372 0.6411896 9.841797
-0.8604584 -0.3657074 9.858459
-0.86997986 -0.6680145 9.675171
-0.81999207 -0.3323822 9.549011
-0.4962616 -0.27763367 9.139587
0.46302795 0.6388092 9.782288
1.155716 1.1934357 10.322632
0.3939972 0.5816803 9.049133
0.2202301 -1.4440155 9.596619
0.67726135 -1.8367767 9.470459
0.951004 -0.9441376 9.944153
0.94862366 0.34126282 9.956055
0.75105286 1.1815338 9.782288
0.76771545 1.2672272 9.549011
1.0557404 0.5174103 9.696594
1.1604767 -0.15385437 9.86084
0.8153229 -0.14671326 9.975098
0.37019348 0.19606018 9.889404
0.029800415 0.6150055 9.867981
0.0012359619 0.48646545 9.851318
0.24165344 0.28651428 9.7751465
0.3844757 0.06990051 9.789429
0.52967834 0.11512756 9.646606
0.527298 0.072280884 9.822754
0.21784973 0.27223206 9.715637
-0.11778259 0.39363098 9.565674
-0.010665894 0.20082092 9.682312
-0.18205261 0.14369202 9.791809
-0.19395447 0.33174133 9.846558
-0.19871521 0.45314026 9.753723
0.027420044 0.3841095 9.763245
0.12263489 0.5150299 9.770386
0.24165344 1.0006256 9.725159
0.29878235 1.1981964 9.684692
0.34877014 0.9339752 9.801331
0.13929749 0.5983429 9.879883
0.13215637 0.1698761 9.748962
0.16786194 -0.04673767 9.665649
0.2202301 -0.14433289 9.684692
0.09169006 -0.04197693 9.753723
-0.039230347 -0.034835815 10.122681
-0.08683777 0.41505432 9.875122
-0.26060486 0.7768707 9.232422
-0.30821228 0.4007721 9.98938
-0.6367035 0.82447815 9.444275
-1.0389862 -0.013412476 10.267883
-1.0009003 -0.5132904 9.875122
-0.98661804 0.077041626 9.627563
-0.09397888 1.3386383 8.761108
-0.8509369 2.3217316 8.680176
-0.7414398 1.7361603 9.820374
-0.248703 1.1196442 10.346436
-0.43199158 0.6316681 10.339294
-0.6009979 0.17225647 10.039368
-0.47721863 0.10560608 10.122681
-0.21775818 0.25080872 9.370483
0.1131134 -0.25382996 9.389526
0.2868805 0.43171692 9.684692
0.010757446 0.71022034 9.696594
-0.08683777 0.56977844 9.932251
-0.103500366 0.9911041 9.998901
-0.09635925 1.7504425 9.901306
0.25831604 1.8408966 9.725159
0.5582428 1.4624176 10.046509
0.508255 1.1910553 9.737061
0.38923645 1.2196198 9.587097
0.02027893 1.6861725 10.24408
-0.7533417 0.7459259 9.882263
-1.0913544 -0.06578064 9.884644
-1.0009003 -0.36808777 8.913452
-0.51768494 0.008010864 9.639465
-0.6200409 0.9934845 9.891785
-0.6128998 1.1839142 10.43927
-0.7176361 0.45552063 9.887024
-0.5105438 0.005630493 9.518066
-0.24394226 -0.037216187 9.549011
-0.008285522 -0.23954773 9.499023
0.37019348 -0.13005066 9.256226
0.79389954 0.034194946 9.47522
1.034317 0.47694397 9.598999
0.822464 1.1553497 9.515686
0.7724762 1.4171906 9.913208
0.6391754 1.1743927 9.948914
0.3678131 0.85780334 10.05603
0.41304016 0.541214 9.867981
0.62013245 0.4340973 9.739441
0.8438873 0.4983673 9.434753
0.9129181 0.31983948 9.258606
0.6796417 0.14369202 9.682312
0.14167786 0.29603577 9.713257
-0.332016 0.5554962 9.970337
-0.6843109 0.7483063 9.994141
-0.54862976 0.5340729 9.970337
-0.09397888 0.19367981 9.858459
0.1869049 0.20796204 9.746582
0.35829163 0.17225647 9.529968
0.42970276 -0.28001404 9.3966675
0.3368683 -0.6037445 9.620422
0.18452454 -0.101486206 9.696594
-0.04399109 0.46028137 9.865601
0.010757446 0.7959137 9.79895
0.16786194 0.6150055 9.901306
0.2535553 0.39601135 9.784668
0.24403381 0.60072327 9.663269
0.1464386 0.71022034 9.675171
0.072647095 0.4412384 9.841797
-0.032089233 0.31269836 9.772766
-0.17253113 0.47218323 9.901306
-0.2082367 0.669754 9.791809
-0.015426636 0.5650177 9.865601
0.2202301 0.5174103 9.66803
0.40351868 0.5316925 9.610901
0.46302795 0.54597473 9.779907
0.33924866 0.5721588 9.977478
0.20118713 0.7030792 9.970337
0.094070435 0.72450256 9.98938
0.06788635 0.7221222 9.744202
0.115493774 0.60310364 9.508545
0.2035675 0.22462463 9.522827
0.12739563 -0.09196472 9.718018
-0.079696655 -0.013412476 9.60376
-0.37010193 -0.0110321045 9.887024
-0.62480164 -0.13957214 9.948914
-0.4296112 -0.008651733 9.618042
-0.13444519 0.9125519 9.646606
0.075027466 1.2910309 10.608276
-0.124923706 0.9744415 9.901306
-0.248703 -0.33952332 9.472839
-0.4462738 -0.42997742 9.225281
-0.49864197 0.7768707 9.077698
-0.3058319 1.7575836 9.4776
-0.079696655 1.6480865 9.651367
0.075027466 1.0172882 9.951294
0.048843384 0.77211 10.198853
-0.15348816 0.81495667 9.913208
-0.2582245 0.9339752 9.977478
-0.20585632 0.6792755 10.05365
-0.18919373 0.4912262 9.256226
-0.058273315 -0.0110321045 9.620422
0.17262268 0.10084534 9.875122
0.15357971 0.5650177 10.029846
0.17024231 1.1006012 9.641846
0.4416046 0.75068665 9.294312
0.70106506 0.24842834 9.765625
0.77485657 0.7459259 9.806091
0.33924866 1.4076691 9.813232
0.22499084 1.5433502 9.565674
0.3678131 1.7313995 9.589478
0.1464386 1.7861481 9.879883
-0.41770935 1.1553497 9.822754
-0.8914032 -0.058639526 10.032227
-0.49864197 -0.31095886 9.451416
-0.0035247803 0.61738586 9.529968
-0.37724304 1.067276 9.8394165
-0.5724335 0.42933655 9.872742
-0.5367279 0.27223206 10.125061
0.3202057 0.9101715 9.865601
1.3509064 1.1148834 9.47998
1.829361 0.28889465 9.589478
2.2602081 0.23414612 9.132446
2.4077911 0.5650177 9.291931
2.131668 1.0149078 9.625183
1.3390045 0.97206116 9.532349
0.3368683 0.36506653 10.315491
-0.92948914 -0.4561615 10.163147
-0.2653656 0.21510315 9.60614
0.5415802 0.76734924 9.7561035
0.9533844 0.3341217 9.679932
0.91529846 0.310318 9.560913
1.015274 0.7863922 9.4776
1.1652374 1.2743683 9.53949
1.0200348 1.0244293 9.41095
0.5844269 -0.049118042 9.901306
-0.20585632 -0.33714294 9.941772
-1.1389618 0.51979065 10.201233
-0.62242126 1.4195709 9.851318
0.3678131 1.4290924 9.934631
0.46302795 0.89826965 9.660889
0.21784973 0.119888306 9.575195
0.23213196 -0.015792847 9.653748
0.37257385 0.51264954 9.832275
0.3511505 1.1553497 9.960815
0.38923645 1.4148102 9.689453
0.5320587 0.7768707 9.527588
0.50349426 0.10084534 9.60376
0.31544495 -0.35142517 9.491882
0.13691711 -0.4394989 9.589478
-0.04399109 0.5650177 9.856079
-0.04399109 2.0836945 9.9227295
0.05836487 2.5978546 9.932251
0.10597229 1.9194489 9.844177
-0.008285522 1.5409698 9.86084
0.05836487 1.3672028 9.791809
0.12025452 1.7052155 9.856079
0.13215637 1.5433502 9.906067
-0.055892944 0.67689514 9.822754
-0.18205261 -0.15623474 9.7561035
-0.2891693 -0.46092224 9.894165
-0.34391785 -0.45854187 9.620422
-0.08921814 -0.42759705 9.296692
0.22499084 -0.42759705 9.587097
0.24403381 -0.19432068 9.465698
0.16786194 -0.13243103 9.463318
0.06312561 -0.30381775 9.610901
0.04170227 -0.43473816 9.715637
-0.010665894 -0.21336365 9.594238
0.14881897 0.30793762 9.741821
0.26783752 0.6554718 9.837036
0.22975159 0.62690735 9.610901
0.21546936 0.3507843 9.694214
0.1131134 0.5745392 9.689453
0.013137817 1.112503 9.720398
-0.02494812 1.4719391 10.208374
-0.13444519 1.7932892 10.098877
-0.053512573 1.8194733 9.784668
0.16072083 1.2386627 9.563293
0.35353088 0.6150055 9.632324
0.13691711 0.66737366 9.698975
-0.14634705 0.8625641 9.694214
-0.11778259 1.2100983 9.829895
-0.08207703 1.5028839 9.865601
0.14167786 1.4029083 9.698975
0.19880676 1.0815582 9.598999
0.2202301 0.7863922 9.665649
0.029800415 0.6078644 9.725159
-0.12730408 0.6459503 9.665649
-0.11778259 0.6721344 9.770386
0.032180786 0.54597473 9.575195
0.16548157 0.78401184 9.648987
0.13929749 0.9173126 9.684692
0.08454895 0.83161926 9.713257
0.09883118 0.80781555 9.620422
0.2202301 0.7459259 9.770386
0.20594788 0.7935333 9.679932
0.13215637 0.83638 9.648987
0.1464386 0.81733704 9.537109
0.094070435 0.76734924 9.720398
-0.04875183 0.8601837 9.679932
-0.13206482 1.0625153 9.706116
-0.04399109 1.1910553 9.696594
0.032180786 1.2815094 9.713257
-0.14396667 1.2553253 9.698975
-0.2082367 1.0172882 9.722778
-0.09159851 0.78401184 9.684692
-0.058273315 0.65309143 9.637085
-0.029708862 0.624527 9.598999
-0.103500366 0.753067 9.584717
-0.11302185 0.6150055 9.506165
-0.010665894 0.63404846 9.770386
-0.010665894 0.8673248 9.801331
0.10359192 0.9101715 9.718018
0.17024231 1.2410431 9.784668
0.048843384 1.3933868 9.820374
0.003616333 1.2315216 9.729919
0.08930969 0.8125763 10.167908
-0.10826111 1.0410919 9.851318
0.01789856 1.6195221 9.503784
-0.010665894 1.5790558 9.741821
-0.051132202 0.98158264 9.687073
0.008377075 0.37220764 10.1345825
-0.010665894 0.35792542 9.817993
-0.22489929 0.32936096 8.927734
-0.44389343 -0.45378113 9.958435
-0.8318939 0.42695618 9.637085
-1.0746918 0.2603302 10.032227
-0.65812683 -0.73942566 9.325256
-0.56529236 0.3436432 9.337158
-0.8009491 2.6740265 9.360962
-0.84617615 3.266739 9.268127
-0.39390564 2.7978058 9.806091
-0.15348816 1.971817 9.977478
-0.1915741 1.7171173 9.858459
-0.34391785 1.5576324 9.932251
-0.3558197 1.5980988 9.527588
-0.2986908 2.0694122 9.722778
-0.28678894 1.843277 9.6085205
-0.16062927 1.4576569 9.687073
-0.16539001 1.5362091 9.679932
-0.124923706 1.4505157 9.632324
-0.058273315 1.0196686 9.634705
0.032180786 0.6578522 9.720398
0.14405823 0.6816559 9.579956
0.1131134 0.66737366 9.437134
0.15357971 0.7316437 9.577576
0.094070435 0.90065 9.565674
0.0155181885 1.1267853 9.589478
-0.09397888 1.3505402 9.720398
-0.16062927 1.4886017 9.944153
-0.3153534 1.6647491 9.760864
-0.101119995 1.4719391 9.820374
-0.039230347 1.2934113 9.682312
-0.0844574 1.1791534 9.656128
-0.120162964 1.2196198 9.675171
-0.120162964 1.0625153 9.713257
-0.098739624 0.983963 9.625183
-0.022567749 1.0982208 9.67041
-0.032089233 1.3362579 9.6085205
0.046463013 1.2838898 9.613281
-0.04399109 1.0886993 9.708496
-0.14634705 1.0958405 9.644226
-0.23442078 1.2196198 9.663269
-0.013046265 1.3195953 9.737061
0.06788635 1.1363068 9.920349
-0.015426636 0.919693 9.591858
-0.19633484 0.83161926 9.651367
-0.16539001 1.7433014 9.967957
-0.13206482 2.6668854 10.232178
-0.11540222 2.5788116 10.386902
-0.33439636 1.2291412 10.998657
-0.27012634 1.3053131 10.336914
-0.35343933 1.9289703 10.4487915
1.1247711 2.959671 10.263123
Time Stop = 4865
