Time Start = 839
-5.449814 -1.9700775 8.056519
-5.4879 -2.0295868 8.104126
-5.661667 -1.9367523 8.199341
-5.7116547 -1.8558197 7.9136963
-5.5616913 -2.0867157 7.2805176
-5.8330536 -2.8674774 7.378113
-5.2236786 -1.5915985 7.430481
-4.4286346 -1.9510345 7.9613037
-6.4495697 -1.5463715 7.842285
-6.0449066 -1.6058807 7.4661865
-5.3260345 -1.5439911 7.573303
-5.3641205 -1.3726044 7.525696
-5.6140594 -1.5392303 7.5423584
-5.7687836 -1.8462982 7.8637085
-5.9044647 -1.7986908 8.046997
-5.899704 -1.8653412 8.037476
-5.9473114 -2.1747894 7.823242
-6.161545 -2.5151825 7.675659
-6.1210785 -2.6960907 7.720886
-5.9877777 -2.7270355 7.904175
-5.944931 -2.762741 8.201721
-5.8830414 -2.7841644 8.287415
-5.7616425 -2.8722382 8.249329
-5.55217 -2.960312 8.458801
-5.3569794 -3.107895 8.749207
-5.3117523 -3.243576 8.872986
-5.2427216 -3.2388153 8.970581
-5.1475067 -3.2411957 9.122925
-5.1594086 -3.288803 9.330017
-5.090378 -3.403061 9.491882
-5.240341 -3.538742 9.463318
-5.161789 -3.2911835 9.206238
-4.8975677 -3.3602142 8.932495
-4.9475555 -3.3887787 8.532593
-5.2165375 -3.1816864 8.039856
-5.4974213 -2.7960663 7.8779907
-5.6521454 -2.4009247 7.6899414
-5.849716 -2.2652435 7.4471436
-5.9925385 -2.350937 7.4971313
-6.1520233 -2.1676483 7.8898926
-5.9211273 -2.0105438 8.13031
-5.687851 -2.396164 8.19696
-5.8116302 -2.3271332 7.8756104
-6.1067963 -2.3699799 7.9351196
-6.1734467 -2.1747894 7.763733
-6.1972504 -2.0605316 7.585205
-6.3448334 -1.9510345 7.290039
-6.547165 -1.8010712 7.025818
-6.7733 -1.8986664 6.704468
-6.7733 -2.1152802 6.59021
-6.5328827 -2.2009735 6.487854
-6.5066986 -2.0129242 6.840149
-6.4091034 -2.0795746 7.6066284
-6.1210785 -2.550888 7.3709717
-6.0377655 -2.4961395 7.854187
-6.0687103 -2.4580536 7.7351685
-6.2996063 -2.2604828 7.9160767
-6.470993 -2.3342743 7.804199
-6.19487 -2.6651459 7.892273
-6.32341 -2.6508636 8.382629
-6.2758026 -2.415207 7.4138184
-7.489792 -3.0102997 8.856323
-6.8732758 -3.1459808 8.482605
-6.623337 -3.633957 8.32074
-6.9113617 -3.686325 8.206482
-6.978012 -3.4149628 7.789917
-6.687607 -3.4411469 7.1853027
-6.4995575 -3.2769012 6.1522217
-6.70903 -3.224533 5.9141846
-6.6423798 -3.486374 6.249817
-6.459091 -3.6196747 6.4640503
-5.3641205 -3.4649506 6.5735474
-4.942795 -3.172165 6.9282227
-4.9285126 -3.3292694 7.0424805
-5.4593353 -3.281662 7.0162964
-5.687851 -2.910324 6.880615
-5.157028 -2.7222748 7.0496216
-4.859482 -2.8960419 7.3685913
-5.2046356 -2.6937103 7.006775
-6.406723 -2.6841888 7.1257935
-7.246994 -2.653244 7.839905
-7.1613007 -2.6746674 8.201721
-7.1422577 -2.6651459 8.592102
-6.8447113 -2.6032562 8.335022
-6.585251 -2.9912567 7.656616
-6.611435 -3.4530487 7.0162964
-6.5066986 -3.7148895 6.4664307
-6.413864 -3.698227 6.0927124
-6.380539 -3.3102264 6.2593384
-6.059189 -2.9317474 6.442627
-6.0449066 -3.2483368 6.423584
-5.9925385 -3.5220795 6.7734985
-5.9853973 -3.6744232 7.430481
-5.8140106 -3.3173676 7.828003
-5.649765 -3.1245575 8.13031
-5.5878754 -3.410202 7.9470215
-5.766403 -3.6887054 7.8779907
-5.868759 -3.4982758 7.7661133
-5.849716 -3.20549 7.7351685
-5.702133 -2.857956 7.642334
-5.475998 -2.6770477 8.06842
-5.509323 -1.9058075 8.335022
-5.2355804 -1.5796967 8.404053
-5.047531 -1.8367767 8.542114
-4.6904755 -2.0010223 8.77063
-4.252487 -2.0272064 8.946777
-4.1263275 -1.7844086 9.03009
-4.1525116 -1.6725311 8.868225
-4.340561 -1.9581757 8.418335
-4.4405365 -2.1581268 8.287415
-4.6071625 -1.8415375 8.575439
-4.9523163 -1.6177826 8.799194
-5.0165863 -1.6963348 8.9348755
-5.218918 -2.0581512 8.8349
-5.630722 -2.5532684 8.6206665
-5.835434 -2.8603363 8.182678
-5.930649 -3.1555023 7.9779663
-6.202011 -3.2483368 7.649475
-6.720932 -3.1436005 7.559021
-7.035141 -3.1007538 7.1019897
-7.232712 -2.967453 7.0877075
-7.337448 -3.3816376 6.5616455
-7.1422577 -3.4411469 6.621155
-7.2874603 -3.2840424 7.013916
-7.7635345 -3.7196503 6.5116577
-7.6802216 -3.8672333 6.514038
-7.3969574 -3.5934906 6.8615723
-7.344589 -3.467331 7.1400757
-7.1874847 -3.384018 7.0115356
-6.83519 -3.4340057 6.899658
-6.1663055 -3.3221283 6.7092285
-5.7616425 -3.4411469 6.7401733
-5.771164 -2.94841 6.8877563
-5.7997284 -2.005783 7.5352173
-5.597397 -1.434494 8.044617
-5.176071 -1.6154022 8.570679
-4.757126 -2.4699554 8.399292
-4.5381317 -2.903183 7.8065796
-4.669052 -2.127182 7.8637085
-5.0618134 -1.6058807 7.770874
-5.111801 -2.1700287 7.36145
-5.3307953 -3.2578583 6.9972534
-6.266281 -3.557785 7.259094
-6.9803925 -2.8508148 7.944641
-6.7494965 -3.0817108 8.299316
-6.399582 -3.4578094 8.296936
-6.540024 -3.6315765 8.51355
-6.751877 -3.750595 8.468323
-6.854233 -3.467331 8.182678
-6.604294 -3.429245 7.839905
-6.5519257 -3.6649017 6.8758545
-6.792343 -3.3768768 6.4093018
-6.8328094 -3.633957 6.354553
-6.5947723 -3.3173676 7.021057
-6.456711 -3.5149384 7.2162476
-6.187729 -3.5363617 7.2210083
-5.8973236 -2.876999 7.4923706
-5.5045624 -2.653244 7.80896
-5.252243 -2.7413177 7.7542114
-5.335556 -2.698471 7.839905
-5.385544 -2.5342255 7.911316
-5.221298 -2.6127777 7.8184814
-5.0046844 -2.7865448 7.7113647
-4.949936 -2.6865692 7.5756836
-4.878525 -2.5128021 7.739929
-4.8451996 -2.4199677 7.8113403
-4.91185 -2.3271332 7.8827515
-5.1522675 -2.365219 7.835144
-5.240341 -2.6103973 7.951782
-5.1189423 -2.7651215 8.006531
-5.176071 -2.9436493 8.044617
-5.406967 -2.8055878 8.166016
-5.514084 -2.7008514 8.396912
-5.559311 -2.7889252 8.304077
-5.5831146 -3.069809 8.185059
-5.7568817 -3.1316986 7.887512
-6.1353607 -2.6603851 7.7613525
-6.1544037 -2.4723358 7.720886
-5.861618 -3.0269623 7.835144
-5.830673 -3.5244598 7.789917
-5.8568573 -3.3792572 7.9160767
-5.8830414 -3.2673798 7.68042
-5.804489 -3.2031097 7.720886
-5.630722 -3.1864471 7.8565674
-5.5831146 -3.1126556 7.6066284
-5.8140106 -2.8246307 7.501892
-6.0948944 -2.6199188 7.706604
-6.309128 -2.4390106 7.904175
-6.00206 -2.7508392 8.280273
-6.25914 -2.4342499 7.520935
-7.201767 -3.2911835 8.77301
-6.5638275 -3.2840424 8.673035
-6.311508 -3.2411957 8.927734
-6.561447 -3.1174164 8.70636
-6.4733734 -3.0602875 7.923218
-6.137741 -3.1031342 7.2019653
-5.6640472 -3.0174408 6.752075
-5.5450287 -2.8484344 6.6973267
-5.559311 -3.5530243 6.647339
-5.3712616 -3.7410736 6.873474
-4.842819 -3.724411 7.0758057
-4.9975433 -3.3364105 7.7113647
-5.702133 -3.2459564 7.7018433
-5.8592377 -3.4006805 7.6780396
-5.630722 -3.1816864 7.642334
-5.4617157 -3.0293427 7.7161255
-5.4331512 -3.0222015 7.589966
-5.6212006 -2.993637 7.5994873
-5.6259613 -3.1031342 7.7113647
-5.380783 -2.8960419 8.049377
-5.347458 -2.672287 8.332642
-5.4022064 -2.7794037 8.206482
-5.340317 -2.9365082 7.968445
-5.5117035 -3.2150116 7.475708
-5.5640717 -3.172165 7.078186
-5.4664764 -2.6222992 7.275757
-5.5640717 -2.3152313 7.630432
-5.714035 -2.2247772 7.9660645
-5.952072 -2.2652435 8.232666
-5.866379 -2.4342499 8.201721
-5.649765 -2.7222748 8.225525
-5.5236053 -2.8246307 8.275513
-5.585495 -2.5865936 8.146973
-5.5950165 -2.56279 8.0946045
-5.559311 -2.6413422 8.023193
-5.604538 -2.5604095 7.823242
-5.7092743 -2.5128021 7.5875854
-5.6473846 -2.6580048 7.6399536
-5.5497894 -2.8365326 7.7423096
-5.578354 -2.9531708 7.61615
-5.6450043 -2.588974 7.9398804
-5.8330536 -2.1747894 8.380249
-5.802109 -2.4366302 8.265991
-5.592636 -3.1388397 7.699463
-5.6640472 -3.2507172 7.2948
-5.835434 -2.8698578 7.1257935
-5.9544525 -2.9365082 7.1019897
-6.0330048 -2.974594 7.3685913
-5.9663544 -3.4530487 7.573303
-6.418625 -3.762497 7.778015
-7.09227 -3.5101776 7.80896
-7.246994 -3.5173187 7.9136963
-7.523117 -4.152878 8.658752
-7.239853 -4.4194794 8.649231
-7.087509 -4.4980316 8.51593
-6.989914 -4.0171967 8.38501
-6.735214 -3.2649994 7.925598
-6.432907 -2.8817596 7.48999
-5.971115 -2.5651703 7.0162964
-5.5307465 -2.3556976 6.4640503
-5.5688324 -2.7389374 6.6259155
-5.6331024 -3.0531464 6.711609
-5.899704 -3.2078705 7.4923706
-5.342697 -3.2649994 7.071045
-5.0570526 -2.7151337 7.135315
-5.2355804 -2.4294891 7.1257935
-5.3069916 -2.4913788 6.918701
-5.3950653 -2.5270844 6.852051
-5.3498383 -2.4437714 7.1138916
-5.36174 -2.2581024 7.1591187
-5.347458 -2.396164 7.1067505
-5.3141327 -2.5151825 7.3376465
-5.68309 -2.6175385 7.244812
-6.123459 -2.5770721 7.525696
-6.789963 -3.7220306 7.320984
-6.894699 -4.0600433 7.2352905
-7.144638 -3.936264 7.6518555
-7.316025 -3.486374 8.375488
-7.4993134 -3.3173676 8.668274
-7.5064545 -3.5720673 8.3064575
-7.068466 -3.852951 8.168396
-6.7304535 -3.936264 7.789917
-6.811386 -3.6958466 7.282898
-6.8399506 -3.9196014 7.032959
-6.5186005 -3.97435 7.237671
-6.3448334 -3.7410736 7.4400024
-6.0948944 -3.1959686 7.532837
-6.0520477 -3.0341034 7.397156
-6.0829926 -3.3959198 6.9544067
-6.035385 -3.4078217 6.5473633
-5.7687836 -3.3578339 6.290283
-5.5950165 -3.3768768 6.07605
-5.5640717 -3.4887543 6.1141357
-5.6973724 -3.2126312 6.0213013
-5.687851 -2.8365326 6.1760254
-5.597397 -2.5389862 6.521179
-5.4022064 -2.5770721 7.0186768
-5.3641205 -2.672287 7.399536
-5.411728 -3.0817108 7.61615
-5.55217 -3.1650238 7.5828247
-5.4402924 -3.069809 7.782776
-5.2998505 -3.0483856 7.963684
-5.2879486 -2.941269 8.161255
-5.2427216 -2.7794037 8.427856
-5.0380096 -2.8317719 8.70636
-5.0641937 -2.8936615 8.463562
-5.1903534 -2.8341522 8.727783
-5.1665497 -2.6222992 9.115784
-5.0189667 -2.3437958 9.032471
-4.7547455 -2.3818817 8.7039795
-4.6523895 -2.7151337 8.163635
-4.8571014 -3.391159 7.444763
-5.2236786 -3.4459076 7.5542603
-5.387924 -2.8793793 7.9327393
-5.180832 -2.7460785 8.375488
-5.1332245 -2.7270355 8.282654
-5.373642 -2.5413666 8.235046
-5.4998016 -2.460434 8.135071
-5.8259125 -2.8293915 7.782776
-6.504318 -2.1367035 6.7282715
-7.6421356 -2.8817596 6.6449585
-8.2443695 -4.0029144 7.770874
-7.8016205 -4.0362396 8.346924
-7.8539886 -3.4958954 9.256226
-7.906357 -3.288803 9.080078
-7.425522 -3.4887543 8.13269
-6.96373 -3.9124603 6.97583
-6.854233 -4.1766815 5.928467
-6.9161224 -4.5504 4.8025513
-6.554306 -4.219528 4.3359985
-6.078232 -4.4599457 5.5785522
-5.540268 -4.405197 6.52594
-5.6450043 -4.2599945 7.8256226
-5.559311 -3.7315521 8.477844
-5.1641693 -3.2864227 8.744446
-4.6785736 -2.88414 8.304077
-4.821396 -2.634201 7.789917
-5.1332245 -3.2221527 6.6330566
-5.014206 -2.88414 6.33313
-4.776169 -3.0031586 6.20459
-4.8951874 -2.8889008 6.8687134
-5.090378 -2.729416 7.1853027
-5.8830414 -2.49852 6.904419
-6.599533 -3.5054169 8.118408
-5.842575 -3.8434296 8.661133
-6.2567596 -3.410202 9.929871
-6.406723 -2.865097 10.427368
-6.013962 -2.8960419 9.917969
-5.8520966 -3.1126556 9.239563
-5.93779 -3.3221283 8.399292
-5.997299 -3.2102509 7.775635
-5.9044647 -3.1221771 7.194824
-5.8592377 -3.2388153 6.999634
-5.9354095 -3.2792816 7.1186523
-5.702133 -3.4006805 7.2686157
-5.573593 -3.364975 7.544739
-5.7545013 -3.1674042 7.7994385
-5.5497894 -3.2530975 7.7803955
-5.3831635 -3.4435272 7.501892
-5.3307953 -3.5220795 7.313843
-5.4236298 -3.5863495 7.123413
-5.6021576 -3.391159 7.161499
-5.866379 -3.1745453 7.259094
-5.7735443 -3.2316742 7.3709717
-5.8759003 -3.1055145 7.494751
-5.887802 -2.94841 7.649475
-5.7306976 -2.9436493 7.6589966
-5.649765 -3.2007294 7.270996
-5.7283173 -3.3102264 7.0805664
-5.8639984 -3.1507416 7.3067017
-6.104416 -3.0460052 7.5637817
-6.1663055 -2.9150848 7.5423584
-5.8830414 -2.8222504 7.6328125
-5.661667 -2.8627167 7.7922974
-5.74736 -2.876999 7.8565674
-5.944931 -2.7508392 7.80896
-5.887802 -2.6651459 7.8446655
-5.868759 -2.5556488 7.8898926
-5.785446 -2.6580048 8.020813
-5.759262 -2.865097 8.037476
-5.816391 -2.9555511 7.911316
-5.9425507 -2.8793793 7.789917
-5.9663544 -2.7984467 7.7613525
-5.816391 -2.7675018 7.6780396
-5.8639984 -2.7579803 7.7542114
-5.9235077 -2.762741 7.7494507
-5.849716 -2.8079681 7.6851807
-6.013962 -2.8436737 7.6589966
-5.978256 -2.8936615 7.737549
-6.0306244 -2.922226 7.804199
-5.9211273 -2.9983978 7.6899414
-5.8568573 -3.0031586 7.7922974
-5.849716 -2.9817352 7.7423096
-5.8830414 -2.9531708 7.7304077
-5.802109 -2.9246063 7.7542114
-5.759262 -2.941269 7.804199
-5.74498 -3.0198212 7.720886
-5.828293 -2.8889008 7.649475
-6.061569 -2.7389374 7.5637817
-6.0568085 -2.846054 7.509033
-6.009201 -3.031723 7.509033
-6.0758514 -3.107895 7.347168
-6.125839 -3.1483612 7.5566406
-6.1710663 -3.1221771 7.8970337
-6.1853485 -3.0222015 8.054138
-6.1091766 -3.0412445 8.180298
-5.8854218 -2.993637 8.277893
-5.933029 -2.910324 8.051758
-6.009201 -3.1126556 7.6899414
-5.906845 -3.319748 7.3900146
-5.699753 -3.0864716 7.4400024
-5.7306976 -2.9579315 7.6780396
-5.759262 -3.0150604 7.725647
-5.7616425 -3.1245575 7.751831
-5.74736 -3.2578583 7.694702
-5.699753 -3.1102753 7.6661377
-5.449814 -3.1245575 7.6256714
-5.4355316 -3.1864471 7.5304565
-5.668808 -3.1293182 7.5542603
-5.7806854 -2.974594 7.5875854
-5.7806854 -3.0079193 7.4995117
-5.5807343 -3.0174408 7.3447876
-5.4093475 -3.0341034 7.2210083
-5.559311 -3.1507416 7.2091064
-5.5450287 -3.1102753 7.316223
-5.4093475 -3.0674286 7.48761
-5.2760468 -2.9793549 7.5042725
-5.0308685 -2.8531952 7.5352173
-4.9213715 -2.7198944 7.5947266
-4.9999237 -2.717514 7.8256226
-5.111801 -2.5984955 7.8065796
-5.290329 -2.596115 7.970825
-5.5236053 -3.172165 7.8184814
-5.661667 -3.78154 7.532837
-6.099655 -4.219528 7.23291
-6.6328583 -4.367111 7.661377
-6.5971527 -3.5339813 8.808716
-6.4947968 -2.8341522 9.099121
-6.6661835 -3.0721893 8.853943
-6.9994354 -3.3673553 8.342163
-6.7233124 -3.1626434 7.9779663
-6.047287 -3.2078705 7.8898926
-5.975876 -3.6363373 7.463806
-6.501938 -3.5077972 7.5685425
-6.456711 -3.1888275 8.125549
-5.6711884 -3.3578339 8.401672
-5.2284393 -3.4411469 8.25885
-5.430771 -2.8984222 8.299316
-5.36174 -2.49852 8.311218
-5.1141815 -2.7508392 7.7946777
-5.033249 -2.9365082 7.078186
-4.9332733 -3.0721893 6.687805
-5.0046844 -2.7270355 6.585449
-5.0546722 -2.3723602 6.878235
-5.0832367 -2.1819305 7.3257446
-5.052292 -2.3461761 7.3757324
-5.192734 -2.6699066 7.335266
-5.2736664 -2.8984222 7.692322
-5.2046356 -3.3126068 7.5304565
-5.157028 -3.8053436 7.380493
-5.1332245 -3.6529999 7.2876587
-5.3307953 -3.0031586 7.7613525
-5.5236053 -3.0460052 7.982727
-5.4736176 -3.0174408 7.9993896
-5.578354 -2.7389374 8.056519
-5.9734955 -2.3556976 7.7875366
-6.1734467 -2.2319183 7.6137695
-6.097275 -3.14122 8.244568
-5.668808 -3.4340057 8.118408
-5.933029 -3.4601898 8.7872925
-6.0258636 -3.6053925 9.191956
-5.8259125 -3.1388397 8.658752
-6.0306244 -2.8627167 8.315979
-6.054428 -3.4530487 8.44928
-5.978256 -3.3149872 8.235046
-6.0377655 -3.1959686 8.442139
-5.9473114 -2.8960419 8.206482
-5.7949677 -2.9698334 8.030334
-5.816391 -2.9341278 7.930359
-5.9211273 -2.903183 7.8827515
-6.078232 -3.3697357 7.4709473
-5.892563 -3.1436005 6.885376
-5.7949677 -3.0222015 7.501892
-5.642624 -2.7413177 7.3043213
-5.6521454 -2.293808 6.987732
-6.080612 -3.0793304 6.7973022
-6.1734467 -3.01268 6.961548
-6.125839 -3.0483856 7.111511
-5.997299 -3.1031342 7.013916
-6.061569 -3.1293182 7.097229
-6.2829437 -3.0007782 7.2495728
-6.1329803 -2.1747894 7.739929
-6.4352875 -2.1248016 7.4780884
-6.3019867 -2.5794525 7.7946777
-5.930649 -2.7651215 7.770874
-6.163925 -2.4628143 8.330261
-6.7733 -2.3556976 8.292175
-6.804245 -2.7341766 7.87323
-6.1091766 -3.1459808 7.528076
-5.714035 -3.0388641 7.3519287
-5.9425507 -3.069809 7.5352173
-6.0829926 -2.6770477 7.278137
-5.9877777 -2.3033295 7.2233887
-5.887802 -2.5723114 7.0115356
-5.963974 -2.8032074 6.7925415
-6.0639496 -2.698471 6.7925415
-6.0496674 -2.653244 6.8115845
-6.0258636 -2.8246307 7.2019653
-5.7949677 -2.8555756 7.213867
-5.7235565 -2.6770477 7.397156
Time Stop = 844
