Time Start = 1457234614
-9.298874 -3.576828 3.9622803
-9.279831 -4.110031 3.729004
-8.896591 -4.090988 3.9122925
-8.277695 -3.8481903 4.0979614
-7.92778 -3.6387177 4.224121
-7.9349213 -3.5363617 4.2717285
-8.189621 -3.660141 4.250305
-8.5585785 -3.8624725 4.212219
-8.703781 -4.0481415 4.0932007
-8.689499 -4.23143 4.0455933
-8.582382 -4.250473 4.102722
-8.518112 -4.1885834 4.133667
-8.368149 -4.019577 4.107483
-8.363388 -3.8434296 4.114624
-8.425278 -3.6172943 3.9765625
-8.403854 -3.595871 4.0741577
-8.403854 -3.660141 4.2860107
-8.361008 -3.7410736 4.3859863
-8.220566 -3.84581 4.505005
-8.24913 -3.9695892 4.5359497
-8.24675 -4.0290985 4.2979126
-8.31102 -4.031479 4.383606
-8.353867 -4.045761 4.1622314
-8.43718 -4.1814423 4.1098633
-8.472885 -4.1576385 4.0860596
-8.484787 -4.140976 4.0075073
-8.43956 -4.045761 4.0217896
-8.494308 -3.9672089 4.171753
-8.596664 -4.1052704 4.3407593
-8.6418915 -4.1005096 4.3550415
-8.69664 -4.1623993 4.164612
-8.732346 -4.0410004 4.017029
-8.734726 -3.9505463 3.9170532
-8.651413 -3.814865 3.9265747
-8.665695 -3.7648773 3.9741821
-8.63237 -3.7291718 4.017029
-8.582382 -3.698227 4.0479736
-8.560959 -3.7148895 4.140808
-8.5681 -4.0148163 4.4121704
-8.665695 -4.467087 4.3621826
-8.965622 -5.06456 4.1051025
-9.2108 -5.7215424 3.736145
-9.565475 -6.2880707 3.7837524
-9.970139 -6.9212494 4.15271
-10.3033905 -7.5568085 4.7644653
-10.565231 -7.95195 5.0025024
-10.910385 -8.032883 4.807312
-11.276962 -8.351852 3.607605
-11.876816 -9.403976 3.4243164
-12.083908 -10.684616 4.231262
-11.353134 -11.241623 5.654724
-9.839218 -10.596542 7.373352
-7.965866 -9.10643 9.225281
-6.6090546 -7.5829926 10.003662
-5.687851 -6.135727 10.24646
-5.509323 -5.076462 10.358337
-4.988022 -4.5242157 9.60614
-4.0930023 -4.5599213 9.001526
-3.5026703 -4.674179 8.154114
-3.2432098 -4.788437 7.316223
-2.8480682 -4.9003143 7.1567383
-2.595749 -4.6313324 6.706848
-2.629074 -4.383774 6.6187744
-2.2196503 -3.936264 7.082947
-1.5341034 -2.9793549 6.885376
-1.7649994 -2.2961884 7.275757
-1.974472 -2.1057587 7.68042
-1.6888275 -2.581833 7.463806
-1.653122 -3.236435 7.301941
-1.5102997 -3.7458344 7.525696
-1.153244 -3.595871 7.547119
-0.8890228 -2.781784 7.4209595
-0.96281433 -2.2533417 7.1257935
-1.0913544 -2.2723846 7.0043945
-1.3032074 -2.5770721 7.29718
-1.5912323 -3.2102509 6.994873
-2.1053925 -3.550644 6.5997314
-2.5267181 -3.01268 5.961792
-2.7385712 -2.127182 6.040344
-2.7599945 -1.5582733 6.211731
-2.7004852 -1.6487274 6.33313
-2.814743 -2.0105438 6.2926636
-3.2336884 -2.9127045 6.8615723
-3.7097626 -4.0029144 7.975586
-3.9382782 -4.3813934 8.151733
-4.219162 -4.3433075 7.9160767
-4.564316 -3.9386444 7.509033
-4.7928314 -3.6768036 6.961548
-5.014206 -3.2935638 6.5045166
-5.271286 -2.7127533 6.040344
-5.5640717 -2.127182 5.366699
-5.828293 -2.0771942 4.8287354
-6.1901093 -2.49852 5.05249
-6.939926 -3.281662 5.8189697
-7.630234 -4.481369 5.6047363
-8.330063 -4.031479 4.8739624
-9.022751 -4.7217865 4.4526367
-8.856125 -4.5694427 4.2407837
-8.470505 -3.519699 3.9241943
-8.239609 -3.0912323 4.395508
-8.43956 -2.9579315 4.716858
-8.675217 -4.152878 4.8025513
-8.382431 -4.6527557 5.300049
-7.98967 -4.0743256 5.4571533
-7.8159027 -3.307846 5.3500366
-7.920639 -2.9127045 5.4571533
-8.346725 -2.6103973 5.1239014
-10.417648 -2.596115 4.633545
-12.743271 -1.3630829 6.3307495
-10.777084 0.6388092 6.2402954
-6.70665 0.39601135 7.573303
-5.7235565 -1.5082855 8.942017
-5.516464 -3.5649261 4.864441
-9.639267 -7.330673 5.609497
-11.786362 -6.3142548 5.345276
-9.855881 -3.9981537 7.3376465
-6.804245 -2.9769745 8.599243
-5.4736176 -3.5411224 9.472839
-8.972763 -6.071457 9.777527
-9.701157 -9.61821 8.496887
-4.026352 -3.0840912 11.472351
-4.78331 0.49598694 10.896301
-5.6473846 -1.9772186 8.822998
-5.259384 -3.8934174 9.234802
-4.840439 -3.9576874 9.439514
-4.5428925 -3.3673553 9.832275
-4.7666473 -2.9341278 8.972961
-4.9023285 -3.519699 8.273132
-4.790451 -3.4530487 7.885132
-4.821396 -3.550644 8.035095
-4.926132 -3.5411224 8.037476
-4.628586 -3.050766 8.51593
-4.6523895 -2.7984467 8.504028
-4.821396 -2.7508392 8.949158
-4.776169 -2.596115 8.799194
-4.688095 -2.7341766 8.675415
-4.392929 -2.993637 8.670654
-4.2024994 -2.4699554 8.96582
-4.483383 -2.248581 9.389526
-4.4786224 -2.0771942 9.718018
-4.283432 -2.467575 10.010803
-4.442917 -2.69133 9.291931
-4.5571747 -3.2007294 8.294556
-4.4072113 -3.3316498 8.137451
-4.3310394 -3.2792816 8.3897705
-4.257248 -3.2340546 9.394287
-4.309616 -1.0203094 10.060791
-4.688095 -0.93699646 9.363342
-5.2165375 -2.5009003 7.756592
-4.8499603 -3.4601898 8.039856
-4.2858124 -3.4125824 8.332642
-4.1763153 -3.2269135 8.661133
-4.457199 -2.94841 8.520691
-4.5928802 -2.1581268 8.646851
-4.8142548 -2.0962372 8.992004
-4.8832855 -2.024826 9.406189
-4.3953094 -2.0676727 9.127686
-4.578598 -3.2150116 8.120789
-4.942795 -3.3483124 8.044617
-4.692856 -2.596115 8.546875
-4.7666473 -2.7127533 8.801575
-4.795212 -2.127182 9.227661
-4.7880707 -1.5249481 9.34668
-5.052292 -2.2771454 8.656372
-5.0832367 -2.8317719 7.9375
-5.226059 -2.9174652 7.968445
-5.0189667 -2.9174652 8.251709
-4.907089 -3.0483856 8.465942
-4.926132 -3.3364105 8.713501
-4.7690277 -2.6127777 8.627808
-4.7928314 -2.3295135 8.265991
-5.354599 -2.717514 7.797058
-5.5045624 -2.653244 8.035095
-5.3593597 -2.5270844 8.532593
-5.3307953 -2.9983978 8.684937
-5.0570526 -3.2221527 8.742065
-4.8237762 -3.031723 8.5802
-5.1260834 -2.7984467 7.9422607
-5.675949 -2.4271088 7.5114136
-5.906845 -2.236679 7.6280518
-5.8782806 -2.7841644 8.051758
-5.630722 -3.4887543 8.354065
-5.1903534 -3.4816132 8.1588745
-5.2474823 -3.4125824 8.06366
-5.5307465 -3.288803 7.706604
-5.7568817 -3.0079193 7.430481
-5.8211517 -2.8341522 7.482849
-5.7925873 -3.179306 7.7304077
-5.668808 -3.3983002 8.032715
-5.4926605 -3.3935394 7.9208374
-5.571213 -3.2507172 7.7018433
-5.868759 -3.0983734 7.5352173
-6.1734467 -3.095993 7.5542603
-6.1353607 -2.9912567 7.5875854
-5.8901825 -3.1650238 7.9208374
-5.849716 -3.338791 8.0946045
-5.8711395 -3.1674042 7.8589478
-6.1163177 -3.1578827 7.3447876
-6.3519745 -3.3483124 7.2471924
-6.247238 -3.236435 6.880615
-6.021103 -3.5673065 7.161499
-5.8330536 -3.9505463 7.718506
-5.7806854 -3.8220062 7.6780396
-5.9734955 -3.6172943 7.468567
-6.206772 -3.6101532 7.430481
-6.2353363 -3.4958954 7.3376465
-6.206772 -3.6934662 7.6708984
-6.0901337 -3.7672577 7.7089844
-6.0258636 -3.769638 7.5875854
-6.2639008 -3.5292206 7.1638794
-6.459091 -3.448288 6.9329834
-6.528122 -3.5339813 7.063904
-6.437668 -3.6053925 7.173401
-6.2234344 -3.6506195 7.354309
-6.251999 -3.5458832 7.4400024
-6.3400726 -3.6458588 7.2424316
-6.4686127 -3.743454 7.263855
-6.4662323 -3.7363129 7.301941
-6.3829193 -3.788681 7.116272
-6.2948456 -3.8505707 6.9282227
-6.3376923 -3.8481903 6.7663574
-6.5519257 -3.8172455 6.4926147
-6.6852264 -3.8410492 6.6068726
-6.6614227 -3.9791107 6.942505
-6.4210052 -4.1766815 7.0115356
-6.2424774 -4.2528534 6.8568115
-6.2805634 -4.1576385 6.6449585
-6.25914 -3.91008 6.5045166
-6.1996307 -3.6506195 6.5092773
-6.1329803 -3.583969 6.6782837
-6.2377167 -3.8767548 6.7806396
-6.3019867 -4.2599945 6.661621
-6.5447845 -4.2338104 6.794922
-6.592392 -4.0029144 7.3233643
-6.392441 -3.8815155 7.7161255
-6.161545 -3.9957733 7.635193
-6.1472626 -3.9695892 7.2805176
-6.2948456 -3.7791595 6.9401245
-6.3781586 -3.7101288 6.78302
-6.4686127 -3.7220306 6.7663574
-6.3781586 -3.78154 7.0734253
-6.221054 -3.8101044 7.2400513
-6.240097 -3.9124603 7.218628
-6.3972015 -3.9672089 7.078186
-6.4019623 -4.000534 6.9853516
-6.225815 -4.007675 6.9734497
-6.1091766 -4.069565 6.878235
-6.125839 -4.16716 6.730652
-6.163925 -4.1909637 6.7973022
-6.0520477 -4.057663 6.916321
-6.225815 -4.069565 7.3519287
-6.059189 -4.000534 7.4352417
-6.092514 -3.8624725 7.4733276
-6.2162933 -3.9053192 7.399536
-6.2615204 -4.0433807 7.2400513
-6.2377167 -4.0171967 7.1900635
-6.240097 -3.833908 6.999634
-6.182968 -3.7339325 7.0401
-6.1020355 -3.8124847 7.111511
-6.06633 -3.97435 7.1019897
-6.0901337 -3.9672089 7.3519287
-6.1210785 -3.898178 7.342407
-6.225815 -4.000534 7.0924683
-6.2353363 -3.8838959 6.9782104
-6.1663055 -3.7767792 7.301941
-5.93779 -3.8124847 7.380493
-5.8568573 -4.1504974 7.623291
-5.8259125 -4.1243134 7.770874
-5.797348 -3.8362885 7.544739
-5.7806854 -3.6291962 7.5542603
-5.778305 -3.7410736 7.525696
-5.7949677 -3.9267426 7.397156
-5.8830414 -3.9910126 7.354309
-5.8973236 -4.050522 7.1138916
-5.9615936 -4.007675 6.835388
-5.9877777 -3.7910614 7.0567627
-5.7878265 -3.8124847 7.3876343
-5.6973724 -3.8101044 7.482849
-5.7568817 -3.9576874 7.528076
-5.80925 -3.9838715 7.6470947
-5.823532 -3.7458344 7.506653
-5.7354584 -3.6363373 7.3900146
-5.8116302 -3.6958466 7.5614014
-5.766403 -3.8410492 7.6661377
-5.699753 -3.750595 7.623291
-5.571213 -3.7148895 7.5161743
-5.635483 -3.807724 7.778015
-5.7092743 -3.7529755 7.906555
-5.718796 -3.614914 7.835144
-5.7116547 -3.5435028 7.6851807
-5.7045135 -3.569687 7.656616
-5.642624 -3.5934906 7.635193
-5.571213 -3.686325 7.7494507
-5.535507 -3.7577362 7.8898926
-5.6283417 -3.6696625 7.6375732
-5.592636 -3.5268402 7.539978
-5.5950165 -3.5173187 7.6470947
-5.5426483 -3.5292206 7.713745
-5.4974213 -3.5649261 7.725647
-5.468857 -3.6268158 7.6661377
-5.3712616 -3.6482391 7.7803955
-5.404587 -3.4816132 7.775635
-5.3712616 -3.512558 7.8184814
-5.4236298 -3.4578094 7.9327393
-5.49028 -3.4649506 8.085083
-5.5569305 -3.3578339 7.949402
-5.585495 -3.3030853 7.854187
-5.5259857 -3.2316742 7.8970337
-5.4212494 -3.2388153 7.842285
-5.4783783 -3.5173187 7.963684
-5.418869 -3.5601654 7.968445
-5.3831635 -3.5220795 7.7851563
-5.5236053 -3.5673065 7.80896
-5.464096 -3.4887543 7.823242
-5.3903046 -3.281662 7.74469
-5.4545746 -3.4197235 7.782776
-5.468857 -3.4958954 7.880371
-5.4164886 -3.3744965 7.8637085
-5.347458 -3.4054413 7.9017944
-5.456955 -3.512558 7.8327637
-5.49028 -3.410202 7.866089
-5.437912 -3.3030853 7.782776
-5.483139 -3.3887787 7.8589478
-5.5069427 -3.4054413 7.8565674
-5.5236053 -3.3340302 7.970825
-5.36174 -3.3173676 7.887512
-5.4974213 -3.4911346 7.918457
-5.528366 -3.5054169 7.8708496
-5.404587 -3.3316498 7.9351196
-5.4164886 -3.3983002 7.9327393
-5.4783783 -3.5292206 7.9589233
-5.456955 -3.4649506 7.835144
-5.4593353 -3.4530487 7.7994385
-5.4974213 -3.3935394 7.885132
-5.4879 -3.319748 7.770874
-5.4355316 -3.2697601 7.7875366
-5.4331512 -3.4054413 7.7494507
-5.4355316 -3.5411224 7.892273
-5.475998 -3.493515 8.013672
-5.437912 -3.3578339 7.9208374
-5.4807587 -3.3935394 7.8184814
-5.5045624 -3.4340057 7.7875366
-5.456955 -3.3411713 7.7161255
-5.4212494 -3.319748 7.801819
-5.4783783 -3.4316254 7.861328
-5.4998016 -3.410202 7.9422607
-5.4617157 -3.338791 7.930359
-5.399826 -3.307846 7.904175
-5.495041 -3.467331 7.9922485
-5.5378876 -3.4578094 7.968445
-5.483139 -3.3173676 7.925598
-5.4855194 -3.3411713 7.951782
-5.5259857 -3.3625946 7.835144
-5.437912 -3.384018 7.630432
-5.521225 -3.4982758 7.7613525
-5.4355316 -3.4792328 7.892273
-5.4545746 -3.3697357 7.994629
-5.449814 -3.3530731 8.189819
-5.4974213 -3.2578583 7.949402
-5.5688324 -3.364975 7.687561
-5.540268 -3.4387665 7.539978
-5.4879 -3.633957 7.692322
-5.445053 -3.595871 7.6399536
-5.4545746 -3.5720673 7.8303833
-5.4212494 -3.5244598 7.816101
-5.5236053 -3.3935394 7.7423096
-5.4617157 -3.3768768 7.8184814
-5.49028 -3.4125824 7.8494263
-5.483139 -3.4340057 7.9160767
-5.3903046 -3.4720917 7.8827515
-5.406967 -3.4816132 7.868469
-5.5902557 -3.448288 7.835144
-5.5426483 -3.2649994 7.8708496
-5.4926605 -3.2150116 7.7851563
-5.5259857 -3.3435516 7.7732544
-5.516464 -3.3816376 7.861328
-5.471237 -3.422104 7.8898926
-5.387924 -3.4506683 7.9422607
-5.502182 -3.4149628 7.770874
-5.456955 -3.4078217 7.7304077
-5.471237 -3.5244598 7.925598
-5.495041 -3.3935394 7.861328
-5.528366 -3.429245 7.8494263
-5.533127 -3.4340057 7.8565674
-5.4855194 -3.4649506 7.923218
-5.4355316 -3.5054169 7.8184814
-5.4236298 -3.3697357 7.7542114
-5.4783783 -3.3959198 7.801819
-5.5069427 -3.5006561 7.9589233
-5.5069427 -3.4792328 7.949402
-5.4807587 -3.3578339 7.9089355
-5.5759735 -3.345932 8.030334
-5.4783783 -3.3673553 7.9327393
-5.411728 -3.3435516 7.8518066
-5.468857 -3.3768768 7.7494507
-5.5188446 -3.4839935 7.694702
-5.495041 -3.3625946 7.74469
-5.4355316 -3.3340302 7.823242
-5.404587 -3.403061 7.8946533
-5.42601 -3.3411713 7.820862
-5.456955 -3.410202 7.7803955
-5.535507 -3.5030365 7.8184814
-5.514084 -3.493515 7.7684937
-5.4807587 -3.4792328 7.8375244
-5.4926605 -3.4887543 7.9160767
-5.5069427 -3.3863983 7.8494263
-5.5188446 -3.4506683 7.9089355
-5.483139 -3.4459076 7.8375244
-5.4807587 -3.3506927 7.668518
-5.4664764 -3.512558 7.8827515
-5.483139 -3.5268402 7.9375
-5.418869 -3.4506683 7.9136963
-5.4807587 -3.3578339 7.804199
-5.514084 -3.3673553 7.885132
-5.5426483 -3.4244843 7.8184814
-5.5450287 -3.3292694 7.6828003
-5.5259857 -3.364975 7.751831
-5.4974213 -3.5268402 7.885132
-5.4331512 -3.4435272 7.842285
-5.509323 -3.4316254 7.770874
-5.592636 -3.5792084 7.820862
-5.475998 -3.5054169 7.804199
-5.4141083 -3.3768768 7.868469
-5.4783783 -3.4173431 7.925598
-5.4879 -3.4601898 7.8303833
-5.5259857 -3.4340057 7.8327637
-5.5236053 -3.2840424 7.8184814
-5.5307465 -3.345932 7.751831
-5.5426483 -3.3887787 7.8565674
-5.456955 -3.4601898 7.8565674
-5.4355316 -3.3435516 7.758972
-5.5688324 -3.4197235 7.797058
-5.475998 -3.4411469 7.823242
-5.4093475 -3.422104 7.880371
-5.4617157 -3.5101776 7.9732056
-5.49028 -3.4792328 7.8827515
-5.4998016 -3.3935394 7.8303833
-5.4783783 -3.3744965 7.842285
-5.5045624 -3.3768768 7.8303833
-5.502182 -3.3364105 7.8256226
-5.4879 -3.3744965 7.9017944
-5.516464 -3.4197235 7.8256226
-5.502182 -3.3744965 7.847046
-5.516464 -3.4697113 7.7994385
-5.528366 -3.4411469 7.74469
-5.4998016 -3.403061 7.7661133
-5.495041 -3.4387665 7.880371
-5.4855194 -3.3768768 7.887512
-5.49028 -3.3292694 7.7351685
-5.55455 -3.4197235 7.6399536
-5.535507 -3.6625214 7.797058
-5.5045624 -3.519699 7.842285
-5.495041 -3.2840424 7.835144
-5.5378876 -3.3340302 7.892273
-5.6092987 -3.4649506 7.885132
-5.540268 -3.4054413 7.8327637
-5.4807587 -3.3483124 7.80896
-5.5117035 -3.4316254 7.8756104
-5.502182 -3.4720917 7.887512
-5.4593353 -3.3554535 7.847046
-5.509323 -3.372116 7.842285
-5.533127 -3.4244843 7.842285
-5.5069427 -3.4054413 7.7661133
-5.547409 -3.3697357 7.778015
-5.495041 -3.3364105 7.904175
-5.4331512 -3.403061 7.756592
-5.540268 -3.5030365 7.842285
-5.521225 -3.4768524 7.918457
-5.4974213 -3.372116 7.9613037
-5.5259857 -3.3316498 8.008911
-5.5759735 -3.4054413 7.868469
-5.5497894 -3.4697113 7.7304077
-5.533127 -3.4530487 7.7161255
-5.5378876 -3.3578339 7.7161255
-5.4974213 -3.3697357 7.725647
-5.4664764 -3.4816132 7.7922974
-5.483139 -3.4601898 7.8518066
-5.5307465 -3.3792572 7.797058
-5.540268 -3.3744965 7.7351685
-5.5878754 -3.3506927 7.756592
-5.5759735 -3.364975 7.8637085
-5.4974213 -3.4006805 7.74469
-5.5117035 -3.4911346 7.7875366
-5.533127 -3.429245 7.906555
-5.4998016 -3.4340057 7.8970337
-5.4783783 -3.3554535 7.7542114
-5.495041 -3.531601 7.8113403
-5.495041 -3.5149384 7.944641
-5.4664764 -3.3697357 7.963684
-5.502182 -3.3816376 7.8970337
-5.5259857 -3.4316254 7.8779907
-5.516464 -3.422104 7.7875366
-5.528366 -3.4435272 7.6970825
-5.55455 -3.4435272 7.751831
-5.5117035 -3.531601 7.80896
-5.5188446 -3.4316254 7.687561
-5.514084 -3.4578094 7.8589478
-5.5188446 -3.5101776 7.9017944
-5.5188446 -3.4054413 7.839905
-5.540268 -3.3673553 7.739929
Time Stop = 1457234619
