Time Start = 1457234659
-8.972763 -2.2652435 2.953003
-9.674973 -2.1486053 2.9553833
-9.727341 -2.108139 2.8911133
-9.503586 -2.120041 2.9172974
-9.1679535 -2.2985687 3.1410522
-8.998947 -2.3985443 3.248169
-9.110825 -2.3985443 3.2910156
-9.382187 -2.3080902 3.2981567
-9.4655 -2.2771454 3.2505493
-9.432175 -2.1938324 3.1767578
-9.267929 -2.1414642 3.2434082
-9.113205 -2.210495 3.1672363
-9.14415 -2.415207 3.1148682
-9.263168 -2.4009247 3.2410278
-9.327438 -2.2723846 3.1672363
-9.353622 -2.1248016 3.1696167
-9.296494 -2.127182 3.1386719
-9.420273 -2.4556732 3.3600464
-9.220322 -2.0129242 3.5790405
-9.070358 -1.7986908 3.531433
-9.137009 -1.79393 3.4171753
-9.20842 -2.1628876 3.2077026
-9.282211 -2.3914032 3.152954
-9.313156 -2.486618 3.0839233
-9.391708 -2.9317474 2.6935425
-9.417892 -2.7865448 3.3481445
-9.375046 -2.4271088 3.1434326
-9.470261 -2.4128265 3.2505493
-9.489304 -2.3104706 3.202942
-9.551193 -2.3033295 3.2196045
-9.510727 -2.2390594 3.2838745
-9.436935 -2.1819305 3.3029175
-9.367905 -2.2009735 3.1172485
-9.3988495 -2.4461517 3.3529053
-9.515488 -2.6603851 3.4005127
-9.577377 -2.8151093 3.6099854
-9.641647 -2.7722626 3.6314087
-9.755905 -2.5865936 3.6694946
-9.755905 -2.377121 3.524292
-9.689255 -2.3366547 3.402893
-9.78685 -2.5199432 3.7028198
-9.78685 -2.8079681 4.1360474
-9.801132 -3.160263 4.5288086
-10.034409 -3.4244843 5.24292
-10.331955 -3.4887543 6.095093
-10.30101 -3.6577606 5.6761475
-10.498581 -4.1457367 5.2286377
-10.967514 -4.288559 5.171509
-10.541428 -4.3623505 4.4954834
-10.029648 -4.976486 3.498108
-10.565231 -5.4263763 4.6168823
-10.408127 -6.559433 3.6028442
-10.431931 -7.097397 5.7785034
-10.2200775 -6.9141083 5.2643433
-10.203415 -6.8903046 6.0308228
-9.510727 -5.9786224 6.1307983
-9.177475 -4.5742035 6.1427
-8.832321 -3.97435 5.987976
-8.813278 -4.019577 6.0855713
-8.530014 -4.7670135 5.7594604
-8.196762 -5.45018 5.9213257
-7.8801727 -5.8572235 6.0498657
-7.5016937 -5.7667694 6.5497437
-7.168442 -5.4787445 6.706848
-7.061325 -5.1954803 6.8710938
-6.8470917 -5.219284 6.771118
-6.6614227 -5.473984 6.4664307
-6.587631 -5.692978 5.7904053
-6.5066986 -5.9905243 5.3357544
-6.244858 -5.9548187 5.6237793
-6.1401215 -5.416855 5.780884
-5.733078 -4.738449 6.680664
-5.528366 -4.302841 6.6378174
-5.4283905 -4.1623993 6.306946
-5.1855927 -4.0790863 6.0927124
-4.699997 -4.2290497 5.776123
-4.2810516 -4.0933685 6.2617188
-4.20726 -3.9196014 6.295044
-3.764511 -3.8934174 6.411682
-3.5955048 -3.4197235 6.616394
-3.5883636 -3.0460052 6.802063
-3.3479462 -2.8484344 6.8568115
-3.1694183 -2.812729 6.6401978
-3.007553 -2.646103 6.699707
-2.7837982 -2.7436981 6.8258667
-2.5338593 -2.827011 6.9282227
-2.3815155 -2.6889496 7.109131
-2.3696136 -2.3747406 6.9401245
-2.3410492 -2.0510101 6.685425
-2.4076996 -1.7701263 6.230774
-2.391037 -1.5749359 5.776123
-2.3291473 -1.5915985 5.4904785
-2.2958221 -1.684433 5.2857666
-2.391037 -1.8891449 5.2072144
-2.6695404 -2.1367035 5.3571777
-3.1908417 -2.3295135 5.9451294
-3.7930756 -2.5913544 6.5116577
-4.419113 -2.993637 7.032959
-5.0380096 -3.2126312 7.0091553
-5.733078 -3.0650482 6.4783325
-6.739975 -2.9650726 5.75708
-7.727829 -3.1864471 5.1691284
-8.510971 -3.217392 4.3098145
-8.998947 -3.0602875 3.9432373
-9.20842 -2.993637 4.2003174
-9.139389 -2.9793549 4.821594
-9.025131 -3.0007782 5.5618896
-9.1489105 -3.0483856 5.9332275
-9.056076 -3.172165 6.2593384
-8.591904 -3.005539 6.968689
-8.287216 -2.3890228 6.91156
-8.765671 -2.4770966 5.473816
-9.577377 -3.7648773 4.443115
-9.9891815 -4.662277 3.2243652
-11.307907 -3.0936127 3.9122925
-12.438583 0.48408508 5.7332764
-11.334091 1.5219269 7.7018433
-8.101547 -1.8939056 9.587097
-5.4402924 -5.2787933 8.89917
-6.149643 -6.5998993 8.156494
-8.363388 -4.5813446 7.4161987
-9.572617 -1.5654144 8.661133
-8.725204 -0.17527771 8.294556
-5.842575 -1.5582733 8.742065
-3.9454193 -3.429245 9.772766
-3.1956024 -3.6077728 9.144348
-4.7547455 -2.5580292 10.151245
-5.154648 -2.403305 10.010803
-5.135605 -3.4340057 9.210999
-5.635483 -3.9981537 8.037476
-6.1544037 -3.3316498 6.6187744
-9.458359 -4.9003143 7.23291
-8.801376 -6.8831635 6.2855225
-4.949936 -3.4125824 9.948914
-5.1213226 -3.2602386 8.7872925
-5.2165375 -4.8050995 9.34668
-5.1641693 -3.3935394 9.051514
-5.214157 -2.3485565 9.09436
-5.302231 -1.4225922 9.363342
-5.4022064 -1.7653656 9.056274
-4.9546967 -2.4509125 8.44928
-3.9382782 -2.800827 8.042236
-5.802109 -2.2628632 7.9922485
-4.699997 -2.4889984 9.120544
-3.783554 -2.8698578 9.099121
-4.635727 -3.833908 8.723022
-4.7999725 -2.7889252 8.83252
-4.6904755 -2.248581 8.594482
-4.885666 -2.7484589 8.542114
-4.6857147 -2.1295624 8.677795
-4.714279 -2.1962128 8.849182
-4.8071136 -2.358078 8.818237
-4.6833344 -2.5580292 8.922974
-4.6143036 -2.672287 8.646851
-4.711899 -3.1816864 8.396912
-4.6262054 -3.2959442 8.456421
-4.4405365 -2.5485077 8.299316
-4.5809784 -1.7844086 8.382629
-4.8523407 -2.0771942 8.761108
-4.7690277 -2.1486053 8.749207
-4.8642426 -2.3890228 8.780151
-4.899948 -2.865097 8.518311
-4.1334686 -2.4842377 8.825378
-4.1786957 -2.3890228 8.83728
-5.0760956 -2.812729 7.8589478
-5.0998993 -2.3675995 8.432617
-4.733322 -1.4083099 9.291931
-4.9808807 -2.1819305 9.353821
-5.052292 -2.5461273 9.09436
-4.6404877 -2.0319672 8.573059
-4.8261566 -2.6580048 8.382629
-5.033249 -2.9817352 8.1588745
-5.021347 -2.3556976 8.216003
-4.9285126 -2.2819061 8.677795
-4.938034 -2.8793793 8.906311
-4.604782 -2.9531708 9.256226
-4.431015 -2.1486053 8.599243
-4.9523163 -2.1795502 7.778015
-5.3498383 -2.8889008 8.123169
-4.861862 -2.1367035 8.315979
-5.180832 -2.331894 8.539734
-5.161789 -2.9531708 8.970581
-4.6714325 -2.1224213 9.0896
-4.673813 -2.1248016 8.606384
-5.180832 -2.7270355 8.077942
-5.2474823 -2.4770966 7.7732544
-5.3569794 -2.1319427 7.899414
-5.4141083 -2.8341522 8.527832
-5.007065 -2.9507904 8.90155
-4.790451 -2.7341766 8.746826
-4.938034 -2.615158 8.287415
-5.1284637 -2.7984467 8.06604
-5.1522675 -2.5937347 8.137451
-5.316513 -2.4556732 8.504028
-5.366501 -2.634201 8.592102
-5.2022552 -2.8912811 8.530212
-5.0546722 -2.9127045 8.589722
-5.073715 -2.857956 8.313599
-5.321274 -2.634201 8.116028
-5.4545746 -2.5199432 8.156494
-5.449814 -2.5032806 8.263611
-5.340317 -2.5413666 8.254089
-5.3379364 -2.9960175 8.315979
-5.2617645 -3.1697845 8.396912
-5.1855927 -2.9960175 8.1588745
-5.468857 -2.7198944 7.951782
-5.6973724 -2.7889252 7.839905
-5.5045624 -2.9436493 7.828003
-5.354599 -3.0269623 7.9208374
-5.404587 -3.0388641 8.06604
-5.437912 -2.838913 7.835144
-5.61882 -2.8531952 7.5494995
-5.7806854 -2.9246063 7.5804443
-5.6735687 -3.0222015 7.7280273
-5.6450043 -3.2292938 7.9470215
-5.4212494 -3.107895 7.989868
-5.468857 -2.9722137 7.970825
-5.5688324 -3.0222015 7.6589966
-5.721176 -2.9793549 7.5423584
-5.8116302 -2.974594 7.9422607
-5.7045135 -2.9127045 8.00177
-5.725937 -3.1459808 8.080322
-5.7045135 -3.364975 8.113647
-5.6854706 -3.1459808 7.7875366
-5.74498 -3.1245575 7.4471436
-5.8140106 -3.2007294 7.513794
-5.7092743 -3.2483368 7.8827515
-5.6140594 -3.2507172 8.006531
-5.6450043 -3.1436005 7.9660645
-5.714035 -3.2031097 7.7661133
-5.823532 -3.2316742 7.4709473
-5.8140106 -3.20549 7.4161987
-5.7545013 -3.307846 7.673279
-5.7306976 -3.3887787 7.7922974
-5.7687836 -3.4911346 7.861328
-5.804489 -3.6434784 7.6828003
-5.8854218 -3.5339813 7.4995117
-5.9592133 -3.4387665 7.547119
-5.8830414 -3.288803 7.868469
-5.823532 -3.384018 7.661377
-5.847336 -3.512558 7.630432
-5.8711395 -3.4387665 7.4971313
-6.0044403 -3.288803 7.5756836
-6.059189 -3.307846 7.661377
-6.142502 -3.307846 7.8113403
-5.956833 -3.2340546 7.8113403
-6.021103 -3.3483124 7.5185547
-6.2877045 -3.512558 7.2400513
-6.373398 -3.5458832 7.059143
-6.2353363 -3.4792328 7.3495483
-6.163925 -3.3816376 7.6137695
-6.092514 -3.531601 7.5233154
-6.2543793 -3.743454 7.373352
-6.470993 -3.814865 7.1781616
-6.504318 -3.686325 7.1972046
-6.5305023 -3.7934418 7.539978
-6.4662323 -4.0100555 7.823242
-6.5519257 -4.174301 7.87323
-6.6542816 -4.2861786 7.6780396
-6.6614227 -4.8241425 7.8446655
-6.5519257 -4.4718475 7.970825
-6.244858 -3.576828 7.3709717
-4.961838 -1.7891693 5.7785034
-5.7878265 -0.0015106201 6.3355103
-5.933029 -3.2578583 6.4450073
-5.975876 -4.5694427 6.6949463
-5.74498 -3.8838959 6.9472656
-5.8854218 -3.281662 7.404297
-6.009201 -3.6887054 7.525696
-6.19487 -4.019577 7.4019165
-6.085373 -3.9338837 7.5185547
-5.8592377 -3.7577362 7.528076
-5.9663544 -3.6625214 7.290039
-6.028244 -3.686325 7.025818
-6.213913 -3.319748 6.9401245
-6.1544037 -3.0840912 7.263855
-6.0758514 -3.057907 7.082947
-6.0044403 -3.4244843 7.259094
-5.783066 -3.5173187 7.661377
-5.495041 -3.2459564 7.6328125
-5.725937 -3.5554047 7.839905
-5.8187714 -3.724411 7.7304077
-6.061569 -3.7077484 7.4661865
-6.028244 -3.6315765 7.225769
-5.866379 -3.0555267 7.1638794
-5.8568573 -2.9793549 7.0496216
-5.6140594 -3.4054413 7.0115356
-5.571213 -3.7315521 7.2233887
-6.040146 -3.5435028 7.116272
-6.0234833 -3.6244354 7.0734253
-5.418869 -3.1555023 7.566162
-5.649765 -2.9769745 8.308838
-6.4471893 -4.0410004 8.508789
-6.1782074 -4.4337616 8.582581
-5.7497406 -3.300705 8.285034
-5.7425995 -2.6889496 8.120789
-6.0330048 -3.1650238 8.1922
-5.7045135 -3.641098 8.039856
-5.4855194 -3.1459808 7.989868
-5.8330536 -2.762741 7.756592
-5.7354584 -2.8151093 7.694702
-5.6450043 -3.115036 7.8518066
-5.6259613 -3.2340546 8.044617
-5.516464 -3.107895 7.944641
-5.452194 -3.198349 7.9017944
-5.509323 -3.3316498 8.077942
-5.321274 -3.243576 7.9089355
-5.449814 -3.1197968 7.8946533
-5.547409 -2.929367 7.911316
-5.5759735 -3.0150604 7.975586
-5.5688324 -3.243576 8.123169
-5.4402924 -3.2340546 8.049377
-5.406967 -2.8674774 8.030334
-5.3950653 -2.94841 8.018433
-5.437912 -3.2269135 8.042236
-5.411728 -3.1840668 8.06842
-5.4783783 -2.9983978 7.887512
-5.4736176 -2.9888763 7.8779907
-5.449814 -3.0531464 8.025574
-5.3641205 -3.0460052 8.139832
-5.2760468 -2.88414 8.213623
-5.1594086 -2.9055634 8.111267
-5.2284393 -2.8936615 8.149353
-5.464096 -2.8722382 7.987488
-5.5450287 -2.9269867 8.023193
-5.392685 -2.9198456 8.235046
-5.316513 -2.81987 8.273132
-5.328415 -2.800827 8.00415
-5.271286 -2.7579803 8.13031
-5.309372 -2.922226 8.208862
-5.373642 -3.005539 8.225525
-5.4355316 -2.9460297 8.246948
-5.4212494 -2.94841 8.049377
-5.3784027 -3.107895 8.146973
-5.309372 -3.1031342 7.956543
-5.2022552 -3.2150116 8.19458
-5.2689056 -2.929367 8.330261
-5.2689056 -2.8793793 8.277893
-5.302231 -2.812729 8.189819
-5.1832123 -2.6199188 8.26123
-5.187973 -2.7579803 8.2421875
-5.2546234 -2.7770233 8.075562
-5.3593597 -2.7246552 7.9613037
-5.411728 -2.7508392 7.8375244
-5.4426727 -2.7436981 7.9613037
-5.418869 -2.7079926 7.970825
-5.4283905 -2.793686 7.9327393
-5.4022064 -2.9460297 8.092224
-5.2879486 -2.9769745 8.085083
-5.2998505 -2.8436737 8.199341
-5.347458 -2.7865448 8.166016
-5.3903046 -2.8484344 8.173157
-5.411728 -2.8055878 8.223145
-5.4545746 -2.7079926 8.1588745
-5.3831635 -2.679428 8.101746
-5.3069916 -2.8508148 8.008911
-5.387924 -2.9436493 7.9589233
-5.366501 -2.974594 8.058899
-5.3379364 -2.8508148 8.082703
-5.335556 -2.9555511 8.101746
-5.3950653 -2.8865204 8.123169
-5.3641205 -2.8984222 7.9993896
-5.36174 -2.9317474 7.968445
-5.3760223 -2.9650726 8.039856
-5.4331512 -2.8936615 8.075562
-5.406967 -2.9388885 7.968445
-5.4426727 -2.8817596 8.00177
-5.3522186 -2.8174896 8.025574
-5.4426727 -2.8103485 8.230286
-5.445053 -2.9055634 8.216003
-5.42601 -2.910324 8.056519
-5.380783 -2.9317474 7.9732056
-5.387924 -2.9983978 8.039856
-5.366501 -2.8746185 7.9922485
-5.3307953 -2.9912567 7.9970093
-5.3903046 -3.031723 8.13269
-5.2617645 -2.7698822 8.265991
-5.2165375 -2.7056122 8.282654
-5.259384 -2.827011 8.220764
-5.323654 -2.8151093 8.173157
-5.4236298 -2.7317963 7.989868
-5.3950653 -2.8365326 7.9541626
-5.3331757 -2.8293915 8.046997
-5.411728 -2.8627167 8.032715
-5.437912 -2.8317719 8.058899
-5.3331757 -2.8293915 8.104126
-5.283188 -2.9198456 8.249329
-5.342697 -2.9174652 8.223145
-5.3498383 -2.8627167 8.182678
-5.3188934 -2.7389374 8.0946045
-5.366501 -2.7032318 8.070801
-5.328415 -2.8055878 8.0946045
-5.3498383 -2.8722382 8.149353
-5.3379364 -2.8151093 8.230286
-5.3498383 -2.7460785 8.189819
-5.3831635 -2.8055878 8.058899
-5.3903046 -2.8174896 8.0946045
-5.36174 -2.857956 8.099365
-5.3260345 -2.9626923 8.142212
-5.309372 -2.865097 8.13031
-5.36174 -2.8555756 8.087463
-5.373642 -2.9174652 8.035095
-5.4212494 -2.9055634 8.00177
-5.3831635 -2.8722382 7.9089355
-5.4164886 -2.846054 8.142212
-5.42601 -2.812729 8.111267
-5.3974457 -2.865097 8.144592
-5.3569794 -2.8365326 7.9803467
-5.321274 -2.9246063 8.030334
-5.252243 -2.9507904 8.173157
-5.3188934 -2.8222504 8.13269
-5.445053 -2.7508392 8.104126
-5.368881 -2.8246307 8.25885
-5.3379364 -2.7317963 8.168396
-5.3569794 -2.5723114 8.075562
-5.430771 -2.6413422 8.020813
-5.399826 -2.7603607 8.073181
-5.3641205 -2.7841644 8.042236
-5.3188934 -2.8032074 8.13031
-5.29747 -2.8151093 8.206482
-5.309372 -2.793686 8.235046
-5.29747 -2.6651459 8.173157
-5.373642 -2.7389374 8.13269
-5.380783 -2.800827 8.173157
-5.3569794 -2.7532196 8.189819
-5.3569794 -2.7032318 8.1588745
-5.380783 -2.6818085 8.13031
-5.2617645 -2.729416 8.151733
-5.285568 -2.8079681 8.101746
-5.387924 -2.8674774 8.039856
-5.3712616 -2.7960663 8.142212
-5.3593597 -2.6675262 8.146973
-5.380783 -2.7960663 8.1588745
-5.323654 -2.8103485 8.168396
-5.271286 -2.7841644 8.151733
-5.2927094 -2.7460785 8.080322
-5.309372 -2.7579803 8.106506
-5.316513 -2.7889252 8.223145
-5.3379364 -2.8174896 8.201721
-5.406967 -2.7317963 8.225525
-5.4093475 -2.7603607 8.13031
-5.3188934 -2.857956 8.054138
-5.2950897 -2.827011 8.0946045
-5.335556 -2.8341522 8.06604
-5.3903046 -2.8412933 8.070801
-5.366501 -2.81987 8.237427
-5.3593597 -2.7960663 8.199341
-5.4426727 -2.857956 7.9993896
-5.3831635 -2.8531952 8.032715
-5.316513 -2.8555756 8.151733
-5.354599 -2.8079681 8.037476
-5.385544 -2.8032074 8.049377
-5.3641205 -2.9008026 8.125549
-5.335556 -2.8817596 8.104126
-5.366501 -2.7651215 8.154114
-5.354599 -2.7889252 8.089844
-5.3760223 -2.8984222 8.13269
-5.3069916 -2.81987 8.058899
-5.3950653 -2.7794037 7.994629
-5.323654 -2.838913 8.118408
-5.2998505 -2.8817596 8.166016
-5.302231 -2.876999 8.139832
-5.3522186 -2.7603607 8.163635
-5.3641205 -2.736557 8.154114
-5.380783 -2.8627167 8.161255
-5.347458 -2.781784 8.101746
-5.36174 -2.838913 8.146973
-5.380783 -2.9150848 8.087463
-5.3331757 -2.865097 8.13269
-5.304611 -2.717514 8.099365
-5.316513 -2.7413177 8.101746
-5.3117523 -2.7984467 8.137451
-5.309372 -2.7960663 8.166016
-5.3379364 -2.774643 8.19458
-5.323654 -2.8317719 8.220764
-5.302231 -2.736557 8.113647
-5.3117523 -2.6318207 8.113647
-5.3641205 -2.6294403 7.9732056
-5.4212494 -3.0555267 7.975586
-5.302231 -3.179306 8.232666
-5.259384 -2.967453 8.294556
-5.368881 -2.8793793 8.182678
-5.3641205 -2.8746185 8.142212
-5.347458 -2.7579803 8.051758
-5.354599 -2.7698822 8.161255
-5.2760468 -2.7913055 8.058899
-5.366501 -2.7889252 8.213623
-5.3069916 -2.81987 8.13269
-5.3522186 -2.8174896 8.175537
-5.3450775 -2.8246307 8.073181
-5.3903046 -2.7960663 8.061279
-5.3831635 -2.9531708 7.9851074
-5.3593597 -2.9793549 8.085083
-5.321274 -2.9079437 8.12793
-5.290329 -2.8222504 8.082703
-5.399826 -2.8936615 8.118408
-5.354599 -2.8436737 8.120789
-5.3379364 -2.8293915 8.206482
-5.3760223 -2.793686 8.027954
-5.373642 -2.7770233 8.075562
Time Stop = 1457234664
