Time Start = 4724
-9.439316 -4.1623993 0.9130249
-8.753769 -4.469467 1.1129761
-8.756149 -4.443283 1.0344238
-9.053696 -4.2338104 0.51312256
-9.356003 -4.238571 0.32983398
-9.320297 -4.243332 0.51312256
-9.070358 -4.1576385 0.8059082
-8.918015 -4.090988 1.0320435
-9.003708 -3.9315033 1.2653198
-9.153671 -3.826767 1.4343262
-9.246506 -3.8505707 1.3724365
-9.375046 -3.97435 1.234375
-9.486923 -4.1504974 1.3034058
-9.505966 -4.212387 1.3652954
-9.382187 -4.193344 1.401001
-9.248886 -4.140976 1.3867188
-9.222702 -4.0433807 1.4105225
-9.203659 -4.069565 1.3295898
-9.234604 -3.9672089 1.2677002
-9.191757 -3.9719696 1.1367798
-9.165573 -3.9624481 1.151062
-9.175095 -3.9648285 1.1486816
-9.160812 -3.9695892 1.0439453
-9.1489105 -3.9695892 1.0558472
-9.182236 -4.0481415 0.96539307
-9.246506 -4.281418 0.75354004
-9.432175 -4.3504486 0.4845581
-9.458359 -4.3575897 0.38934326
-9.427414 -4.4718475 0.6511841
-9.253647 -4.3099823 1.0272827
-9.094162 -4.171921 1.1153564
-9.101303 -4.052902 1.1272583
-9.222702 -4.088608 0.9630127
-9.260788 -4.052902 0.72021484
-9.370285 -4.2290497 0.6154785
-9.522629 -4.3504486 0.69641113
-9.622604 -4.257614 0.8892212
-9.624985 -4.1005096 1.0939331
-9.59404 -3.9672089 1.1939087
-9.65831 -3.7767792 1.0986938
-9.679733 -3.5673065 1.0772705
-9.682114 -3.5006561 0.90112305
-9.615463 -3.538742 0.6226196
-9.589279 -3.705368 0.6226196
-9.577377 -3.8410492 0.7416382
-9.501205 -3.8101044 0.7797241
-9.413132 -3.8101044 0.7249756
-9.372665 -3.769638 0.6916504
-9.394089 -3.5982513 0.7654419
-9.256027 -3.3245087 0.836853
-9.051315 -3.2150116 0.8249512
-8.996567 -3.3673553 0.7654419
-9.003708 -3.7077484 0.7011719
-9.01561 -4.0362396 0.50598145
-9.01561 -4.2457123 0.45599365
-8.972763 -4.2219086 0.38220215
-8.939438 -4.262375 0.4036255
-8.968002 -4.2266693 0.34887695
-9.120346 -3.9862518 0.49645996
-9.094162 -3.826767 0.5583496
-9.01799 -3.8243866 0.53930664
-9.046555 -3.9576874 0.43218994
-9.160812 -4.114792 0.3774414
-9.265549 -4.219528 0.19891357
-9.256027 -4.326645 -0.09625244
-9.270309 -4.833664 -0.31524658
-9.508347 -5.245468 -0.41522217
-9.910629 -5.014572 -0.23669434
-10.036789 -4.2100067 0.10845947
-9.85112 -3.4006805 0.62976074
-9.682114 -2.8317719 0.95825195
-9.565475 -2.7698822 1.0391846
-9.52977 -3.0793304 0.78448486
-9.65831 -3.5006561 0.37982178
-9.793991 -3.7648773 0.37982178
-9.770187 -4.0433807 0.32983398
-9.644028 -4.281418 0.23461914
-9.40123 -4.35997 0.12036133
-9.258408 -4.4266205 -0.0034179688
-9.253647 -4.3694916 -0.20336914
-9.372665 -4.431381 -0.16766357
-9.448837 -4.1957245 -0.08911133
-9.484543 -3.9886322 0.246521
-9.565475 -3.9315033 0.34887695
-9.572617 -3.9862518 0.3869629
-9.644028 -4.186203 0.22509766
-9.684494 -4.3361664 -0.00579834
-9.7773285 -4.321884 -0.0010375977
-9.865402 -4.236191 0.1227417
-9.893967 -4.0481415 0.12036133
-9.970139 -3.8886566 0.17510986
-9.910629 -3.8934174 0.24414063
-9.948715 -3.9600677 0.2869873
-9.896347 -4.0790863 0.30126953
-9.832077 -4.083847 0.29888916
-9.736862 -4.1766815 0.3774414
-9.772568 -4.314743 0.5321655
-9.843979 -4.3171234 0.57025146
-9.946335 -4.4266205 0.7559204
-10.0082245 -4.6908417 0.8201904
-10.032028 -5.071701 1.3581543
-9.893967 -5.5239716 1.65094
-9.996323 -6.230942 1.7532959
-10.17247 -6.7355804 1.1415405
-10.472397 -7.059311 0.8201904
-10.579514 -7.264023 1.0010986
-10.479538 -7.497299 1.5509644
-10.322433 -7.8186493 1.8984985
-10.293869 -8.287582 2.4007568
-10.531906 -8.627975 3.1220093
-10.553329 -8.761276 3.3433838
-10.591415 -8.59465 3.3338623
-10.6818695 -8.282822 3.152954
-10.7509 -7.790085 3.202942
-10.62236 -7.218796 3.0910645
-10.543808 -7.0426483 2.9196777
-10.393845 -6.86174 2.4031372
-10.158188 -7.11882 1.9770508
-9.922531 -7.483017 1.8699341
-9.78685 -7.978134 2.4436035
-9.684494 -8.156662 2.8030396
-9.560715 -8.361374 2.7316284
-9.836838 -8.101913 2.5983276
-9.72496 -7.4473114 2.362671
-9.213181 -7.3211517 2.2579346
-8.798996 -7.3140106 1.7247314
-8.496689 -7.894821 1.5866699
-8.434799 -8.65654 1.4152832
-8.489548 -9.484909 1.1534424
-8.601425 -9.951462 1.234375
-8.427658 -10.227585 1.381958
-8.039658 -10.5203705 1.612854
-7.708786 -10.598923 1.4533691
-7.5826263 -10.665573 1.2819824
-7.530258 -10.575119 0.88446045
-7.463608 -10.5846405 1.1034546
-6.9613495 -11.170212 1.2391357
-6.6542816 -11.827194 1.6557007
-6.7685394 -11.8629 1.760437
-6.77092 -11.67247 2.241272
-6.6542816 -10.955978 2.5221558
-6.5186005 -10.587021 2.8982544
-6.342453 -10.115707 2.7459106
-5.9806366 -10.468002 2.6935425
-5.830673 -10.8798065 2.1055908
-5.8211517 -11.898605 1.8128052
-6.2043915 -12.008102 1.6199951
-6.213913 -10.784592 1.6914063
-5.55455 -9.551559 2.3650513
-4.6642914 -8.551804 2.6625977
-3.9668427 -8.480392 2.9482422
-3.719284 -9.04216 3.107727
-4.1977386 -9.287338 2.888733
-4.8523407 -8.261398 2.5483398
-4.9023285 -6.5570526 2.7054443
-4.290573 -4.712265 3.3100586
-3.4836273 -3.1626434 4.019409
-2.705246 -2.5984955 4.754944
-2.1125336 -2.4937592 5.090576
-1.948288 -1.6082611 4.7668457
-1.910202 -1.1036224 5.0929565
-2.0077972 -0.7870331 5.359558
-1.993515 0.10084534 5.1691284
-1.8506927 0.63404846 5.1429443
-1.679306 1.1267853 4.79303
-1.467453 1.7433014 4.7787476
-1.2341766 2.0051422 5.019165
-0.8842621 2.369339 5.2476807
-0.4391327 2.0789337 5.878479
-0.33439636 1.8647003 5.7927856
-0.43675232 2.2717438 5.3928833
-0.71287537 2.6168976 5.4381104
-0.858078 3.0477448 5.635681
-0.8104706 3.7023468 5.7904053
-0.64860535 4.1093903 6.135559
-0.45817566 4.030838 6.475952
-0.543869 3.4881134 6.59021
-0.47721863 3.364334 6.392639
-0.48197937 3.1596222 6.3974
-0.74858093 3.5142975 6.578308
-1.0461273 4.0094147 6.8615723
-1.108017 4.6759186 7.1829224
-1.0318451 5.1615143 7.5161743
-1.0651703 5.1829376 7.675659
-0.9175873 4.673538 7.885132
-0.6866913 4.1998444 7.4209595
-0.877121 4.04274 7.1138916
-1.2389374 4.537857 6.930603
-1.6436005 5.242447 7.316223
-1.7340546 5.7661285 7.8137207
-1.38414 5.7161407 8.032715
-1.0009003 5.749466 8.170776
-0.96281433 5.639969 8.377869
-1.134201 5.2710114 8.363586
-1.3079681 4.7259064 7.994629
-1.3508148 4.7663727 7.5994873
-1.6102753 3.7832794 7.3757324
-1.5793304 4.416458 7.2543335
-1.5102997 5.0996246 7.5875854
-1.5912323 5.249588 8.185059
-1.5007782 5.3281403 8.573059
-1.300827 5.5423737 8.794434
-0.9961395 5.806595 8.634949
-1.1175385 5.942276 8.751587
-1.217514 5.589981 8.504028
-1.3817596 5.00441 8.268372
-1.4745941 4.68544 7.9660645
-1.4626923 4.8996735 7.7113647
-1.3960419 5.2138824 7.8756104
-1.2103729 5.449539 8.154114
-0.91996765 5.628067 8.056519
-0.8104706 5.699478 7.8494263
-0.8914032 5.5090485 7.797058
-0.99375916 5.6233063 7.7113647
-1.0128021 5.4709625 7.6375732
-0.9485321 5.230545 7.8375244
-0.97709656 5.056778 8.039856
-1.0318451 5.2448273 7.9993896
-0.8985443 5.449539 8.06604
-0.73191833 5.5090485 8.06842
-0.6771698 5.5042877 7.675659
-0.8176117 5.313858 7.399536
-1.0270844 5.3352814 7.1972046
-1.0770721 5.428116 7.1757813
-1.0723114 5.597122 7.3376465
-1.236557 5.666153 7.494751
-1.0675507 5.6828156 7.468567
-0.8818817 5.5876007 7.3709717
-0.7985687 5.347183 7.2043457
-0.82951355 5.4114532 6.904419
-1.134201 5.382889 6.8306274
-1.2317963 5.525711 6.7996826
-1.3246307 5.6756744 7.0186768
-1.1508636 6.0279694 7.032959
-1.0675507 6.1446075 7.0162964
-0.9985199 6.039871 7.0758057
-0.90330505 5.806595 7.0162964
-1.0294647 5.5995026 7.047241
-1.1437225 5.6042633 6.9901123
-1.0865936 5.6233063 7.071045
-0.9080658 5.5423737 7.1329346
-0.8437958 5.442398 7.1567383
-0.7914276 5.537613 7.2471924
-0.7771454 5.6566315 7.3900146
-0.8414154 5.620926 7.5828247
-0.9580536 5.5685577 7.5685425
-1.1508636 5.530472 7.4019165
-1.1841888 5.578079 7.3685913
-1.1746674 5.6304474 7.3519287
-1.1294403 5.6185455 7.42334
-1.1318207 5.5923615 7.5161743
-1.2198944 5.5161896 7.649475
-1.3627167 5.499527 7.820862
-1.4317474 5.5685577 7.720886
-1.3817596 5.6518707 7.751831
-1.2984467 5.666153 7.6209106
-1.2032318 5.628067 7.609009
-1.1580048 5.5090485 7.559021
-1.1746674 5.3757477 7.468567
-1.281784 5.363846 7.4352417
-1.2603607 5.4709625 7.4161987
-1.3127289 5.7161407 7.3876343
-1.2627411 5.813736 7.411438
-1.1746674 5.820877 7.42572
-1.1318207 5.7542267 7.404297
-1.1556244 5.673294 7.366211
-1.172287 5.532852 7.3114624
-1.2008514 5.3805084 7.251953
-1.1818085 5.351944 7.278137
-1.0746918 5.575699 7.244812
-1.1127777 5.6756744 7.278137
-1.1841888 5.77565 7.4281006
-1.3032074 5.7994537 7.4923706
-1.3412933 5.813736 7.501892
-1.2484589 5.806595 7.509033
-1.0913544 5.828018 7.3067017
-1.1556244 5.6114044 7.194824
-1.2484589 5.487625 7.290039
-1.31987 5.597122 7.342407
-1.365097 5.71138 7.6018677
-1.3746185 5.7066193 7.6066284
-1.3960419 5.692337 7.604248
-1.3293915 5.673294 7.5304565
-1.217514 5.7280426 7.5114136
-1.0794525 5.7399445 7.532837
-0.9913788 5.616165 7.42334
-1.0746918 5.549515 7.378113
-1.1389618 5.4781036 7.4019165
-1.1675262 5.511429 7.3186035
-1.2008514 5.6185455 7.2995605
-1.1556244 5.7209015 7.282898
-1.1413422 5.744705 7.256714
-1.0508881 5.7018585 7.2210083
-1.0961151 5.6566315 7.275757
-1.2103729 5.601883 7.2210083
-1.2913055 5.6304474 7.218628
-1.2294159 5.749466 7.3233643
-1.1627655 5.8351593 7.301941
-1.172287 5.930374 7.2876587
-1.2603607 5.9589386 7.3257446
-1.31987 5.9184723 7.385254
-1.2770233 5.794693 7.3043213
-1.1508636 5.825638 7.3233643
-1.1294403 5.8232574 7.4471436
-1.1580048 5.828018 7.3495483
-1.2317963 5.7899323 7.2662354
-1.2651215 5.680435 7.290039
-1.2960663 5.673294 7.3186035
-1.3079681 5.609024 7.4471436
-1.2532196 5.6423492 7.3947754
-1.1603851 5.6709137 7.397156
-1.0627899 5.6637726 7.42572
-1.0818329 5.601883 7.42334
-1.1484833 5.5042877 7.2924194
-1.2889252 5.3995514 7.3067017
-1.2460785 5.430496 7.378113
-1.217514 5.5661774 7.4780884
-1.1746674 5.742325 7.411438
-1.1389618 5.8113556 7.3876343
-1.1818085 5.83992 7.373352
-1.1984711 5.7970734 7.35907
-1.2698822 5.7089996 7.2424316
-1.3032074 5.5399933 7.199585
-1.3151093 5.601883 7.2495728
-1.3079681 5.8232574 7.278137
-1.2651215 6.039871 7.301941
-1.1984711 6.1565094 7.437622
-1.0794525 6.1565094 7.442383
-1.0104218 5.9970245 7.378113
-1.0961151 5.761368 7.259094
-1.1270599 5.3495636 7.085327
-1.1794281 5.0020294 7.1448364
-1.1318207 5.0591583 7.109131
-1.1008759 5.4257355 7.2162476
-1.0389862 5.8042145 7.4209595
-1.0580292 5.9779816 7.4661865
-1.1294403 6.1684113 7.506653
-1.172287 6.237442 7.449524
-1.1889496 6.0017853 7.4733276
-1.2389374 5.806595 7.316223
-1.2151337 5.6566315 7.2543335
-1.2341766 5.635208 7.335266
-1.172287 5.7089996 7.392395
-1.2436981 5.704239 7.461426
-1.2770233 5.756607 7.35907
-1.2889252 5.9660797 7.3709717
-1.2127533 6.192215 7.3828735
-1.2151337 6.237442 7.2686157
-1.172287 6.154129 7.187683
-1.1675262 5.83992 7.213867
-1.0961151 5.620926 7.128174
-1.1651459 5.449539 6.9448853
-1.2603607 5.370987 6.852051
-1.2889252 5.6185455 6.930603
-1.1389618 5.8494415 7.066284
-1.005661 6.0303497 7.097229
-1.0270844 5.9898834 7.161499
-1.0627899 5.7923126 6.963928
-1.0413666 5.5614166 6.775879
-1.0770721 5.435257 6.6568604
-0.9913788 5.466202 6.544983
-1.1056366 5.3805084 6.4973755
-1.1365814 5.4971466 6.544983
-1.1222992 5.744705 6.6973267
-0.94377136 5.897049 6.8377686
-0.91282654 6.0041656 6.91156
-0.9175873 6.025589 6.859192
-0.90330505 5.685196 6.583069
-1.024704 5.468582 6.3974
-1.1603851 5.366226 6.26886
-1.2508392 5.5209503 6.4854736
-1.2032318 5.4376373 6.494995
-1.1770477 5.340042 6.4093018
-1.2079926 5.3162384 6.2617188
-1.2151337 5.3233795 6.2212524
-1.0913544 5.0401154 5.8118286
-1.0604095 4.523575 5.37146
-1.1556244 4.061783 4.8573
-1.1461029 3.6547394 4.4907227
-1.0128021 3.5452423 4.7192383
-0.91996765 3.6118927 5.2857666
-0.6343231 3.53096 5.6832886
-0.57481384 3.107254 6.0308228
-0.5533905 2.7430573 6.1331787
-0.76286316 2.8144684 6.2164917
-0.9580536 3.100113 6.2783813
-0.8437958 3.27388 6.4140625
-0.7033539 2.7978058 6.585449
-0.63908386 2.2050934 6.885376
-0.646225 2.0075226 6.9591675
-0.6009979 2.0979767 7.342407
-0.36296082 2.2384186 7.720886
-0.46769714 2.2574615 8.06604
-0.9152069 2.2812653 8.0946045
-1.5079193 2.2312775 8.254089
-1.4817352 2.1336823 8.7039795
-0.7438202 1.7337799 8.715881
-0.5272064 0.9863434 8.64209
-0.6676483 0.39363098 8.51355
-0.94377136 -0.0015106201 8.249329
-1.0366058 -0.17051697 8.301697
-1.3151093 -0.2086029 8.361206
-1.6912079 -0.14433289 9.360962
-2.3362885 0.10322571 9.9227295
-2.648117 0.027053833 9.546631
-2.4600677 -0.3157196 8.437378
-2.3124847 -1.1060028 7.411438
-2.4648285 -1.8201141 6.6259155
-2.6647797 -2.2128754 6.3616943
-2.9123383 -2.8103485 6.8568115
-3.2908173 -3.4625702 7.5042725
-3.6907196 -4.16716 7.5375977
-4.3881683 -4.905075 7.2614746
-5.1213226 -4.928879 6.0665283
-5.578354 -5.0312347 4.9501343
-5.6021576 -5.2026215 3.6599731
-5.80925 -5.5739594 3.2505493
-5.8140106 -5.3192596 3.9503784
-5.6545258 -5.052658 3.9384766
-5.835434 -5.166916 3.3148193
-6.1853485 -5.1383514 1.6842651
-6.77092 -5.6263275 0.13702393
-7.3850555 -6.2737885 -1.5054321
-8.049179 -6.995041 -2.5980225
-8.546677 -7.830551 -3.1193237
-8.708542 -8.520859 -3.3335571
-8.996567 -9.544418 -3.2454834
-9.3988495 -9.87529 -4.2023926
-10.086777 -9.36113 -5.230713
-10.396225 -9.415878 -5.5306396
-10.139145 -9.456345 -5.3449707
-9.736862 -9.703903 -5.192627
-9.394089 -10.025253 -4.928406
-9.358383 -10.39183 -4.6380005
-9.627365 -10.208542 -4.6832275
-10.486679 -9.494431 -4.878418
-11.32695 -8.951706 -5.104553
-11.760178 -8.768417 -5.1759644
-11.819687 -8.944565 -5.3949585
-11.574509 -9.265915 -5.6377563
-11.536423 -9.706284 -5.6115723
-11.412643 -9.656296 -5.782959
-11.310287 -9.268295 -5.8115234
-11.431686 -9.032639 -5.7734375
-11.386459 -8.539902 -5.609192
-10.824692 -7.835312 -5.0283813
-10.9770355 -7.1973724 -5.01886
-10.884201 -6.790329 -4.366638
-10.581894 -5.8643646 -3.9691162
-10.415268 -4.974106 -3.550171
-10.705673 -4.390915 -2.6694336
-10.8484955 -3.429245 -2.1576538
-10.774704 -2.8412933 -1.7434692
-10.634262 -2.9150848 -1.2816772
-10.30101 -3.5220795 -1.4768677
-10.0724945 -4.348068 -1.7220459
-9.951096 -4.9026947 -1.8743896
-9.782089 -5.2288055 -2.1766968
-9.770187 -5.271652 -2.0195923
-9.665451 -4.886032 -2.017212
-9.574997 -4.621811 -1.9291382
-9.520248 -4.514694 -1.8601074
-9.503586 -4.640854 -1.9077148
-9.434555 -4.9003143 -1.94104
-9.386948 -5.1145477 -1.8934326
-9.260788 -5.2145233 -1.7410889
-9.056076 -5.1002655 -1.4816284
-8.927536 -4.886032 -1.5197144
-9.070358 -4.738449 -1.4268799
-9.389328 -4.828903 -1.5220947
-9.65593 -4.9384003 -1.6173096
-9.779709 -4.957443 -1.6720581
-9.843979 -4.8003387 -1.7625122
-9.9249115 -4.2671356 -1.1459961
-9.663071 -3.4982758 -0.9650879
-9.598801 -3.0293427 -0.67230225
-9.560715 -2.9055634 -0.6199341
-9.475021 -2.9579315 -0.62231445
-9.479782 -3.0222015 -0.6080322
-9.356003 -3.224533 -0.7984619
-9.52739 -3.6125336 -0.9317627
-9.808273 -3.6815643 -1.2650146
-10.032028 -3.7601166 -1.5697021
-10.23674 -3.5482635 -1.5863647
-10.217697 -3.2602386 -1.6173096
-10.024887 -3.160263 -1.5744629
-9.767807 -2.8317719 -1.5839844
-9.563095 -2.4532928 -1.5792236
-9.579758 -2.165268 -1.3578491
-9.729721 -2.0581512 -1.2269287
-9.932053 -2.172409 -1.1864624
-10.086777 -2.2842865 -1.1602783
-10.136765 -2.2700043 -1.1317139
-9.974899 -2.120041 -1.074585
-9.744003 -1.9486542 -1.0198364
-9.52977 -1.6582489 -1.017456
-9.577377 -1.4678192 -0.9888916
-9.736862 -1.4559174 -0.96746826
-9.886826 -1.5677948 -0.991272
-9.905869 -1.8296356 -1.1031494
Time Stop = 4729
