Time Start = 4314
-1.7554779 3.697586 8.146973
-1.3341522 4.057022 8.035095
-0.9342499 4.1688995 8.354065
-0.9056854 4.383133 8.494507
-1.024704 4.3093414 8.751587
-1.1008759 4.1427155 8.756348
-0.99375916 3.8737335 8.827759
-0.9747162 3.735672 8.625427
-0.8914032 3.5999908 8.461182
-0.9556732 3.761856 8.301697
-0.85331726 3.9903717 8.375488
-0.70573425 4.287918 8.506409
-0.7676239 4.478348 8.563538
-0.92948914 4.3426666 8.692078
-1.1199188 4.1117706 8.604004
-1.1937103 3.864212 8.499268
-1.1413422 3.7142487 8.427856
-1.1103973 3.8332672 8.370728
-1.1127777 4.049881 8.506409
-1.005661 4.268875 8.527832
-0.94377136 4.242691 8.575439
-0.9556732 4.068924 8.487366
-1.1032562 3.838028 8.280273
-1.1413422 3.6356964 8.120789
-1.1651459 3.6475983 7.9732056
-1.1175385 3.8523102 8.016052
-0.9318695 4.0736847 8.070801
-0.7509613 4.10701 8.025574
-0.71287537 3.9570465 7.9993896
-0.73191833 3.876114 7.778015
-0.69621277 3.9308624 7.7470703
-0.46769714 3.947525 7.804199
-0.38438416 3.7856598 7.8327637
-0.4867401 3.7951813 7.7161255
-0.6795502 3.8689728 7.732788
-0.59861755 3.9570465 7.7042236
-0.2891693 3.8023224 7.8137207
-0.38200378 3.2000885 8.020813
-0.691452 3.1739044 7.9613037
-0.7604828 3.292923 8.118408
-0.59147644 3.761856 8.280273
-0.53434753 4.311722 8.606384
-0.5795746 4.673538 8.687317
-0.8342743 4.678299 8.634949
-1.1318207 4.3997955 8.32312
-1.3889008 4.1189117 8.037476
-1.6293182 3.9998932 7.823242
-1.7911835 4.183182 7.4328613
-2.0601654 4.3997955 7.1067505
-2.2839203 4.6687775 6.5997314
-2.4457855 4.754471 6.0665283
-2.6005096 4.640213 5.488098
-2.5624237 4.792557 4.8692017
-2.3957977 4.7901764 3.9718018
-2.3386688 4.5021515 3.164856
-2.5219574 3.9998932 2.4697876
-2.8647308 3.4762115 1.6842651
-3.2622528 2.850174 1.2081909
-3.507431 2.5383453 0.7059326
-3.5955048 2.555008 0.17510986
-3.5217133 2.5312042 0.19177246
-3.5407562 2.5145416 -0.14385986
-3.6716766 2.2098541 -0.78656006
-4.135849 1.279129 -1.8672485
-5.007065 -0.6870575 -2.7337036
-6.144882 -3.1055145 -3.3597412
-7.5564423 -5.3502045 -3.4620972
-8.687119 -6.7308197 -3.0098267
-9.170334 -7.3711395 -2.1862183
-8.982285 -7.342575 -2.1576538
-8.596664 -7.283066 -1.7625122
-8.603806 -7.0497894 -1.1721802
-9.220322 -6.673691 -1.0769653
-10.3629 -7.002182 -0.91748047
-11.600693 -8.054306 -1.4006958
-13.109848 -9.580124 -2.3480835
-14.321457 -10.396591 -3.5882568
-14.7999115 -10.808395 -4.4832764
-14.816574 -10.756027 -5.0474243
-14.802292 -10.856003 -6.694641
-15.416428 -12.7269745 -8.091919
-15.618759 -14.864548 -8.372803
-14.638046 -15.481064 -7.4849243
-13.695419 -13.848129 -6.135254
-13.450241 -11.539169 -4.63562
-13.545456 -9.884811 -4.045288
-13.912033 -9.342087 -3.7596436
-14.602341 -9.380173 -3.826294
-15.154587 -9.392075 -4.0619507
-15.378342 -9.539658 -4.2904663
-15.716354 -9.470627 -4.3309326
-15.802048 -9.413498 -4.050049
-15.604477 -8.796982 -4.3571167
-15.742538 -8.356613 -4.383301
-15.892502 -7.9924164 -4.590393
-15.564011 -7.5425262 -4.76416
-15.1141205 -6.8641205 -4.7808228
-14.376205 -6.116684 -4.6189575
-12.536179 -5.8358 -3.2073975
-12.324326 -5.96196 -3.4620972
-13.216965 -6.180954 -3.9976807
-13.602585 -6.085739 -3.6239624
-13.019394 -6.2214203 -3.3478394
-12.088669 -6.6189423 -3.0193481
-11.881577 -7.0497894 -2.9788818
-12.062485 -7.585373 -2.678955
-12.300522 -7.975754 -3.1764526
-12.498093 -8.858871 -3.8286743
-13.231247 -9.520615 -4.05719
-12.605209 -9.968124 -3.6049194
-11.560226 -9.8919525 -3.5739746
-10.850876 -9.94194 -3.5882568
-10.112961 -9.658676 -3.435913
-9.363144 -9.306381 -3.1574097
-8.806137 -8.746994 -2.8765259
-8.846603 -8.170944 -2.486145
-9.129868 -7.521103 -2.0338745
-9.72496 -6.7736664 -1.9219971
-10.405746 -6.278549 -1.9505615
-11.32933 -5.8953094 -1.9743652
-11.655441 -5.5739594 -2.3742676
-12.583786 -5.1907196 -3.697754
-14.000107 -4.7908173 -3.6239624
-14.528549 -3.8767548 -4.083374
-14.785629 -3.7267914 -4.135742
-14.561874 -3.2269135 -4.82605
-14.311935 -2.88414 -4.1643066
-13.731125 -2.4913788 -3.7834473
-12.988449 -2.2057343 -1.6315918
-12.186264 -1.5297089 -1.4840088
-11.698288 -2.0510101 -1.1697998
-11.0603485 -2.865097 -1.395935
-10.846115 -3.217392 -1.7053833
-10.4700165 -3.3173676 -2.2005005
-10.17009 -3.0650482 -2.3909302
-9.996323 -2.6865692 -2.524231
-9.713058 -2.448532 -2.5194702
-9.46788 -2.4818573 -2.7194214
-9.282211 -2.7222748 -2.909851
-9.229843 -2.9317474 -3.2478638
-9.2108 -2.9983978 -3.6501465
-9.14415 -2.8341522 -3.8881836
-9.089401 -2.5080414 -3.8500977
-9.01799 -2.2390594 -3.7644043
-8.872787 -1.915329 -3.6715698
-8.848984 -1.7320404 -3.6001587
-9.048935 -1.6249237 -3.6549072
-9.196518 -1.620163 -3.614441
-9.184616 -1.5963593 -3.640625
-8.994186 -1.6415863 -3.3978271
-8.870407 -1.7272797 -3.1240845
-8.782333 -1.8343964 -3.1264648
-8.88945 -1.8391571 -2.7194214
-8.941818 -2.0010223 -2.2409668
-9.027512 -2.0533905 -1.5863647
-8.925156 -1.767746 -1.4316406
-8.882309 -1.3559418 -1.517334
-8.929916 -0.9108124 -1.4840088
-9.010849 -0.60136414 -1.6696777
-9.113205 -0.21812439 -2.0267334
-8.977524 0.19606018 -1.645874
-9.334579 0.8768463 -1.6577759
-9.313156 0.99824524 -1.2769165
-9.282211 0.5150299 -0.44140625
-9.858261 -0.1681366 0.067993164
-10.777084 -0.7537079 -0.34857178
-11.748276 -1.158371 -1.4102173
-12.326706 -1.7082367 -2.0314941
-12.319565 -1.896286 -2.376648
-12.064865 -1.9653168 -2.3909302
-11.938705 -2.3747406 -2.2314453
-11.691147 -3.0174408 -2.1624146
-11.293625 -3.8696136 -2.1148071
-11.129379 -4.431381 -2.1362305
-10.87944 -4.833664 -2.2005005
-10.6175995 -5.0359955 -2.3528442
-10.436691 -5.212143 -2.274292
-10.548569 -4.7336884 -2.2266846
-10.669968 -3.955307 -2.0410156
-10.931808 -3.3602142 -1.9243774
-11.281723 -3.0983734 -1.6815796
-11.576889 -3.0936127 -1.1721802
-11.595932 -3.01268 -0.9127197
-11.445969 -2.7389374 -0.48187256
-11.312668 -2.1866913 -0.19384766
-11.279343 -2.0795746 0.110839844
-11.600693 -1.4321136 1.5081177
-12.731369 1.9408722 1.7294922
-14.428574 1.0529938 0.79400635
-15.897263 -5.5811005 -0.041503906
-12.943222 -11.008347 -0.972229
-8.95372 -11.248764 0.4440918
-6.161545 -7.856735 -0.012939453
-5.559311 -6.7332 -0.824646
-5.8830414 -6.6641693 -0.38427734
-6.309128 -5.2288055 -1.9648438
-6.3448334 -5.5049286 -2.3528442
-6.161545 -5.538254 -2.2266846
-6.399582 -5.0621796 -2.8289185
-7.0065765 -5.6144257 -3.3811646
-7.216049 -6.1262054 -3.6263428
-7.235092 -6.238083 -3.5168457
-7.316025 -6.033371 -3.4263916
-7.446945 -5.76915 -3.3526
-7.8801727 -5.040756 -3.178833
-8.211044 -4.557541 -3.0550537
-8.341965 -4.3766327 -3.0407715
-8.599045 -4.455185 -3.1026611
-8.863266 -4.7217865 -3.0336304
-9.286972 -4.9384003 -2.9503174
-9.808273 -5.3168793 -2.7765503
-10.441452 -5.5287323 -2.7122803
-11.036545 -5.7358246 -2.7003784
-11.403122 -6.047653 -2.7670288
-11.593552 -6.3761444 -2.7694092
-11.655441 -6.585617 -2.800354
-11.531662 -6.673691 -2.883667
-11.400742 -6.6475067 -2.9193726
-11.569748 -6.699875 -2.8622437
-12.1315155 -6.8450775 -2.5789795
-12.843246 -7.2045135 -2.3861694
-13.424057 -7.347336 -2.3885498
-13.788254 -7.2878265 -2.6646729
-14.242905 -7.1854706 -2.781311
-14.780869 -7.194992 -3.0788574
-15.197433 -6.945053 -3.4335327
-15.171249 -6.5832367 -3.5596924
-14.519028 -6.161911 -3.454956
-13.2669525 -5.669174 -3.1931152
-12.086288 -5.012192 -2.8955688
-11.112717 -4.429001 -2.2790527
-10.253403 -3.8172455 -2.0529175
-10.086777 -3.2649994 -1.9124756
-10.258163 -2.9079437 -1.8339233
-10.593796 -2.5794525 -1.6887207
-10.886581 -2.5794525 -1.5101929
-11.222214 -2.6127777 -1.4506836
-11.550705 -2.7484589 -1.3816528
-11.662582 -2.7341766 -1.4221191
-11.45311 -2.8865204 -1.4268799
-11.115097 -3.0007782 -1.664917
-10.755661 -3.0936127 -2.0124512
-10.222458 -3.2078705 -2.5361328
-9.696396 -3.217392 -2.8765259
-9.094162 -3.2102509 -3.0740967
-8.537155 -3.236435 -2.8336792
-8.113449 -3.2316742 -2.5599365
-7.79924 -2.9912567 -2.440918
-7.60643 -2.8341522 -2.2719116
-7.489792 -2.608017 -2.3361816
-7.4231415 -2.4842377 -2.3742676
-7.3207855 -2.4104462 -2.4337769
-7.323166 -2.2914276 -2.5004272
-7.2755585 -2.203354 -2.5456543
-7.4112396 -2.203354 -2.467102
-7.644516 -2.2604828 -2.3861694
-7.754013 -2.3437958 -2.3433228
-7.780197 -2.2319183 -2.2219238
-7.784958 -2.0748138 -2.3147583
-7.7944794 -1.9867401 -2.2433472
-7.894455 -1.8867645 -2.190979
-8.034897 -1.8558197 -2.2314453
-8.139633 -1.8415375 -2.2219238
-8.520493 -1.9272308 -2.2647705
-8.95372 -2.210495 -2.3409424
-9.539291 -2.460434 -2.3933105
-9.936813 -2.365219 -2.5456543
-10.0082245 -2.0081635 -2.550415
-9.903488 -1.5273285 -2.1790771
-9.796371 -1.3107147 -1.9005737
-9.870163 -1.0512543 -1.6506348
-10.017746 -0.9560394 -1.414978
-10.291489 -0.9750824 -1.1507568
-10.929428 -1.0393524 -1.0650635
-11.58165 -0.8774872 -1.3340454
-12.091049 -0.7775116 -1.5697021
-12.083908 -1.0607758 -1.6791992
-12.102951 -1.4249725 -1.434021
-11.955368 -1.832016 -1.4554443
-11.84111 -2.1962128 -1.414978
-11.8363495 -2.6437225 -1.4030762
-11.898239 -3.0793304 -1.3364258
-11.493576 -3.179306 -1.3031006
-10.784225 -3.1507416 -1.1936035
-10.058212 -3.2340546 -1.1245728
-9.620224 -3.1745453 -1.1555176
-9.608322 -3.0674286 -1.3816528
-10.0082245 -3.031723 -1.7648926
-10.562851 -2.986496 -2.1290894
-11.13176 -3.1269379 -2.4647217
-11.569748 -3.3221283 -2.4528198
-11.814926 -3.4006805 -2.3480835
-11.874435 -3.4958954 -2.0576782
-11.733994 -3.493515 -1.6815796
-11.424545 -3.5220795 -1.4268799
-11.348373 -3.5625458 -1.3578491
-11.2269745 -3.5220795 -1.3792725
-11.100815 -3.4411469 -1.2197876
-10.774704 -3.3983002 -1.1221924
-10.453354 -3.4816132 -1.138855
-10.065353 -3.7077484 -1.2293091
-9.84874 -4.052902 -1.2055054
-9.477402 -4.2528534 -1.3031006
-9.137009 -4.4218597 -1.2983398
-8.779953 -4.557541 -1.4221191
-8.472885 -4.5932465 -1.498291
-8.170578 -4.6051483 -1.5792236
-7.932541 -4.5361176 -1.6911011
-7.6921234 -4.526596 -1.729187
-7.4493256 -4.5027924 -1.7196655
-7.2231903 -4.469467 -1.6244507
-7.087509 -4.4456635 -1.6768188
-6.9994354 -4.4147186 -1.6434937
-7.028 -4.4123383 -1.8791504
-7.3088837 -4.371872 -2.107666
-7.658798 -4.5051727 -2.3623657
-8.015854 -4.826523 -2.531372
-8.349106 -5.3644867 -2.697998
-8.637131 -5.790573 -2.9979248
-9.013229 -6.2499847 -3.2026367
-9.586899 -6.6713104 -3.1574097
-10.191513 -7.0878754 -3.4121094
-10.793747 -7.509201 -3.7286987
-11.545944 -7.9805145 -3.981018
-12.210068 -8.373276 -4.1381226
-12.60997 -8.535141 -4.3237915
-12.690903 -8.478012 -4.4523315
-12.529037 -8.2114105 -4.468994
-12.429062 -8.092392 -4.37854
-12.605209 -8.113815 -4.2333374
-12.836105 -8.139999 -3.981018
-13.178879 -8.061447 -3.8429565
-13.56926 -7.925766 -3.8762817
-14.328598 -7.9852753 -3.8929443
-15.068893 -7.925766 -3.9072266
-15.30455 -7.6734467 -3.9500732
-14.907028 -7.283066 -3.7977295
-13.95488 -6.637985 -3.428772
-12.762314 -5.9524384 -2.9907837
-11.760178 -5.033615 -2.569458
-11.172226 -4.045761 -2.479004
-10.988937 -3.5458832 -2.2504883
-10.974655 -3.6101532 -2.2005005
-11.222214 -3.9219818 -2.2766724
-11.64592 -4.1909637 -2.357605
-12.269577 -4.2647552 -2.7122803
-12.714706 -4.1195526 -3.235962
-13.090805 -3.800583 -3.3764038
-13.181259 -3.372116 -3.383545
-12.776596 -3.0222015 -3.390686
-11.995834 -2.7008514 -3.1859741
-11.365036 -2.5865936 -2.690857
-10.639023 -2.6222992 -2.5980225
-10.001083 -2.6889496 -2.6218262
-9.52977 -2.7484589 -2.762268
-9.077499 -2.7603607 -2.826538
-8.6418915 -2.717514 -2.8217773
-8.344345 -2.679428 -2.762268
-8.177719 -2.5032806 -2.6051636
-8.022995 -2.1676483 -2.4266357
-7.920639 -1.8034515 -2.210022
-7.79924 -1.6487274 -2.1505127
-7.837326 -1.7177582 -2.1933594
-7.8539886 -1.7820282 -2.4956665
-8.030136 -1.7725067 -2.607544
-8.234848 -1.6701508 -2.7265625
-8.408615 -1.3416595 -2.7479858
-8.50145 -1.2274017 -2.5456543
-8.806137 -1.1821747 -2.2409668
-8.989426 -1.0084076 -2.0100708
-9.186996 -1.0821991 -1.9386597
-9.253647 -1.3345184 -2.050537
-9.117966 -1.4297333 -2.1766968
-8.796616 -1.2297821 -2.062439
-8.5585785 -0.97984314 -1.6958618
-8.451462 -0.94651794 -1.2769165
-8.6228485 -0.8489227 -0.9293823
-8.88945 -0.7370453 -0.8079834
-9.134628 -0.7465668 -0.5675659
-9.177475 -0.69181824 -0.5270996
-9.115585 -0.6370697 -0.54852295
-9.153671 -0.84654236 -0.5675659
-9.298874 -0.92271423 -0.8389282
-9.870163 -1.2964325 -0.74609375
-10.68425 -1.9058075 -0.44854736
-11.165085 -2.3675995 -0.54138184
-11.572128 -2.6246796 -0.67944336
-11.779221 -2.4318695 -0.60565186
-11.845871 -2.5128021 -0.70562744
-11.955368 -2.9174652 -0.80322266
-11.903 -3.1507416 -0.62945557
-11.255539 -3.2221527 -0.54138184
-10.381943 -3.0222015 -0.22717285
-9.534531 -2.5223236 0.020385742
-9.029892 -2.4271088 0.094177246
-8.875168 -2.524704 0.027526855
-9.108444 -2.8531952 -0.043884277
-9.634506 -3.422104 -0.2390747
-10.084396 -4.031479 -0.48425293
-10.286728 -4.6837006 -0.59851074
-10.353378 -5.205002 -0.7508545
-10.508102 -5.5691986 -0.9222412
-10.655685 -5.585861 -0.89367676
-10.569992 -5.2407074 -0.65563965
-10.274826 -5.078842 -0.48901367
-10.17247 -4.955063 -0.54852295
-10.215317 -4.9336395 -0.7651367
-10.317673 -4.8241425 -1.0388794
-10.260544 -4.783676 -1.1769409
-10.115341 -4.762253 -1.4030762
-9.896347 -4.6956024 -1.6244507
-9.391708 -4.6003876 -1.536377
-8.972763 -4.462326 -1.4816284
-8.653793 -4.3052216 -1.2792969
-8.451462 -4.0862274 -1.010315
-8.239609 -4.0410004 -0.8912964
-8.082504 -4.0600433 -0.7341919
-8.080124 -4.238571 -0.8984375
-8.039658 -4.429001 -1.3292847
-8.12059 -4.4861298 -1.5720825
-8.170578 -4.5694427 -1.8196411
-8.144394 -4.712265 -2.145752
-8.222946 -5.0431366 -2.4575806
-8.3919525 -5.2811737 -2.6384888
-8.446701 -5.397812 -2.6218262
-8.518112 -5.500168 -2.6860962
-8.637131 -5.6905975 -2.7146606
-8.772812 -5.881027 -2.7289429
-8.920395 -6.104782 -2.6503906
-9.108444 -6.3832855 -2.7099
-9.436935 -6.630844 -2.8503418
-9.765427 -6.9783783 -2.96698
-10.205795 -7.18071 -3.371643
-10.68425 -7.513962 -3.6549072
-11.112717 -7.8210297 -3.8881836
-11.679245 -7.9352875 -3.8239136
-12.1315155 -7.95195 -3.4597168
-11.998215 -7.5639496 -3.5668335
-11.638779 -7.1402435 -3.4501953
-11.476913 -6.892685 -3.1550293
-11.276962 -6.9974213 -2.9574585
-11.365036 -7.342575 -2.947937
-11.634018 -7.573471 -2.9074707
-11.9006195 -7.7115326 -2.9003296
-12.28862 -7.899582 -3.024109
-12.614731 -8.049545 -3.1835938
-12.529037 -8.097153 -3.235962
-11.912521 -7.911484 -3.1431274
-10.755661 -7.5520477 -2.974121
-9.941574 -7.24736 -2.7313232
-9.570236 -6.952194 -2.6432495
-9.615463 -6.804611 -2.5670776
-9.663071 -6.5760956 -2.4361572
-9.710678 -6.3690033 -2.2695313
-9.939194 -5.96434 -2.4932861
-10.348618 -5.566818 -2.4385376
-10.61998 -5.0812225 -2.4742432
-11.019882 -4.750351 -2.459961
-11.381699 -4.4075775 -2.5004272
-11.653061 -4.1171722 -2.2052612
-11.876816 -3.898178 -1.9053345
-11.929184 -3.5363617 -1.7030029
-11.631638 -2.9912567 -1.6577759
-10.931808 -2.5413666 -1.9100952
-10.320053 -2.4699554 -1.7958374
-9.484543 -2.6841888 -1.74823
-8.848984 -3.0293427 -1.8363037
-8.468124 -3.1364594 -1.8339233
-8.122971 -3.1578827 -1.767273
-7.965866 -3.5934906 -1.2507324
-8.070602 -4.2290497 -0.49853516
-8.149155 -4.255234 -0.6604004
-8.106308 -3.7315521 -1.2626343
-8.125351 -3.2649994 -1.5601807
-8.358627 -3.1293182 -1.3269043
-8.456223 -3.115036 -1.3150024
-8.399094 -2.9198456 -1.7410889
-8.3134 -2.8698578 -2.0410156
-8.289597 -3.031723 -2.319519
-8.3134 -3.2388153 -2.357605
-8.458603 -3.1840668 -2.0957642
-8.444321 -3.3697357 -1.9505615
-8.63475 -3.5982513 -1.7410889
-8.7704315 -3.750595 -2.0076904
-8.88707 -3.8386688 -1.7886963
-8.82518 -3.6077728 -2.0100708
-8.718063 -3.307846 -2.0576782
-8.729965 -2.9626923 -2.0862427
-8.844223 -2.6889496 -1.9386597
-8.903732 -2.5651703 -1.6863403
-9.067978 -2.9008026 -1.4935303
-9.408371 -3.4268646 -1.3364258
-9.59404 -3.7386932 -1.5935059
-9.489304 -3.7648773 -1.914856
-9.46788 -3.5673065 -2.4813843
-9.85112 -3.436386 -2.8717651
-10.315292 -3.2578583 -2.9360352
-10.536667 -3.0840912 -2.6432495
-10.817551 -3.172165 -2.2052612
-11.117477 -3.307846 -2.00531
Time Stop = 4319
