Time Start = 4940
0.52015686 1.7742462 9.534729
0.49873352 1.5623932 9.446655
1.0247955 1.5243073 9.47522
1.1699982 1.5980988 9.441895
0.99861145 1.5861969 9.4609375
0.8534088 1.5195465 9.420471
0.8438873 1.426712 9.394287
0.9557648 1.3481598 9.3133545
0.951004 1.3505402 9.434753
0.8724518 1.5695343 9.251465
0.8153229 1.952774 9.510925
0.7129669 1.9194489 9.529968
0.5320587 1.6219025 9.837036
0.38685608 1.7242584 9.422852
0.6582184 1.5171661 9.565674
0.73677063 1.6647491 9.289551
0.71058655 1.7885284 9.494263
0.6891632 1.9599152 9.268127
0.32496643 1.8599396 9.834656
0.25831604 2.1622467 9.382385
-0.010665894 2.2622223 9.41333
-0.25108337 2.3264923 9.615662
-0.16539001 2.4455109 9.34906
0.115493774 2.600235 9.203857
0.07026672 2.5526276 9.363342
-0.008285522 2.5026398 9.310974
-0.04637146 2.543106 9.489502
-0.15348816 2.785904 9.401428
-0.31773376 3.0525055 9.446655
-0.0011444092 3.1667633 9.330017
-0.034469604 2.7192535 9.456177
-0.09159851 2.876358 9.491882
-0.2082367 2.6859283 9.3776245
-0.124923706 2.2241364 8.792053
-0.37486267 2.5050201 9.446655
-0.2082367 2.6787872 9.115784
-0.26298523 2.7882843 9.263367
-0.46769714 2.9929962 9.330017
-0.47483826 2.7835236 9.213379
-0.3058319 2.6168976 9.03009
-0.07493591 2.4693146 9.163391
-0.027328491 2.3455353 9.15625
-0.35105896 2.1598663 9.3776245
-0.38676453 2.1027374 9.149109
-0.1915741 2.2312775 9.28717
-0.13682556 2.766861 9.453796
-0.032089233 2.9691925 9.920349
-0.09635925 2.0646515 9.534729
-0.098739624 1.7956696 9.439514
-0.30821228 2.2574615 9.489502
-0.12968445 1.8123322 9.322876
-0.008285522 1.8099518 9.1467285
0.072647095 2.774002 9.291931
0.17024231 3.4238434 9.60376
0.1869049 3.645218 9.641846
0.2606964 3.3072052 9.441895
0.277359 2.5335846 9.3966675
0.2535553 2.3979034 9.2229
-0.0035247803 2.5669098 9.425232
-0.28678894 2.6621246 9.579956
-0.25108337 2.3288727 9.28717
-0.21775818 2.562149 9.418091
-0.055892944 3.1572418 9.458557
0.31306458 2.8477936 9.363342
-0.022567749 2.2622223 9.939392
0.17500305 2.0765533 9.594238
0.10597229 1.9813385 9.444275
0.22261047 2.081314 9.330017
0.45350647 1.869461 9.613281
0.4749298 2.2717438 9.944153
0.4677887 2.138443 9.748962
-0.079696655 1.6742706 9.677551
0.28926086 1.574295 9.760864
0.6082306 2.081314 9.820374
0.7153473 2.1860504 10.091736
0.37257385 1.2886505 9.727539
0.7867584 0.055618286 9.5252075
1.0795441 -0.59184265 9.239563
0.115493774 -0.67277527 9.582336
0.02027893 -0.40855408 10.255981
0.07026672 -0.6370697 9.618042
-1.1937103 -2.0986176 3.9122925
1.5722809 -2.94841 10.036987
0.7629547 1.298172 10.496399
-1.6293182 2.8906403 11.346191
-0.97709656 3.2953033 12.7387085
-1.4174652 2.0027618 9.251465
-0.9485321 -0.46568298 8.982483
-0.5533905 -0.44664 9.061035
-0.50816345 -0.39665222 9.180054
-0.2986908 -0.2823944 9.15387
-0.2653656 0.26985168 9.184814
-0.08921814 0.99824524 10.186951
-0.26298523 1.6861725 10.063171
-0.18681335 1.4862213 9.79895
0.04170227 0.9125519 9.66803
0.49397278 0.61738586 9.5442505
0.45350647 0.6792755 9.508545
0.3440094 1.3719635 9.237183
0.62965393 2.036087 9.710876
1.1438141 2.5478668 9.813232
0.68678284 2.645462 9.751343
0.4844513 2.574051 9.748962
0.19404602 2.3526764 9.760864
0.08692932 2.0003815 9.610901
0.010757446 1.1220245 9.441895
-0.04399109 0.7292633 9.760864
-0.098739624 1.5076447 9.503784
0.096450806 2.1812897 9.627563
0.28211975 2.1336823 9.689453
0.23451233 1.7456818 9.660889
0.1797638 1.6909332 9.458557
0.30830383 1.548111 9.598999
0.33448792 1.8527985 9.618042
0.360672 1.3672028 9.7323
0.36543274 1.2053375 9.501404
0.37019348 1.5671539 9.679932
0.16548157 1.6909332 9.739441
-0.14634705 1.2886505 9.784668
-0.08207703 1.5719147 9.615662
-0.051132202 2.0575104 9.265747
0.3511505 0.44599915 9.687073
-0.013046265 -0.56565857 8.608765
-0.18681335 -0.32048035 9.172913
-0.5129242 0.20796204 9.627563
-1.2913055 1.0339508 9.456177
-0.2582245 1.5195465 9.427612
0.2868805 2.0241852 9.006287
0.46064758 2.5050201 9.672791
0.22975159 2.88826 9.815613
0.15119934 2.8834991 9.829895
0.18452454 2.3717194 9.779907
0.17262268 2.6287994 9.994141
0.24641418 3.3881378 9.884644
-0.49388123 3.3667145 9.715637
1.4675446 1.8551788 9.560913
1.7698517 0.6983185 9.270508
1.5199127 0.33888245 9.065796
1.2176056 0.23652649 9.358582
0.67012024 0.43647766 9.627563
-0.18443298 0.93873596 9.648987
-0.38676453 1.3124542 9.570435
-0.1415863 1.3933868 9.996521
-0.032089233 1.3933868 9.753723
-0.13920593 1.4243317 9.86322
0.3035431 1.4695587 9.291931
0.73439026 1.2386627 9.487122
0.9557648 0.9673004 8.725403
1.3770905 1.1672516 9.810852
0.28926086 2.1527252 9.558533
-0.29154968 2.3336334 9.5442505
-0.13206482 2.7621002 9.782288
0.22975159 2.895401 9.777527
0.47731018 2.176529 9.568054
0.52967834 1.2672272 9.384766
0.6415558 0.6745148 9.21814
0.6582184 1.0363312 9.344299
0.5177765 1.2124786 9.53949
0.34877014 1.3695831 9.468079
0.04170227 1.6147614 9.660889
0.50349426 1.695694 9.251465
1.3247223 1.3076935 9.470459
0.9367218 1.2957916 9.508545
0.360672 1.2124786 9.449036
0.27973938 1.0982208 9.310974
0.3368683 1.233902 9.615662
0.21546936 1.5147858 9.579956
0.04170227 1.9337311 9.598999
0.008377075 2.009903 9.579956
0.2940216 1.7242584 9.258606
0.49397278 2.093216 9.47522
0.55348206 2.3407745 9.513306
0.42970276 2.1408234 9.568054
0.32496643 2.0384674 9.570435
0.24879456 2.0717926 9.489502
0.29878235 2.112259 9.598999
0.33924866 2.1931915 9.565674
0.2606964 2.2622223 9.639465
0.16072083 2.081314 9.508545
0.4749298 1.7194977 9.391907
0.87483215 1.4409943 9.270508
0.5558624 1.4719391 9.482361
0.443985 1.510025 9.553772
0.06074524 1.490982 9.644226
-0.07255554 1.4386139 9.318115
0.33448792 1.400528 9.289551
0.94862366 1.9194489 9.334778
1.0390778 2.6287994 9.491882
0.71058655 2.535965 9.534729
0.30830383 1.779007 9.380005
0.31306458 1.2743683 9.303833
0.4106598 1.3529205 9.322876
0.50349426 1.5457306 9.270508
0.15119934 1.5861969 9.696594
-0.14634705 1.8337555 9.3966675
0.0012359619 2.3979034 9.28717
0.2702179 2.331253 9.729919
0.655838 2.228897 9.299072
0.4915924 2.459793 9.472839
0.24879456 2.5573883 9.508545
0.08454895 2.2003326 9.47998
0.008377075 1.8408966 9.35144
0.16786194 1.7385406 9.408569
0.19642639 1.7813873 9.375244
0.16548157 1.7504425 9.332397
0.12025452 2.0575104 9.506165
0.115493774 2.1336823 9.470459
0.21070862 1.657608 9.318115
0.27497864 1.4314728 9.28241
0.2702179 1.8742218 9.591858
0.10597229 2.4026642 9.441895
0.09883118 2.1908112 9.577576
0.20118713 2.1098785 9.387146
0.24165344 2.112259 9.496643
0.31306458 1.9361115 9.301453
0.32972717 2.0218048 9.394287
0.2606964 2.3288727 9.489502
0.08930969 2.3479156 9.41333
0.08930969 2.0503693 9.403809
0.1797638 1.869461 9.41095
0.19404602 1.7909088 9.358582
0.22737122 1.657608 9.3776245
0.28211975 1.6909332 9.851318
0.21070862 2.1503448 9.446655
0.22737122 2.6478424 9.175293
0.25117493 2.324112 9.520447
0.24165344 2.1146393 9.251465
0.29164124 1.9551544 9.370483
0.31306458 1.6552277 9.739441
0.16786194 1.6623688 9.47522
-0.053512573 2.0717926 9.401428
0.18452454 2.6121368 9.268127
0.010757446 2.5312042 9.465698
0.0012359619 2.31221 9.0896
-0.079696655 2.286026 9.327637
0.36543274 2.2836456 9.360962
-0.37010193 2.3740997 9.34668
-0.20109558 2.0598907 9.527588
-0.14872742 2.2979279 9.320496
-0.032089233 2.6526031 9.320496
0.013137817 2.9096832 9.425232
-0.12730408 2.6978302 9.489502
-0.27012634 2.774002 9.563293
-0.37486267 3.0905914 9.489502
-0.12968445 2.8477936 9.437134
0.02027893 2.497879 9.47998
0.10359192 1.5957184 8.925354
-0.0059051514 1.740921 9.268127
-0.25108337 1.9123077 9.356201
-0.25108337 2.2146149 9.3133545
0.046463013 2.524063 9.465698
0.35353088 2.2765045 9.177673
0.68678284 1.9694366 9.177673
0.7153473 1.7552032 9.227661
0.49635315 1.9384918 9.237183
0.24403381 2.176529 9.334778
-0.04637146 1.6147614 9.53949
-0.3058319 1.0244293 9.375244
-0.36058044 1.612381 9.280029
-0.2320404 2.2503204 9.453796
0.005996704 2.1931915 9.584717
0.01789856 1.9146881 9.375244
0.1131134 1.3338776 9.303833
0.3202057 1.3410187 9.184814
0.47731018 1.7766266 9.172913
0.59394836 2.2265167 9.368103
0.42018127 2.8335114 9.651367
0.33448792 3.2976837 9.584717
0.25117493 3.2119904 9.482361
0.29164124 2.6478424 9.408569
0.2368927 2.1527252 9.270508
-0.06303406 1.7004547 9.582336
-0.43199158 1.9813385 9.470459
-0.3058319 2.478836 9.272888
0.2202301 2.6359406 9.553772
0.36305237 2.4550323 9.499023
0.33924866 2.324112 9.468079
0.39637756 2.3026886 9.47998
0.28450012 2.3931427 9.768005
-0.13682556 1.8361359 9.503784
0.06788635 1.2172394 8.444519
0.42494202 1.1077423 8.90155
0.1464386 2.3598175 9.653748
0.02027893 2.671646 9.15863
-0.3058319 2.8834991 9.449036
0.08930969 3.0763092 9.303833
0.6629791 2.9810944 9.237183
0.85102844 2.7621002 9.318115
0.4844513 2.6692657 9.368103
0.032180786 2.074173 9.425232
-0.38200378 1.7552032 9.180054
-0.50816345 1.4219513 9.34668
-0.543869 1.1862946 9.658508
0.67726135 1.5124054 9.22052
1.0366974 1.4933624 9.28241
1.0390778 2.0979767 9.577576
0.5891876 2.3455353 9.577576
0.739151 1.6171417 9.332397
1.6151276 1.9218292 9.294312
1.8388824 2.1479645 9.406189
1.3509064 1.824234 9.1657715
1.3818512 1.3886261 9.3776245
2.0888214 2.0408478 8.96582
1.2818756 2.9382477 9.632324
0.61061096 3.0929718 9.210999
0.7248688 3.4643097 9.727539
0.7891388 2.4026642 9.368103
0.66773987 2.1051178 9.22052
0.9462433 2.3455353 9.310974
0.8438873 2.100357 9.501404
0.41304016 2.0456085 9.253845
0.5177765 1.952774 9.360962
1.1652374 2.009903 9.260986
1.5294342 1.6742706 9.070557
1.4651642 0.39839172 9.265747
-0.16300964 0.85066223 9.399048
-0.079696655 3.2405548 9.353821
1.0890656 3.2072296 9.629944
1.0866852 2.5407257 9.529968
0.68440247 3.0739288 9.356201
0.5011139 3.3429108 9.568054
0.5249176 2.7192535 9.556152
0.45588684 2.0765533 9.408569
0.360672 1.6052399 9.253845
0.3678131 1.4386139 9.268127
0.32972717 1.343399 9.425232
0.3440094 1.343399 9.258606
0.3773346 1.8075714 9.449036
0.42018127 1.9932404 9.310974
0.30116272 1.7171173 9.251465
0.048843384 1.3505402 9.451416
-0.3891449 1.3719635 9.53949
-0.3153534 1.8194733 9.458557
0.09883118 2.2693634 9.491882
0.46302795 2.490738 9.458557
0.37019348 2.7763824 9.565674
0.33210754 2.959671 9.458557
0.41542053 2.7621002 9.360962
0.47016907 2.1670074 9.508545
0.34877014 1.8218536 9.41571
0.18214417 1.8837433 9.334778
0.27259827 2.0836945 9.522827
0.43684387 2.047989 9.489502
0.5320587 1.8147125 9.301453
0.62727356 1.7361603 9.170532
0.52967834 1.7694855 9.375244
0.32972717 2.1693878 9.568054
0.21070862 2.3455353 9.577576
0.1464386 2.278885 9.487122
0.30116272 2.1265411 9.420471
0.4178009 1.9980011 9.422852
0.3511505 1.8408966 9.246704
0.39875793 1.907547 9.34906
0.39161682 2.2717438 9.468079
0.3440094 2.293167 9.458557
0.3440094 2.0194244 9.529968
0.25831604 2.1074982 9.427612
0.3035431 2.0027618 9.327637
0.3939972 1.7575836 9.34906
0.40827942 1.9004059 9.3776245
0.3773346 2.1717682 9.408569
0.4178009 2.0218048 9.582336
0.2940216 1.9218292 9.441895
0.32972717 1.9051666 9.301453
0.4178009 1.9956207 9.427612
0.35353088 2.0789337 9.375244
0.30830383 1.9027863 9.358582
0.28450012 1.7361603 9.3776245
0.29878235 1.8956451 9.368103
0.27973938 2.0218048 9.399048
0.24879456 2.0979767 9.499023
0.21308899 2.37648 9.375244
0.30116272 2.324112 9.491882
0.29164124 1.9837189 9.441895
0.3273468 1.7885284 9.360962
0.32496643 1.8218536 9.239563
0.27259827 2.0955963 9.368103
0.13929749 2.1860504 9.458557
0.15834045 2.0598907 9.418091
0.18452454 2.074173 9.422852
0.32972717 2.619278 9.660889
0.22975159 2.574051 9.420471
0.27497864 2.2050934 9.47522
0.3368683 2.112259 9.470459
0.3440094 2.0789337 9.353821
0.3106842 1.8789825 9.244324
0.23213196 1.9337311 9.375244
0.26307678 1.9456329 9.318115
0.17738342 1.9980011 9.41095
0.1869049 2.0908356 9.601379
0.16548157 2.2884064 9.418091
0.15119934 2.4740753 9.35144
0.15119934 2.4288483 9.291931
0.22499084 2.3217316 9.341919
0.905777 2.028946 9.263367
-0.5367279 1.9599152 9.365723
-0.40104675 2.2836456 9.28479
-0.6938324 2.728775 9.520447
-0.21299744 2.6883087 9.637085
0.5177765 1.9956207 9.125305
0.47969055 2.433609 9.587097
0.08692932 3.0763092 9.441895
-0.78904724 3.1239166 8.906311
0.81770325 2.1241608 9.537109
-1.7459564 2.7430573 8.613525
-0.022567749 2.728775 9.175293
0.18214417 2.8525543 9.353821
-0.31059265 2.8858795 9.73468
-0.5962372 2.4026642 9.675171
-0.47721863 2.3907623 9.344299
-0.1749115 1.6528473 9.068176
0.025039673 1.3553009 8.958679
-0.09635925 1.9218292 9.315735
-0.11302185 2.4645538 9.596619
0.117874146 2.7382965 9.399048
0.35353088 2.721634 9.420471
0.4178009 2.8549347 9.482361
0.40589905 2.7906647 9.41333
0.34877014 2.5050201 9.327637
0.20832825 2.4359894 9.260986
0.42256165 2.5930939 9.372864
0.5820465 2.6478424 9.41571
0.46302795 2.4859772 9.384766
0.30592346 2.3217316 9.303833
0.26783752 1.9313507 9.203857
0.19166565 1.8147125 9.363342
0.12263489 2.1170197 9.453796
-0.17967224 2.8930206 9.644226
-0.29393005 3.3024445 9.753723
-0.32725525 3.3429108 9.725159
-0.3153534 3.2143707 9.532349
0.15834045 3.0667877 9.394287
-0.9152069 2.4288483 9.463318
0.6463165 0.4245758 9.139587
-0.07255554 -0.23240662 9.325256
-0.46055603 1.1815338 9.737061
0.5511017 3.3905182 9.910828
1.0200348 3.3619537 10.767761
-1.3412933 4.7330475 11.646118
0.9367218 2.88826 9.610901
0.905777 0.6578522 8.530212
2.2697296 -0.548996 8.454041
2.707718 -1.1417084 8.634949
2.022171 -1.2131195 7.9422607
1.912674 -0.8513031 8.615906
1.0866852 0.42933655 9.882263
-0.3224945 0.3603058 9.306213
-0.85331726 -0.67515564 9.058655
-0.63194275 -0.35142517 9.375244
-0.8318939 -0.4966278 9.653748
-0.36058044 0.4079132 9.639465
0.26307678 2.1527252 10.236938
0.5344391 4.1498566 9.870361
0.739151 4.840164 9.910828
0.117874146 4.1093903 9.4776
-0.26298523 2.0003815 8.922974
-0.09397888 0.8435211 9.011047
-0.17253113 1.1791534 8.811096
-1.2627411 2.516922 9.053894
-1.4793549 3.497635 10.544006
1.2295074 2.607376 10.201233
0.06550598 3.2500763 9.98938
0.5844269 3.9165802 9.591858
0.18214417 3.3524323 8.725403
-0.8604584 2.0717926 8.446899
-1.6555023 1.8266144 8.361206
-1.3722382 2.0122833 9.034851
-0.6676483 2.997757 9.418091
0.094070435 2.9192047 9.463318
0.45588684 1.6147614 9.144348
0.003616333 1.9027863 9.610901
-0.37486267 2.5669098 9.506165
-0.50102234 1.8504181 9.272888
-0.21299744 2.6097565 9.482361
-0.19633484 2.902542 9.587097
-0.3558197 1.3100739 9.044373
-0.17253113 -0.18241882 8.806335
-0.077316284 1.2220001 9.15863
-0.029708862 3.1429596 9.546631
-0.34153748 3.9499054 9.984619
-0.74620056 5.8613434 9.472839
-1.088974 3.5595245 10.50116
-0.60813904 2.9620514 9.084839
-0.55815125 3.5738068 9.201477
-0.45817566 2.7501984 9.15863
-0.36296082 1.4766998 8.839661
-0.28678894 1.3648224 8.575439
-0.332016 1.8670807 9.213379
-0.22966003 3.5476227 9.803711
-0.22013855 3.6404572 9.777527
-0.039230347 2.9287262 9.389526
-0.053512573 3.266739 9.472839
-0.098739624 3.1762848 9.422852
-0.1415863 2.324112 9.206238
-0.10588074 1.7885284 9.046753
0.12025452 1.9027863 8.996765
0.2535553 1.99086 9.334778
0.24879456 2.266983 9.520447
0.22261047 1.9313507 9.270508
0.277359 1.612381 9.15625
Time Stop = 4945
