Time Start = 4690
-9.375046 -3.4887543 1.0272827
-9.113205 -3.4911346 1.3771973
-9.151291 -3.3959198 1.3748169
-9.365524 -3.422104 1.3795776
-9.451218 -3.4054413 1.1272583
-9.332199 -3.4387665 1.041565
-9.270309 -3.3054657 1.1796265
-9.27507 -3.281662 1.2629395
-9.296494 -3.3245087 1.3890991
-9.417892 -3.4506683 1.3652954
-9.382187 -3.474472 1.2224731
-9.391708 -3.4697113 1.132019
-9.344101 -3.4625702 1.1486816
-9.429794 -3.3983002 1.1843872
-9.515488 -3.4125824 1.234375
-9.515488 -3.4340057 1.2177124
-9.46788 -3.3292694 1.1962891
-9.446457 -3.3126068 1.1558228
-9.4631195 -3.3173676 1.2462769
-9.53215 -3.3578339 1.3557739
-9.624985 -3.3983002 1.3581543
-9.589279 -3.5339813 1.2629395
-9.551193 -3.6077728 1.0748901
-9.489304 -3.595871 1.0963135
-9.4655 -3.633957 1.0130005
-9.491684 -3.5744476 1.0153809
-9.484543 -3.5411224 1.0177612
-9.534531 -3.467331 1.0963135
-9.565475 -3.391159 1.0463257
-9.517868 -3.3483124 1.0629883
-9.453598 -3.403061 1.2296143
-9.477402 -3.4078217 1.1129761
-9.536911 -3.3364105 1.0939331
-9.577377 -3.345932 0.939209
-9.555954 -3.2745209 1.0606079
-9.436935 -3.4125824 1.1629639
-9.475021 -3.5268402 1.1463013
-9.446457 -3.5911102 1.0725098
-9.455978 -3.7458344 1.0153809
-9.496445 -3.8220062 0.8868408
-9.460739 -3.7839203 0.76782227
-9.422653 -3.750595 0.76782227
-9.479782 -3.6268158 0.7178345
-9.479782 -3.660141 0.7821045
-9.436935 -3.6720428 0.855896
-9.396469 -3.6387177 0.7321167
-9.2512665 -3.5673065 0.79400635
-9.246506 -3.403061 0.625
-9.2322235 -3.2578583 0.57263184
-9.125107 -3.4459076 0.52978516
-9.234604 -3.8196259 0.1965332
-9.306015 -3.871994 0.12512207
-9.14653 -3.6768036 0.23699951
-8.834702 -3.300705 0.39886475
-8.772812 -3.031723 0.48693848
-9.006088 -2.6103973 0.8820801
-9.113205 -2.2700043 1.2391357
-9.20842 -2.0962372 1.3010254
-9.234604 -2.2342987 1.1010742
-9.313156 -2.596115 0.8249512
-9.477402 -3.0102997 0.48693848
-9.567856 -3.5482635 0.070373535
-9.741623 -4.076706 -0.22955322
-9.943954 -4.455185 -0.27478027
-10.134384 -4.7027435 -0.26049805
-10.248642 -4.8884125 0.029907227
-10.222458 -4.93602 0.27508545
-10.051071 -5.1573944 0.37268066
-9.993942 -5.4287567 0.027526855
-10.04393 -5.7096405 -0.16052246
-10.101059 -5.8691254 -0.48187256
-10.23674 -6.0928802 -0.510437
-10.500961 -6.1000214 -0.21051025
-10.403366 -5.8905487 0.091796875
-10.262924 -5.916733 0.22509766
-10.308151 -6.6594086 0.22509766
-10.593796 -7.509201 0.10845947
-10.855637 -7.7805634 -0.0748291
-10.846115 -7.316391 -0.27478027
-10.722336 -6.7498627 0.16320801
-10.672348 -6.528488 0.54644775
-10.648544 -6.7689056 0.46313477
-10.777084 -7.18071 0.28936768
-10.841354 -7.433029 -0.1081543
-10.734238 -7.463974 0.053710938
-10.515244 -7.406845 0.32269287
-10.522385 -7.687729 0.96539307
-10.87468 -7.9424286 1.4676514
-11.088913 -7.9947968 1.5747681
-11.276962 -8.028122 1.3438721
-11.272202 -7.811508 0.93444824
-11.00322 -7.6163177 0.7654419
-10.489059 -7.573471 0.42266846
-10.17247 -8.161423 0.30841064
-10.077255 -8.970749 0.110839844
-10.403366 -10.108566 0.20367432
-10.8484955 -10.784592 0.19415283
-10.872299 -10.760788 0.5083618
-10.498581 -10.510849 0.89160156
-9.948715 -10.275192 1.0796509
-9.715439 -10.244247 0.81781006
-9.839218 -10.606064 0.4345703
-10.1082 -10.913132 -0.30096436
-10.096298 -10.510849 -0.33190918
-9.548813 -9.741989 0.46551514
-8.922775 -9.432541 1.7723389
-8.787094 -9.356369 2.1270142
-8.858505 -9.23735 1.7961426
-8.894211 -9.375412 1.5438232
-8.725204 -8.663681 1.4962158
-8.106308 -7.5687103 1.7866211
-7.4088593 -6.328537 2.4507446
-6.5495453 -5.473984 3.2505493
-5.785446 -6.1523895 4.3859863
-5.559311 -8.030502 4.197937
-6.3067474 -9.503952 3.0672607
-7.028 -9.999069 2.0722656
-6.6780853 -9.61821 1.8770752
-5.7687836 -8.542282 2.331726
-4.854721 -7.6353607 2.7340088
-4.3881683 -7.2425995 3.4171753
-4.128708 -6.975998 3.8813477
-4.0811005 -7.2949677 4.550232
-4.1453705 -7.014084 4.4692993
-4.0549164 -6.8141327 4.543091
-3.9192352 -6.442795 4.5597534
-3.8311615 -6.611801 4.7001953
-4.154892 -5.564438 5.640442
-3.6788177 -4.069565 5.992737
-2.7861786 -3.288803 6.2331543
-2.103012 -3.2697601 6.321228
-1.717392 -3.519699 6.3569336
-1.6412201 -3.8672333 5.8951416
-1.8554535 -5.4835052 6.045105
-2.4410248 -6.066696 5.4595337
-2.852829 -5.8881683 5.0620117
-2.5481415 -5.162155 5.1762695
-1.8554535 -4.217148 5.4119263
-1.1699066 -3.2411957 5.995117
-0.65574646 -2.6413422 6.4783325
-0.50816345 -2.8508148 7.0377197
-0.6176605 -2.7603607 6.7973022
-0.9842377 -2.569931 6.7282715
-1.300827 -1.8891449 6.1331787
-1.5412445 -1.0393524 6.0855713
-1.4269867 -0.7941742 6.354553
-0.94377136 -0.64183044 6.564026
-0.39152527 -0.56565857 7.044861
-0.16062927 -0.41331482 7.2043457
-0.47483826 0.1698761 7.006775
-0.96995544 0.8435211 6.699707
-1.3032074 1.2696075 6.9139404
-1.2675018 1.6171417 6.6949463
-1.1246796 1.8456573 6.6259155
-1.0723114 1.8266144 7.052002
-1.0508881 1.9932404 7.6780396
-1.0937347 2.509781 7.9970093
-1.4341278 3.2595978 7.847046
-1.6316986 3.4238434 8.237427
-1.3603363 3.3738556 8.1588745
-0.9556732 3.035843 7.970825
-0.9985199 2.7454376 7.918457
-1.4246063 2.9311066 7.9327393
-1.884018 3.3619537 8.123169
-1.8673553 4.0546417 8.008911
-1.550766 4.3736115 8.237427
-1.1841888 4.544998 8.123169
-1.0342255 4.3236237 8.368347
-0.90330505 4.276016 8.375488
-1.0389862 4.5807037 8.280273
-1.2603607 4.844925 8.270752
-1.2270355 4.9710846 8.32074
-1.069931 4.7592316 8.587341
-1.069931 4.594986 8.406433
-1.1175385 4.378372 8.273132
-1.1199188 4.3688507 8.182678
-1.0675507 4.421219 8.401672
-0.8247528 4.6878204 8.365967
-0.6438446 4.9496613 8.156494
-0.62242126 5.0282135 8.054138
-0.66526794 4.6449738 7.9375
-0.7676239 4.5711823 7.589966
-0.92948914 4.6949615 7.4852295
-0.9842377 4.8615875 7.5994873
-0.82951355 5.0591583 7.7018433
-0.7366791 5.1234283 8.018433
-0.81999207 5.07106 8.434998
-0.9580536 4.8734894 8.377869
-1.1413422 4.602127 8.061279
-1.1508636 4.3022003 7.7732544
-1.0532684 4.397415 7.8565674
-0.97709656 4.773514 7.8065796
-1.0485077 5.204361 7.778015
-1.2341766 5.397171 7.6328125
-1.3627167 5.2638702 7.570923
-1.217514 5.1043854 7.404297
-1.0580292 5.1948395 7.437622
-1.0675507 5.3686066 7.5423584
-1.1389618 5.473343 7.6589966
-1.1318207 5.3352814 7.7351685
-1.1270599 5.1448517 7.8779907
-1.2675018 5.063919 7.8637085
-1.3365326 5.0996246 7.7994385
-1.2270355 5.1829376 7.820862
-1.0128021 5.2733917 7.7803955
-1.0080414 5.3090973 7.675659
-1.1556244 5.435257 7.468567
-1.3103485 5.499527 7.4804688
-1.4103241 5.525711 7.649475
-1.3293915 5.5161896 7.963684
-1.1008759 5.5876007 8.073181
-0.95329285 5.639969 8.099365
-1.0223236 5.6637726 7.8756104
-1.1151581 5.5614166 7.74469
-1.2079926 5.4828644 7.5494995
-1.31987 5.4185944 7.5614014
-1.4317474 5.318619 7.5614014
-1.3698578 5.2448273 7.6470947
-1.3698578 5.2971954 7.668518
-1.2984467 5.4376373 7.573303
-1.2889252 5.4185944 7.573303
-1.1770477 5.428116 7.5566406
-1.300827 5.461441 7.656616
-1.4698334 5.363846 7.823242
-1.4103241 5.3567047 7.816101
-1.2389374 5.318619 7.7851563
-1.2270355 5.1900787 7.585205
-1.1937103 5.113907 7.4352417
-1.31987 5.13295 7.3233643
-1.4293671 5.192459 7.475708
-1.3508148 5.230545 7.737549
-1.2079926 5.2281647 7.713745
-1.0508881 5.19722 7.7351685
-1.0318451 5.159134 7.7280273
-1.1151581 5.2138824 7.6209106
-1.236557 5.1757965 7.6375732
-1.3627167 5.0853424 7.656616
-1.4055634 5.0996246 7.7494507
-1.3151093 5.13295 7.756592
-1.2317963 5.32576 7.789917
-1.2079926 5.4138336 7.868469
-1.2008514 5.401932 7.8137207
-1.2198944 5.299576 7.6447144
-1.3127289 5.237686 7.635193
-1.3912811 5.154373 7.7542114
-1.4103241 5.154373 7.9017944
-1.2913055 5.216263 7.7875366
-1.2127533 5.280533 7.7470703
-1.2698822 5.218643 7.6780396
-1.3484344 5.2019806 7.611389
-1.4626923 5.2210236 7.520935
-1.4793549 5.299576 7.6018677
-1.4555511 5.3614655 7.7161255
-1.2936859 5.306717 7.7494507
-1.2389374 5.306717 7.7684937
-1.3222504 5.294815 7.6637573
-1.3769989 5.2971954 7.5304565
-1.4103241 5.3090973 7.4971313
-1.2865448 5.26149 7.5614014
-1.2889252 5.3043365 7.547119
-1.2341766 5.370987 7.5614014
-1.1651459 5.442398 7.635193
-1.1294403 5.4209747 7.6899414
-1.1603851 5.347183 7.661377
-1.2722626 5.32576 7.578064
-1.4507904 5.366226 7.6018677
-1.4626923 5.3543243 7.68042
-1.3293915 5.447159 7.656616
-1.2079926 5.3924103 7.7018433
-1.1794281 5.3995514 7.6708984
-1.2127533 5.351944 7.609009
-1.3293915 5.3162384 7.5947266
-1.3627167 5.2971954 7.6899414
-1.365097 5.3805084 7.737549
-1.3531952 5.430496 7.7875366
-1.31987 5.4900055 7.74469
-1.2913055 5.4138336 7.706604
-1.2579803 5.301956 7.6780396
-1.274643 5.218643 7.5685425
-1.3055878 5.1638947 7.6447144
-1.338913 5.1686554 7.6970825
-1.3555756 5.2329254 7.578064
-1.3270111 5.32576 7.6780396
-1.338913 5.3233795 7.68042
-1.236557 5.235306 7.68042
-1.1556244 5.2257843 7.5614014
-1.1746674 5.2019806 7.559021
-1.2794037 5.173416 7.706604
-1.3079681 5.2257843 7.649475
-1.2841644 5.2662506 7.649475
-1.3436737 5.347183 7.6209106
-1.3603363 5.3090973 7.6447144
-1.3222504 5.306717 7.7613525
-1.338913 5.2519684 7.918457
-1.3103485 5.211502 7.8756104
-1.3151093 5.2733917 7.8779907
-1.3674774 5.287674 7.797058
-1.4150848 5.3281403 7.7423096
-1.4507904 5.275772 7.6828003
-1.4436493 5.216263 7.68042
-1.4127045 5.218643 7.7922974
-1.3769989 5.3233795 7.756592
-1.3127289 5.3424225 7.854187
-1.2103729 5.3495636 7.804199
-1.2436981 5.3114777 7.7922974
-1.2651215 5.301956 7.7280273
-1.3460541 5.223404 7.751831
-1.4650726 5.19722 7.778015
-1.4555511 5.1757965 7.8327637
-1.31987 5.2543488 7.789917
-1.2341766 5.3352814 7.7089844
-1.2413177 5.351944 7.694702
-1.2936859 5.2638702 7.758972
-1.3912811 5.1424713 7.782776
-1.4246063 5.173416 7.8113403
-1.4603119 5.2019806 7.880371
-1.3579559 5.230545 7.8970337
-1.2508392 5.2067413 7.8327637
-1.2032318 5.1067657 7.770874
-1.2103729 5.049637 7.887512
-1.3936615 5.0282135 7.823242
-1.4269867 5.0734406 7.789917
-1.403183 5.1567535 7.7946777
-1.3579559 5.280533 7.694702
-1.3555756 5.397171 7.725647
-1.217514 5.359085 7.6708984
-1.134201 5.2472076 7.7018433
-1.2294159 5.109146 7.7661133
-1.3246307 5.0853424 7.7875366
-1.3603363 5.0972443 7.7280273
-1.3055878 5.07106 7.6828003
-1.2651215 5.094864 7.7018433
-1.2651215 5.109146 7.6518555
-1.3079681 5.1305695 7.6018677
-1.3698578 5.1496124 7.5494995
-1.3722382 5.1067657 7.649475
-1.3484344 5.1496124 7.673279
-1.3412933 5.2138824 7.6518555
-1.3293915 5.2519684 7.7161255
-1.3055878 5.166275 7.699463
-1.2936859 5.0662994 7.573303
-1.281784 4.9496613 7.6328125
-1.2913055 4.923477 7.5423584
-1.2389374 4.902054 7.449524
-1.3174896 4.9068146 7.42572
-1.2794037 4.8687286 7.3876343
-1.3460541 4.8996735 7.2924194
-1.365097 4.9329987 7.2995605
-1.3293915 4.890152 7.213867
-1.281784 4.7782745 7.1638794
-1.1841888 4.723526 7.082947
-1.1508636 4.6354523 7.0162964
-1.1794281 4.537857 6.833008
-1.1675262 4.478348 6.711609
-1.3127289 4.402176 6.5283203
-1.4127045 4.3498077 6.537842
-1.3889008 4.249832 6.456909
-1.2413177 4.0927277 6.473572
-1.1556244 4.0094147 6.499756
-1.2246552 4.0594025 6.5806885
-1.2436981 4.159378 6.585449
-1.2341766 4.3093414 6.3974
-1.3032074 4.1165314 6.3045654
-1.4174652 3.7451935 6.102234
-1.4507904 3.1739044 6.07605
-1.4317474 2.7002106 6.109375
-1.1937103 2.2884064 6.264099
-1.1603851 2.3288727 6.52594
-1.1603851 2.7882843 6.968689
-1.088974 3.216751 6.9258423
-1.0937347 2.6978302 7.0543823
-1.1746674 1.721878 6.7282715
-1.2865448 0.57691956 6.540222
-1.486496 -0.44664 6.502136
-1.6078949 -1.0345917 6.790161
-1.762619 -0.991745 7.2852783
-1.743576 -0.5156708 7.8184814
-1.6602631 -0.23478699 8.125549
-1.4912567 -0.4394989 8.151733
-1.51268 -1.2274017 7.6209106
-1.5031586 -2.4437714 7.392395
-1.5198212 -3.4601898 7.2686157
-1.6174164 -4.076706 7.085327
-1.8316498 -4.3290253 6.968689
-2.0744476 -4.598007 7.180542
-2.3220062 -5.0431366 7.437622
-2.4719696 -5.6263275 7.147217
-2.391037 -6.464218 6.5687866
-2.2006073 -7.4996796 6.352173
-1.9792328 -8.342331 5.9379883
-2.0101776 -8.725571 5.8880005
-2.1172943 -8.4423065 5.8094482
-2.391037 -8.073349 6.1831665
-2.5076752 -7.6520233 6.3974
-2.6552582 -7.3592377 6.123657
-2.9694672 -7.3973236 5.333374
-3.3693695 -7.7305756 4.140808
-3.9573212 -7.963852 3.1624756
-4.4262543 -7.9614716 2.279358
-4.6214447 -7.856735 1.7842407
-4.566696 -7.7543793 1.9008789
-4.4905243 -7.513962 1.9056396
-4.578598 -7.554428 1.5652466
-5.0546722 -8.239975 0.9058838
-5.702133 -9.639633 0.5345459
-6.285324 -10.703659 -0.4295044
-6.6161957 -11.648666 -1.3102417
-6.83757 -11.898605 -1.5720825
-6.7494965 -11.591537 -1.4506836
-6.785202 -10.917892 -0.991272
-6.8090057 -9.818161 -0.9389038
-7.0446625 -8.668442 -1.0603027
-7.292221 -7.978134 -1.2554932
-7.0518036 -8.032883 -1.7744141
-7.54216 -7.475876 -2.062439
-7.996811 -7.278305 -2.2647705
-8.518112 -7.3378143 -2.4337769
-8.801376 -7.156906 -2.7218018
-9.077499 -6.635605 -3.4835205
-9.817795 -6.699875 -3.8619995
-10.591415 -6.8784027 -4.283325
-10.924667 -7.494919 -4.5999146
-11.031784 -8.40184 -4.428528
-11.084152 -9.127853 -3.8001099
-11.046066 -9.506332 -3.4573364
-10.962753 -9.487289 -3.171692
-11.222214 -9.411118 -3.171692
-11.448349 -9.23735 -3.1169434
-11.514999 -9.118332 -3.1002808
-11.555466 -8.989792 -3.1740723
-11.538803 -8.613693 -3.0145874
-11.534042 -8.185226 -2.626587
-11.5864105 -7.561569 -2.2909546
-11.567368 -6.8141327 -2.0552979
-11.805405 -6.2690277 -1.6054077
-12.019638 -5.38591 -1.4221191
-11.957748 -4.5218353 -1.3649902
-11.96965 -3.891037 -1.4292603
-11.779221 -3.6696625 -1.6411133
-11.572128 -3.8838959 -1.7958374
-11.191269 -4.0338593 -2.2980957
-10.779465 -4.2790375 -2.569458
-10.543808 -4.500412 -2.7694092
-10.253403 -4.276657 -3.402588
-10.051071 -4.4123383 -3.6096802
-10.079636 -4.538498 -3.6882324
-9.941574 -4.826523 -3.7286987
-9.570236 -5.140732 -3.614441
-9.170334 -5.340683 -3.2264404
-8.846603 -5.38591 -2.7646484
-8.639511 -5.340683 -2.2076416
-8.496689 -5.238327 -1.7363281
-8.339584 -5.1335907 -1.5220947
-8.365768 -5.071701 -1.3340454
-8.496689 -5.0478973 -1.350708
-8.62999 -5.116928 -1.5339966
-8.725204 -5.052658 -1.5958862
-8.829941 -4.840805 -1.7839355
-8.846603 -4.257614 -2.0671997
-8.9370575 -3.7386932 -2.3409424
-9.301254 -3.5101776 -2.4528198
-9.517868 -3.4459076 -2.6480103
-9.515488 -3.71727 -2.9765015
-9.310776 -3.9910126 -3.0336304
-9.058456 -4.205246 -2.826538
-8.684738 -4.238571 -2.6432495
-8.460983 -4.0624237 -2.7646484
-8.613327 -3.97435 -2.800354
-9.034653 -3.955307 -2.7194214
-9.489304 -4.0552826 -2.7646484
-9.634506 -4.269516 -2.7337036
-9.429794 -4.4599457 -2.4528198
-9.163193 -4.4861298 -2.0957642
-8.994186 -4.364731 -1.3840332
-8.8537445 -4.071945 -1.074585
-8.941818 -3.9386444 -0.9293823
-9.1489105 -3.91008 -0.9460449
-9.436935 -3.9576874 -1.0055542
-9.682114 -4.110031 -1.2293091
-9.810654 -4.121933 -1.4459229
-10.020126 -3.948166 -1.6411133
-10.393845 -3.6720428 -1.7982178
-10.672348 -3.20549 -2.0767212
-10.700912 -2.6484833 -2.4813843
-10.49144 -2.4199677 -2.3052368
-10.084396 -2.5032806 -1.8791504
-9.605942 -2.7722626 -1.4935303
-9.27507 -3.1935883 -1.3007202
-9.256027 -3.4149628 -1.4483032
-9.46788 -3.493515 -1.6720581
-9.727341 -3.4816132 -2.0529175
-9.901108 -3.576828 -2.19812
-9.84874 -3.7077484 -2.2909546
-9.4655 -3.826767 -2.2124023
-9.07988 -3.91008 -2.13385
-8.703781 -3.9148407 -1.9862671
-8.518112 -3.8624725 -1.8363037
-8.470505 -3.7767792 -1.8434448
-8.487167 -3.7077484 -1.94104
-8.57048 -3.603012 -2.0148315
Time Stop = 4695
