Time Start = 4879
-2.47435 3.5476227 9.194336
-1.6626434 3.2595978 8.858704
-0.86997986 3.281021 8.972961
-0.54148865 3.690445 9.260986
-0.6343231 4.04274 9.551392
-1.0318451 3.9689484 9.658508
-1.2317963 3.5452423 9.206238
-1.2627411 2.619278 8.463562
-1.1603851 1.574295 7.9851074
-0.9247284 0.6483307 7.475708
-0.36296082 -0.030075073 7.3233643
0.3106842 -0.06340027 7.5685425
0.9557648 -0.053878784 8.480225
1.4913483 0.24842834 9.418091
1.9555206 0.98158264 9.898926
2.214981 1.7480621 10.275024
2.0578766 2.490738 9.851318
1.7317657 2.6526031 9.263367
1.7127228 2.6311798 8.568298
1.8031769 2.176529 8.19696
1.8174591 2.2527008 7.461426
1.4746857 2.0575104 7.9136963
0.9557648 1.6480865 8.38501
0.5653839 -0.0110321045 9.075317
0.3273468 -1.351181 9.553772
0.26783752 -2.312851 10.424988
0.32972717 -2.5842133 11.896057
0.34162903 -2.1962128 12.286438
0.7058258 -0.71562195 12.526855
1.303299 1.1910553 11.948425
1.8912506 1.721878 11.2057495
2.226883 0.9339752 10.408325
2.2935333 0.30317688 9.748962
2.0840607 0.017532349 9.429993
1.9102936 0.04133606 9.196716
1.7746124 0.25556946 9.208618
1.8126984 0.6459503 9.122925
1.9150543 0.9125519 9.272888
2.0721588 1.3505402 9.368103
2.105484 1.6504669 9.506165
1.9721832 1.2672272 9.965576
1.6674957 0.6411896 9.910828
1.2961578 0.15559387 9.913208
0.80818176 0.41267395 9.86322
0.5177765 0.60310364 10.1536255
0.6796417 0.9911041 9.967957
0.8534088 0.95539856 9.870361
0.85816956 0.85066223 9.658508
0.7962799 0.52693176 9.579956
0.59394836 0.61024475 9.330017
0.28211975 0.522171 9.270508
0.15119934 0.28889465 9.463318
0.13691711 0.7459259 9.35144
-0.0035247803 0.61024475 9.35144
-0.1582489 1.3743439 9.358582
-0.30821228 1.5766754 10.175049
-0.27726746 1.2291412 10.163147
-0.2725067 0.522171 9.772766
-0.098739624 0.034194946 9.806091
0.27259827 0.39601135 9.601379
0.75819397 0.38172913 9.375244
1.24617 0.753067 9.380005
1.5532379 0.9863434 9.532349
1.7508087 1.260086 9.739441
1.765091 1.7194977 9.86084
1.7365265 1.779007 10.010803
1.9031525 1.6790314 9.644226
2.4506378 0.72450256 9.570435
2.9100494 -0.13957214 9.22052
3.0623932 -0.11100769 8.784912
2.8672028 0.51979065 9.006287
2.5268097 1.233902 10.420227
1.9674225 1.6528473 11.536621
1.4984894 1.5338287 11.838928
1.3985138 0.6292877 11.641357
1.3271027 0.61976624 10.31311
1.2152252 0.7649689 9.408569
1.3056793 1.5504913 9.046753
0.025039673 2.1789093 6.7925415
-1.134201 -0.16575623 9.579956
-1.6364594 0.28651428 9.887024
-2.7814178 -0.20384216 10.272644
-2.8314056 -0.6442108 9.234802
-1.44841 -0.19194031 7.7922974
-0.3558197 0.16749573 7.380493
0.04408264 0.90541077 7.7280273
0.19166565 0.88160706 7.9470215
0.16786194 0.25556946 8.913452
0.046463013 0.18891907 8.822998
-0.3153534 0.37934875 9.770386
-0.11778259 0.7197418 11.074829
0.5820465 1.1339264 11.648499
1.098587 1.2672272 11.7508545
1.2437897 0.99586487 11.419983
1.4056549 0.8197174 11.039124
1.5484772 0.9530182 10.091736
1.4461212 1.1934357 9.632324
1.1485748 1.7671051 8.06366
0.8153229 -1.8058319 10.175049
1.1890411 -2.6484833 8.892029
0.6986847 -0.7346649 8.808716
0.26783752 0.51026917 10.234558
0.886734 1.2053375 10.6297
1.6341705 1.7123566 10.339294
1.7674713 0.56977844 10.058411
1.4913483 -0.051498413 9.291931
1.5127716 -0.8084564 8.292175
1.4818268 -1.0893402 8.358826
1.6722565 0.012771606 8.235046
1.9031525 0.81495667 9.241943
2.14357 0.6578522 9.625183
2.33638 0.09132385 9.648987
2.060257 0.034194946 9.710876
1.6508331 0.20082092 9.841797
1.3175812 0.2103424 10.260742
1.155716 0.09132385 10.032227
1.2890167 0.34840393 9.615662
1.4794464 0.89826965 9.472839
1.4056549 1.4409943 9.92749
1.2723541 1.9575348 9.503784
1.2961578 0.51026917 10.106018
1.1485748 -0.5608978 10.072693
0.72724915 -0.6442108 9.803711
0.35353088 0.7030792 9.722778
0.25593567 2.0789337 9.6918335
0.36305237 2.3907623 10.222656
0.8438873 2.0146637 10.141724
1.3723297 1.1624908 9.660889
1.5222931 0.4412384 9.244324
1.412796 0.3174591 9.5252075
1.034317 0.2436676 9.184814
0.64393616 0.32460022 9.687073
0.7129669 0.60310364 9.610901
1.0485992 0.6983185 9.487122
1.1247711 0.7697296 9.529968
1.0271759 0.71022034 9.687073
0.77723694 1.0363312 9.92511
0.3273468 0.8720856 10.43927
-0.10588074 0.52931213 11.215271
-0.3224945 0.85780334 11.101013
-0.5724335 -0.9179535 11.386658
-0.058273315 -2.3485565 8.727783
0.11073303 -1.6439667 7.9208374
-0.5367279 0.41505432 8.2421875
-0.59861755 1.4505157 8.489746
0.008377075 1.5980988 9.439514
0.6915436 0.9696808 9.591858
0.86769104 0.03895569 8.922974
0.6510773 -0.79893494 8.894409
0.3773346 -0.22050476 8.404053
0.027420044 0.374588 8.880127
-0.17253113 0.88874817 9.951294
-0.0844574 0.94825745 10.432129
0.33924866 0.8435211 10.851074
0.7129669 0.13893127 10.936768
1.1271515 0.6554718 10.289307
1.4389801 2.2741241 9.570435
1.2818756 2.535965 9.675171
1.24617 1.843277 9.858459
1.7579498 1.1029816 9.825134
1.9674225 0.227005 8.682556
2.2126007 0.10560608 9.291931
2.1673737 0.9292145 9.60376
1.6579742 1.5885773 9.903687
1.303299 1.9670563 9.832275
1.3413849 2.1170197 9.646606
1.7174835 2.3479156 9.791809
1.9102936 2.2431793 9.751343
1.8507843 1.3481598 9.5442505
1.8841095 0.4412384 9.368103
1.7888947 0.015151978 9.341919
1.4842072 0.30317688 9.551392
0.97242737 0.8197174 9.98938
0.77485657 1.5623932 9.913208
0.81770325 1.5266876 9.851318
0.8962555 0.35554504 9.520447
-1.864975 -0.20384216 12.04126
0.8605499 0.2936554 10.946289
1.7579498 0.69117737 9.02771
1.2414093 0.80781555 9.503784
-0.04875183 1.0363312 9.953674
-0.7033539 1.2767487 9.465698
-0.23680115 1.2743683 9.063416
0.67012024 0.79829407 8.977722
1.1271515 0.8792267 8.484985
1.348526 0.050857544 8.501648
1.5246735 -0.6108856 8.406433
1.7032013 -1.0488739 8.125549
2.8005524 -1.1893158 14.964355
1.8436432 0.053237915 8.411194
1.2295074 -0.20622253 9.877502
1.0247955 0.36982727 9.491882
1.4389801 0.8220978 9.744202
1.7555695 1.2696075 9.898926
1.6960602 1.298172 9.834656
1.4794464 0.7649689 9.737061
1.1604767 0.10322571 9.877502
0.77723694 0.02229309 9.722778
0.46064758 0.031814575 9.727539
0.4416046 -0.039596558 9.627563
0.62727356 0.04133606 9.622803
0.81056213 0.16273499 9.594238
0.8319855 -0.13957214 9.594238
0.7058258 -0.3990326 9.572815
0.7058258 -0.18717957 9.779907
0.5320587 0.17225647 9.851318
0.26783752 0.46266174 9.875122
0.277359 0.6126251 9.753723
0.527298 0.55311584 9.765625
0.7296295 0.4079132 9.777527
0.81056213 0.37934875 9.6918335
0.7462921 0.46980286 9.646606
0.62965393 0.35792542 9.656128
0.62727356 0.3603058 9.706116
0.6725006 0.3603058 9.658508
0.6725006 0.1865387 9.787048
0.61299133 0.2936554 9.801331
0.52967834 0.5721588 9.718018
0.5677643 0.6411896 9.779907
0.74391174 0.56977844 9.794189
0.90101624 0.41981506 9.753723
0.9557648 0.42219543 9.644226
1.0033722 0.43885803 9.846558
0.90101624 0.5316925 10.025085
0.42256165 1.0506134 10.327393
0.16786194 1.7052155 10.551147
-0.015426636 1.0910797 10.208374
3.1814117 0.12940979 8.794434
1.3794708 -0.12528992 10.029846
1.5913239 -0.88938904 9.846558
1.4461212 -0.36332703 8.230286
1.0747833 0.22938538 7.861328
0.67726135 1.0077667 7.804199
0.5153961 1.2886505 8.458801
0.62013245 0.5888214 9.372864
0.76057434 -0.30619812 9.948914
1.765091 -1.094101 13.569458
1.4389801 -0.4394989 8.658752
0.970047 -0.31333923 10.396423
0.35591125 0.57691956 9.208618
0.61061096 0.5245514 9.827515
1.1819 0.6721344 9.737061
1.6484528 0.72450256 9.846558
1.598465 0.51979065 9.629944
1.4104156 0.12940979 9.6085205
1.2604523 0.17939758 9.687073
1.1438141 0.43647766 9.641846
1.1271515 0.3436432 9.629944
1.303299 0.457901 9.632324
1.4865875 0.46266174 9.687073
1.4294586 0.5816803 9.615662
1.2080841 0.5483551 9.701355
1.0938263 0.6388092 9.760864
0.82722473 0.60310364 9.753723
0.7224884 0.4412384 9.806091
0.61061096 0.21986389 9.770386
0.7058258 -0.075302124 9.570435
0.5249176 -0.44664 10.210754
0.14405823 -0.5561371 9.713257
0.6248932 -0.83226013 10.782043
0.30830383 -0.13005066 9.41333
0.12025452 -0.696579 10.132202
-0.12730408 -0.14909363 10.010803
-0.013046265 1.3529205 8.996765
0.49397278 2.5954742 8.815857
1.3223419 3.4333649 8.404053
2.0507355 3.235794 7.7113647
2.0316925 2.2146149 8.9348755
1.2866364 1.1029816 9.906067
0.9938507 -0.02293396 12.49115
0.4511261 0.6292877 9.60376
-0.11778259 0.17463684 10.263123
-0.38438416 0.9363556 8.903931
0.31544495 0.4340973 9.994141
1.3770905 0.5983429 9.506165
1.9840851 0.8268585 9.615662
1.6841583 0.61976624 9.729919
1.3818512 0.38648987 9.66803
1.1604767 0.56977844 9.803711
0.88197327 0.7649689 9.827515
0.6486969 0.7625885 9.729919
0.674881 0.6483307 9.703735
0.75105286 0.08418274 9.427612
0.9105377 -0.56803894 9.584717
0.970047 -0.3419037 9.770386
0.7724762 0.37934875 9.739441
0.61299133 0.8530426 9.7751465
0.5844269 0.9101715 9.891785
0.6891632 0.5507355 9.915588
0.6510773 0.44361877 9.898926
0.4511261 0.8197174 9.963196
0.26307678 0.9434967 10.220276
0.21784973 0.38648987 9.98938
-0.13920593 -0.3895111 5.3286133
-0.248703 -3.7386932 9.070557
0.9129181 -0.8417816 9.28241
1.2723541 1.631424 9.7323
1.1485748 1.99086 11.320007
1.2295074 2.221756 11.020081
1.5437164 1.6980743 10.3012085
1.2675934 0.83161926 9.277649
1.11763 -0.4966278 9.589478
1.136673 0.95539856 9.570435
0.83436584 1.3672028 10.125061
0.6463165 0.75068665 9.432373
0.80818176 -0.07292175 9.979858
0.7486725 0.027053833 9.5252075
0.803421 0.17939758 9.618042
0.9367218 0.14607239 9.615662
1.0176544 0.21510315 9.494263
0.98194885 0.42219543 9.741821
1.1438141 0.72688293 9.546631
1.2057037 0.8101959 9.589478
1.284256 0.61976624 9.60376
1.2390289 0.39601135 9.577576
1.0462189 0.31507874 9.801331
0.6010895 0.52693176 9.827515
0.24641418 0.65071106 9.741821
0.2035675 0.51979065 9.789429
0.2606964 0.64356995 9.729919
0.5653839 0.7887726 9.60614
0.970047 0.7149811 9.596619
1.2437897 0.44837952 9.6918335
1.1842804 0.33650208 9.639465
0.8605499 0.45314026 9.579956
0.7058258 0.54359436 9.60376
0.8200836 0.4745636 9.575195
1.0390778 0.5578766 9.598999
1.05336 0.7316437 9.577576
1.1200104 0.91493225 9.629944
1.1795197 0.919693 9.646606
1.0890656 1.0601349 9.7751465
0.8534088 0.9863434 9.729919
0.68440247 0.81733704 9.572815
0.76057434 0.7221222 9.389526
0.9200592 0.60310364 9.537109
1.0652618 0.8935089 9.551392
1.219986 1.3076935 9.601379
1.2485504 1.5409698 9.503784
1.2152252 1.5885773 9.568054
1.2247467 1.6385651 9.682312
1.1223907 1.7147369 9.587097
0.95814514 1.4814606 9.701355
0.88197327 1.3219757 9.487122
0.82722473 0.9911041 9.499023
0.56062317 0.99586487 9.527588
0.49873352 1.2458038 9.572815
0.6629791 1.5005035 9.508545
0.90815735 1.2886505 9.496643
1.0628815 1.1101227 9.656128
1.0176544 1.2267609 9.527588
1.0414581 1.4409943 9.584717
1.05336 1.3791046 9.496643
0.92481995 1.2243805 9.534729
0.70106506 1.195816 9.470459
0.71772766 1.4528961 9.579956
0.77485657 1.6409454 9.534729
0.905777 1.6338043 9.584717
1.0747833 1.5980988 9.418091
1.0390778 1.4957428 9.4609375
0.9105377 1.4766998 9.487122
1.0033722 1.260086 9.537109
1.1414337 1.3100739 9.468079
0.951004 1.7456818 9.618042
0.739151 1.8194733 9.610901
0.71772766 2.1336823 9.660889
0.49397278 2.3383942 9.829895
1.5437164 1.4624176 15.547546
0.591568 4.4640656 11.46283
0.4416046 2.6978302 10.141724
0.6344147 1.0648956 7.963684
1.1842804 -0.80607605 7.7875366
1.6460724 -1.6868134 7.4209595
1.3889923 -0.97984314 7.463806
0.8629303 0.4983673 7.732788
0.8367462 2.1074982 8.163635
0.8605499 2.6668854 9.118164
1.393753 2.6430817 9.937012
1.7151031 1.1862946 11.303345
1.2366486 0.6792755 9.687073
-0.027328491 0.28651428 9.277649
-0.32963562 0.19129944 9.503784
0.22737122 0.8268585 9.472839
1.1438141 1.3100739 9.472839
1.8769684 1.4481354 9.653748
2.27211 1.5314484 9.803711
2.0197906 1.4552765 9.739441
1.5651398 1.2458038 9.60614
1.5865631 1.1934357 9.256226
2.0055084 1.1029816 9.201477
2.4625397 1.3576813 9.0824585
2.574417 1.0291901 9.272888
2.6529694 0.9506378 9.47998
2.5053864 1.7861481 10.11792
1.265213 1.6647491 9.853699
-0.15586853 1.0767975 9.522827
-0.40104675 0.9101715 9.672791
0.15834045 -0.40379333 9.330017
0.71058655 -0.7441864 9.67041
0.970047 0.31269836 9.867981
1.200943 1.7837677 9.401428
-1.634079 1.464798 9.54187
2.688675 0.2531891 8.842041
4.114517 1.2410431 7.9208374
3.4051666 1.1434479 9.111023
2.310196 1.9956207 8.842041
1.8888702 1.0839386 9.451416
3.1338043 1.4862213 9.79895
2.4339752 3.254837 9.725159
1.1438141 3.5904694 9.765625
1.1938019 3.5857086 9.846558
1.5913239 3.447647 9.832275
1.4485016 2.524063 9.982239
0.951004 1.9813385 9.982239
0.6082306 1.1577301 9.308594
0.83436584 0.522171 9.034851
1.2985382 0.034194946 8.308838
1.0009918 0.83161926 10.555908
1.4032745 3.0763092 9.60376
0.80818176 2.9287262 10.079834
0.15834045 2.074173 9.634705
-0.21061707 1.3053131 9.527588
-0.35343933 0.75068665 9.575195
-0.34153748 0.42219543 9.701355
-0.88664246 -0.75608826 9.901306
-1.108017 -1.2702484 9.232422
-0.5557709 -1.1012421 9.53949
0.13215637 -0.56803894 9.325256
0.79151917 -0.21812439 9.5252075
1.0914459 -0.04673767 9.327637
1.3223419 0.10560608 9.482361
1.2533112 0.3007965 9.570435
1.072403 0.16035461 9.720398
0.86769104 -0.0062713623 9.601379
0.7248688 -0.16337585 9.584717
0.71058655 -0.14671326 9.679932
0.76771545 0.2032013 9.53949
0.8629303 0.6554718 9.620422
1.0557404 1.048233 9.73468
1.1961823 1.3600616 9.722778
1.3413849 1.317215 9.698975
1.3532867 1.1458282 9.634705
1.2866364 1.0720367 9.363342
1.1604767 0.9696808 9.551392
0.97242737 1.3910065 9.718018
0.58680725 1.869461 9.801331
0.2940216 2.1598663 9.965576
0.28926086 1.8551788 9.784668
0.72010803 1.400528 9.770386
0.91767883 1.4576569 9.629944
0.8391266 1.4243317 9.66803
0.58680725 1.6409454 9.760864
-0.04637146 2.24794 8.918213
0.5106354 0.6554718 9.484741
0.52967834 1.3291168 10.855835
0.43922424 2.452652 9.41571
0.07740784 1.0101471 9.689453
0.07740784 0.76020813 9.520447
-0.3796234 0.6864166 9.672791
-1.0842133 0.45314026 9.684692
-1.0580292 1.1672516 9.741821
-0.8271332 1.5243073 9.956055
-0.4867401 1.1815338 9.441895
0.15834045 -0.33476257 7.211487
0.93196106 -0.63468933 9.032471
1.2342682 1.3553009 8.872986
1.3699493 2.0979767 10.113159
1.8460236 2.7787628 11.59613
1.7436676 3.3857574 8.975342
1.2342682 1.195816 9.758484
0.6653595 1.067276 9.401428
0.072647095 0.8625641 9.634705
-0.41532898 0.7768707 9.570435
-0.21537781 1.1601105 9.372864
0.4416046 1.92659 10.194092
0.951004 2.240799 9.451416
1.3985138 2.3407745 9.644226
2.131668 2.0789337 9.625183
2.0459747 1.2577057 9.4776
1.7627106 1.0101471 9.3966675
1.412796 1.0982208 9.391907
1.284256 1.2624664 9.458557
1.2961578 1.4671783 9.527588
1.3223419 1.5504913 9.53949
1.2937775 1.3862457 9.546631
1.2509308 1.0053864 9.384766
1.1676178 0.66737366 9.344299
0.86769104 0.43647766 9.582336
0.19880676 0.5388336 9.67041
0.005996704 1.1363068 9.663269
0.3273468 1.6599884 9.672791
0.7296295 1.8266144 9.639465
1.05336 1.6076202 9.665649
1.2604523 1.4100494 9.53949
1.1081085 1.1267853 9.546631
0.9129181 1.022049 9.418091
0.6177521 1.0125275 9.808472
0.23927307 1.2053375 9.656128
0.17262268 1.2957916 9.960815
0.0012359619 1.1791534 9.784668
Time Stop = 4884
