Time Start = 4740
-8.906113 -2.6937103 1.927063
-8.982285 -2.7770233 1.8128052
-9.189377 -2.6175385 1.5533447
-9.310776 -2.6651459 1.3486328
-9.229843 -2.7913055 1.4486084
-9.125107 -2.9150848 1.5819092
-9.182236 -3.0912323 1.5247803
-9.289352 -3.20549 1.5247803
-9.455978 -3.2840424 1.3843384
-9.491684 -3.3863983 1.3462524
-9.59642 -3.3935394 1.4509888
-9.632126 -3.3935394 1.612854
-9.615463 -3.2649994 1.6604614
-9.710678 -3.2150116 1.7747192
-9.7773285 -3.217392 1.7866211
-9.824936 -3.2983246 1.888977
-9.813034 -3.3149872 1.8651733
-9.782089 -3.2649994 1.7556763
-9.727341 -3.20549 1.6390381
-9.605942 -3.1816864 1.484314
-9.579758 -3.1578827 1.2629395
-9.574997 -3.160263 1.3129272
-9.558334 -3.1864471 1.3010254
-9.451218 -3.300705 1.1867676
-9.498825 -3.3673553 0.9868164
-9.52739 -3.3435516 0.8130493
-9.522629 -3.2459564 0.8796997
-9.484543 -2.9698334 1.0820313
-9.248886 -2.910324 1.2962646
-9.120346 -3.0174408 1.3843384
-9.196518 -3.3030853 1.189148
-9.422653 -3.6053925 0.9725342
-9.589279 -3.7720184 0.8320923
-9.644028 -3.8362885 0.791626
-9.59404 -3.7458344 0.8249512
-9.584518 -3.641098 0.7749634
-9.644028 -3.391159 0.8082886
-9.772568 -3.2697601 0.94158936
-9.877304 -3.2649994 0.9939575
-9.889206 -3.391159 1.0249023
-9.815414 -3.519699 0.939209
-9.770187 -3.595871 0.6845093
-9.7773285 -3.4720917 0.59643555
-9.936813 -3.2864227 0.55596924
-9.967758 -3.1935883 0.60357666
-9.898727 -3.1816864 0.60357666
-9.815414 -3.1769257 0.6559448
-9.836838 -3.1364594 0.57977295
-9.829697 -3.1674042 0.477417
-9.829697 -3.1459808 0.3869629
-9.729721 -3.179306 0.21081543
-9.703537 -3.1674042 0.09893799
-9.670212 -3.0983734 0.18939209
-9.589279 -3.1436005 0.5250244
-9.472641 -3.236435 0.7344971
-9.477402 -3.384018 0.791626
-9.603561 -3.372116 0.7297363
-9.670212 -3.224533 0.62976074
-9.727341 -3.153122 0.57977295
-9.6297455 -3.0198212 0.6345215
-9.632126 -2.9626923 0.59643555
-9.59166 -3.0007782 0.57025146
-9.672592 -3.0079193 0.4940796
-9.7582855 -3.095993 0.4607544
-9.820175 -3.0460052 0.56311035
-9.774948 -2.9579315 0.66070557
-9.710678 -2.7960663 0.6821289
-9.613083 -2.7579803 0.7487793
-9.584518 -2.8317719 0.6154785
-9.65831 -2.9269867 0.5250244
-9.7582855 -2.8889008 0.49884033
-9.8415985 -2.857956 0.59643555
-9.7773285 -2.774643 0.6154785
-9.763046 -2.7675018 0.6345215
-9.734482 -2.9793549 0.7178345
-9.793991 -3.2769012 0.8701782
-9.882065 -3.5863495 0.9534912
-9.998703 -3.6910858 1.003479
-10.036789 -3.8696136 1.0439453
-10.384323 -4.364731 2.0794067
-10.4700165 -4.609909 2.6030884
-10.341476 -4.9145966 1.97229
-10.360519 -5.4525604 0.68688965
-10.641403 -6.295212 -0.510437
-10.903244 -7.43779 -1.1745605
-10.643784 -8.961227 -1.4197388
-10.139145 -10.444199 -1.1174316
-10.024887 -11.579636 -0.38427734
-9.748764 -12.150925 0.42266846
-9.384567 -12.236618 0.6726074
-9.889206 -11.784348 0.5012207
-10.910385 -10.8988495 0.06323242
-11.83873 -10.275192 -0.50567627
-12.312424 -9.980026 -0.8674927
-12.295761 -10.13475 -1.1697998
-12.09343 -10.5013275 -1.0507813
-11.919662 -10.96788 -0.8817749
-11.848251 -11.389206 -1.1293335
-12.010117 -11.632004 -1.1936035
-12.105331 -11.698654 -1.3816528
-11.962509 -11.4891815 -1.979126
-12.055344 -11.3415985 -2.5718384
-12.276718 -11.710556 -3.005066
-12.467148 -12.260422 -3.133606
-12.026779 -12.993576 -2.921753
-11.395981 -13.414902 -2.595642
-11.0056 -13.050705 -2.13385
-10.884201 -12.053329 -2.00531
-10.850876 -11.217819 -2.017212
-10.774704 -10.889328 -2.3076172
-10.579514 -10.508469 -1.8815308
-9.843979 -9.915756 -0.6508789
-8.863266 -9.065964 0.52264404
-8.12059 -8.128098 0.8963623
-7.6992645 -7.5877533 1.3771973
-7.54216 -7.3330536 1.6223755
-7.168442 -6.7355804 1.3034058
-6.523361 -6.2095184 1.6485596
-5.956833 -5.181198 2.0532227
-5.2546234 -4.174301 2.7054443
-4.6833344 -4.1909637 3.5409546
-4.438156 -3.1769257 3.152954
-4.3500824 -1.8796234 3.4528809
-3.731186 -1.1821747 3.947998
-2.9908905 -0.18717957 4.1241455
-2.3696136 1.0125275 4.395508
-1.9720917 1.6409454 5.385742
-1.8530731 2.3026886 5.828491
-1.845932 1.9408722 6.3355103
-2.1720428 1.2362823 5.6190186
-2.455307 0.8268585 4.98584
-2.4219818 0.67689514 5.102478
-2.1244354 1.0053864 5.1810303
-1.7126312 1.279129 5.6190186
-1.5793304 1.4409943 6.116516
-1.8102264 1.7052155 6.276001
-2.1506195 2.0218048 6.0474854
-2.4386444 2.1313019 6.0093994
-2.300583 2.18367 5.552368
-2.198227 2.112259 5.845154
-2.1125336 1.888504 6.3307495
-2.019699 1.8194733 6.5616455
-2.1720428 2.0075226 6.6449585
-2.300583 2.4645538 6.5806885
-2.4029388 2.9668121 6.392639
-2.5600433 3.0977325 6.571167
-2.8290253 3.107254 6.680664
-3.0956268 3.3690948 6.480713
-3.045639 3.5404816 6.4283447
-2.8361664 3.6428375 6.3807373
-2.621933 3.9165802 5.8760986
-2.5552826 3.6571198 5.699951
-2.5243378 3.7904205 5.533325
-2.5219574 4.1808014 5.6047363
-2.4767303 4.499771 5.6452026
-2.2720184 4.647354 5.8118286
-1.9792328 4.6830597 5.7546997
-1.5222015 4.4331207 5.4976196
-1.1056366 3.9332428 5.5476074
-1.0413666 3.7856598 5.847534
-1.3912811 3.8166046 6.33313
-1.7150116 3.9808502 6.8425293
-1.5817108 4.2022247 7.1400757
-1.1937103 4.4973907 7.270996
-1.1556244 5.26149 7.2924194
-1.4055634 5.5923615 7.887512
-1.7911835 6.056534 8.285034
-2.1649017 6.4730988 8.399292
-2.2648773 6.506424 8.715881
-2.0887299 6.5349884 8.9348755
-2.0792084 6.7087555 8.939636
-2.0887299 6.7016144 8.794434
-2.083969 6.468338 8.732544
-2.1887054 6.230301 8.623047
-2.3767548 6.0303497 8.349304
-2.4862518 5.858963 8.051758
-2.262497 5.820877 7.6470947
-2.0744476 5.8184967 7.4661865
-2.0792084 5.806595 7.4090576
-2.0911102 5.7518463 7.482849
-2.057785 5.737564 7.5494995
-1.948288 5.659012 7.6399536
-1.7888031 5.5233307 7.642334
-1.717392 5.32576 7.5233154
-1.6626434 5.1757965 7.3900146
-1.6316986 5.1067657 7.154358
-1.6507416 5.018692 7.090088
-1.8292694 4.9591827 7.078186
-1.8602142 4.9972687 7.1210327
-1.8316498 4.904434 7.2805176
-1.5983734 5.0234528 7.335266
-1.4817352 5.128189 7.36145
-1.4960175 5.2329254 7.116272
-1.4817352 5.2091217 7.097229
-1.5888519 5.19722 7.1138916
-1.7292938 5.2257843 7.2043457
-1.7054901 5.1900787 7.2995605
-1.5483856 5.159134 7.290039
-1.3698578 5.00679 7.2281494
-1.4626923 4.9377594 7.1567383
-1.5745697 4.9829865 7.2043457
-1.7769012 4.9901276 7.282898
-1.8602142 5.1305695 7.4590454
-1.7959442 5.1686554 7.5875854
-1.6507416 5.2329254 7.6185303
-1.6245575 5.3233795 7.5542603
-1.6174164 5.3995514 7.547119
-1.6626434 5.3995514 7.566162
-1.8530731 5.4328766 7.5875854
-1.9244843 5.363846 7.694702
-1.948288 5.3924103 7.699463
-1.884018 5.3757477 7.789917
-1.8197479 5.404312 7.739929
-1.7483368 5.492386 7.7089844
-1.8245087 5.5233307 7.630432
-1.9720917 5.5614166 7.737549
-2.1125336 5.6042633 7.8446655
-2.1268158 5.544754 7.9732056
-1.9839935 5.5471344 7.880371
-1.910202 5.6375885 7.739929
-1.8768768 5.6685333 7.635193
-1.864975 5.6828156 7.442383
-1.8435516 5.6518707 7.3447876
-1.9506683 5.5542755 7.4542847
-1.9244843 5.487625 7.5161743
-1.7649994 5.313858 7.573303
-1.5579071 5.235306 7.5685425
-1.5460052 5.230545 7.316223
-1.595993 5.1876984 7.2876587
-1.653122 5.0996246 7.3114624
-1.6888275 5.1067657 7.3305054
-1.7745209 5.2448273 7.418579
-1.7126312 5.3757477 7.4542847
-1.6388397 5.506668 7.5304565
-1.6102753 5.589981 7.55188
-1.5650482 5.6114044 7.411438
-1.5626678 5.5209503 7.418579
-1.698349 5.449539 7.4161987
-1.7530975 5.39003 7.5185547
-1.7840424 5.313858 7.5685425
-1.6840668 5.3614655 7.5994873
-1.7007294 5.39003 7.482849
-1.6293182 5.404312 7.4709473
-1.6412201 5.3305206 7.547119
-1.679306 5.363846 7.635193
-1.7007294 5.3733673 7.61615
-1.6912079 5.385269 7.756592
-1.5579071 5.3757477 7.6828003
-1.5436249 5.409073 7.528076
-1.6483612 5.4828644 7.475708
-1.698349 5.3733673 7.5161743
-1.7792816 5.2852936 7.5352173
-1.7840424 5.2472076 7.692322
-1.679306 5.2067413 7.692322
-1.595993 5.2638702 7.578064
-1.550766 5.1305695 7.4209595
-1.6364594 5.1234283 7.3328857
-1.7769012 5.087723 7.4090576
-1.8887787 5.1115265 7.609009
-1.9173431 5.1829376 7.8256226
-1.7364349 5.282913 7.7161255
-1.7221527 5.370987 7.668518
-1.781662 5.468582 7.6470947
-1.7840424 5.537613 7.528076
-1.8054657 5.506668 7.539978
-1.8292694 5.5090485 7.544739
-1.781662 5.494766 7.592346
-1.7102509 5.4066925 7.6328125
-1.6245575 5.3947906 7.573303
-1.5888519 5.332901 7.5828247
-1.6816864 5.3162384 7.513794
-1.864975 5.280533 7.509033
-1.9030609 5.287674 7.5423584
-1.864975 5.301956 7.539978
-1.8030853 5.3567047 7.630432
-1.7364349 5.4400177 7.5947266
-1.6507416 5.442398 7.592346
-1.7150116 5.401932 7.6280518
-1.864975 5.39003 7.6375732
-1.9387665 5.3567047 7.642334
-1.8483124 5.344803 7.6375732
-1.8673553 5.3805084 7.578064
-1.9411469 5.397171 7.6328125
-1.8078461 5.4447784 7.7018433
-1.6935883 5.4566803 7.630432
-1.6721649 5.423355 7.6185303
-1.8173676 5.320999 7.6970825
-1.8744965 5.3162384 7.7542114
-1.8245087 5.3233795 7.7161255
-1.7316742 5.370987 7.673279
-1.653122 5.3995514 7.654236
-1.6102753 5.359085 7.7232666
-1.615036 5.313858 7.5828247
-1.7578583 5.32576 7.597107
-1.762619 5.2281647 7.570923
-1.7221527 5.2091217 7.5637817
-1.6269379 5.2019806 7.6637573
-1.5721893 5.2638702 7.604248
-1.5102997 5.2281647 7.5185547
-1.4936371 5.1948395 7.573303
-1.5650482 5.0924835 7.6470947
-1.7221527 5.1258087 7.74469
-1.7911835 5.2138824 7.732788
-1.7983246 5.2662506 7.732788
-1.864975 5.287674 7.699463
-1.8721161 5.3686066 7.6851807
-1.9816132 5.3995514 7.770874
-2.0863495 5.3424225 7.720886
-2.0601654 5.2971954 7.6399536
-1.993515 5.2971954 7.6399536
-1.974472 5.3947906 7.544739
-1.7888031 5.4543 7.4852295
-1.6816864 5.39003 7.5042725
-1.5769501 5.351944 7.4161987
-1.5864716 5.268631 7.366211
-1.6555023 5.2257843 7.5042725
-1.6888275 5.2257843 7.4733276
-1.6674042 5.3043365 7.456665
-1.7197723 5.385269 7.4138184
-1.7602386 5.4828644 7.340027
-1.6769257 5.613785 7.418579
-1.6745453 5.530472 7.5614014
-1.7150116 5.370987 7.513794
-1.7483368 5.211502 7.532837
-1.743576 5.19722 7.3566895
-1.6840668 5.1377106 7.418579
-1.6174164 5.0996246 7.48761
-1.679306 5.13533 7.442383
-1.7983246 5.0782013 7.4995117
-1.8126068 4.9829865 7.520935
-1.7459564 5.0210724 7.456665
-1.7507172 5.1067657 7.399536
-1.7316742 5.178177 7.4328613
-1.7150116 5.2138824 7.444763
-1.7102509 5.13295 7.501892
-1.8102264 5.0782013 7.5114136
-1.8149872 5.025833 7.461426
-1.8149872 4.966324 7.4661865
-1.9244843 5.0020294 7.4138184
-1.8554535 5.044876 7.335266
-1.8316498 5.147232 7.199585
-1.826889 5.087723 7.097229
-1.8483124 4.999649 6.8639526
-1.9149628 4.8663483 6.5235596
-1.910202 4.716385 6.178406
-1.8435516 4.652115 5.6713867
-1.6935883 4.5783234 5.2072144
-1.2675018 4.5807037 4.864441
-0.5962372 4.3474274 4.7668457
-0.3796234 4.011795 4.562134
-0.71287537 3.5523834 4.481201
-1.2008514 3.0548859 4.34552
-1.3555756 2.4574127 4.231262
-1.2556 2.0503693 4.209839
-1.1032562 1.8194733 4.28125
-1.0080414 1.843277 4.497864
-1.0461273 1.8813629 4.9310913
-1.1508636 1.9670563 5.24292
-1.2865448 1.9408722 5.488098
-1.3293915 1.740921 5.7285156
-1.5222015 1.529068 5.923706
-1.8959198 1.3862457 6.0474854
-1.8959198 1.2815094 6.090332
-1.7673798 0.89826965 6.3164673
-2.0054169 0.49360657 6.9853516
-2.2029877 0.10322571 7.4923706
-2.2839203 -0.23478699 7.7470703
-2.4576874 -0.7180023 7.7542114
-2.8385468 -1.6344452 7.8970337
-3.3741302 -2.7865448 7.74469
-3.7454681 -3.78154 7.694702
-3.6431122 -4.674179 8.434998
-3.424118 -5.3168793 8.737305
-3.4526825 -5.3835297 8.632568
-3.7240448 -5.290695 8.456421
-3.7597504 -4.583725 7.80896
-4.0739594 -3.9791107 7.506653
-4.4405365 -3.6053925 7.9779663
-4.7285614 -3.1316986 8.201721
-5.0760956 -2.679428 8.335022
-5.3760223 -2.165268 8.06604
-5.2760468 -2.5604095 7.885132
-5.6140594 -2.9960175 6.7592163
-6.202011 -3.6315765 5.6642456
-6.89946 -4.0981293 4.73114
-7.5707245 -4.386154 3.7337646
-8.270554 -5.212143 3.8289795
-8.837082 -6.3380585 4.1431885
-9.332199 -6.745102 3.5171509
-9.791611 -6.964096 2.0437012
-10.160568 -6.7308197 0.5488281
-10.251022 -6.423752 -0.68896484
-10.481918 -5.526352 -1.5554199
-10.769943 -4.9217377 -2.0529175
-10.743759 -4.7360687 -2.2504883
-10.550949 -5.0883636 -2.4647217
-10.610458 -6.033371 -2.864624
-11.138901 -6.9474335 -3.7644043
-11.955368 -7.4163666 -4.82843
-12.798019 -7.7567596 -5.506836
-13.155075 -8.237595 -5.961487
-12.759933 -8.866013 -6.259033
-12.443344 -9.646774 -6.2804565
-12.460007 -10.26329 -5.602051
-12.074387 -10.229965 -5.6901245
-11.536423 -10.177597 -5.7615356
-11.441208 -9.696762 -5.4259033
-11.395981 -9.011215 -5.5496826
-11.119858 -8.575607 -5.878174
-11.303146 -8.318527 -5.609192
-10.869919 -7.592514 -5.392578
-10.858017 -8.449448 -4.5213623
-11.322189 -7.2878265 -4.7546387
-11.077011 -7.2949677 -3.7739258
-10.208176 -6.9283905 -3.5049438
-8.801376 -6.880783 -2.5599365
-9.865402 -6.0738373 -3.088379
-10.070114 -5.852463 -3.4406738
-9.7582855 -5.552536 -3.6049194
-9.382187 -5.731064 -3.9238892
-9.751144 -5.5811005 -3.447815
-6.0948944 -5.3240204 -3.4716187
-11.305527 -4.3766327 -2.7503662
-10.712814 -3.769638 -3.262146
-9.491684 -3.7196503 -3.5025635
-8.996567 -4.212387 -3.678711
-8.810898 -4.5242157 -3.383545
-8.649033 -4.571823 -3.4811401
-8.625229 -4.712265 -3.2502441
-8.775192 -4.5099335 -3.3787842
-8.868027 -4.6527557 -3.2312012
-8.751389 -4.7908173 -3.1288452
-8.739487 -5.019333 -2.9550781
-8.777573 -4.9979095 -3.262146
-9.058456 -4.9479218 -3.2930908
-9.317917 -4.890793 -3.4978027
-9.367905 -4.928879 -3.4311523
-9.313156 -4.9907684 -3.205017
-9.189377 -5.026474 -3.012207
-9.106064 -4.9669647 -2.9384155
-9.022751 -5.0312347 -2.678955
-9.065598 -4.9526825 -2.2980957
-9.091782 -4.571823 -2.3909302
-9.441696 -4.3552094 -2.2885742
-9.767807 -4.1243134 -2.2124023
-10.0082245 -3.9219818 -2.2076416
-9.991562 -3.9719696 -2.1576538
-9.636887 -4.03862 -1.8910522
-9.344101 -4.052902 -1.6815796
-9.067978 -3.8791351 -1.5149536
-8.882309 -3.5673065 -1.2769165
-8.968002 -3.4625702 -1.2007446
-9.098923 -3.4149628 -1.3031006
-9.429794 -3.493515 -1.5197144
-9.66069 -3.595871 -1.8291626
-9.879684 -3.6172943 -2.062439
-9.858261 -3.512558 -2.0957642
-9.663071 -3.057907 -2.1100464
-9.484543 -2.6937103 -2.100525
-9.589279 -2.4889984 -1.87677
-9.810654 -2.5270844 -1.8696289
-9.901108 -2.7198944 -2.0481567
-9.920151 -2.81987 -2.1290894
-9.932053 -2.8151093 -2.2314453
-9.943954 -2.7151337 -2.3671265
-9.832077 -2.422348 -2.4313965
-9.829697 -2.210495 -2.3480835
-9.753525 -2.1319427 -2.2885742
-9.598801 -2.2509613 -2.1552734
-9.494064 -2.2819061 -2.0100708
-9.367905 -2.4842377 -1.9362793
-9.320297 -2.569931 -1.7982178
-9.225082 -2.6199188 -1.6791992
-9.120346 -2.7389374 -1.6768188
-9.175095 -2.857956 -1.74823
-9.217941 -2.8722382 -1.7863159
-9.317917 -2.8865204 -2.050537
-9.386948 -3.0007782 -2.0576782
-9.391708 -3.1459808 -2.1814575
-9.365524 -3.3221283 -2.13385
-9.260788 -3.4125824 -2.1409912
-9.27269 -3.3245087 -2.312378
-9.3155365 -3.1769257 -2.395691
-9.501205 -3.1293182 -2.3695068
-9.491684 -3.031723 -2.2885742
-9.320297 -3.0840912 -2.1743164
-9.129868 -3.1055145 -2.062439
-9.013229 -3.134079 -2.0195923
-8.898972 -3.2459564 -1.9624634
-8.9370575 -3.2578583 -2.0576782
-9.003708 -3.300705 -2.1600342
-9.156052 -3.4411469 -2.1695557
-9.225082 -3.557785 -2.183838
-9.308395 -3.5887299 -2.2052612
-9.348862 -3.6839447 -2.1671753
-9.365524 -3.667282 -2.13385
-9.313156 -3.724411 -2.1219482
-9.308395 -3.7029877 -2.1219482
-9.384567 -3.6315765 -2.210022
-9.429794 -3.569687 -2.2409668
Time Stop = 4745
