Time Start = 4606
-0.9175873 2.9239655 8.877747
-0.1582489 3.1977081 9.1467285
0.14167786 3.3738556 9.118164
-0.17729187 3.4167023 9.206238
-0.7366791 3.2619781 9.244324
-1.0651703 2.9929962 9.203857
-1.0104218 2.7144928 9.020569
-0.5962372 2.5383453 9.041992
-0.22727966 2.5312042 9.063416
-0.058273315 2.6097565 9.020569
-0.11540222 2.8358917 9.003906
-0.35820007 2.9192047 9.051514
-0.55815125 3.0525055 9.001526
-0.6866913 3.0382233 8.994385
-0.70573425 2.9810944 8.996765
-0.58909607 2.9168243 9.044373
-0.5057831 2.7382965 9.137207
-0.543869 2.6621246 9.163391
-0.61528015 2.721634 9.175293
-0.7509613 2.857315 9.134827
-0.7914276 3.0001373 9.15625
-0.7342987 3.0191803 9.046753
-0.6295624 3.0072784 9.063416
-0.51768494 2.985855 9.072937
-0.36772156 2.8834991 8.989624
-0.35343933 2.7835236 9.099121
-0.396286 2.6597443 9.070557
-0.45817566 2.6978302 9.003906
-0.54862976 2.7978058 9.041992
-0.5105438 2.933487 9.099121
-0.42723083 3.0287018 8.949158
-0.3891449 3.0191803 9.039612
-0.49388123 2.9620514 9.041992
-0.60813904 2.8644562 8.872986
-0.76524353 2.6859283 8.853943
-0.79618835 2.555008 8.796814
-0.91282654 2.5573883 8.715881
-1.1413422 2.9358673 8.680176
-1.4983978 3.0977325 8.83728
-1.7697601 3.2453156 8.570679
-1.9197235 3.4357452 8.235046
-2.0054169 3.383377 7.5542603
-1.9459076 3.08107 7.4019165
-1.8863983 2.7835236 6.9472656
-1.8506927 2.3360138 6.1712646
-1.845932 2.3217316 5.4833374
-1.8721161 2.1336823 5.4976196
-1.9363861 2.433609 5.897522
-2.1101532 3.2500763 6.4592896
-2.4196014 4.178421 7.0948486
-2.6576385 4.0903473 7.68042
-2.4862518 3.3667145 7.7994385
-2.205368 2.5645294 7.1829224
-1.5031586 1.7052155 6.9329834
-0.3486786 1.112503 6.6901855
0.89863586 0.61976624 6.880615
1.8864899 0.32936096 7.237671
1.9269562 -0.33952332 8.608765
1.1723785 -0.927475 9.28717
0.4106598 -1.1298065 9.380005
0.5106354 -1.3868866 9.391907
1.6222687 -1.7891693 9.15863
2.836258 -2.6841888 8.942017
3.29805 -3.7125092 9.061035
2.760086 -4.7408295 8.694458
1.9864655 -5.866745 7.828003
1.7198639 -7.6853485 6.923462
2.4101715 -9.199265 5.935608
3.2694855 -9.949081 5.121521
3.7360382 -9.868149 5.11438
3.6074982 -9.025497 5.828491
3.5432281 -8.428024 6.787781
3.1076202 -8.599411 6.968689
2.503006 -9.225449 6.680664
1.7436676 -10.032394 6.0617676
0.9771881 -10.091904 5.8189697
0.62727356 -9.544418 5.776123
0.7986603 -9.551559 5.661865
0.68440247 -9.587265 5.597595
0.24641418 -9.925278 5.250061
-0.27012634 -11.703415 4.8739624
-1.1794281 -13.455368 4.2217407
-2.4005585 -13.40538 3.312439
-3.295578 -12.093796 4.1503296
-2.8837738 -10.484665 5.057251
-2.057785 -9.387314 5.466675
-1.5769501 -9.42778 5.2453003
-1.5198212 -10.572739 4.2217407
-2.0030365 -11.439194 3.12677
-2.814743 -12.062851 2.9244385
-3.3574677 -11.841476 2.9434814
-3.1884613 -11.598679 3.4195557
-2.7480927 -11.025009 4.40979
-2.3838959 -10.0585785 4.7144775
-2.057785 -10.2061615 4.312195
-1.8411713 -10.479904 3.6028442
-1.5721893 -10.725082 2.8220825
-1.486496 -10.960739 2.5054932
-1.7316742 -10.791733 3.0291748
-1.9554291 -10.268051 4.1431885
-1.7554779 -9.977646 5.0977173
-1.4626923 -9.42778 5.109619
-0.6938324 -9.806259 4.9834595
0.029800415 -11.079758 4.4312134
0.17024231 -12.177109 3.921814
0.025039673 -11.943832 3.6742554
0.2606964 -11.215439 3.7456665
0.35829163 -10.368027 3.5361938
-0.041610718 -9.258774 3.7599487
-0.079696655 -8.492294 3.9384766
0.24879456 -9.099289 3.4243164
-0.041610718 -9.770554 1.8342285
-1.0461273 -9.93718 1.5652466
-1.0009003 -10.165695 2.8006592
-0.10826111 -9.658676 3.5576172
0.3273468 -9.711044 3.876587
-0.22966003 -9.991928 3.4433594
-0.5795746 -9.984787 2.248413
-0.5962372 -10.410873 1.3771973
-0.34629822 -10.368027 0.6987915
-0.13444519 -9.822922 1.0748901
0.28450012 -10.3537445 0.53692627
-0.51530457 -12.005722 -1.1959839
-2.2529755 -13.245895 2.1508179
-0.52482605 -10.894089 4.1765137
-0.25108337 -8.577988 4.171753
-0.55101013 -9.277817 3.3481445
0.08692932 -11.48204 1.9413452
-0.27012634 -11.501083 1.4914551
-0.44865417 -11.379684 2.2912598
-0.5557709 -12.086655 2.017517
-0.7581024 -12.31279 1.1248779
-0.36772156 -13.3173065 1.5057373
-0.36296082 -13.103073 1.5723877
-0.47483826 -13.036423 2.7268677
-0.13920593 -12.408005 2.562622
-0.40342712 -11.044052 1.9889526
0.44874573 -11.47966 1.446228
-0.50102234 -9.244492 1.7485352
0.15596008 -9.046921 1.9294434
-0.43675232 -10.8988495 2.6435547
0.08454895 -11.067856 2.748291
0.2940216 -10.875046 2.626892
0.28926086 -11.270187 2.9315796
0.57014465 -12.786484 3.1743774
0.5511017 -11.639145 2.8815918
0.94148254 -12.200912 2.1817627
0.7248688 -12.086655 2.222229
1.0747833 -11.517746 2.093689
1.4389801 -11.379684 2.1293945
1.0962067 -11.465378 2.8649292
1.534195 -10.946457 2.5459595
1.515152 -11.120224 2.7340088
1.8793488 -10.279953 2.5007324
2.0793 -10.846481 2.3174438
2.2006989 -10.720322 1.9008789
1.8674469 -12.015244 3.2196045
2.1269073 -10.422775 2.7839966
2.3482819 -10.656052 2.1674805
2.003128 -11.501083 2.657837
2.1602325 -11.239243 2.626892
2.457779 -10.941696 2.6935425
2.8933868 -11.070236 3.1886597
2.926712 -10.651291 3.0863037
2.8672028 -10.465622 2.6078491
2.5339508 -9.5325165 2.4507446
2.6172638 -10.170456 2.8220825
2.6267853 -10.127609 2.4317017
2.8148346 -9.915756 2.1341553
3.3527985 -10.13237 2.8601685
3.4480133 -9.81102 2.8006592
3.5027618 -9.187363 1.9389648
3.4194489 -9.5325165 2.017517
3.3313751 -9.615829 2.029419
3.2718658 -9.5134735 2.0698853
3.5003815 -9.549179 2.3817139
3.4670563 -9.315903 2.9268188
3.8360138 -8.485153 2.8149414
3.8645782 -7.509201 1.9556274
3.581314 -7.2045135 1.8056641
3.9217072 -7.8376923 2.748291
4.0764313 -8.6089325 3.4766846
4.06691 -8.323288 2.6411743
3.6598663 -8.4423065 2.4816895
3.8645782 -8.366135 1.71521
3.9359894 -9.04216 1.7437744
4.345413 -9.0707245 2.472168
4.6929474 -8.366135 2.7316284
4.657242 -7.278305 2.222229
4.478714 -7.135483 2.6173706
4.3287506 -7.875778 2.9196777
4.293045 -8.220932 2.6316528
4.6953278 -8.316147 2.8030396
5.004776 -7.894821 3.5100098
5.166641 -6.430893 2.7078247
4.5858307 -7.6734467 2.9839478
4.4311066 -7.059311 2.543579
4.826248 -7.3568573 2.4174194
4.9571686 -7.478256 3.0458374
5.145218 -7.2806854 3.081543
5.326126 -6.9807587 3.1410522
5.1737823 -6.9807587 2.7887573
5.204727 -6.9141083 2.2722168
5.0904694 -7.1450043 2.131775
5.2594757 -7.3259125 2.703064
5.4380035 -7.097397 2.824463
5.4618073 -6.9664764 2.9910889
5.318985 -7.014084 2.8982544
5.2975616 -7.135483 2.6245117
5.435623 -7.554428 2.7720947
5.6117706 -7.3782806 2.9863281
5.806961 -6.771286 3.1600952
5.8474274 -6.404709 2.8078003
5.8997955 -6.8379364 3.145813
5.859329 -7.1545258 2.9649048
5.795059 -7.2735443 2.8911133
5.9069366 -7.335434 3.2957764
5.7379303 -6.7808075 3.0910645
5.5141754 -6.737961 3.0125122
5.728409 -7.0045624 3.0458374
5.9831085 -7.1592865 3.3171997
5.980728 -6.887924 3.3219604
5.9640656 -6.842697 3.4505005
5.9235992 -6.8188934 3.8527832
5.99263 -6.5499115 3.774231
5.742691 -6.404709 3.2576904
5.716507 -6.7093964 3.202942
5.966446 -6.8974457 3.505249
6.173538 -6.635605 3.8551636
6.2187653 -6.3309174 3.967041
6.0473785 -6.1000214 4.3740845
5.9497833 -5.9738617 3.774231
5.723648 -6.111923 4.1503296
5.875992 -6.361862 3.986084
5.985489 -6.418991 3.9527588
5.9902496 -6.34758 4.1122437
5.9569244 -5.988144 4.095581
5.9950104 -5.9333954 4.7787476
6.0569 -6.111923 4.3098145
5.9569244 -6.4356537 4.3407593
6.159256 -6.4975433 4.4764404
6.12117 -6.2047577 4.164612
6.083084 -6.257126 4.183655
6.037857 -6.385666 4.212219
5.837906 -6.15477 3.9337158
5.954544 -6.571335 4.352661
6.237808 -6.5618134 4.545471
6.31398 -6.21904 4.674011
6.3235016 -6.0238495 4.6549683
6.254471 -5.89769 4.3740845
6.2592316 -6.214279 4.266968
6.197342 -6.399948 4.064636
6.306839 -6.7617645 4.505005
6.3925323 -6.547531 4.5549927
6.4258575 -6.328537 4.735901
6.616287 -6.071457 5.004883
6.859085 -6.1381073 4.690674
6.9543 -6.2095184 4.6359253
7.0399933 -6.3571014 4.435974
7.056656 -6.302353 4.7835083
7.08284 -6.0095673 5.1239014
7.044754 -5.533493 5.140564
6.930496 -5.7144012 5.514282
6.8733673 -5.7429657 5.17865
6.6448517 -5.852463 4.7644653
6.6448517 -5.809616 4.7525635
6.749588 -5.6786957 4.607361
6.659134 -5.552536 4.9453735
6.6876984 -5.3264008 4.98584
6.671036 -5.2859344 5.1572266
6.7519684 -5.2026215 5.5095215
6.737686 -4.878891 5.6713867
6.7138824 -4.6884613 5.1810303
6.69722 -4.7931976 5.2286377
6.692459 -4.9003143 5.1429443
6.7924347 -5.276413 5.2786255
6.813858 -5.390671 5.281006
6.685318 -5.071701 5.364319
6.7924347 -4.866989 5.3048096
6.7329254 -4.74559 5.3167114
6.7852936 -4.6717987 5.0429688
6.897171 -4.8550873 5.3928833
7.032852 -4.9860077 5.4333496
7.0876007 -4.8693695 5.511902
7.1423492 -4.6432343 5.4000244
7.0280914 -4.326645 5.4952393
6.994766 -4.319504 5.697571
7.044754 -4.288559 5.447632
7.0090485 -4.269516 5.30719
6.994766 -4.10289 5.390503
6.9828644 -3.9576874 5.314331
6.9400177 -4.090988 5.8380127
7.013809 -3.9529266 5.954651
7.0995026 -3.8362885 5.82135
6.9781036 -3.9076996 5.680908
6.9185944 -4.0410004 5.5357056
6.904312 -4.171921 5.3881226
6.885269 -4.1124115 5.0025024
6.6948395 -4.179062 5.397644
6.813858 -4.1647797 5.8380127
7.0042877 -3.788681 6.090332
7.120926 -3.5744476 6.0284424
7.1066437 -3.5863495 6.0236816
7.116165 -3.614914 5.845154
7.0399933 -3.5720673 5.569031
6.844803 -3.6649017 5.6523438
6.782913 -3.9005585 5.840393
6.8281403 -3.7315521 6.154602
6.9185944 -3.6625214 6.135559
7.063797 -3.5911102 6.2355347
7.2018585 -3.3602142 5.745178
7.025711 -3.0269623 5.7261353
6.994766 -3.0864716 5.749939
6.9828644 -3.2269135 5.9784546
6.9781036 -3.198349 5.8118286
6.904312 -3.0983734 5.8118286
6.980484 -3.088852 5.7070923
7.0733185 -3.115036 5.7856445
7.178055 -3.088852 5.840393
7.204239 -3.0436249 5.9665527
7.2137604 -3.0531464 6.1712646
7.1756744 -2.8936615 5.909424
7.030472 -2.9912567 6.0498657
7.075699 -3.2007294 5.9903564
7.056656 -3.2078705 5.807068
7.0876007 -3.2483368 6.1331787
7.2137604 -2.9150848 5.94751
7.370865 -2.9365082 6.2974243
7.3637238 -2.8508148 6.328369
7.1709137 -2.8079681 6.340271
7.2780304 -2.8412933 6.173645
7.1709137 -2.827011 5.9570313
7.1114044 -3.0531464 6.1069946
7.070938 -2.922226 5.680908
7.0542755 -2.698471 5.897522
7.1328278 -2.5532684 5.8499146
7.0733185 -2.5723114 6.007019
7.044754 -2.5080414 6.0808105
7.097122 -2.49852 6.128418
7.075699 -2.5413666 5.9260864
7.0661774 -2.6770477 6.4259644
7.135208 -2.596115 6.392639
7.032852 -2.4937592 6.4283447
7.0661774 -2.5175629 6.27124
7.161392 -2.5532684 6.2093506
7.1756744 -2.6056366 5.928467
7.025711 -2.6318207 6.0736694
7.120926 -2.5913544 5.852295
6.9971466 -2.350937 5.7927856
6.901932 -2.5080414 6.007019
6.949539 -2.441391 5.9641724
6.9781036 -2.403305 6.0046387
7.013809 -2.4509125 6.0427246
7.0423737 -2.4961395 5.859436
6.9543 -2.6508636 6.037964
6.968582 -2.5461273 5.8308716
6.870987 -2.69133 6.1046143
7.011429 -2.646103 6.154602
7.01857 -2.569931 6.1427
6.947159 -2.5342255 6.161743
6.992386 -2.5009003 6.1046143
7.0661774 -2.4461517 6.026062
7.044754 -2.5128021 6.128418
7.0090485 -2.4913788 6.128418
7.0661774 -2.422348 6.159363
6.9900055 -2.4104462 6.0736694
6.9638214 -2.5556488 5.94989
6.999527 -2.7317963 6.0879517
7.21138 -2.8317719 5.8570557
7.166153 -2.986496 5.8689575
7.244705 -3.0460052 6.059387
7.1875763 -2.8032074 5.9784546
7.044754 -2.8151093 6.07605
6.994766 -2.94841 6.264099
7.113785 -3.057907 6.109375
7.1066437 -3.134079 6.071289
7.154251 -3.2126312 6.1307983
7.1637726 -3.2221527 6.0093994
7.1494904 -3.1769257 5.9832153
7.161392 -3.1745453 5.8951416
7.01857 -3.2697601 5.9832153
7.08284 -3.2269135 5.826111
7.032852 -3.3126068 5.987976
7.0280914 -3.4887543 5.9141846
7.049515 -3.4387665 5.995117
7.032852 -3.2269135 5.892761
7.0042877 -3.1221771 5.7332764
6.8995514 -3.07695 5.69281
6.9328766 -3.0341034 5.833252
7.006668 -3.288803 5.930847
7.0995026 -3.3292694 5.7927856
7.1256866 -3.3887787 5.7546997
7.109024 -3.4387665 5.659485
6.9376373 -3.3221283 5.5047607
6.859085 -3.364975 5.466675
6.8614655 -3.6363373 5.4333496
6.9138336 -3.7458344 5.538086
7.0233307 -3.7363129 5.5785522
7.0042877 -3.8434296 5.5785522
6.9447784 -3.7553558 5.326233
6.8947906 -3.8862762 5.257202
6.9781036 -4.031479 5.385742
6.9400177 -4.026718 5.2333984
6.9066925 -4.155258 5.257202
6.8495636 -4.300461 5.1762695
6.7924347 -4.3385468 5.019165
6.8495636 -4.4266205 4.9786987
6.8495636 -4.5051727 5.026306
6.9447784 -4.307602 4.8049316
6.7900543 -4.3694916 4.9001465
6.7210236 -4.4861298 5.026306
6.6615143 -4.500412 4.9715576
6.582962 -4.5599213 4.9334717
6.5996246 -4.724167 4.890625
6.6115265 -4.7408295 4.6311646
6.5662994 -4.859848 4.852539
6.654373 -4.9669647 4.66687
6.556778 -5.076462 4.5859375
6.4329987 -5.147873 4.4193115
6.3354034 -5.0026703 4.421692
6.2592316 -4.859848 4.2384033
6.1354523 -4.962204 4.455017
6.254471 -4.890793 4.3240967
6.31398 -5.0693207 4.2717285
6.4901276 -5.290695 4.455017
6.5401154 -5.302597 4.526428
6.4829865 -5.1264496 4.4526367
6.4115753 -5.0169525 4.312195
6.12117 -5.083603 4.0289307
6.0092926 -5.3763885 4.012268
6.1759186 -5.502548 4.069397
6.454422 -5.4906464 4.119385
6.575821 -5.621567 4.140808
6.492508 -5.7786713 4.02417
6.363968 -5.8834076 3.6290283
5.9973907 -6.0381317 3.524292
5.806961 -6.0500336 3.614746
5.8355255 -5.9072113 3.6004639
5.9831085 -5.8262787 3.5123901
6.1497345 -6.033371 3.652832
6.254471 -6.021469 3.402893
6.042618 -6.1452484 3.100586
5.697464 -6.233322 2.8649292
5.5141754 -6.3975677 2.9625244
5.5332184 -6.7093964 3.1434326
5.859329 -7.0616913 3.055359
6.190201 -7.399704 3.31958
6.421097 -7.623459 3.5790405
6.609146 -7.644882 3.7575684
6.63533 -7.785324 3.7647095
6.294937 -8.028122 3.5409546
5.947403 -8.299484 3.3743286
5.6927032 -8.549423 3.2767334
5.7450714 -8.473251 3.3362427
5.8926544 -8.235214 3.3624268
6.0569 -8.135239 3.5361938
5.973587 -8.180466 3.3433838
5.787918 -8.432785 3.2791138
5.5784454 -8.675583 3.581421
5.4142 -8.666061 3.3076782
5.073807 -8.627975 2.8101807
4.7834015 -8.685104 2.74115
4.804825 -8.630356 2.8149414
4.819107 -8.235214 2.7887573
4.792923 -8.235214 2.8530273
4.759598 -8.316147 2.7316284
4.6167755 -8.4613495 2.517395
4.4620514 -8.458969 2.6173706
4.319229 -8.480392 2.5721436
4.1859283 -8.620834 2.5721436
4.0859528 -8.59227 2.343628
4.050247 -8.730331 2.0413208
3.786026 -8.885056 2.1365356
3.6812897 -9.0707245 2.0127563
3.6170197 -9.344467 1.9960938
3.8526764 -9.223068 2.3222046
3.8098297 -9.013596 2.2436523
3.5265656 -9.0707245 2.2317505
3.4622955 -9.242111 2.241272
3.6265411 -9.251633 2.5245361
3.8145905 -9.451584 2.543579
3.8550568 -9.692001 2.388855
3.4694366 -10.253769 2.2174683
3.4789581 -10.460861 2.1651
3.4313507 -10.468002 2.1912842
3.3861237 -10.384689 2.5031128
3.4218292 -10.225204 2.5769043
3.2623444 -10.053818 2.4483643
3.3837433 -9.982407 2.5483398
3.445633 -10.072861 2.7149658
3.3456573 -9.991928 2.7601929
3.317093 -10.084763 3.0006104
3.2242584 -9.853867 3.0577393
3.0838165 -9.544418 2.9363403
2.9576569 -9.980026 2.5792847
2.8267365 -10.610825 2.536438
2.926712 -10.782211 2.4102783
2.8338776 -10.665573 2.5911865
2.9100494 -10.310898 2.5031128
2.5529938 -10.168076 2.0532227
Time Stop = 4611
