Time Start = 1457234389
0.9105377 0.26985168 9.682312
0.22261047 0.44599915 9.513306
-0.44865417 0.11036682 9.268127
-0.7081146 -0.13005066 9.275269
-0.3796234 -0.13957214 9.453796
0.10597229 -0.0038909912 9.665649
0.3440094 0.20796204 9.841797
0.29164124 0.119888306 9.929871
0.0155181885 -0.0062713623 10.032227
-0.16777039 -0.17051697 9.998901
-0.17015076 -0.17289734 10.003662
-0.079696655 -0.19432068 9.953674
-0.008285522 -0.33714294 10.013184
0.072647095 -0.3990326 9.865601
0.04170227 -0.34428406 9.822754
-0.08207703 -0.23716736 9.760864
-0.09635925 -0.19908142 9.696594
-0.09635925 -0.27763367 9.713257
-0.12730408 -0.25621033 9.694214
-0.027328491 -0.13957214 9.753723
-0.041610718 -0.06816101 9.822754
0.003616333 -0.049118042 9.86084
-0.0059051514 -0.15623474 9.92511
0.0155181885 -0.31809998 9.937012
0.04408264 -0.3561859 9.829895
0.022659302 -0.2752533 9.822754
-0.0011444092 -0.14195251 9.79895
-0.02494812 -0.18241882 9.687073
0.051223755 -0.22764587 9.710876
-0.010665894 -0.2419281 9.7323
-0.027328491 -0.08482361 9.689453
-0.02494812 0.06513977 9.687073
-0.039230347 0.17939758 9.710876
-0.058273315 0.29841614 9.763245
-0.04637146 0.4245758 9.813232
0.005996704 0.35792542 9.879883
-0.04875183 0.20796204 9.917969
-0.124923706 0.012771606 9.98938
0.072647095 -0.37046814 9.822754
-0.13206482 -0.7441864 10.077454
-0.02494812 -1.1655121 10.025085
-0.010665894 -1.351181 9.967957
-0.039230347 -1.4225922 9.8394165
-0.060653687 -1.3178558 9.79657
0.025039673 -1.0464935 9.708496
-0.07255554 -0.93699646 9.956055
-0.07493591 -0.81321716 10.284546
-0.11064148 -0.33476257 10.346436
-0.22251892 0.12226868 10.348816
-0.57481384 0.40315247 10.429749
-0.7604828 0.3436432 10.403564
-0.9247284 0.1365509 10.610657
-0.9152069 -0.24906921 10.655884
-0.75572205 -1.0679169 10.905823
-0.4724579 -1.5868378 11.21051
-0.29393005 -2.0914764 11.522339
-0.23442078 -2.0605316 11.988892
-0.17967224 -1.79393 11.881775
-0.11064148 -2.1700287 11.72467
-0.029708862 -3.160263 11.59137
0.0393219 -4.1576385 11.298584
0.39161682 -4.9336395 11.33667
0.85816956 -5.545395 11.734192
1.3390045 -5.6382294 11.484253
2.1578522 -5.852463 11.177185
2.8148346 -5.7096405 10.351196
3.1980743 -5.9476776 9.86322
3.3980255 -6.3832855 9.458557
3.5694122 -7.11882 8.711121
3.8217316 -7.554428 8.049377
4.228775 -7.816269 7.9779663
4.683426 -7.7686615 8.285034
5.1428375 -7.490158 8.254089
5.6355743 -7.0569305 8.099365
5.8426666 -6.661789 8.073181
5.8617096 -6.373764 7.782776
5.6617584 -6.2095184 7.128174
5.3427887 -5.983383 6.4783325
5.2523346 -6.1190643 6.01178
5.107132 -6.0905 5.4214478
4.83815 -6.0190887 4.709717
4.485855 -6.040512 3.8242188
4.343033 -6.4332733 2.5150146
4.1668854 -6.8712616 1.3724365
3.8979034 -7.452072 1.1582031
3.5575104 -7.809128 1.5009766
3.1219025 -7.644882 1.420044
2.40065 -7.573471 1.7723389
1.7746124 -7.3378143 1.5723877
1.6151276 -7.4092255 1.3771973
1.6365509 -7.509201 0.89398193
1.8365021 -8.159042 0.41314697
1.9459991 -9.008835 1.0439453
2.1197662 -9.351608 1.3129272
2.0078888 -9.689621 1.9960938
1.5175323 -9.327805 2.684021
0.9962311 -8.439926 3.210083
0.5677643 -7.6020355 3.2505493
0.17262268 -7.5330048 3.44812
-0.08921814 -8.094772 3.0672607
-0.07493591 -8.663681 2.324585
0.07740784 -9.415878 2.4102783
0.37971497 -9.913376 2.1984253
0.527298 -10.313278 2.857788
0.42018127 -9.68486 2.9696655
0.10835266 -9.206406 3.6004639
-0.25108337 -8.85173 3.9051514
-0.51530457 -8.854111 3.5957031
-0.79618835 -9.420639 3.4647827
-1.0104218 -9.991928 3.690918
-0.92948914 -9.899094 3.5004883
-0.6533661 -9.799118 3.5028687
-0.5676727 -9.444443 3.8623047
-0.59861755 -9.037399 3.8527832
-0.86283875 -8.965988 4.0098877
-1.0794525 -8.866013 4.2788696
-1.1365814 -9.242111 4.0932007
-1.1127777 -10.1418915 3.6742554
-1.2032318 -11.141647 2.6292725
-1.2127533 -12.415146 2.922058
-0.9509125 -12.748398 3.0648804
-0.44151306 -12.008102 3.0077515
-0.16062927 -9.830063 4.2526855
-0.26774597 -7.071213 6.6759033
0.7629547 -6.3880463 6.1260376
1.2628326 -7.6901093 6.1831665
1.5056305 -9.115952 5.3476563
1.1723785 -10.0681 4.79303
0.62965393 -10.265671 4.3217163
0.03694153 -10.087143 4.645447
-0.0059051514 -9.789597 5.0405884
0.26307678 -10.513229 6.4830933
0.63679504 -11.16069 5.4381104
0.3939972 -10.927414 5.5880737
0.23213196 -9.399216 5.4214478
0.49873352 -8.501816 4.7977905
0.7891388 -8.563705 4.269348
0.9438629 -8.416122 3.9337158
0.97242737 -8.261398 3.9908447
0.9200592 -8.65416 4.5978394
0.6963043 -9.077866 4.838257
0.1869049 -9.692001 4.595459
-0.18205261 -10.6489105 4.3098145
-0.31773376 -11.398727 4.262207
-0.16062927 -11.422531 4.543091
0.17500305 -11.079758 4.928711
0.36305237 -11.03215 5.102478
0.43208313 -11.108322 5.2214966
0.51301575 -11.127365 5.454773
0.62727356 -11.09166 5.647583
0.69392395 -10.989304 5.833252
0.75105286 -10.896469 5.807068
0.77485657 -10.64415 5.6428223
0.76057434 -10.365646 5.390503
0.80818176 -10.208542 5.0025024
0.7558136 -10.12999 4.8477783
0.97242737 -9.796738 5.3309937
1.0866852 -9.482529 5.269104
1.1128693 -9.589645 4.9763184
1.2318878 -9.737228 4.9977417
1.4842072 -9.477768 5.204834
1.9055328 -9.249252 5.4952393
2.1340485 -9.339706 5.9141846
2.0578766 -9.415878 5.697571
1.9602814 -9.213547 5.366699
2.1388092 -8.554184 5.283386
2.586319 -7.8972015 5.4190674
2.9790802 -7.7686615 5.892761
3.29805 -7.7567596 5.897522
3.3123322 -7.623459 5.6690063
3.3861237 -7.4853973 5.5666504
3.4408722 -7.2759247 5.7856445
3.6098785 -6.92601 5.768982
3.793167 -6.7617645 5.7332764
3.9288483 -6.673691 5.461914
4.209732 -6.521347 5.5428467
4.421585 -6.3142548 5.749939
4.5667877 -5.878647 6.1141357
4.5905914 -5.3621063 6.4473877
4.5406036 -4.905075 5.8427734
4.6929474 -5.271652 5.7999268
4.7953033 -5.6763153 5.507141
5.050003 -5.881027 5.673767
5.4237213 -5.866745 6.199829
5.583206 -5.6572723 6.3950195
5.5451202 -5.616806 6.6949463
5.47847 -5.45018 6.564026
5.54274 -5.181198 6.2974243
5.7593536 -5.057419 6.3045654
6.1425934 -4.909836 6.283142
6.511551 -4.87175 6.680664
6.594864 -4.9026947 6.4926147
6.5210724 -5.143112 6.8568115
6.397293 -4.9407806 6.937744
6.492508 -4.7598724 7.071045
6.5805817 -4.662277 7.0567627
6.659134 -4.4980316 6.91156
6.7924347 -4.3314056 7.16864
6.7448273 -3.9672089 7.047241
6.7852936 -3.800583 7.3067017
6.6448517 -3.6910858 6.65448
6.602005 -4.076706 6.416443
6.6757965 -4.026718 6.7473145
6.7281647 -3.557785 6.685425
6.7662506 -3.3625946 7.0162964
6.7662506 -3.107895 6.687805
6.840042 -2.9960175 6.775879
6.994766 -2.4770966 6.711609
7.2066193 -2.081955 6.787781
7.3613434 -1.7320404 7.0305786
7.4446564 -1.8391571 7.385254
7.4184723 -1.7225189 7.411438
7.5089264 -1.3773651 7.4328613
7.5089264 -1.0798187 7.0948486
7.4970245 -0.9584198 6.8877563
7.513687 -0.6394501 6.706848
7.4970245 -0.38237 6.018921
7.3637238 -0.8108368 6.123657
7.268509 -1.1274261 6.518799
7.230423 -0.86320496 6.730652
7.287552 -0.51805115 6.6949463
7.2518463 -0.40141296 6.6830444
7.197098 -0.25382996 6.306946
7.1066437 -0.04673767 5.852295
7.1185455 -0.06340027 5.7904053
7.1709137 -0.23002625 6.487854
7.1828156 -0.02293396 6.3974
7.1423492 -0.008651733 6.3236084
7.075699 0.1365509 6.4069214
7.049515 0.4007721 6.249817
6.9185944 0.69355774 6.135559
6.9257355 0.79829407 5.9403687
6.870987 0.9101715 5.802307
6.8805084 1.0410919 5.6523438
6.878128 1.2624664 5.616638
6.7971954 1.4624176 5.3428955
6.7591095 1.5005035 5.133423
6.63533 1.3576813 5.076294
6.616287 1.2624664 5.3238525
6.6496124 1.4886017 5.56427
6.5996246 1.5909576 5.5
6.552017 1.3791046 5.2595825
6.5163116 1.0767975 5.0810547
6.56868 1.0125275 4.8477783
6.587723 1.1267853 4.8239746
6.6757965 1.2077179 4.883484
6.718643 1.2172394 4.8882446
6.7662506 1.362442 5.238159
6.949539 1.92659 5.3238525
6.9638214 2.18367 5.17865
6.9185944 2.1551056 5.1381836
6.8757477 2.266983 5.045349
6.8995514 2.4550323 5.17865
6.9447784 2.7763824 5.1048584
6.916214 2.5407257 5.0167847
6.966202 2.4359894 5.007263
7.1185455 2.4217072 5.007263
7.037613 2.509781 5.2214966
7.006668 2.7525787 5.326233
6.8686066 2.709732 5.281006
6.780533 2.664505 5.152466
6.735306 2.6335602 4.962036
6.7519684 2.6621246 4.9120483
6.749588 2.7263947 4.9763184
6.8114777 2.8073273 5.11438
6.8043365 2.7692413 5.2143555
6.7019806 2.638321 5.0739136
6.69722 2.5597687 4.947754
6.6234283 2.6240387 4.8239746
6.6757965 2.7359161 4.8096924
6.7329254 2.702591 4.781128
6.6948395 2.607376 4.878723
6.7138824 2.6311798 4.9786987
6.8305206 2.7240143 5.1310425
6.8495636 2.8430328 5.2714844
6.8543243 2.7430573 5.359558
6.8090973 2.6740265 5.1834106
6.782913 2.5454865 5.1119995
6.9328766 2.459793 5.1429443
7.056656 2.7335358 5.109619
7.0876007 2.902542 5.1262817
7.013809 2.9453888 5.2024536
6.897171 2.940628 5.2905273
6.8947906 2.902542 5.3048096
6.863846 2.9382477 5.197693
6.9638214 2.9477692 5.083435
7.075699 3.0168 5.0596313
7.1637726 3.0001373 5.0786743
7.128067 2.902542 4.947754
7.0352325 2.8287506 4.9691772
6.9828644 2.812088 5.1810303
6.9566803 2.9192047 5.364319
6.9447784 2.997757 5.4000244
6.994766 2.9668121 5.288147
6.9519196 2.857315 5.1834106
6.9852448 2.8287506 5.107239
7.01857 2.8192291 5.2453003
6.987625 2.914444 5.326233
6.9709625 2.8668365 5.37146
6.8543243 2.6764069 5.2143555
6.82576 2.6121368 5.1381836
6.8114777 2.664505 5.1239014
6.806717 2.690689 5.185791
6.8162384 2.5883331 5.090576
6.718643 2.414566 5.1262817
6.6377106 2.2550812 5.121521
6.6424713 2.305069 5.1119995
6.640091 2.426468 5.023926
6.6496124 2.5074005 5.076294
6.651993 2.3479156 5.166748
6.671036 2.2646027 5.1500854
6.69722 2.0979767 5.2024536
6.7781525 1.9932404 5.154846
6.8114777 2.1027374 5.235779
6.749588 2.2360382 5.3500366
6.7019806 2.1931915 5.250061
6.56868 1.8599396 5.219116
6.4782257 1.6028595 5.300049
6.4591827 1.3886261 5.409546
6.5972443 1.4719391 5.442871
6.756729 1.6909332 5.3357544
6.7710114 1.6647491 5.4452515
6.716263 1.6385651 5.3928833
6.7091217 1.6718903 5.397644
6.7543488 1.5385895 5.4119263
6.768631 1.3529205 5.6237793
6.8543243 1.426712 5.6713867
6.9709625 1.3267365 5.6690063
6.9257355 1.214859 5.633301
6.949539 0.9696808 5.680908
6.968582 0.8625641 5.7142334
6.9781036 0.7887726 5.780884
6.9638214 0.5983429 5.8808594
6.9138336 0.21510315 5.973694
6.82576 0.117507935 5.852295
6.7329254 -0.17765808 5.5856934
6.7067413 -0.4633026 5.5547485
6.7210236 -0.5894623 5.795166
6.820999 -0.7299042 5.973694
6.8567047 -0.9322357 6.2093506
6.782913 -1.1369476 6.0355835
6.775772 -1.2488251 5.976074
6.866226 -1.0679169 6.033203
6.8686066 -1.2202606 6.071289
6.775772 -1.5749359 6.166504
6.6686554 -2.1486053 6.064148
6.6186676 -2.5151825 5.8999023
6.8090973 -2.5984955 6.057007
6.8947906 -2.415207 6.4450073
6.9781036 -2.4628143 6.6949463
6.787674 -2.800827 6.5545044
6.616287 -3.2150116 6.5045166
6.44014 -3.4958954 6.328369
6.3949127 -3.8434296 5.94751
6.344925 -4.2861786 5.8760986
6.4639435 -4.776535 6.533081
6.6686554 -4.9264984 6.852051
6.832901 -4.9717255 6.937744
6.840042 -5.019333 6.918701
6.801956 -4.8955536 6.5116577
6.7329254 -5.014572 6.2974243
6.63533 -5.166916 6.3188477
6.6448517 -5.6596527 6.897278
6.487747 -6.252365 7.74469
6.083084 -6.4713593 7.340027
5.728409 -6.4523163 6.6711426
5.549881 -6.361862 6.2521973
5.6879425 -6.342819 6.07843
5.9235992 -6.468979 6.283142
5.916458 -6.707016 6.6140137
5.749832 -6.9426727 7.097229
5.511795 -7.092636 7.532837
5.2785187 -6.9236298 7.5637817
5.0928497 -6.7950897 7.111511
4.8809967 -7.014084 6.121277
4.702469 -7.9662323 5.2000732
4.557266 -8.746994 5.1429443
4.8095856 -8.616074 5.5856934
5.178543 -7.3759003 5.9451294
5.3475494 -6.4023285 6.4830933
5.166641 -6.3832855 6.980591
4.3097076 -7.433029 7.3447876
3.4408722 -8.451828 6.6568604
3.0124054 -8.601791 6.059387
3.0790558 -7.9733734 5.7666016
3.5218048 -6.9022064 5.4952393
4.0145416 -6.1333466 5.7261353
4.228775 -5.8834076 6.2355347
4.152603 -6.1642914 6.5283203
3.8169708 -6.906967 7.0043945
3.3789825 -7.625839 7.013916
3.0576324 -8.199509 6.9853516
2.791031 -8.311386 6.840149
2.5886993 -7.8662567 6.604492
2.574417 -6.9998016 6.4926147
2.4696808 -6.3571014 5.897522
2.343521 -6.6832123 5.8356323
2.1340485 -7.0616913 5.980835
2.060257 -7.194992 6.3831177
1.9888458 -7.137863 6.668762
2.0626373 -7.092636 6.642578
2.0840607 -7.3068695 6.673523
1.9412384 -7.940048 5.904663
1.5889435 -9.16832 5.012024
1.2104645 -10.287094 4.4526367
1.0176544 -10.548935 4.6121216
1.0747833 -10.12999 5.250061
1.3175812 -9.544418 5.56427
1.5103912 -9.149277 5.571411
1.541336 -9.063583 5.5785522
1.4294586 -9.068344 5.673767
1.2318878 -9.0707245 5.56427
1.1676178 -9.004074 5.3809814
1.24617 -9.080246 5.3286133
1.4746857 -9.313522 5.699951
1.6960602 -9.382553 6.0236816
1.7865143 -9.611069 6.147461
1.7151031 -9.720566 6.083191
1.5056305 -9.515854 5.88562
1.367569 -9.015976 5.5666504
1.393753 -8.566086 5.428589
1.5175323 -8.3780365 5.621399
1.6508331 -8.511337 5.8189697
1.7531891 -8.749374 5.826111
1.7365265 -8.992172 5.7523193
1.662735 -9.04454 5.5737915
1.6127472 -8.842209 5.154846
1.5199127 -8.711288 5.171509
1.4627838 -8.504196 5.338135
1.4151764 -8.58989 5.616638
1.5889435 -8.618454 5.704712
1.7222443 -8.763657 5.9070435
1.7246246 -8.8207855 5.8737183
1.6984406 -8.78508 5.4952393
1.5937042 -8.792221 5.338135
1.4365997 -8.604172 5.257202
1.5175323 -8.430405 5.4452515
1.7055817 -8.232834 5.6452026
1.8150787 -8.347092 5.5880737
1.8055573 -8.330429 5.3952637
1.746048 -8.130478 5.2214966
1.6889191 -8.197128 5.454773
1.6841583 -8.342331 5.852295
1.6222687 -8.6922455 5.7475586
1.4604034 -9.151657 5.595215
1.3985138 -9.306381 5.3928833
1.2675934 -9.342087 7.9803467
1.7674713 -8.704147 5.012024
1.367569 -9.396835 5.602356
1.4056549 -8.109055 5.9594116
1.6984406 -7.8472137 5.7713623
1.7603302 -8.689865 5.749939
1.348526 -9.249252 5.718994
1.6770172 -9.004074 6.1831665
1.681778 -8.330429 5.3428955
1.3461456 -8.573227 5.4714355
1.2961578 -9.049301 5.3762207
1.4199371 -8.842209 5.552368
1.4937286 -8.563705 5.549988
1.6365509 -8.513718 5.897522
1.6674957 -8.508957 6.0546265
1.643692 -8.497055 6.390259
1.5365753 -8.287582 6.6640015
1.4389801 -8.0186 6.6306763
1.4294586 -8.051926 6.2617188
1.3175812 -8.07811 6.0474854
1.1295319 -8.042404 6.064148
0.8891144 -8.154282 5.711853
0.69392395 -8.473251 5.764221
0.41304016 -8.606552 5.999878
0.129776 -8.520859 6.01178
-0.11540222 -8.478012 6.533081
-0.2653656 -8.380417 7.1591187
-0.45817566 -8.342331 7.4019165
-0.6128998 -8.204269 6.571167
-0.7914276 -8.154282 5.999878
-0.8485565 -8.244736 5.3095703
-0.9723358 -8.099533 5.319092
-1.1151581 -7.6710663 5.0358276
-1.3817596 -7.8710175 5.295288
-1.5364838 -8.135239 6.218872
-1.743576 -8.40184 6.880615
-1.9268646 -8.6922455 7.082947
-2.0863495 -8.33519 6.7592163
-2.0625458 -7.913864 6.1188965
-1.5864716 -7.649643 5.5999756
-0.5533905 -7.5068207 5.633301
0.6820221 -7.8781586 6.3307495
1.7412872 -8.180466 6.930603
2.3268585 -8.618454 6.768738
2.0959625 -9.189743 6.5426025
1.1057281 -9.330185 6.283142
-0.04637146 -9.17308 6.01416
-1.172287 -8.97551 5.4119263
-1.9816132 -9.0707245 4.7382813
-2.2672577 -9.420639 3.993225
-1.9958954 -9.863388 3.7837524
-1.3412933 -10.268051 4.1765137
-0.64146423 -10.329941 4.5026245
-0.12730408 -10.791733 4.7263794
Time Stop = 1457234394
