Time Start = 4624
-0.5843353 5.0234528 7.4709473
-0.53196716 5.4376373 7.9541626
-0.61528015 5.5733185 8.270752
-0.7676239 5.2900543 8.470703
-0.9009247 4.985367 8.239807
-0.8723602 4.673538 8.13269
-0.6843109 4.5330963 7.8827515
-0.46769714 4.49263 7.8946533
-0.47721863 4.633072 7.9375
-0.4391327 4.8425446 8.058899
-0.4724579 5.030594 8.173157
-0.6438446 5.075821 8.216003
-0.7509613 5.0020294 8.170776
-0.8271332 4.885391 8.175537
-0.8723602 4.7330475 8.025574
-0.89616394 4.6949615 7.949402
-0.8485565 4.7449493 8.044617
-0.7581024 4.754471 8.046997
-0.6938324 4.859207 8.082703
-0.5867157 4.852066 8.044617
-0.5391083 4.856827 7.9470215
-0.4700775 4.7901764 7.9351196
-0.39152527 4.6640167 7.8565674
-0.36058044 4.5807037 7.847046
-0.37724304 4.518814 7.80896
-0.47483826 4.5592804 7.8637085
-0.5367279 4.625931 7.7875366
-0.58195496 4.7639923 7.7280273
-0.54148865 4.8115997 7.828003
-0.55815125 4.7259064 8.008911
-0.5700531 4.640213 8.082703
-0.65574646 4.628311 8.13031
-0.7342987 4.614029 8.039856
-0.8009491 4.6544952 8.085083
-0.793808 4.709244 8.008911
-0.8818817 4.6497345 8.108887
-1.0389862 4.7711334 8.00415
-1.2008514 4.761612 7.8446655
-1.2865448 4.704483 7.835144
-1.5245819 4.7330475 7.5828247
-1.9006805 4.8544464 7.3685913
-2.4029388 5.13295 6.956787
-2.9694672 5.3233795 6.3807373
-3.4907684 5.3924103 5.847534
-3.8525848 5.366226 5.545227
-3.9192352 4.818741 5.012024
-3.5407562 4.140335 4.4383545
-3.2455902 3.421463 4.2860107
-2.9766083 2.6787872 4.3240967
-2.750473 1.9432526 4.3407593
-2.5981293 1.4029083 4.6002197
-2.1529999 1.1101227 4.6026
-1.1889496 1.0196686 4.79541
0.46302795 0.5721588 5.9451294
2.2030792 -0.077682495 6.7401733
3.3837433 -0.79655457 7.071045
3.4503937 -1.0988617 7.35907
2.4125519 -0.9608002 8.218384
0.9771881 -0.82273865 8.346924
0.3106842 -1.1869354 8.458801
0.98194885 -2.2271576 8.4730835
2.650589 -3.557785 8.45166
4.1811676 -4.674179 8.734924
4.626297 -5.731064 9.765625
3.9098053 -6.949814 10.463074
2.5625153 -7.5710907 10.089355
1.6865387 -8.07811 9.556152
1.829361 -8.342331 8.918213
2.438736 -8.497055 8.677795
3.2956696 -8.627975 8.223145
3.4027863 -8.730331 7.9660645
2.8576813 -8.894577 8.308838
1.9079132 -9.330185 8.649231
1.2937775 -9.420639 8.468323
1.4723053 -9.763412 8.108887
1.8983917 -9.772934 7.782776
2.086441 -9.770554 7.1638794
1.791275 -10.189499 6.8306274
1.1533356 -10.83696 6.147461
0.3678131 -11.705795 5.583313
-0.646225 -11.439194 4.674011
-1.2603607 -10.717941 4.2384033
-1.1627655 -10.9631195 4.295532
-0.83665466 -11.165451 4.247925
-0.479599 -10.886948 4.4954834
-0.543869 -10.415634 4.2526855
-0.46769714 -10.665573 3.9194336
-0.31059265 -10.741745 3.614746
-0.42008972 -10.375168 3.921814
-0.7509613 -9.423019 4.6168823
-0.69859314 -8.72319 5.2143555
-0.38200378 -8.730331 5.783264
-0.034469604 -8.813644 5.616638
-0.09397888 -9.035019 5.595215
-0.2891693 -9.268295 5.5928345
-0.17729187 -9.332565 5.635681
0.09883118 -9.263535 5.5666504
0.17262268 -9.211166 5.6190186
-0.248703 -8.808884 5.621399
-0.58195496 -8.816025 5.718994
-0.32487488 -9.358749 5.776123
-0.9247284 -9.501572 5.4214478
-1.3032074 -10.4561 6.166504
-0.691452 -10.7322235 5.890381
-0.7985687 -9.696762 5.5666504
-0.48912048 -8.982651 5.121521
-0.22489929 -8.8398285 4.531189
0.3773346 -9.675339 3.671875
0.655838 -11.041672 2.6506958
0.15357971 -11.879562 1.7247314
-0.71287537 -12.027145 1.2177124
-1.2032318 -11.748642 1.2272339
-0.9842377 -11.786728 1.8223267
-1.1246796 -10.651291 2.119873
-0.71287537 -9.68248 3.055359
-0.20347595 -8.33757 3.7575684
-0.20585632 -8.111435 4.4383545
-0.64860535 -8.506577 4.0908203
-0.96043396 -9.584885 3.0934448
-1.0770721 -10.810776 2.472168
-1.5341034 -10.996445 1.1772461
-1.9435272 -11.082138 2.1246338
-1.3817596 -9.991928 2.2555542
-0.6438446 -10.296616 3.0006104
-1.3032074 -10.448959 3.1577148
-1.7245331 -10.722702 2.1531982
-0.89616394 -11.765305 2.4197998
-0.63908386 -11.013107 2.6887817
-0.94377136 -9.689621 3.2243652
-0.7581024 -10.658432 4.0336914
-0.56529236 -10.986923 3.1862793
-1.1246796 -12.065231 3.679016
-0.13920593 -12.431808 4.1289063
-0.7009735 -11.465378 3.1362915
-0.5867157 -11.789108 3.8908691
-0.47483826 -10.525131 2.7578125
-1.1151581 -11.920029 2.8268433
-0.9080658 -12.141403 2.67688
-0.5700531 -11.641525 2.5578613
-0.35820007 -12.100937 2.8815918
-0.28678894 -11.903366 2.941101
-0.051132202 -11.641525 3.2886353
0.31306458 -11.208298 3.274353
0.20594788 -12.179489 3.0720215
0.17500305 -12.607956 2.8101807
0.30830383 -12.555588 3.152954
0.4915924 -12.319931 3.3695679
0.64393616 -12.527023 3.7694702
1.0700226 -11.517746 3.3100586
1.1152496 -12.093796 3.312439
1.2176056 -11.615341 2.9268188
1.1842804 -11.903366 2.593567
1.265213 -12.2651825 2.5483398
1.2533112 -11.703415 2.5292969
1.1985626 -10.986923 2.8982544
1.9459991 -9.982407 3.1553345
1.6793976 -10.38945 2.7316284
1.3794708 -10.022873 2.4055176
1.6508331 -10.7512665 2.857788
1.9221954 -10.746506 2.748291
1.855545 -10.494186 2.4317017
1.9412384 -9.703903 2.2246094
1.9793243 -9.758652 2.722107
2.3720856 -9.511093 2.8601685
2.4077911 -9.015976 2.2888794
2.1078644 -9.565842 2.7316284
2.2768707 -9.446823 2.517395
2.6077423 -9.887192 2.2269897
2.6220245 -10.246628 2.6030884
2.990982 -9.411118 2.8078003
3.3147125 -8.520859 1.8842163
3.1147614 -8.535141 2.74115
2.8648224 -8.866013 2.6411743
2.6482086 -9.711044 2.415039
2.8981476 -8.958847 1.529541
3.324234 -9.561081 2.5245361
3.8145905 -8.385178 2.3222046
3.9478912 -8.6922455 3.1148682
3.759842 -7.835312 2.2246094
3.400406 -8.632736 2.9482422
3.5979767 -7.766281 2.074646
3.7741241 -9.132614 3.2005615
4.0074005 -8.46373 2.6983032
4.114517 -8.166183 2.9363403
4.3477936 -7.830551 2.9934692
4.3739777 -7.5568085 2.6935425
4.2311554 -7.956711 2.8673096
4.2525787 -7.990036 2.9363403
4.5453644 -8.106674 2.8792114
4.657242 -7.8972015 3.1124878
4.754837 -7.430649 3.043457
4.612015 -8.311386 3.1101074
4.754837 -7.509201 3.0006104
4.96669 -7.682968 3.171997
5.1428375 -7.747238 3.4957275
4.9238434 -7.6091766 3.3052979
4.70961 -7.478256 2.9649048
4.664383 -7.56633 3.0863037
4.907181 -7.6329803 3.4005127
5.2785187 -7.4211273 3.7218628
5.5546417 -7.040268 3.6694946
5.587967 -6.573715 3.8313599
5.454666 -6.047653 3.614746
5.0714264 -6.635605 3.940857
4.9571686 -6.507065 3.645691
5.1166534 -6.6784515 3.5599976
5.4427643 -6.952194 3.812317
5.6546173 -6.8522186 3.9003906
5.7141266 -6.6594086 4.1884155
5.704605 -6.2476044 4.2265015
5.7188873 -5.847702 4.0598755
5.666519 -6.097641 4.2764893
5.749832 -6.0428925 4.331238
5.883133 -5.745346 4.4883423
5.8997955 -6.15477 4.640686
5.7974396 -5.8381805 5.121521
5.806961 -5.564438 4.512146
5.8545685 -5.5239716 4.826355
6.0545197 -5.51445 4.614502
6.1354523 -5.5620575 4.7025757
6.2711334 -5.590622 4.690674
6.18544 -5.597763 4.5073853
6.037857 -5.6786957 4.5216675
5.959305 -6.0238495 4.6549683
6.1164093 -6.1333466 4.821594
6.3806305 -5.8643646 4.8358765
6.530594 -5.604904 4.883484
6.4520416 -5.307358 4.9572754
6.3020782 -5.1954803 5.2262573
6.1116486 -5.354965 5.0977173
6.1354523 -5.51445 5.1239014
6.2330475 -5.731064 4.9191895
6.3734894 -5.9476776 5.004883
6.50441 -5.854843 5.128662
6.5139313 -5.412094 5.2453003
6.4520416 -5.1312103 5.6071167
6.44014 -4.9860077 5.7094727
6.4568024 -4.9384003 5.635681
6.5020294 -4.864609 5.4071655
6.397293 -4.969345 5.7737427
6.447281 -4.8003387 5.409546
6.4258575 -4.7931976 5.4143066
6.4591827 -4.7527313 5.3119507
6.5543976 -4.93602 5.2214966
6.4449005 -5.076462 5.1239014
6.4115753 -5.038376 4.9834595
6.428238 -4.988388 5.3476563
6.499649 -4.74321 5.614258
6.552017 -4.383774 5.7023315
6.556778 -4.405197 5.807068
6.4591827 -4.500412 5.8546753
6.549637 -4.533737 5.461914
6.480606 -4.8550873 5.5547485
6.4139557 -5.083603 5.7332764
6.416336 -4.847946 5.6904297
6.50679 -4.5623016 5.8689575
6.5591583 -4.3361664 5.9379883
6.6496124 -4.2861786 5.7475586
6.7019806 -4.3052216 5.473816
6.5853424 -4.48851 5.352417
6.5543976 -4.4861298 5.1262817
6.4520416 -4.4766083 5.4071655
6.5734406 -4.609909 5.764221
6.7472076 -4.4075775 5.7999268
6.8233795 -4.3123627 6.01178
6.8090973 -4.133835 6.01416
6.7210236 -3.871994 5.635681
6.44252 -4.090988 5.909424
6.4829865 -4.148117 5.8999023
6.5210724 -4.288559 5.961792
6.6258087 -4.3314056 5.8880005
6.89003 -4.3123627 6.0808105
7.01857 -4.200485 6.064148
6.9114532 -4.255234 6.166504
6.730545 -4.4337616 6.20697
6.6186676 -4.4456635 6.3759766
6.6305695 -4.5504 6.3497925
6.737686 -4.402817 6.2974243
6.7281647 -4.152878 6.2807617
6.8090973 -4.1124115 6.2664795
6.8543243 -4.1005096 6.295044
6.9185944 -4.024338 5.9832153
6.8805084 -4.0552826 6.178406
6.847183 -4.064804 6.1379395
6.806717 -3.9434052 6.2164917
6.7210236 -3.667282 6.46167
6.7210236 -3.338791 6.390259
6.780533 -3.0745697 6.366455
6.8424225 -3.2031097 6.533081
6.866226 -3.2983246 6.059387
6.89003 -3.1674042 6.1117554
6.7257843 -3.4792328 6.537842
6.6115265 -3.467331 6.340271
6.4829865 -3.4340057 6.27124
6.525833 -3.4982758 5.9903564
6.6067657 -3.4078217 5.859436
6.6377106 -3.2269135 6.01178
6.7400665 -3.2292938 6.4069214
6.711502 -3.1745453 6.456909
6.57106 -3.115036 6.480713
6.556778 -3.024582 6.5878296
6.6258087 -3.1031342 6.6640015
6.6805573 -3.1316986 6.366455
6.692459 -3.0174408 6.1831665
6.685318 -2.9246063 6.0665283
6.6067657 -3.1007538 6.4473877
6.563919 -3.1745453 6.6378174
6.575821 -3.0269623 6.7020874
6.654373 -2.781784 6.8496704
6.7733917 -2.5270844 6.544983
6.749588 -2.3723602 6.178406
6.563919 -2.5009003 6.1950684
6.5234528 -2.9579315 6.5426025
6.518692 -3.0341034 6.552124
6.5091705 -2.8603363 6.499756
6.673416 -2.460434 6.416443
6.7257843 -2.4175873 6.6830444
6.718643 -2.4390106 6.8115845
6.704361 -2.4461517 6.5759277
6.6996 -2.5604095 6.65448
6.718643 -2.6508636 6.7425537
6.671036 -2.4366302 6.5878296
6.692459 -2.2200165 6.7734985
6.813858 -2.146225 6.916321
6.8757477 -2.3628387 7.097229
6.8686066 -2.4104462 6.813965
6.782913 -2.3747406 6.5664063
6.628189 -2.2771454 6.649719
6.537735 -2.2390594 6.559265
6.525833 -1.9843597 6.6973267
6.685318 -2.0676727 6.8068237
6.806717 -2.267624 6.84729
6.9138336 -2.1367035 6.835388
6.9138336 -1.9748383 6.737793
6.818619 -1.9581757 6.65448
6.628189 -1.9081879 6.544983
6.63295 -2.1176605 6.5735474
6.628189 -2.3414154 6.7401733
6.6996 -2.2009735 6.506897
6.756729 -2.0748138 6.6640015
6.930496 -2.1438446 6.7473145
6.76149 -2.0938568 6.7663574
6.6043854 -1.9010468 6.794922
6.594864 -1.8415375 6.8449097
6.5924835 -1.8296356 6.7925415
6.5734406 -1.9629364 6.6711426
6.63295 -1.8034515 6.578308
6.654373 -1.7915497 6.6901855
6.671036 -1.7463226 6.7592163
6.609146 -1.6963348 6.873474
6.6829376 -1.7225189 6.9210815
6.6805573 -1.7320404 6.775879
6.685318 -1.7534637 6.6901855
6.6805573 -1.877243 6.5307007
6.587723 -1.9772186 6.7354126
6.6234283 -1.8248749 6.704468
6.616287 -1.8939056 6.9258423
6.7448273 -1.9058075 7.0567627
6.82576 -1.9058075 7.0758057
6.8043365 -1.8724823 6.8234863
6.723404 -1.7891693 6.768738
6.628189 -1.812973 6.9401245
6.575821 -1.877243 6.7806396
6.5234528 -1.8582001 6.833008
6.651993 -1.9843597 6.916321
6.8352814 -1.9438934 6.8449097
6.7733917 -1.832016 6.737793
6.692459 -1.7510834 6.8044434
6.609146 -1.6225433 6.6640015
6.50441 -1.6868134 6.7782593
6.5020294 -1.7796478 6.9091797
6.5091705 -1.8248749 6.897278
6.640091 -1.8915253 6.8377686
6.7281647 -1.832016 6.833008
6.7591095 -1.5939789 6.604492
6.659134 -1.4844818 6.680664
6.602005 -1.3654633 6.597351
6.5139313 -1.453537 6.859192
6.5353546 -1.66539 6.9663086
6.749588 -1.8486786 6.9544067
6.8281403 -1.9724579 6.9472656
6.82576 -2.0153046 6.859192
6.756729 -1.8843842 6.649719
6.6829376 -1.832016 6.6068726
6.6424713 -1.7629852 6.604492
6.6067657 -1.7082367 6.6759033
6.7257843 -1.6534882 6.963928
6.8281403 -1.646347 6.749695
6.8090973 -1.6534882 6.8639526
6.718643 -1.6701508 7.0234375
6.6876984 -1.6891937 6.9210815
6.6686554 -1.8034515 6.84729
6.613907 -1.8796234 7.0615234
6.7067413 -1.7653656 6.5497437
6.621048 -1.7272797 6.904419
6.730545 -1.7368011 7.10437
6.775772 -1.7510834 7.0115356
6.782913 -1.6915741 6.9067993
6.8043365 -1.812973 7.0186768
6.844803 -1.7201385 6.7473145
6.6900787 -1.6963348 6.809204
6.7329254 -1.6058807 6.52594
6.5734406 -1.7129974 6.7544556
6.613907 -1.6487274 6.8449097
6.7781525 -1.5654144 6.7663574
6.799576 -1.563034 6.704468
6.801956 -1.5844574 6.7854004
6.737686 -1.5915985 6.937744
6.6996 -1.5416107 6.666382
6.609146 -1.5725555 6.768738
6.5734406 -1.6177826 6.790161
6.609146 -1.60112 6.649719
6.6258087 -1.6796722 6.7473145
6.69722 -1.6392059 6.706848
6.7257843 -1.517807 6.730652
6.6900787 -1.5844574 6.8044434
6.628189 -1.66539 6.963928
6.5805817 -1.5701752 6.628296
6.50679 -1.7106171 6.768738
6.6186676 -1.7915497 6.8496704
6.640091 -1.7463226 6.6116333
6.6115265 -1.684433 6.585449
6.594864 -1.53685 6.787781
6.616287 -1.498764 6.859192
6.647232 -1.6415863 6.809204
6.6448517 -1.6772919 6.583069
6.563919 -1.6439667 6.8115845
6.647232 -1.5844574 6.699707
6.5972443 -1.4559174 6.6901855
6.5996246 -1.4654388 6.6116333
6.5353546 -1.5773163 6.6187744
6.5996246 -1.563034 6.5235596
6.716263 -1.6296844 6.5473633
6.7400665 -1.8891449 6.6259155
6.666275 -1.8677216 6.5354614
6.587723 -1.8391571 6.6901855
6.6377106 -1.6915741 6.6711426
6.613907 -1.9819794 6.642578
6.63533 -2.1224213 6.2664795
6.7638702 -2.1962128 6.064148
6.7472076 -2.7222748 6.2331543
6.782913 -2.8531952 6.0284424
6.742447 -2.922226 6.2164917
6.801956 -2.569931 6.173645
6.782913 -2.441391 6.3378906
6.651993 -2.3604584 6.109375
6.480606 -2.774643 6.154602
6.487747 -2.929367 6.0855713
6.640091 -3.024582 6.033203
6.673416 -3.050766 6.0689087
6.6948395 -3.1364594 5.976074
6.530594 -3.2340546 5.909424
6.363968 -3.3554535 5.5547485
6.3092194 -3.633957 5.5
6.397293 -3.5601654 5.1619873
6.390152 -3.4530487 4.9834595
6.2973175 -3.5054169 5.0477295
6.1949615 -3.7291718 4.883484
6.106888 -3.9957733 5.0215454
6.025955 -3.8362885 5.083435
5.959305 -3.6958466 5.211975
5.9640656 -3.7291718 5.1167603
6.0783234 -4.0671844 4.652588
6.3044586 -4.7289276 4.3859863
6.340164 -5.250229 4.421692
6.3044586 -5.38591 4.114624
6.1497345 -5.4263763 3.9075317
6.075943 -5.4073334 3.9241943
5.895035 -5.2478485 3.947998
5.768875 -5.143112 4.224121
5.8212433 -5.276413 4.050354
5.961685 -5.692978 4.0455933
6.0330963 -5.726303 3.7599487
5.8997955 -5.7429657 3.7028198
5.730789 -5.5358734 3.8408813
5.5665436 -5.4335175 3.6552124
5.473709 -5.3430634 3.6885376
5.4570465 -5.8500824 3.947998
5.7069855 -6.214279 3.7432861
5.935501 -6.354721 4.0146484
6.0402374 -6.1190643 4.1955566
5.875992 -5.7286835 4.2455444
5.4879913 -5.521591 3.967041
5.185684 -5.7739105 3.6218872
5.0261993 -6.6665497 3.6742554
5.1475983 -7.18309 3.4266968
5.273758 -7.592514 3.5100098
5.368973 -7.6924896 3.6195068
5.318985 -7.406845 3.736145
5.042862 -7.349716 3.8718262
4.7714996 -7.597275 4.0979614
4.683426 -7.982895 3.7956543
4.4168243 -8.428024 3.1696167
4.247818 -8.813644 3.1029663
4.364456 -8.882675 3.2338867
4.409683 -8.675583 3.5957031
4.2454376 -8.518478 3.3886108
3.8836212 -8.59465 3.2434082
3.6074982 -8.961227 3.5599976
3.6051178 -9.254013 3.3719482
Time Stop = 4629
