Time Start = 1457237887
0.08930969 -2.1700287 9.518066
-0.11064148 -0.9417572 9.8394165
-0.101119995 -0.8370209 10.270264
0.47254944 -1.3654633 9.658508
0.26545715 -1.9772186 9.47998
-0.055892944 -1.3749847 9.613281
-0.12730408 -0.696579 10.0060425
-0.008285522 -0.5608978 10.1203
0.032180786 -0.7370453 9.882263
-0.10588074 -0.92033386 9.801331
-0.04875183 -1.0012665 9.794189
0.055984497 -1.0226898 9.870361
0.025039673 -1.0845795 9.898926
0.034561157 -1.1797943 9.801331
0.04408264 -1.3368988 9.713257
0.029800415 -1.2178802 9.722778
0.06312561 -1.0655365 9.844177
-0.020187378 -0.9322357 9.882263
0.0012359619 -0.95365906 9.829895
-0.008285522 -1.036972 9.829895
0.027420044 -0.9893646 9.827515
0.010757446 -1.0131683 9.791809
-0.017807007 -1.0536346 9.891785
0.022659302 -1.0417328 9.884644
-0.027328491 -1.0345917 9.79895
-0.04399109 -1.036972 9.822754
0.0012359619 -1.075058 9.782288
0.03694153 -1.0036469 9.846558
0.027420044 -1.0417328 9.851318
0.029800415 -1.1107635 9.848938
0.094070435 -1.1512299 9.746582
-0.0035247803 -1.0917206 9.803711
0.053604126 -1.0512543 9.917969
0.06550598 -1.1250458 9.913208
-0.051132202 -1.1298065 9.887024
-0.058273315 -1.0893402 9.79895
-0.039230347 -1.0583954 9.837036
-0.101119995 -1.0512543 9.820374
-0.034469604 -0.90367126 9.956055
0.003616333 -0.760849 9.920349
-0.11778259 -0.81321716 10.303589
-0.19633484 -0.63468933 9.9869995
-0.24632263 -0.71562195 10.146484
-0.22727966 -0.82273865 9.958435
-0.122543335 -1.3226166 10.041748
-0.17253113 -1.5654144 10.1345825
-0.46769714 -1.6558685 10.417847
-0.8318939 -1.9772186 10.82489
-1.2722626 -2.0938568 11.003418
-1.4174652 -2.1057587 11.379517
-1.4698334 -2.2462006 11.696106
-2.0649261 -2.365219 13.179077
-1.7983246 -1.5892181 13.352844
-1.8197479 -0.42997742 12.864868
-1.9363861 -0.4394989 12.729187
-2.398178 -0.8036957 12.405457
-3.1646576 -1.6344452 12.417358
-3.6859589 -2.2438202 12.098389
-3.2075043 -2.4437714 11.53186
-2.3505707 -1.9391327 11.239075
-2.0363617 -1.6915741 10.851074
-2.2982025 -1.3083344 10.24884
-2.4886322 -1.5487518 9.496643
-2.4386444 -1.6320648 8.889648
-1.5840912 -1.6106415 8.482605
-0.4557953 -1.3559418 8.432617
0.16072083 -1.389267 8.073181
0.48683167 -1.2964325 8.116028
1.0652618 -0.9488983 7.9541626
1.7579498 -0.5394745 7.737549
2.381607 -0.15385437 7.4066772
2.8933868 -0.018173218 7.111511
3.2099762 -0.11338806 6.7663574
3.4194489 -0.24430847 6.621155
3.68367 -0.25621033 6.5545044
3.9169464 -0.14195251 6.540222
4.588211 -0.3990326 6.514038
5.1809235 -0.55137634 6.4640503
5.273758 -0.58232117 6.5925903
5.34993 -0.5561371 6.559265
5.697464 -0.6561127 6.090332
5.8855133 -1.1440887 5.4000244
5.792679 -2.2819061 5.007263
5.4380035 -3.4816132 4.7192383
5.016678 -4.448044 4.935852
4.831009 -5.3763885 5.1119995
5.1571198 -5.764389 5.5856934
5.647476 -6.15477 6.0046387
5.9188385 -6.8522186 6.3688354
5.954544 -6.885544 7.071045
5.8664703 -6.5951385 7.763733
5.4689484 -6.930771 8.06842
5.473709 -7.2235565 7.539978
5.8164825 -7.918625 6.328369
6.480606 -8.059067 5.5595093
6.6377106 -7.528244 5.697571
5.7450714 -7.047409 6.018921
4.5406036 -7.18309 5.847534
3.831253 -8.109055 5.6071167
3.6408234 -8.137619 5.7856445
3.4813385 -7.680588 6.1974487
3.0909576 -7.528244 6.5759277
2.624405 -8.049545 6.668762
2.5553741 -8.380417 6.7544556
2.586319 -8.535141 6.4069214
2.298294 -9.206406 5.595215
1.8222198 -10.041916 4.871582
1.4246979 -10.658432 4.478821
1.0938263 -10.8798065 4.9072876
0.5844269 -10.734604 5.4761963
0.30592346 -10.527512 6.0498657
0.48683167 -9.965744 6.649719
0.72724915 -9.915756 6.999634
0.7867584 -10.158554 7.082947
0.99861145 -10.053818 6.9901123
1.2033234 -9.622971 6.5545044
1.450882 -9.1707 6.4021606
1.5889435 -8.751755 6.52594
1.450882 -8.611313 6.3426514
1.2485504 -8.059067 6.4592896
1.1438141 -8.516098 6.840149
1.1771393 -8.661301 7.0496216
1.2794952 -9.056442 7.0543823
1.2580719 -8.116196 6.6949463
0.7891388 -6.8593597 7.578064
-0.58195496 -7.2306976 6.578308
-0.9556732 -8.311386 4.250305
-0.15586853 -8.682724 3.6242676
0.97480774 -9.089767 3.6004639
2.1197662 -9.377792 4.557373
2.131668 -9.208786 4.8239746
0.9629059 -9.151657 5.9141846
-0.8009491 -8.701767 6.07605
-1.8673553 -7.9924164 5.56427
-2.481491 -8.535141 5.0286865
-2.28154 -10.099045 4.788269
-1.2556 -10.922653 5.338135
-0.44151306 -11.141647 6.0927124
-0.5224457 -11.048813 6.71875
-0.8437958 -10.867905 7.0496216
-0.6200409 -10.679855 7.23291
0.027420044 -10.39183 7.1257935
0.74391174 -10.544174 6.6973267
1.155716 -11.034531 6.730652
1.3651886 -11.203537 7.342407
1.5222931 -10.779831 8.189819
1.4389801 -10.19902 8.627808
1.3128204 -9.601547 8.213623
1.560379 -9.196884 7.8113403
1.9864655 -9.1349945 7.656616
2.1007233 -9.304001 7.8375244
2.1483307 -8.920761 7.6137695
2.381607 -8.468491 7.5304565
2.5529938 -8.354233 7.61615
2.7838898 -8.101913 7.6328125
2.9695587 -7.9805145 7.7922974
3.0005035 -7.5639496 7.6209106
3.3480377 -6.6475067 7.5352173
3.5789337 -6.142868 7.42572
3.9169464 -5.5287323 7.128174
4.2906647 -5.052658 6.9782104
4.1859283 -5.188339 6.961548
4.1216583 -4.5884857 6.604492
4.407303 -3.705368 6.763977
4.5667877 -3.0198212 6.787781
4.7905426 -2.3556976 6.4854736
4.952408 -2.0914764 6.166504
5.004776 -2.153366 5.995117
5.121414 -2.2866669 5.9784546
5.152359 -1.9058075 6.192688
5.0523834 -1.53685 6.4640503
4.96669 -1.0774384 6.6973267
4.9762115 -0.82273865 6.8258667
5.107132 -0.60136414 6.6068726
5.138077 -0.31809998 6.1831665
5.1952057 -0.4394989 6.1712646
5.1356964 -0.4323578 6.0617676
5.247574 -0.37998962 5.571411
5.4499054 -0.049118042 5.461914
5.640335 0.46266174 5.5047607
5.6189117 1.0648956 6.0236816
5.307083 1.0315704 6.4711914
5.190445 0.9173126 6.4664307
5.268997 0.7054596 6.4854736
5.5094147 0.68403625 6.435486
5.6546173 0.9363556 6.604492
5.6117706 0.87446594 6.3950195
5.709366 0.7149811 6.1260376
5.940262 0.5626373 6.0046387
6.1449738 0.59358215 6.07605
6.090225 0.9268341 6.2926636
6.094986 1.2410431 6.390259
6.133072 1.3410187 6.3997803
6.333023 1.1624908 6.211731
6.4901276 1.1458282 6.347412
6.518692 1.1648712 6.733032
6.385391 1.3291168 6.706848
6.4520416 1.3600616 6.7139893
6.556778 1.5243073 6.7782593
6.530594 1.5909576 6.5806885
6.363968 1.3719635 6.8687134
6.333023 1.343399 6.821106
6.3687286 1.4338531 6.7592163
6.3473053 1.4362335 6.8306274
6.363968 1.2624664 6.7092285
6.4591827 1.0410919 6.642578
6.5472565 0.83399963 6.7544556
6.530594 1.0101471 6.937744
6.4591827 1.2362823 6.704468
6.4329987 1.0886993 6.661621
6.4972687 0.9458771 6.5759277
6.4639435 0.86494446 6.5759277
6.4710846 0.855423 6.6306763
6.4115753 0.9101715 6.880615
6.3734894 0.95539856 6.9734497
6.3306427 0.85780334 6.968689
6.3544464 0.77211 6.8687134
6.4139557 0.88874817 6.802063
6.44014 0.9768219 6.78302
6.3687286 1.022049 6.7020874
6.4591827 1.0934601 6.571167
6.5972443 1.3862457 6.328369
6.6067657 1.5124054 6.1974487
6.56868 1.676651 6.223633
6.6043854 1.8456573 6.218872
6.594864 1.8980255 6.0498657
6.530594 1.7385406 5.9570313
6.5401154 1.5576324 6.007019
6.4639435 1.4386139 5.999878
6.4306183 1.2815094 6.057007
6.321121 1.1196442 6.3236084
6.2901764 0.88874817 6.4450073
6.2282867 0.74354553 6.616394
6.223526 0.64356995 6.685425
6.1806793 0.5388336 6.7663574
6.12117 0.56025696 6.771118
5.985489 0.41505432 6.7425537
5.8997955 0.050857544 6.6568604
5.921219 -0.30143738 6.7782593
5.8474274 -0.4894867 6.9544067
5.716507 -0.63468933 7.116272
5.6379547 -0.6465912 7.218628
5.516556 -0.8417816 7.3519287
5.5736847 -0.87986755 7.135315
5.485611 -1.0203094 7.1019897
5.292801 -1.3368988 7.1400757
5.126175 -1.6249237 7.154358
4.952408 -1.8534393 7.23053
4.754837 -2.2628632 7.4209595
4.573929 -2.8055878 7.7161255
4.357315 -3.0555267 7.5756836
4.4192047 -3.0269623 7.4471436
4.569168 -3.0436249 7.42572
4.5453644 -3.3149872 7.301941
4.4739532 -3.6696625 7.192444
4.3358917 -4.1076508 7.456665
4.19783 -4.148117 7.5566406
4.138321 -3.9910126 7.539978
3.8026886 -4.5599213 7.578064
3.4099274 -5.1907196 7.013916
3.4741974 -5.809616 6.771118
3.5384674 -6.207138 6.8425293
3.528946 -6.097641 7.270996
3.2480621 -5.726303 7.7423096
2.938614 -5.7215424 8.099365
2.836258 -6.0381317 7.778015
3.1980743 -6.2809296 7.187683
3.381363 -6.566574 7.1591187
3.1219025 -6.8712616 7.0924683
2.8267365 -7.285446 7.0924683
2.8672028 -7.4044647 7.2495728
2.8457794 -7.418747 7.5875854
2.669632 -7.4615936 7.566162
2.6267853 -7.399704 7.3376465
2.7124786 -7.142624 7.142456
2.9029083 -7.0045624 6.9924927
2.8862457 -6.854599 6.749695
2.938614 -7.11882 6.7782593
2.8791046 -7.554428 6.9282227
2.7100983 -7.5948944 7.111511
2.46492 -7.513962 7.3519287
2.0959625 -7.7639008 7.4352417
1.8222198 -7.932907 7.468567
1.6770172 -8.042404 7.16626
1.5722809 -8.435165 6.956787
1.6079865 -8.39946 7.0543823
1.598465 -8.07811 7.35907
1.5270538 -7.940048 7.4804688
1.5675201 -7.925766 7.397156
1.8222198 -7.7734222 7.0924683
1.9983673 -7.6163177 6.904419
1.9531403 -7.5377655 6.8234863
1.8079376 -7.559189 7.0115356
1.643692 -7.559189 7.109131
1.4223175 -7.899582 7.0377197
1.2961578 -8.268539 7.002014
1.4104156 -8.189987 6.930603
1.4675446 -8.101913 7.0496216
1.1152496 -8.423264 7.0091553
0.9295807 -8.58989 6.968689
0.9129181 -8.558945 6.982971
0.94148254 -8.406601 6.9448853
0.76057434 -8.554184 6.71875
0.66059875 -8.6922455 6.552124
0.66773987 -8.85173 6.623535
0.7867584 -8.72319 6.7734985
0.822464 -8.39946 7.0186768
0.90101624 -8.4423065 7.0877075
1.0485992 -8.6922455 6.916321
1.3461456 -8.72319 6.8258667
1.4627838 -8.520859 6.790161
1.3961334 -8.451828 6.8901367
1.3413849 -8.473251 6.78302
1.4008942 -8.351852 6.730652
1.393753 -8.073349 6.7473145
1.3651886 -7.9733734 6.623535
1.2890167 -8.051926 6.4402466
1.2866364 -8.14238 6.430725
1.2295074 -8.0638275 6.3974
1.1414337 -8.001938 6.5045166
1.0105133 -8.001938 6.5878296
0.9962311 -8.090012 6.506897
0.9938507 -8.090012 6.437866
1.0295563 -8.051926 6.5116577
0.9200592 -8.151901 6.378357
0.9533844 -8.178085 6.328369
1.0271759 -8.154282 6.33313
1.0200348 -8.049545 6.33313
0.98194885 -7.963852 6.2521973
1.0200348 -7.925766 6.2474365
0.9962311 -8.132858 6.1831665
0.9391022 -8.123337 6.166504
0.9367218 -7.925766 6.095093
0.9629059 -7.7496185 6.185547
0.9367218 -7.8638763 6.218872
0.99861145 -7.7948456 6.2474365
0.9391022 -7.8781586 6.2974243
0.9105377 -7.9305267 6.4331055
0.7296295 -8.056686 6.373596
0.7248688 -8.130478 6.340271
0.7558136 -8.235214 6.4069214
0.7558136 -8.239975 6.2974243
0.7462921 -8.075729 6.3307495
0.61061096 -7.8781586 6.52594
0.5891876 -7.963852 6.5806885
0.6391754 -8.075729 6.4069214
0.739151 -8.128098 6.3831177
0.77485657 -7.9662323 6.4140625
0.7653351 -7.944809 6.359314
0.76771545 -8.237595 6.2141113
1.034317 -9.789597 8.199341
1.4223175 -9.442062 5.9379883
0.34877014 -7.1640472 5.8618164
0.5653839 -6.7046356 6.8948975
1.3651886 -7.8257904 6.4259644
1.5080109 -9.225449 6.704468
1.1485748 -8.689865 5.8951416
0.6582184 -7.573471 6.4212036
0.9391022 -7.5377655 6.711609
1.0819244 -8.097153 6.449768
1.0081329 -8.318527 6.3497925
0.7796173 -8.213791 6.623535
0.7796173 -8.090012 6.616394
0.9557648 -7.911484 6.449768
1.11763 -7.809128 6.173645
1.1723785 -7.6901093 6.1141357
0.970047 -7.7186737 6.1760254
0.9033966 -7.7162933 6.237915
0.88197327 -7.88768 6.185547
0.822464 -8.087631 6.3878784
0.7058258 -7.8019867 6.0665283
0.5677643 -8.4423065 6.456909
0.60346985 -8.2733 6.4592896
0.67012024 -8.235214 6.5497437
0.57966614 -8.328049 6.4926147
0.65345764 -8.413742 6.3045654
0.79151917 -8.311386 6.306946
0.8605499 -8.187607 6.2593384
0.9129181 -8.192368 6.2402954
0.8891144 -8.149521 6.0213013
0.7700958 -8.092392 6.045105
0.66059875 -7.932907 6.033203
0.53681946 -7.8376923 6.0808105
0.47731018 -7.828171 6.26886
0.43684387 -7.868637 6.3307495
0.5011139 -7.956711 6.352173
0.5749054 -8.066208 6.3974
0.6582184 -8.009079 6.4331055
0.85816956 -7.7186737 6.3688354
1.0795441 -7.4615936 6.4830933
1.1890411 -7.3140106 6.385498
1.098587 -7.3187714 6.3045654
0.85816956 -7.425888 5.9070435
0.66059875 -7.7758026 6.223633
0.5391998 -8.07811 6.480713
0.37971497 -8.292343 6.7425537
0.24165344 -8.2733 7.0162964
0.13215637 -8.185226 7.340027
0.10835266 -7.940048 7.085327
0.21546936 -7.3520966 6.97583
0.28926086 -7.8376923 6.802063
0.48207092 -7.092636 6.487854
0.4178009 -5.938156 6.4830933
0.075027466 -5.5358734 6.211731
0.008377075 -6.847458 5.9594116
0.26545715 -6.9783783 5.2524414
0.0012359619 -6.4927826 4.7192383
-0.40818787 -6.276169 4.519287
-0.7509613 -6.8069916 5.7927856
-0.73905945 -7.1902313 5.7285156
-0.8104706 -7.490158 5.1048584
0.43208313 -5.7620087 8.468323
2.5886993 -9.032639 9.008667
2.01503 -13.988571 9.568054
-0.1915741 -14.057602 9.418091
-1.7007294 -13.655319 8.542114
-1.3817596 -12.2651825 7.116272
0.09883118 -11.217819 6.264099
1.4175568 -9.032639 4.973938
2.4244537 -6.8950653 4.017029
2.676773 -6.0428925 3.8480225
-2.1053925 -4.905075 2.8292236
0.8367462 -6.60466 7.1829224
3.7741241 -6.6903534 7.48999
0.89863586 -7.085495 9.658508
-2.4910126 -7.528244 10.253601
-2.7933197 -7.5877533 9.194336
-0.4700775 -7.264023 7.7089844
0.9676666 -7.0117035 6.4188232
0.6963043 -7.11882 6.1831665
-0.4058075 -7.580612 6.4926147
-0.5367279 -8.137619 6.7020874
-0.051132202 -8.33519 6.9663086
0.010757446 -8.237595 6.9282227
-0.08921814 -7.7186737 6.9282227
-0.039230347 -7.3378143 7.0186768
0.003616333 -7.266403 7.275757
0.096450806 -7.323532 7.142456
-0.02494812 -7.30925 7.437622
-0.0844574 -7.194992 6.968689
0.048843384 -7.4615936 7.313843
0.37019348 -7.4544525 7.256714
0.58680725 -7.2949677 7.385254
0.38209534 -7.3378143 7.468567
0.16786194 -6.975998 7.7803955
0.09169006 -6.7950897 7.823242
0.029800415 -6.6832123 7.7684937
0.05836487 -6.6260834 7.847046
-0.008285522 -6.757004 7.7470703
0.029800415 -6.9355316 7.528076
0.06550598 -7.135483 7.4590454
0.072647095 -7.37352 7.2162476
0.12025452 -7.456833 7.1400757
0.06074524 -7.50206 7.0758057
0.07978821 -7.4996796 7.180542
0.051223755 -7.494919 7.2400513
0.0393219 -7.4282684 7.1972046
0.06074524 -7.2997284 7.2424316
0.09883118 -7.1926117 7.2852783
0.1464386 -7.1783295 7.461426
0.07740784 -7.149765 7.3900146
0.094070435 -7.066452 7.3900146
-0.0059051514 -6.9331512 7.3900146
0.06550598 -6.930771 7.5114136
0.0393219 -7.047409 7.463806
0.075027466 -7.24736 7.320984
0.072647095 -7.3187714 7.213867
0.07978821 -7.413986 7.1710205
0.06074524 -7.471115 7.199585
0.0393219 -7.3854218 7.1591187
0.08216858 -7.342575 7.2424316
0.05836487 -7.252121 7.2614746
0.08930969 -7.259262 7.3638306
0.04170227 -7.149765 7.3709717
0.07978821 -7.11882 7.347168
0.096450806 -7.1259613 7.4923706
0.08930969 -7.047409 7.501892
0.06074524 -6.9879 7.4923706
0.08692932 -6.9093475 7.61615
0.032180786 -6.8569794 7.528076
0.034561157 -7.033127 7.5375977
0.07978821 -7.1545258 7.444763
0.13453674 -7.259262 7.29718
0.1131134 -7.3211517 7.2995605
0.096450806 -7.3187714 7.2400513
0.075027466 -7.316391 7.259094
0.029800415 -7.2092743 7.2995605
0.053604126 -7.1926117 7.2424316
0.08454895 -7.225937 7.3114624
0.08216858 -7.2545013 7.3067017
0.051223755 -7.1735687 7.366211
0.07740784 -7.24498 7.36145
0.072647095 -7.2116547 7.342407
0.075027466 -7.1473846 7.3947754
0.08216858 -7.1212006 7.3900146
0.07740784 -7.0259857 7.5352173
0.07026672 -7.05455 7.430481
0.117874146 -7.0569305 7.4542847
0.10359192 -7.073593 7.4542847
0.06312561 -7.1521454 7.3828735
Time Stop = 1457237892
