Time Start = 1457235617
-0.6700287 0.74116516 9.837036
-0.92948914 0.4817047 9.184814
-0.78666687 0.72688293 9.051514
-0.5462494 1.0291901 9.506165
-0.33677673 1.6599884 9.589478
-0.18919373 1.8266144 9.677551
-0.11778259 1.8527985 9.234802
-0.22727966 1.5600128 9.063416
-0.33439636 1.4576569 9.260986
-0.4391327 1.7290192 9.508545
-0.43675232 2.047989 9.768005
-0.41532898 2.350296 9.763245
-0.34391785 2.657364 9.682312
-0.28440857 2.5669098 9.684692
-0.4058075 2.671646 9.958435
-0.37724304 2.176529 10.522583
-0.40104675 1.8837433 10.670166
-0.41532898 1.7147369 10.31311
-0.2320404 1.0101471 11.831787
-0.3724823 1.0839386 13.0338745
-0.5771942 1.2434235 13.2005005
-1.0175629 1.0934601 12.467346
-1.8792572 0.41029358 10.848694
-1.974472 0.5388336 9.770386
-1.9244843 -1.0512543 10.927246
-1.6483612 -1.47258 11.250977
-1.4888763 -1.1536102 10.677307
-1.6602631 -1.563034 10.18457
-2.481491 -2.2914276 9.594238
-2.8837738 -1.9915009 8.254089
-2.679062 -2.0272064 8.404053
-2.7576141 -3.0007782 8.0946045
-3.1527557 -3.531601 7.3900146
-2.6695404 -4.2409515 7.3043213
-2.2839203 -4.5504 6.897278
-2.6576385 -5.045517 5.845154
-3.1813202 -5.559677 4.7382813
-3.3455658 -6.014328 3.9646606
-3.3431854 -6.573715 3.838501
-3.3455658 -7.0117035 3.7885132
-3.4598236 -7.2545013 3.5790405
-3.5359955 -7.4996796 3.3029175
-3.571701 -7.9281464 3.2624512
-3.4788666 -8.213791 2.8292236
-3.6907196 -8.049545 1.927063
-3.719284 -8.189987 1.2248535
-3.4526825 -8.856491 1.5509644
-2.9504242 -9.463486 1.9056396
-2.4862518 -10.19664 2.4055176
-2.083969 -10.982162 1.8865967
-1.7507172 -11.524887 -0.02722168
-1.9506683 -12.134262 -1.4768677
-2.712387 -12.5793915 -1.6434937
-3.1837006 -12.536545 -1.7053833
-3.3693695 -12.298508 -0.9222412
-3.3907928 -11.077377 0.7344971
-2.9266205 -9.806259 2.4650269
-2.2291718 -9.146896 3.9599
-1.5793304 -8.832687 4.3217163
-1.403183 -8.58989 3.4695435
-1.6650238 -8.72319 1.677124
-2.186325 -9.242111 0.40600586
-2.6076508 -9.703903 0.41552734
-2.724289 -10.103806 1.1224976
-2.448166 -10.268051 2.0770264
-1.698349 -10.277573 3.357666
-0.91044617 -10.498947 3.4100342
-0.83665466 -10.363266 2.786377
-1.2341766 -9.930038 1.8651733
-1.4269867 -10.70842 1.7532959
-2.1101532 -10.917892 1.8056641
-2.5719452 -10.175217 1.5557251
-2.6005096 -9.815781 2.3269653
-2.5029144 -9.2825775 2.888733
-2.1839447 -9.256393 3.6433105
-1.9054413 -9.439682 3.9575195
-1.6388397 -9.699142 3.7218628
-1.5483856 -10.13475 3.652832
-1.6507416 -10.5203705 3.7266235
-1.9887543 -10.491806 3.736145
-2.3696136 -10.306137 3.7766113
-2.4981537 -10.080002 3.145813
-2.5410004 -10.249008 3.005371
-2.6338348 -10.513229 3.5528564
-2.6528778 -10.701279 3.7218628
-2.1815643 -10.218063 3.440979
-1.4960175 -9.542038 3.5790405
-0.81285095 -8.935043 3.652832
-0.4629364 -8.418503 3.6885376
-0.5391083 -8.373276 3.7694702
-1.0675507 -8.927902 3.9194336
-1.8935394 -9.094528 3.164856
-2.4886322 -9.656296 3.3529053
-2.4315033 -10.120468 3.664734
-1.5650482 -10.256149 3.8075562
-0.646225 -10.589401 4.5407104
-0.33439636 -10.896469 5.0144043
-0.4296112 -11.058334 4.4454956
-0.97709656 -11.73436 4.166992
-1.7507172 -11.693893 3.8504028
-2.2839203 -11.5082245 3.3790894
-2.5338593 -11.367783 3.921814
-2.4981537 -11.420151 4.2788696
-2.300583 -11.755783 4.685913
-2.3196259 -11.379684 4.7216187
-2.391037 -11.591537 5.0477295
-2.712387 -11.363022 5.031067
-2.9051971 -10.920273 4.9715576
-2.981369 -10.8798065 5.2095947
-2.8885345 -10.767929 5.0929565
-2.7933197 -10.913132 4.947754
-2.7100067 -11.182114 4.92395
-2.776657 -11.132126 5.107239
-2.9123383 -10.475143 5.1834106
-3.083725 -10.329941 6.0093994
-3.2170258 -9.634872 6.0165405
-3.314621 -9.244492 5.7737427
-3.5050507 -9.03978 5.492859
-3.7454681 -8.956467 4.9191895
-3.8882904 -9.142136 4.576416
-3.8811493 -9.584885 4.7478027
-3.712143 -9.5134735 4.947754
-3.859726 -9.087387 5.2667236
-3.969223 -8.604172 5.923706
-4.104904 -7.95195 5.9784546
-4.404831 -7.380661 5.5547485
-4.676193 -7.1473846 5.461914
-4.926132 -6.8188934 5.2286377
-5.2355804 -6.6974945 5.2595825
-5.406967 -6.7498627 5.5214233
-5.445053 -6.47612 5.450012
-5.3974457 -6.5308685 5.764221
-5.199875 -6.5546722 5.7785034
-5.207016 -5.9548187 5.378601
-5.1213226 -5.673935 5.590454
-5.340317 -5.4073334 5.614258
-5.956833 -4.893173 5.590454
-6.3329315 -4.598007 5.909424
-6.4162445 -4.302841 6.192688
-6.2043915 -4.10289 5.94751
-6.0306244 -4.095749 5.8427734
-6.035385 -4.0100555 5.6428223
-6.1544037 -3.5482635 5.533325
-6.528122 -2.9698334 5.538086
-6.849472 -2.7603607 5.5095215
-7.0303802 -2.6937103 5.6571045
-7.004196 -2.7651215 5.9641724
-6.6971283 -2.4461517 6.064148
-6.6542816 -1.812973 5.9141846
-6.906601 -1.5773163 5.9665527
-7.170822 -1.1559906 5.6071167
-7.2946014 -1.0036469 5.4000244
-7.163681 -1.1250458 5.5285645
-7.0589447 -1.2488251 5.7594604
-6.9803925 -1.2393036 6.0617676
-6.9542084 -1.0012665 6.192688
-6.9803925 -0.74894714 6.0308228
-7.118454 -0.7108612 6.0308228
-7.2874603 -0.60136414 5.8046875
-7.427902 -0.50138855 5.595215
-7.3779144 -0.4633026 5.480957
-7.3065033 -0.59898376 5.552368
-7.1398773 -0.47758484 5.730896
-7.028 -0.299057 5.699951
-6.982773 -0.0038909912 5.485718
-7.113693 0.16035461 5.204834
-7.28508 0.08894348 5.4262085
-7.4755096 -0.04673767 5.519043
-7.387436 -0.35142517 5.7523193
-7.189865 -0.19432068 5.711853
-7.144638 -0.19908142 5.923706
-7.2898407 -0.10386658 6.0093994
-7.3660126 -0.056259155 5.7904053
-7.4493256 -0.101486206 5.7023315
-7.549301 -0.013412476 5.56427
-7.485031 0.079422 5.450012
-7.496933 0.26509094 5.390503
-7.4993134 0.4674225 5.359558
-7.580246 0.5721588 5.3500366
-7.5826263 0.51026917 5.300049
-7.5516815 0.6459503 5.30719
-7.5778656 0.669754 5.2976685
-7.5635834 0.7483063 5.3309937
-7.575485 0.8935089 5.2929077
-7.6207123 0.90065 5.1881714
-7.739731 0.9101715 5.0596313
-7.8349457 1.112503 4.902527
-7.8801727 1.2838898 4.9072876
-7.8325653 1.4528961 4.916809
-7.758774 1.5338287 4.9334717
-7.8159027 1.6266632 4.909668
-7.8849335 1.3553009 5.2214966
-7.946823 1.3148346 5.2286377
-7.9682465 1.195816 5.2024536
-7.9158783 0.9125519 5.3928833
-7.906357 0.9625397 5.2667236
-7.977768 1.0268097 5.3309937
-8.115829 1.0387115 5.514282
-8.18486 1.1053619 5.37146
-8.108688 1.0315704 5.364319
-7.996811 1.0767975 5.2595825
-7.9634857 1.1196442 5.2333984
-7.9373016 1.0601349 5.3119507
-7.9349213 1.0363312 5.3476563
-7.92778 1.0268097 5.5737915
-7.906357 0.9673004 5.5357056
-7.9991913 1.003006 5.4000244
-8.044418 1.2124786 5.30719
-7.958725 1.3719635 5.2667236
-7.8325653 1.5314484 5.231018
-7.637375 1.5576324 5.1500854
-7.546921 1.6933136 4.973938
-7.6421356 1.843277 4.9263306
-7.765915 2.0337067 4.883484
-7.720688 2.1074982 4.897766
-7.592148 2.1503448 4.826355
-7.401718 1.9860992 4.878723
-7.3255463 1.8337555 4.8668213
-7.277939 1.6457062 4.962036
-7.3850555 1.6004791 4.9715576
-7.3731537 1.3743439 5.0667725
-7.2517548 1.214859 5.1500854
-7.1541595 0.9434967 5.05249
-7.1017914 0.7221222 5.185791
-7.1422577 0.62690735 5.192932
-7.1922455 0.4245758 5.2667236
-7.137497 0.19606018 5.340515
-7.1017914 -0.16337585 5.614258
-6.944687 -0.548996 5.7975464
-6.792343 -0.91319275 5.930847
-6.6090546 -1.324997 5.9260864
-6.5709686 -1.8153534 5.7927856
-6.77092 -1.9938812 5.807068
-6.8661346 -2.0319672 5.8165894
-6.6519012 -2.2438202 5.94751
-6.266281 -2.5128021 5.9832153
-5.861618 -2.8698578 6.159363
-5.6473846 -3.300705 6.295044
-5.6735687 -3.898178 6.1712646
-5.963974 -3.9910126 5.8808594
-6.123459 -4.1909637 5.9260864
-6.1853485 -4.3956757 5.8737183
-6.142502 -4.390915 5.9903564
-5.866379 -4.55278 6.2283936
-5.475998 -4.9860077 6.4140625
-5.192734 -5.3168793 6.3497925
-5.2927094 -5.4454193 6.1712646
-5.6902313 -5.5168304 6.026062
-5.918747 -5.564438 6.1688843
-5.8401947 -5.4335175 6.20459
-5.464096 -5.4025726 6.1331787
-5.0760956 -5.571579 6.0474854
-4.7238007 -6.3071136 5.999878
-4.3643646 -7.156906 5.859436
-4.1406097 -7.69487 5.6428223
-4.045395 -8.070969 5.6452026
-4.173935 -7.8472137 5.533325
-4.302475 -7.6782074 5.511902
-4.3881683 -7.661545 5.4000244
-4.226303 -8.154282 5.2738647
-3.988266 -8.59227 5.121521
-3.8002167 -9.249252 5.5476074
-3.583603 -9.606308 5.976074
-3.378891 -9.325424 5.814209
-3.4312592 -9.2825775 5.7332764
-3.712143 -9.137375 5.5214233
-3.866867 -9.251633 5.3762207
-3.8383026 -9.718185 5.300049
-3.6240692 -9.906235 5.364319
-3.507431 -9.861008 5.8427734
-3.488388 -9.399216 5.8880005
-3.443161 -9.280197 5.9141846
-3.481247 -9.368271 5.852295
-3.3693695 -9.527756 5.533325
-3.3170013 -9.834824 5.288147
-3.2289276 -9.649155 4.9525146
-3.1837006 -9.277817 5.2143555
-3.090866 -9.0516815 5.390503
-2.8885345 -9.192123 5.4000244
-2.5410004 -9.465866 5.3119507
-2.417221 -10.008591 5.107239
-2.493393 -10.229965 5.0286865
-2.5052948 -10.332321 5.1310425
-2.5814667 -10.110947 5.319092
-2.5743256 -9.81102 5.3119507
-2.5790863 -9.611069 5.3048096
-2.5076752 -9.453964 5.05011
-2.4576874 -9.727707 4.7263794
-2.4981537 -10.032394 4.543091
-2.53862 -10.0681 4.6121216
-2.5076752 -9.880051 5.102478
-2.326767 -9.432541 5.05011
-2.2101288 -8.968369 5.012024
-2.1768036 -8.97789 5.0358276
-2.1315765 -9.030258 4.9310913
-2.1172943 -9.158798 4.871582
-2.050644 -9.196884 4.98822
-2.0744476 -9.077866 4.9525146
-2.0911102 -9.1349945 5.019165
-2.038742 -8.901718 4.876343
-1.9030609 -8.873154 4.750183
-1.7554779 -8.8207855 4.6811523
-1.6745453 -8.78746 4.7144775
-1.6697845 -8.892197 4.8096924
-1.5769501 -8.951706 4.8858643
-1.5555267 -8.956467 5.107239
-1.6626434 -8.951706 5.231018
-1.595993 -9.054062 5.2786255
-1.4960175 -9.099289 4.9334717
-1.4579315 -9.315903 4.769226
-1.4841156 -9.515854 4.545471
-1.4722137 -9.5325165 4.5359497
-1.4817352 -9.473007 4.9191895
-1.5007782 -9.177841 4.9906006
-1.5007782 -8.999313 5.1453247
-1.5650482 -8.901718 5.1119995
-1.569809 -8.935043 4.940613
-1.4531708 -9.073105 4.8811035
-1.4460297 -9.275436 4.966797
-1.4388885 -9.292099 5.0548706
-1.4412689 -9.284958 5.038208
-1.5222015 -9.161179 5.216736
-1.4603119 -9.142136 5.152466
-1.4460297 -9.061203 5.1191406
-1.3817596 -9.020737 4.840637
-1.2603607 -9.36113 4.8501587
-1.3032074 -9.453964 4.7977905
-1.2841644 -9.406357 5.071533
-1.2984467 -9.1707 5.238159
-1.2436981 -9.327805 5.6761475
-1.5174408 -12.717453 8.534973
-1.4650726 -8.601791 0.8820801
-1.069931 -9.711044 4.9572754
-1.9554291 -9.256393 6.635437
-1.5531464 -8.649399 4.98584
-1.9387665 -9.908615 7.218628
-1.3412933 -7.816269 3.6480713
-1.1818085 -10.060959 5.5666504
-1.4055634 -9.075485 4.716858
-1.653122 -9.025497 4.7668457
-1.4103241 -8.939804 4.6049805
-1.3579559 -8.835068 4.8501587
-1.1699066 -8.894577 5.2143555
-1.1270599 -8.65892 5.216736
-1.0865936 -8.470871 5.447632
-1.0104218 -8.59227 5.402405
-1.0413666 -8.637497 5.088196
-1.1032562 -8.801743 5.026306
-1.1865692 -9.058823 5.0405884
-1.1841888 -9.0516815 5.064392
-1.2198944 -9.082626 5.1381836
-1.1222992 -9.020737 5.152466
-1.0318451 -9.046921 5.2286377
-1.0770721 -9.099289 5.2214966
-1.0961151 -9.1349945 5.1643677
-1.1389618 -9.163559 5.1119995
-1.1937103 -9.118332 5.2143555
-1.2484589 -9.032639 5.2214966
-1.2675018 -8.982651 5.3738403
-1.3460541 -8.989792 5.4571533
-1.2770233 -9.030258 5.5404663
-1.1865692 -9.063583 5.5547485
-1.0818329 -8.944565 5.2905273
-1.024704 -8.84935 5.3690796
-1.0937347 -8.880295 5.3952637
-1.108017 -8.816025 5.3809814
-1.1175385 -8.84935 5.466675
-1.0580292 -8.825546 5.545227
-1.0009003 -8.666061 5.466675
-0.8342743 -8.6732025 5.571411
-0.7414398 -8.666061 5.6880493
-0.6367035 -8.680344 5.7904053
-0.4129486 -8.687485 5.8427734
-0.2820282 -8.939804 6.0927124
-0.20585632 -8.920761 5.9332275
-0.24156189 -8.930283 5.9403687
-0.31059265 -8.835068 6.0927124
-0.5057831 -8.542282 5.826111
-0.63194275 -7.849594 5.8308716
-0.562912 -7.5877533 5.549988
-0.39390564 -7.475876 5.8832397
-0.2582245 -7.3449554 6.242676
-0.19395447 -7.283066 6.5426025
-0.19871521 -7.2378387 6.949646
-0.098739624 -7.483017 7.3186035
0.034561157 -7.713913 7.1757813
-0.017807007 -7.809128 6.5664063
-0.27488708 -7.8400726 6.290283
-0.66526794 -7.835312 6.0879517
-0.95329285 -8.085251 6.276001
-1.1199188 -8.380417 6.33313
-1.0818329 -8.447067 6.2617188
-0.8437958 -8.716049 5.999878
-0.5391083 -9.284958 5.3357544
-0.34153748 -9.665817 4.2788696
-0.4058075 -9.953842 3.2457886
-0.543869 -10.629868 3.210083
-0.68193054 -11.16069 3.2410278
-0.91996765 -11.384445 2.4293213
-1.2270355 -10.979782 1.336731
-1.2079926 -11.1107025 0.91778564
-1.38414 -11.996201 0.9225464
-1.2675018 -11.67009 1.5771484
-0.9152069 -11.643906 1.9603882
-0.6509857 -11.398727 2.6292725
-0.9961395 -10.172836 2.5388184
-1.6364594 -8.389938 3.3148193
-2.3029633 -6.592758 4.0670166
-2.8409271 -5.4597015 5.3357544
-2.8694916 -5.040756 7.4590454
-2.5981293 -5.014572 8.64209
-2.3196259 -4.9384003 8.554016
-2.1482391 -5.0312347 8.337402
-2.0649261 -5.162155 7.739929
-2.1553802 -4.5551605 7.35907
-2.53862 -3.1436005 7.463806
-2.7385712 -2.108139 8.625427
-2.629074 -1.4606781 9.4609375
-2.417221 -1.2250214 9.591858
-2.0435028 -1.4178314 9.09198
-1.5936127 -1.5392303 8.327881
-1.8483124 -1.6415863 7.5494995
-1.891159 -1.075058 8.627808
-1.1746674 -0.26335144 8.018433
-1.0651703 -1.896286 11.14386
-3.507431 -0.3657074 18.663452
-7.465988 -4.402817 19.603699
-2.160141 -4.866989 13.076721
-0.22727966 -3.2102509 7.835144
0.81770325 -3.750595 6.199829
-0.9009247 -3.8862762 5.4452515
-2.8504486 -4.057663 7.8970337
-4.166794 -3.800583 8.984863
-3.3431854 -4.8622284 8.987244
-1.8887787 -5.790573 9.5252075
-1.153244 -5.6786957 9.501404
0.027420044 -5.4335175 9.358582
0.5106354 -4.7527313 9.256226
0.21070862 -4.212387 9.125305
-0.3391571 -4.2457123 8.70636
-1.0151825 -4.095749 9.15387
-1.0604095 -4.052902 9.132446
-0.86997986 -4.005295 9.358582
-0.64146423 -3.8386688 9.253845
-0.20347595 -4.2980804 9.28717
-0.12730408 -4.5742035 9.353821
-0.3153534 -4.314743 9.161011
-0.7414398 -3.9148407 9.206238
-1.0199432 -3.5054169 9.227661
-1.0842133 -3.5435028 9.325256
-1.0175629 -3.6315765 9.318115
-0.9794769 -3.4625702 9.020569
-1.005661 -3.5982513 9.708496
-0.7842865 -3.5815887 9.577576
-0.8176117 -3.2102509 9.056274
-1.3698578 -3.0436249 9.715637
-1.0151825 -3.0007782 9.627563
-1.0532684 -2.9365082 9.584717
-0.89616394 -2.9912567 9.575195
-0.6843109 -3.0102997 9.694214
-0.45103455 -2.9793549 9.722778
-0.3486786 -2.9841156 9.6918335
-0.5557709 -2.9174652 9.744202
-1.0009003 -2.929367 9.465698
-1.3317719 -3.1007538 9.210999
-1.3032074 -3.0388641 9.425232
-0.99375916 -3.1745453 9.558533
-0.83903503 -3.14122 9.449036
-0.83665466 -3.0341034 9.86084
-0.7700043 -3.0674286 9.103882
-0.79618835 -2.9555511 9.977478
-0.9056854 -2.7389374 9.4776
-1.0270844 -2.5128021 9.675171
-0.6771698 -2.6318207 9.646606
-0.39152527 -1.5892181 9.520447
-0.020187378 -1.351181 9.277649
0.22261047 -1.9058075 10.1203
0.12263489 -1.6392059 9.829895
0.06074524 -1.1226654 8.830139
0.055984497 -0.9846039 10.484497
-0.13682556 -0.6513519 9.508545
-0.76286316 -0.5228119 9.482361
-1.2651215 -0.46568298 10.156006
-1.422226 -0.21812439 9.841797
-1.2532196 0.42219543 9.308594
-1.0842133 0.51264954 9.453796
-1.0508881 0.6649933 9.887024
-1.3627167 1.3648224 9.713257
-1.4269867 1.7671051 10.277405
-0.94615173 1.9884796 10.322632
-0.9509125 2.074173 10.50354
-0.8890228 1.6861725 10.103638
-0.8675995 0.9101715 10.041748
-0.7914276 0.5578766 9.856079
-0.78904724 0.23890686 9.841797
-0.65574646 -0.17527771 9.932251
-0.52482605 -0.53471375 9.853699
-0.46769714 -0.6870575 9.772766
-0.42723083 -0.5323334 9.787048
-0.49864197 -0.24668884 9.737061
Time Stop = 1457235622
