Time Start = 1457236924
-1.9720917 0.7959137 9.908447
-1.929245 0.4340973 9.894165
-2.114914 0.027053833 9.737061
-1.9244843 -0.22050476 9.589478
-1.8030853 -0.11100769 9.710876
-1.6078949 0.16511536 9.698975
-1.3722382 0.1865387 9.782288
-1.4841156 -0.16337585 9.587097
-1.653122 -0.48234558 9.0824585
-2.057785 -0.9012909 9.103882
-2.3124847 -0.77989197 9.334778
-2.391037 -0.51091003 9.579956
-2.1244354 -0.42521667 10.075073
-1.6007538 -0.24906921 10.208374
-1.5007782 -0.061019897 10.167908
-1.3484344 -0.31333923 9.965576
-0.9247284 -0.70610046 9.948914
-0.9913788 -0.8584442 10.001282
-1.153244 -0.9346161 10.125061
-1.3436737 -0.9655609 9.939392
-2.0268402 -0.5775604 9.629944
-4.1001434 0.96492004 4.1884155
-3.0813446 -2.3247528 9.825134
-0.3224945 -2.1890717 10.189331
-0.7200165 -1.0274506 10.3012085
-1.8102264 -0.5370941 10.977234
-2.4862518 -0.08244324 10.660645
-2.5481415 -0.06340027 10.391663
-2.519577 -0.5228119 10.422607
-2.60289 -0.6608734 10.203613
-2.8837738 -0.9679413 10.210754
-3.1003876 -1.3916473 10.479736
-2.8504486 -1.6820526 10.713013
-2.1434784 -1.9700775 10.741577
-1.3722382 -2.550888 11.036743
-0.68193054 -3.583969 11.717529
-0.41770935 -4.2718964 11.7508545
-0.36772156 -4.7146454 11.362854
-0.3153534 -5.4644623 11.329529
-0.23442078 -5.904831 10.584473
-0.0677948 -6.7998505 10.3654785
0.18214417 -7.7543793 9.729919
0.6510773 -8.366135 8.846802
1.2937775 -8.84935 8.223145
1.8150787 -9.270676 8.054138
2.1840363 -9.611069 7.6470947
2.3459015 -9.68248 7.109131
2.5315704 -10.080002 6.7282715
2.5767975 -10.279953 6.2521973
2.8981476 -9.903854 5.1000977
3.3670807 -10.115707 4.7454224
3.4289703 -10.268051 3.5647583
3.259964 -10.279953 2.5792847
3.3837433 -10.45134 1.2891235
3.7955475 -10.856003 0.57263184
4.093094 -10.756027 0.43695068
4.1049957 -9.951462 0.8725586
3.7646027 -9.030258 1.5961914
3.6717682 -8.347092 1.8508911
3.9002838 -8.004318 1.7223511
4.0573883 -7.7186737 1.3581543
4.2621 -7.4877777 0.791626
4.3858795 -7.3782806 0.89160156
4.2430573 -7.509201 0.8059082
3.8550568 -7.4401703 0.8201904
3.581314 -7.513962 0.4940796
3.600357 -7.6353607 0.48693848
3.759842 -7.675827 0.7654419
3.645584 -7.24498 1.2962646
3.3289948 -6.642746 1.71521
3.0980988 -6.0952606 1.6009521
3.2266388 -6.297592 1.3462524
3.3004303 -7.970993 1.6176147
3.0433502 -10.025253 1.3986206
2.2483063 -11.455856 0.5654907
0.62965393 -11.474899 -0.7341919
-1.6293182 -10.58226 -2.8717651
-2.750473 -9.475388 -3.6882324
-1.2603607 -8.8207855 -3.2716675
1.3889923 -8.470871 -2.421875
2.6839142 -8.816025 -1.2293091
2.2697296 -9.227829 -0.30096436
1.0795441 -9.880051 0.3369751
0.15119934 -10.791733 0.85827637
-0.32963562 -11.34874 0.46551514
-0.29631042 -11.15593 -0.51519775
-0.27726746 -10.241867 -0.88653564
0.03694153 -8.880295 -1.3031006
0.17738342 -8.304245 -1.1959839
0.20594788 -8.27092 -1.1626587
0.08454895 -8.994553 -1.5220947
-0.49864197 -9.853867 -1.793457
-1.005661 -10.356125 -3.0026855
-1.4174652 -10.439438 -3.3145142
-1.3365326 -10.094284 -2.8241577
-0.7985687 -9.687241 -2.2600098
-0.4557953 -9.563461 -1.498291
-0.36296082 -9.677719 -0.7579956
-0.5724335 -9.858627 -0.32476807
-1.1603851 -9.963364 0.022766113
-1.781662 -10.163315 0.5083618
-2.1934662 -10.251389 0.75115967
-2.583847 -9.915756 0.7249756
-2.8885345 -9.820541 0.7059326
-2.9789886 -9.763412 0.24890137
-2.583847 -9.608688 -1.0317383
-2.7290497 -9.734848 -2.9717407
-5.861618 -9.537277 -1.1793213
-7.004196 -10.558456 0.110839844
-5.802109 -13.53392 1.6533203
-3.3931732 -14.790756 0.62976074
-2.2910614 -14.298019 0.21557617
-2.8504486 -13.46489 0.6273804
-3.8716278 -12.534164 1.003479
-3.9454193 -11.524887 0.6821289
-3.82164 -10.982162 2.5245361
-1.7388153 -10.544174 0.40124512
-0.89378357 -11.374924 0.40124512
-1.1365814 -11.6558075 0.9439697
-1.9530487 -10.872665 1.9675293
-2.0554047 -10.06572 3.479065
-1.6650238 -9.646774 5.423828
-0.2891693 -9.289719 5.0786743
0.9129181 -9.377792 3.5861816
0.4273224 -9.311142 2.6554565
-0.29631042 -10.099045 2.017517
-0.6628876 -10.560837 2.0437012
-0.941391 -10.158554 1.7580566
-1.1818085 -9.142136 1.6890259
-1.217514 -8.247116 2.1341553
-1.2651215 -9.613449 1.9865723
-1.2222748 -10.905991 1.3438721
-0.9818573 -11.636765 0.33221436
-0.75572205 -11.265427 -0.37475586
-2.3838959 -9.765793 1.862793
-2.5552826 -8.416122 2.4197998
-2.750473 -8.601791 2.8815918
-3.0480194 -8.854111 3.0148926
-3.4526825 -9.268295 2.8220825
-3.3550873 -9.461105 3.0839233
-2.6552582 -9.603928 2.7816162
-2.0054169 -9.858627 2.6864014
-1.8768768 -10.265671 2.157959
-2.2863007 -10.929794 2.0913086
-2.6052704 -10.870285 1.4747925
-2.8433075 -10.294235 1.4343262
-2.5410004 -9.568222 2.2460327
-1.8126068 -8.965988 3.0077515
-1.8816376 -8.53038 3.421936
-2.4910126 -8.416122 3.5790405
-2.8623505 -9.063583 3.4647827
-3.0599213 -10.032394 3.1553345
-2.629074 -10.560837 3.562378
-2.1768036 -10.439438 4.038452
-2.2910614 -9.42778 3.690918
-2.5529022 -8.9040985 2.9506226
-2.3434296 -9.175461 2.3983765
-2.0292206 -9.880051 2.3150635
-1.910202 -10.056198 2.2269897
-2.0339813 -10.525131 2.9625244
-1.781662 -10.482285 3.331482
-1.7245331 -10.420395 3.9384766
-2.0530243 -9.882431 4.421692
-1.8554535 -9.791977 4.9644165
-1.7840424 -9.420639 4.1384277
-1.8221283 -9.958603 3.3886108
-1.51268 -10.746506 2.922058
-1.4745941 -10.713181 2.6959229
-0.8271332 -10.756027 3.3671875
-0.7247772 -10.268051 3.7766113
-0.4557953 -9.791977 3.9694214
-0.28678894 -9.763412 4.357422
-0.15110779 -10.139511 4.6882935
0.4915924 -10.008591 4.3931274
0.7653351 -9.284958 4.0336914
0.50587463 -9.36113 4.3479004
0.2035675 -9.930038 4.1289063
0.20118713 -10.727463 4.7597046
0.2868805 -11.244003 5.4262085
-0.3891449 -11.077377 4.897766
0.09169006 -10.339462 4.750183
0.76771545 -9.004074 4.871582
1.0128937 -9.161179 4.840637
1.3437653 -8.061447 5.730896
1.1438141 -7.9019623 5.090576
1.367569 -8.763657 4.5906982
1.6341705 -9.030258 4.3431396
1.3580475 -9.280197 4.8358765
1.367569 -8.837448 4.364563
1.4437408 -8.818405 4.8811035
1.4984894 -8.875534 5.1381836
1.6389313 -9.10643 5.397644
1.7888947 -8.97789 5.576172
2.0078888 -8.287582 5.300049
2.245926 -7.528244 5.6261597
2.4863434 -6.86174 6.1498413
2.4958649 -6.9355316 7.218628
2.1602325 -8.106674 7.237671
1.8793488 -9.29686 6.65448
1.7793732 -9.949081 6.178406
2.0721588 -9.80864 5.6071167
2.4315948 -9.518234 5.5238037
2.7672272 -8.33519 5.5
3.029068 -7.4853973 6.007019
3.3028107 -6.971237 6.537842
3.343277 -7.4806366 7.513794
3.0790558 -8.796982 8.26123
2.6743927 -9.594406 7.8184814
2.5315704 -9.308762 7.373352
2.7362823 -8.049545 7.0115356
3.3123322 -7.2092743 7.609009
3.3980255 -6.802231 8.251709
3.2504425 -6.66893 7.9589233
3.16951 -7.1521454 7.737549
3.048111 -7.56633 7.589966
3.0266876 -7.18071 7.6375732
2.9576569 -7.0188446 8.275513
2.8076935 -6.692734 8.415955
2.7767487 -6.4166107 8.149353
2.8957672 -6.502304 8.13031
3.0433502 -6.321396 7.8137207
3.074295 -5.9905243 7.737549
3.0409698 -5.359726 7.949402
2.9695587 -4.845566 8.270752
2.855301 -4.4147186 8.649231
2.926712 -4.2790375 8.270752
3.1742706 -4.4004364 8.2421875
3.305191 -4.640854 8.232666
3.2456818 -5.076462 8.311218
2.9957428 -5.1050262 8.19458
2.9171906 -4.905075 8.180298
3.0147858 -4.405197 8.151733
3.3099518 -3.6101532 8.070801
3.259964 -3.2459564 8.551636
3.3837433 -3.2769012 8.582581
3.3837433 -4.0933685 8.868225
3.259964 -4.481369 8.101746
3.2718658 -4.4861298 7.6280518
3.3337555 -3.9505463 7.4281006
3.4622955 -3.20549 7.8327637
3.721756 -2.300949 7.4971313
3.9121857 -1.9581757 8.058899
4.178787 -2.108139 8.539734
4.0074005 -2.596115 8.761108
4.009781 -2.6865692 8.254089
3.8907623 -2.5104218 7.756592
3.9764557 -2.3366547 7.2543335
4.047867 -1.8867645 7.328125
4.2692413 -1.851059 7.4804688
4.3787384 -1.5344696 7.1829224
4.5786896 -1.2892914 7.2162476
4.7072296 -1.4963837 7.475708
4.690567 -1.5939789 7.4209595
4.6239166 -1.4701996 7.3043213
4.607254 -1.3488007 7.1972046
4.569168 -1.203598 7.5114136
4.7000885 -0.9322357 7.7423096
5.0333405 -0.6037445 7.570923
5.280899 -0.5370941 7.430481
5.452286 -0.68943787 7.48761
5.371353 -1.0203094 7.6828003
5.0833282 -1.1964569 7.675659
5.0000153 -1.2797699 7.585205
5.102371 -1.4630585 7.8113403
5.2832794 -1.5582733 7.8375244
5.3404083 -1.3202362 7.7494507
5.2190094 -0.87272644 7.9160767
5.54274 -0.42045593 7.354309
5.7022247 -0.0062713623 7.544739
5.856949 -0.36094666 7.9208374
5.859329 -0.6608734 8.116028
5.6736603 -0.991745 8.118408
5.492752 -1.184555 7.797058
5.2594757 -1.056015 7.4090576
5.292801 -0.93937683 7.547119
5.440384 -0.594223 7.654236
5.576065 -0.053878784 7.6828003
5.6950836 0.2436676 7.789917
5.8426666 0.2603302 7.3257446
5.978348 -0.07054138 7.3566895
6.1187897 -0.4728241 7.36145
6.090225 -0.6799164 7.525696
5.709366 -0.4966278 7.8589478
5.2904205 -0.4156952 8.465942
4.888138 -0.29667664 8.946777
4.8524323 0.015151978 8.64447
5.0714264 -0.020553589 8.199341
5.3737335 -0.08482361 7.7946777
5.6927032 -0.20146179 7.199585
5.754593 -0.2919159 6.5426025
5.761734 -0.013412476 6.2807617
5.7403107 0.5816803 6.366455
5.8164825 1.2100983 6.828247
5.897415 1.1839142 7.8589478
5.7712555 0.6745148 8.8349
5.4760895 0.27461243 8.673035
5.2380524 0.017532349 8.082703
5.1309357 -0.15385437 7.5756836
5.185684 -0.096725464 7.36145
5.3356476 0.06037903 7.199585
5.4879913 0.4745636 7.35907
5.583206 0.6411896 7.797058
5.773636 0.6126251 7.989868
5.878372 0.072280884 8.346924
5.859329 -0.61564636 8.427856
5.537979 -0.5775604 8.027954
5.338028 -0.41807556 7.87323
5.318985 -0.36094666 7.8779907
5.499893 -0.17051697 7.7684937
5.704605 -0.11576843 7.7922974
5.8474274 0.14607239 7.4852295
5.8688507 0.3007965 7.2543335
5.921219 0.4983673 7.544739
5.902176 0.4674225 7.675659
5.8545685 0.2674713 8.104126
5.666519 0.017532349 8.19458
5.485611 0.18891907 7.8756104
5.3999176 0.4245758 7.5114136
5.41658 0.44837952 7.4019165
5.473709 0.34126282 7.544739
5.492752 0.11274719 7.7280273
5.48085 0.003250122 7.6066284
5.3808746 -0.31095886 7.687561
5.2975616 -0.19670105 7.5994873
5.2951813 -0.13243103 7.7018433
5.28804 -0.018173218 7.673279
5.3427887 -0.16099548 7.751831
5.307083 -0.2585907 7.6447144
5.2142487 -0.35142517 7.7732544
4.9952545 -0.37998962 7.994629
4.8786163 -0.23716736 7.9375
4.990494 -0.2752533 7.989868
5.1761627 -0.63230896 8.204102
5.3356476 -0.74894714 7.892273
5.2594757 -0.8179779 7.968445
5.088089 -0.8489227 7.7732544
5.114273 -0.7037201 7.2995605
5.0833282 -0.35142517 7.7946777
4.9500275 -0.3728485 8.846802
5.0714264 -0.80607605 9.120544
5.133316 -1.6582489 9.253845
4.9881134 -1.9748383 8.858704
4.6477203 -2.0652924 8.439758
4.5715485 -2.0843353 7.9660645
4.7500763 -2.3033295 7.9089355
4.8357697 -2.4199677 8.420715
4.864334 -2.486618 8.839661
4.7191315 -2.672287 9.215759
4.4882355 -2.7460785 8.956299
4.228775 -2.5342255 8.570679
4.178787 -2.6056366 7.8375244
4.285904 -3.0079193 7.528076
4.523941 -3.9529266 7.442383
4.678665 -4.383774 7.063904
4.683426 -4.647995 7.6137695
4.3715973 -4.9003143 8.285034
4.0645294 -4.4956512 8.746826
3.9812164 -4.5884857 8.911072
4.100235 -4.4194794 8.175537
4.2311554 -4.448044 7.3376465
4.504898 -4.6051483 6.666382
4.6691437 -5.314499 6.435486
4.6239166 -5.8358 6.8115845
4.4691925 -6.1071625 7.225769
4.009781 -6.54039 7.8827515
3.574173 -6.7022552 8.13269
3.3670807 -6.60466 7.6018677
3.414688 -6.41185 6.749695
3.657486 -6.2285614 6.1974487
3.9121857 -6.064316 6.0308228
4.13118 -6.233322 6.007019
4.2692413 -6.7022552 6.2141113
4.266861 -7.3330536 6.499756
4.13118 -7.9495697 6.821106
3.8621979 -8.011459 6.128418
3.695572 -7.547287 5.338135
3.702713 -6.8950653 4.569275
3.9835968 -6.8712616 4.036072
4.293045 -7.047409 4.069397
4.4239655 -7.335434 4.140808
4.3287506 -8.33519 5.300049
4.1883087 -8.492294 5.1691284
3.9669342 -8.994553 5.321472
3.971695 -9.494431 5.0025024
3.9669342 -9.727707 4.402649
3.8574371 -9.480148 3.376709
3.7241364 -8.954086 2.4626465
3.6360626 -8.685104 2.2317505
3.8169708 -8.575607 2.5864258
4.0573883 -8.616074 3.3624268
4.152603 -8.71843 3.4933472
4.00502 -9.123093 4.159851
3.9502716 -8.880295 3.8265991
3.9240875 -8.580368 3.6314087
4.1026154 -8.392319 3.3624268
4.2240143 -8.489914 3.100586
4.190689 -8.708908 2.9625244
4.2049713 -8.932663 2.9196777
3.9835968 -9.330185 3.0006104
3.6693878 -9.906235 3.2386475
3.3123322 -10.13237 2.99823
3.1528473 -10.149033 2.8149414
3.202835 -9.901474 2.691162
3.3980255 -9.475388 2.8149414
3.5575104 -8.944565 2.9815674
3.676529 -8.330429 3.267212
3.766983 -7.9091034 3.6028442
3.8169708 -7.6544037 3.7718506
3.7169952 -7.8829193 4.0265503
3.4289703 -8.537521 3.9527588
3.3099518 -9.437302 3.5599976
3.3147125 -10.720322 2.8101807
3.2194977 -11.646286 1.9865723
2.9552765 -11.815292 1.4914551
2.52919 -11.013107 1.3986206
2.2245026 -9.5325165 2.196045
2.3792267 -8.199509 3.3433838
2.8386383 -7.271164 4.754944
3.2647247 -6.823654 5.8165894
3.6194 -7.0307465 6.276001
3.6432037 -7.6663055 5.897522
3.4789581 -8.554184 5.3738403
3.36232 -9.563461 4.557373
3.1266632 -10.127609 3.8789673
3.0719147 -10.403732 3.300537
2.8600616 -10.477524 3.0672607
2.6291656 -10.158554 3.1981812
2.7481842 -9.634872 3.2838745
3.0814362 -9.254013 3.698059
3.2623444 -8.97789 3.845642
3.23378 -8.763657 4.3098145
3.055252 -8.675583 4.5978394
2.7243805 -8.535141 5.102478
2.669632 -8.218552 5.5095215
2.843399 -7.9852753 5.654724
3.055252 -7.792465 5.749939
3.1861725 -7.513962 5.711853
3.1718903 -7.18071 5.5023804
3.1647491 -7.2616425 6.2141113
3.150467 -7.5115814 5.3500366
2.7815094 -7.970993 5.2405396
2.40065 -8.320908 5.530945
2.1031036 -8.175705 5.640442
2.041214 -8.216171 5.6523438
2.4363556 -8.2947235 5.9379883
2.7172394 -8.104294 5.469055
2.5958405 -7.8186493 5.5166626
2.3792267 -7.328293 5.326233
2.3482819 -7.11644 5.9189453
2.3197174 -6.7665253 6.0879517
2.245926 -6.692734 6.9520264
2.3649445 -6.661789 7.3376465
2.3649445 -6.6832123 6.7615967
2.1197662 -7.016464 6.3831177
1.9745636 -7.5520477 6.4093018
1.9983673 -7.811508 6.3450317
1.7817535 -8.128098 6.2617188
1.3794708 -8.368515 6.744934
1.2533112 -8.204269 6.518799
1.3318634 -7.7996063 6.5045166
1.5913239 -7.2997284 6.8901367
1.9198151 -6.8069916 6.7806396
1.9507599 -6.4594574 6.685425
1.8983917 -6.2809296 6.744934
1.8888702 -6.1904755 6.9139404
1.957901 -6.5760956 7.111511
1.8174591 -7.123581 7.23053
1.5627594 -7.3259125 7.1638794
1.303299 -7.3854218 7.161499
1.1247711 -7.3711395 7.1853027
1.2295074 -7.1521454 7.244812
1.3413849 -7.1664276 7.570923
1.2771149 -7.168808 7.604248
1.1200104 -7.066452 6.8687134
1.0366974 -7.206894 6.52594
1.0605011 -7.218796 6.295044
1.0057526 -7.206894 6.435486
0.81770325 -7.271164 7.270996
0.78437805 -6.99028 7.649475
0.8938751 -6.8522186 7.699463
1.1699982 -6.86174 7.720886
1.2723541 -6.8831635 7.5566406
1.1533356 -6.8903046 7.418579
0.96528625 -7.1854706 7.35907
0.7320099 -7.6710663 7.4804688
0.52015686 -7.744858 6.8710938
0.17500305 -7.6401215 7.078186
0.022659302 -7.399704 7.218628
0.08692932 -7.071213 7.509033
0.30592346 -7.099777 7.6708984
0.5153961 -7.142624 7.649475
0.72010803 -7.304489 7.4709473
0.62965393 -7.475876 6.8044434
0.38685608 -7.668686 6.59021
0.053604126 -7.713913 6.949646
-0.19633484 -7.7567596 7.55188
-0.28440857 -7.75914 7.7470703
-0.27964783 -7.8900604 7.6851807
-0.29154968 -7.8852997 7.442383
-0.22489929 -7.7353363 7.2662354
Time Stop = 1457236929
