Time Start = 5643
-9.3798065 -3.622055 1.9770508
-9.455978 -3.7363129 1.9556274
-9.3988495 -3.7029877 2.2008057
-9.198898 -3.5054169 2.4888306
-9.127487 -3.3554535 2.6625977
-9.165573 -3.2935638 2.5459595
-9.2512665 -3.3316498 2.4674072
-9.313156 -3.3935394 2.4888306
-9.265549 -3.4149628 2.472168
-9.217941 -3.429245 2.6483154
-9.196518 -3.3554535 2.626892
-9.2512665 -3.3149872 2.5316772
-9.298874 -3.4006805 2.5388184
-9.306015 -3.4244843 2.5054932
-9.317917 -3.474472 2.4412231
-9.334579 -3.5292206 2.4364624
-9.427414 -3.569687 2.305542
-9.4631195 -3.5411224 2.3579102
-9.525009 -3.569687 2.331726
-9.517868 -3.6077728 2.3983765
-9.560715 -3.5530243 2.426941
-9.560715 -3.4173431 2.5007324
-9.517868 -3.3292694 2.581665
-9.563095 -3.20549 2.6983032
-9.553574 -3.2316742 2.67688
-9.577377 -3.3578339 2.86969
-9.59642 -3.403061 2.8934937
-9.544052 -3.372116 2.9744263
-9.432175 -3.3744965 2.9672852
-9.3988495 -3.569687 2.9291992
-9.384567 -3.6291962 2.9958496
-9.308395 -3.4816132 3.1624756
-9.2322235 -3.2911835 3.3743286
-9.196518 -3.3340302 3.7670898
-9.346481 -3.3292694 4.2003174
-9.482162 -3.172165 3.9979858
-9.8535 -3.4387665 4.197937
-10.334335 -3.7267914 4.6002197
-10.736618 -4.031479 5.1310425
-10.919907 -4.1433563 5.5476074
-11.162704 -4.3290253 5.7070923
-11.622116 -4.571823 6.249817
-11.857773 -4.6003876 6.540222
-11.826828 -4.924118 7.16864
-11.51976 -5.1383514 7.513794
-11.110336 -5.7239227 7.8637085
-10.624741 -5.983383 8.739685
-9.843979 -5.9929047 9.210999
-9.103683 -5.950058 9.546631
-8.608566 -5.692978 9.4609375
-8.101547 -5.354965 9.063416
-7.573105 -5.0050507 8.958679
-6.9994354 -4.576584 8.692078
-6.5757294 -4.2647552 8.365967
-6.0425262 -4.205246 8.19696
-5.585495 -4.1266937 8.073181
-5.173691 -3.9862518 8.037476
-4.8380585 -4.0148163 8.232666
-4.5167084 -4.1885834 8.161255
-4.3000946 -4.2790375 7.8565674
-4.219162 -4.314743 7.5566406
-4.2239227 -4.1124115 6.8425293
-4.3762665 -3.8957977 5.397644
-4.630966 -4.1504974 4.3240967
-4.8951874 -4.724167 3.4243164
-5.0451508 -5.5096893 3.3695679
-4.9665985 -6.1833344 3.709961
-4.726181 -6.7498627 4.4764404
-4.302475 -6.8903046 4.9501343
-3.9168549 -6.7998505 5.378601
-3.655014 -6.5546722 5.5285645
-3.5978851 -5.942917 5.4523926
-3.7621307 -5.3835297 5.250061
-3.6811981 -4.8384247 5.0144043
-3.3431854 -4.6908417 5.1310425
-2.974228 -5.0026703 5.404785
-2.5076752 -5.3454437 5.4761963
-1.974472 -5.7405853 5.366699
-1.5102997 -6.1024017 5.257202
-1.1889496 -6.2809296 5.0739136
-0.8914032 -6.380905 4.7144775
-0.67240906 -6.4737396 4.3883667
-0.41056824 -6.611801 4.1955566
-0.21061707 -7.0759735 4.147949
-0.5057831 -7.135483 3.8408813
-0.7247772 -7.604416 4.376465
-0.82237244 -7.913864 4.0479736
-1.005661 -7.9805145 3.8218384
-1.2913055 -8.297104 3.729004
-1.5388641 -8.513718 3.7908936
-1.9316254 -8.066208 3.6385498
-2.1529999 -7.8519745 3.8599243
-2.2934418 -7.6282196 3.993225
-2.5600433 -7.206894 4.4121704
-2.9885101 -7.366379 4.6311646
-3.4288788 -8.244736 5.071533
-3.6573944 -9.151657 4.8120728
-3.5574188 -9.815781 4.524048
-3.6002655 -9.915756 4.7597046
-3.700241 -9.318283 4.7858887
-3.6645355 -8.91362 5.095337
-3.469345 -8.704147 5.0977173
-3.3884125 -8.863632 4.821594
-3.1456146 -8.994553 4.6954346
-2.8647308 -8.858871 4.852539
-2.6957245 -8.639877 4.876343
-2.5243378 -8.773178 5.05249
-2.2458344 -9.035019 5.219116
-2.1815643 -9.056442 5.0334473
-2.1934662 -8.823166 4.8501587
-1.9625702 -8.711288 4.53833
-1.974472 -8.708908 4.364563
-1.9459076 -8.680344 3.8718262
-1.8768768 -9.046921 4.02417
-1.5079193 -9.292099 4.7787476
-0.88664246 -9.484909 5.661865
-0.5700531 -9.4301605 5.9213257
-0.5771942 -9.546799 6.0617676
-0.5462494 -9.963364 5.62854
-0.7985687 -10.189499 5.2333984
-1.0580292 -9.887192 4.621643
-1.3246307 -9.856247 4.7406616
-1.3817596 -9.465866 5.840393
-0.6105194 -9.030258 6.0736694
-0.2653656 -10.127609 5.897522
-0.45341492 -11.515366 6.3426514
-1.2722626 -11.846237 4.3288574
-2.4457855 -13.476791 2.5959473
-3.4479218 -12.469894 3.7718506
-1.8316498 -10.672714 5.154846
-2.500534 -9.473007 5.045349
-3.2265472 -9.68486 5.378601
-2.4624481 -11.503464 5.742798
-2.5433807 -12.322311 5.723755
-2.4672089 -12.367538 5.8189697
-2.326767 -11.822433 5.5737915
-1.9697113 -11.7391205 5.7213745
-1.5555267 -11.989059 5.6071167
-1.1603851 -12.510361 5.635681
-0.5034027 -12.903122 5.8570557
-0.14634705 -12.82457 5.82135
0.12263489 -12.834091 6.0022583
0.3773346 -12.541306 5.866577
0.75105286 -11.986679 5.4904785
0.98908997 -11.505844 5.1167603
1.3604279 -11.574875 5.2095947
1.6389313 -11.484421 5.0786743
1.8603058 -11.153549 4.962036
2.060257 -10.510849 4.9644165
2.234024 -9.822922 4.897766
2.4553986 -9.589645 5.2786255
2.6743927 -9.17308 5.3119507
2.9600372 -8.854111 5.428589
3.1980743 -8.825546 5.930847
3.3599396 -8.618454 5.8237305
3.3575592 -8.01384 5.814209
3.5527496 -7.342575 5.473816
3.7979279 -7.047409 5.633301
4.028824 -6.7665253 5.635681
4.2454376 -6.66893 5.4714355
4.4120636 -6.5165863 5.4761963
4.4763336 -6.4094696 5.7737427
4.428726 -6.4094696 5.661865
4.3858795 -5.719162 5.288147
4.5858307 -5.0550385 5.0548706
4.8857574 -4.9455414 5.333374
5.0095367 -4.68132 4.9310913
5.133316 -4.1457367 4.966797
5.376114 -3.9910126 5.0167847
5.492752 -3.8220062 4.904907
5.5332184 -3.6744232 4.9501343
5.6808014 -3.3673553 4.7406616
5.830765 -3.1221771 4.8025513
6.037857 -2.7151337 4.8287354
6.0973663 -2.403305 4.6573486
6.1378326 -2.3985443 4.609741
6.2021027 -2.5009003 4.6049805
6.2782745 -2.7556 4.6763916
6.352066 -2.8317719 4.5716553
6.4948883 -2.865097 4.5716553
6.5805817 -2.762741 4.557373
6.6424713 -2.5842133 4.5597534
6.628189 -2.3890228 4.6549683
6.735306 -2.293808 4.9691772
6.82576 -2.1795502 5.045349
6.930496 -2.1819305 5.128662
7.0399933 -2.005783 5.0786743
7.204239 -1.9319916 4.9120483
7.2542267 -1.9367523 4.9144287
7.313736 -1.9819794 4.959656
7.3113556 -1.9058075 4.9715576
7.2970734 -1.7439423 5.0025024
7.370865 -1.6987152 5.031067
7.4065704 -1.4487762 5.026306
7.5731964 -1.2440643 4.9953613
7.6945953 -1.010788 4.9763184
7.775528 -0.81321716 4.821594
7.806473 -0.71562195 4.833496
7.949295 -0.6108856 4.716858
7.987381 -0.5132904 4.716858
7.9826202 -0.4228363 4.6430664
8.004044 -0.45378113 4.840637
8.104019 -0.5156708 4.92395
8.011185 -0.39665222 4.947754
8.054031 -0.36332703 4.9786987
8.025467 -0.30381775 4.9763184
8.0421295 -0.27287292 4.962036
8.023087 -0.23002625 4.7835083
7.9445343 -0.08244324 4.754944
7.9778595 -0.18003845 4.671631
7.889786 -0.07292175 4.500244
7.9207306 0.048477173 4.3812256
8.0421295 0.14845276 4.295532
7.956436 0.21510315 4.2645874
7.9278717 0.24842834 4.326477
7.930252 0.1698761 4.250305
7.8636017 0.2531891 4.228882
8.011185 0.29127502 4.1431885
8.1254425 0.42695618 3.9265747
8.161148 0.57691956 3.819458
8.168289 0.6578522 3.7337646
8.206375 0.8220978 3.7956543
7.820755 1.0553741 3.793274
7.7136383 0.76020813 3.645691
8.230179 1.400528 3.736145
9.037125 1.6790314 3.8146973
9.258499 1.2458038 3.9122925
8.844315 1.2053375 3.7789917
8.603897 1.1577301 3.9360962
8.62056 0.98158264 3.9694214
8.599136 0.8601837 4.02417
8.591995 0.8720856 3.9337158
8.539627 1.0720367 3.9265747
8.55867 1.1553497 3.928955
8.422989 1.3314972 3.8718262
8.36824 1.3933868 3.8146973
8.330154 1.445755 3.5599976
8.318253 1.4481354 3.5028687
8.389664 1.5528717 3.350525
8.422989 1.5957184 3.3743286
8.453934 1.6433258 3.38385
8.518204 1.7766266 3.4933472
8.525345 1.8123322 3.645691
8.458694 2.0218048 3.6837769
8.342056 2.0598907 3.7861328
8.277786 2.2884064 3.5266724
8.196854 2.4431305 3.3862305
8.158768 2.4169464 3.4695435
6.866226 2.0836945 3.9908447
8.001663 2.7263947 2.4007568
8.484879 1.9194489 3.9456177
7.044754 1.8313751 2.6744995
6.9781036 2.0694122 2.5911865
8.10878 2.95253 3.1791382
9.010941 3.3238678 3.3457642
9.094254 2.95253 3.2767334
8.484879 2.8025665 3.4005127
7.623184 2.895401 3.4624023
7.40419 2.6526031 3.331482
7.7422028 2.5002594 3.286255
7.9778595 2.4502716 3.2338867
7.968338 2.4645538 2.9172974
7.8445587 2.3145905 3.0315552
7.827896 2.2693634 2.979187
7.873123 2.37648 2.9910889
8.034988 2.3645782 3.12677
8.099258 2.426468 3.1291504
8.073074 2.4621735 3.1410522
8.051651 2.5288239 3.25531
8.032608 2.6502228 3.2886353
8.006424 2.6502228 3.3291016
8.032608 2.664505 3.4052734
8.096878 2.6692657 3.293396
8.082596 2.6859283 3.1862793
8.020706 2.524063 3.1124878
7.91835 2.4121857 3.0791626
7.8445587 2.3360138 3.2267456
7.7921906 2.3074493 3.2886353
7.858841 2.259842 3.376709
7.9064484 2.1241608 3.414795
7.808853 1.9146881 3.3052979
7.5541534 1.8147125 3.5076294
7.577957 1.8313751 3.4933472
7.5041656 1.9932404 3.4528809
7.4375153 1.9694366 3.5552368
7.3732452 1.9956207 3.2196045
7.3232574 1.9146881 3.0625
7.3946686 1.6528473 3.0148926
7.4446564 1.4981232 2.7839966
7.582718 1.5124054 2.8149414
7.72316 1.5885773 2.793518
7.835037 1.6647491 2.9172974
7.801712 1.7647247 3.1172485
7.6779327 1.92659 3.4385986
7.6755524 1.9099274 3.7980347
7.6826935 1.9765778 4.1360474
7.7398224 1.9313507 4.352661
8.001663 1.6266632 4.5478516
8.192093 1.4409943 4.319336
8.30159 1.2220001 4.2860107
8.318253 0.95539856 4.3598022
8.263504 0.6864166 4.5169067
8.156387 0.7054596 4.640686
8.084976 0.74354553 4.79303
8.068314 0.80067444 5.071533
8.099258 0.75782776 5.340515
8.139725 0.6721344 5.4071655
8.201614 0.5055084 5.473816
8.184952 0.23890686 5.69281
8.294449 -0.080062866 5.840393
8.339676 -0.051498413 5.6428223
8.284927 0.21510315 5.480957
8.165909 0.4983673 5.0810547
8.132584 0.20796204 4.8311157
8.020706 -0.18717957 4.8882446
7.9635773 -0.5775604 4.9501343
7.956436 -0.98698425 5.0786743
8.030228 -1.010788 5.3619385
8.096878 -0.77275085 5.6713867
8.149246 -0.7013397 5.992737
8.203995 -0.60136414 6.3355103
8.253983 -0.5561371 6.442627
8.211136 -0.49900818 6.4212036
8.220657 -0.6680145 6.2521973
8.206375 -0.9012909 5.88562
8.134964 -1.2607269 5.5880737
8.001663 -1.5463715 5.430969
7.9921417 -1.7915497 5.428589
7.935013 -1.877243 5.5166626
7.8612213 -1.9010468 5.82135
7.835037 -1.9724579 6.0736694
7.8183746 -1.960556 6.3426514
7.7731476 -1.8296356 6.521179
7.620804 -1.8820038 6.4473877
7.4827423 -1.8843842 6.26886
7.3565826 -1.9058075 6.1760254
7.287552 -2.108139 6.026062
7.056656 -1.9391327 5.961792
6.818619 -1.7606049 6.0736694
6.6305695 -1.5582733 6.2022095
6.3877716 -1.2726288 6.3450317
6.18544 -0.95365906 6.2545776
5.9712067 -0.76560974 6.192688
5.7641144 -0.77989197 6.0617676
5.685562 -0.85606384 5.788025
5.614151 -1.010788 5.704712
5.3808746 -0.28715515 5.6237793
5.452286 -0.28715515 5.852295
5.5974884 0.012771606 5.742798
5.466568 0.017532349 5.730896
5.3356476 0.16511536 5.7546997
5.5094147 -0.0038909912 5.8118286
5.6617584 -0.22764587 5.6380615
5.67128 -0.64897156 5.507141
5.35231 -1.222641 5.2453003
4.876236 -1.8867645 4.845398
4.3715973 -2.5532684 4.562134
4.028824 -3.3245087 4.440735
3.8479156 -4.224289 4.262207
3.7503204 -4.802719 4.205078
3.7812653 -4.957443 4.2860107
3.676529 -5.1573944 4.312195
3.4860992 -5.007431 4.621643
3.4313507 -4.750351 4.6692505
3.6527252 -4.9003143 5.095337
3.81221 -5.4216156 5.802307
3.6908112 -5.957199 6.290283
3.5646515 -6.3880463 6.449768
3.5146637 -7.1735687 6.6449585
3.4408722 -7.4615936 6.366455
3.3004303 -7.7996063 6.302185
3.1147614 -8.356613 6.468811
2.6648712 -8.716049 6.0046387
2.33638 -9.418259 5.9974976
2.0364532 -9.894333 6.290283
1.7341461 -9.903854 5.928467
1.431839 -10.265671 6.0308228
1.1342926 -10.472763 5.480957
0.6629791 -11.443954 5.678528
0.12739563 -12.453232 5.7332764
-0.20347595 -12.738876 5.6380615
-0.32725525 -12.603195 5.88562
-0.24394226 -11.872421 5.8832397
-0.04875183 -10.998825 6.0022583
0.07978821 -10.508469 6.109375
0.048843384 -10.246628 5.7094727
-0.07017517 -10.346603 5.1262817
-0.07493591 -10.496567 4.942993
-0.15110779 -10.758408 5.004883
-0.21775818 -10.6489105 5.2072144
-0.26060486 -10.282333 5.602356
-0.66526794 -9.849106 5.8046875
-1.172287 -9.708664 5.9379883
-1.3317719 -9.989548 6.154602
-1.403183 -10.2894745 5.659485
-1.6007538 -11.234482 5.0477295
-1.6507416 -12.008102 4.781128
-1.7507172 -11.8033905 4.871582
-1.8887787 -11.327316 5.326233
-2.0649261 -10.877426 5.552368
-2.122055 -10.503708 5.745178
-1.8625946 -10.303757 5.6047363
-1.7388153 -10.284714 5.3809814
-1.6816864 -10.301376 5.185791
-1.6174164 -10.00145 4.973938
-1.5555267 -9.9109955 4.9072876
-1.51268 -9.841965 4.962036
-1.4603119 -9.584885 4.916809
-1.3270111 -9.518234 4.7668457
-1.4269867 -9.418259 4.6002197
-1.3722382 -9.294479 4.524048
-1.2698822 -9.001694 4.6049805
-1.2579803 -8.7565155 4.7787476
-1.3865204 -8.925522 4.833496
-1.5293427 -8.918381 4.807312
-1.6221771 -8.896957 4.788269
-1.6364594 -8.806503 4.7525635
-1.7078705 -8.8398285 4.9644165
-1.7031097 -8.882675 4.7597046
-1.8554535 -9.082626 4.7216187
-1.8935394 -9.030258 4.716858
-1.9030609 -9.082626 4.6383057
-1.9244843 -9.16832 4.562134
-1.8530731 -9.130234 4.455017
-1.7792816 -9.013596 4.466919
-1.6769257 -9.204025 4.34552
-1.5936127 -9.208786 4.390747
-1.6197968 -9.308762 4.402649
-1.6840668 -9.463486 4.3169556
-1.6959686 -9.546799 4.300293
-1.6269379 -9.137375 4.8620605
-2.7647552 -10.015732 5.666626
-0.50816345 -12.012863 4.757324
-1.5793304 -9.582504 4.545471
-2.5981293 -10.703659 5.064392
-1.910202 -11.784348 4.338379
-0.543869 -11.293991 4.564514
-0.69621277 -9.730087 3.9241943
-1.6626434 -9.594406 3.7599487
-1.5650482 -9.692001 3.6575928
-1.2246552 -9.401596 3.909912
-1.4412689 -9.085007 4.3407593
-1.7292938 -8.770798 3.793274
-2.448166 -9.382553 3.9789429
-1.8126068 -9.311142 4.3621826
-1.5793304 -9.001694 4.735901
-2.3434296 -9.118332 4.800171
-3.0170746 -9.4301605 5.173889
-2.814743 -9.615829 5.107239
-3.0765839 -8.944565 5.302429
-2.5600433 -9.946701 2.479309
-4.419113 -8.447067 6.0855713
-5.0237274 -5.314499 6.3878784
-5.399826 -5.457321 5.749939
-5.7378387 -6.445175 4.6882935
-5.899704 -6.8712616 4.08844
-5.7925873 -6.930771 3.4433594
-5.918747 -7.323532 3.3933716
-5.7997284 -7.335434 3.31958
-5.3831635 -7.3830414 3.6242676
-4.8523407 -7.3449554 3.7528076
-4.604782 -6.92601 3.1934204
-5.009445 -6.507065 2.953003
-5.0499115 -5.8905487 2.6602173
-4.7476044 -5.6644135 3.0148926
-3.7787933 -6.085739 3.3338623
-2.9980316 -6.6284637 3.5838013
-2.5933685 -7.014084 3.531433
-2.481491 -7.168808 3.4076538
-2.429123 -7.149765 3.3933716
-2.4719696 -7.009323 3.2981567
-2.448166 -6.9426727 3.1862793
-2.3481903 -6.899826 3.3481445
-2.250595 -6.9283905 3.4505005
-2.2577362 -7.0426483 3.5576172
-2.2982025 -7.214035 3.9741821
-2.28154 -7.637741 4.2860107
-2.2196503 -8.128098 4.455017
-2.307724 -8.539902 4.443115
-2.4005585 -8.78746 4.1812744
-2.7028656 -8.866013 3.6504517
-3.1313324 -8.480392 3.024414
-3.0599213 -8.830307 2.6078491
-3.3717499 -8.14238 2.074646
-4.000168 -7.05217 0.91778564
-4.7476044 -7.1473846 0.1798706
-5.502182 -7.297348 -0.17242432
-6.1163177 -7.002182 -0.91033936
-6.9042206 -6.578476 -1.4768677
-7.694504 -6.15477 -1.6744385
-8.477646 -6.0190887 -1.7910767
-9.241745 -5.873886 -1.9529419
-9.72258 -5.6953583 -1.8029785
-9.893967 -5.604904 -1.7315674
-10.091537 -5.4835052 -1.6672974
-10.310532 -5.521591 -1.5078125
-10.81279 -5.7215424 -1.3078613
-11.465012 -5.8619843 -0.5270996
-12.129135 -6.1404877 0.115600586
-12.667099 -6.461838 0.8868408
Time Stop = 5648
