Time Start = 1457236999
-0.53196716 1.003006 9.375244
-0.627182 1.022049 9.418091
-0.646225 0.80067444 9.130066
-0.7081146 0.58644104 9.299072
-0.6367035 0.5721588 9.144348
-1.3151093 0.983963 9.239563
-3.057541 1.3791046 8.868225
-1.6245575 0.36268616 9.829895
-0.39390564 0.99824524 9.28241
0.09883118 0.9101715 9.672791
0.19404602 1.4624176 9.934631
-0.22251892 1.6457062 10.125061
-0.70573425 1.5433502 9.996521
-1.0984955 1.3600616 9.610901
-1.403183 0.7292633 9.453796
-1.5269623 0.16511536 9.565674
-1.531723 0.03895569 9.7751465
-1.3627167 0.31269836 10.041748
-0.9961395 0.61738586 10.408325
-0.62480164 0.8720856 10.674927
-0.34153748 0.9863434 10.553528
-0.25108337 1.1743927 10.132202
-0.42485046 1.3743439 9.653748
-0.81285095 1.4052887 9.353821
-1.1270599 1.1101227 9.187195
-1.3341522 0.7054596 9.289551
-1.4436493 0.7316437 9.627563
-1.6388397 1.3957672 9.99176
-1.7150116 2.1027374 10.489258
-1.6578827 2.4478912 10.960571
-1.300827 2.3026886 11.679443
-0.9152069 2.047989 11.231934
-0.68907166 1.6718903 10.229797
-0.56529236 1.1577301 9.494263
-0.46055603 0.4340973 9.496643
-0.39390564 -0.3085785 10.072693
-0.32487488 -0.86320496 10.165527
0.01789856 -1.2369232 9.939392
0.49635315 -2.5556488 10.222656
1.4294586 -4.1076508 10.18457
2.0269318 -4.6717987 11.534241
2.40065 -5.5287323 11.791321
2.3578033 -5.7810516 10.341675
1.9317169 -5.6977386 8.825378
1.8484039 -6.3047333 8.082703
2.4553986 -6.971237 7.1210327
2.8648224 -8.332809 7.48999
2.6648712 -8.58989 7.2281494
2.5125275 -8.547043 7.1900635
2.7267609 -8.297104 6.802063
3.157608 -8.406601 6.1641235
3.343277 -7.8186493 4.8239746
3.4170685 -7.978134 4.0479736
3.5670319 -7.8852997 2.9244385
3.8217316 -8.3780365 2.5269165
4.3025665 -8.832687 2.5888062
3.7384186 -9.03978 2.74115
3.4313507 -9.294479 2.7982788
3.305191 -9.853867 2.22937
3.0790558 -9.601547 2.0841675
2.8195953 -9.163559 1.8984985
3.036209 -8.870773 1.3034058
3.2504425 -9.273056 0.9130249
2.938614 -8.8207855 0.39886475
2.33638 -8.887436 0.33459473
2.060257 -8.880295 0.7059326
2.3387604 -8.561325 1.3890991
2.8529205 -8.125717 2.4102783
3.157608 -8.068588 2.8435059
3.1028595 -8.570847 3.0386963
2.817215 -9.494431 2.8625488
2.5839386 -10.118088 2.600708
1.9293365 -10.101425 2.7125854
1.1890411 -9.803879 2.7911377
0.6153717 -9.342087 2.9077759
0.60346985 -9.0516815 3.164856
0.8629303 -8.965988 3.5599976
1.1295319 -8.7827 4.0598755
1.11763 -8.704147 4.0908203
0.91767883 -8.813644 3.607605
0.9200592 -9.254013 3.0791626
0.9867096 -9.653915 3.433838
0.6344147 -10.096664 4.414551
-0.14872742 -9.696762 4.947754
-0.84617615 -9.323044 5.2786255
-1.0818329 -9.273056 5.154846
-0.96043396 -9.622971 5.2905273
-0.8009491 -9.8276825 5.17865
-0.7176361 -9.822922 5.007263
-0.5105438 -9.851486 5.0334473
-0.013046265 -9.915756 4.588318
0.3773346 -10.427536 3.717102
0.9605255 -9.8919525 2.0460815
-0.72239685 -8.708908 4.5597534
-3.3241425 -5.052658 6.2807617
-2.60289 -5.116928 7.801819
-0.28440857 -7.835312 8.354065
0.4416046 -9.461105 7.044861
-0.6938324 -10.496567 5.385742
-2.1172943 -10.7108 4.9072876
-3.4955292 -9.763412 5.6309204
-3.269394 -8.070969 6.3450317
-1.3698578 -8.135239 7.6828003
1.015274 -7.682968 7.5423584
2.4054108 -8.059067 8.06604
2.226883 -8.689865 8.085083
0.47731018 -9.696762 5.7546997
-0.76286316 -9.913376 5.511902
-0.35820007 -9.206406 5.4214478
0.5415802 -8.937424 4.6644897
0.6796417 -8.6732025 4.633545
0.30592346 -8.180466 4.4050293
-0.07255554 -8.223312 4.981079
-0.18443298 -7.8852997 4.735901
-0.13920593 -8.568466 5.6904297
-0.0011444092 -8.823166 6.1260376
0.70344543 -9.439682 7.032959
0.27497864 -9.194504 5.866577
-0.31297302 -8.949326 4.647827
-0.0035247803 -8.951706 4.6621094
0.27497864 -8.701767 5.5238037
0.1631012 -8.33757 6.5164185
0.33210754 -8.835068 6.4188232
0.50587463 -9.118332 6.037964
0.8319855 -8.675583 5.828491
1.3413849 -8.804123 6.749695
1.1604767 -8.808884 6.828247
0.5415802 -8.528 6.835388
1.393753 -9.4301605 7.0686646
1.6151276 -9.220688 6.642578
1.3651886 -9.339706 6.5759277
1.5056305 -9.653915 6.33313
1.727005 -9.737228 6.2593384
1.8722076 -9.549179 6.521179
1.8055573 -9.344467 6.552124
1.7508087 -9.208786 6.6401978
1.829361 -8.870773 6.242676
2.0055084 -8.835068 6.161743
2.0650177 -8.751755 6.256958
2.124527 -8.84697 6.4402466
2.2030792 -8.818405 6.2926636
2.329239 -8.8398285 6.052246
2.374466 -9.037399 5.930847
2.2054596 -8.823166 5.845154
2.0626373 -8.268539 6.1641235
2.1578522 -8.037643 6.7235107
2.2697296 -7.88768 7.032959
2.2411652 -7.4163666 7.147217
2.245926 -7.430649 7.006775
2.3197174 -7.4877777 6.3688354
2.4220734 -7.709152 5.9522705
2.3578033 -7.7567596 5.7999268
2.362564 -7.5639496 5.890381
2.65773 -7.3901825 5.761841
3.0457306 -7.509201 5.995117
3.2504425 -7.3140106 6.340271
3.3861237 -7.1402435 6.578308
3.4384918 -6.8784027 6.71875
3.2932892 -6.5951385 6.9924927
3.36232 -6.5879974 7.135315
3.6289215 -6.66893 6.5473633
3.843155 -7.0045624 6.3378906
3.7884064 -6.7236786 6.5426025
3.3289948 -6.4356537 7.3828735
3.1076202 -5.033615 6.2783813
4.766739 -7.8400726 7.256714
5.709366 -7.111679 6.878235
4.96669 -6.199997 7.290039
3.9002838 -6.1262054 7.1400757
3.8979034 -6.147629 6.8449097
4.569168 -5.6834564 6.835388
4.9809723 -5.019333 7.2662354
5.114273 -4.35997 7.654236
5.190445 -4.583725 7.713745
4.992874 -4.957443 7.6185303
4.728653 -4.840805 7.2948
4.7072296 -4.8050995 7.0377197
4.811966 -4.712265 6.84729
5.038101 -4.3171234 6.5997314
5.307083 -4.7598724 7.0401
5.138077 -4.724167 7.3257446
4.7905426 -3.9386444 7.0281982
4.785782 -3.3530731 7.3947754
5.2071075 -3.005539 7.4923706
5.6427155 -3.3697357 7.456665
5.6189117 -3.603012 7.142456
5.28566 -3.595871 7.0543823
5.133316 -3.7339325 7.085327
5.1118927 -3.9624481 7.142456
5.1737823 -3.5482635 6.9020386
5.3784943 -2.7770233 6.8829956
5.709366 -2.2009735 7.130554
6.037857 -2.3366547 6.97583
6.190201 -3.0531464 6.8829956
5.9759674 -2.838913 6.5283203
5.833145 -3.3983002 6.8234863
5.7403107 -3.474472 7.0496216
5.6379547 -2.5556488 7.082947
5.7522125 -1.8582001 7.4400024
6.114029 -1.5106659 7.4995117
6.299698 -1.5987396 7.528076
6.2663727 -1.8605804 7.3709717
6.128311 -1.7725067 7.1329346
6.1544952 -1.5915985 6.8187256
6.371109 -1.6177826 6.8187256
6.44252 -1.5701752 6.7806396
6.4782257 -1.4321136 6.749695
6.50441 -1.3202362 6.6330566
6.50441 -1.0845795 6.787781
6.5972443 -0.91319275 6.6330566
6.7138824 -1.0036469 6.628296
6.7281647 -0.9179535 6.6782837
6.7733917 -0.9155731 6.711609
6.730545 -1.0203094 6.968689
6.9328766 -1.8177338 6.794922
6.928116 -1.9224701 6.6449585
6.7924347 -1.2535858 6.585449
6.8567047 -0.908432 6.506897
7.013809 -0.6846771 6.3759766
6.5329742 -0.29429626 6.1427
6.2401886 0.010391235 6.1498413
7.301834 -0.93699646 7.025818
7.858841 -0.7441864 6.9663086
7.506546 -1.4178314 7.211487
6.730545 -1.4463959 6.5116577
6.159256 -1.0274506 6.559265
6.4115753 -0.7465668 6.668762
6.916214 -0.25144958 6.475952
7.2328033 -0.049118042 6.0213013
7.192337 -0.06816101 5.776123
6.999527 0.08894348 5.3738403
6.9209747 0.12464905 5.538086
6.847183 -0.025314331 5.647583
6.801956 -0.5204315 6.159363
6.56868 -0.66563416 6.3117065
6.4520416 -0.5370941 6.880615
6.4948883 -0.17289734 7.085327
6.718643 0.2936554 6.537842
6.9519196 0.32221985 5.8189697
7.0733185 -0.049118042 5.3357544
7.0209503 -0.21336365 4.9334717
6.9590607 -0.11576843 4.9691772
6.935257 0.13893127 5.447632
7.0852203 0.29127502 6.040344
7.230423 -0.015792847 6.1117554
7.1875763 -0.38237 6.2855225
7.037613 -0.299057 6.6068726
6.897171 0.2674713 6.7782593
6.9328766 0.42695618 6.821106
6.994766 0.45314026 6.704468
6.966202 0.21510315 6.3378906
6.947159 -0.11576843 6.0022583
6.8686066 -0.23240662 5.8760986
6.7591095 -0.032455444 6.1307983
6.832901 -0.101486206 6.5283203
6.885269 -0.21574402 6.899658
6.8352814 0.005630493 6.749695
6.8614655 0.2674713 6.8615723
7.0090485 0.5078888 6.880615
7.1685333 0.5578766 6.794922
7.1423492 0.35554504 6.416443
6.968582 -0.09196472 6.3950195
6.8352814 -0.16337585 6.306946
6.8162384 -0.26097107 6.256958
6.916214 -0.40379333 6.4664307
6.9519196 -0.38475037 6.6830444
6.8757477 -0.32286072 6.7020874
6.870987 -0.1681366 6.7973022
6.9447784 -0.11100769 6.9020386
7.0876007 -0.19908142 7.0805664
7.173294 -0.120529175 7.130554
7.0280914 -0.29667664 7.213867
6.8733673 -0.19670105 6.8044434
7.011429 -0.17527771 6.673523
7.294693 -0.26811218 6.737793
7.370865 -0.38237 6.737793
7.2518463 -0.38475037 6.9210815
7.0685577 -0.37760925 7.0281982
6.9590607 -0.18241882 7.1829224
6.904312 -0.06816101 7.142456
6.947159 -0.22050476 7.35907
6.859085 -0.4228363 7.373352
6.6567535 -0.6299286 7.025818
6.5853424 -0.6513519 6.78302
6.7091217 -0.4799652 6.6711426
6.9447784 -0.7584686 6.571167
6.935257 -0.9179535 6.5878296
6.7733917 -0.69181824 6.687805
6.651993 -0.6061249 6.7996826
6.742447 -0.8108368 6.91156
6.8162384 -0.7203827 6.9901123
6.8614655 -0.6204071 6.8758545
6.942398 -0.5561371 6.852051
6.994766 -0.5037689 6.6378174
7.0090485 -0.548996 6.3426514
6.9138336 -0.6108856 6.1117554
6.718643 -0.87272644 6.0879517
6.4639435 -0.8370209 6.2593384
6.530594 -0.78941345 6.480713
6.7138824 -0.7751312 7.0734253
6.640091 -0.927475 7.23291
6.525833 -1.0869598 7.194824
6.5020294 -1.1726532 7.116272
6.5996246 -0.74894714 7.0401
6.678177 -0.6680145 6.7020874
6.801956 -0.85606384 6.4402466
6.7852936 -0.86320496 6.3497925
6.666275 -0.62516785 6.5092773
6.63533 -0.48234558 6.680664
6.8043365 -0.28001404 6.897278
6.9447784 -0.24668884 6.794922
6.935257 -0.6513519 6.5806885
6.8305206 -0.96318054 6.556885
6.6305695 -1.1512299 6.6949463
6.4829865 -1.2654877 6.794922
6.371109 -1.2535858 6.685425
6.556778 -1.0821991 6.52594
6.844803 -0.96318054 6.6378174
6.840042 -1.2131195 6.961548
6.556778 -1.4797211 6.8425293
6.3306427 -1.620163 6.7235107
6.4068146 -1.6082611 6.442627
6.5972443 -1.5249481 6.4212036
6.818619 -1.5035248 6.3807373
6.820999 -1.5130463 6.6378174
6.5853424 -1.7463226 6.9401245
6.2330475 -2.0319672 7.10437
5.9688263 -2.203354 7.123413
5.954544 -2.1486053 7.078186
6.1425934 -2.0272064 6.859192
6.235428 -2.0224457 6.6973267
6.1449738 -1.9010468 6.559265
6.0164337 -1.7272797 6.794922
5.921219 -1.6177826 7.3709717
5.8474274 -1.8343964 7.720886
5.711746 -2.7127533 7.29718
5.5522614 -3.3863983 6.878235
5.5927277 -3.1578827 6.4402466
5.826004 -2.827011 6.5878296
5.985489 -2.6103973 6.4830933
5.9521637 -2.8055878 6.518799
5.659378 -2.9888763 6.8449097
5.402298 -3.14122 7.313843
5.1475983 -3.569687 7.392395
5.1285553 -4.024338 7.013916
5.2832794 -4.4147186 6.5759277
5.5475006 -4.1076508 6.223633
5.6927032 -3.6696625 6.2164917
5.645096 -3.410202 6.5307007
5.5213165 -3.5435028 7.0234375
5.1475983 -3.8815155 7.6470947
4.761978 -3.9386444 7.758972
4.592972 -4.200485 7.5828247
4.6881866 -4.512314 7.4471436
4.723892 -5.1526337 6.749695
4.6286774 -5.609665 6.1712646
4.471573 -5.616806 6.7473145
4.5715485 -4.74321 6.178406
4.4358673 -3.7910614 7.16626
4.690567 -4.160019 7.847046
5.011917 -5.4716034 7.2948
4.5263214 -5.938156 6.7615967
4.183548 -5.821518 6.642578
4.3287506 -5.852463 6.6949463
4.612015 -6.41185 7.1638794
4.459671 -6.654648 7.225769
4.0383453 -6.6451263 7.154358
3.759842 -6.3237762 6.8639526
3.7265167 -6.4285126 6.5116577
3.8003082 -6.9331512 6.3497925
3.5575104 -6.887924 6.2593384
3.4575348 -7.066452 6.552124
3.5979767 -7.1735687 6.833008
3.721756 -7.078354 7.444763
3.9026642 -7.0117035 7.4923706
3.895523 -7.0236053 6.7854004
3.778885 -7.6401215 6.1117554
3.388504 -7.809128 6.1879272
2.9362335 -7.649643 6.3974
2.7862701 -7.656784 6.597351
2.714859 -7.963852 6.7663574
2.9433746 -8.199509 6.790161
3.1004791 -7.9305267 6.5045166
3.2480621 -7.6067963 6.347412
3.4027863 -7.2949677 6.6259155
3.766983 -7.4663544 6.609253
3.8003082 -8.090012 6.185547
3.1052399 -7.9091034 6.752075
2.4077911 -7.771042 6.768738
2.2887726 -8.149521 6.371216
2.3339996 -8.130478 6.33313
2.5053864 -8.573227 6.102234
2.791031 -8.970749 5.6237793
2.7196198 -8.84697 5.8165894
2.6624908 -8.418503 6.242676
2.8148346 -8.194748 6.3640747
2.9433746 -7.9805145 6.4021606
2.862442 -7.792465 6.404541
2.6815338 -7.778183 6.502136
2.483963 -7.940048 6.328369
2.3506622 -8.07811 5.94989
2.0959625 -8.27092 5.7927856
1.9459991 -8.332809 5.8808594
2.0316925 -8.2947235 6.057007
2.2483063 -8.178085 6.1569824
2.33638 -7.940048 6.3497925
2.3459015 -7.75914 6.5164185
2.3768463 -7.8067474 6.226013
2.226883 -7.8400726 6.1379395
2.1340485 -7.856735 6.2212524
2.0959625 -8.001938 6.0427246
2.1150055 -8.237595 6.01416
2.0340729 -8.249496 5.9713135
1.8817291 -8.173325 6.135559
1.8031769 -8.275681 5.9903564
1.7246246 -8.375656 5.9974976
1.4818268 -8.330429 6.218872
1.4437408 -8.001938 6.1498413
1.6555939 -8.011459 6.14032
1.8579254 -8.068588 6.0879517
1.893631 -8.01384 6.211731
1.8531647 -8.223312 6.166504
1.6341705 -8.194748 6.1260376
1.3913727 -8.187607 6.090332
1.5175323 -8.156662 6.0689087
1.6674957 -8.180466 6.1522217
1.5865631 -8.101913 6.159363
1.4984894 -8.27092 6.2355347
1.515152 -8.475632 6.116516
1.4104156 -8.351852 6.404541
1.3866119 -8.182846 6.5925903
1.4032745 -8.106674 6.5497437
1.3128204 -8.037643 6.264099
1.2104645 -7.95195 6.3688354
1.2913971 -8.049545 6.3164673
1.3056793 -8.309006 5.9022827
1.3390045 -8.435165 6.2093506
1.2723541 -8.1471405 6.245056
1.329483 -7.8829193 6.287903
1.3199615 -7.997177 6.475952
1.2390289 -8.256638 6.3759766
1.0485992 -8.551804 6.121277
0.92481995 -8.773178 5.911804
0.8795929 -8.770798 5.7904053
0.9200592 -8.508957 5.995117
1.0795441 -8.266159 6.2783813
1.2890167 -8.289963 6.052246
1.0795441 -8.247116 6.1117554
0.7224884 -8.111435 6.0498657
0.7153473 -7.9924164 6.1974487
0.98194885 -8.180466 6.2355347
1.2104645 -8.2947235 6.2402954
1.2414093 -8.247116 6.283142
1.0485992 -8.204269 6.1974487
0.88435364 -8.301865 6.0998535
0.8058014 -8.416122 5.9713135
0.7224884 -8.539902 5.680908
0.6725006 -8.616074 5.8570557
0.71058655 -8.687485 5.871338
0.57728577 -10.472763 8.587341
1.7484283 -11.48204 6.166504
0.6415558 -7.330673 4.633545
0.07978821 -7.11882 6.4093018
1.5389557 -8.104294 5.9784546
1.8317413 -8.587509 6.1950684
1.1342926 -7.880539 5.9641724
0.54634094 -8.228073 5.9141846
0.70344543 -9.196884 6.1974487
1.0438385 -8.532761 5.3809814
0.93434143 -7.9305267 5.866577
1.1128693 -7.8210297 6.1379395
1.3271027 -8.104294 6.1950684
1.1866608 -7.6282196 5.7285156
0.88435364 -7.399704 5.545227
0.8438873 -7.792465 5.954651
1.1128693 -8.185226 5.992737
1.1771393 -8.280441 5.973694
1.0176544 -8.866013 6.416443
0.674881 -9.311142 6.2474365
0.28211975 -9.558701 5.8046875
-0.248703 -11.310654 7.778015
0.22737122 -9.2825775 5.718994
0.81770325 -8.837448 5.814209
0.8724518 -7.554428 5.538086
0.3844757 -7.1973724 6.2141113
0.16072083 -7.033127 6.9067993
0.4582672 -7.304489 6.6711426
0.572525 -7.82341 6.6449585
0.36543274 -8.373276 7.16626
0.06074524 -8.351852 6.84729
-0.27964783 -8.4613495 6.8710938
-0.33677673 -8.639877 6.9734497
-0.19633484 -8.739853 6.9067993
-0.04637146 -8.454208 6.771118
0.096450806 -8.254257 6.5925903
0.1131134 -8.292343 6.487854
0.12501526 -8.125717 6.249817
0.0012359619 -7.9495697 6.211731
0.022659302 -7.8662567 5.8165894
0.07978821 -7.854355 5.492859
Time Stop = 1457237004
