Time Start = 5566
-9.327438 -2.9793549 2.7125854
-9.446457 -2.941269 2.6625977
-9.560715 -3.0031586 2.5531006
-9.541672 -3.0602875 2.5602417
-9.441696 -3.0483856 2.5388184
-9.444077 -2.9722137 2.6506958
-9.427414 -2.903183 2.6602173
-9.429794 -2.929367 2.5292969
-9.486923 -2.9793549 2.498352
-9.40361 -3.0912323 2.5054932
-9.391708 -3.14122 2.4840698
-9.360764 -3.1269379 2.6078491
-9.358383 -3.14122 2.5578613
-9.396469 -3.0531464 2.6435547
-9.505966 -3.1197968 2.6411743
-9.52977 -3.1578827 2.703064
-9.627365 -3.224533 2.8649292
-9.72258 -3.20549 2.8934937
-9.751144 -3.2340546 2.9125366
-9.755905 -3.326889 2.9196777
-9.7773285 -3.3245087 2.9744263
-9.701157 -3.2721405 3.0720215
-9.65593 -3.2459564 3.395752
-9.567856 -3.1007538 3.5647583
-9.441696 -3.0602875 3.6480713
-9.3155365 -3.050766 3.864685
-9.175095 -2.974594 3.8932495
-9.184616 -3.0650482 4.076538
-9.370285 -3.1102753 4.231262
-9.586899 -3.0483856 4.140808
-9.843979 -2.9555511 3.4385986
-10.284348 -3.1293182 3.2457886
-10.819931 -3.364975 3.3243408
-11.310287 -3.5411224 3.7528076
-11.4578705 -3.486374 3.9265747
-11.484055 -3.3292694 4.2217407
-11.595932 -3.364975 4.8168335
-11.598312 -3.2983246 5.7999268
-11.307907 -3.4268646 7.16626
-10.458115 -3.538742 8.625427
-9.313156 -3.6529999 9.453796
-8.753769 -3.8053436 9.494263
-8.787094 -4.152878 8.980103
-8.627609 -4.250473 8.085083
-8.201523 -4.4956512 6.9782104
-7.720688 -4.912216 6.46167
-6.939926 -5.3121185 6.33313
-6.0377655 -6.0881195 6.7425537
-5.2617645 -6.4737396 6.8948975
-4.802353 -6.804611 6.835388
-4.3762665 -6.642746 6.852051
-4.090622 -6.3380585 7.0305786
-3.7621307 -5.9738617 7.237671
-3.5288544 -5.700119 7.1448364
-3.731186 -5.4287567 6.623535
-3.731186 -5.552536 5.923706
-3.7716522 -5.950058 5.635681
-4.038254 -6.195236 4.909668
-4.6262054 -6.6594086 4.781128
-4.416733 -7.361618 4.9191895
-4.162033 -8.161423 5.216736
-4.2215424 -8.14476 5.492859
-4.2881927 -7.7805634 6.295044
-4.1144257 -6.9236298 6.673523
-3.9477997 -6.3261566 6.6973267
-3.8168793 -6.147629 6.7973022
-3.5145721 -5.9286346 6.7806396
-3.0503998 -5.8691254 6.7615967
-2.8099823 -5.9738617 6.3950195
-2.660019 -6.1214447 5.9403687
-2.4338837 -6.1976166 5.7356567
-2.1529999 -6.6022797 5.56427
-2.019699 -7.161667 5.1119995
-2.1720428 -7.6282196 4.6311646
-2.2386932 -7.6591644 4.6192627
-1.8792572 -7.6734467 4.674011
-1.5602875 -7.751999 4.757324
-1.7483368 -7.680588 4.6692505
-1.8792572 -7.5115814 4.5335693
-1.8554535 -7.1069183 4.6359253
-1.3222504 -7.6210785 4.6502075
-1.0865936 -8.485153 4.564514
-1.6102753 -8.796982 4.159851
-2.2006073 -8.866013 4.0098877
-2.2958221 -9.261154 4.21698
-2.398178 -9.096909 4.3859863
-2.6576385 -8.456589 4.807312
-2.5052948 -7.668686 5.1691284
-2.1553802 -7.214035 5.4190674
-1.9720917 -7.047409 5.2214966
-1.8983002 -7.2545013 5.166748
-1.800705 -7.30925 4.8858643
-1.7269135 -7.1854706 4.9644165
-1.5888519 -6.9783783 5.430969
-1.5388641 -7.1259613 5.8118286
-1.4912567 -7.2925873 5.8356323
-1.5174408 -7.6782074 5.7404175
-1.6316986 -7.982895 5.6428223
-1.5721893 -8.14476 5.3928833
-1.4531708 -8.156662 5.166748
-1.2936859 -8.347092 4.6573486
-1.2341766 -8.59465 5.192932
-1.3912811 -7.8329315 4.8477783
-1.2246552 -8.01622 5.514282
-0.9651947 -8.411362 5.549988
-1.0128021 -8.837448 5.533325
-1.2579803 -9.011215 5.635681
-1.5650482 -8.675583 5.852295
-1.7197723 -8.180466 6.295044
-1.300827 -8.151901 6.816345
-0.9985199 -9.23259 6.752075
-1.1413422 -10.020493 6.276001
-1.6697845 -10.277573 5.7666016
-1.9792328 -10.403732 5.828491
-2.9075775 -9.249252 6.506897
-3.4598236 -9.36351 3.7908936
-3.0932465 -11.772446 3.8932495
-2.5052948 -12.039047 3.293396
-1.5102997 -11.603439 3.3719482
-2.019699 -10.034775 3.414795
-2.333908 -9.080246 4.1812744
-2.4910126 -8.804123 4.2598267
-2.8099823 -9.149277 4.435974
-2.583847 -10.139511 4.183655
-2.8028412 -11.077377 4.414551
-2.7361908 -12.069992 4.7478027
-2.7385712 -12.876938 4.98584
-2.7671356 -13.131638 5.012024
-2.5148163 -13.01976 5.0739136
-2.3053436 -12.848373 5.364319
-1.9078217 -12.619858 5.7070923
-1.51268 -12.388962 5.8689575
-1.0723114 -12.317551 6.007019
-0.64860535 -12.469894 6.211731
-0.45817566 -12.591293 6.2545776
-0.3153534 -12.807907 6.3355103
-0.0035247803 -12.5603485 6.26886
0.2702179 -12.179489 6.2807617
0.59632874 -11.548691 6.0284424
1.0414581 -11.205917 5.8760986
1.3866119 -10.817917 5.795166
1.7222443 -10.491806 6.0308228
1.855545 -10.118088 5.840393
2.067398 -9.561081 5.961792
2.3268585 -9.275436 6.2474365
2.4030304 -8.856491 6.135559
2.3863678 -8.870773 6.26886
2.3863678 -8.418503 5.745178
2.541092 -7.7615204 5.8094482
2.8576813 -7.361618 5.6904297
2.9790802 -6.778427 5.43573
3.1409454 -6.488022 5.37146
3.2290192 -6.052414 5.0358276
3.2004547 -5.7858124 5.364319
3.286148 -5.143112 5.3309937
3.4956207 -4.8741302 5.576172
3.6527252 -4.507553 5.6713867
3.7836456 -4.050522 5.5928345
4.06691 -4.0290985 5.8808594
4.312088 -4.174301 5.749939
4.350174 -4.1695404 5.3571777
4.6048737 -4.0790863 5.0334473
4.9571686 -4.031479 5.0929565
5.2142487 -3.7743988 4.9715576
5.3023224 -3.6053925 5.088196
5.452286 -3.576828 5.159607
5.466568 -3.3483124 5.0667725
5.6236725 -3.0602875 5.1000977
5.795059 -2.9793549 5.0429688
5.8402863 -2.6651459 4.79541
5.9069366 -2.4247284 4.876343
6.0854645 -2.6008759 4.9834595
6.0973663 -2.6484833 4.9525146
6.12117 -2.5937347 5.071533
6.3496857 -2.7222748 5.447632
6.6067657 -2.7532196 5.3619385
6.673416 -2.762741 5.621399
6.832901 -2.8912811 5.480957
6.9709625 -2.8603363 5.514282
7.063797 -3.0388641 5.742798
7.0399933 -2.8174896 5.4571533
7.044754 -2.6318207 5.4976196
7.1256866 -2.3818817 5.4595337
7.109024 -2.0962372 5.302429
7.2161407 -2.0319672 5.4119263
7.287552 -1.8843842 5.185791
7.325638 -1.7129974 5.2976685
7.378006 -1.6106415 5.3428955
7.4375153 -1.3559418 5.338135
7.616043 -1.1060028 5.3738403
7.756485 -1.0964813 5.37146
7.832657 -1.0250702 5.404785
7.8755035 -1.0536346 5.473816
7.98024 -0.90367126 5.4452515
8.004044 -0.760849 5.43573
8.063553 -0.69895935 5.4214478
8.11116 -0.67277527 5.192932
8.070694 -0.696579 5.0096436
8.037369 -0.8274994 4.9691772
8.023087 -0.90605164 5.0429688
8.027847 -1.0060272 5.2143555
7.9397736 -0.87272644 5.1810303
7.892166 -0.6941986 5.231018
7.885025 -0.6370697 5.276245
7.827896 -0.5704193 5.2595825
7.718399 -0.44425964 5.359558
7.5612946 -0.53471375 5.319092
7.518448 -0.69895935 5.0144043
7.6826935 -0.39427185 4.8025513
8.123062 -0.21336365 4.959656
8.489639 -0.122909546 4.92395
8.411087 -0.37046814 4.6621094
8.032608 -0.4228363 4.462158
7.756485 -0.3895111 4.478821
7.756485 -0.20622253 4.447876
7.8612213 0.050857544 4.505005
8.0421295 0.2674713 4.712097
8.101639 0.41981506 4.769226
8.115921 0.4650421 4.8120728
8.025467 0.49360657 4.671631
7.9064484 0.6292877 4.3217163
7.8183746 0.62690735 4.0551147
7.8445587 0.4674225 4.017029
7.858841 0.5983429 3.9456177
7.9278717 0.74116516 4.083679
7.942154 0.86494446 4.2003174
7.91835 0.9863434 4.364563
7.9326324 1.1077423 4.3740845
7.9921417 1.1601105 4.352661
8.080215 1.2624664 4.21698
8.17067 1.2886505 4.2026978
8.206375 1.3076935 4.1431885
8.2087555 1.4076691 4.1431885
8.118301 1.5219269 4.3217163
8.134964 1.5576324 4.440735
8.199234 1.5552521 4.440735
8.256363 1.7266388 4.3740845
8.313492 1.6266632 4.397888
8.23494 1.5719147 4.2907715
8.080215 1.6361847 4.247925
8.027847 1.6004791 4.2598267
8.030228 1.5814362 4.3598022
8.027847 1.7147369 4.364563
7.9469147 1.7742462 4.307434
7.8183746 1.907547 4.3026733
7.737442 1.9361115 4.186035
7.7088776 2.1289215 4.0741577
7.6374664 2.157486 3.7575684
7.639847 2.0075226 3.698059
7.577957 2.0122833 3.4695435
7.461319 2.0003815 3.467163
7.5208282 2.0003815 3.440979
7.570816 1.9146881 3.562378
7.601761 2.017044 3.7266235
7.6374664 2.0241852 3.7670898
7.544632 1.9694366 3.857544
7.5041656 1.8337555 3.857544
7.347061 1.843277 3.8146973
7.2708893 1.8123322 3.7528076
7.3042145 1.6790314 3.7432861
7.4184723 1.5885773 3.6694946
7.5208282 1.5028839 3.5980835
7.6517487 1.4362335 3.569519
7.6969757 1.426712 3.4838257
7.806473 1.6052399 3.4933472
7.8040924 1.6742706 3.6028442
7.6636505 1.7623444 3.6004639
7.544632 1.8908844 3.5576172
7.5612946 1.8408966 3.774231
7.680313 1.8004303 3.8670654
7.775528 1.7813873 3.9908447
7.9326324 1.510025 4.145569
7.942154 1.510025 4.121765
7.889786 1.4624176 4.1550903
7.8826447 1.4052887 4.107483
7.8564606 1.3100739 4.0598755
7.954056 1.2362823 4.140808
7.956436 1.2386627 4.2407837
7.987381 1.2624664 4.414551
8.058792 1.2410431 4.712097
8.084976 1.2458038 4.845398
8.158768 1.2053375 4.826355
8.187332 1.0720367 4.942993
8.084976 0.92207336 4.819214
8.001663 0.65071106 4.916809
7.8445587 0.41029358 4.776367
7.7541046 0.35792542 4.6430664
7.7422028 0.2841339 4.497864
7.768387 0.37934875 4.4240723
7.7136383 0.541214 4.3621826
7.5993805 0.55311584 4.5526123
7.570816 0.41981506 4.712097
7.597 0.2531891 4.9310913
7.794571 0.055618286 4.9691772
8.056412 -0.101486206 5.107239
8.422989 -0.29667664 5.2905273
8.580093 -0.4728241 5.4262085
8.613419 -0.73228455 5.416687
8.403946 -0.9512787 5.390503
8.2920685 -1.1107635 5.24292
8.163528 -1.1536102 5.3238525
7.9445343 -0.9417572 5.1762695
7.794571 -0.972702 5.2595825
7.5946198 -0.92271423 5.121521
7.408951 -0.7299042 5.211975
7.499405 -0.85606384 5.3428955
7.6565094 -1.0393524 5.4333496
7.8159943 -0.9846039 5.4523926
7.7993317 -0.86320496 5.352417
7.558914 -0.9893646 5.1834106
7.2589874 -1.1107635 5.0358276
6.885269 -1.2464447 4.8739624
6.6258087 -1.2512054 4.8049316
6.428238 -1.3535614 4.8311157
6.530594 -1.3226166 5.0786743
6.847183 -1.203598 5.4214478
7.1637726 -1.1869354 5.514282
7.3756256 -1.3035736 5.473816
7.282791 -1.4463959 5.364319
7.0423737 -1.5511322 5.2643433
6.673416 -1.8439178 5.1905518
6.2854156 -2.2509613 5.2524414
5.985489 -2.5651703 5.269104
5.652237 -2.698471 5.2405396
5.6427155 -2.8722382 5.469055
5.7022247 -2.8508148 5.6499634
5.9569244 -2.7246552 5.942749
6.242569 -2.5937347 6.128418
6.461563 -2.7198944 6.0427246
6.423477 -2.81987 5.8094482
6.1616364 -3.2316742 5.8880005
5.8355255 -3.467331 5.4333496
5.48085 -3.5435028 5.2738647
5.3427887 -3.7386932 5.319092
5.4261017 -4.090988 5.640442
5.5784454 -4.667038 6.1331787
5.664139 -5.0740814 6.3450317
5.5070343 -5.0693207 6.037964
5.3213654 -5.2478485 6.2093506
5.1690216 -5.2216644 6.0308228
4.9357452 -5.116928 5.930847
4.83815 -5.502548 6.2212524
4.826248 -5.7405853 6.0617676
4.7524567 -5.9024506 5.7666016
4.690567 -6.1214447 5.666626
4.492996 -6.623703 5.7856445
4.304947 -7.0236053 5.6452026
4.126419 -7.6472626 6.1188965
3.9240875 -8.306625 6.435486
3.498001 -8.130478 6.0736694
3.0433502 -8.397079 6.456909
2.7124786 -9.068344 6.833008
2.419693 -9.113571 6.264099
2.162613 -9.089767 6.1950684
2.0745392 -8.749374 6.218872
2.1792755 -8.580368 6.309326
2.214981 -8.347092 6.2331543
2.098343 -8.563705 6.578308
1.8579254 -8.9231415 6.6116333
1.6175079 -9.032639 6.404541
1.1914215 -9.184982 6.2402954
0.90815735 -9.370651 6.1260376
0.62013245 -9.68486 6.102234
0.37257385 -10.208542 6.1522217
0.08692932 -10.7322235 6.3117065
-0.18443298 -10.577499 6.3236084
-0.38200378 -10.210922 6.502136
-0.5129242 -9.977646 6.468811
-0.68193054 -9.6610565 6.230774
-0.7533417 -9.48967 6.0617676
-0.81285095 -9.5134735 5.9594116
-0.7200165 -9.61821 5.7356567
-0.81999207 -9.849106 5.5476074
-0.8985443 -10.26329 5.526184
-0.96281433 -10.251389 5.552368
-0.91996765 -9.806259 5.640442
-1.0080414 -9.501572 5.7332764
-1.088974 -9.589645 5.647583
-1.2032318 -9.841965 5.730896
-1.1818085 -9.951462 5.6499634
-1.236557 -9.851486 5.704712
-1.2413177 -9.899094 5.590454
-1.3436737 -9.706284 5.4761963
-1.365097 -9.36113 5.533325
-1.3127289 -9.220688 5.442871
-1.4507904 -9.142136 5.3428955
-1.4008026 -8.958847 5.0786743
-1.300827 -8.758896 4.916809
-1.3769989 -8.916 4.9120483
-1.4150848 -9.494431 5.204834
-1.4198456 -9.572983 5.340515
-1.4841156 -9.377792 5.4595337
-1.5364838 -9.118332 5.590454
-1.6102753 -8.892197 5.492859
-1.6888275 -9.008835 5.488098
-1.6935883 -9.284958 5.345276
-1.6031342 -9.342087 5.1429443
-2.3362885 -8.301865 7.3186035
-3.0218353 -9.1707 5.8737183
-0.39866638 -13.905258 5.088196
-0.57481384 -11.432053 6.045105
-1.1699066 -8.309006 4.236023
-2.1172943 -8.3780365 5.1453247
-1.679306 -8.27092 4.9453735
-2.0077972 -9.401596 5.345276
-0.9961395 -11.455856 5.1643677
-0.6938324 -10.741745 4.909668
-1.3103485 -9.730087 4.6811523
-1.7292938 -9.156418 4.4240723
-1.4841156 -9.10405 4.274109
-1.2675018 -9.225449 4.1503296
-1.3222504 -9.184982 4.0598755
-1.3960419 -8.946945 4.300293
-1.6316986 -8.120956 5.088196
-1.1699066 -8.566086 4.5811768
-1.7221527 -8.439926 5.012024
-1.9982758 -8.537521 4.9953613
-1.338913 -8.816025 5.1572266
-1.6459808 -9.17308 5.3428955
-2.050644 -9.327805 4.9001465
-2.2386932 -9.658676 4.85968
-2.083969 -10.051437 4.833496
-2.0411224 -9.953842 4.9144287
-2.069687 -9.882431 4.954895
-2.1101532 -9.727707 4.890625
-2.1506195 -9.713425 4.633545
-2.095871 -9.741989 4.704956
-2.031601 -9.020737 4.7835083
-2.3481903 -8.796982 4.8311157
-2.6814423 -9.634872 4.8477783
-2.629074 -9.870529 5.012024
-2.6576385 -9.501572 5.069153
-3.186081 -8.982651 5.140564
-2.814743 -8.920761 3.0767822
-4.192978 -9.142136 5.730896
-4.411972 -8.066208 6.91156
-3.9644623 -7.9281464 6.242676
-4.8142548 -7.425888 5.8880005
-6.009201 -6.328537 5.3428955
-6.3067474 -6.0809784 4.916809
-5.5950165 -6.592758 4.397888
-4.8309174 -7.0307465 3.8813477
-4.7690277 -7.342575 3.2267456
-5.0046844 -7.6139374 3.4385986
-4.6833344 -7.430649 3.8075562
-4.097763 -7.078354 4.0670166
-3.7145233 -6.79747 4.038452
-3.5217133 -6.4999237 3.433838
-3.583603 -6.4927826 2.8625488
-3.5050507 -6.502304 2.6864014
-3.045639 -6.6594086 2.8601685
-2.531479 -6.7617645 3.3338623
-2.2553558 -6.676071 3.3814697
-2.2767792 -6.6213226 3.4195557
-2.1315765 -6.4713593 3.479065
-2.0934906 -6.2547455 3.569519
-2.1125336 -6.1190643 3.6195068
-2.1077728 -5.9143524 3.7409058
-2.069687 -5.7215424 3.6671143
-2.160141 -5.5811005 3.5576172
-2.250595 -5.564438 3.5385742
-2.2577362 -5.7048798 3.6575928
-2.2958221 -6.1785736 3.9122925
-2.3934174 -6.566574 4.4645386
-2.4219818 -6.9093475 4.9382324
-2.6195526 -7.3520966 5.2286377
-2.936142 -7.6306 5.3500366
-3.4503021 -7.9805145 5.257202
-4.1001434 -7.792465 4.459778
-4.7499847 -6.4023285 2.350769
-5.3593597 -6.302353 0.03942871
-6.311508 -7.0569305 -0.81274414
-7.977768 -8.306625 -1.6030273
-10.127243 -8.092392 -1.6030273
-11.543564 -6.7689056 -1.1269531
-11.926804 -6.0690765 0.47027588
-11.031784 -5.745346 2.0841675
-10.160568 -5.5120697 3.1434326
-9.834457 -5.3168793 3.7147217
-10.184372 -5.3240204 3.7337646
-10.927048 -5.397812 3.414795
-11.607834 -5.6120453 3.1386719
-12.164841 -5.9024506 3.1553345
-12.421921 -6.3190155 3.4314575
-12.200546 -6.7736664 3.2910156
-11.872055 -7.0902557 2.6054688
-11.833969 -7.4401703 1.7294922
-12.083908 -7.7353363 0.6845093
-12.450485 -8.001938 0.0061035156
-12.564743 -8.254257 -0.26049805
-12.429062 -8.566086 -0.084350586
-12.026779 -8.689865 0.022766113
-11.569748 -8.544662 0.20605469
-11.222214 -8.028122 0.14892578
-10.888962 -6.880783 -0.022460938
-10.639023 -5.7405853 -0.09387207
-10.405746 -4.571823 -0.081970215
-10.258163 -3.6720428 0.12750244
-10.134384 -3.160263 0.3036499
-10.024887 -2.9888763 0.6011963
Time Stop = 5571
