Time Start = 6568
3.4932404 -1.8439178 9.122925
3.5836945 -1.7344208 9.15387
3.5884552 -1.6939545 9.125305
3.5694122 -1.7439423 8.992004
3.536087 -1.896286 8.96106
3.5432281 -2.0010223 9.022949
3.5384674 -2.0414886 9.061035
3.6051178 -2.0319672 9.077698
3.600357 -1.9843597 9.184814
3.6789093 -1.934372 9.310974
3.7765045 -1.9200897 9.308594
3.766983 -1.9938812 9.420471
3.7717438 -2.0938568 9.451416
3.6884308 -1.877243 9.330017
3.5694122 -1.7606049 9.272888
3.4313507 -1.8796234 9.103882
3.4694366 -2.2081146 9.163391
3.55513 -2.4937592 9.370483
3.8288727 -2.2914276 9.210999
3.8074493 -2.3533173 9.353821
3.6551056 -2.339035 9.47998
3.6098785 -2.5556488 9.449036
3.7241364 -2.698471 9.53949
3.6551056 -2.9198456 9.684692
3.721756 -3.243576 9.806091
3.4932404 -3.1959686 9.739441
3.400406 -2.9983978 9.096741
3.445633 -3.2459564 9.301453
2.8862457 -3.4054413 9.034851
2.7434235 -3.217392 8.723022
2.9290924 -3.5482635 8.718262
2.52919 -4.4004364 8.651611
2.1554718 -5.3383026 9.1657715
1.2794952 -5.4287567 8.19696
1.5651398 -5.9857635 8.430237
1.8698273 -6.3690033 7.963684
1.3223419 -6.214279 7.5828247
1.0009918 -6.457077 7.1448364
1.1414337 -6.79747 6.802063
1.1890411 -6.4785004 6.6759033
1.05336 -6.192856 6.6949463
0.9462433 -6.233322 6.7854004
0.81770325 -6.559433 6.666382
0.7296295 -6.9426727 6.3688354
0.7653351 -7.399704 6.0927124
0.7320099 -7.6091766 6.0022583
0.70106506 -7.7353363 5.761841
0.572525 -7.9662323 5.704712
0.65345764 -8.023361 5.4000244
0.74391174 -8.2304535 5.340515
0.9295807 -8.358994 5.533325
0.80818176 -8.3780365 5.9332275
0.64393616 -8.104294 6.211731
0.72724915 -7.9043427 6.4973755
0.8367462 -7.521103 6.392639
1.0390778 -7.6163177 6.2664795
1.2533112 -7.82341 6.0998535
1.3056793 -8.168564 5.828491
1.3366241 -8.508957 5.654724
1.2747345 -8.585129 5.7737427
1.200943 -8.423264 6.1046143
1.0057526 -8.382797 6.0879517
0.8772125 -8.680344 6.1069946
0.9867096 -8.537521 5.9213257
1.3556671 -8.197128 6.20459
1.4865875 -7.7829437 6.623535
1.4032745 -7.8448334 6.7282715
1.3842316 -7.8591156 6.4783325
1.2509308 -8.1471405 6.121277
1.4175568 -9.284958 4.5811768
2.2316437 -10.370407 4.821594
0.90101624 -10.294235 5.749939
0.03694153 -9.139755 5.7594604
0.7296295 -9.1707 5.9451294
1.5103912 -8.5256195 6.0308228
1.5579987 -8.137619 5.4595337
1.5913239 -9.327805 5.7356567
1.3556671 -11.070236 6.1760254
1.8484039 -10.329941 5.4761963
1.5460968 -12.069992 5.904663
1.0700226 -12.296127 5.8760986
0.75819397 -12.148544 6.0474854
0.36305237 -11.712936 6.416443
0.31782532 -11.398727 6.552124
0.1631012 -11.755783 6.3831177
-0.010665894 -12.277084 5.973694
-0.0059051514 -12.746017 5.4714355
0.048843384 -12.969772 5.6190186
0.10121155 -12.527023 6.166504
-0.029708862 -11.662949 6.609253
-0.45103455 -11.229721 6.828247
-0.6105194 -10.844101 6.564026
-0.93663025 -10.382309 6.321228
-1.0675507 -10.144272 5.768982
-1.1389618 -10.213303 5.4262085
-1.134201 -9.80864 5.383362
-1.4365082 -9.327805 5.2643433
-1.6959686 -9.411118 5.171509
-1.8364105 -9.306381 5.2262573
-1.9863739 -9.054062 5.1239014
-2.0911102 -8.680344 5.3048096
-2.307724 -7.9162445 5.7666016
-2.6909637 -7.4235077 5.9594116
-2.9670868 -7.5306244 5.4833374
-3.0599213 -7.9947968 4.890625
-3.083725 -8.01622 4.7478027
-3.2360687 -7.7948456 4.9334717
-3.3431854 -7.323532 5.397644
-3.4598236 -6.4213715 5.742798
-3.590744 -6.2166595 6.090332
-3.8287811 -6.188095 5.7285156
-3.9644623 -6.483261 5.0810547
-4.0049286 -6.4023285 4.8739624
-4.1763153 -6.385666 5.3809814
-4.2667694 -6.5570526 5.9213257
-4.442917 -5.9905243 5.954651
-4.4024506 -5.3502045 6.2736206
-4.469101 -4.326645 6.192688
-4.7547455 -3.8672333 6.123657
-5.028488 -4.0219574 5.7404175
-5.2236786 -4.5932465 5.469055
-5.2093964 -4.788437 5.6642456
-5.29747 -4.212387 6.0093994
-5.3141327 -3.929123 6.2664795
-5.5878754 -3.1269379 5.8499146
-5.778305 -3.3245087 5.7475586
-5.8568573 -3.2411957 5.569031
-5.9806366 -3.0364838 5.7975464
-6.0639496 -2.9055634 5.968933
-6.202011 -2.8079681 6.340271
-6.3591156 -2.6484833 6.3117065
-6.490036 -2.3461761 6.2593384
-6.6161957 -2.127182 6.1141357
-6.735214 -2.2009735 6.0046387
-6.668564 -2.4509125 6.109375
-6.4662323 -2.350937 6.2283936
-6.51622 -2.0867157 6.371216
-6.83757 -1.8058319 6.4926147
-7.1803436 -1.684433 6.3950195
-7.382675 -1.5939789 6.161743
-7.337448 -1.8582001 6.264099
-7.149399 -1.582077 6.1950684
-7.1422577 -1.3154755 6.2474365
-7.3588715 -1.2297821 6.378357
-7.5659637 -1.1060028 6.454529
-7.5373993 -1.2464447 6.2022095
-7.485031 -1.1369476 5.935608
-7.4683685 -0.9346161 6.090332
-7.6016693 -0.8036957 6.3188477
-7.6921234 -0.54185486 6.5426025
-7.79924 -0.32762146 6.287903
-7.804001 -0.3561859 6.2141113
-7.7563934 -0.42759705 6.040344
-7.780197 -0.4228363 5.871338
-7.79924 -0.42997742 5.780884
-7.8278046 -0.16575623 5.8951416
-7.79924 0.10322571 6.07605
-7.73497 0.25794983 6.102234
-7.8159027 0.374588 6.0808105
-7.777817 0.2531891 5.8618164
-7.7873383 0.19844055 5.6190186
-7.7064056 0.1865387 5.614258
-7.79924 0.39363098 5.5856934
-7.765915 0.37696838 5.802307
-7.675461 0.31507874 5.995117
-7.675461 0.26985168 5.852295
-7.784958 0.077041626 5.633301
-7.951584 0.012771606 5.338135
-8.049179 -0.0015106201 5.3238525
-7.939682 -0.07054138 5.461914
-7.849228 0.19606018 5.621399
-7.8087616 0.605484 5.9832153
-7.777817 0.8459015 6.059387
-7.830185 1.0268097 5.7546997
-7.9158783 0.8220978 5.4714355
-7.970627 0.51264954 5.1643677
-8.046799 0.56025696 5.109619
-8.099167 0.77449036 5.1048584
-8.018234 1.2172394 5.1572266
-7.894455 1.5171661 5.3928833
-7.9111176 1.6647491 5.538086
-8.020615 1.3981476 5.749939
-8.158676 1.2577057 5.904663
-8.139633 1.1720123 5.788025
-8.1800995 0.9506378 5.5785522
-8.225327 0.7697296 5.5023804
-8.206284 0.7649689 5.4214478
-8.170578 0.83638 5.466675
-8.206284 0.8220978 5.333374
-8.127731 0.6554718 5.397644
-8.008713 0.4912262 5.480957
-8.008713 0.5316925 5.4595337
-8.087265 0.669754 5.492859
-8.134872 0.7387848 5.654724
-8.1610565 1.0934601 5.6118774
-8.156296 1.362442 5.514282
-8.2443695 1.5838165 5.511902
-8.220566 1.5790558 5.359558
-8.253891 1.4386139 5.0977173
-8.265793 1.169632 4.98822
-8.213425 0.8768463 5.1310425
-8.113449 0.7054596 5.250061
-8.05632 0.753067 5.3762207
-8.044418 0.6721344 5.466675
-8.0967865 0.86494446 5.461914
-8.137253 1.0125275 5.552368
-8.175339 1.1815338 5.5238037
-8.137253 1.2862701 5.397644
-8.122971 1.4552765 5.3167114
-8.080124 1.3695831 5.2643433
-8.044418 1.2719879 5.1810303
-8.037277 1.1791534 5.2453003
-8.089645 0.9601593 5.2524414
-8.103928 0.93159485 5.185791
-8.094406 1.195816 5.2214966
-8.049179 1.279129 5.3762207
-8.025375 1.3576813 5.314331
-8.015854 1.3457794 5.454773
-7.98967 1.2410431 5.345276
-8.034897 1.2410431 5.2643433
-8.077744 1.2100983 5.3309937
-8.018234 1.1648712 5.2524414
-7.9420624 1.1767731 5.2714844
-7.913498 1.1267853 5.2738647
-7.920639 1.0601349 5.2524414
-8.008713 1.0720367 5.2286377
-8.099167 1.1601105 5.461914
-8.163437 1.4219513 5.4119263
-8.196762 1.3838654 5.576172
-8.122971 1.4290924 5.3547974
-8.05632 1.3362579 5.345276
-8.05632 1.3053131 5.338135
-8.111069 1.2934113 5.2929077
-8.103928 1.3124542 5.211975
-8.111069 1.3791046 5.2857666
-8.077744 1.4338531 5.364319
-8.020615 1.4790802 5.390503
-8.042038 1.4576569 5.3309937
-8.092026 1.3933868 5.321472
-8.165817 1.3338776 5.321472
-8.163437 1.3672028 5.2476807
-8.108688 1.4505157 5.3095703
-7.920639 1.4338531 5.3690796
-7.99205 1.4481354 5.3476563
-8.061081 1.3243561 5.423828
-8.108688 1.4148102 5.3547974
-8.151535 1.4481354 5.5428467
-8.146774 1.5647736 5.2333984
-8.025375 1.5909576 5.0977173
-8.018234 1.5457306 5.0810547
-7.9872894 1.4957428 4.9977417
-7.946823 1.5028839 5.11438
-7.894455 1.4124298 5.152466
-7.7968597 1.2838898 5.1262817
-7.7254486 1.1791534 5.254822
-7.73497 1.1172638 5.166748
-7.675461 1.1434479 5.2929077
-7.7373505 1.2362823 5.423828
-7.8135223 1.260086 5.2976685
-7.8349457 1.3219757 5.185791
-7.8325653 1.3862457 5.069153
-7.792099 1.3838654 5.0025024
-7.696884 1.4505157 5.0096436
-7.6683197 1.5623932 5.0358276
-7.6992645 1.4552765 5.0358276
-7.761154 1.3672028 4.98584
-7.7135468 1.3195953 4.9453735
-7.708786 1.3219757 5.083435
-7.7183075 1.4148102 5.231018
-7.8087616 1.3957672 5.314331
-7.8087616 1.3767242 5.2714844
-7.773056 1.3481598 5.319092
-7.696884 1.4362335 5.2095947
-7.7135468 1.3124542 5.2476807
-7.7516327 1.1339264 5.261963
-7.849228 1.0363312 5.2453003
-7.8777924 1.0910797 5.083435
-7.8278046 1.169632 5.1453247
-7.8087616 1.2053375 5.0596313
-7.739731 1.1220245 5.276245
-7.8135223 1.048233 5.314331
-7.7873383 1.0291901 5.3547974
-7.920639 0.98872375 5.5023804
-7.9492035 1.1458282 5.5809326
-7.973007 1.2291412 5.4642944
-8.020615 1.3267365 5.485718
-7.9420624 1.3838654 5.366699
-7.920639 1.3410187 5.488098
-7.8968353 1.1267853 5.402405
-7.9230194 0.80781555 5.5618896
-8.05394 0.65071106 5.3881226
-8.099167 0.605484 5.5595093
-8.0967865 0.5959625 5.633301
-8.177719 0.8054352 5.704712
-8.113449 0.8435211 5.678528
-8.003952 1.0291901 5.8380127
-7.939682 1.0791779 5.8546753
-7.953964 0.9601593 5.94989
-8.025375 0.72450256 6.040344
-8.089645 0.4983673 5.9903564
-8.115829 0.36982727 5.897522
-8.051559 0.17701721 5.871338
-7.906357 0.04133606 5.4071655
-7.8397064 0.13893127 5.5547485
-7.8397064 0.30317688 5.549988
-7.6707 0.39839172 5.6261597
-7.587387 0.28651428 5.704712
-7.5183563 0.17463684 5.569031
-7.587387 0.27461243 5.461914
-7.561203 0.37220764 5.2524414
-7.587387 0.35792542 5.17865
-7.535019 0.27223206 5.321472
-7.399338 0.41267395 5.4119263
-7.2565155 0.522171 5.7094727
-7.1160736 0.51264954 5.7927856
-7.0446625 0.457901 5.8356323
-7.0303802 0.29841614 5.780884
-6.982773 0.31983948 5.7713623
-6.9613495 0.41029358 5.5785522
-6.8328094 0.003250122 5.3809814
-6.6923676 -0.50138855 5.269104
-6.5447845 -0.972702 5.3547974
-6.523361 -1.1250458 5.466675
-6.4805145 -1.1797943 5.5357056
-6.528122 -1.1488495 5.633301
-6.561447 -1.2512054 5.6118774
-6.6804657 -1.4202118 5.711853
-6.8066254 -1.7629852 5.7713623
-6.7828217 -2.1676483 5.723755
-6.599533 -2.5675507 5.597595
-6.5186005 -3.057907 5.6713867
-6.5709686 -3.3149872 5.685669
-6.656662 -3.2911835 5.5238037
-6.751877 -3.1364594 5.3571777
-6.663803 -2.9722137 5.526184
-6.5376434 -2.9317474 5.666626
-6.411484 -3.0817108 5.7023315
-6.3662567 -3.3221283 5.8118286
-6.3257904 -3.3173676 5.94751
-6.290085 -4.0481415 6.1712646
-6.1091766 -4.8693695 5.923706
-6.00206 -5.4835052 5.82135
-5.7806854 -6.059555 5.5880737
-5.464096 -6.2499847 5.595215
-5.142746 -5.969101 5.892761
-4.961838 -5.623947 6.27124
-5.071335 -5.481125 6.6259155
-5.3117523 -5.457321 6.628296
-5.535507 -5.700119 6.628296
-5.4593353 -6.128586 6.2974243
-5.052292 -6.9617157 6.2141113
-4.3429413 -7.599655 6.5092773
-3.700241 -7.6067963 6.930603
-3.4193573 -7.452072 6.9282227
-3.397934 -7.463974 6.6259155
-3.4098358 -7.702011 6.4212036
-3.4026947 -8.189987 5.9855957
-3.2812958 -8.794601 5.450012
-2.9980316 -9.477768 5.473816
-2.5290985 -9.699142 6.1522217
-1.9792328 -9.239731 6.4402466
-1.6459808 -9.123093 6.287903
-1.4912567 -9.370651 5.9522705
-1.4317474 -9.672958 5.614258
-1.4269867 -9.8919525 5.466675
-1.2722626 -9.711044 5.852295
-1.3889008 -9.375412 6.057007
-1.4603119 -9.313522 5.9141846
-1.3365326 -9.963364 5.4952393
-0.9152069 -11.422531 4.9834595
-0.46055603 -12.303268 4.5335693
-0.25584412 -12.11998 4.773987
-0.49388123 -10.929794 5.338135
-0.9056854 -9.794357 5.6904297
-1.0746918 -9.353989 5.935608
-0.9889984 -9.311142 5.647583
-0.7081146 -9.80864 5.216736
-0.44389343 -10.3537445 4.992981
-0.3391571 -10.358505 5.152466
-0.3653412 -10.032394 5.219116
-0.32487488 -9.889572 5.1381836
-0.079696655 -10.382309 4.7668457
0.32258606 -11.439194 4.2598267
0.5344391 -11.755783 4.197937
0.4915924 -11.253525 4.3598022
0.055984497 -10.558456 5.0025024
-0.1749115 -9.953842 5.219116
-0.26774597 -9.687241 5.064392
-0.28440857 -9.68486 4.840637
-0.14634705 -9.908615 4.8358765
-0.0059051514 -9.960983 4.9191895
-0.09159851 -9.791977 4.845398
-0.14872742 -9.675339 4.8096924
-0.13682556 -9.630112 4.6644897
-0.08207703 -9.794357 4.428833
0.025039673 -9.780075 4.333618
0.15596008 -9.658676 4.5216675
0.15119934 -9.423019 4.709717
0.10121155 -9.325424 4.8049316
0.11073303 -9.323044 4.633545
0.10835266 -9.55632 4.5478516
0.35829163 -9.594406 4.519287
0.42256165 -9.451584 4.6502075
0.51301575 -9.246872 4.7858887
0.46540833 -9.161179 4.8549194
0.40351868 -9.161179 4.92157
0.8938751 -8.889816 5.2667236
1.0009918 -10.875046 6.7973022
-0.34153748 -10.4370575 4.197937
1.2318878 -10.465622 4.08844
0.57728577 -9.154037 4.262207
0.56062317 -8.699387 5.0025024
0.6344147 -9.277817 4.9120483
0.9938507 -10.060959 5.0167847
0.9795685 -10.458481 4.5169067
0.9867096 -9.918137 4.519287
0.7819977 -9.308762 4.4835815
0.7082062 -9.101669 4.435974
0.64393616 -9.0516815 4.447876
0.7320099 -9.035019 4.443115
0.6963043 -9.139755 4.4121704
0.5153961 -9.184982 4.5288086
0.443985 -9.23735 4.757324
0.58680725 -8.91124 4.9763184
0.6344147 -8.766037 5.135803
0.7248688 -9.077866 4.6644897
0.5153961 -9.406357 4.531189
0.8605499 -9.118332 4.9644165
0.9033966 -9.346848 4.4264526
0.79151917 -9.534897 4.5026245
0.43922424 -9.403976 4.4240723
0.4749298 -9.494431 4.788269
0.6177521 -9.411118 5.0929565
0.6582184 -9.16832 5.109619
0.69392395 -9.294479 4.8168335
0.68440247 -9.594406 4.6692505
0.72010803 -9.575363 4.652588
0.70344543 -9.511093 4.826355
0.7796173 -9.537277 4.98822
0.97242737 -9.49205 5.0977173
1.1128693 -9.073105 5.3571777
0.951004 -8.773178 5.019165
0.9200592 -8.835068 5.3309937
0.9962311 -8.406601 5.295288
1.162857 -8.3137665 5.466675
1.1747589 -8.3780365 5.314331
1.2080841 -9.032639 5.05011
1.1128693 -8.749374 4.8025513
1.2533112 -8.3137665 5.0144043
1.1723785 -7.8852997 5.3095703
1.0605011 -7.706772 5.647583
1.1414337 -7.751999 5.795166
1.3889923 -7.880539 5.7546997
1.4365997 -7.975754 5.718994
1.4151764 -7.7234344 5.8499146
1.4175568 -7.111679 5.995117
1.4365997 -6.41185 6.52594
1.4223175 -5.8358 6.8687134
1.4032745 -5.6763153 7.1519775
1.662735 -5.5953827 7.23291
1.9102936 -5.264511 7.61615
1.8864899 -4.769394 8.0112915
1.8698273 -4.576584 8.461182
1.9198151 -4.3742523 8.663513
1.9245758 -4.750351 8.289795
2.3506622 -5.052658 8.332642
2.6291656 -4.7551117 8.280273
2.6720123 -3.9338837 8.51355
2.6862946 -3.0531464 8.680176
2.983841 -2.7913055 9.591858
2.7696075 -2.8032074 9.891785
2.5577545 -3.4197235 8.822998
2.7267609 -4.1052704 8.204102
2.8124542 -4.3742523 8.382629
2.990982 -4.6122894 8.565918
3.452774 -4.8741302 9.3133545
3.3908844 -5.040756 9.7561035
2.40065 -3.7934418 10.1536255
1.9174347 -3.2840424 9.853699
2.4173126 -2.9317474 9.437134
3.5503693 -3.0222015 9.817993
3.8098297 -1.5154266 10.30835
3.6265411 -1.1940765 9.894165
3.119522 -1.7272797 9.515686
2.9671783 -1.9629364 9.4609375
3.5408478 -1.79393 9.660889
3.6670074 -1.4797211 9.684692
3.6336823 -1.1631317 9.444275
3.4027863 -1.1702728 9.289551
3.3551788 -1.5154266 9.232422
3.400406 -1.9724579 9.15863
3.3908844 -2.4390106 9.201477
3.5146637 -2.4580536 9.21814
3.5646515 -2.2652435 9.237183
3.5075226 -2.0867157 9.28241
3.498001 -2.0200653 9.318115
3.445633 -1.9105682 9.187195
3.3266144 -1.9319916 9.065796
3.286148 -2.0867157 8.975342
3.2694855 -2.2914276 8.939636
Time Stop = 6573
