Time Start = 1457237020
-0.248703 1.150589 10.551147
0.14881897 1.3743439 10.194092
0.34638977 1.1577301 10.075073
0.08692932 1.0101471 9.794189
-0.53434753 0.7364044 9.727539
-1.0984955 0.8673248 9.558533
-1.0009003 1.0934601 9.41095
-0.5129242 1.4171906 9.203857
-0.039230347 1.3886261 9.499023
-0.52482605 1.214859 9.103882
-0.7819061 0.7316437 9.698975
-0.86283875 1.3886261 9.663269
-0.7842865 1.298172 9.6918335
-0.5533905 1.0886993 9.637085
-0.5391083 1.0815582 9.587097
-0.6176605 1.1553497 9.577576
-0.8080902 1.2862701 9.3966675
-0.9747162 1.4409943 9.1467285
-1.0009003 1.4290924 9.203857
-0.89378357 1.2124786 9.47522
-0.691452 1.195816 9.706116
-0.53196716 1.1363068 9.92749
-0.49388123 1.1077423 9.7561035
-0.5605316 1.0815582 9.687073
-0.5938568 0.9673004 9.4776
-0.58909607 0.98872375 9.339539
-0.58195496 1.1339264 9.103882
-0.50102234 1.2505646 9.02771
-0.50816345 1.3505402 8.937256
-0.5557709 1.3529205 8.877747
-0.6795502 1.112503 9.232422
-0.91282654 0.82447815 9.437134
-1.1127777 0.43171692 9.746582
-1.2032318 0.3436432 9.725159
-1.1199188 0.5507355 9.7323
-0.9247284 0.9744415 9.677551
-0.7438202 1.3457794 9.777527
-0.5676727 1.4695587 9.908447
-0.4724579 1.4933624 9.865601
-0.4629364 1.4386139 9.482361
-0.5557709 1.2648468 9.306213
-0.6795502 1.0053864 9.325256
-0.710495 0.61024475 10.060791
-0.8152313 0.6459503 10.386902
-0.80332947 0.85780334 10.322632
-0.774765 0.84828186 10.203613
-0.6747894 0.98872375 10.205994
-0.48912048 0.99586487 10.232178
-0.3653412 0.73402405 10.24646
-0.29393005 0.69355774 10.091736
-0.18681335 1.0077667 10.094116
-0.07493591 1.0910797 10.779663
0.12025452 0.66737366 11.112915
0.10597229 0.25080872 11.103394
0.129776 -0.27287292 10.853455
0.13929749 -0.5561371 10.465454
0.35829163 -0.65849304 10.284546
0.527298 -0.46806335 10.010803
0.6225128 -0.17527771 9.86084
0.8534088 0.11512756 9.772766
0.93434143 -0.5132904 10.701111
0.9438629 -1.1131439 11.605652
0.6320343 -1.7891693 12.776794
0.38209534 -2.3628387 12.869629
0.28926086 -2.5461273 12.100769
0.508255 -2.7079926 11.577087
0.91767883 -2.100998 11.003418
1.3175812 -1.1369476 10.981995
1.6270294 0.27461243 10.367859
1.8674469 0.6150055 10.18457
1.9698029 0.13893127 10.455933
1.9031525 -0.09196472 10.403564
1.6579742 -0.1681366 10.398804
1.3437653 -0.1348114 10.305969
1.1033478 0.13417053 9.867981
1.0652618 0.46028137 9.577576
1.098587 0.74354553 9.356201
1.2699738 0.983963 9.125305
1.3247223 1.3981476 8.70874
1.3247223 2.0503693 7.725647
1.3056793 1.9027863 7.3638306
1.3199615 1.7147369 7.0186768
1.3770905 1.5861969 6.6187744
1.4937286 1.298172 6.5878296
1.6127472 1.5052643 6.135559
1.4865875 1.9741974 5.8808594
1.4580231 2.202713 6.109375
1.2223663 2.4407501 6.628296
1.1533356 2.5454865 6.5664063
1.5127716 1.7075958 7.0162964
1.5056305 0.74116516 7.7542114
1.8484039 0.04133606 7.4852295
2.5434723 -1.241684 7.956543
2.438736 -2.7222748 9.206238
2.7624664 -2.505661 10.486877
2.631546 -2.0557709 13.514709
3.574173 -2.0748138 12.086487
4.7762604 -6.28331 11.422363
3.5265656 -8.028122 10.05365
1.9174347 -7.0236053 8.575439
1.8626862 -5.019333 9.227661
2.760086 -2.1890717 8.877747
2.4030304 -2.3437958 7.597107
2.8100739 -4.8741302 6.5116577
3.1480865 -6.404709 5.859436
2.3697052 -6.60466 6.8568115
1.9198151 -6.1666718 7.854187
1.8888702 -6.1523895 8.249329
2.0793 -6.6665497 7.925598
2.3197174 -7.347336 7.5423584
2.5053864 -7.394943 6.623535
2.669632 -7.449692 5.6761475
2.6386871 -7.9543304 4.819214
2.4720612 -8.956467 4.1360474
2.59346 -9.311142 3.9908447
2.8100739 -8.801743 4.435974
2.8410187 -8.701767 5.007263
2.6601105 -8.737473 5.5404663
2.2602081 -9.213547 6.325989
2.0102692 -8.996933 6.2998047
2.4673004 -9.249252 6.01416
3.0528717 -10.498947 5.7523193
3.1171417 -11.881943 4.981079
2.676773 -12.455612 4.2407837
2.0197906 -12.031906 3.9813232
1.6317902 -11.234482 4.4883423
1.7484283 -10.575119 5.454773
2.086441 -10.030014 5.935608
2.0626373 -9.653915 5.845154
2.0554962 -9.468246 4.704956
2.3387604 -9.568222 3.8075562
2.476822 -9.48967 3.229126
2.483963 -9.308762 2.6506958
2.5339508 -9.4254 1.2272339
2.4077911 -10.018112 0.020385742
0.9771881 -11.108322 0.9058838
-1.300827 -9.632492 2.722107
-2.9575653 -8.842209 4.909668
-1.698349 -9.627731 6.744934
0.72724915 -9.837204 6.680664
2.741043 -10.287094 5.935608
1.9507599 -8.882675 7.0805664
1.2699738 -8.844589 6.7092285
0.5320587 -8.454208 7.718506
0.93196106 -7.8186493 3.1767578
0.7320099 -9.8919525 2.2626953
-0.16062927 -9.477768 2.2055664
-0.6843109 -7.4235077 3.7599487
0.739151 -5.1383514 4.876343
1.7174835 -3.6553802 5.533325
1.1461945 -4.5242157 5.6118774
0.6463165 -6.2476044 6.1069946
0.5582428 -8.382797 5.597595
0.20832825 -10.608444 4.3693237
0.003616333 -11.953354 2.972046
0.35591125 -11.632004 3.0672607
0.83436584 -10.7322235 4.5549927
1.2390289 -10.165695 5.6761475
1.5913239 -9.403976 6.749695
1.938858 -9.453964 7.301941
2.022171 -9.42778 7.547119
2.3411407 -9.461105 7.751831
2.6839142 -9.306381 7.4519043
2.8219757 -9.94194 7.397156
2.6720123 -11.227341 7.109131
2.65773 -10.32518 7.0805664
3.0338287 -8.499435 7.059143
3.5194244 -7.4996796 7.2400513
3.7812653 -7.123581 7.2400513
3.9478912 -7.37352 6.7806396
3.5789337 -7.7043915 6.6949463
3.0909576 -7.18071 6.642578
4.471573 -7.6924896 7.0686646
5.5022736 -7.6520233 6.9782104
5.197586 -7.43779 7.1591187
4.428726 -6.7117767 6.680664
4.293045 -6.3047333 6.1950684
4.64534 -6.257126 6.3831177
5.409439 -5.873886 6.9472656
5.711746 -5.155014 6.585449
5.402298 -5.155014 7.1638794
5.2904205 -5.1645355 7.611389
5.428482 -4.80986 7.55188
5.3475494 -5.1121674 6.9591675
4.9809723 -5.5049286 6.9091797
5.0857086 -5.040756 7.071045
5.3356476 -4.3171234 7.116272
5.499893 -4.219528 7.206726
5.711746 -4.217148 6.5687866
5.8236237 -4.957443 6.173645
5.8474274 -5.0288544 6.276001
5.776016 -4.814621 6.666382
5.8045807 -4.750351 6.668762
5.792679 -4.0410004 7.0234375
5.7260284 -2.7317963 7.2495728
5.5284576 -2.0843353 7.9541626
5.357071 -2.4342499 8.551636
5.235672 -3.1507416 8.211243
5.3047028 -3.4006805 7.5042725
5.6950836 -3.5268402 7.032959
5.9188385 -3.5982513 6.3355103
6.3496857 -3.3983002 5.911804
6.4901276 -3.1126556 5.7713623
6.4829865 -3.0531464 6.161743
6.3044586 -3.0198212 6.456909
5.871231 -2.4199677 6.6068726
5.583206 -1.6392059 6.963928
5.4713287 -1.2797699 7.80896
5.602249 -0.927475 8.163635
5.954544 -1.3273773 7.342407
6.256851 -2.0200653 6.6949463
6.4115753 -1.960556 6.2164917
6.37825 -1.7153778 6.071289
6.273514 -1.6415863 5.8427734
6.173538 -1.3797455 5.557129
6.0545197 -0.9846039 5.569031
6.0545197 -0.5037689 6.0022583
5.9878693 0.119888306 6.9901123
6.125931 0.04133606 7.0234375
6.1497345 -0.64897156 6.7425537
6.1164093 -0.9012909 6.4592896
6.178299 -0.5561371 6.302185
6.268753 -0.48472595 6.3117065
6.383011 -0.44187927 5.999878
6.4139557 -0.7013397 5.802307
6.3615875 -0.11576843 5.8308716
6.3235016 0.4817047 5.9594116
6.3235016 0.98872375 6.9329834
6.402054 1.4814606 7.1638794
6.3734894 0.7197418 6.8044434
6.4187164 -0.14909363 6.3355103
6.435379 -0.42759705 6.449768
6.499649 -0.15861511 7.085327
6.5282135 0.5507355 7.1400757
6.480606 1.1196442 6.8710938
6.537735 1.5171661 6.404541
6.587723 1.9956207 6.4021606
6.7281647 2.164627 6.385498
6.6805573 1.952774 6.559265
6.63533 1.5028839 6.4402466
6.5615387 0.9601593 6.01178
6.5972443 0.5578766 5.909424
6.640091 0.4817047 6.161743
6.6948395 0.69355774 6.4093018
6.6115265 0.81495667 6.749695
6.5353546 1.3076935 6.873474
6.468704 1.888504 7.263855
6.3949127 2.3836212 7.1400757
6.402054 2.4550323 6.897278
6.5972443 2.2431793 6.585449
6.7329254 1.907547 5.909424
6.8686066 1.1386871 5.159607
6.9447784 0.90541077 4.954895
6.8686066 0.75782776 5.6118774
6.6638947 1.1482086 6.2474365
6.44252 1.022049 7.173401
6.197342 1.3957672 6.968689
6.0997467 1.6837921 7.0615234
6.204483 2.1241608 6.918701
6.428238 2.516922 7.032959
6.4758453 2.3836212 6.5164185
6.602005 1.9670563 6.116516
6.7400665 1.510025 5.749939
6.8947906 1.6147614 5.385742
6.847183 1.3576813 5.852295
6.6638947 1.3338776 6.199829
6.4520416 1.1101227 6.9710693
6.31398 1.3338776 7.1567383
6.3734894 1.7266388 7.5756836
6.4829865 1.9741974 7.347168
6.716263 1.824234 6.8710938
6.782913 1.695694 6.4902344
6.7543488 1.6623688 6.1498413
6.7900543 1.6385651 5.56427
6.9257355 1.5576324 5.2929077
7.1042633 1.8147125 5.5666504
7.0852203 1.9837189 5.738037
6.992386 1.9480133 5.8546753
6.8543243 1.7004547 5.976074
6.7329254 1.5457306 6.20697
6.659134 1.6552277 6.3045654
6.6234283 1.7242584 6.5497437
6.5853424 1.7504425 6.7425537
6.530594 1.6837921 6.494995
6.435379 1.6266632 6.325989
6.461563 1.8742218 5.942749
6.602005 1.9503937 6.0808105
6.7019806 1.9670563 5.871338
6.673416 1.8789825 5.9189453
6.5210724 1.6814117 5.7999268
6.4782257 1.5076447 5.6380615
6.487747 1.3219757 5.723755
6.4829865 1.0815582 6.0498657
6.409195 0.9934845 6.0308228
6.3092194 1.1386871 6.2474365
6.363968 1.4981232 6.521179
6.4591827 1.5552521 6.78302
6.4710846 1.3576813 6.661621
6.4520416 1.0006256 6.2593384
6.4568024 0.83399963 6.1760254
6.556778 0.9506378 6.1260376
6.678177 1.0910797 5.9665527
6.735306 1.1458282 6.211731
6.69722 1.0387115 6.5925903
6.473465 1.1482086 6.5997314
6.2592316 1.0529938 7.0948486
6.18544 0.8054352 7.320984
6.1116486 0.6578522 7.3947754
6.1997223 0.5007477 7.4804688
6.1497345 0.31507874 7.282898
6.147354 0.03895569 7.013916
6.1949615 0.2103424 6.7354126
6.3687286 0.6626129 6.9901123
6.4948883 1.0172882 6.725891
6.511551 0.8125763 6.7020874
6.337784 0.5983429 6.5878296
6.2473297 0.26271057 6.5235596
6.090225 0.017532349 6.787781
6.0283356 -0.3419037 7.1900635
5.830765 -0.68943787 7.6256714
5.602249 -0.7513275 7.6899414
5.4760895 -0.5608978 7.6280518
5.5784454 -0.27763367 7.6185303
5.7641144 -0.15861511 7.573303
5.8402863 -0.59184265 7.544739
5.6355743 -1.2940521 7.456665
5.4618073 -1.3178558 7.259094
5.511795 -1.2916718 7.4161987
5.7212677 -1.5154266 7.5804443
5.895035 -1.646347 7.7922974
5.830765 -1.7701263 8.216003
5.4308624 -1.9058075 8.480225
5.1047516 -1.684433 8.504028
4.990494 -1.6868134 8.504028
5.0095367 -2.0414886 8.596863
5.1166534 -2.5080414 8.246948
5.2380524 -2.8436737 7.828003
5.3999176 -2.7579803 7.8303833
5.4142 -2.4080658 8.180298
5.345169 -1.9581757 8.861084
5.1809235 -2.4056854 9.625183
4.823868 -2.9269867 9.494263
4.509659 -3.4125824 8.96582
4.5001373 -3.5435028 8.596863
4.664383 -3.3530731 8.434998
4.842911 -3.2983246 8.596863
4.9167023 -3.2221527 8.246948
4.742935 -3.224533 8.166016
4.678665 -3.243576 8.539734
4.588211 -3.2388153 8.689697
4.509659 -3.5149384 8.70874
4.447769 -3.6291962 8.549255
4.3858795 -3.6934662 8.565918
4.3477936 -3.686325 8.680176
4.3906403 -3.5625458 8.734924
4.459671 -3.1316986 8.57782
4.569168 -2.9531708 8.546875
4.6858063 -2.9150848 8.482605
4.735794 -3.0745697 8.44928
4.6667633 -3.531601 8.358826
4.490616 -3.8791351 8.182678
4.4168243 -3.8124847 8.263611
4.4239655 -3.3673553 8.296936
4.592972 -3.0793304 8.527832
4.6810455 -2.974594 8.573059
4.5596466 -3.069809 8.358826
4.4882355 -3.1935883 7.8518066
4.459671 -3.2197723 7.8446655
4.5168 -3.3435516 7.7042236
4.5406036 -3.6577606 7.513794
4.433487 -3.9624481 7.6066284
4.300186 -3.9648285 7.7946777
4.1026154 -4.1576385 7.7922974
3.959793 -4.538498 8.027954
3.8074493 -4.8765106 8.489746
3.6027374 -4.878891 8.475464
3.5836945 -4.6908417 8.206482
3.7574615 -4.2980804 7.839905
4.0002594 -3.800583 7.737549
4.2311554 -3.6077728 7.5875854
4.362076 -3.769638 7.5233154
4.297806 -3.993393 7.751831
4.093094 -4.4004364 8.173157
3.7717438 -5.0740814 8.494507
3.5003815 -5.3454437 8.3255005
3.3527985 -5.3264008 8.344543
3.4551544 -5.040756 8.354065
3.6289215 -4.9074554 8.358826
3.7455597 -4.826523 8.439758
3.6670074 -4.769394 7.9993896
3.6479645 -4.6313324 7.718506
3.6670074 -4.2671356 7.668518
3.831253 -3.9672089 7.7661133
3.9240875 -4.1433563 7.87323
3.8193512 -4.7075043 8.25885
3.3837433 -5.666794 8.561157
3.0052643 -6.490402 8.594482
2.7267609 -6.5808563 8.292175
2.6981964 -6.2095184 7.7946777
2.919571 -5.6191864 7.3519287
3.3218536 -5.0312347 6.982971
3.6860504 -4.7289276 7.090088
3.9121857 -4.7170258 7.2352905
3.7074738 -5.1978607 7.7494507
3.1528473 -5.7477264 7.994629
2.5910797 -6.1785736 7.968445
2.3339996 -6.7689056 8.023193
2.3220978 -6.9879 7.842285
2.419693 -6.707016 7.570923
2.7172394 -6.342819 7.3328857
2.9362335 -5.9667206 7.2948
3.0528717 -5.816757 7.0805664
2.9148102 -5.809616 7.2852783
2.6934357 -5.9095917 7.3638306
2.510147 -6.3190155 7.4019165
2.3982697 -6.6332245 7.6066284
2.3649445 -6.6665497 7.861328
2.5196686 -6.585617 7.8065796
2.631546 -6.438034 8.013672
2.6934357 -6.0167084 8.051758
2.7100983 -5.6786957 8.151733
2.624405 -6.064316 7.9851074
2.6196442 -6.7093964 7.4661865
2.586319 -7.1545258 7.10437
2.5387115 -7.0640717 6.813965
2.4863434 -6.616562 6.999634
2.5506134 -6.1833344 7.0924683
2.5791779 -6.1857147 7.494751
2.5767975 -6.597519 7.6470947
2.3911285 -7.002182 7.392395
2.1578522 -7.233078 7.225769
2.0697784 -7.18071 7.213867
2.14357 -7.0450287 7.342407
2.4054108 -6.854599 7.506653
2.7100983 -6.7236786 7.559021
2.8791046 -6.259506 7.468567
2.7815094 -6.1666718 7.8779907
2.5815582 -6.4094696 7.7542114
2.2506866 -6.887924 7.649475
1.9150543 -7.316391 7.213867
1.8365021 -7.675827 6.873474
1.7222443 -7.528244 6.790161
1.772232 -6.892685 7.116272
2.0197906 -6.173813 7.430481
2.4030304 -5.8238983 7.7280273
2.6006012 -5.6453705 7.9470215
2.567276 -6.0167084 8.008911
2.2816315 -6.571335 7.5566406
1.9150543 -6.9974213 7.354309
1.6079865 -7.1926117 7.1400757
1.6032257 -7.2164154 6.9520264
1.6651154 -6.740341 7.1376953
1.8579254 -6.309494 7.4400024
1.9912262 -6.3237762 7.899414
2.003128 -6.7498627 7.9660645
1.8341217 -7.264023 7.5375977
1.560379 -7.475876 7.263855
1.2485504 -7.3378143 7.1067505
1.136673 -7.035507 7.16626
1.3509064 -6.9545746 7.213867
1.7508087 -6.7665253 7.385254
1.9626617 -6.507065 7.642334
1.9531403 -6.418991 7.797058
1.7508087 -6.699875 7.6970825
1.4413605 -8.71843 11.510437
2.1364288 -9.651535 7.868469
1.3961334 -7.6282196 6.46167
0.35591125 -6.2166595 7.1400757
0.50349426 -5.423996 6.963928
1.6008453 -7.2949677 7.218628
2.483963 -7.3116302 6.809204
2.4339752 -5.9452972 7.275757
2.0293121 -5.3049774 7.3709717
1.9174347 -6.264267 8.249329
1.976944 -6.3571014 8.163635
1.8365021 -6.7022552 8.994385
1.4818268 -6.887924 9.437134
1.2104645 -7.1783295 8.734924
1.2866364 -7.1450043 7.9279785
1.4032745 -7.6353607 6.949646
1.3628082 -7.0450287 6.3640747
1.1390533 -6.816513 6.3974
1.0795441 -6.676071 6.7592163
0.98194885 -6.4975433 7.328125
0.9676666 -6.230942 7.9398804
0.8795929 -6.0905 8.618286
0.8962555 -6.130966 9.1467285
0.9438629 -6.3380585 9.4609375
1.0581207 -6.526108 9.184814
1.05336 -6.7879486 8.863464
1.0295563 -7.4354095 8.611145
0.6915436 -7.6996307 8.530212
0.21070862 -7.8186493 8.182678
-0.19633484 -7.835312 8.092224
-0.7247772 -7.43779 7.9470215
-1.1603851 -6.918869 7.8137207
-1.6102753 -6.6403656 7.9993896
-1.6697845 -6.34758 8.154114
-1.2913055 -5.8072357 8.377869
-0.69621277 -5.476364 8.625427
Time Stop = 1457237024
