Time Start = 1457235666
-5.0356293 -1.8605804 7.044861
-3.302719 -2.4556732 7.366211
-1.3793793 -2.7841644 8.370728
-0.15586853 -2.3866425 9.794189
0.34877014 -1.4202118 10.379761
-0.18681335 -1.4916229 10.643982
-1.4341278 -2.441391 10.034607
-2.5029144 -3.2007294 8.434998
-2.6100311 -4.2266693 8.363586
-2.1815643 -5.181198 8.25647
-2.0435028 -6.0095673 7.5375977
-2.269638 -7.071213 6.9139404
-2.371994 -7.7115326 5.2024536
-2.2934418 -8.963608 5.3809814
-1.9887543 -10.760788 4.5288086
-1.9625702 -11.427292 4.031311
-1.6935883 -12.062851 3.793274
-1.338913 -12.31041 3.2124634
-1.3793793 -12.405624 2.6864014
-1.4246063 -12.267563 2.112732
-1.4150848 -12.115219 1.71521
-1.4293671 -11.762924 1.1867676
-1.4341278 -10.955978 0.5512085
-1.3889008 -10.234726 0.6273804
-1.4460297 -10.046677 1.3652954
-1.3627167 -10.249008 1.7675781
-1.422226 -10.658432 1.0296631
-1.2984467 -10.653671 -0.28430176
-1.0627899 -11.208298 -0.5128174
-1.1056366 -11.136887 -0.1486206
-1.1389618 -10.675095 0.24414063
-1.0794525 -10.498947 1.0153809
-0.9675751 -10.475143 1.8318481
-0.8818817 -9.9752655 2.1412964
-0.6938324 -9.622971 2.5959473
-0.45341492 -10.010971 2.6245117
-0.23918152 -10.598923 2.1341553
-0.36058044 -11.234482 2.0079956
-0.627182 -11.201157 1.8461304
-0.7438202 -11.003586 1.8461304
-0.91282654 -10.858383 1.8485107
-0.9794769 -10.665573 1.7937622
-1.0009003 -10.558456 1.8699341
-0.8985443 -10.429916 1.9699097
-0.93663025 -9.672958 2.1722412
-0.6938324 -9.772934 2.010376
-0.4724579 -10.532272 2.2698364
-0.3653412 -10.841721 2.1246338
-0.29393005 -10.398972 1.9484863
-0.27726746 -9.55632 2.0960693
-0.15586853 -9.839584 3.19104
-0.21775818 -9.694382 3.5100098
-0.29154968 -9.868149 3.043457
-0.2725067 -10.372787 3.0505981
-0.38676453 -10.182358 2.722107
-0.6295624 -9.920517 2.6530762
-0.86283875 -9.558701 2.5388184
-0.941391 -8.46373 2.684021
-0.6343231 -7.8186493 4.164612
-0.09635925 -7.5306244 5.5023804
0.01789856 -7.585373 5.5809326
-0.22966003 -8.539902 5.0739136
-0.5962372 -9.511093 4.064636
-0.6628876 -10.460861 3.2767334
-0.6747894 -10.458481 2.953003
-0.48197937 -9.582504 2.4126587
-0.0844574 -10.38945 3.202942
0.15119934 -11.039291 3.0577393
0.117874146 -11.593918 2.6411743
-0.2653656 -11.124985 2.960144
-0.7700043 -10.703659 3.7599487
-1.2651215 -9.832443 4.0670166
-1.3127289 -9.3016205 4.7263794
-1.2127533 -8.632736 4.716858
-0.922348 -8.547043 4.231262
-0.68193054 -9.55394 3.8170776
-0.4867401 -10.410873 3.2267456
-0.41056824 -10.970261 3.2267456
-0.39390564 -10.753647 3.0196533
-0.34629822 -10.077621 2.8863525
-0.31773376 -9.587265 3.1577148
-0.27012634 -9.156418 3.3219604
-0.17253113 -8.868393 3.2648315
-0.29393005 -9.089767 3.1958008
-0.27726746 -9.656296 2.9125366
-0.25108337 -10.184738 2.8934937
-0.098739624 -10.848862 3.0863037
0.046463013 -11.365402 3.8051758
-0.013046265 -11.9700165 4.228882
-0.06541443 -12.322311 3.531433
-0.0035247803 -12.817429 3.524292
-0.20347595 -12.091415 2.9910889
-0.45817566 -12.146164 3.774231
-0.6747894 -11.905746 3.664734
-0.8509369 -11.779587 3.5171509
-1.1413422 -11.624863 3.5766602
-1.0746918 -11.593918 4.1931763
-1.1841888 -11.408249 4.15271
-1.3508148 -11.47728 3.793274
-1.6078949 -11.781967 3.7432861
-1.8935394 -11.812912 3.909912
-2.1315765 -11.853378 4.159851
-2.2767792 -11.841476 4.2526855
-2.1720428 -11.667709 4.4312134
-2.076828 -11.141647 4.626404
-2.0363617 -10.651291 4.819214
-2.1291962 -10.265671 4.8692017
-2.2577362 -10.170456 4.4193115
-2.4886322 -10.3537445 4.0789185
-2.7480927 -10.563217 4.0741577
-2.7385712 -10.420395 4.4074097
-2.9480438 -9.630112 4.3740845
-3.147995 -9.387314 4.6835327
-3.1122894 -9.353989 4.8668213
-3.121811 -8.965988 4.4645386
-3.2670135 -8.523239 4.2455444
-3.5383759 -8.304245 4.293152
-3.859726 -8.494675 4.416931
-4.0953827 -8.520859 4.5906982
-4.2596283 -8.344711 4.6121216
-4.302475 -8.223312 4.7454224
-4.276291 -7.778183 4.781128
-4.481003 -7.24498 4.671631
-4.6904755 -6.7546234 4.607361
-4.861862 -6.7879486 5.0739136
-5.116562 -6.752243 5.133423
-5.411728 -6.654648 5.0096436
-5.5688324 -6.7736664 4.992981
-5.6783295 -7.0569305 5.171509
-5.906845 -6.4737396 5.0977173
-5.9425507 -5.764389 4.966797
-5.9425507 -5.4097137 4.845398
-5.790207 -5.9405365 5.147705
-6.2615204 -5.816757 5.0620117
-6.7185516 -5.2621307 4.6621094
-7.073227 -5.226425 4.762085
-7.0137177 -5.226425 5.109619
-6.918503 -4.852707 5.0215454
-6.8137665 -4.7027435 5.17865
-6.789963 -4.7075043 5.2667236
-6.7685394 -4.847946 5.30719
-6.8447113 -4.74559 5.0810547
-6.8970795 -4.8622284 4.981079
-7.0184784 -4.9217377 5.000122
-6.970871 -4.833664 4.973938
-7.0708466 -4.481369 5.0167847
-7.137497 -4.281418 5.107239
-7.2422333 -3.9600677 5.071533
-7.2898407 -3.7339325 4.9310913
-7.2493744 -3.6101532 4.9263306
-7.280319 -3.5149384 4.8501587
-7.2826996 -3.3816376 4.7525635
-7.34935 -3.2769012 4.674011
-7.489792 -3.262619 4.8120728
-7.5564423 -3.2673798 4.7406616
-7.5207367 -3.2316742 4.6835327
-7.515976 -3.2150116 4.6002197
-7.394577 -3.2602386 4.7335205
-7.0827484 -3.0936127 4.9191895
-7.246994 -2.7675018 4.66687
-7.573105 -2.698471 4.935852
-7.7254486 -2.6603851 5.102478
-7.7944794 -2.653244 4.9906006
-7.568344 -2.7484589 4.8049316
-7.4731293 -2.6675262 4.693054
-7.54216 -2.4056854 4.647827
-7.7897186 -2.1890717 4.7406616
-7.8159027 -2.0319672 4.6835327
-8.051559 -1.6891937 4.826355
-8.232468 -1.517807 4.562134
-8.468124 -1.4844818 4.757324
-8.513351 -1.4059296 4.633545
-8.456223 -1.2821503 4.4050293
-8.453842 -1.1940765 4.3217163
-8.50621 -0.9441376 4.171753
-8.43956 -0.6299286 4.1503296
-8.580002 -0.41093445 4.083679
-8.639511 -0.22050476 4.1312866
-8.591904 -0.14433289 4.333618
-8.451462 -0.26335144 4.440735
-8.24675 -0.5442352 4.2645874
-8.270554 -0.6275482 4.21698
-8.510971 -0.5442352 4.0908203
-8.689499 -0.46092224 4.2407837
-8.684738 -0.35856628 4.319336
-8.553818 -0.4799652 4.376465
-8.401474 -0.613266 4.2645874
-8.3134 -0.8751068 4.333618
-8.320541 -1.0274506 4.352661
-8.420517 -1.0512543 4.402649
-8.541916 -1.1012421 4.576416
-8.62999 -1.0393524 4.7644653
-8.530014 -1.0441132 4.7073364
-8.43956 -1.036972 4.8668213
-8.470505 -0.8822479 4.8573
-8.57048 -0.88938904 4.959656
-8.537155 -0.90605164 4.9501343
-8.560959 -0.9512787 4.7001953
-8.601425 -0.8417816 4.5859375
-8.6228485 -0.7513275 4.595459
-8.715683 -0.60850525 4.7382813
-8.722824 -0.3728485 4.6763916
-8.737106 -0.2585907 4.7144775
-8.672836 -0.1681366 4.626404
-8.668076 -0.122909546 4.524048
-8.644272 0.0627594 4.376465
-8.720444 0.11036682 4.357422
-8.772812 -0.025314331 4.4716797
-8.775192 -0.06578064 4.4002686
-8.751389 -0.2252655 4.2598267
-8.7704315 -0.5037689 4.3407593
-8.768051 -0.6370697 4.440735
-8.749008 -0.7299042 4.512146
-8.670456 -0.9846039 4.7192383
-8.691879 -1.1417084 4.890625
-8.63237 -1.2654877 4.7382813
-8.679977 -1.3583221 4.769226
-8.682358 -1.4178314 4.7644653
-8.6418915 -1.3392792 4.8287354
-8.594284 -1.1464691 4.8049316
-8.563339 -0.98698425 4.7716064
-8.499069 -0.7870331 4.897766
-8.496689 -0.7370453 4.916809
-8.599045 -0.65849304 4.883484
-8.63237 -0.64897156 4.8049316
-8.658554 -0.70610046 4.878723
-8.668076 -0.6370697 4.8120728
-8.5585785 -0.5799408 4.7335205
-8.472885 -0.51091003 4.7835083
-8.50145 -0.26811218 4.7263794
-8.575241 -0.06340027 4.769226
-8.6418915 0.17701721 4.6644897
-8.572861 0.19606018 4.395508
-8.515732 0.14845276 4.0265503
-8.522873 0.10560608 3.8980103
-8.582382 -0.06816101 3.9503784
-8.580002 -0.15623474 4.0932007
-8.446701 -0.38713074 4.224121
-8.320541 -0.6108856 4.4573975
-8.222946 -0.92271423 4.685913
-8.215805 -0.95365906 4.807312
-8.165817 -1.0179291 4.7716064
-8.24675 -1.0631561 4.8168335
-8.332443 -1.1226654 4.7906494
-8.30864 -1.0988617 4.6168823
-8.315781 -1.2012177 4.497864
-8.234848 -1.351181 4.5335693
-8.187241 -1.3321381 4.5359497
-8.1610565 -1.2559662 4.376465
-8.208664 -1.1726532 4.3098145
-8.263412 -1.1821747 4.4121704
-8.237228 -1.2512054 4.6168823
-8.122971 -1.3916473 4.6882935
-7.9230194 -1.7058563 4.807312
-7.887314 -1.9200897 4.769226
-7.8658905 -2.0510101 4.7263794
-7.9444427 -2.172409 4.628784
-7.996811 -2.2961884 4.693054
-7.9182587 -2.3271332 4.7144775
-7.727829 -2.4747162 4.674011
-7.592148 -2.6413422 4.6954346
-7.4421844 -2.8674774 4.7406616
-7.3898163 -3.0626678 4.678772
-7.4826508 -3.3816376 4.6383057
-7.4826508 -3.8886566 4.819214
-7.2755585 -4.186203 4.904907
-7.0184784 -4.5170746 4.8239746
-7.016098 -4.5599213 4.659729
-7.239853 -4.4980316 4.6168823
-7.427902 -4.538498 4.7001953
-7.3779144 -4.7360687 4.7668457
-7.254135 -5.1050262 4.6002197
-7.1041718 -5.3882904 4.8025513
-6.9470673 -5.3121185 4.8858643
-6.8661346 -5.155014 5.107239
-6.7994843 -5.135971 5.166748
-6.9042206 -5.135971 5.023926
-7.0446625 -5.1145477 4.904907
-6.9756317 -5.00029 4.481201
-6.830429 -5.124069 4.1741333
-6.7613983 -5.4263763 4.1955566
-6.6995087 -5.609665 4.557373
-6.3781586 -5.481125 4.640686
-6.163925 -5.712021 4.781128
-6.1091766 -6.0381317 4.633545
-6.2186737 -6.130966 4.3812256
-6.3591156 -6.2285614 4.295532
-6.3067474 -6.4404144 4.466919
-6.0425262 -6.597519 4.716858
-5.578354 -6.718918 4.8739624
-5.1141815 -6.92601 4.690674
-4.8904266 -7.206894 4.671631
-4.8904266 -7.611557 4.440735
-5.0618134 -7.9210052 4.2384033
-5.2165375 -8.244736 4.378845
-5.2498627 -8.216171 4.421692
-4.9404144 -8.068588 4.6430664
-4.4286346 -7.9876556 4.800171
-4.2739105 -7.911484 4.709717
-4.283432 -7.9924164 4.6192627
-4.2358246 -8.478012 4.4335938
-4.3953094 -9.087387 4.3359985
-4.411972 -9.413498 4.550232
-4.0953827 -8.982651 3.921814
-3.9001923 -8.946945 4.543091
-3.814499 -8.804123 5.012024
-3.4264984 -9.187363 4.497864
-3.2908173 -9.722946 4.0098877
-3.43602 -9.899094 3.7861328
-3.7692719 -10.168076 4.40979
-3.75737 -10.010971 4.5930786
-3.4122162 -9.815781 4.883484
-2.9075775 -9.718185 5.0167847
-2.6909637 -9.87767 4.7858887
-2.6719208 -10.158554 4.183655
-2.7957 -10.763168 4.1312866
-2.9218597 -10.929794 4.2764893
-2.85997 -10.713181 4.4907227
-2.6695404 -10.446579 4.8692017
-2.4910126 -10.115707 4.902527
-2.3196259 -9.915756 4.959656
-2.2863007 -9.856247 5.0096436
-2.3957977 -9.93718 4.7454224
-2.3815155 -10.037155 4.6644897
-2.2863007 -10.165695 4.569275
-2.0673065 -9.963364 4.5597534
-2.0077972 -9.649155 4.7263794
-2.031601 -9.577744 5.0167847
-1.8673553 -9.137375 4.79303
-1.8340302 -9.220688 5.012024
-1.8530731 -9.611069 5.076294
-1.864975 -9.542038 4.307434
-1.6316986 -9.501572 3.857544
-1.7221527 -9.737228 4.645447
-1.6483612 -9.644394 4.543091
-1.4793549 -9.392075 4.28125
-1.2889252 -9.651535 4.4907227
-1.3055878 -9.437302 4.3407593
-1.3412933 -9.863388 4.678772
-1.3341522 -9.822922 4.712097
-1.2389374 -9.853867 4.8358765
-1.1222992 -9.772934 4.693054
-1.0937347 -9.846725 4.909668
-1.0723114 -9.770554 4.6549683
-1.0865936 -9.94194 4.723999
-1.19133 -9.884811 4.4502563
-1.0937347 -9.784836 4.1550903
-1.1008759 -10.291855 4.723999
-1.0770721 -9.651535 4.3288574
-1.0270844 -9.815781 4.845398
-1.1032562 -9.649155 5.0810547
-1.0294647 -9.530136 4.8477783
-0.9913788 -9.575363 4.6549683
-0.9723358 -9.694382 4.531189
-1.0627899 -9.782455 4.462158
-1.0270844 -9.737228 4.1693726
-0.9842377 -9.765793 4.690674
-0.9913788 -9.353989 4.583557
-0.99375916 -9.246872 4.678772
-0.89378357 -9.211166 4.621643
-0.91282654 -9.368271 4.8882446
-0.8604584 -9.213547 4.4264526
-0.8247528 -9.5134735 4.395508
-0.89616394 -9.689621 4.621643
-0.8437958 -9.325424 4.2788696
-0.8176117 -9.087387 4.3169556
-0.8985443 -8.994553 4.7073364
-0.85569763 -9.008835 4.633545
-0.89616394 -8.944565 4.4002686
-0.81285095 -9.287338 4.7144775
-0.8152313 -9.289719 4.4692993
-0.7176361 -9.396835 4.564514
-0.68193054 -9.4254 4.6049805
-0.6676483 -9.403976 4.6882935
-0.6628876 -9.632492 4.9144287
-0.56529236 -11.186874 5.685669
-1.2722626 -11.177353 6.4902344
-1.1508636 -7.7043915 1.8318481
-0.46531677 -9.451584 4.769226
-0.82237244 -9.706284 6.4854736
-0.8152313 -8.91124 4.6121216
-0.6771698 -9.520615 4.735901
-0.7033539 -9.68248 4.5216675
-0.95329285 -9.651535 4.2979126
-0.9913788 -9.694382 4.8358765
-0.89378357 -9.323044 4.8668213
-0.8271332 -9.006454 4.5335693
-0.6533661 -9.23259 4.7858887
-0.74620056 -9.42778 4.947754
-0.7771454 -9.063583 4.2336426
-0.80570984 -9.387314 4.205078
-0.9080658 -9.382553 4.2145996
-0.77238464 -9.230209 4.3431396
-0.5462494 -9.215927 4.640686
-0.4724579 -9.161179 4.871582
-0.54862976 -9.120712 4.8096924
-0.60575867 -9.089767 4.678772
-0.56529236 -9.065964 4.5359497
-0.5867157 -9.118332 4.6168823
-0.63194275 -9.10405 4.447876
-0.57481384 -9.1707 4.414551
-0.53434753 -9.249252 4.5811768
-0.627182 -9.227829 4.72876
-0.7509613 -9.151657 4.7716064
-0.858078 -9.161179 4.8477783
-0.9651947 -9.213547 4.9715576
-0.9152069 -9.246872 4.9525146
-0.85569763 -9.289719 4.833496
-0.7581024 -9.375412 4.6502075
-0.7676239 -9.394455 4.6002197
-0.7247772 -9.408737 4.5478516
-0.69621277 -9.446823 4.5930786
-0.68193054 -9.49205 4.685913
-0.6509857 -9.42778 4.723999
-0.65812683 -9.3658905 4.781128
-0.64860535 -9.16832 4.788269
-0.5367279 -9.092148 4.7835083
-0.4391327 -8.989792 4.838257
-0.39390564 -8.887436 4.92395
-0.35820007 -8.816025 4.9525146
-0.3724823 -8.746994 4.8930054
-0.3391571 -8.773178 5.031067
-0.25346375 -8.868393 5.1048584
-0.15110779 -9.068344 5.064392
-0.060653687 -9.230209 5.0144043
0.0155181885 -9.344467 4.814453
-0.041610718 -9.315903 4.7525635
-0.12730408 -9.158798 4.6621094
-0.06541443 -9.0707245 4.9072876
-0.013046265 -8.789841 5.1453247
0.16548157 -8.489914 5.3238525
0.46302795 -8.149521 5.62854
0.62013245 -7.611557 5.7023315
0.82722473 -7.449692 5.866577
0.9938507 -7.8829193 5.999878
1.0176544 -8.192368 5.171509
0.80818176 -9.011215 4.416931
0.5011139 -9.913376 3.652832
-0.036849976 -10.341843 3.229126
-0.6533661 -10.406113 2.4769287
-1.0961151 -10.156174 1.7318726
-1.4174652 -9.906235 1.9389648
-1.5341034 -9.04216 2.5150146
-1.5460052 -8.830307 3.1291504
-1.3984222 -9.206406 4.0670166
-0.8675995 -10.00383 4.512146
-0.396286 -10.015732 5.2738647
-0.92710876 -9.963364 5.2667236
-1.2722626 -10.672714 4.331238
-1.5745697 -11.593918 3.8599243
-1.2722626 -12.208054 1.3581543
-2.1625214 -10.939316 -2.9979248
-1.9506683 -15.716721 0.36791992
-1.1580048 -16.906906 0.0037231445
-0.55815125 -14.228989 -1.1602783
-1.5222015 -12.4770355 1.0915527
-2.2339325 -10.658432 2.8625488
-2.1244354 -8.573227 3.5671387
-1.7507172 -7.6924896 3.7694702
-1.3722382 -8.511337 4.1622314
-1.4055634 -10.115707 4.1360474
-1.6316986 -10.829819 3.300537
-1.7459564 -10.682236 3.645691
-1.9601898 -9.830063 4.481201
-2.141098 -8.623215 4.5526123
-2.5410004 -8.044785 3.4195557
-2.9075775 -7.9019623 3.107727
-3.340805 -7.4663544 3.0577393
-3.5050507 -6.630844 3.6028442
-3.4860077 -5.797714 4.017029
-3.4788666 -6.123825 3.4433594
-3.1884613 -6.8950653 3.3909912
-2.7647552 -7.6067963 3.1934204
-2.4695892 -8.0638275 3.883728
-2.1268158 -7.7829437 5.2595825
-1.9054413 -6.404709 6.3878784
-1.7078705 -4.7170258 7.3828735
-1.5341034 -3.1626434 8.77063
-1.31987 -2.1414642 9.941772
-1.2389374 -1.9891205 11.08197
-1.0508881 -2.0605316 11.46759
-0.7414398 -1.7986908 10.851074
-0.30107117 -2.1152802 10.605896
-0.060653687 -2.4532928 9.929871
-0.13920593 -2.7841644 9.399048
-0.58195496 -3.0388641 9.168152
-1.0675507 -2.8174896 9.018188
-1.2056122 -2.6199188 9.810852
-1.1318207 -2.1605072 9.660889
-0.6438446 -1.9557953 9.458557
-0.34391785 -0.77275085 8.3064575
-0.9723358 -2.5342255 13.240967
-1.3865204 -2.6246796 13.797974
0.12025452 -3.2745209 11.08197
1.3628082 -3.936264 9.848938
1.5937042 -3.7482147 9.470459
1.2794952 -3.1197968 8.839661
0.3368683 -2.8079681 8.675415
-0.62242126 -2.8746185 9.320496
-1.069931 -3.179306 9.532349
Time Stop = 1457235671
