Time Start = 1987
-0.28440857 -2.0557709 9.513306
-1.0175629 -2.1176605 9.308594
-1.8411713 -1.8677216 9.327637
-2.0863495 -1.4892426 9.527588
-1.9173431 -1.3464203 9.596619
-1.5745697 -1.6582489 9.546631
-1.4269867 -1.9367523 9.453796
-1.5412445 -2.0295868 9.558533
-1.6126556 -1.9034271 9.753723
-1.6816864 -1.7629852 9.903687
-1.6364594 -1.6582489 9.979858
-1.615036 -1.6439667 9.948914
-1.6174164 -1.582077 9.910828
-1.6055145 -1.5035248 9.877502
-1.6078949 -1.3678436 9.858459
-1.634079 -1.3035736 9.86084
-1.615036 -1.3940277 9.791809
-1.5936127 -1.5892181 9.753723
-1.5079193 -1.7129974 9.720398
-1.4079437 -1.8201141 9.679932
-1.4055634 -1.9105682 9.598999
-1.4626923 -1.9676971 9.622803
-1.4793549 -1.9438934 9.563293
-1.5031586 -1.8748627 9.615662
-1.467453 -1.6915741 9.701355
-1.3817596 -1.498764 9.675171
-1.3698578 -1.2297821 9.768005
-1.3531952 -1.1726532 10.089355
-1.3032074 -1.0893402 9.827515
-1.2984467 -1.1940765 10.18219
-1.1175385 -1.0155487 10.175049
-0.91996765 -1.2012177 10.239319
-0.7700043 -1.5297089 10.272644
-0.7009735 -1.812973 10.677307
-0.74620056 -2.0510101 11.124817
-0.65574646 -2.165268 11.738953
-0.44151306 -2.0462494 11.893677
-0.28678894 -1.8796234 12.1936035
-0.23918152 -1.7963104 12.184082
-0.5938568 -1.9915009 11.991272
-0.8247528 -2.5389862 11.986511
-0.77952576 -3.1007538 12.281677
-0.21061707 -3.4173431 12.295959
1.3413849 -3.7339325 12.262634
2.6077423 -4.16716 11.472351
3.4837189 -4.9860077 11.21051
2.3459015 -5.90007 10.751099
1.431839 -5.026474 9.865601
0.822464 -3.8553314 9.560913
0.49397278 -3.2197723 9.02771
0.8367462 -3.8029633 8.692078
1.6365509 -4.7551117 8.827759
1.9340973 -5.6715546 9.315735
1.4699249 -6.2737885 9.3776245
1.0295563 -6.3713837 9.370483
0.9295807 -6.1595306 9.408569
1.2057037 -5.96196 9.184814
1.579422 -5.7167816 8.144592
1.6770172 -5.552536 7.0401
1.5532379 -5.5287323 6.0213013
1.303299 -5.776291 5.416687
1.2771149 -6.3642426 5.0096436
1.3842316 -7.290207 4.8882446
1.6722565 -8.061447 5.173889
1.957901 -8.423264 5.3500366
2.131668 -8.287582 5.730896
2.086441 -7.7758026 6.226013
2.0745392 -7.2759247 6.4854736
2.0697784 -6.757004 6.5949707
1.9364777 -6.809372 6.878235
1.5746613 -7.135483 6.8449097
1.2104645 -7.6972504 6.359314
0.9200592 -8.242355 6.071289
0.9533844 -8.539902 5.9713135
1.2723541 -8.501816 5.8760986
1.5699005 -8.223312 5.992737
1.534195 -7.8900604 6.0879517
1.5175323 -7.668686 6.178406
1.3747101 -7.4925385 6.0689087
1.348526 -7.225937 5.88562
1.5270538 -6.906967 5.659485
1.5889435 -6.676071 5.6904297
1.3080597 -6.630844 5.409546
1.0033722 -6.9212494 5.2857666
0.6486969 -7.259262 4.959656
0.508255 -7.399704 4.5359497
0.4273224 -7.5520477 4.2407837
0.4178009 -7.816269 4.08844
0.3106842 -8.180466 3.8361206
0.21546936 -8.299484 3.7766113
0.23927307 -8.506577 3.6195068
0.4749298 -8.630356 3.9075317
0.56300354 -8.508957 4.0908203
0.73677063 -8.582748 4.2526855
0.822464 -8.711288 4.269348
0.8153229 -8.835068 4.459778
0.7700958 -8.944565 4.5026245
0.72010803 -9.008835 4.2026978
0.67726135 -9.268295 4.1812744
0.73439026 -9.239731 3.8551636
0.7462921 -9.018356 3.5766602
0.7129669 -8.796982 3.6171265
0.47731018 -8.677963 3.7908936
0.42018127 -8.735092 3.5671387
0.40827942 -8.965988 3.395752
0.4273224 -9.373032 3.152954
0.33448792 -9.722946 3.1791382
0.15119934 -9.563461 3.1029663
-0.11778259 -9.465866 3.4695435
-0.4058075 -9.587265 3.569519
-0.7176361 -9.711044 3.145813
-0.9056854 -9.561081 2.8625488
-0.99375916 -9.927658 3.3362427
-1.1865692 -10.201401 3.614746
-1.3174896 -10.482285 3.8742065
-1.595993 -10.808395 3.9908447
-1.7078705 -10.77507 5.3762207
-1.6602631 -10.310898 3.6861572
-1.5150604 -10.382309 3.2338867
-1.7411957 -10.444199 3.236267
-1.7364349 -10.099045 3.312439
-1.7388153 -9.663437 2.876831
-1.8935394 -10.301376 3.3100586
-1.8625946 -11.227341 2.7601929
-1.6935883 -11.881943 2.8078003
-1.5269623 -12.146164 2.8625488
-1.3984222 -12.355637 3.2196045
-1.3960419 -12.665085 3.4100342
-1.2294159 -12.807907 3.5409546
-1.0366058 -12.793625 3.6742554
-0.8342743 -12.553207 3.6409302
-0.5962372 -12.436569 3.4576416
-0.36772156 -12.317551 3.1886597
-0.020187378 -12.324692 3.3029175
0.35353088 -12.298508 3.6195068
0.6629791 -12.112839 3.7575684
1.0271759 -11.8867035 4.083679
1.2271271 -11.793869 4.295532
1.5508575 -11.465378 4.2336426
1.9293365 -11.101181 4.481201
2.3792267 -10.741745 4.557373
2.8410187 -10.634628 4.628784
3.2837677 -10.427536 4.8501587
3.8574371 -9.970505 5.0929565
4.4549103 -9.353989 5.288147
4.785782 -8.670822 5.5095215
4.819107 -8.113815 5.526184
4.8667145 -7.894821 5.7356567
4.9357452 -7.6734467 5.7856445
5.235672 -7.2164154 5.571411
5.583206 -6.3451996 5.742798
5.8474274 -5.731064 6.283142
6.094986 -5.32164 6.5164185
6.2520905 -5.057419 6.7663574
6.2854156 -5.057419 6.8306274
6.306839 -4.731308 6.711609
6.3496857 -4.1814423 6.7544556
6.6305695 -3.3435516 6.673523
6.8614655 -2.800827 6.8115845
6.9543 -2.4747162 6.706848
6.882889 -2.0938568 6.628296
6.7924347 -1.8272552 6.616394
6.794815 -1.4749603 6.3759766
6.847183 -1.2154999 6.295044
6.9590607 -0.99412537 6.1879272
6.942398 -0.8417816 6.07605
7.0233307 -0.6108856 5.8546753
7.0090485 -0.46568298 5.7713623
7.1304474 -0.31095886 5.742798
7.2661285 -0.080062866 5.685669
7.3232574 0.19844055 5.7523193
7.301834 0.4412384 5.5880737
7.294693 0.51026917 5.723755
7.166153 0.6221466 5.526184
7.1685333 0.66023254 5.3928833
7.2970734 0.7792511 5.026306
7.3827667 0.86494446 4.9715576
7.2780304 0.90779114 5.0167847
7.2351837 1.0315704 4.833496
7.0995026 1.0791779 5.031067
7.025711 1.3267365 5.0548706
7.056656 1.3743439 5.1453247
7.1423492 1.3981476 5.1167603
7.1256866 1.426712 5.1239014
7.2137604 1.6385651 5.076294
7.242325 1.8170929 5.2786255
7.287552 1.9337311 5.3119507
7.1875763 1.9622955 5.3762207
7.0995026 2.0836945 5.3500366
7.0209503 1.9622955 5.366699
7.097122 1.8813629 5.3309937
7.199478 1.8932648 5.2857666
7.2518463 1.9765778 5.2453003
7.2328033 2.1051178 5.3309937
7.180435 2.2312775 5.338135
6.999527 2.37648 5.3547974
6.897171 2.5312042 5.254822
6.9543 2.7573395 5.007263
6.9757233 2.7525787 5.185791
6.9543 2.5764313 5.007263
7.056656 2.4240875 4.9525146
7.0685577 2.426468 4.940613
7.025711 2.2431793 5.321472
7.1756744 2.5883331 5.1881714
7.21138 2.7335358 5.321472
7.185196 2.7240143 5.1619873
7.223282 2.793045 5.007263
7.21138 2.9239655 5.0548706
7.1828156 2.9311066 5.1429443
7.242325 2.9834747 5.064392
7.263748 2.9691925 5.135803
7.294693 2.8715973 5.1429443
7.3542023 2.721634 4.959656
7.3042145 2.7240143 4.9191895
7.249466 2.9501495 4.8096924
7.1114044 3.2905426 4.8025513
6.9900055 3.5214386 4.754944
6.9066925 3.6928253 4.6573486
6.9447784 3.8285065 4.3240967
6.8924103 3.9356232 4.255066
6.897171 4.1617584 4.269348
6.878128 4.383133 4.4264526
6.885269 4.666397 4.735901
6.870987 4.8020782 4.9763184
6.8686066 4.890152 4.942993
6.870987 4.863968 4.904907
6.968582 4.885391 4.7906494
6.8924103 4.863968 4.7192383
6.813858 4.761612 4.633545
6.799576 4.6187897 4.557373
6.8043365 4.466446 4.376465
6.7210236 4.390274 4.319336
6.6996 4.4378815 4.352661
6.6496124 4.659256 4.3050537
6.5662994 4.985367 4.4264526
6.4758453 5.282913 4.4383545
6.363968 5.442398 4.4764404
6.275894 5.382889 4.2979126
6.106888 5.2710114 4.114624
6.1497345 5.151993 3.9265747
6.0973663 5.00679 3.8075562
6.159256 5.030594 3.709961
6.049759 4.9972687 3.6385498
5.8878937 5.0401154 3.5123901
5.664139 4.9948883 3.5933228
5.549881 5.1448517 3.671875
5.318985 4.9377594 3.5457153
5.3237457 4.5807037 3.0744019
5.504654 4.5164337 3.1315308
5.48085 5.121048 2.9958496
5.3856354 5.5995026 3.0267944
5.249954 5.8303986 3.0029907
5.145218 5.8732452 2.9244385
5.1928253 5.885147 2.8625488
5.3594513 6.089859 2.876831
5.4189606 6.1446075 2.9268188
5.3427887 6.0850983 2.895874
5.3237457 6.0422516 2.7887573
5.3047028 5.844681 2.7601929
5.4189606 5.7089996 2.6744995
5.5594025 5.6709137 2.710205
5.5974884 5.820877 2.6697388
5.537979 5.975601 2.7316284
5.485611 6.139847 2.8101807
5.564163 6.22554 2.80542
5.754593 6.35408 2.9196777
5.878372 6.4730988 2.9291992
5.942642 6.558792 2.9934692
5.852188 6.539749 2.8911133
5.7593536 6.5944977 2.9053955
5.659378 6.54451 2.8673096
5.6427155 6.461197 2.9553833
5.645096 6.4278717 2.888733
5.683182 6.3802643 2.838745
5.716507 6.4278717 2.86969
5.7188873 6.539749 2.9363403
5.8093414 6.563553 2.8458862
5.818863 6.5540314 2.8078003
5.7831573 6.5278473 2.6673584
5.685562 6.373123 2.6126099
5.704605 6.3802643 2.5269165
5.7450714 6.2993317 2.4864502
5.8736115 6.268387 2.6245117
5.947403 6.1898346 2.626892
5.8498077 6.1136627 2.7197266
5.878372 6.0470123 2.7530518
5.8736115 5.9851227 2.8173218
5.8164825 6.056534 2.774475
5.768875 6.146988 2.8530273
5.7974396 6.1684113 2.9053955
5.837906 6.2160187 2.8815918
5.935501 6.313614 3.0339355
5.9378815 6.4064484 3.0529785
5.8355255 6.3564606 3.043457
5.811722 6.28981 2.9291992
5.92836 6.1945953 2.8673096
6.102127 6.308853 2.9006348
6.190201 6.4135895 2.9434814
6.152115 6.41597 2.9887085
6.1235504 6.358841 2.9291992
6.0783234 6.244583 2.9125366
6.0354767 6.187454 2.7982788
6.025955 6.2588654 2.8530273
6.004532 6.2136383 2.8006592
5.999771 6.263626 2.8101807
5.8545685 6.218399 2.8197021
5.8402863 6.206497 2.7982788
5.859329 6.1779327 2.8006592
5.9712067 6.1755524 2.7173462
5.8997955 6.077957 2.7958984
5.7450714 6.03273 2.8363647
5.6617584 6.0160675 2.8101807
5.704605 6.011307 2.8458862
5.776016 6.018448 2.7720947
5.8164825 6.0017853 2.626892
5.852188 6.018448 2.7697144
5.7855377 6.146988 2.8339844
5.7593536 6.237442 2.9887085
5.723648 6.3874054 2.9458618
5.633194 6.4254913 2.9315796
5.549881 6.461197 2.9315796
5.518936 6.525467 2.9315796
5.497513 6.513565 2.786377
5.3999176 6.475479 2.7387695
5.583206 6.6516266 2.6030884
5.67128 6.7468414 2.722107
5.685562 6.668289 2.6792603
5.599869 6.518326 2.6554565
5.5213165 6.3183746 2.6673584
5.5784454 6.2969513 2.729248
5.6236725 6.192215 2.8625488
5.678421 6.1755524 2.8435059
5.7641144 6.1112823 2.793518
5.8474274 6.101761 2.8625488
5.837906 6.0850983 2.8625488
5.6998444 6.077957 2.8863525
5.580826 5.9636993 2.8601685
5.5451202 5.866104 2.6983032
5.626053 5.801834 2.6173706
5.6617584 5.7542267 2.5340576
5.6879425 5.749466 2.4769287
5.599869 5.8113556 2.4317017
5.5094147 5.742325 2.3174438
5.3856354 5.659012 2.2555542
5.2570953 5.6066437 2.1531982
5.2761383 5.6423492 2.2531738
5.3475494 5.782791 2.2960205
5.409439 5.723282 2.5340576
5.518936 5.5876007 2.7340088
5.530838 5.230545 2.8649292
5.5736847 4.8163605 2.9077759
5.5070343 4.4569244 2.9506226
5.4879913 4.295059 2.9482422
5.4951324 4.3474274 3.0482178
5.626053 4.459305 3.286255
5.7260284 4.5783234 3.4076538
5.773636 4.6997223 3.5195313
5.709366 4.7401886 3.7052002
5.6093903 4.7473297 3.8075562
5.4237213 4.7068634 3.909912
5.2904205 4.6997223 3.876587
5.326126 4.844925 4.102722
5.4070587 4.806839 4.2074585
5.5355988 4.8758698 4.102722
5.5713043 4.8354034 3.9384766
5.5475006 4.7401886 3.679016
5.6165314 4.5926056 3.679016
5.60701 4.7330475 3.6885376
5.492752 4.94252 3.8908691
5.5022736 5.401932 3.883728
5.6165314 6.0208282 3.7313843
5.954544 6.6706696 3.5838013
6.3020782 7.3109894 3.3814697
6.4306183 7.0681915 4.076538
6.492508 6.692093 4.2026978
6.397293 6.1255646 4.2860107
6.340164 5.3947906 4.7835083
6.2401886 4.647354 5.2143555
6.1306915 4.0903473 5.3881226
6.004532 3.5595245 5.3309937
5.811722 3.0501251 5.390503
5.7974396 2.543106 5.314331
5.9116974 2.0456085 5.3357544
6.023575 1.4076691 5.3238525
5.935501 0.6411896 5.5785522
5.7403107 -0.12767029 5.788025
5.5927277 -1.0060272 6.2141113
5.390396 -2.1248016 6.454529
5.292801 -3.1126556 6.354553
5.3285065 -3.9838715 6.223633
5.454666 -4.3623505 5.7546997
5.5403595 -4.448044 5.402405
5.6569977 -4.590866 5.281006
5.5451202 -5.0693207 5.0620117
5.28804 -6.071457 4.9691772
5.1095123 -6.9164886 4.6644897
4.909561 -8.092392 4.6359253
4.735794 -9.384933 4.5026245
4.464432 -10.034775 4.7001953
4.2073517 -9.922897 4.6954346
3.8717194 -9.204025 5.1239014
3.2718658 -8.796982 5.090576
3.0695343 -8.566086 5.530945
2.6862946 -8.408981 5.697571
2.3863678 -8.727951 6.037964
2.2625885 -9.394455 6.2093506
2.214981 -10.115707 6.2783813
2.1031036 -10.922653 6.456909
1.7555695 -11.3535 6.1760254
1.2723541 -11.9509735 5.9451294
0.9843292 -12.350876 5.571411
0.7653351 -12.546066 5.159607
0.64393616 -12.531784 5.428589
0.6248932 -12.536545 5.2714844
0.5677643 -12.755539 5.4071655
0.52253723 -12.984055 5.69281
0.44874573 -13.055466 5.576172
0.33210754 -13.186386 5.390503
0.25593567 -13.200668 5.0810547
0.25831604 -12.793625 5.1381836
0.32496643 -12.24614 5.1453247
0.4273224 -11.758163 5.3547974
0.5320587 -11.101181 5.3095703
0.52253723 -10.715561 5.383362
0.56300354 -10.465622 5.5
0.5987091 -10.279953 5.469055
0.58680725 -10.19902 5.4571533
0.6010895 -9.922897 5.3952637
0.53681946 -9.627731 5.2024536
0.4749298 -9.394455 4.8311157
0.47731018 -9.208786 4.550232
0.3773346 -9.115952 4.4050293
0.3773346 -8.920761 4.378845
0.3035431 -8.808884 4.462158
0.27497864 -8.649399 4.6882935
0.18928528 -8.416122 4.6502075
0.013137817 -8.325668 4.8239746
-0.13920593 -8.220932 4.98584
-0.31059265 -8.020981 5.083435
-0.4129486 -7.9471893 5.352417
-0.42723083 -7.9947968 5.423828
-0.4296112 -7.975754 5.428589
-0.5962372 -7.940048 5.3309937
-0.8104706 -8.054306 5.1881714
-0.89378357 -7.271164 5.1810303
-1.3912811 -8.770798 8.780151
-1.4531708 -10.677475 6.5116577
-0.96043396 -11.667709 4.633545
-0.31059265 -11.055954 4.4526367
-0.41056824 -9.592026 5.473816
-0.95329285 -8.544662 6.2474365
-1.3436737 -8.099533 6.064148
-1.4555511 -8.516098 5.82135
-1.1103973 -9.17308 5.7261353
-0.99375916 -9.261154 5.6713867
-1.0746918 -9.327805 5.4714355
-1.2056122 -9.403976 5.5238037
-1.2198944 -9.577744 5.2595825
-1.0413666 -9.389694 5.402405
-1.2508392 -8.65892 4.2764893
-1.5793304 -8.40184 4.250305
-1.7292938 -7.785324 4.7835083
-2.2910614 -7.7567596 5.595215
-2.7861786 -8.363754 5.82135
-3.1360931 -9.1349945 5.450012
-3.386032 -9.456345 5.250061
-3.6645355 -9.415878 5.533325
-3.904953 -9.29924 5.3095703
-4.154892 -9.411118 5.128662
-4.1953583 -9.594406 4.954895
-4.0358734 -9.5967865 5.088196
-3.7288055 -9.246872 5.083435
-3.4264984 -8.746994 5.004883
-3.2194061 -8.361374 5.069153
-3.1456146 -7.892441 5.1239014
-2.9932709 -7.5187225 5.428589
-2.6147919 -6.9545746 5.88562
-2.2720184 -6.3832855 6.437866
-2.0268402 -5.9714813 6.6759033
-1.7507172 -5.881027 6.6640015
-1.4936371 -6.052414 6.6378174
-1.172287 -6.1642914 6.833008
-0.94615173 -6.211899 7.0043945
-0.82951355 -6.2285614 7.1186523
-0.7342987 -6.0928802 7.6851807
-0.63194275 -5.6334686 8.175537
-0.46769714 -5.307358 8.415955
-0.15110779 -5.0669403 8.330261
0.4915924 -4.924118 7.842285
1.3437653 -4.8003387 7.29718
2.0055084 -4.7717743 6.987732
2.3887482 -4.943161 6.5545044
2.245926 -5.2811737 6.499756
1.8126984 -5.916733 6.4521484
1.2961578 -6.6855927 6.01178
0.9557648 -7.259262 5.633301
0.86531067 -7.7424774 5.519043
1.1509552 -7.8638763 5.0167847
1.7793732 -7.3259125 4.1884155
2.1411896 -6.7760468 4.0717773
Time Stop = 1992
