Time Start = 459
-0.09159851 1.6504669 10.43927
-0.5962372 0.63642883 9.687073
-0.9651947 -0.15861511 9.080078
-0.95329285 -0.31333923 9.011047
-0.7771454 -0.23716736 8.784912
-0.8318939 -0.20622253 8.801575
-1.0865936 -0.0110321045 8.758728
-1.0770721 0.12226868 8.839661
-0.95329285 0.119888306 8.913452
-0.91282654 0.14607239 8.939636
-0.8485565 0.2103424 8.982483
1.2366486 -0.122909546 9.075317
-0.66526794 0.29603577 8.842041
-1.6126556 0.11274719 9.037231
-1.8578339 -0.08958435 8.877747
-1.845932 -0.2752533 8.806335
-1.2579803 -0.4799652 9.180054
-0.70573425 -0.5061493 9.41333
-0.9056854 -0.43473816 9.660889
-1.3365326 -0.16099548 9.577576
-1.6269379 -0.41093445 9.596619
-1.8387909 -0.44664 9.594238
-1.6174164 -0.2086029 9.0824585
-1.3722382 -0.3895111 9.425232
-1.3865204 -0.40379333 9.375244
-1.4888763 -0.42521667 9.227661
-1.8149872 -0.76322937 9.22052
-2.2529755 -1.0226898 8.89917
-2.640976 -1.1369476 8.568298
-2.8813934 -1.2440643 8.282654
-2.8480682 -1.3845062 7.892273
-2.5552826 -1.5915985 7.063904
-2.3957977 -1.8558197 6.52594
-2.41008 -1.8724823 6.5735474
-2.3957977 -1.3630829 6.9210815
-2.2339325 -1.0512543 7.3043213
-2.0077972 -1.120285 7.2471924
-1.8697357 -1.4368744 7.0353394
-1.884018 -1.5535126 6.880615
-1.845932 -1.1797943 6.942505
-1.9506683 -0.67515564 7.244812
-2.0411224 -0.47044373 7.149597
-2.2006073 -0.69895935 7.3067017
-2.4267426 -1.0155487 7.3376465
-2.6100311 -1.3321381 7.5875854
-2.743332 -1.72966 7.968445
-2.8504486 -1.8296356 8.080322
-2.9504242 -2.1938324 8.630188
-3.1360931 -2.1866913 8.942017
-3.4503021 -2.0867157 9.203857
-3.7549896 -2.1938324 9.296692
-4.0620575 -2.5485077 9.199097
-4.2096405 -3.3173676 9.177673
-4.4214935 -4.2409515 9.144348
-4.835678 -4.5051727 8.972961
-4.949936 -4.7551117 9.09436
-4.968979 -4.738449 9.177673
-4.695236 -4.738449 8.687317
-4.481003 -5.181198 8.311218
-4.359604 -5.654892 8.027954
-4.4595795 -5.8619843 8.0112915
-4.5428925 -5.9143524 8.06604
-4.566696 -6.142868 8.308838
-4.7499847 -6.7093964 8.977722
-5.226059 -6.771286 8.906311
-5.3522186 -7.206894 8.273132
-5.2355804 -8.032883 7.68042
-5.2355804 -8.792221 7.0543823
-5.176071 -8.901718 6.5878296
-5.047531 -8.604172 6.71875
-4.835678 -8.27092 7.0162964
-4.6333466 -8.135239 7.566162
-4.5309906 -8.506577 7.442383
-4.726181 -8.744614 6.8234863
-4.880905 -8.770798 6.4926147
-4.859482 -8.727951 6.3426514
-4.661911 -8.59227 6.0355835
-4.438156 -8.394699 6.211731
-4.1763153 -8.332809 6.1450806
-4.181076 -8.639877 6.1641235
-4.5238495 -8.97551 6.2521973
-5.1213226 -9.10881 5.904663
-5.323654 -9.289719 5.4071655
-4.9808807 -9.960983 5.3167114
-4.8332977 -10.591782 5.364319
-5.0546722 -10.529892 5.3809814
-5.475998 -10.346603 5.250061
-5.5640717 -10.249008 5.192932
-5.1594086 -10.4370575 5.012024
-4.930893 -10.51561 4.826355
-5.2332 -10.551315 4.3931274
-5.6450043 -10.360886 3.6861572
-5.6259613 -10.296616 3.1481934
-5.3379364 -10.239487 2.7173462
-5.245102 -10.5203705 2.8601685
-5.733078 -10.360886 2.555481
-6.118698 -10.094284 2.4317017
-6.1401215 -9.801498 2.2912598
-5.604538 -9.530136 1.6937866
-4.904709 -9.580124 1.1748657
-4.759506 -9.787216 0.72735596
-4.995163 -9.630112 0.55596924
-5.092758 -9.077866 0.77734375
-4.7737885 -8.458969 1.0153809
-4.533371 -8.182846 1.3676758
-4.5048065 -8.123337 1.3010254
-4.6523895 -8.39946 1.105835
-4.880905 -8.489914 0.48217773
-4.91185 -8.370895 0.45837402
-4.854721 -7.8067474 0.6178589
-4.7238007 -7.3639984 0.9320679
-4.8451996 -7.3211517 1.4390869
-5.2046356 -7.706772 1.8675537
-5.176071 -8.07811 1.7818604
-5.026108 -8.566086 1.7866211
-5.1403656 -8.447067 1.8604126
-5.2998505 -8.387558 2.2269897
-5.335556 -8.697006 2.3341064
-5.316513 -8.920761 2.1936646
-5.2760468 -8.9874115 2.426941
-5.347458 -8.7827 2.498352
-5.4022064 -8.72319 2.5769043
-5.3498383 -9.0516815 2.7340088
-5.271286 -9.349228 2.6316528
-5.2546234 -8.999313 2.767334
-5.123703 -8.706528 2.7768555
-4.9523163 -8.811264 2.5054932
-4.899948 -9.29924 2.4317017
-4.9594574 -9.413498 2.6792603
-4.8309174 -9.211166 2.8554077
-4.7666473 -9.130234 3.1220093
-4.5571747 -8.985031 3.7861328
-4.680954 -8.577988 3.864685
-4.6143036 -8.549423 4.043213
-4.688095 -8.59227 3.5004883
-4.764267 -8.892197 3.2648315
-4.9023285 -8.951706 2.941101
-4.9332733 -8.91124 3.0910645
-4.930893 -9.0516815 3.0625
-5.0618134 -9.087387 2.9910889
-5.302231 -8.744614 3.1958008
-5.2474823 -8.713669 3.3481445
-5.4545746 -8.01384 3.6623535
-5.0237274 -7.644882 4.7478027
-4.795212 -8.239975 5.6261597
-4.392929 -8.049545 5.6951904
-4.3238983 -8.389938 5.5476074
-4.647629 -8.46373 4.8739624
-3.9263763 -9.927658 4.7835083
-3.8692474 -10.060959 4.73114
-4.502426 -9.011215 4.7716064
-4.609543 -7.642502 4.704956
-4.3643646 -7.918625 4.166992
-4.46196 -8.46611 3.5385742
-4.6404877 -8.537521 3.3148193
-4.907089 -8.704147 3.5100098
-5.0237274 -8.708908 3.819458
-5.073715 -8.599411 4.3859863
-5.176071 -8.713669 4.3883667
-5.7235565 -9.23259 4.1289063
-6.232956 -11.0464325 4.205078
-5.971115 -11.727219 4.312195
-5.835434 -11.127365 4.5169067
-5.5497894 -10.844101 4.7644653
-5.2093964 -11.132126 4.9525146
-4.9737396 -11.370163 5.0429688
-4.7023773 -11.441574 5.2595825
-4.4143524 -11.324936 5.5285645
-4.1905975 -11.174973 5.5547485
-3.8906708 -11.065475 5.4952393
-3.6907196 -10.972641 5.62854
-3.6931 -10.979782 5.571411
-3.6193085 -10.875046 5.4833374
-3.5574188 -10.860764 5.3167114
-3.552658 -10.765549 5.295288
-3.4503021 -10.441818 5.159607
-3.1694183 -10.439438 4.8668213
-2.9385223 -10.608444 4.545471
-2.7361908 -10.594162 4.4240723
-2.4910126 -10.348984 4.443115
-2.3577118 -10.249008 4.5026245
-2.3101044 -10.32518 4.338379
-2.1839447 -10.313278 4.224121
-2.1768036 -10.246628 4.4312134
-2.0482635 -10.163315 4.390747
-1.9649506 -10.310898 4.5288086
-1.6674042 -10.3228 4.397888
-1.3174896 -10.360886 4.4074097
-1.1032562 -9.668198 4.8120728
-0.7700043 -8.956467 5.1000977
-0.62480164 -8.697006 5.4190674
-0.5272064 -9.68486 6.0308228
-0.59861755 -9.882431 5.4523926
-0.6105194 -9.03978 4.3098145
-0.1915741 -8.668442 4.2407837
0.24403381 -8.766037 4.352661
0.5677643 -8.6922455 4.171753
0.6796417 -8.568466 4.6359253
0.50587463 -8.347092 5.7070923
0.40827942 -8.2947235 6.2022095
0.43684387 -8.6922455 5.7332764
0.56062317 -9.227829 5.338135
0.74391174 -8.754135 4.750183
0.9224396 -8.170944 4.314575
1.1890411 -7.6734467 4.2764893
1.4913483 -7.6353607 4.4383545
1.7436676 -7.7377167 4.236023
1.7603302 -8.154282 4.776367
1.541336 -8.489914 5.430969
1.4794464 -8.549423 5.7023315
1.4889679 -8.154282 5.661865
1.6484528 -7.6067963 5.4190674
1.9483795 -6.971237 5.166748
2.2483063 -6.585617 4.9834595
2.4411163 -6.945053 4.9072876
2.5172882 -7.2925873 4.6168823
2.476822 -7.8472137 4.8739624
2.4030304 -7.9876556 5.378601
2.393509 -8.132858 6.1260376
2.586319 -8.123337 6.5949707
2.805313 -7.573471 6.6901855
2.9362335 -7.0188446 6.6187744
3.1171417 -6.609421 5.9260864
3.2313995 -6.7308197 5.4952393
3.286148 -7.047409 5.0977173
3.3337555 -7.3711395 5.128662
3.3408966 -7.3330536 5.235779
3.4170685 -6.9736176 5.7070923
3.5598907 -6.885544 6.0236816
3.8812408 -6.906967 5.9570313
3.9407501 -5.731064 5.8760986
4.5001373 -7.059311 6.4140625
4.4192047 -7.2164154 5.56427
4.2002106 -6.7760468 5.5166626
4.214493 -6.3904266 5.5214233
4.221634 -6.399948 5.409546
4.3216095 -6.5499115 5.2714844
4.542984 -6.3142548 5.552368
4.8167267 -6.3309174 5.776123
5.0714264 -6.590378 5.9641724
5.1737823 -6.521347 5.745178
5.0000153 -6.3642426 5.807068
4.7310333 -6.0500336 5.711853
4.569168 -5.726303 5.5428467
4.633438 -5.5930023 5.43573
4.77388 -5.5096893 5.090576
4.9833527 -5.507309 4.973938
4.947647 -5.5096893 5.05011
5.1356964 -5.4525604 5.0739136
5.102371 -5.250229 5.549988
5.0523834 -5.0859833 6.018921
5.1166534 -5.012192 6.242676
5.268997 -5.3430634 5.828491
5.3665924 -5.623947 5.281006
5.3023224 -5.390671 4.9382324
5.254715 -5.243088 4.9072876
5.1809235 -5.2930756 5.0929565
5.1166534 -5.200241 5.2929077
5.197586 -5.250229 5.3309937
5.2190094 -5.2621307 5.56427
5.333267 -5.2549896 5.7070923
5.435623 -5.219284 6.01416
5.5070343 -5.181198 6.040344
5.6308136 -5.2668915 5.8618164
5.7403107 -5.1335907 5.718994
5.818863 -4.8431854 5.7213745
5.830765 -4.390915 5.745178
5.8926544 -4.1052704 6.0879517
6.061661 -4.1052704 6.0927124
6.2140045 -4.4718475 6.0808105
6.242569 -4.61705 5.973694
6.2211456 -4.6003876 6.0474854
6.1187897 -4.4147186 6.154602
6.114029 -4.300461 6.256958
6.0164337 -4.243332 6.378357
6.037857 -4.1576385 6.602112
6.0783234 -4.012436 6.854431
6.24971 -4.088608 6.9520264
6.3115997 -4.1647797 7.0091553
6.1497345 -4.083847 7.052002
6.2140045 -4.48851 6.533081
6.159256 -4.74321 6.0689087
6.2449493 -4.783676 5.807068
6.333023 -4.450424 5.828491
6.371109 -3.929123 6.423584
6.4782257 -3.6006317 6.768738
6.5734406 -3.614914 6.923462
6.5210724 -3.5458832 7.0567627
6.409195 -3.493515 6.9139404
6.294937 -3.4506683 6.8615723
6.2973175 -3.6363373 6.578308
6.337784 -3.78154 6.371216
6.4449005 -3.7077484 6.3950195
6.5424957 -3.486374 6.6306763
6.549637 -3.031723 6.854431
6.4591827 -2.6675262 6.963928
6.2854156 -2.6222992 7.149597
6.1116486 -2.7270355 6.859192
6.049759 -2.9888763 6.5997314
6.018814 -3.1031342 6.309326
6.0473785 -2.8936615 6.3616943
6.090225 -2.4247284 6.6568604
6.2449493 -2.396164 7.0043945
6.3092194 -2.4056854 7.2852783
6.292557 -2.4699554 7.047241
6.1806793 -2.441391 6.9663086
6.1997223 -2.2961884 6.7996826
6.2021027 -2.0962372 6.685425
6.2473297 -2.300949 6.4212036
6.3354034 -2.672287 6.290283
6.3115997 -2.7246552 6.3831177
6.273514 -2.4509125 6.649719
6.235428 -2.1057587 7.082947
6.280655 -1.9034271 7.5042725
6.318741 -1.8486786 7.5756836
6.230667 -1.9462738 7.61615
6.0783234 -2.0105438 7.5637817
5.909317 -1.9629364 7.418579
6.0473785 -1.9629364 7.161499
6.1949615 -1.9010468 6.937744
6.3163605 -2.0129242 6.9401245
6.3496857 -1.9105682 6.8758545
6.294937 -1.8296356 7.0353394
6.2259064 -1.703476 6.9401245
6.106888 -1.6534882 6.949646
6.0402374 -1.5154266 7.0615234
6.011673 -1.4083099 7.2424316
5.9497833 -1.1940765 7.2614746
6.006912 -1.2512054 7.0758057
6.037857 -1.3464203 6.756836
6.0783234 -1.6320648 6.7235107
6.12117 -1.7963104 6.4783325
6.173538 -1.8582001 6.276001
6.1235504 -1.4916229 6.833008
6.0783234 -1.1488495 7.316223
6.1687775 -1.0441132 7.6137695
6.2592316 -0.991745 7.6637573
6.2711334 -0.90367126 7.589966
6.280655 -0.80607605 7.5304565
6.242569 -0.7180023 7.442383
6.1830597 -0.77989197 7.494751
6.2021027 -0.9250946 7.404297
6.1497345 -1.0084076 7.23291
6.171158 -0.9608002 7.1067505
6.068802 -0.87986755 7.0567627
6.102127 -0.8751068 7.147217
6.128311 -1.0464935 7.23291
6.1949615 -1.1869354 7.482849
6.152115 -1.1726532 7.520935
6.1164093 -1.1226654 7.461426
6.166397 -1.2131195 7.3828735
6.1949615 -1.010788 7.282898
6.223526 -0.80607605 7.4138184
6.337784 -0.60136414 7.482849
6.3877716 -0.5632782 7.4709473
6.337784 -0.8036957 7.2995605
6.2639923 -0.90605164 7.206726
6.1116486 -1.0131683 7.340027
6.106888 -0.9679413 7.251953
6.1306915 -1.0655365 7.237671
6.1306915 -0.92985535 7.2805176
6.1306915 -0.8346405 7.340027
6.1116486 -0.7132416 7.3947754
6.087845 -0.039596558 7.55188
6.1354523 0.26985168 7.2686157
6.2473297 -0.15385437 7.2091064
6.171158 -0.56565857 6.97583
6.0521393 -0.85606384 6.937744
5.985489 -0.80607605 7.0186768
5.9950104 -0.69181824 6.999634
6.128311 -0.60850525 7.1567383
6.2068634 -0.5204315 7.237671
6.2021027 -0.40855408 7.482849
6.1306915 -0.15623474 7.547119
6.178299 0.003250122 7.5233154
6.2187653 -0.08958435 7.354309
6.18544 -0.1681366 7.218628
6.075943 -0.0062713623 7.142456
6.061661 0.02229309 7.0734253
6.061661 -0.1681366 7.1257935
6.0926056 -0.2919159 7.3519287
6.178299 -0.3657074 7.3376465
6.2592316 -0.4799652 7.4352417
6.178299 -0.3323822 7.3685913
6.1449738 -0.080062866 7.3566895
6.1544952 -0.04197693 7.194824
6.12117 -0.018173218 7.154358
6.1187897 -0.020553589 7.0401
6.166397 -0.11100769 7.032959
6.1449738 -0.16099548 7.1376953
6.140213 -0.23954773 7.2876587
6.2449493 -0.45378113 7.320984
6.337784 -0.76322937 7.2614746
6.24971 -0.8346405 7.290039
6.2021027 -0.5561371 7.2543335
6.173538 -0.29667664 7.2876587
6.178299 -0.11576843 7.1138916
6.106888 -0.1847992 7.109131
6.030716 -0.20146179 7.0877075
5.99263 -0.22288513 7.116272
5.8617096 -0.31333923 7.16626
5.8617096 -0.13243103 7.3043213
5.895035 0.029434204 7.3043213
5.9950104 -0.099105835 7.1638794
6.042618 -0.27763367 7.044861
6.030716 -0.22050476 6.9448853
6.025955 -0.08244324 6.8901367
6.0545197 -0.14671326 6.8044434
6.1449738 -0.28001404 6.7473145
6.133072 -0.3895111 7.0686646
6.1687775 -0.47520447 7.42572
6.178299 -0.42521667 7.7423096
6.1116486 -0.5061493 7.725647
6.0711823 -0.7346649 7.509033
6.0664215 -1.0845795 7.373352
6.0664215 -1.370224 7.0496216
6.128311 -1.3321381 7.032959
6.2663727 -1.0726776 6.730652
6.2782745 -0.96318054 6.8234863
6.173538 -0.95365906 6.9472656
6.0973663 -1.0607758 7.1829224
5.897415 -1.0679169 7.213867
5.902176 -1.2821503 7.192444
5.9712067 -1.3964081 7.1567383
6.064041 -1.370224 7.0615234
6.1306915 -1.241684 7.0115356
6.0354767 -1.1274261 6.8425293
5.8617096 -1.2583466 6.5949707
5.8045807 -1.2583466 6.6378174
5.92836 -1.389267 6.71875
6.106888 -1.5439911 6.7139893
6.166397 -1.555893 6.8687134
6.0521393 -1.6487274 6.9853516
5.897415 -1.8367767 7.047241
5.773636 -2.005783 6.9091797
5.5665436 -1.9962616 6.949646
5.683182 -2.043869 6.8639526
5.8212433 -2.5937347 6.7235107
5.8426666 -2.596115 6.437866
5.709366 -2.3033295 6.159363
5.595108 -2.0486298 6.4521484
5.5475006 -2.2247772 6.5806885
5.4070587 -2.6746674 6.416443
5.183304 -2.8674774 6.423584
5.0261993 -2.710373 6.3640747
5.054764 -2.6580048 6.018921
5.2118683 -2.7603607 5.6428223
5.2951813 -2.736557 5.7785034
5.178543 -2.9150848 5.697571
4.676285 -3.198349 5.614258
4.447769 -3.436386 5.416687
4.2763824 -3.6815643 5.1762695
4.300186 -3.833908 4.947754
4.312088 -3.800583 4.6644897
4.2621 -3.8838959 4.7525635
4.312088 -3.9981537 4.819214
4.4311066 -4.2338104 4.8858643
4.557266 -4.345688 4.9953613
4.557266 -4.193344 4.992981
4.5667877 -3.9457855 4.845398
4.6429596 -3.9648285 4.500244
4.607254 -4.429001 3.9694214
4.509659 -5.1383514 3.9527588
4.3549347 -5.5239716 4.621643
4.152603 -5.7096405 5.416687
4.0121613 -5.854843 5.8570557
3.7550812 -5.8643646 5.7094727
3.5979767 -5.500168 5.416687
3.5575104 -5.438278 4.897766
3.3908844 -5.828659 4.6882935
3.4503937 -6.5046844 4.550232
3.464676 -7.2092743 4.7858887
3.3599396 -7.444931 4.909668
3.202835 -7.6020355 5.1191406
3.0005035 -7.682968 5.2524414
2.791031 -7.4235077 4.9382324
2.6148834 -7.3068695 4.8882446
2.548233 -7.413986 4.79541
2.5196686 -7.894821 4.723999
2.5077667 -8.680344 4.769226
2.317337 -9.292099 4.7787476
2.181656 -10.080002 4.92157
2.0269318 -10.408493 4.757324
1.9055328 -10.089523 4.704956
2.0102692 -9.387314 5.05011
2.27211 -8.551804 5.133423
2.1792755 -8.292343 5.4785767
1.7817535 -8.796982 5.590454
1.1414337 -9.949081 5.704712
0.69392395 -11.067856 5.8570557
0.4344635 -11.681992 5.780884
0.52015686 -11.731979 5.4952393
0.6796417 -11.077377 5.2333984
0.68678284 -9.906235 5.026306
0.4677887 -9.077866 4.9191895
0.072647095 -9.068344 5.1262817
-0.48197937 -9.613449 5.0167847
-0.7914276 -10.38707 5.083435
-0.774765 -11.003586 5.2738647
-0.6438446 -10.694138 5.0929565
Time Stop = 464
