Time Start = 5671
-10.562851 -4.152878 0.2131958
-10.505722 -4.864609 -0.22479248
-10.224838 -5.0502777 0.32269287
-9.748764 -4.3885345 1.2010498
-9.298874 -3.686325 1.9223022
-9.077499 -3.0864716 2.3269653
-9.172714 -2.7579803 2.6030884
-9.33934 -2.6032562 2.510254
-9.415512 -2.6175385 2.3388672
-9.389328 -2.7889252 2.1865234
-9.367905 -2.8555756 2.0270386
-9.241745 -2.941269 1.9365845
-9.151291 -2.8960419 1.9246826
-9.117966 -2.9079437 1.8865967
-9.07988 -2.941269 1.8009033
-9.08226 -3.1007538 1.7818604
-9.122726 -3.2769012 1.6937866
-9.137009 -3.422104 1.6747437
-9.248886 -3.5339813 1.6652222
-9.277451 -3.5887299 1.6628418
-9.351242 -3.6006317 1.6342773
-9.389328 -3.7148895 1.6461792
-9.522629 -3.800583 1.6652222
-9.582138 -3.7982025 1.6414185
-9.65593 -3.762497 1.696167
-9.686874 -3.6363373 1.7913818
-9.710678 -3.4792328 1.9246826
-9.713058 -3.3792572 2.0056152
-9.636887 -3.2673798 2.1746216
-9.6297455 -3.2292938 2.2388916
-9.565475 -3.2340546 2.22937
-9.470261 -3.2578583 2.1341553
-9.427414 -3.3768768 2.0698853
-9.377426 -3.4387665 1.9937134
-9.372665 -3.4697113 1.9246826
-9.289352 -3.4982758 1.8746948
-9.286972 -3.5268402 1.8532715
-9.265549 -3.5268402 1.7461548
-9.325058 -3.486374 1.7866211
-9.313156 -3.422104 1.8485107
-9.294113 -3.3625946 1.9413452
-9.284592 -3.3126068 1.9556274
-9.303635 -3.2673798 2.0198975
-9.341721 -3.262619 2.0579834
-9.3798065 -3.1697845 2.0317993
-9.351242 -3.2483368 1.9841919
-9.363144 -3.2864227 1.9603882
-9.394089 -3.3602142 1.8818359
-9.429794 -3.4411469 1.8913574
-9.448837 -3.5292206 1.84375
-9.448837 -3.5625458 1.8389893
-9.40361 -3.5554047 1.9223022
-9.358383 -3.5244598 1.9889526
-9.329819 -3.4816132 2.1603394
-9.482162 -3.5530243 2.4769287
-9.72258 -3.6077728 2.6935425
-10.017746 -3.4054413 3.3743286
-10.184372 -3.2411957 3.9337158
-10.17009 -3.3126068 4.1241455
-10.384323 -3.667282 3.812317
-10.9960785 -4.238571 3.1886597
-12.16246 -4.781296 2.722107
-13.019394 -5.4525604 2.8839722
-13.169357 -6.059555 3.664734
-12.86705 -6.3071136 4.79541
-12.402878 -6.02861 6.0665283
-12.076767 -5.4977875 7.301941
-12.026779 -4.757492 8.099365
-12.310043 -4.1885834 8.201721
-12.533798 -3.6744232 7.925598
-12.276718 -3.4006805 8.061279
-11.612595 -3.410202 8.225525
-10.719955 -3.2935638 8.19458
-10.1082 -3.1459808 8.239807
-9.679733 -2.929367 8.299316
-9.222702 -2.793686 8.185059
-8.677597 -2.6651459 7.9017944
-8.192001 -2.191452 7.494751
-7.8397064 -1.6106415 7.2852783
-7.41362 -1.1060028 6.8568115
-6.89946 -0.8655853 6.9258423
-6.361496 -0.8846283 7.4161987
-5.721176 -1.0679169 7.3376465
-5.323654 -1.3226166 7.309082
-5.1189423 -1.5725555 7.206726
-4.8523407 -1.6677704 6.885376
-4.680954 -1.6511078 6.809204
-4.347702 -1.4963837 6.994873
-3.9668427 -1.3345184 6.852051
-3.7026215 -1.3011932 6.7996826
-3.3812714 -1.3749847 6.6759033
-3.0218353 -1.4106903 6.9401245
-2.8218842 -1.5535126 7.2352905
-2.743332 -1.5130463 7.2543335
-2.7599945 -1.3726044 7.2233887
-2.6695404 -1.1821747 7.116272
-2.5338593 -0.9488983 7.1019897
-2.3577118 -0.8655853 7.199585
-2.2339325 -0.8274994 7.085327
-2.0934906 -0.77989197 7.313843
-1.8530731 -0.7013397 7.347168
-1.7126312 -0.78227234 7.48999
-1.5460052 -0.7775116 7.597107
-1.4579315 -0.78227234 7.668518
-1.2770233 -0.8013153 7.237671
-1.134201 -0.71562195 7.1638794
-0.89616394 -0.5370941 7.3495483
-0.6509857 -0.16099548 7.2686157
-0.42723083 -0.10386658 7.1853027
-0.22489929 -0.5204315 7.194824
-0.13682556 -1.267868 7.0162964
-0.16300964 -2.0010223 7.085327
-0.3796234 -2.7794037 7.675659
-0.61528015 -3.0079193 8.039856
-0.9485321 -2.4271088 8.1779175
-1.3222504 -1.8105927 8.918213
-1.4769745 -1.3035736 9.260986
-1.5364838 -1.3821259 9.553772
-1.5936127 -1.7106171 9.620422
-1.4531708 -1.7653656 9.303833
-1.2436981 -2.0081635 9.6085205
-1.1246796 -2.5984955 9.518066
-1.2079926 -2.7341766 9.249084
-1.2603607 -2.5937347 9.184814
-1.1365814 -2.0795746 9.144348
-1.0104218 -1.3749847 9.382385
-0.8271332 -0.8489227 9.601379
-0.6343231 -1.0845795 9.34906
-0.28440857 -1.2012177 9.237183
-0.21299744 -1.4011688 8.982483
-0.25346375 -1.3535614 8.858704
-0.079696655 -1.5297089 8.70636
0.26783752 -1.8915253 8.604004
0.55348206 -2.300949 8.085083
0.34162903 -2.3699799 7.835144
0.5582428 -3.0412445 7.8518066
0.6320343 -3.2007294 7.7684937
0.4915924 -3.6125336 8.111267
0.32496643 -4.450424 8.282654
-0.12730408 -5.245468 7.9970093
-0.42008972 -5.5930023 7.904175
-0.4700775 -5.8381805 8.025574
-0.45817566 -6.188095 7.4995117
-0.7676239 -6.9593353 6.7235107
-0.82951355 -8.113815 5.9332275
-0.9651947 -9.539658 5.7975464
-1.2008514 -10.110947 5.8165894
-1.3531952 -10.144272 6.064148
-1.4793549 -10.227585 6.4854736
-1.6674042 -9.8919525 6.475952
-1.9982758 -9.922897 6.2807617
-1.8673553 -10.229965 5.94989
-3.3479462 -9.613449 8.046997
-1.2532196 -8.068588 8.06604
0.26307678 -8.716049 7.751831
-0.63194275 -9.458725 6.9544067
-1.3793793 -9.846725 5.3119507
-1.2341766 -10.432297 4.614502
-0.8675995 -11.065475 4.8477783
-0.9342499 -10.356125 5.7023315
-0.7009735 -9.254013 6.4640503
-0.73191833 -8.661301 6.794922
-1.0532684 -8.470871 6.385498
-0.8723602 -9.16832 6.5806885
-1.3912811 -8.882675 6.616394
-1.5293427 -11.201157 4.190796
-1.1175385 -11.436813 3.5980835
-1.5769501 -10.072861 4.9334717
-1.9816132 -9.387314 6.3236084
-2.7647552 -8.961227 5.878479
-2.9004364 -9.980026 6.4902344
-3.4026947 -9.480148 6.2974243
-3.897812 -12.089035 5.56427
-3.4145966 -15.021652 5.7142334
-3.0599213 -15.835739 5.8570557
-2.85997 -15.473923 6.1903076
-2.031601 -15.335861 6.211731
-1.2960663 -15.526291 6.578308
-0.39866638 -15.32634 6.999634
0.25117493 -14.321823 7.10437
0.7558136 -13.812424 7.2019653
1.3842316 -13.407761 7.2876587
2.0102692 -12.624619 7.1710205
2.5053864 -11.827194 7.1567383
2.8767242 -11.186874 7.128174
3.086197 -10.917892 7.013916
3.3361359 -10.379929 6.3307495
3.600357 -9.906235 6.33313
3.6265411 -9.125473 6.178406
3.7955475 -8.025742 6.0855713
3.997879 -7.18309 6.0284424
4.00502 -6.868881 6.045105
4.0383453 -6.5165863 5.9189453
4.114517 -6.378525 5.4904785
4.1692657 -5.881027 5.0929565
4.2692413 -5.207382 4.897766
4.445389 -5.0169525 5.1429443
4.5644073 -4.7027435 4.6763916
4.671524 -4.0148163 4.4573975
4.864334 -3.633957 4.5169067
5.0071564 -3.2792816 4.3479004
5.2142487 -3.0483856 4.2574463
5.4903717 -2.846054 4.1170044
5.633194 -2.7460785 4.126526
5.776016 -2.5604095 3.9551392
6.042618 -2.4056854 4.005127
6.2140045 -2.5151825 3.9789429
6.402054 -2.4128265 3.7670898
6.50441 -2.165268 3.9337158
6.575821 -2.036728 4.1622314
6.487747 -1.8367767 4.0979614
6.511551 -1.5773163 4.0265503
6.5424957 -1.5915985 3.9527588
6.63295 -1.4178314 3.8170776
6.6686554 -1.2559662 3.6885376
6.651993 -1.2250214 3.6623535
6.8567047 -1.0845795 3.690918
7.01857 -1.0179291 3.7670898
7.14711 -0.9584198 3.9884644
7.2328033 -0.83226013 4.1574707
7.237564 -0.4966278 4.1431885
7.3946686 -0.3990326 4.2217407
7.5660553 -0.16337585 4.1431885
7.620804 0.077041626 4.0455933
7.6755524 -0.015792847 3.8670654
7.7850494 0.079422 3.7766113
7.7731476 0.15083313 3.7028198
7.794571 0.27223206 3.8265991
7.8112335 0.4079132 3.7313843
7.8112335 0.5888214 3.7885132
7.892166 0.77211 4.000366
7.8945465 0.77449036 4.0217896
7.230423 0.7197418 3.7266235
6.7210236 -0.034835815 3.8289795
7.4970245 1.2648468 3.8527832
8.36824 1.8099518 3.89563
8.62532 1.7694855 3.8932495
8.253983 1.86232 3.6004639
7.556534 1.6266632 3.210083
7.2518463 1.4052887 3.1696167
7.4446564 1.7171173 3.164856
7.775528 2.0694122 3.3267212
7.7350616 2.2050934 3.4909668
7.5232086 2.3098297 3.6290283
7.563675 2.3479156 3.7004395
7.78981 2.4026642 3.5980835
7.930252 2.3455353 3.5004883
7.975479 2.2050934 3.4695435
7.9445343 1.9670563 3.38385
7.956436 1.9313507 3.531433
8.132584 1.9218292 3.4814453
8.215897 1.8337555 3.5552368
8.199234 1.9361115 3.562378
8.218277 1.9837189 3.652832
8.294449 1.9813385 3.5076294
8.30159 1.99086 3.6671143
8.370621 2.074173 3.7575684
8.384903 2.1693878 3.6218872
8.277786 2.1741486 3.6671143
8.244461 2.2717438 3.6742554
8.215897 2.3836212 3.4743042
8.184952 2.3383942 3.5076294
8.080215 2.369339 3.38385
7.968338 2.343155 3.3457642
7.9088287 2.452652 3.31958
7.5850983 2.4193268 3.2767334
7.242325 1.7552032 3.017273
7.5232086 2.535965 3.0744019
8.10878 2.9739532 3.2434082
8.230179 2.754959 3.1220093
7.6065216 2.5145416 2.9577637
7.1114044 2.3574371 2.8649292
7.0685577 2.2812653 2.9672852
7.27565 2.3598175 3.0339355
7.4470367 2.37648 3.0863037
7.4184723 2.388382 3.1553345
7.282791 2.3145905 3.202942
7.2542267 2.3383942 3.3529053
7.3232574 2.3836212 3.2457886
7.320877 2.2979279 3.4124146
7.4065704 2.093216 3.3029175
7.430374 1.9242096 3.3338623
7.492264 1.8647003 3.4743042
7.513687 1.8980255 3.614746
7.518448 2.0146637 3.6361694
7.4137115 2.0908356 3.8408813
7.2470856 2.1931915 3.8242188
7.08284 2.0527496 3.876587
6.947159 1.907547 3.883728
6.9257355 1.6504669 3.8980103
7.0019073 1.5504913 3.8980103
7.128067 1.4076691 4.0217896
7.3494415 1.1363068 4.159851
7.4208527 1.3362579 4.231262
7.473221 1.3029327 4.314575
7.487503 1.3838654 4.2764893
7.3946686 1.5124054 4.2003174
7.294693 1.805191 3.9075317
7.1066437 2.0598907 3.5385742
6.909073 2.4502716 3.531433
6.8876495 2.7359161 3.729004
6.961441 2.7573395 3.8337402
7.101883 2.6978302 4.081299
7.3113556 2.6407013 4.3479004
7.577957 2.4383698 4.4764404
7.680313 2.3264923 4.34552
7.639847 1.9765778 4.4502563
7.623184 1.5766754 4.3217163
7.506546 0.9744415 4.3812256
7.2994537 0.23176575 4.5026245
7.192337 -0.2585907 4.5668945
7.1637726 -0.5466156 4.5787964
7.159012 -0.63468933 4.769226
7.173294 -0.6561127 4.773987
7.044754 -0.41331482 4.462158
6.8567047 -0.5132904 4.3431396
6.654373 -0.7203827 4.1574707
6.5091705 -1.1155243 3.9837036
6.4591827 -1.53685 3.9694214
6.371109 -2.6508636 4.2574463
6.2901764 -3.410202 4.0908203
6.2068634 -4.288559 4.3359985
6.1640167 -4.7336884 4.383606
6.0569 -5.2478485 5.064392
5.942642 -5.2478485 5.338135
5.6427155 -4.6075287 5.366699
5.204727 -3.7601166 5.69281
5.0000153 -4.4075775 6.0474854
4.5715485 -5.438278 5.6499634
4.0573883 -6.2047577 5.0739136
3.914566 -7.9424286 5.1762695
3.5384674 -9.311142 4.678772
3.1266632 -9.884811 4.8573
2.8933868 -9.880051 5.2667236
2.7291412 -9.030258 5.897522
2.6981964 -8.087631 6.559265
2.605362 -7.540146 7.1638794
2.3863678 -7.323532 6.9544067
2.2006989 -8.175705 6.290283
1.7365265 -9.851486 5.7904053
1.2247467 -11.082138 5.031067
1.0866852 -11.401108 4.9906006
1.2223663 -10.863144 5.6571045
1.2533112 -9.544418 6.3236084
1.2080841 -8.777939 7.1138916
1.0890656 -8.489914 7.211487
0.9224396 -8.513718 6.9663086
0.70344543 -9.2183075 6.730652
0.43922424 -10.175217 6.309326
0.04408264 -11.267807 6.1379395
-0.32011414 -11.596298 5.69281
-0.6676483 -11.322556 5.552368
-0.6367035 -10.865524 5.828491
-0.64860535 -10.70842 6.185547
-0.8485565 -10.313278 5.7285156
-0.85331726 -10.45372 5.8546753
-0.64146423 -10.765549 5.9213257
-0.43199158 -10.8798065 5.866577
-0.38676453 -10.908371 5.8189697
-0.51768494 -10.617966 5.911804
-0.627182 -10.344223 6.147461
-0.71287537 -10.020493 6.199829
-0.7604828 -9.851486 6.0474854
-0.83903503 -9.9752655 5.9594116
-0.9842377 -10.082382 5.788025
-1.1103973 -10.077621 5.776123
-1.0604095 -10.049057 5.795166
-0.94377136 -9.791977 5.776123
-0.85331726 -9.594406 5.8308716
-0.83903503 -9.36351 5.742798
-0.9794769 -9.415878 5.878479
-1.0508881 -9.658676 5.859436
-0.95329285 -9.734848 5.7332764
-0.93663025 -9.665817 5.7332764
-0.9723358 -9.356369 5.654724
-1.0794525 -8.9874115 5.802307
-1.1699066 -8.739853 5.776123
-1.1603851 -8.711288 5.8094482
-1.1675262 -8.739853 5.8427734
-1.2413177 -8.837448 5.845154
-1.2556 -8.808884 5.6713867
-1.3151093 -8.72081 5.6499634
-1.3151093 -8.6732025 5.6071167
-1.3769989 -8.627975 5.730896
-1.3889008 -8.746994 5.807068
-1.3912811 -8.71843 5.6237793
-1.4745941 -8.637497 5.447632
-1.5912323 -8.630356 5.3167114
-1.5745697 -8.6089325 5.250061
-1.51268 -8.561325 5.3048096
-1.4650726 -8.423264 5.43573
-2.5290985 -7.3187714 7.444763
-1.5579071 -10.910751 5.8570557
-0.9675751 -11.177353 6.0689087
-0.82951355 -10.553696 6.033203
-0.85331726 -9.29686 5.557129
-0.8675995 -8.98027 5.7475586
-0.83903503 -9.163559 5.633301
-0.83665466 -9.206406 5.828491
-0.8509369 -8.889816 5.8308716
-1.0794525 -8.65654 6.052246
-1.4436493 -8.644638 5.94751
-1.8863983 -8.716049 5.976074
-2.198227 -8.916 6.2283936
-2.3767548 -9.213547 6.3640747
-2.5933685 -9.420639 6.3569336
-2.8099823 -9.470627 6.473572
-3.2360687 -9.080246 6.854431
-3.007553 -8.520859 6.2926636
-4.0620575 -7.1735687 7.9208374
-4.816635 -5.621567 7.411438
-5.3831635 -5.590622 6.9091797
-4.9332733 -5.750107 6.3640747
-5.1284637 -5.473984 5.749939
-5.4545746 -5.881027 5.423828
-5.2927094 -6.6213226 5.045349
-4.7499847 -7.0807343 4.800171
-4.200119 -6.9402924 4.647827
-3.62883 -6.4285126 4.4121704
-3.3812714 -5.821518 4.4050293
-3.186081 -5.457321 3.9503784
-3.019455 -5.200241 3.7337646
-2.6576385 -5.1573944 3.5480957
-2.3386688 -5.0693207 3.3671875
-2.122055 -5.12883 3.350525
-1.9197235 -5.1954803 3.3814697
-1.7864227 -5.4025726 3.5457153
-1.6078949 -5.6763153 3.793274
-1.4960175 -5.8453217 4.1384277
-1.422226 -6.047653 4.7144775
-1.3174896 -6.2428436 4.9382324
-1.2556 -6.507065 4.85968
-1.4722137 -6.8260345 4.85968
-1.7888031 -7.149765 4.8358765
-2.2672577 -7.6901093 4.8573
-2.743332 -8.239975 4.723999
-3.2551117 -8.447067 4.1122437
-3.6954803 -8.542282 3.5385742
-4.040634 -8.518478 2.9363403
-4.423874 -8.451828 2.5269165
-4.699997 -8.33757 2.3602905
-4.8832855 -8.07811 2.3007813
-4.995163 -7.9995575 2.4245605
-4.990402 -8.028122 2.574524
-5.1022797 -7.956711 2.793518
-5.264145 -7.7043915 3.0505981
-5.340317 -7.3378143 3.2600708
-5.578354 -7.2164154 3.440979
-5.9401703 -7.3259125 3.6552124
-6.406723 -7.2806854 3.588562
-6.887558 -7.559189 3.4838257
-7.3207855 -7.430649 3.0744019
-7.6088104 -7.073593 2.5031128
-7.823044 -6.6855927 2.1698608
-8.0134735 -6.1714325 1.8366089
-8.268173 -5.750107 1.5985718
-8.534775 -5.507309 1.4795532
-8.918015 -5.3049774 1.2510376
-9.234604 -5.2145233 1.1582031
-9.548813 -5.159775 1.1224976
-9.839218 -5.3002167 1.0391846
-10.17009 -5.571579 0.9273071
-10.522385 -5.814377 0.75115967
-10.927048 -6.0928802 0.55358887
-11.386459 -6.4546967 0.37982178
-11.791122 -6.6641693 0.067993164
-12.03154 -6.9474335 -0.16766357
-12.129135 -7.142624 -0.29382324
-12.09581 -7.316391 -0.43188477
-12.133896 -7.456833 -0.6080322
-12.0672455 -7.592514 -0.5770874
-11.917282 -7.585373 -0.54138184
-11.891098 -7.4853973 -0.36999512
-11.795883 -7.3782806 -0.2652588
-11.700668 -7.130722 0.03942871
-11.510239 -6.7165375 0.26080322
-11.238876 -6.278549 0.45599365
-10.948471 -5.731064 0.5321655
-10.755661 -5.124069 0.6226196
-10.574753 -4.595627 0.78448486
-10.374802 -4.217148 0.90112305
-10.082016 -4.0100555 1.0820313
-9.78923 -3.8934174 1.048706
-9.510727 -3.8410492 1.0534668
-9.234604 -3.7767792 1.003479
-9.096542 -3.7125092 0.8987427
-9.032272 -3.6744232 0.8796997
-9.006088 -3.833908 0.78448486
-8.982285 -3.9529266 0.66070557
-8.9370575 -4.1695404 0.5202637
-9.113205 -4.3433075 0.36315918
-9.325058 -4.4266205 0.1227417
-9.522629 -4.436142 0.0037231445
-9.739243 -4.481369 -0.1081543
-9.836838 -4.42424 -0.3128662
-9.98204 -4.4647064 -0.39855957
-10.115341 -4.5218353 -0.362854
-10.165329 -4.4861298 -0.43902588
-10.322433 -4.507553 -0.44378662
-10.405746 -4.398056 -0.42712402
Time Stop = 5676
