Time Start = 1457236964
1.4056549 0.23414612 10.491638
0.90101624 0.44837952 9.765625
0.27497864 0.75782776 9.625183
0.1869049 0.9434967 7.839905
-1.5412445 0.8054352 8.615906
-2.4124603 0.9363556 9.127686
-2.2006073 0.3841095 10.05603
-1.1603851 -0.0038909912 10.498779
0.06312561 -0.19432068 10.415466
0.886734 -0.3990326 10.551147
1.0414581 -0.48472595 10.739197
0.674881 -0.56803894 10.9105835
0.10121155 -0.85606384 11.384277
-0.50102234 -0.81559753 11.565186
-0.9985199 -0.6299286 11.562805
-1.3174896 -0.5727997 11.122437
-1.0984955 -0.76322937 10.705872
-0.5200653 -1.4630585 11.012939
0.022659302 -1.6035004 11.241455
0.45350647 -1.60112 11.500916
0.70106506 -1.5082855 11.534241
0.9224396 -1.5915985 11.460449
1.0914459 -1.8605804 11.031982
1.0700226 -1.9724579 10.496399
1.0176544 -2.2462006 9.889404
1.0557404 -2.5556488 9.637085
1.2057037 -2.6889496 9.420471
1.1604767 -2.7341766 9.437134
1.0890656 -2.6032562 9.099121
1.265213 -2.4366302 8.96582
1.6865387 -2.7722626 9.270508
2.0912018 -2.6841888 9.389526
2.3673248 -2.5723114 9.622803
2.3887482 -2.653244 10.048889
2.2006989 -2.5556488 9.789429
1.8888702 -2.5270844 9.487122
1.4794464 -2.4104462 8.846802
1.1938019 -2.4080658 8.25647
1.1819 -2.3699799 7.7851563
1.4389801 -2.5651703 7.4090576
1.7032013 -2.9388885 7.544739
2.0055084 -3.024582 7.74469
2.0388336 -3.088852 8.501648
1.707962 -3.455429 9.770386
1.1938019 -3.172165 9.751343
0.9129181 -2.6889496 8.96106
1.200943 -2.9507904 8.082703
1.6056061 -3.5149384 7.187683
2.0459747 -4.0933685 6.521179
2.3839874 -4.583725 6.7163696
2.445877 -4.662277 7.1829224
2.234024 -4.431381 7.539978
2.0340729 -4.1005096 7.944641
1.8317413 -3.576828 8.251709
2.1173859 -3.0198212 7.839905
2.888626 -3.5649261 7.987488
3.1100006 -4.3385468 8.044617
2.6839142 -4.893173 8.411194
2.2697296 -5.4287567 9.056274
1.9150543 -5.571579 8.692078
1.1081085 -5.3954315 8.182678
0.07026672 -5.733444 7.5756836
-0.2820282 -6.02861 6.628296
0.33210754 -6.8831635 5.609497
1.4461212 -8.3137665 4.9453735
1.791275 -9.815781 5.338135
1.450882 -10.158554 5.6571045
0.52967834 -9.565842 6.173645
-0.39390564 -8.789841 6.880615
-0.3796234 -8.247116 7.0615234
0.46540833 -8.139999 7.0043945
1.2509308 -8.570847 6.533081
1.7151031 -9.542038 6.26886
1.8269806 -9.856247 5.616638
1.7365265 -9.922897 5.2976685
1.4413605 -9.982407 5.5285645
1.1676178 -9.908615 5.9022827
1.1081085 -9.856247 6.1117554
1.0509796 -10.030014 6.0498657
1.0247955 -10.110947 5.716614
0.8772125 -10.027634 5.404785
0.82484436 -9.780075 5.004883
0.803421 -9.818161 4.6573486
1.1247711 -9.932419 4.40979
1.2675934 -9.834824 4.319336
1.3056793 -9.23497 4.6121216
1.3913727 -8.825546 4.788269
1.4746857 -8.4423065 4.9191895
1.6865387 -8.113815 4.845398
1.8317413 -7.9947968 4.966797
1.7817535 -7.9043427 5.204834
1.7389069 -7.956711 5.326233
1.6793976 -7.959091 5.321472
1.5294342 -7.8519745 5.154846
1.329483 -7.88768 5.0786743
1.0081329 -8.447067 4.8668213
0.48683167 -8.599411 4.3098145
-0.37486267 -8.942184 4.2979126
-1.0675507 -9.254013 4.186035
-1.8721161 -9.775314 5.1048584
-2.0292206 -10.00383 5.147705
-1.3270111 -10.268051 4.4193115
-0.5391083 -10.410873 3.8504028
0.117874146 -10.3228 3.5076294
-0.22727966 -9.42778 3.993225
-0.62480164 -8.558945 2.722107
-0.7509613 -8.623215 2.619751
-0.58909607 -9.542038 4.2526855
-0.08921814 -10.191879 4.493103
-0.08921814 -10.313278 4.331238
-0.060653687 -10.220444 4.466919
0.25117493 -10.0681 4.4883423
0.6725006 -10.025253 4.595459
0.9867096 -9.74675 4.4240723
1.0438385 -9.268295 4.2979126
0.9629059 -9.244492 4.5097656
1.24617 -9.418259 4.897766
1.4461212 -9.701523 4.762085
1.3175812 -9.663437 4.293152
0.886734 -9.501572 4.3812256
0.49397278 -9.137375 4.378845
-0.0011444092 -8.261398 4.5097656
-0.39390564 -7.4044647 4.98584
0.029800415 -7.085495 4.79303
0.8795929 -7.849594 5.1262817
1.534195 -8.768417 5.185791
1.4842072 -9.503952 5.057251
0.8938751 -9.806259 5.211975
0.17738342 -9.958603 5.659485
0.129776 -10.077621 4.871582
0.15596008 -10.087143 4.231262
0.4011383 -9.753891 4.0265503
0.86531067 -9.527756 3.6623535
1.1509552 -9.339706 3.9170532
1.1795197 -9.087387 4.5073853
1.098587 -8.544662 5.171509
1.1580963 -8.561325 5.9260864
1.477066 -9.10405 6.223633
1.5008698 -9.261154 6.352173
1.496109 -9.254013 6.0855713
1.4532623 -9.287338 6.0165405
1.3770905 -9.142136 5.980835
1.5318146 -9.434921 5.788025
1.9364777 -10.1228485 5.447632
2.1864166 -10.39183 5.192932
2.2959137 -10.458481 5.2667236
2.048355 -10.103806 5.5595093
1.9055328 -9.74913 6.1760254
1.9840851 -9.791977 6.6711426
2.0007477 -9.87529 7.1900635
1.912674 -9.5134735 7.3947754
1.746048 -8.85173 7.354309
2.01503 -9.065964 7.0567627
2.6791534 -9.880051 6.180786
3.0005035 -10.603683 5.576172
2.919571 -10.806015 5.3476563
2.6267853 -10.372787 5.5928345
2.3530426 -9.508713 6.116516
2.245926 -8.6089325 6.8377686
2.329239 -7.873398 6.961548
2.5720367 -7.7615204 7.002014
2.8148346 -8.059067 6.8258667
2.9695587 -8.416122 6.249817
3.067154 -8.647018 5.9784546
2.9766998 -8.53038 5.718994
2.836258 -8.430405 5.8237305
2.707718 -8.542282 5.942749
2.6624908 -8.232834 5.980835
2.6862946 -7.8900604 6.1712646
2.752945 -7.4592133 6.411682
2.8862457 -6.9236298 6.6378174
3.0695343 -6.378525 6.521179
3.183792 -6.2547455 6.725891
3.4289703 -6.6903534 6.8877563
3.6693878 -7.3830414 7.0043945
3.6884308 -7.471115 6.5949707
3.4123077 -7.2759247 6.3497925
3.0147858 -6.6974945 6.768738
2.8410187 -5.7024994 7.1567383
2.9933624 -5.3311615 7.23291
3.4099274 -5.5311127 6.980591
3.8812408 -5.916733 6.6330566
4.3144684 -6.3071136 6.290283
4.5786896 -6.2999725 6.0165405
4.490616 -5.969101 6.161743
4.2382965 -5.5430145 6.6830444
4.031204 -5.25737 7.1019897
4.062149 -5.0431366 6.8687134
4.266861 -4.8550873 6.4830933
4.6310577 -4.6884613 6.0879517
4.8405304 -4.5099335 6.218872
4.850052 -4.6265717 7.1210327
4.7262726 -4.578964 7.392395
4.5834503 -4.0433807 7.0805664
4.5001373 -3.852951 7.1186523
4.573929 -3.7220306 7.111511
4.7119904 -3.3792572 6.752075
4.9619293 -3.2864227 6.5806885
5.0642853 -3.4173431 6.3045654
5.2261505 -3.7148895 6.5116577
5.345169 -3.6244354 6.873474
5.345169 -3.326889 6.9710693
5.22377 -2.679428 7.1186523
5.0095367 -2.108139 7.501892
4.9833527 -1.9653168 7.578064
5.171402 -2.2152557 7.4161987
5.5475006 -2.4128265 6.752075
5.7712555 -2.8032074 6.6711426
5.8688507 -2.960312 6.749695
5.7855377 -2.5389862 6.635437
5.557022 -2.3723602 7.1591187
5.518936 -1.8177338 7.320984
5.3594513 -1.4701996 7.6708984
5.4713287 -1.684433 7.6589966
5.8474274 -2.043869 7.0353394
6.102127 -2.365219 6.494995
6.192581 -2.1938324 6.366455
6.109268 -1.8796234 6.7734985
5.985489 -1.3749847 7.0805664
5.9569244 -1.0821991 7.4923706
5.947403 -0.7703705 7.6280518
5.9140778 -0.9488983 7.994629
5.837906 -1.0964813 7.866089
5.742691 -1.1702728 7.4995117
5.723648 -1.3488007 7.3186035
5.845047 -1.2845306 7.147217
5.9497833 -1.3178558 7.10437
6.0664215 -1.2107391 6.916321
6.114029 -0.96318054 6.892517
6.1306915 -0.8513031 7.10437
6.1616364 -0.69895935 7.1186523
6.242569 -0.46568298 7.109131
6.3806305 -0.20622253 7.1329346
6.3949127 -0.061019897 7.002014
6.402054 -0.08720398 7.1067505
6.3354034 -0.19432068 7.2948
6.109268 -0.14909363 7.513794
5.954544 0.23414612 7.161499
5.9331207 0.15559387 7.142456
6.106888 0.03895569 6.91156
6.340164 -0.08244324 6.8258667
6.390152 -0.33952332 7.1067505
6.275894 -0.13719177 6.982971
6.1164093 0.29841614 6.9544067
6.0283356 0.44837952 7.2210083
6.0807037 0.688797 7.354309
6.204483 0.39363098 7.778015
6.204483 0.25080872 7.68042
6.2473297 0.2841339 7.328125
6.1806793 0.4650421 6.9972534
6.275894 0.65309143 6.802063
6.44252 0.7221222 6.642578
6.609146 0.55311584 6.7282715
6.5424957 0.036575317 7.1210327
6.3282623 0.1865387 7.006775
6.133072 0.52693176 7.006775
6.0473785 0.73402405 7.444763
6.152115 0.8625641 7.604248
6.3282623 0.74116516 7.604248
6.423477 0.69117737 7.142456
6.404434 0.8601837 6.680664
6.4591827 1.048233 6.437866
6.4306183 0.8101959 6.802063
6.3806305 0.669754 6.7139893
6.242569 0.3841095 6.752075
6.011673 0.4007721 6.687805
5.8283844 0.39839172 6.699707
5.754593 0.71736145 7.0567627
5.8355255 0.9173126 7.128174
5.980728 0.92445374 7.0948486
6.0973663 0.7221222 6.956787
6.1354523 0.5316925 6.9448853
6.1164093 0.52693176 6.816345
6.090225 0.44599915 6.749695
6.037857 0.33174133 6.802063
6.030716 0.20558167 6.7544556
6.1045074 0.14607239 6.8449097
6.230667 0.03895569 6.809204
6.275894 0.06037903 6.706848
6.2449493 0.20558167 6.768738
6.2140045 0.2841339 7.149597
6.159256 0.15797424 7.335266
6.0973663 -0.051498413 7.3900146
6.083084 -0.0062713623 7.275757
6.1640167 -0.058639526 7.192444
6.2259064 -0.027694702 6.859192
6.2068634 -0.32762146 6.980591
6.109268 -0.5061493 7.1138916
5.961685 -0.6608734 7.4209595
5.8736115 -0.88938904 7.7161255
5.7855377 -0.91319275 7.816101
5.7831573 -0.7037201 7.763733
5.895035 -0.594223 7.6209106
6.0402374 -0.51805115 7.16626
6.061661 -0.5799408 6.97583
6.0783234 -0.7941742 6.8496704
5.9116974 -1.2083588 7.256714
5.776016 -1.4582977 7.442383
5.659378 -1.2702484 7.6137695
5.6427155 -1.3130951 7.763733
5.6498566 -1.1702728 7.559021
5.6308136 -1.3488007 7.5304565
5.628433 -1.5273285 7.3328857
5.5736847 -1.5582733 7.1591187
5.4713287 -1.47258 7.1591187
5.4618073 -1.4225922 7.4661865
5.4689484 -1.5035248 7.6280518
5.504654 -1.7701263 7.8446655
5.549881 -2.043869 7.8779907
5.504654 -2.293808 7.7851563
5.249954 -2.4628143 7.8113403
5.102371 -2.448532 7.5756836
5.0785675 -2.4961395 7.468567
5.2142487 -2.3914032 7.2352905
5.3023224 -2.3080902 7.2019653
5.273758 -2.4056854 7.4352417
5.138077 -2.4651947 7.737549
4.933365 -2.8151093 8.058899
4.7714996 -3.2411957 8.116028
4.652481 -3.5934906 8.06604
4.6167755 -3.5911102 7.699463
4.7262726 -3.6125336 7.4923706
4.8857574 -3.5149384 7.4780884
4.883377 -3.384018 7.687561
4.7643585 -3.2292938 7.8637085
4.671524 -3.3697357 7.7613525
4.4501495 -3.8101044 7.8065796
4.3216095 -4.1909637 7.694702
4.3358917 -4.4766083 7.687561
4.4572906 -4.6694183 7.532837
4.600113 -4.6527557 8.042236
4.5834503 -4.5861053 8.561157
4.466812 -4.5932465 8.308838
4.247818 -4.7098846 8.0946045
3.831253 -4.9217377 8.330261
3.5598907 -4.8812714 7.994629
3.5717926 -5.040756 7.7018433
3.831253 -5.1645355 7.6828003
4.13356 -5.140732 7.706604
4.3358917 -4.897934 7.411438
4.5072784 -4.5884857 7.116272
4.5382233 -4.474228 7.373352
4.3906403 -4.61467 7.8946533
4.093094 -4.9264984 8.239807
3.7431793 -5.38591 8.304077
3.452774 -5.602524 8.023193
3.3099518 -5.816757 7.87323
3.3908844 -5.96434 7.7161255
3.4860992 -5.969101 7.4138184
3.5598907 -5.9024506 7.1067505
3.5384674 -5.8762665 7.0401
3.5146637 -6.0928802 6.8044434
3.2504425 -6.366623 7.097229
2.938614 -6.547531 7.789917
2.9148102 -6.4546967 7.949402
3.029068 -6.4927826 8.12793
3.1528473 -6.54039 8.008911
3.2813873 -6.5451508 7.7946777
3.3099518 -6.726059 7.313843
3.2242584 -6.740341 6.9782104
3.0957184 -7.028366 7.0377197
2.7196198 -7.342575 7.2424316
2.2935333 -7.2378387 7.194824
2.0554962 -7.1021576 7.259094
2.2959137 -7.283066 7.0686646
2.7696075 -7.3711395 6.880615
3.1147614 -6.873642 6.752075
3.2742462 -6.335678 6.8901367
3.1742706 -6.1666718 7.116272
2.8791046 -6.559433 7.468567
2.4553986 -7.2949677 7.649475
2.1102448 -7.7305756 7.3495483
1.9817047 -7.959091 6.854431
1.9483795 -7.8472137 6.5307007
2.0531158 -7.6663055 6.602112
2.3078156 -7.4473114 6.4830933
2.6386871 -7.2878265 6.499756
2.688675 -7.3592377 7.0305786
2.476822 -7.283066 7.547119
2.1483307 -7.225937 7.3257446
1.772232 -7.4853973 7.404297
1.6674957 -7.809128 7.1829224
1.765091 -8.116196 6.506897
1.957901 -8.282822 6.109375
2.048355 -8.068588 6.3831177
2.14357 -7.7877045 6.7592163
2.291153 -7.5377655 6.771118
2.419693 -7.3711395 6.9210815
2.426834 -7.199753 6.821106
2.226883 -7.449692 6.8377686
1.8817291 -7.709152 6.9091797
1.662735 -7.816269 6.5354614
1.598465 -8.006699 6.2807617
1.6793976 -7.868637 6.506897
1.8864899 -7.721054 6.968689
2.0316925 -7.478256 7.4209595
2.1197662 -7.149765 7.1519775
2.2006989 -6.9402924 7.044861
2.0388336 -7.156906 7.071045
1.6841583 -7.387802 7.0758057
1.4580231 -7.509201 6.744934
1.367569 -7.7234344 6.514038
1.560379 -8.001938 6.454529
1.7531891 -8.023361 6.4926147
1.7055817 -8.066208 6.6140137
1.5460968 -8.087631 6.7592163
1.2580719 -8.480392 6.9067993
0.98908997 -8.261398 6.4973755
0.6891632 -7.82341 6.264099
0.6177521 -7.3568573 6.5616455
0.9771881 -7.411606 6.8068237
1.4842072 -7.913864 6.7663574
1.7960358 -8.0828705 6.4450073
1.6413116 -8.232834 6.5283203
1.2414093 -8.059067 6.642578
0.91767883 -7.956711 6.9091797
0.7462921 -8.099533 7.109131
0.70344543 -7.95195 6.3378906
0.69392395 -7.713913 6.128418
0.7653351 -7.585373 5.9855957
0.8486481 -7.6353607 6.1498413
0.99861145 -7.856735 6.6401978
1.1771393 -7.9305267 6.771118
1.1676178 -7.7758026 7.085327
1.1152496 -7.4044647 7.180542
1.1223907 -7.123581 6.9258423
1.303299 -7.142624 6.775879
1.367569 -7.661545 6.7139893
1.3128204 -8.068588 6.3045654
1.0009918 -8.551804 5.9451294
0.58680725 -8.575607 5.8118286
0.30116272 -8.439926 6.1260376
0.32258606 -7.9995575 6.685425
0.57728577 -7.7734222 7.123413
0.8938751 -7.7186737 7.547119
1.2318878 -7.599655 7.3638306
1.0581207 -9.146896 9.8394165
2.2006989 -10.108566 7.7922974
1.7174835 -7.880539 3.9122925
0.15834045 -8.411362 6.704468
0.5177765 -7.513962 5.466675
1.0843048 -8.139999 6.7401733
1.6960602 -8.328049 6.6640015
1.7603302 -7.990036 6.5045166
1.1033478 -8.330429 7.804199
1.1152496 -8.299484 7.206726
0.85816956 -7.956711 6.8877563
0.67726135 -7.1473846 6.173645
0.87483215 -6.5570526 5.442871
1.2485504 -6.816513 5.3238525
1.3342438 -7.0902557 5.7713623
1.0366974 -7.4235077 6.3164673
0.5249176 -7.6329803 6.3616943
0.3773346 -7.6544037 6.018921
0.3368683 -7.5829926 5.9141846
0.36305237 -7.6591644 5.930847
0.37971497 -7.9091034 5.8737183
0.53681946 -8.204269 5.6523438
0.6248932 -8.639877 5.82135
0.2868805 -10.046677 7.630432
0.24403381 -11.441574 8.692078
0.5891876 -10.856003 6.256958
0.32972717 -10.713181 5.8618164
-0.18443298 -9.927658 6.7592163
-0.29631042 -8.761276 6.1498413
-0.18205261 -8.39946 6.768738
0.24165344 -8.07811 6.790161
0.4844513 -7.75914 6.8449097
0.4511261 -7.713913 7.130554
0.37257385 -7.604416 7.213867
0.16786194 -7.3140106 7.071045
-0.0035247803 -7.225937 6.9901123
-0.21775818 -7.0688324 6.544983
-0.3724823 -6.9141083 6.1427
-0.4557953 -7.0307465 5.9784546
-0.25346375 -7.0759735 5.859436
0.072647095 -7.5425262 5.254822
0.3106842 -7.9495697 4.481201
0.25117493 -8.382797 4.3359985
-0.017807007 -8.642258 4.562134
-0.23680115 -8.856491 5.0596313
-0.48912048 -8.854111 5.590454
-0.5795746 -8.766037 6.090332
-0.74858093 -8.682724 6.514038
-0.74858093 -8.537521 6.494995
-0.7819061 -8.470871 6.540222
-0.68907166 -8.504196 6.7235107
-0.42008972 -8.670822 6.763977
-0.23918152 -9.035019 6.283142
-0.25346375 -8.670822 6.1379395
-0.5272064 -8.542282 6.059387
-0.81999207 -8.3780365 6.1379395
-0.9675751 -8.316147 5.9189453
-1.0199432 -8.023361 5.9665527
-1.0128021 -7.956711 6.314087
-0.8318939 -7.835312 6.392639
-0.5462494 -7.906723 6.487854
-0.31059265 -8.170944 6.52594
-0.24632263 -8.358994 6.5045166
-0.35105896 -8.361374 6.1688843
Time Stop = 1457236969
