Time Start = 1457235783
-0.7200165 0.44361877 10.017944
1.393753 -0.5156708 10.225037
2.0340729 -0.76560974 10.086975
0.8200836 -0.5704193 10.025085
-0.91282654 -0.6037445 9.701355
-1.6078949 -1.0583954 9.727539
-0.8723602 -1.4797211 9.591858
0.29640198 -1.6511078 9.894165
0.83436584 -1.3678436 9.825134
0.4344635 -0.8536835 9.7751465
-0.39866638 -0.49900818 9.953674
-0.85331726 -0.37760925 9.779907
-0.58195496 -0.49424744 9.79657
0.0012359619 -0.677536 9.929871
0.31544495 -0.79893494 9.79657
0.08692932 -0.7703705 9.789429
-0.2320404 -0.6870575 9.896545
-0.4629364 -0.6870575 9.86322
-0.40818787 -0.825119 9.79895
-0.1415863 -0.8489227 9.853699
-0.034469604 -0.8846283 10.1536255
0.04170227 -0.9417572 9.739441
-0.008285522 -0.97984314 9.703735
-0.12730408 -1.0322113 9.994141
-0.14396667 -1.139328 9.858459
-0.15110779 -1.158371 9.772766
-0.12968445 -1.1607513 10.208374
-0.1749115 -1.0964813 10.058411
-0.24632263 -0.9488983 10.0060425
-0.25108337 -1.036972 9.977478
-0.2082367 -1.0964813 9.658508
-0.16300964 -1.2702484 9.887024
-0.1749115 -1.3678436 10.079834
-0.053512573 -1.5868378 10.136963
-0.38200378 -1.6296844 10.327393
-0.098739624 -1.8462982 9.806091
-0.122543335 -1.7415619 9.620422
-0.055892944 -2.1628876 9.877502
-0.1582489 -2.3985443 9.618042
-0.24394226 -2.531845 9.5252075
-0.332016 -2.531845 9.677551
-0.28440857 -2.5151825 9.484741
-0.29154968 -2.5199432 9.820374
-0.1915741 -2.729416 9.627563
-0.13682556 -2.9698334 9.482361
-0.1582489 -2.960312 8.827759
-0.1582489 -3.1555023 9.34906
-0.22013855 -3.660141 10.267883
-0.3153534 -3.769638 9.289551
-0.19395447 -3.436386 8.299316
-0.055892944 -3.5292206 9.496643
-0.053512573 -3.455429 10.336914
-0.053512573 -3.2602386 9.09198
-0.12968445 -2.7484589 9.177673
-0.20109558 -2.1248016 9.963196
-0.1582489 -1.6154022 9.698975
-0.098739624 -1.3154755 9.60376
-0.07493591 -1.1940765 9.965576
-0.060653687 -1.184555 9.86322
-0.04875183 -1.5511322 9.372864
0.19880676 -2.210495 10.855835
0.12739563 -1.9772186 9.920349
0.003616333 -1.8653412 10.327393
-0.122543335 -1.4297333 9.822754
-0.26060486 -0.7513275 10.158386
-0.06541443 -0.20622253 10.265503
0.04408264 0.055618286 9.92511
0.15119934 0.024673462 9.79657
1.2080841 -0.43711853 10.9748535
-0.30345154 0.1865387 9.444275
-1.4650726 -0.96318054 11.267639
-1.8221283 -2.0343475 11.01532
-1.6959686 -2.3533173 10.496399
-1.5269623 -2.7960663 12.350708
-0.80332947 -2.5104218 13.781311
-0.30345154 -1.8058319 14.274048
0.48683167 -3.8172455 14.03363
1.6032257 -6.5380096 11.665161
2.0364532 -9.120712 11.005798
1.8698273 -9.594406 10.574951
1.1461945 -8.249496 9.713257
0.5391998 -6.033371 9.979858
0.508255 -4.333786 11.086731
0.30592346 -2.7222748 11.679443
0.08692932 -1.6558685 11.9817505
0.010757446 -1.0893402 12.072205
0.12501526 -0.8417816 12.115051
0.31544495 -0.6870575 12.007935
0.4344635 -0.594223 11.736572
0.5106354 -0.81321716 11.6675415
0.46302795 -1.2297821 11.757996
0.41304016 -1.7368011 11.427124
0.29878235 -1.8272552 10.88916
0.2035675 -1.6939545 10.69397
0.25831604 -1.1988373 10.836792
0.36305237 -0.69181824 11.072449
0.5249176 -0.23002625 11.200989
0.6486969 0.16511536 11.084351
0.5844269 0.42933655 10.908203
0.48207092 0.74116516 10.701111
0.22975159 1.0101471 10.37738
-0.0035247803 1.2553253 10.196472
-0.06303406 1.6219025 9.817993
0.11073303 1.9123077 9.725159
0.26307678 1.9051666 9.551392
0.3511505 2.0955963 9.113403
0.32258606 2.009903 8.9991455
0.23927307 2.1741486 8.673035
0.032180786 2.4121857 8.087463
-0.31297302 2.7430573 7.623291
-0.6843109 3.0191803 7.1829224
-1.0294647 3.3357697 6.8044434
-1.1199188 3.6571198 6.6782837
-1.088974 3.992752 6.687805
-0.9509125 4.0784454 6.768738
-0.9889984 4.280777 6.642578
-1.1175385 4.2974396 6.3997803
-1.3865204 4.4235992 6.218872
-1.6769257 4.506912 6.040344
-1.8602142 4.6306915 5.749939
-1.9125824 4.8044586 5.738037
-1.9411469 4.818741 5.8189697
-1.9792328 4.9306183 5.942749
-1.993515 5.063919 5.961792
-2.0244598 5.037735 5.9070435
-2.1291962 5.087723 5.8570557
-2.1291962 5.1115265 5.8165894
-2.1815643 5.140091 6.045105
-2.2315521 5.0543976 6.3188477
-2.352951 5.00679 6.3831177
-2.4005585 4.723526 6.609253
-2.3553314 4.609268 6.7544556
-2.3434296 4.5402374 6.8044434
-2.3886566 4.6497345 6.852051
-2.4576874 4.8115997 6.897278
-2.5862274 5.0329742 6.942505
-2.686203 5.2900543 6.9663086
-2.640976 5.4638214 6.968689
-2.6743011 5.5876007 6.8187256
-2.7076263 5.749466 6.725891
-2.7861786 5.825638 6.5307007
-2.8409271 5.83992 6.499756
-2.9290009 5.844681 6.4926147
-2.9718475 5.7899323 6.4926147
-2.909958 5.7089996 6.5235596
-2.8480682 5.5733185 6.6782837
-2.7266693 5.39003 6.7615967
-2.7647552 5.268631 6.768738
-2.8504486 5.1496124 6.744934
-2.917099 5.154373 6.7615967
-2.879013 5.216263 6.666382
-2.85997 5.3543243 6.5878296
-2.7790375 5.473343 6.494995
-2.6695404 5.4781036 6.5545044
-2.6385956 5.5233307 6.5878296
-2.629074 5.461441 6.4973755
-2.6052704 5.39003 6.3688354
-2.5933685 5.4209747 6.3378906
-2.5100555 5.530472 6.3045654
-2.352951 5.635208 6.3807373
-2.1744232 5.685196 6.3640747
-2.1458588 5.808975 6.3164673
-2.288681 5.7661285 6.3807373
-2.4862518 5.768509 6.3616943
-2.629074 5.806595 6.3188477
-2.621933 5.8184967 6.3616943
-2.5267181 5.8827667 6.404541
-2.4624481 5.9184723 6.378357
-2.417221 5.935135 6.390259
-2.4791107 5.911331 6.456909
-2.6576385 5.911331 6.354553
-2.7266693 5.897049 6.4331055
-2.8314056 5.866104 6.5354614
-2.8028412 5.749466 6.6759033
-2.788559 5.6828156 6.699707
-2.7576141 5.6304474 6.6759033
-2.8123627 5.609024 6.6973267
-2.7528534 5.692337 6.6782837
-2.7623749 5.7399445 6.7401733
-2.6719208 5.828018 6.9329834
-2.679062 5.8113556 7.0377197
-2.679062 5.737564 7.1591187
-2.7171478 5.6875763 7.1638794
-2.712387 5.64711 6.9329834
-2.6528778 5.616165 6.9853516
-2.60289 5.661392 7.0305786
-2.564804 5.744705 7.052002
-2.5148163 5.749466 7.078186
-2.5529022 5.820877 7.10437
-2.5671844 5.8113556 7.116272
-2.5981293 5.71138 7.1591187
-2.5505219 5.6947174 7.225769
-2.53862 5.6685333 7.2091064
-2.5981293 5.763748 7.2162476
-2.5933685 5.7899323 7.2733765
-2.5338593 5.892288 7.3305054
-2.4672089 5.9589386 7.2614746
-2.4124603 5.908951 7.3114624
-2.28154 5.975601 7.335266
-2.3838959 5.975601 7.2424316
-2.417221 5.9589386 7.270996
-2.5814667 6.0660553 7.173401
-2.5743256 6.0660553 7.2543335
-2.4648285 5.9851227 7.2281494
-2.2863007 5.8827667 7.194824
-2.1720428 5.761368 7.1019897
-2.1744232 5.7470856 7.1186523
-2.2601166 5.7089996 7.1853027
-2.326767 5.723282 7.194824
-2.417221 5.718521 7.111511
-2.4338837 5.744705 7.0996094
-2.3767548 5.6947174 7.021057
-2.307724 5.6256866 6.9782104
-2.2958221 5.673294 7.0043945
-2.326767 5.6685333 6.9782104
-2.333908 5.704239 6.9972534
-2.3838959 5.6947174 7.082947
-2.4243622 5.6875763 7.021057
-2.3838959 5.680435 7.006775
-2.417221 5.6637726 6.97583
-2.3767548 5.685196 6.961548
-2.326767 5.692337 7.0996094
-2.3672333 5.723282 7.123413
-2.4076996 5.7351837 7.0758057
-2.429123 5.7328033 7.0353394
-2.4576874 5.7970734 7.021057
-2.436264 5.7708893 7.021057
-2.4410248 5.77565 6.9924927
-2.5076752 5.7161407 7.0186768
-2.5505219 5.718521 6.949646
-2.53862 5.6114044 6.9282227
-2.5290985 5.6185455 6.968689
-2.4838715 5.6947174 6.935364
-2.4410248 5.780411 7.0043945
-2.4505463 5.7542267 7.0234375
-2.5433807 5.744705 7.021057
-2.6623993 5.761368 7.025818
-2.660019 5.7328033 7.071045
-2.5981293 5.756607 6.9663086
-2.4957733 5.756607 7.082947
-2.4505463 5.77565 7.090088
-2.4600677 5.749466 7.1138916
-2.531479 5.7328033 7.1638794
-2.5148163 5.673294 7.1210327
-2.5219574 5.635208 7.187683
-2.493393 5.5423737 7.2495728
-2.429123 5.5209503 7.161499
-2.4648285 5.5019073 7.1781616
-2.4672089 5.544754 7.1853027
-2.519577 5.5161896 7.116272
-2.5410004 5.525711 7.180542
-2.4338837 5.544754 7.199585
-2.4076996 5.5399933 7.2281494
-2.3196259 5.5661774 7.2281494
-2.3862762 5.597122 7.2614746
-2.4957733 5.6685333 7.2686157
-2.5029144 5.661392 7.2471924
-2.5076752 5.659012 7.2876587
-2.448166 5.6566315 7.3305054
-2.3481903 5.6947174 7.244812
-2.3767548 5.697098 7.213867
-2.4219818 5.697098 7.213867
-2.5148163 5.7328033 7.187683
-2.5814667 5.680435 7.116272
-2.5719452 5.594742 7.1519775
-2.5148163 5.5804596 7.16626
-2.455307 5.5042877 7.1638794
-2.4267426 5.499527 7.2043457
-2.4457855 5.544754 7.256714
-2.4410248 5.5090485 7.1591187
-2.481491 5.530472 7.1210327
-2.4719696 5.594742 7.097229
-2.3934174 5.620926 7.2210083
-2.3291473 5.6494904 7.225769
-2.3386688 5.6709137 7.244812
-2.307724 5.756607 7.2281494
-2.3101044 5.77565 7.2662354
-2.3481903 5.7923126 7.199585
-2.326767 5.858963 7.161499
-2.2791595 5.8613434 7.256714
-2.2553558 5.806595 7.1567383
-2.2577362 5.7994537 7.16626
-2.269638 5.7470856 7.16626
-2.3220062 5.6947174 7.10437
-2.3957977 5.7542267 7.090088
-2.3957977 5.761368 7.082947
-2.436264 5.763748 7.1376953
-2.3815155 5.7209015 7.047241
-2.371994 5.7089996 7.0377197
-2.3101044 5.6756744 7.097229
-2.352951 5.613785 7.044861
-2.4148407 5.6447296 7.0234375
-2.448166 5.7137604 7.1257935
-2.4791107 5.6828156 7.1329346
-2.5100555 5.7066193 7.116272
-2.47435 5.620926 7.1210327
-2.4576874 5.6685333 7.0281982
-2.4219818 5.635208 7.111511
-2.391037 5.6494904 7.10437
-2.352951 5.6756744 7.1757813
-2.3434296 5.71138 7.1853027
-2.3886566 5.7209015 7.213867
-2.3577118 5.704239 7.2924194
-2.3862762 5.723282 7.23291
-2.3672333 5.7018585 7.2733765
-2.371994 5.6304474 7.16626
-2.2982025 5.6899567 7.2162476
-2.262497 5.678055 7.1329346
-2.2267914 5.6185455 7.154358
-2.21727 5.7018585 7.1757813
-2.3029633 5.6875763 7.1019897
-2.333908 5.71138 7.0234375
-2.3577118 5.697098 6.963928
-2.4196014 5.6328278 7.0186768
-2.3315277 5.6447296 6.999634
-2.3220062 5.578079 7.1329346
-2.314865 5.549515 7.1138916
-2.326767 5.530472 7.0186768
-2.3577118 5.532852 7.194824
-2.3957977 5.563797 7.0877075
-2.3553314 5.620926 7.1781616
-2.3767548 5.6518707 7.161499
-2.3957977 5.697098 7.2233887
-2.3886566 5.7089996 7.251953
-2.3886566 5.6709137 7.275757
-2.4196014 5.613785 7.2233887
-2.3862762 5.594742 7.2019653
-2.3672333 5.6233063 7.259094
-2.3220062 5.64711 7.2924194
-2.3220062 5.7328033 7.2733765
-2.3053436 5.756607 7.275757
-2.3101044 5.7542267 7.29718
-2.326767 5.7280426 7.2924194
-2.3672333 5.6875763 7.225769
-2.3791351 5.6518707 7.1829224
-2.300583 5.635208 7.1138916
-2.2648773 5.6304474 7.1376953
-2.2410736 5.6566315 7.066284
-2.205368 5.6566315 7.0615234
-2.3362885 5.673294 7.0281982
-2.3767548 5.6566315 7.0115356
-2.4862518 5.58284 6.9734497
-2.4719696 5.578079 6.935364
-2.398178 5.5590363 6.9282227
-2.34581 5.6185455 6.8449097
-2.2601166 5.64711 6.9710693
-2.2982025 5.620926 6.9901123
-2.3696136 5.5399933 7.206726
-2.4457855 5.4566803 7.3376465
-2.4862518 5.347183 7.378113
-2.4505463 5.344803 7.494751
-2.3600922 5.294815 7.4995117
-2.269638 5.3162384 7.597107
-2.2077484 5.511429 7.6447144
-2.1958466 5.5852203 7.6470947
-2.2482147 5.723282 7.7161255
-2.3386688 5.704239 7.775635
-2.2934418 5.6685333 7.7470703
-2.250595 5.6328278 7.673279
-2.2720184 5.537613 7.4804688
-2.2672577 5.5685577 7.5542603
-2.2839203 5.5209503 7.5185547
-2.250595 5.5090485 7.4995117
-2.28154 5.4209747 7.509033
-2.3101044 5.32576 7.520935
-2.3815155 5.256729 7.437622
-2.3553314 5.249588 7.437622
-2.3743744 5.3281403 7.3757324
-2.3196259 5.401932 7.418579
-2.2934418 5.532852 7.366211
-2.2910614 5.5542755 7.3305054
-2.3362885 5.601883 7.3685913
-2.3696136 5.6066437 7.3709717
-2.3815155 5.5661774 7.3495483
-2.3696136 5.5280914 7.29718
-2.3220062 5.549515 7.3067017
-2.2196503 5.5876007 7.316223
-2.1958466 5.6042633 7.301941
-2.179184 5.6423492 7.3043213
-2.2672577 5.6709137 7.36145
-2.307724 5.639969 7.2876587
-2.3600922 5.6637726 7.218628
-2.314865 5.6185455 7.290039
-2.2648773 5.5995026 7.211487
-2.1768036 5.556656 7.218628
-2.205368 5.5471344 7.2400513
-2.2577362 5.532852 7.211487
-2.333908 5.5042877 7.29718
-2.307724 5.5399933 7.2495728
-2.2529755 5.556656 7.290039
-2.250595 5.5019073 7.313843
-2.2934418 5.5352325 7.2210083
-2.3029633 5.5614166 7.2852783
-2.2767792 5.589981 7.225769
-2.2720184 5.6042633 7.3638306
-2.2458344 5.5876007 7.282898
-2.2482147 5.58284 7.340027
-2.2791595 5.5804596 7.290039
-2.3672333 5.597122 7.263855
-2.4219818 5.5733185 7.194824
-2.455307 5.5233307 7.192444
-2.3934174 5.513809 7.206726
-2.3053436 5.5019073 7.282898
-2.2410736 5.5233307 7.2805176
-2.269638 5.525711 7.3447876
-2.3481903 5.51857 7.3566895
-2.4196014 5.51857 7.3114624
-2.455307 5.525711 7.1591187
-2.4053192 5.5471344 7.1710205
-2.3029633 5.5733185 7.316223
-2.2553558 5.551895 7.3757324
-2.2672577 5.5542755 7.3566895
-2.2863007 5.5804596 7.42334
-2.34581 5.594742 7.328125
-2.3624725 5.628067 7.3947754
-2.364853 5.628067 7.36145
-2.250595 5.6494904 7.342407
-2.2410736 5.609024 7.2995605
-2.1720428 5.6256866 7.2876587
-2.2101288 5.58284 7.3114624
-2.2601166 5.551895 7.278137
-2.326767 5.589981 7.2233887
-2.4196014 5.6637726 7.1781616
-2.4267426 5.635208 7.256714
-2.3434296 5.597122 7.290039
-2.3029633 5.499527 7.23053
-2.2553558 5.4709625 7.194824
-2.2577362 5.461441 7.187683
-2.3029633 5.4971466 7.225769
-2.3862762 5.5233307 7.1853027
-2.4196014 5.5019073 7.1972046
-2.436264 5.466202 7.2233887
-2.3672333 5.468582 7.23053
-2.2767792 5.4209747 7.225769
-2.3053436 5.4543 7.2424316
-2.3434296 5.487625 7.1853027
-2.4243622 5.513809 7.1972046
-2.5171967 5.5590363 7.2043457
-2.4124603 5.578079 7.211487
-2.3934174 5.506668 7.211487
-2.2934418 5.492386 7.2614746
-2.2672577 5.506668 7.187683
-2.2982025 5.5423737 7.2400513
-2.391037 5.5209503 7.2614746
-2.429123 5.563797 7.2662354
-2.3957977 5.6042633 7.251953
-2.3243866 5.5852203 7.3447876
-2.3220062 5.659012 7.366211
-2.34581 5.6828156 7.366211
-2.3886566 5.692337 7.275757
-2.3743744 5.680435 7.3328857
-2.3838959 5.6328278 7.3328857
-2.4076996 5.597122 7.316223
-2.4124603 5.6185455 7.3828735
-2.3696136 5.5923615 7.328125
-2.3577118 5.5852203 7.3638306
-2.3410492 5.597122 7.3900146
-2.3291473 5.570938 7.3114624
-2.3624725 5.5685577 7.2995605
-2.3886566 5.544754 7.35907
-2.4196014 5.5685577 7.3186035
-2.4076996 5.51857 7.1900635
-2.3624725 5.5352325 7.2948
-2.3886566 5.5352325 7.256714
-2.3862762 5.5852203 7.2805176
-2.3696136 5.5852203 7.3376465
-2.3791351 5.589981 7.2233887
-2.3696136 5.6066437 7.213867
-2.41008 5.525711 7.244812
-2.3957977 5.506668 7.2924194
-2.3815155 5.466202 7.3114624
-2.352951 5.468582 7.187683
-2.314865 5.4376373 7.237671
-2.314865 5.499527 7.2210083
-2.2839203 5.5661774 7.3376465
-2.314865 5.563797 7.2995605
-2.3791351 5.5471344 7.3447876
-2.3696136 5.525711 7.1710205
-2.3886566 5.5471344 7.225769
-2.364853 5.530472 7.194824
-2.2743988 5.5661774 7.2043457
-2.28154 5.6185455 7.278137
-2.34581 5.5733185 7.2662354
-2.3791351 5.5542755 7.135315
-2.4267426 5.544754 7.2019653
-2.4005585 5.570938 7.173401
-2.3672333 5.594742 7.1900635
-2.333908 5.616165 7.2019653
-2.333908 5.6114044 7.149597
-2.307724 5.5995026 7.1757813
-2.3886566 5.563797 7.130554
-2.4672089 5.556656 7.16864
-2.493393 5.532852 7.16626
-2.4862518 5.5542755 7.1900635
-2.4434052 5.549515 7.173401
-2.3815155 5.5804596 7.23053
-2.3481903 5.5685577 7.328125
-2.3172455 5.5423737 7.328125
-2.3600922 5.5661774 7.2662354
-2.3838959 5.5090485 7.3709717
Time Stop = 1457235788
