Time Start = 1457235757
-0.51768494 -1.3630829 9.334778
1.8341217 -3.1102753 10.039368
2.7124786 -4.031479 10.655884
1.9317169 -3.7101288 10.320251
0.051223755 -2.6865692 9.534729
-1.3508148 -1.9629364 9.403809
-1.486496 -1.7606049 9.303833
-0.5057831 -2.217636 9.568054
0.60346985 -2.7341766 9.722778
0.9438629 -3.0269623 9.815613
0.57014465 -2.993637 9.789429
-0.13920593 -2.6603851 9.641846
-0.5391083 -2.377121 9.515686
-0.38200378 -2.3866425 9.468079
-0.060653687 -2.6603851 9.549011
0.28450012 -2.8912811 9.613281
0.31782532 -3.3506927 9.770386
0.18452454 -3.9457855 9.870361
0.034561157 -4.1885834 9.529968
-0.013046265 -4.2266693 9.765625
0.010757446 -4.1195526 9.703735
-0.0059051514 -4.090988 9.429993
0.02027893 -4.243332 9.694214
-0.10826111 -4.969345 9.577576
0.027420044 -6.047653 9.106262
0.32972717 -6.8593597 8.932495
0.17262268 -7.123581 9.380005
-0.120162964 -8.094772 9.7751465
-2.0244598 -5.90007 15.937927
-0.80332947 -4.5551605 9.0824585
-2.4386444 -5.969101 9.689453
-2.0077972 -8.275681 12.49115
0.06788635 -8.232834 11.489014
0.7058258 -7.792465 10.755859
0.22737122 -7.335434 11.046265
-0.17729187 -6.4856415 11.060547
-0.36296082 -5.7786713 11.312866
-0.627182 -5.5239716 11.736572
-0.9390106 -5.3192596 11.610413
-1.0675507 -4.845566 11.098633
-0.95329285 -4.1838226 10.56543
-0.65574646 -3.5339813 10.110779
-0.25346375 -2.81987 10.286926
0.19880676 -2.7198944 10.903442
0.5153961 -1.8201141 11.284302
0.87483215 -1.2012177 11.369995
0.9605255 -0.5894623 11.350952
0.9105377 0.24842834 10.793945
0.66059875 0.669754 10.294067
0.4582672 0.919693 10.474976
0.36543274 1.1482086 10.513062
0.35591125 2.0027618 9.3966675
0.52015686 3.2262726 8.342163
0.79389954 4.3926544 8.180298
1.3532867 4.6949615 9.296692
1.7055817 4.5997467 10.884399
1.8864899 5.3281403 10.851074
2.0554962 6.3231354 9.427612
2.0650177 5.794693 8.801575
1.4270782 4.818741 8.251709
0.6225128 4.671158 7.111511
0.08692932 4.36409 6.7925415
-0.16062927 4.333145 6.4188232
-0.17967224 4.709244 6.147461
-0.058273315 4.7520905 6.556885
0.01789856 4.690201 7.0115356
-0.21537781 5.00441 6.9258423
-0.5129242 4.8306427 6.9472656
-0.74620056 4.4569244 6.9329834
-0.89616394 4.197464 6.687805
-1.069931 4.17128 6.454529
-1.1841888 3.8523102 6.3164673
-1.2198944 4.1998444 5.814209
-1.2389374 3.9998932 5.987976
-1.3341522 3.9380035 6.159363
-1.4198456 3.799942 6.4069214
-1.4603119 3.8808746 6.609253
-1.44841 4.185562 6.916321
-1.5436249 4.499771 7.047241
-1.7007294 4.737808 7.1067505
-1.9054413 4.7140045 6.8306274
-2.0720673 4.7520905 6.423584
-2.1315765 4.7211456 6.2093506
-2.1482391 4.7259064 6.211731
-2.1768036 5.0163116 6.0736694
-2.0435028 4.9068146 6.090332
-1.9958954 4.6187897 6.435486
-1.8959198 4.863968 6.4188232
-1.993515 5.2329254 6.4473877
-1.9839935 5.6328278 6.6711426
-2.0458832 5.7732697 6.9282227
-2.0101776 5.7732697 6.9448853
-1.8697357 5.832779 6.666382
-1.8149872 5.654251 6.602112
-1.8292694 5.5804596 6.518799
-1.8316498 5.492386 6.385498
-1.9839935 5.366226 6.295044
-2.0339813 5.1496124 6.5307007
-1.9459076 5.204361 6.816345
-1.762619 5.530472 7.256714
-1.6293182 5.64711 7.7494507
-1.5579071 5.782791 7.6447144
-1.5912323 5.6709137 7.335266
-1.9125824 5.185318 7.335266
-2.0435028 4.8687286 7.085327
-2.0411224 4.8235016 7.109131
-1.9982758 5.26149 7.063904
-1.8816376 5.2138824 7.3876343
-1.8887787 4.9115753 7.513794
-1.9554291 4.7830353 7.309082
-2.031601 4.5973663 7.313843
-2.1196747 4.625931 7.482849
-2.0458832 4.716385 7.4661865
-1.8744965 4.7449493 7.5875854
-1.8030853 4.9758453 7.4971313
-1.7649994 5.109146 7.578064
-1.8863983 5.173416 7.5542603
-1.9578094 5.223404 7.5614014
-2.0530243 5.223404 7.6447144
-1.9149628 5.1638947 7.7280273
-1.7911835 5.0234528 7.9279785
-1.7316742 5.049637 7.801819
-1.7507172 5.13533 7.887512
-1.7983246 5.1115265 7.918457
-1.8078461 5.1638947 7.904175
-1.7578583 5.2472076 7.868469
-1.6459808 5.2472076 7.8113403
-1.5864716 5.1234283 7.8303833
-1.6245575 4.9496613 7.9351196
-1.7150116 4.9758453 7.9327393
-1.7864227 5.0543976 7.951782
-1.7507172 5.1615143 7.9732056
-1.698349 5.242447 7.828003
-1.6102753 5.2543488 7.8779907
-1.5388641 5.2971954 7.668518
-1.4793549 5.3567047 7.6375732
-1.5388641 5.3567047 7.661377
-1.5745697 5.3757477 7.5566406
-1.6483612 5.363846 7.661377
-1.6816864 5.2781525 7.706604
-1.6316986 5.26149 7.623291
-1.6055145 5.1948395 7.6018677
-1.679306 5.140091 7.6209106
-1.717392 5.121048 7.623291
-1.7911835 5.1067657 7.5614014
-1.8483124 5.128189 7.570923
-1.7888031 5.116287 7.4542847
-1.679306 5.1996 7.4066772
-1.595993 5.280533 7.3900146
-1.6031342 5.2329254 7.6066284
-1.6864471 5.087723 7.630432
-1.7602386 4.973465 7.589966
-1.762619 5.063919 7.611389
-1.6316986 5.218643 7.6447144
-1.5436249 5.282913 7.7542114
-1.5460052 5.3876495 7.713745
-1.595993 5.4638214 7.5304565
-1.6650238 5.5352325 7.4209595
-1.6602631 5.5614166 7.3685913
-1.5793304 5.551895 7.566162
-1.5293427 5.601883 7.4709473
-1.4983978 5.4209747 7.720886
-1.5198212 5.3495636 7.737549
-1.6007538 5.185318 7.866089
-1.6864471 5.192459 7.7494507
-1.7197723 5.2257843 7.656616
-1.6388397 5.3305206 7.7994385
-1.5840912 5.401932 7.6970825
-1.5840912 5.4590607 7.609009
-1.5293427 5.487625 7.513794
-1.5864716 5.3495636 7.5423584
-1.6269379 5.204361 7.7042236
-1.6412201 5.0210724 7.87323
-1.6364594 4.966324 7.989868
-1.6031342 5.011551 7.9089355
-1.4983978 5.0805817 8.00415
-1.4579315 5.1424713 8.037476
-1.3889008 5.230545 7.9732056
-1.4698334 5.237686 7.975586
-1.5912323 5.3281403 7.8589478
-1.5912323 5.409073 7.751831
-1.5936127 5.449539 7.828003
-1.5364838 5.4519196 7.8518066
-1.4650726 5.4543 7.8184814
-1.4269867 5.4066925 7.9327393
-1.3984222 5.442398 7.8327637
-1.4769745 5.363846 7.756592
-1.550766 5.313858 7.7113647
-1.5198212 5.3543243 7.6375732
-1.4269867 5.401932 7.692322
-1.4103241 5.3876495 7.675659
-1.4460297 5.4376373 7.6447144
-1.4603119 5.3614655 7.692322
-1.531723 5.3424225 7.5566406
-1.5650482 5.3114777 7.6185303
-1.5721893 5.1996 7.623291
-1.5460052 5.1805573 7.559021
-1.4698334 5.2067413 7.6066284
-1.4722137 5.2281647 7.630432
-1.5079193 5.235306 7.630432
-1.6078949 5.2091217 7.642334
-1.7102509 5.2019806 7.656616
-1.7007294 5.113907 7.6375732
-1.6912079 5.1115265 7.673279
-1.6436005 5.178177 7.6399536
-1.4960175 5.2281647 7.5637817
-1.4650726 5.19722 7.6589966
-1.486496 5.223404 7.739929
-1.5745697 5.2448273 7.7423096
-1.634079 5.1996 7.7304077
-1.6816864 5.178177 7.6375732
-1.6102753 5.218643 7.649475
-1.4555511 5.211502 7.654236
-1.3722382 5.2638702 7.7018433
-1.3984222 5.344803 7.756592
-1.4841156 5.2781525 7.751831
-1.595993 5.294815 7.6851807
-1.5769501 5.218643 7.656616
-1.4983978 5.1757965 7.623291
-1.3960419 5.166275 7.673279
-1.2865448 5.140091 7.7089844
-1.3317719 5.109146 7.6970825
-1.4246063 5.1567535 7.6589966
-1.5364838 5.2019806 7.6137695
-1.5555267 5.2257843 7.585205
-1.5769501 5.2210236 7.6018677
-1.5222015 5.223404 7.5828247
-1.4650726 5.230545 7.7018433
-1.4246063 5.1805573 7.6970825
-1.4341278 5.223404 7.673279
-1.5198212 5.1567535 7.6970825
-1.531723 5.109146 7.7470703
-1.5436249 5.147232 7.6256714
-1.4912567 5.121048 7.6637573
-1.4388885 5.173416 7.725647
-1.44841 5.1805573 7.7280273
-1.4960175 5.2138824 7.770874
-1.4960175 5.2543488 7.7613525
-1.4626923 5.378128 7.7542114
-1.3912811 5.404312 7.7113647
-1.403183 5.447159 7.8184814
-1.4388885 5.4066925 7.8827515
-1.51268 5.3947906 7.906555
-1.486496 5.299576 7.880371
-1.4793549 5.2543488 7.887512
-1.3793793 5.3090973 7.963684
-1.3674774 5.3495636 7.970825
-1.4507904 5.366226 7.892273
-1.5412445 5.332901 7.835144
-1.5650482 5.3376617 7.7875366
-1.5007782 5.3090973 7.8446655
-1.4603119 5.280533 7.8327637
-1.4246063 5.2091217 7.8375244
-1.4436493 5.1567535 7.949402
-1.467453 5.1757965 7.8779907
-1.5364838 5.0662994 7.8637085
-1.5341034 5.052017 7.842285
-1.5531464 5.0139313 7.7232666
-1.4769745 5.0234528 7.7661133
-1.4555511 5.056778 7.7851563
-1.505539 5.109146 7.880371
-1.5245819 5.1186676 7.7661133
-1.5483856 5.06868 7.8494263
-1.5483856 5.018692 7.725647
-1.5031586 5.082962 7.7803955
-1.3627167 5.0924835 7.8184814
-1.4055634 5.1424713 7.8256226
-1.4293671 5.1377106 7.782776
-1.4745941 5.1496124 7.649475
-1.5412445 5.140091 7.737549
-1.5936127 5.2329254 7.7113647
-1.5579071 5.1686554 7.763733
-1.51268 5.094864 7.8113403
-1.4912567 5.140091 7.661377
-1.4555511 5.154373 7.737549
-1.422226 5.2638702 7.789917
-1.4841156 5.2710114 7.828003
-1.5222015 5.2329254 7.7875366
-1.5364838 5.218643 7.737549
-1.5198212 5.1305695 7.842285
-1.4817352 5.116287 7.8065796
-1.4388885 5.056778 7.923218
-1.4650726 5.075821 7.8184814
-1.4960175 5.0996246 7.7684937
-1.4650726 5.0924835 7.7613525
-1.4412689 5.1448517 7.758972
-1.4769745 5.121048 7.8494263
-1.4174652 5.1615143 7.80896
-1.4531708 5.1258087 7.8494263
-1.4888763 5.116287 7.8446655
-1.4722137 5.1305695 7.7661133
-1.5460052 5.1377106 7.7994385
-1.5483856 5.1115265 7.789917
-1.5293427 5.121048 7.8184814
-1.51268 5.075821 7.7851563
-1.4626923 5.075821 7.816101
-1.5150604 5.0353546 7.8589478
-1.5364838 5.0424957 7.835144
-1.5555267 5.06868 7.911316
-1.5674286 5.13295 7.835144
-1.505539 5.0924835 7.925598
-1.5341034 5.1686554 7.8946533
-1.4912567 5.1377106 7.887512
-1.4507904 5.1686554 7.925598
-1.3769989 5.1948395 7.9970093
-1.3365326 5.204361 8.051758
-1.3508148 5.235306 7.975586
-1.4412689 5.2472076 7.951782
-1.4293671 5.242447 7.9208374
-1.4603119 5.1996 7.892273
-1.4388885 5.1948395 7.9160767
-1.4365082 5.1876984 7.87323
-1.3936615 5.154373 7.7494507
-1.3746185 5.2400665 7.801819
-1.3984222 5.1234283 7.7304077
-1.486496 5.166275 7.7803955
-1.4983978 5.230545 7.7661133
-1.4388885 5.109146 7.7351685
-1.3960419 5.0924835 7.6637573
-1.38414 5.0234528 7.68042
-1.3412933 4.9901276 7.6661377
-1.3936615 4.9948883 7.7280273
-1.4079437 5.011551 7.6970825
-1.4341278 5.056778 7.6828003
-1.4769745 5.063919 7.68042
-1.4888763 5.0924835 7.6780396
-1.44841 5.0329742 7.642334
-1.3531952 5.0734406 7.6137695
-1.281784 5.1043854 7.6209106
-1.3032074 5.2091217 7.623291
-1.3912811 5.159134 7.7018433
-1.4817352 5.159134 7.7875366
-1.5364838 5.1186676 7.739929
-1.5031586 5.0924835 7.718506
-1.4983978 5.06868 7.737549
-1.486496 5.121048 7.828003
-1.4888763 5.1115265 7.7851563
-1.51268 5.185318 7.801819
-1.4722137 5.218643 7.847046
-1.5007782 5.218643 7.8303833
-1.4912567 5.1496124 7.8637085
-1.5174408 5.109146 7.8565674
-1.6126556 5.094864 7.8637085
-1.5626678 5.052017 7.8375244
-1.5388641 5.1043854 7.8637085
-1.4436493 5.082962 7.930359
-1.3698578 5.0472565 7.975586
-1.4055634 5.07106 7.989868
-1.4698334 5.056778 7.956543
-1.5031586 5.090103 7.8637085
-1.5293427 5.109146 7.8565674
-1.5150604 5.1567535 7.804199
-1.5460052 5.113907 7.7423096
-1.5817108 5.0853424 7.8184814
-1.6007538 5.087723 7.8256226
-1.6221771 5.0329742 7.7946777
-1.595993 5.0543976 7.797058
-1.5436249 5.056778 7.797058
-1.5888519 5.030594 7.7089844
-1.6174164 5.0805817 7.597107
-1.6507416 4.9758453 7.661377
-1.6935883 4.923477 7.7542114
-1.6555023 4.8496857 7.7851563
-1.6483612 4.8092194 7.842285
-1.550766 4.8544464 7.8303833
-1.5150604 4.8663483 7.899414
-1.5222015 4.837784 7.885132
-1.5650482 4.871109 7.9470215
-1.5436249 4.94014 7.968445
-1.4983978 5.0234528 7.8946533
-1.4817352 5.0615387 7.9089355
-1.4555511 5.1448517 8.00415
-1.3912811 5.140091 8.056519
-1.3960419 5.1805573 8.044617
-1.3722382 5.1115265 7.9541626
-1.3032074 5.166275 8.020813
-1.2222748 5.1686554 7.9851074
-1.2032318 5.204361 7.944641
-1.1675262 5.2329254 7.854187
-1.1841888 5.19722 7.880371
-1.1794281 5.204361 7.763733
-1.2317963 5.171036 7.797058
-1.2889252 5.1067657 7.80896
-1.2675018 5.087723 7.8946533
-1.2198944 5.0020294 7.8256226
-1.2032318 4.94014 7.899414
-1.1651459 5.0020294 7.9160767
-1.134201 5.0972443 7.8256226
-1.1627655 5.0996246 7.9208374
-1.1984711 5.07106 7.951782
-1.2579803 5.0805817 7.9470215
-1.2460785 5.1043854 8.030334
-1.2651215 5.1496124 8.051758
-1.3412933 5.1829376 8.170776
-1.300827 5.1305695 8.061279
-1.2865448 5.1043854 8.113647
-1.2603607 5.075821 8.025574
-1.2246552 5.0805817 7.9589233
-1.236557 5.018692 8.023193
-1.2127533 4.9901276 8.035095
-1.236557 4.909195 8.027954
-1.236557 4.9306183 8.044617
-1.1222992 4.921097 8.142212
-1.0223236 4.8687286 8.070801
-0.97709656 4.859207 8.080322
-1.0294647 4.9115753 8.070801
-1.0984955 4.9258575 7.9970093
-1.0556488 4.902054 8.025574
-0.97709656 4.954422 7.9993896
-0.9318695 4.9496613 7.9541626
-0.96043396 4.916336 7.9589233
-0.99375916 4.928238 7.970825
-1.1032562 4.9329987 7.9422607
-1.172287 4.9639435 7.9279785
-1.1865692 5.0234528 7.923218
-1.2032318 4.9829865 7.904175
-1.1294403 4.9329987 7.8827515
-1.1603851 4.9306183 7.885132
-1.1794281 4.8877716 7.8898926
-1.2436981 4.8687286 7.8970337
-1.3151093 4.863968 7.956543
-1.300827 4.8877716 7.9613037
-1.3127289 4.863968 7.9279785
-1.274643 4.923477 7.956543
-1.19133 4.9591827 7.9851074
-1.1103973 4.966324 8.00415
-1.1770477 4.985367 8.016052
-1.2413177 4.9782257 8.12793
-1.2460785 4.992508 8.061279
-1.2079926 5.0020294 8.120789
-1.134201 4.961563 8.13031
-1.0770721 4.9829865 8.213623
-1.088974 4.973465 8.216003
-1.0818329 4.9782257 8.182678
-0.9723358 5.0139313 8.080322
-0.9961395 4.9829865 8.0946045
-1.0199432 5.0615387 8.06842
-1.0604095 5.0353546 8.125549
-1.0842133 5.00441 8.058899
-1.1008759 4.954422 7.968445
-1.19133 4.8949127 7.9470215
-1.1413422 4.852066 7.8065796
-1.1770477 4.8615875 7.861328
-1.1603851 4.825882 7.880371
-1.2222748 4.8235016 7.8589478
-1.2198944 4.711624 7.9208374
-1.2294159 4.7282867 7.8756104
-1.2103729 4.799698 7.8494263
-1.2056122 4.8044586 7.9613037
-1.2413177 4.859207 7.9922485
-1.2627411 4.8663483 7.9422607
-1.3174896 4.883011 7.9732056
-1.2936859 4.8734894 7.9160767
-1.3246307 4.8544464 7.887512
-1.2698822 4.840164 8.008911
-1.2222748 4.8877716 7.994629
-1.1508636 4.844925 7.9970093
-1.1365814 4.9139557 8.089844
-1.1127777 4.9187164 8.080322
-1.0913544 4.966324 8.12793
-1.1032562 4.9710846 8.056519
-1.0675507 5.0163116 8.075562
-1.0580292 5.0139313 8.154114
-1.0532684 5.0591583 8.125549
-1.024704 5.06868 8.13031
-1.0937347 5.063919 8.099365
-1.0961151 5.094864 8.049377
-1.0961151 5.0734406 8.032715
-1.0865936 5.0401154 7.9208374
-1.0913544 5.1424713 7.880371
-1.0270844 5.0329742 7.9160767
-0.99375916 5.0353546 8.013672
-0.91282654 5.159134 7.7946777
-0.941391 5.00679 7.847046
-1.024704 4.890152 8.044617
-1.1461029 4.923477 8.13031
-1.2436981 5.018692 8.166016
-1.1651459 5.0615387 8.173157
-1.1675262 5.0782013 8.120789
-1.1318207 4.987747 8.06366
-1.1199188 4.916336 8.023193
-1.1032562 4.8949127 7.9993896
-1.1127777 4.885391 7.944641
-1.1270599 4.9115753 7.970825
-1.1484833 4.935379 7.9470215
-1.1770477 4.890152 7.9660645
-1.19133 4.87825 7.994629
-1.2341766 4.897293 7.9803467
-1.2151337 4.9258575 7.968445
-1.1889496 4.9972687 8.025574
-1.1794281 5.011551 8.080322
-1.1818085 5.025833 8.056519
-1.1437225 5.0805817 8.035095
-1.1413422 5.0805817 7.9970093
-1.1484833 5.1305695 8.039856
-1.1627655 5.094864 8.016052
-1.1627655 5.0543976 7.987488
-1.1746674 4.961563 8.096985
-1.1294403 4.8734894 8.077942
-1.153244 4.856827 8.025574
Time Stop = 1457235762
