Time Start = 1457235235
2.843399 0.08656311 7.8827515
2.952896 0.5959625 8.96582
2.2197418 1.3148346 9.551392
1.3889923 1.6742706 9.848938
1.0700226 2.1146393 9.777527
1.3247223 2.0598907 10.034607
1.5508575 1.8408966 9.79657
1.681778 1.464798 9.294312
1.7769928 1.0886993 8.89679
1.9055328 0.95539856 8.711121
1.8055573 1.0625153 8.8349
1.6889191 1.3005524 8.844421
1.5056305 1.5147858 8.775391
1.4104156 1.4766998 8.870605
1.2699738 1.3219757 8.911072
1.2985382 1.1767731 8.884888
1.5103912 1.169632 8.782532
1.7198639 1.252945 8.911072
1.707962 1.1672516 8.792053
1.6413116 1.131546 8.680176
1.6151276 1.0339508 8.563538
1.6294098 1.2172394 8.363586
1.7865143 1.5076447 8.135071
1.976944 1.8408966 7.8303833
2.0816803 2.1051178 7.475708
2.1745148 2.3336334 7.0948486
2.2245026 2.5288239 6.6592407
2.3006744 2.9287262 6.01178
2.3649445 3.14534 5.5476074
2.40065 3.1691437 5.121521
2.438736 2.7382965 4.466919
2.5886993 2.195572 3.679016
2.8981476 1.5552521 3.0863037
3.2575836 0.8387604 2.7720947
3.824112 0.2769928 2.4221802
4.32399 -0.10862732 2.157959
4.7310333 -0.25382996 1.9175415
5.042862 -0.2419281 1.4605103
5.330887 0.06513977 1.067749
5.8045807 0.15797424 0.81781006
6.2782745 -0.14671326 0.5274048
6.5615387 -0.299057 -0.06768799
7.956436 -0.5394745 -0.6508789
9.951187 -1.0250702 -1.8244019
12.050674 -1.5654144 -3.5144653
14.340591 -2.184311 -4.7808228
15.42366 -2.7032318 -6.1447754
15.856888 -3.364975 -6.566101
16.13301 -3.9648285 -6.7946167
16.811417 -4.402817 -6.7612915
17.865921 -4.512314 -5.9519653
18.777603 -4.095749 -5.1188354
19.327469 -3.929123 -4.5404053
19.327469 -4.1885834 -4.140503
19.327469 -4.4266205 -3.7263184
19.327469 -5.185959 -4.0214844
19.327469 -6.233322 -5.4639893
19.327469 -8.278061 -7.2754517
19.327469 -11.003586 -7.918152
19.327469 -12.598434 -8.322815
19.327469 -12.198532 -8.194275
18.708572 -11.182114 -6.899353
17.949234 -10.679855 -5.435425
17.79689 -10.791733 -3.262146
16.951859 -11.308273 -3.2788086
15.595047 -10.863144 -4.031006
15.345108 -11.329697 -1.4935303
14.116837 -12.269943 -1.0031738
12.203018 -12.672226 -2.8217773
10.54866 -12.05809 -2.4385376
9.951187 -9.925278 -1.6244507
10.189224 -7.0188446 -0.86035156
10.834305 -4.4123383 0.2869873
11.522232 -3.6625214 1.9580078
11.867386 -4.2409515 2.972046
12.105423 -4.852707 2.7578125
11.907852 -5.783432 2.331726
11.343704 -6.3190155 1.9699097
10.634354 -6.4808807 1.6033325
9.974991 -6.6903534 1.1772461
9.7417145 -6.745102 0.9939575
9.625076 -6.533249 0.7344971
9.591751 -6.3047333 0.38220215
9.617935 -6.078598 -0.20098877
9.64888 -6.104782 -0.8008423
9.672684 -6.1714325 -1.157898
9.965469 -6.1595306 -0.9460449
10.508194 -5.9524384 -0.47473145
11.343704 -5.435898 -0.19146729
12.105423 -4.5932465 -0.27478027
12.624344 -3.6625214 -0.5604248
12.752884 -3.1364594 -0.8079834
12.46962 -3.2769012 -1.0960083
12.27681 -3.8672333 -1.0436401
12.200638 -4.083847 -1.0079346
12.041153 -4.2647552 -1.664917
12.229202 -4.4575653 -2.3242798
12.567215 -4.6765594 -2.800354
13.024246 -4.595627 -3.076477
13.569351 -4.4861298 -3.281189
14.019241 -4.474228 -3.3168945
14.045425 -4.367111 -3.0931396
14.016861 -4.2338104 -3.614441
14.447708 -4.68132 -3.2407227
14.914261 -4.700363 -2.633728
14.759537 -4.0790863 -2.4456787
14.181107 -3.1459808 -2.0124512
13.440811 -1.877243 -1.68396
12.602921 -0.18003845 -1.4602051
11.910233 1.9860992 -1.3983154
11.741226 5.4900055 -1.5649414
10.662918 7.172928 -0.22003174
8.68483 5.4852448 1.8770752
7.411331 5.3114777 1.381958
6.866226 4.261734 0.92492676
6.82576 2.8787384 0.78686523
7.2732697 2.5288239 0.37268066
7.9064484 2.574051 -0.17956543
8.608658 2.5526276 -0.17718506
9.046646 2.4193268 -0.3128662
9.001419 1.824234 -0.4295044
8.718155 0.84828186 -0.41046143
8.422989 -0.1847992 -0.4033203
8.256363 -1.0679169 -0.6199341
8.225418 -1.6273041 -0.7651367
8.17067 -2.0533905 -0.78656006
8.065933 -2.017685 -0.91033936
8.082596 -1.9962616 -1.0507813
8.177811 -2.3057098 -1.9243774
8.708633 -3.4006805 -2.4337769
9.26326 -4.7170258 -2.6123047
9.07045 -5.559677 -3.2954712
9.294205 -5.307358 -3.4835205
9.796463 -4.0148163 -2.9979248
10.129715 -2.5984955 -2.5789795
10.648636 -1.3726044 -1.8672485
11.0247345 -0.42045593 -1.2007446
11.112808 -0.16575623 -0.66516113
10.946182 -0.3490448 -0.29144287
10.965225 -0.63230896 -0.54138184
11.398453 -0.88938904 -0.82702637
11.855484 -0.9822235 -0.84606934
12.003067 -0.99412537 -0.9579468
11.784073 -1.1702728 -0.6080322
11.4674835 -1.3273773 -0.43188477
11.129471 -1.4559174 -0.215271
10.915237 -1.7748871 0.13464355
10.820023 -2.1128998 0.36791992
10.667679 -2.3104706 0.5155029
10.4986725 -2.5104218 0.59643555
10.401077 -2.7651215 0.7392578
10.496292 -2.9246063 0.66070557
10.603409 -3.0222015 0.5916748
10.660538 -3.0674286 0.56311035
10.681961 -3.191208 0.64642334
10.722427 -3.2697601 0.57025146
10.693863 -3.217392 0.55358887
10.817642 -3.0745697 0.90826416
10.879532 -2.9983978 1.1962891
10.93428 -2.8698578 1.3272095
10.889053 -2.8151093 1.4343262
10.874771 -2.7889252 1.4771729
10.846207 -2.7770233 1.5223999
10.905716 -2.9579315 1.5366821
10.948563 -3.1221771 1.6914063
10.989029 -3.2292938 1.6176147
11.129471 -3.4768524 1.6104736
11.303238 -3.7029877 1.6628418
11.548416 -3.9148407 1.5200195
11.741226 -4.050522 1.5366821
12.003067 -4.205246 1.4771729
12.298233 -4.2790375 1.5247803
12.60054 -4.1695404 1.4985962
12.586258 -3.948166 1.3105469
12.488663 -3.7148895 1.0058594
12.426773 -3.4649506 0.9058838
12.521988 -3.364975 0.86065674
12.714798 -3.2411957 0.86065674
12.864761 -3.1626434 0.9273071
13.124222 -3.217392 0.90112305
13.514603 -3.1436005 0.8701782
13.862137 -3.1102753 0.90112305
13.9240265 -3.1007538 0.91064453
13.528885 -3.088852 0.8059082
12.464859 -3.1769257 0.5083618
11.498428 -3.2530975 0.17272949
10.689102 -3.1483612 -0.103393555
10.16304 -3.1007538 -0.49853516
10.001175 -3.1031342 -0.81274414
9.977371 -3.1459808 -0.991272
9.941666 -3.2507172 -1.1507568
9.925003 -3.3245087 -1.4292603
10.158279 -3.4173431 -1.5839844
10.489151 -3.3435516 -1.7506104
10.829544 -3.2507172 -1.9767456
10.943802 -3.1174164 -2.126709
10.831924 -3.1007538 -2.1671753
10.724808 -3.1102753 -2.2433472
10.905716 -3.3411713 -1.9219971
11.37941 -3.4839935 -1.7696533
11.798355 -3.384018 -2.1790771
11.979263 -3.069809 -2.3218994
11.810257 -2.6103973 -2.357605
11.374649 -2.036728 -2.2504883
10.903336 -1.5463715 -2.0410156
10.634354 -1.2535858 -1.7339478
10.401077 -1.2702484 -1.3840332
10.258255 -1.47258 -1.0888672
10.16304 -1.6249237 -0.91986084
10.284439 -1.703476 -1.074585
10.496292 -1.6725311 -0.9984131
10.586746 -1.6987152 -1.2531128
10.474869 -1.646347 -1.4030762
10.277298 -1.6320648 -1.4816284
10.046402 -1.6630096 -1.3269043
9.727432 -1.6963348 -1.3126221
9.3441925 -1.8177338 -1.3554688
9.189468 -1.7963104 -1.2959595
9.106155 -1.7844086 -1.2435913
8.889542 -1.6891937 -1.3173828
8.641983 -1.4821014 -1.1983643
8.437271 -1.3583221 -1.138855
8.211136 -1.3011932 -1.0531616
7.987381 -1.2274017 -1.1221924
7.7326813 -1.1417084 -1.1793213
7.6565094 -1.0964813 -1.2007446
7.7422028 -1.0988617 -1.2388306
8.063553 -1.075058 -1.222168
8.55629 -1.139328 -1.1555176
9.0299835 -1.2369232 -1.2388306
9.291824 -1.324997 -1.2840576
9.308487 -1.4392548 -1.2126465
9.060928 -1.5725555 -1.1317139
8.694351 -1.6415863 -0.9127197
8.442032 -1.7344208 -0.6508789
8.649124 -1.7701263 -0.46759033
9.229935 -1.8034515 -0.40570068
9.725052 -1.8724823 -0.5675659
10.089249 -1.9177094 -0.7841797
10.296341 -1.9129486 -1.0460205
10.527237 -1.8558197 -1.2174072
10.696243 -1.7915497 -1.2911987
10.631973 -1.7915497 -1.222168
10.384415 -2.0010223 -0.90319824
10.063065 -2.2271576 -0.6008911
9.813126 -2.5366058 -0.43902588
9.64888 -2.8627167 -0.4033203
9.475113 -3.2840424 -0.3723755
9.367996 -3.6553802 -0.31048584
9.341812 -3.9576874 -0.20812988
9.377518 -4.238571 -0.105773926
9.346573 -4.345688 -0.012939453
9.437027 -4.4194794 0.14178467
9.615555 -4.4194794 0.49645996
9.853592 -4.283798 0.68688965
10.151138 -4.083847 0.7821045
10.405838 -3.917221 0.56073
10.708145 -3.6958466 0.32269287
11.067581 -3.3483124 -0.055786133
11.477005 -3.0269623 -0.26287842
11.648392 -2.6675262 -0.48901367
11.776932 -2.358078 -0.57470703
11.748367 -1.9915009 -0.36047363
11.593643 -1.703476 -0.103393555
11.305618 -1.5868378 0.27746582
10.967606 -1.5677948 0.7225952
10.653397 -1.8248749 0.84161377
10.410599 -2.3080902 0.80114746
10.241592 -2.7032318 0.7154541
10.065445 -3.07695 0.59643555
9.90834 -3.307846 0.6273804
9.848831 -3.5173187 0.59643555
9.767899 -3.622055 0.57977295
9.701248 -3.8291473 0.56311035
9.667923 -4.0481415 0.53692627
9.613174 -4.217148 0.477417
9.596512 -4.2909393 0.67736816
9.532242 -4.3575897 0.8320923
9.532242 -4.2647552 0.90826416
9.532242 -4.321884 0.99157715
9.529861 -4.2076263 0.9154053
9.475113 -4.045761 0.9606323
9.420364 -3.8743744 0.9725342
9.406082 -3.7863007 0.94158936
9.553665 -3.7982025 0.8249512
9.875015 -3.8600922 0.6821289
10.346329 -3.9767303 0.63690186
10.874771 -4.0290985 0.56311035
11.427017 -4.052902 0.4036255
12.017349 -4.200485 0.32269287
12.443436 -4.3552094 0.22747803
12.641006 -4.6432343 0.08227539
12.567215 -4.852707 -0.11767578
12.443436 -4.955063 -0.32000732
12.483902 -5.188339 -0.36523438
12.607681 -5.4835052 -0.31524658
12.6862335 -5.852463 -0.124816895
12.750504 -6.2023773 0.110839844
12.552933 -6.438034 0.33459473
12.02449 -6.461838 0.2703247
11.415115 -6.1666718 0.13226318
10.99617 -5.685837 -0.15338135
10.846207 -5.1978607 -0.4628296
11.043777 -4.8360443 -0.6246948
11.536514 -4.5027924 -0.72229004
12.014969 -4.2290497 -0.76989746
12.283951 -4.0290985 -0.82940674
12.386307 -3.7767792 -0.9650879
12.336319 -3.4720917 -1.0507813
12.364883 -3.107895 -1.0650635
12.226822 -2.7270355 -1.0341187
11.96022 -2.3795013 -1.0960083
11.615067 -2.365219 -1.0864868
11.229446 -2.3176117 -1.2340698
10.86763 -2.3247528 -1.2626343
10.565323 -2.4390106 -1.3864136
10.422501 -2.4556732 -1.3221436
10.324905 -2.3366547 -1.2126465
10.196365 -2.267624 -1.1674194
10.1011505 -2.3295135 -1.267395
9.979752 -2.3747406 -1.222168
9.851212 -2.4294891 -1.4102173
9.758377 -2.4366302 -1.7648926
9.863113 -2.4175873 -1.8601074
10.070206 -2.365219 -1.9338989
10.051163 -2.1557465 -2.2719116
9.986893 -1.9557953 -2.524231
9.90834 -1.8296356 -2.7884521
9.815506 -1.6987152 -2.9598389
9.758377 -1.5463715 -3.0003052
9.613174 -1.4011688 -2.928894
9.465591 -1.4463959 -2.7337036
9.372757 -1.4630585 -2.633728
9.232315 -1.6415863 -2.4932861
9.168045 -1.72966 -2.414734
8.999039 -1.8820038 -2.3266602
8.953812 -2.0153046 -2.2600098
8.989517 -2.1105194 -2.2195435
9.096634 -2.1605072 -2.331421
9.084732 -2.146225 -2.229065
9.084732 -2.1128998 -2.0791016
9.022842 -1.9534149 -1.9434204
9.108536 -1.8796234 -1.9362793
9.215652 -1.8439178 -1.8910522
9.32991 -1.7725067 -1.8339233
9.415604 -1.7177582 -1.7625122
9.2799225 -1.6415863 -1.5887451
9.010941 -1.7058563 -1.3292847
8.701492 -1.8010712 -0.96746826
8.546768 -1.8796234 -0.8579712
8.675308 -1.9129486 -0.91033936
9.158524 -1.8558197 -1.1126709
9.6393585 -1.6154022 -1.3745117
10.0345 -1.5320892 -1.4435425
10.308243 -1.684433 -1.3031006
10.427261 -1.8248749 -1.2364502
10.427261 -2.070053 -0.9888916
10.177322 -2.2009735 -0.57232666
9.567947 -2.217636 -0.17242432
8.775284 -2.165268 0.09893799
8.23732 -2.0319672 0.40838623
7.9064484 -1.9676971 0.58691406
7.744583 -1.7844086 0.6583252
7.8493195 -1.7606049 0.9035034
8.163528 -1.8701019 0.920166
8.722916 -1.8915253 0.8725586
9.408463 -2.0010223 0.74401855
10.046402 -2.0557709 0.5036011
10.61293 -1.934372 0.31079102
10.984268 -1.8224945 0.22747803
11.198502 -1.7439423 0.12750244
11.350845 -1.7986908 0.029907227
11.479385 -1.9676971 -0.084350586
11.610306 -2.248581 -0.1986084
11.612686 -2.4342499 -0.17480469
11.617447 -2.56279 0.14416504
11.396072 -2.6508636 0.6392822
11.039017 -2.6627655 0.7344971
10.574844 -2.550888 0.66070557
10.129715 -2.4509125 0.5440674
9.836929 -2.4390106 0.394104
9.665543 -2.5413666 0.23699951
9.682205 -2.581833 0.14892578
9.786942 -2.7246552 0.24176025
9.9535675 -2.857956 0.24414063
10.122574 -3.0745697 0.17510986
10.241592 -3.1697845 0.5321655
10.286819 -3.3054657 0.6987915
10.317764 -3.3435516 0.52264404
10.210648 -3.3935394 0.56073
10.044022 -3.4578094 0.28936768
9.90834 -3.6077728 0.18701172
9.734573 -3.7863007 0.1965332
9.667923 -3.929123 0.24414063
9.755997 -4.1171722 0.3203125
9.941666 -4.283798 0.48931885
10.327286 -4.4385223 0.46551514
10.574844 -4.474228 0.5940552
11.06282 -4.4956512 0.5583496
11.417496 -4.512314 0.53692627
11.760269 -4.469467 0.6392822
12.074478 -4.450424 0.7321167
12.2173 -4.5242157 0.8130493
12.34108 -4.5932465 0.8987427
12.329178 -4.67894 0.8868408
12.28157 -4.7670135 0.95825195
12.000687 -4.7598724 0.8130493
11.8650055 -4.5551605 0.4107666
11.974503 -4.4266205 0.26080322
12.512466 -4.379013 0.2536621
13.205154 -4.2671356 0.19177246
13.959732 -4.2861786 0.22747803
14.419144 -4.314743 0.53692627
14.45961 -4.283798 1.1343994
13.607437 -4.069565 1.2510376
12.317276 -3.698227 1.0939331
11.041397 -3.4720917 0.50598145
10.229691 -3.429245 0.06085205
9.974991 -3.3697357 -0.24859619
10.16066 -3.2411957 -0.27001953
10.589127 -3.217392 -0.29144287
10.924759 -3.1388397 -0.4128418
10.915237 -3.1126556 -0.5461426
10.796219 -3.0364838 -0.7175293
10.708145 -2.986496 -1.0079346
10.724808 -2.838913 -1.1674194
10.903336 -2.6318207 -1.2650146
11.136612 -2.4699554 -1.267395
11.248489 -2.3485565 -1.2959595
11.12471 -2.4128265 -1.3768921
10.936661 -2.596115 -1.4959106
10.67244 -2.7413177 -1.664917
10.389175 -2.8627167 -1.6220703
10.229691 -2.8722382 -1.6744385
10.127335 -2.922226 -1.6696777
9.958328 -2.7317963 -1.5887451
9.820267 -2.634201 -1.7149048
9.677444 -2.7056122 -1.7077637
9.558426 -2.8079681 -1.8886719
9.52034 -2.838913 -2.1481323
9.541763 -2.8484344 -2.2195435
9.515579 -2.8555756 -2.4647217
9.51796 -2.7770233 -2.5456543
9.489395 -2.827011 -2.588501
9.541763 -2.8365326 -2.7051392
9.606033 -2.8293915 -2.6741943
9.660782 -2.7556 -2.3147583
9.603653 -2.6484833 -2.2623901
9.465591 -2.3985443 -2.338562
9.20137 -2.1771698 -2.4194946
8.975235 -2.0034027 -2.255249
8.887161 -1.9962616 -2.152893
8.772903 -2.0652924 -1.8458252
8.777664 -2.2009735 -1.7220459
8.915726 -2.3104706 -1.6791992
9.301346 -2.3366547 -1.7196655
9.570328 -2.300949 -1.7125244
9.934525 -2.2152557 -1.6911011
10.146378 -2.070053 -1.7315674
10.274918 -1.9272308 -1.7815552
10.322525 -1.8605804 -1.6339722
10.2677765 -1.8415375 -1.2388306
9.898819 -1.8558197 -1.0674438
9.296585 -1.7725067 -0.8508301
8.720535 -1.5892181 -0.72229004
8.577713 -1.4178314 -0.7270508
8.794327 -1.4749603 -0.49853516
9.108536 -1.5344696 -0.55804443
9.489395 -1.5392303 -0.5270996
9.753616 -1.5535126 -0.39855957
9.898819 -1.6487274 -0.21765137
9.694107 -1.8820038 0.21081543
8.991898 -2.1105194 0.5512085
8.227798 -2.203354 0.6987915
7.454178 -2.3033295 0.7249756
7.0280914 -2.3675995 0.58929443
6.8543243 -2.486618 0.6011963
6.882889 -2.5937347 0.5488281
7.037613 -2.7460785 0.49169922
7.2518463 -2.8436737 0.34887695
7.4327545 -2.9079437 0.28222656
7.623184 -2.8793793 0.23461914
7.782669 -2.8484344 0.35601807
8.0421295 -2.7603607 0.26556396
8.384903 -2.7889252 0.26080322
8.711014 -2.8484344 0.15130615
9.103775 -3.0460052 0.046569824
9.51796 -3.1316986 -0.124816895
9.846451 -3.1745453 -0.4295044
10.182083 -3.160263 -0.7675171
10.572464 -3.07695 -0.88653564
11.003311 -3.0079193 -1.0031738
11.305618 -3.0269623 -1.0269775
11.51033 -3.0007782 -0.91748047
11.560318 -3.0912323 -0.81274414
11.498428 -3.1816864 -0.5675659
11.388931 -3.3054657 -0.4366455
11.3199005 -3.3221283 -0.41046143
11.12709 -3.3102264 -0.3795166
10.969986 -3.262619 -0.46044922
Time Stop = 1457235240
