Time Start = 1457237855
-0.5034027 -0.51091003 9.687073
-0.5724335 -0.66563416 9.879883
-0.85331726 -0.27287292 10.17981
-0.88664246 0.074661255 10.346436
-0.7271576 0.117507935 10.222656
-0.62242126 0.04371643 9.984619
-0.6033783 -0.14909363 9.894165
-0.55815125 -0.15861511 9.7751465
-0.54148865 -0.02293396 9.939392
-0.53434753 0.015151978 9.984619
-0.6128998 0.03895569 9.834656
-0.6009979 0.008010864 9.820374
-0.7366791 0.027053833 9.784668
-0.7533417 -0.027694702 9.784668
-0.80570984 0.055618286 9.879883
-0.89616394 0.036575317 9.817993
-0.84617615 -0.0110321045 9.777527
-0.7985687 0.024673462 9.765625
-0.81285095 0.050857544 9.760864
-0.7819061 -0.013412476 9.615662
-0.8318939 -0.037216187 9.637085
-0.7604828 -0.10862732 9.694214
-0.88664246 -0.13005066 9.715637
-0.9390106 -0.15623474 9.641846
-0.9509125 -0.08482361 9.653748
-1.0461273 0.008010864 9.698975
-1.1556244 0.029434204 9.620422
-1.3032074 -0.0038909912 9.558533
-1.3484344 -0.08244324 9.625183
-1.4436493 0.15559387 9.515686
-1.7126312 0.22462463 9.622803
-1.9078217 0.15083313 9.453796
-2.0815887 -0.02293396 9.518066
-2.2767792 -0.3895111 9.47522
-2.3957977 -0.52757263 9.3966675
-2.4267426 -0.63230896 9.344299
-2.4338837 -0.67277527 9.28241
-2.5909882 -0.47520447 9.372864
-2.6885834 -0.24668884 9.239563
-2.8004608 -0.60850525 9.268127
-2.788559 -1.2583466 9.15863
-2.6005096 -1.812973 9.070557
-2.3434296 -1.9748383 8.853943
-2.0363617 -1.7986908 8.83728
-1.7150116 -1.3011932 8.489746
-1.634079 -1.0155487 8.330261
-1.5364838 -1.2535858 8.201721
-1.2484589 -2.184311 8.399292
-0.6843109 -3.031723 8.858704
-0.015426636 -3.1840668 9.251465
0.6629791 -3.0864716 10.008423
1.2818756 -2.5175629 10.43689
1.7198639 -2.3271332 10.658264
2.0531158 -2.7532196 10.555908
2.503006 -3.2483368 10.196472
3.131424 -3.7125092 9.263367
3.8407745 -4.1385956 9.053894
4.426346 -4.1647797 8.599243
4.6929474 -4.3361664 8.111267
4.971451 -4.750351 7.6661377
4.914322 -5.5311127 7.4852295
4.7643585 -6.4737396 7.2614746
4.7000885 -7.1973724 7.173401
4.826248 -7.4282684 6.9020386
4.697708 -7.5829926 7.149597
4.093094 -7.932907 7.570923
3.445633 -8.125717 7.5637817
3.1076202 -8.573227 7.828003
2.798172 -9.123093 7.9089355
2.6529694 -9.403976 8.013672
2.6981964 -9.144516 7.8970337
3.2266388 -7.9614716 8.377869
2.4934845 -8.085251 8.639709
1.6508331 -8.01384 7.9160767
1.9293365 -7.6734467 7.5375977
1.9745636 -8.051926 7.468567
1.4342194 -8.435165 7.340027
1.3913727 -8.761276 7.0115356
1.6317902 -8.835068 7.097229
1.7341461 -8.292343 7.2043457
1.6603546 -7.6901093 7.180542
1.2794952 -7.6401215 7.3709717
1.0438385 -7.6734467 7.29718
1.0843048 -7.5758514 7.2543335
1.1819 -7.2997284 7.237671
1.0771637 -7.335434 7.2495728
0.99861145 -7.3401947 7.275757
0.86531067 -7.285446 7.1900635
0.6915436 -7.302109 7.194824
0.5844269 -7.225937 7.082947
0.44874573 -6.847458 6.961548
-0.28440857 -7.225937 6.771118
-1.1175385 -8.4423065 6.328369
-0.94615173 -8.808884 6.321228
-0.646225 -8.347092 6.628296
-0.36772156 -7.661545 7.0615234
-0.22251892 -7.3187714 7.4804688
-0.060653687 -6.887924 8.035095
0.14881897 -6.906967 7.854187
0.36543274 -7.8376923 6.7425537
0.6653595 -9.306381 6.3831177
1.0914459 -9.508713 6.468811
1.1580963 -8.570847 7.1972046
0.70344543 -7.6472626 8.027954
0.32972717 -6.328537 9.939392
-0.22727966 -5.6953583 10.793945
-0.5391083 -6.6594086 9.896545
0.08454895 -8.766037 9.011047
0.22975159 -9.5967865 6.2974243
-0.43675232 -12.0985565 2.7530518
0.1131134 -10.982162 3.4195557
0.52967834 -8.946945 5.2905273
0.6082306 -6.130966 5.640442
0.40589905 -5.2978363 5.9974976
-0.6128998 -6.6974945 6.018921
-1.3722382 -9.882431 5.9451294
-1.6174164 -12.403244 5.995117
-1.6745453 -12.653183 6.4473877
-1.634079 -11.189255 7.5542603
-1.2127533 -10.0681 8.244568
-0.36772156 -10.3228 8.19696
0.7867584 -11.432053 7.6185303
1.7103424 -12.141403 7.342407
1.8793488 -11.8867035 7.5637817
1.5484772 -11.151169 8.287415
1.3223419 -10.351364 8.970581
1.6270294 -9.572983 9.260986
2.1983185 -8.906479 9.15863
2.574417 -8.566086 8.842041
2.771988 -8.361374 8.342163
3.1266632 -7.7734222 7.9136963
3.5408478 -7.111679 8.13269
3.5503693 -7.040268 8.582581
3.5194244 -6.7927094 8.38739
3.664627 -6.399948 8.206482
3.8836212 -6.0381317 7.911316
4.0859528 -5.290695 7.789917
4.3335114 -4.371872 7.573303
4.550125 -3.750595 7.6018677
4.664383 -3.3673553 7.4471436
4.761978 -2.865097 7.025818
4.845291 -2.3795013 6.737793
4.9167023 -1.9272308 6.5545044
4.9571686 -1.5392303 6.5806885
4.921463 -1.2012177 6.556885
4.871475 -0.9488983 6.3426514
4.8524323 -0.6108856 6.0998535
4.819107 -0.36332703 6.121277
4.7262726 0.008010864 6.173645
4.7976837 0.41267395 6.3997803
4.826248 0.9863434 6.5806885
4.664383 1.4624176 6.5092773
4.657242 1.5647736 6.404541
4.7143707 1.3553009 6.109375
4.8357697 0.9696808 5.7142334
4.9952545 0.56025696 5.3500366
5.0404816 0.40315247 5.359558
4.7976837 0.7030792 5.807068
4.5168 0.8768463 6.521179
4.3097076 0.90065 6.9901123
4.362076 1.0172882 7.0353394
4.557266 0.9934845 7.006775
4.735794 0.83638 6.916321
4.7953033 0.8792267 6.647339
4.8357697 0.90779114 6.442627
5.038101 0.9339752 6.4402466
5.2832794 1.0268097 6.3974
5.4118195 1.2862701 6.4640503
5.41658 1.5314484 6.46167
5.4237213 1.8337555 6.540222
5.4308624 1.9837189 6.802063
5.390396 1.9146881 6.9591675
5.3427887 1.824234 7.021057
5.28804 1.4076691 7.2210083
5.34993 1.2386627 7.021057
5.5284576 1.2505646 6.835388
5.7188873 1.3053131 6.790161
5.8997955 1.4862213 6.744934
5.871231 1.4148102 6.918701
5.742691 1.3553009 6.963928
5.647476 1.2505646 7.194824
5.633194 1.2815094 7.1972046
5.6688995 1.3362579 7.16626
5.9307404 1.2577057 7.0234375
5.999771 1.2315216 6.8425293
6.0664215 1.3957672 6.628296
6.042618 1.4386139 6.7282715
6.004532 1.3362579 6.8829956
5.954544 1.260086 6.9258423
5.9259796 1.1267853 7.002014
5.9140778 1.1720123 7.1210327
5.9973907 1.1720123 7.251953
6.0521393 1.2648468 7.1900635
6.0545197 1.3529205 7.0043945
6.0973663 1.4671783 6.935364
6.0021515 1.5314484 6.9258423
5.8878937 1.4790802 6.963928
5.7902985 1.4029083 6.7806396
5.7022247 1.4029083 6.6401978
5.628433 1.529068 6.6306763
5.5332184 1.695694 6.704468
5.280899 1.8289948 6.8615723
5.0023956 1.8361359 6.8449097
4.850052 1.7909088 6.585449
4.800064 1.759964 6.4664307
4.978592 1.86232 6.366455
5.054764 1.8647003 6.3045654
5.1118927 1.8813629 6.161743
5.0714264 1.8718414 6.1260376
5.0452423 1.805191 6.2212524
4.978592 1.7004547 6.256958
4.8595734 1.4528961 6.373596
4.8667145 1.2696075 6.302185
5.016678 1.2577057 6.2283936
5.34993 1.1267853 6.161743
5.587967 1.022049 6.2926636
5.685562 0.83399963 6.502136
5.6808014 0.6745148 6.7401733
5.6379547 0.43171692 6.9282227
5.4879913 0.079422 6.9901123
5.466568 -0.40141296 7.0115356
5.5903473 -0.61802673 6.937744
5.666519 -0.760849 6.9329834
5.640335 -0.8203583 7.052002
5.4903717 -0.9441376 7.2662354
5.2380524 -1.0774384 7.48761
4.947647 -1.324997 7.597107
4.716751 -1.7820282 7.570923
4.6310577 -2.3890228 7.4709473
4.5977325 -3.0626678 7.5233154
4.6548615 -3.3768768 7.2281494
4.70961 -3.3887787 7.1019897
4.6048737 -3.3625946 7.3685913
4.3715973 -3.4173431 7.687561
4.1549835 -3.4911346 7.6780396
3.8574371 -3.9243622 7.6209106
3.388504 -4.6384735 7.5042725
3.2075958 -5.340683 7.270996
3.4408722 -6.002426 7.128174
3.5598907 -6.490402 7.3043213
3.4860992 -6.1642914 7.74469
3.3289948 -5.6072845 8.45166
3.0147858 -5.57872 8.64209
2.5196686 -6.5689545 8.349304
2.2935333 -8.46373 7.649475
2.5244293 -9.375412 7.16864
2.971939 -9.1349945 7.3043213
3.0433502 -7.9995575 8.2421875
2.567276 -6.8760223 8.918213
2.214981 -6.964096 8.718262
2.3578033 -7.682968 7.9017944
2.9814606 -8.035263 7.4400024
3.1909332 -7.649643 7.316223
2.8576813 -7.24736 7.763733
2.33638 -7.2354584 8.120789
2.0174103 -7.4544525 8.26123
2.0316925 -7.830551 8.432617
2.214981 -7.682968 8.270752
2.2554474 -7.6710663 7.9779663
2.2054596 -7.5449066 7.74469
2.2173615 -7.413986 7.5875854
2.1554718 -7.4354095 7.7946777
1.7936554 -7.516342 7.923218
1.4627838 -7.744858 7.8827515
1.3580475 -7.9233856 7.8327637
1.4461212 -7.9543304 7.887512
1.5080109 -7.932907 8.008911
1.3461456 -8.166183 7.951782
1.2104645 -8.416122 7.8565674
1.3818512 -8.347092 7.866089
1.5818024 -7.88768 7.797058
1.681778 -7.709152 7.720886
1.6555939 -7.625839 7.604248
1.6579742 -7.6924896 7.468567
1.5865631 -7.6663055 7.5352173
1.6103668 -7.644882 7.48761
1.7222443 -7.732956 7.399536
1.7865143 -7.9876556 7.3257446
1.7174835 -7.932907 7.3305054
1.5937042 -7.6139374 7.48999
1.5389557 -7.283066 7.55188
1.4794464 -7.366379 7.48999
1.4532623 -7.5901337 7.16626
1.560379 -7.778183 6.6759033
1.6555939 -7.766281 6.494995
1.727005 -7.50206 6.5735474
1.5365753 -7.3854218 6.916321
1.2485504 -7.433029 7.123413
1.1342926 -7.559189 7.1067505
1.11763 -7.7948456 7.1138916
1.098587 -7.959091 6.982971
1.1676178 -7.9019623 7.071045
1.0485992 -7.7377167 7.0758057
1.0771637 -7.6472626 7.0043945
1.1485748 -7.599655 6.787781
1.3009186 -7.413986 6.609253
1.2985382 -7.425888 6.6640015
1.1200104 -7.5044403 6.7020874
0.9295807 -7.623459 6.71875
0.8938751 -7.5758514 6.7282715
0.8629303 -7.513962 6.930603
0.83436584 -7.713913 6.892517
0.8319855 -7.732956 6.885376
0.803421 -7.7234344 6.7401733
0.91529846 -7.7996063 6.730652
0.8795929 -7.842453 6.6449585
0.8058014 -9.515854 10.1536255
0.8629303 -8.965988 5.8046875
1.0033722 -7.8591156 6.2974243
0.43684387 -6.740341 7.1710205
0.9272003 -7.4235077 7.823242
1.4699249 -8.501816 7.078186
1.2818756 -8.497055 6.4830933
0.6344147 -7.5258636 6.5545044
0.5391998 -7.0259857 6.7473145
0.9200592 -7.513962 7.187683
1.1414337 -7.706772 6.1117554
0.97480774 -8.042404 6.537842
0.9676666 -7.7639008 6.84729
0.7867584 -7.490158 6.454529
0.7558136 -7.637741 6.514038
0.76771545 -7.637741 6.583069
0.75105286 -7.740097 6.711609
0.61299133 -7.7829437 6.6401978
0.52967834 -7.8900604 6.6306763
0.56300354 -7.9924164 6.583069
0.6391754 -7.9995575 6.6068726
0.5820465 -8.097153 6.635437
0.32496643 -8.20665 6.6592407
0.13453674 -8.20903 6.828247
0.03694153 -8.242355 7.082947
0.022659302 -8.106674 7.320984
0.032180786 -7.925766 7.442383
0.21784973 -7.9662323 7.456665
0.62013245 -7.899582 7.3067017
0.98908997 -7.8186493 7.2091064
1.1938019 -7.7615204 6.8948975
1.2675934 -7.811508 6.5878296
1.2247467 -7.925766 6.475952
1.2818756 -7.7948456 6.256958
1.4532623 -7.449692 6.430725
1.3985138 -7.290207 6.3831177
1.2794952 -7.2925873 6.3878784
1.0485992 -7.4425507 6.390259
0.8605499 -7.5044403 6.3616943
0.8200836 -7.585373 6.3997803
0.8129425 -7.4663544 6.499756
0.82722473 -7.3116302 6.7425537
0.91767883 -7.413986 6.564026
1.0866852 -7.6329803 6.5997314
1.1485748 -7.2545013 6.6449585
0.8438873 -6.740341 5.9974976
0.74391174 -6.4975433 5.678528
0.6058502 -6.7117767 6.1188965
0.6582184 -6.3690033 6.0855713
0.1869049 -5.5620575 5.5547485
-0.49864197 -5.9667206 5.571411
-0.3558197 -6.150009 5.211975
0.16786194 -6.4523163 6.0355835
0.16786194 -6.5641937 6.276001
-0.17015076 -6.7046356 6.256958
-0.62480164 -7.3568573 6.556885
-0.7271576 -7.8067474 6.559265
-0.64146423 -8.358994 6.84729
-0.55101013 -8.637497 6.859192
-0.47483826 -8.796982 6.852051
-0.3724823 -8.801743 6.6830444
-0.20347595 -8.432785 6.768738
-0.055892944 -7.9210052 6.9472656
0.04170227 -7.7234344 6.642578
0.09883118 -7.625839 6.218872
0.3511505 -6.9998016 5.866577
2.2292633 -5.616806 7.1210327
5.4308624 -7.8448334 8.994385
4.909561 -12.191391 11.091492
1.2057037 -14.2408905 12.405457
-1.7697601 -13.091171 10.229797
-0.65812683 -8.6922455 6.937744
1.6341705 -6.066696 5.930847
3.074295 -5.64299 5.999878
1.7222443 -5.378769 6.91156
-0.46769714 -5.7786713 7.7946777
-1.6174164 -7.1926117 8.399292
-1.550766 -7.925766 8.218384
-0.7914276 -7.592514 7.7304077
-0.07493591 -6.8188934 7.404297
-0.4391327 -6.464218 7.55188
-0.35820007 -6.764145 7.6851807
-0.6176605 -6.7998505 7.7280273
-0.627182 -6.7665253 7.7304077
-0.34153748 -6.79747 7.654236
0.055984497 -6.8760223 7.7542114
-0.027328491 -6.5427704 7.468567
-0.34629822 -6.5998993 7.7875366
0.14881897 -6.7332 7.801819
-0.0059051514 -6.637985 7.9375
-0.16300964 -6.804611 7.820862
-0.12730408 -6.8641205 7.801819
-0.11064148 -6.873642 7.7922974
-0.10588074 -6.7308197 7.609009
-0.120162964 -6.7665253 7.778015
-0.18681335 -6.86174 7.706604
-0.22489929 -6.918869 7.6447144
-0.18681335 -6.983139 7.5375977
-0.16777039 -6.9807587 7.547119
-0.08683777 -7.085495 7.4995117
-0.18205261 -7.168808 7.6185303
-0.11064148 -6.937912 7.61615
-0.08207703 -6.854599 7.573303
-0.103500366 -6.7808075 7.782776
-0.17015076 -6.692734 7.842285
-0.08207703 -6.7332 7.847046
-0.1582489 -6.635605 7.8565674
-0.18681335 -6.6260834 7.8708496
-0.20109558 -6.573715 7.8518066
-0.13682556 -6.5760956 7.861328
-0.13682556 -6.590378 7.968445
-0.17967224 -6.507065 8.020813
-0.06541443 -6.4665985 8.00177
-0.15586853 -6.407089 8.046997
-0.13206482 -6.392807 7.923218
-0.2820282 -6.4808807 7.9089355
0.16548157 -6.7998505 7.609009
-0.0677948 -6.945053 7.4066772
-0.19633484 -7.202133 7.187683
-0.039230347 -7.1283417 7.3519287
-0.041610718 -7.490158 7.2233887
0.07740784 -7.6067963 7.1519775
0.04408264 -7.433029 7.2091064
0.022659302 -7.1854706 7.4090576
-0.029708862 -6.937912 7.5614014
0.010757446 -6.7950897 7.7494507
-0.08921814 -6.695114 7.7661133
-0.08683777 -6.8331757 7.9589233
-0.013046265 -6.6903534 7.911316
0.02027893 -6.721298 7.699463
-0.0059051514 -6.840317 7.6780396
0.032180786 -6.956955 7.6328125
0.06312561 -7.021225 7.585205
0.05836487 -7.0307465 7.623291
0.094070435 -6.937912 7.692322
0.0155181885 -6.854599 7.7423096
-0.034469604 -6.8450775 7.694702
-0.0677948 -6.7998505 7.6661377
-0.041610718 -6.778427 7.656616
-0.022567749 -6.737961 7.6209106
0.008377075 -6.8450775 7.570923
0.0393219 -6.9283905 7.6066284
-0.0059051514 -7.028366 7.5352173
0.0393219 -6.9783783 7.442383
0.072647095 -6.8593597 7.642334
0.032180786 -6.8450775 7.74469
-0.015426636 -6.6903534 7.4519043
0.117874146 -6.8069916 7.7542114
0.09169006 -6.880783 7.6637573
-0.008285522 -6.904587 7.55188
0.04408264 -6.937912 7.573303
0.0393219 -6.904587 7.5375977
-0.010665894 -6.8831635 7.411438
0.008377075 -7.0450287 7.520935
0.005996704 -6.9926605 7.544739
0.075027466 -7.059311 7.692322
0.005996704 -6.885544 7.404297
0.06788635 -6.821274 7.544739
0.07740784 -6.840317 7.782776
-0.0059051514 -6.880783 7.7042236
0.003616333 -6.8784027 7.4971313
0.094070435 -7.0497894 7.5352173
0.07978821 -7.104538 7.5756836
-0.015426636 -7.1092987 7.468567
0.01789856 -7.092636 7.513794
0.075027466 -6.968857 7.5542603
0.06312561 -6.783188 7.6018677
0.022659302 -6.7046356 7.7113647
0.0155181885 -6.740341 7.7684937
0.01789856 -6.7308197 7.7161255
0.029800415 -6.7498627 7.673279
0.04170227 -6.840317 7.6589966
0.053604126 -6.906967 7.5994873
-0.013046265 -6.9236298 7.5304565
0.04408264 -6.9212494 7.4852295
-0.029708862 -6.9022064 7.5161743
-0.051132202 -6.7474823 7.206726
0.08454895 -7.002182 7.513794
0.005996704 -7.0902557 7.482849
0.005996704 -7.0831146 7.520935
0.029800415 -7.0950165 7.35907
0.075027466 -7.0426483 7.4281006
0.1131134 -7.1212006 7.6708984
0.117874146 -7.0450287 7.566162
0.02027893 -7.0259857 7.5828247
0.06312561 -7.066452 7.532837
0.13215637 -6.995041 7.4995117
0.094070435 -6.99028 7.4733276
0.05836487 -7.016464 7.520935
0.072647095 -7.0259857 7.5875854
0.07978821 -6.983139 7.5566406
0.075027466 -6.847458 7.5756836
0.094070435 -6.816513 7.642334
0.06074524 -6.8522186 7.6708984
Time Stop = 1457237860
