Time Start = 1457237805
-0.8842621 1.4219513 9.801331
-1.0627899 0.9506378 9.696594
-1.2079926 0.95777893 9.915588
-1.1603851 1.1006012 10.18219
-1.172287 1.2719879 10.232178
-1.0984955 1.1601105 10.151245
-0.9651947 1.0839386 9.975098
-0.79618835 1.0315704 9.879883
-0.6605072 1.0291901 9.713257
-0.5605316 1.0053864 9.598999
-0.46769714 1.0125275 9.622803
-0.54862976 0.9673004 9.646606
-0.59147644 0.93159485 9.584717
-0.60813904 0.95539856 9.7323
-0.60575867 0.8292389 9.789429
-0.71287537 0.81495667 9.777527
-0.7700043 0.89112854 9.782288
-0.7819061 0.8935089 9.772766
-0.92948914 0.90779114 9.794189
-0.9913788 0.8292389 9.701355
-1.0413666 0.8268585 9.598999
-0.99375916 0.9030304 9.60614
-0.9889984 0.9934845 9.518066
-1.1008759 1.1029816 9.515686
-1.1818085 1.2577057 9.53949
-1.1984711 1.1910553 9.399048
-1.2627411 1.2029572 9.310974
-1.3627167 1.1624908 9.370483
-1.5150604 1.2434235 9.425232
-1.6245575 1.3529205 9.387146
-1.7935638 1.4148102 9.441895
-1.8935394 1.5909576 9.41571
-2.0673065 1.9123077 9.441895
-2.1458588 2.100357 9.399048
-2.1910858 2.100357 9.003906
-2.2267914 1.4290924 8.777771
-2.0458832 0.6792755 8.715881
-1.826889 0.5316925 8.949158
-1.7935638 0.5673981 9.225281
-1.5031586 0.4079132 9.253845
-1.2294159 0.18891907 9.241943
-1.1056366 -0.24906921 9.470459
-1.1603851 -0.9750824 9.825134
-1.3365326 -1.9129486 10.267883
-1.0270844 -2.6484833 10.213135
-0.31059265 -2.8817596 9.706116
0.5415802 -3.1888275 9.47522
1.3818512 -3.6434784 9.651367
1.8007965 -4.0148163 10.113159
1.772232 -4.514694 10.30835
1.8460236 -5.3573456 10.013184
2.362564 -6.083359 9.560913
3.0647736 -6.380905 9.382385
3.6527252 -6.0500336 9.4609375
4.107376 -5.559677 9.568054
4.409683 -5.071701 9.3966675
4.1930695 -4.9860077 8.675415
4.0454865 -5.2859344 8.00415
3.971695 -5.283554 7.063904
3.8931427 -5.4716034 6.4830933
3.593216 -6.207138 5.7904053
3.1004791 -7.028366 5.2929077
2.8314972 -7.302109 5.140564
2.8219757 -7.0569305 5.4761963
2.6743927 -6.6832123 6.121277
2.3839874 -6.4285126 6.621155
2.2697296 -6.0571747 8.013672
1.8650665 -8.237595 7.861328
0.7986603 -9.165939 6.752075
0.9867096 -10.465622 5.8760986
1.5175323 -11.470139 4.712097
2.0554962 -11.2582855 4.645447
2.6006012 -10.060959 5.2262573
1.284256 -8.644638 5.4143066
0.6653595 -8.4423065 5.557129
0.5820465 -9.058823 5.7904053
1.0200348 -9.632492 5.961792
1.5389557 -9.908615 6.321228
1.4842072 -9.4301605 6.9448853
1.5818024 -8.861252 7.021057
1.7222443 -7.5330048 7.5685425
0.905777 -6.9331512 8.423096
0.6177521 -7.2092743 7.8518066
0.572525 -8.216171 7.1257935
0.7415314 -9.006454 6.437866
0.39637756 -9.637253 5.864197
0.15119934 -10.222824 6.07605
0.16548157 -9.434921 6.6259155
0.055984497 -8.451828 6.9972534
-0.02494812 -7.297348 7.1591187
0.096450806 -6.7308197 7.211487
0.08454895 -7.463974 6.763977
-0.051132202 -8.411362 4.121765
-0.039230347 -7.0497894 3.679016
-1.5983734 -7.2878265 6.5164185
-2.693344 -8.268539 6.514038
-1.2389374 -6.418991 6.3616943
-0.16062927 -7.194992 6.302185
0.94862366 -9.551559 5.2262573
2.2245026 -11.853378 5.557129
2.8481598 -10.551315 4.2074585
1.9221954 -8.835068 5.107239
-0.034469604 -7.592514 6.2402954
-1.8054657 -7.7115326 6.8948975
-2.621933 -9.458725 7.0496216
-1.5222015 -11.051193 6.07843
0.64393616 -11.374924 5.1119995
1.6222687 -11.189255 5.3095703
1.0914459 -11.077377 6.3164673
0.11073303 -10.746506 7.090088
-0.1915741 -10.420395 8.042236
0.21308899 -10.151413 8.582581
0.7534332 -10.163315 8.627808
1.2128448 -10.158554 8.292175
1.6889191 -10.19664 8.204102
1.7365265 -10.191879 8.318359
1.6984406 -10.034775 8.368347
1.7793732 -9.639633 8.456421
1.8246002 -9.292099 8.446899
1.9840851 -8.892197 8.216003
2.2649689 -8.297104 8.023193
2.7005768 -7.8210297 7.816101
2.964798 -7.585373 7.6328125
3.0838165 -7.5377655 7.5756836
3.2266388 -7.302109 7.5375977
3.3980255 -6.9926605 7.725647
3.1909332 -6.8593597 7.87323
3.29805 -6.309494 7.4138184
3.657486 -5.8834076 7.23053
4.0788116 -5.597763 7.10437
4.4120636 -5.2335663 6.878235
4.6810455 -5.0217133 6.852051
4.652481 -4.826523 6.564026
4.7953033 -4.750351 6.4331055
4.8095856 -4.469467 6.8377686
4.440628 -4.5218353 7.1567383
4.281143 -4.057663 7.1186523
4.5072784 -3.6815643 6.8829956
4.8524323 -3.3483124 6.787781
5.0714264 -3.300705 6.6378174
5.2451935 -3.0721893 6.454529
5.3927765 -2.6603851 6.083191
5.6093903 -2.3104706 6.3878784
5.4689484 -1.8224945 6.609253
5.126175 -1.8582001 6.699707
4.8405304 -1.896286 6.4640503
4.914322 -1.6392059 6.416443
5.1095123 -1.4797211 6.2521973
5.266617 -1.6344452 6.0046387
5.3546906 -1.7463226 5.776123
5.395157 -1.5225677 5.4119263
5.557022 -1.370224 5.1500854
5.6498566 -1.1369476 5.4785767
5.4189606 -0.972702 5.9641724
5.28566 -0.4966278 6.373596
5.0833282 -0.6703949 6.9663086
4.842911 -1.0583954 7.006775
4.8976593 -1.0155487 6.533081
5.3094635 -0.9250946 6.2521973
5.826004 -0.60850525 6.1450806
6.0402374 -0.40379333 6.0998535
5.985489 -0.3657074 5.961792
5.9188385 -0.32286072 5.764221
6.044998 -0.19432068 5.8046875
6.211624 0.003250122 5.88562
6.3092194 0.12702942 5.8546753
6.385391 0.3841095 5.9665527
6.421097 0.5078888 5.7999268
6.56868 0.4507599 5.9570313
6.4377594 0.28175354 6.0213013
6.325882 0.2531891 6.0689087
6.261612 0.005630493 6.0236816
6.2830353 -0.053878784 6.059387
6.3092194 0.010391235 6.1188965
6.2330475 -0.008651733 6.404541
6.204483 -0.008651733 6.533081
6.275894 -0.11576843 6.5045166
6.5210724 -0.19194031 6.4093018
6.6305695 -0.3252411 6.2736206
6.6829376 -0.53471375 6.173645
6.6448517 -0.54185486 6.161743
6.7733917 -0.65849304 5.9641724
6.780533 -0.60850525 6.07843
6.602005 -0.28001404 6.0355835
6.3949127 -0.037216187 6.20459
6.2021027 0.005630493 6.2783813
6.125931 -0.08482361 6.1331787
6.1544952 -0.32048035 5.9189453
6.216385 -0.44664 5.8165894
6.306839 -0.32286072 5.6904297
6.2282867 -0.17765808 5.8356323
6.1164093 -0.04197693 5.94751
5.9045563 0.036575317 6.161743
5.761734 0.04133606 6.0236816
5.666519 -0.015792847 5.7356567
5.645096 -0.17051697 5.2738647
5.728409 -0.16099548 5.0929565
5.818863 -0.12528992 5.1619873
5.6736603 -0.37522888 5.466675
5.435623 -0.6061249 5.8046875
5.3023224 -0.7584686 6.0617676
5.3404083 -0.9679413 6.1260376
5.4570465 -1.2702484 6.1307983
5.537979 -1.6225433 5.8118286
5.5736847 -2.165268 5.6951904
5.5451202 -2.486618 5.654724
5.5260773 -2.7913055 6.0093994
5.3999176 -2.993637 6.585449
5.133316 -3.1959686 6.999634
4.8928986 -3.467331 6.904419
4.890518 -4.0171967 6.8115845
4.9809723 -4.5218353 6.404541
4.8809967 -5.1978607 5.7975464
4.7691193 -5.5239716 5.6761475
4.600113 -5.733444 6.1331787
4.4192047 -5.3692474 6.468811
4.2906647 -5.476364 6.7806396
4.3358917 -5.731064 6.930603
4.5168 -5.866745 6.7235107
4.676285 -6.000046 6.559265
4.6477203 -6.707016 6.673523
4.2002106 -7.597275 6.514038
3.869339 -8.356613 6.6901855
3.6860504 -7.9019623 7.097229
3.4694366 -7.285446 7.7280273
3.1790314 -7.342575 7.9327393
3.010025 -7.842453 7.5947266
3.2052155 -8.120956 7.23053
3.433731 -7.8472137 7.282898
3.2813873 -7.7948456 7.430481
2.8267365 -8.387558 7.5804443
2.3697052 -8.701767 7.270996
2.1792755 -8.71843 7.16626
2.1840363 -8.796982 7.290039
2.3316193 -8.877914 7.128174
2.3887482 -8.999313 7.135315
2.1483307 -9.10643 7.1638794
1.7627106 -8.844589 7.2686157
1.7508087 -8.385178 7.2091064
2.0912018 -8.128098 7.1329346
2.4744415 -8.251877 6.8710938
2.457779 -8.53038 6.609253
2.0269318 -8.7827 6.571167
1.7032013 -8.694626 6.6068726
1.5032501 -8.835068 6.961548
1.1914215 -8.716049 7.180542
0.9367218 -8.537521 7.385254
1.0557404 -8.489914 7.392395
1.2295074 -8.72319 7.256714
1.303299 -9.023117 7.0805664
1.1819 -9.132614 6.84729
0.8700714 -9.401596 6.7663574
0.6796417 -9.375412 6.642578
0.7558136 -9.418259 6.885376
0.886734 -9.261154 7.044861
0.886734 -9.023117 7.1329346
0.81056213 -8.885056 7.23053
0.9557648 -8.837448 7.2686157
1.1676178 -8.716049 7.1210327
1.4008942 -8.439926 7.0043945
1.598465 -8.289963 6.794922
1.624649 -8.201889 6.6949463
1.5746613 -8.104294 6.5735474
1.393753 -8.040024 6.5426025
1.1771393 -7.937668 6.5925903
1.0938263 -7.868637 6.8306274
0.86769104 -7.892441 6.647339
0.81056213 -7.816269 6.59021
0.86769104 -7.732956 6.5997314
1.0914459 -7.880539 6.449768
1.1652374 -7.978134 6.3355103
1.1580963 -7.9210052 6.306946
1.0462189 -7.8638763 6.371216
0.9391022 -7.970993 6.4521484
0.8058014 -8.65892 7.3757324
0.94862366 -8.687485 6.2926636
1.098587 -8.0638275 6.0355835
0.35591125 -7.3568573 6.7782593
0.81056213 -7.304489 6.937744
1.2152252 -8.032883 6.3688354
1.0414581 -8.768417 6.540222
1.0438385 -8.325668 6.571167
0.80104065 -7.6401215 6.3950195
0.8438873 -7.675827 6.456909
0.89863586 -7.8710175 6.3569336
0.7534332 -8.040024 6.3497925
0.5439606 -8.08049 6.3378906
0.61061096 -8.1471405 6.423584
0.6653595 -8.189987 6.3045654
0.76771545 -8.123337 6.2736206
0.76771545 -8.068588 6.2974243
0.6510773 -8.180466 6.2664795
0.61061096 -8.328049 6.040344
0.63679504 -8.178085 6.154602
0.6082306 -8.139999 6.6259155
0.8629303 -8.08049 6.4450073
0.9200592 -8.175705 6.0046387
0.79151917 -8.213791 5.942749
0.66773987 -8.306625 6.116516
0.8153229 -8.125717 5.9784546
0.80104065 -8.332809 6.2355347
0.7653351 -8.116196 5.9570313
0.69392395 -8.173325 6.1879272
0.7891388 -7.9424286 6.123657
0.905777 -7.9043427 6.2807617
0.8319855 -7.9495697 6.3640747
0.7153473 -8.111435 6.340271
0.76057434 -8.213791 6.2974243
0.8557892 -8.20665 6.1950684
0.8891144 -8.20903 6.154602
0.78437805 -8.256638 6.1522217
0.7534332 -8.435165 6.287903
0.6510773 -8.392319 6.423584
0.6963043 -8.685104 6.7925415
1.0247955 -8.6089325 6.5473633
1.072403 -8.78746 6.20697
1.2223663 -8.78746 6.095093
1.1414337 -8.444687 5.6690063
0.9033966 -8.373276 5.7523193
0.6986847 -8.27092 5.697571
0.57014465 -8.282822 5.88562
0.52967834 -8.411362 5.928467
0.6058502 -8.4423065 5.88562
0.73439026 -8.511337 5.999878
0.7248688 -8.580368 6.20459
0.7415314 -8.501816 6.366455
0.8200836 -8.439926 6.499756
0.96528625 -8.247116 6.3426514
0.88435364 -8.118576 6.3569336
0.7486725 -7.95195 6.180786
0.73677063 -7.873398 6.109375
0.886734 -7.771042 6.123657
0.91767883 -7.913864 6.1450806
0.8296051 -8.151901 6.161743
0.7819977 -8.130478 6.249817
0.7700958 -8.118576 6.3117065
0.7986603 -8.14476 6.3117065
0.803421 -8.175705 6.2926636
0.822464 -8.320908 6.2593384
0.905777 -8.373276 6.040344
1.0605011 -8.404221 6.14032
1.0676422 -8.361374 6.0546265
0.96528625 -8.299484 6.0998535
0.85102844 -8.320908 6.0093994
0.79151917 -8.325668 5.9403687
0.79389954 -8.361374 5.923706
0.6891632 -8.275681 6.037964
0.6725006 -8.194748 6.2093506
0.61299133 -8.042404 6.1831665
0.68678284 -8.037643 6.230774
0.6820221 -8.068588 6.33313
0.7224884 -8.166183 6.347412
0.7415314 -8.292343 6.290283
0.7486725 -8.3780365 6.1141357
0.7986603 -8.330429 6.0689087
0.8700714 -8.297104 6.1712646
0.80104065 -8.20903 6.1450806
0.6653595 -8.239975 6.0998535
0.6725006 -8.320908 6.040344
0.73677063 -8.368515 6.007019
0.7962799 -8.389938 5.9974976
0.81056213 -8.354233 6.007019
0.7248688 -8.361374 6.1069946
0.6582184 -8.306625 6.166504
0.64393616 -8.2304535 6.109375
0.77723694 -8.254257 6.0689087
0.8486481 -8.263779 6.123657
0.67726135 -8.185226 6.223633
0.57966614 -8.075729 6.371216
0.46540833 -7.9233856 6.518799
0.47731018 -7.9162445 6.7163696
0.43208313 -8.109055 6.6592407
0.40589905 -8.380417 6.3164673
0.39637756 -8.58989 6.4259644
0.39161682 -8.432785 5.9641724
0.37495422 -8.204269 6.083191
0.6010895 -7.11644 5.7285156
0.24403381 -7.014084 5.871338
-0.63194275 -6.892685 5.716614
-1.2770233 -6.7355804 5.1262817
-1.088974 -6.199997 6.0046387
-1.069931 -5.226425 5.5618896
-0.96281433 -5.51445 5.8165894
-0.6747894 -5.7358246 5.2476807
-0.3653412 -6.726059 5.023926
-1.2484589 -4.3171234 5.6428223
3.869339 -6.654648 8.096985
3.4765778 -13.103073 9.582336
-0.7819061 -13.736252 10.158386
-4.264389 -13.522018 8.892029
-4.502426 -13.107834 7.340027
-2.0649261 -11.172592 5.557129
0.69392395 -9.568222 5.450012
1.6674957 -8.7565155 4.9072876
1.6008453 -7.875778 4.7144775
1.2866364 -7.6591644 4.757324
0.93434143 -7.725815 5.0334473
0.68440247 -7.6996307 5.3357544
0.37019348 -7.6472626 5.8618164
0.2702179 -7.4687347 6.166504
0.24879456 -7.5568085 6.3497925
0.30116272 -7.5449066 6.4711914
0.6225128 -7.561569 6.65448
0.64393616 -7.6663055 6.628296
0.91529846 -7.9543304 6.3997803
0.91529846 -8.087631 6.390259
0.9867096 -8.3780365 6.5545044
0.9033966 -9.011215 6.756836
0.6796417 -9.263535 6.91156
0.4106598 -8.59465 6.585449
0.53681946 -8.035263 6.2283936
0.8486481 -8.068588 6.128418
0.88435364 -7.9471893 6.20697
0.84150696 -7.8972015 6.2521973
0.7867584 -8.425644 6.040344
0.8724518 -8.456589 5.923706
0.9771881 -8.551804 5.9974976
0.33448792 -8.732712 6.1379395
-0.17015076 -8.473251 5.999878
-0.10826111 -7.9471893 6.2164917
0.10121155 -8.004318 6.226013
0.0393219 -8.201889 6.2783813
-0.06541443 -8.01384 6.475952
-0.029708862 -7.997177 6.6782837
-0.0035247803 -7.9424286 6.733032
0.04170227 -7.8472137 6.71875
0.07740784 -7.9091034 6.52594
0.13929749 -8.137619 6.3307495
0.08216858 -8.297104 6.2212524
0.23927307 -8.392319 6.123657
0.18214417 -8.411362 6.0736694
0.17262268 -8.473251 6.059387
0.19166565 -8.406601 6.159363
0.12263489 -8.342331 6.1641235
0.14405823 -8.235214 6.2093506
0.117874146 -8.223312 6.340271
0.08454895 -8.163803 6.340271
0.10359192 -8.173325 6.378357
0.10359192 -8.223312 6.283142
0.096450806 -8.182846 6.309326
0.12263489 -8.204269 6.2331543
0.07740784 -8.237595 6.2283936
0.13929749 -8.2304535 6.2736206
0.055984497 -8.223312 6.2855225
0.053604126 -8.239975 6.27124
0.0155181885 -8.166183 6.352173
0.07740784 -8.170944 6.218872
0.13215637 -8.247116 6.1950684
0.072647095 -8.328049 6.2164917
0.07026672 -8.339951 6.0927124
0.06550598 -8.408981 6.090332
0.055984497 -8.492294 5.871338
0.053604126 -8.46373 6.0236816
0.12025452 -8.523239 5.9403687
0.16786194 -8.573227 6.0046387
0.17024231 -8.492294 5.9451294
0.18214417 -8.361374 6.0498657
0.12501526 -8.375656 6.0665283
0.13929749 -8.287582 6.2783813
0.12501526 -8.268539 6.2783813
0.115493774 -8.182846 6.302185
0.034561157 -8.047165 6.4473877
0.12739563 -8.044785 6.52594
0.094070435 -7.978134 6.5164185
0.10835266 -7.9543304 6.52594
0.06788635 -8.0186 6.571167
0.12501526 -8.061447 6.3950195
0.117874146 -8.056686 6.4402466
0.16072083 -8.0828705 6.4331055
0.12025452 -8.154282 6.4093018
0.10835266 -8.154282 6.3450317
0.10835266 -8.185226 6.3616943
0.10359192 -8.249496 6.276001
0.15596008 -8.292343 6.1903076
0.09883118 -8.304245 6.2545776
0.12025452 -8.261398 6.1688843
0.13215637 -8.254257 6.20459
0.10359192 -8.218552 6.26886
0.13453674 -8.199509 6.256958
0.12025452 -8.194748 6.290283
0.115493774 -8.201889 6.2736206
0.10597229 -8.239975 6.1712646
0.1797638 -8.278061 6.211731
0.13215637 -8.280441 6.199829
0.13929749 -8.304245 6.226013
0.15596008 -8.306625 6.211731
0.12739563 -8.2733 6.223633
0.15119934 -8.254257 6.290283
0.13215637 -8.154282 6.2807617
0.129776 -8.204269 6.2474365
0.117874146 -8.163803 6.347412
0.16072083 -8.163803 6.366455
0.16548157 -8.182846 6.378357
0.16072083 -8.156662 6.3307495
0.16072083 -8.213791 6.2355347
0.13929749 -8.306625 6.2164917
0.1797638 -8.328049 6.230774
0.15119934 -8.289963 6.226013
0.16072083 -8.301865 6.097473
0.17024231 -8.318527 6.192688
Time Stop = 1457237810
