Time Start = 1457234492
-2.0744476 -3.1459808 9.320496
-1.7411957 -3.5030365 9.270508
-1.7578583 -4.005295 8.987244
-2.1363373 -4.367111 8.925354
-2.3291473 -4.467087 8.968201
-2.3934174 -4.4004364 9.130066
-2.3505707 -4.281418 9.022949
-2.167282 -3.9148407 9.011047
-2.0554047 -3.6053925 9.201477
-2.0673065 -3.410202 9.28241
-2.1172943 -3.4720917 9.170532
-2.1649017 -3.6506195 9.180054
-2.1529999 -3.8315277 9.15863
-2.141098 -4.031479 9.177673
-2.2291718 -4.276657 9.15387
-2.2101288 -4.364731 9.008667
-2.2863007 -4.3932953 9.022949
-2.2410736 -4.1647797 8.958679
-2.0744476 -3.8196259 8.987244
-1.948288 -3.6172943 9.130066
-1.9244843 -3.660141 9.039612
-1.9316254 -3.7363129 9.058655
-2.038742 -3.864853 9.006287
-2.122055 -4.1052704 8.987244
-2.1125336 -4.3314056 8.975342
-2.1696625 -4.7551117 8.996765
-2.2648773 -4.9145966 8.870605
-2.34581 -4.5932465 8.820618
-2.300583 -4.0600433 9.058655
-2.0054169 -3.5339813 9.144348
-1.8364105 -3.3935394 9.232422
-1.7721405 -3.5244598 9.201477
-1.9506683 -3.7529755 9.120544
-2.1196747 -3.9029388 8.994385
-2.21727 -4.186203 8.996765
-2.224411 -4.2647552 9.011047
-2.1934662 -4.386154 8.939636
-2.2339325 -4.4528046 8.972961
-2.2267914 -4.257614 8.980103
-2.2577362 -3.955307 9.113403
-2.1482391 -3.6887054 9.141968
-2.057785 -3.5006561 9.203857
-1.9863739 -3.538742 9.113403
-2.083969 -3.7743988 9.118164
-2.1482391 -4.0433807 9.096741
-2.2529755 -4.238571 9.001526
-2.3481903 -4.3552094 8.946777
-2.3386688 -4.5432587 9.015808
-2.3434296 -4.3932953 8.958679
-2.2863007 -4.1695404 9.039612
-2.2934418 -3.7767792 9.149109
-2.2982025 -3.5268402 9.196716
-2.3029633 -3.4792328 9.09198
-2.371994 -3.4768524 9.09436
-2.4267426 -3.8767548 9.108643
-2.5290985 -4.364731 9.172913
-2.6338348 -4.662277 8.9991455
-2.7361908 -4.5408783 9.022949
-2.7219086 -4.076706 9.0824585
-2.4576874 -3.4839935 9.182434
-2.2267914 -2.9817352 9.189575
-1.9649506 -2.7246552 9.360962
-1.8625946 -2.6770477 9.308594
-1.8102264 -2.7151337 9.28479
-1.9387665 -2.9888763 9.308594
-2.1053925 -3.3887787 9.272888
-2.2339325 -3.8815155 9.137207
-2.3815155 -4.3099823 9.132446
-2.4410248 -4.367111 8.980103
-2.3957977 -4.1052704 9.113403
-2.3196259 -3.5435028 9.225281
-2.2029877 -3.0436249 9.318115
-2.0268402 -2.8436737 9.384766
-1.9601898 -2.922226 9.275269
-2.0244598 -3.2507172 9.260986
-2.186325 -3.6577606 9.15625
-2.371994 -3.8743744 9.096741
-2.4457855 -4.019577 9.101501
-2.4767303 -4.0862274 9.046753
-2.4719696 -4.1623993 9.075317
-2.4672089 -4.224289 9.0824585
-2.448166 -4.024338 8.980103
-2.4576874 -3.6744232 9.134827
-2.3957977 -3.3673553 9.301453
-2.2458344 -3.3435516 9.35144
-2.1958466 -3.538742 9.308594
-2.288681 -3.8505707 9.182434
-2.4576874 -4.307602 9.168152
-2.53862 -4.674179 9.21814
-2.5909882 -4.8050995 9.168152
-2.6314545 -4.731308 9.249084
-2.6005096 -4.576584 9.579956
-2.6195526 -4.4075775 9.739441
-2.6266937 -4.307602 9.706116
-2.5862274 -4.326645 9.813232
-2.4672089 -4.2933197 9.672791
-2.3672333 -4.269516 9.527588
-2.2648773 -4.4004364 9.806091
-2.2910614 -4.828903 9.996521
-2.512436 -5.188339 10.060791
-2.8195038 -5.3383026 10.298828
-2.9908905 -5.359726 10.520203
-2.8575897 -4.93602 10.341675
-2.512436 -4.0814667 10.558289
-1.9697113 -3.3292694 11.33667
-1.4983978 -2.8484344 11.536621
-1.2246552 -2.8317719 11.450928
-0.19633484 -3.679184 11.117676
0.45588684 -4.0814667 11.39856
-1.5817108 -3.5244598 11.929382
-2.6909637 -2.6627655 11.429504
-2.7338104 -2.3366547 11.327148
-2.1196747 -2.274765 11.555664
-1.4269867 -1.9581757 11.460449
-0.8485565 -1.5059052 11.691345
-0.4867401 -0.8941498 12.134094
-0.42008972 -0.26097107 12.331665
-0.54862976 -0.018173218 12.222168
-0.793808 -0.43473816 12.031738
-0.858078 -1.3488007 11.455688
-0.6676483 -2.2842865 10.836792
-0.36296082 -2.922226 10.470215
-0.029708862 -2.800827 10.572571
0.13215637 -2.1605072 11.065308
0.16072083 -1.267868 11.262878
0.20594788 -0.56565857 11.167664
0.25117493 -0.25382996 10.991516
0.40589905 -0.22288513 10.922485
0.6344147 -0.39665222 10.655884
0.8724518 -0.7703705 10.460693
1.0247955 -0.9608002 10.332153
1.0819244 -1.1226654 10.427368
0.9795685 -1.2702484 10.44165
0.9129181 -1.094101 10.170288
0.970047 -0.760849 10.129822
1.1104889 -0.18717957 10.232178
1.1509552 0.41981506 10.286926
1.1842804 0.9125519 10.24884
1.0557404 1.003006 10.067932
0.9200592 1.0149078 9.632324
0.82484436 0.88874817 9.270508
0.7082062 0.69355774 9.199097
0.7153473 0.7054596 9.051514
0.83436584 0.75782776 8.96582
0.89149475 1.0458527 8.880127
0.90101624 1.3457794 8.775391
0.8200836 1.6480865 8.796814
0.68440247 2.0337067 8.675415
0.62013245 2.459793 8.439758
0.5653839 2.6811676 8.104126
0.6177521 2.8001862 7.9589233
0.74391174 2.8216095 7.801819
0.94862366 2.7168732 7.661377
1.0914459 2.7406769 7.520935
1.2794952 2.8668365 7.532837
1.348526 3.062027 7.585205
1.3247223 3.4619293 7.3757324
1.3009186 3.8618317 7.278137
1.2033234 4.1808014 7.142456
1.1509552 4.3093414 7.0996094
1.1247711 4.3545685 6.7996826
1.1152496 4.3617096 6.5426025
1.0581207 4.36409 6.4140625
1.0771637 4.485489 6.4450073
1.0200348 4.7187653 6.2974243
0.9129181 5.075821 6.102234
0.822464 5.3757477 6.0665283
0.5487213 5.3805084 5.987976
0.31544495 5.2710114 5.9141846
0.21784973 5.318619 5.6309204
0.17262268 5.5161896 5.383362
0.15357971 5.992264 5.238159
0.12501526 6.4445343 5.2286377
0.12025452 6.73732 5.609497
0.12025452 6.9944 5.685669
0.1464386 7.1562653 5.473816
0.07978821 6.915848 5.5428467
-0.010665894 6.5468903 5.597595
-0.020187378 6.127945 5.3286133
-0.02494812 5.8637238 5.2667236
0.0012359619 5.763748 5.338135
0.0012359619 6.051773 5.430969
0.022659302 6.539749 5.4000244
-0.036849976 6.999161 5.621399
-0.034469604 7.360977 5.783264
-0.09159851 7.6371 5.8832397
-0.029708862 7.7751617 5.9141846
0.13453674 7.732315 5.761841
0.14881897 7.1205597 5.4452515
-0.103500366 6.0660553 5.2476807
-0.27012634 4.916336 5.133423
-0.31059265 4.3426666 5.0810547
-0.29631042 4.5854645 5.076294
-0.19871521 5.609024 5.2476807
-0.041610718 6.944412 5.519043
0.17500305 8.0108185 5.892761
0.35353088 8.605911 5.9522705
0.34877014 8.59639 5.9903564
0.30116272 8.186966 5.7285156
0.19880676 7.679947 5.442871
0.13691711 7.2800446 5.064392
0.13691711 6.8301544 4.981079
0.18452454 6.332657 5.2024536
0.277359 6.1112823 5.283386
0.38209534 6.0922394 5.340515
0.41542053 6.346939 5.4761963
0.4011383 6.815872 5.6190186
0.4416046 7.3681183 5.745178
0.4915924 7.7656403 5.7975464
0.5153961 8.003677 5.7213745
0.5844269 8.0108185 5.602356
0.591568 7.815628 5.699951
0.5987091 7.4657135 5.75708
0.5891876 7.001541 5.6428223
0.5582428 6.5302277 5.526184
0.49635315 6.101761 5.4833374
0.52015686 5.8565826 5.4833374
0.5844269 5.8113556 5.473816
0.62965393 6.120804 5.485718
0.62965393 6.7206573 5.704712
0.6915436 7.294327 5.840393
0.64393616 7.7537384 6.018921
0.572525 7.9084625 6.192688
0.5653839 7.846573 6.154602
0.5677643 7.565689 6.0427246
0.57014465 7.149124 5.897522
0.5582428 6.7468414 5.783264
0.5844269 6.5088043 5.8118286
0.6058502 6.4659576 5.923706
0.6463165 6.6135406 5.88562
0.7248688 6.8253937 5.976074
0.74391174 7.006302 6.128418
0.80104065 7.1443634 6.095093
0.82484436 7.1372223 6.071289
0.78437805 7.044388 6.0093994
0.67012024 6.9325104 6.052246
0.66773987 6.794449 6.045105
0.6796417 6.6897125 5.995117
0.71058655 6.5421295 6.109375
0.7819977 6.6111603 6.059387
0.8438873 6.6563873 6.0855713
0.8795929 6.7349396 6.1641235
0.7653351 6.9325104 6.166504
0.68440247 7.1634064 6.083191
0.6225128 7.294327 6.0022583
0.5415802 7.3062286 6.0808105
0.591568 7.25148 6.0022583
0.6653595 7.0991364 6.033203
0.7224884 6.9896393 6.0546265
0.8391266 6.975357 5.999878
0.75819397 6.9015656 6.095093
0.68440247 6.9896393 6.057007
0.591568 6.9348907 6.1141357
0.49635315 6.9705963 6.0236816
0.5344391 7.027725 5.954651
0.5891876 7.084854 5.8808594
0.67726135 7.0872345 5.9594116
0.6820221 7.096756 6.090332
0.66059875 7.103897 6.0022583
0.61299133 6.999161 5.9784546
0.5558624 6.8872833 5.935608
0.5749054 6.749222 5.923706
0.53681946 6.6897125 5.8118286
0.5487213 6.6587677 5.826111
0.6177521 6.706375 5.930847
0.6391754 6.73732 5.9403687
0.6391754 6.8491974 5.88562
0.57014465 6.789688 5.7904053
0.5106354 6.834915 5.7094727
0.48207092 6.820633 5.635681
0.4344635 6.7730255 5.5809326
0.45350647 6.7158966 5.583313
0.4511261 6.6754303 5.5023804
0.37495422 6.6563873 5.5357056
0.26307678 6.699234 5.576172
0.22975159 6.6516266 5.6071167
0.12025452 6.5111847 5.511902
0.07740784 6.4850006 5.378601
0.13691711 6.4707184 5.326233
0.16072083 6.5302277 5.321472
0.19642639 6.713516 5.2262573
0.129776 6.794449 5.2072144
0.0393219 6.877762 5.11438
-0.0035247803 6.961075 4.992981
0.0393219 6.942032 4.8858643
0.18214417 6.7777863 5.1048584
0.32972717 6.499283 5.4143066
0.49635315 6.301712 5.545227
0.42018127 5.9827423 5.8308716
0.18452454 5.723282 5.75708
-0.04875183 5.692337 5.678528
-0.30345154 5.8351593 5.8546753
-0.4867401 6.1446075 5.923706
-0.57481384 6.4778595 5.968933
-0.5938568 6.692093 5.82135
-0.6176605 6.7230377 5.699951
-0.62242126 6.5754547 5.549988
-0.5129242 6.3183746 5.56427
-0.124923706 6.1065216 5.6380615
0.21308899 5.8684845 5.847534
0.3844757 5.3947906 6.290283
0.34638977 4.6878204 6.5949707
0.032180786 4.023697 6.3117065
-0.31297302 3.4619293 5.911804
-0.74858093 3.1096344 5.7975464
-0.98661804 3.1143951 5.7785034
-0.9961395 3.2619781 6.01178
-0.5724335 3.561905 6.1879272
0.08692932 3.883255 6.3497925
0.5582428 3.8737335 6.5283203
0.6963043 3.7071075 6.9710693
0.46540833 3.2119904 7.206726
-0.17015076 2.524063 7.532837
-0.91044617 1.6338043 7.547119
-1.5269623 0.8101959 7.2686157
-1.634079 0.08894348 6.9472656
-1.2627411 -0.44187927 6.9520264
-0.646225 -0.613266 7.380493
0.08930969 -0.15861511 7.887512
0.6248932 0.76734924 8.437378
0.8367462 1.805191 9.046753
0.6058502 2.6430817 9.60614
0.13215637 2.7573395 10.146484
-0.32963562 2.0003815 10.058411
-0.479599 0.8268585 9.268127
-0.2891693 -0.59898376 8.956299
0.0155181885 -2.1557465 9.237183
0.17024231 -3.6577606 9.913208
0.4273224 -3.78154 10.236938
0.739151 -2.5842133 10.43927
0.9129181 -0.3657074 11.248596
0.96528625 2.1217804 12.5911255
0.77485657 3.4286041 14.181213
0.30830383 3.0096588 14.359741
-0.3153534 0.5055084 13.498047
-0.77952576 -2.710373 12.23407
-1.1199188 -5.412094 11.072449
-1.2103729 -6.495163 10.50116
-0.82951355 -5.6310883 10.791565
-0.16300964 -3.3054657 11.6032715
0.46540833 -1.094101 12.200745
0.8962555 0.1698761 12.538757
0.9033966 0.4174347 12.374512
0.4011383 -0.41331482 12.153137
-0.39866638 -2.0224457 11.924622
-1.1699066 -3.8696136 11.065308
-1.6721649 -5.3359222 10.094116
-1.8506927 -6.0428925 9.753723
-1.5436249 -5.628708 9.79895
-1.005661 -4.48851 10.496399
-0.51530457 -3.3602142 11.641357
-0.27488708 -2.56279 11.900818
-0.36296082 -2.5723114 11.857971
-0.86997986 -3.4839935 11.348572
-1.422226 -4.436142 10.6297
-1.7792816 -5.014572 10.453552
-1.7792816 -4.8003387 10.920105
-1.5388641 -4.1076508 11.757996
-1.217514 -3.1935883 12.286438
-0.8890228 -2.5175629 12.341187
-0.84617615 -2.460434 12.369751
-1.0723114 -2.8627167 12.400696
-1.3317719 -3.2292938 11.7508545
-1.5531464 -3.6529999 11.279541
-1.7150116 -3.6720428 10.893921
-1.6364594 -3.1697845 10.524963
-1.5364838 -2.7341766 10.529724
-1.4008026 -2.4247284 10.37738
-1.153244 -2.2342987 9.891785
-1.0175629 -2.2223969 9.425232
-0.9723358 -2.4366302 8.994385
-1.1175385 -2.88414 8.720642
-1.2389374 -3.326889 8.375488
-1.3889008 -3.4887543 7.609009
-1.6269379 -3.4578094 7.3043213
-1.9268646 -3.5173187 7.404297
-2.2339325 -3.512558 7.642334
-2.3505707 -3.3983002 8.06604
-2.3791351 -3.2411957 8.692078
-2.2720184 -3.281662 9.425232
-2.0173187 -3.6506195 10.039368
-1.7530975 -4.1005096 10.420227
-1.7126312 -4.7027435 11.022461
-1.948288 -5.2216644 11.089111
-2.352951 -5.078842 10.229797
-2.6909637 -4.4766083 9.627563
-2.833786 -3.550644 9.325256
-2.8004608 -2.800827 9.303833
-2.6362152 -2.3985443 9.47998
-2.4053192 -2.3247528 9.789429
-2.3220062 -2.8222504 9.872742
-2.3600922 -3.6268158 9.832275
-2.2767792 -3.9315033 9.472839
-2.250595 -3.9148407 9.03009
-2.2529755 -3.538742 8.992004
-2.2339325 -3.0936127 9.130066
-2.2267914 -2.7579803 9.296692
-2.2648773 -2.550888 9.403809
-2.3672333 -2.4390106 9.515686
-2.5052948 -2.4509125 9.456177
-2.6743011 -2.5461273 9.513306
-2.8028412 -2.9555511 9.582336
-2.8504486 -3.4958954 9.577576
-2.8171234 -4.1195526 9.491882
-2.6981049 -4.6003876 9.432373
-2.6623993 -4.5361176 9.265747
-2.60289 -3.9505463 9.277649
-2.5529022 -3.2007294 9.503784
-2.5338593 -2.4556732 9.641846
-2.5076752 -2.062912 9.463318
-2.4315033 -2.0795746 9.406189
-2.3291473 -2.7008514 9.249084
-2.2029877 -3.422104 8.870605
-2.057785 -4.0981293 8.627808
-1.9982758 -4.4123383 8.70874
-2.019699 -4.2480927 8.958679
-2.0720673 -3.6387177 9.194336
-2.160141 -2.774643 9.234802
-2.2910614 -2.1390839 9.3133545
-2.3315277 -1.8891449 9.41333
-2.3434296 -2.081955 9.456177
-2.371994 -2.4366302 9.275269
-2.4005585 -2.922226 9.280029
-2.4838715 -3.2649994 9.294312
-2.5743256 -3.5411224 9.344299
-2.6766815 -3.7363129 9.482361
-2.6957245 -3.6363373 9.265747
-2.648117 -3.467331 9.258606
-2.595749 -3.217392 9.318115
-2.5052948 -2.9008026 9.310974
-2.4005585 -2.736557 9.28479
-2.3767548 -2.729416 9.330017
-2.3696136 -2.8698578 9.196716
-2.34581 -2.9841156 9.144348
-2.326767 -3.2388153 9.203857
-2.3791351 -3.6006317 9.303833
-2.436264 -3.871994 9.28241
-2.4648285 -4.23143 9.187195
-2.4791107 -4.3694916 9.206238
-2.4600677 -4.1909637 9.003906
-2.4434052 -3.6839447 9.103882
-2.4338837 -3.1674042 9.337158
-2.2934418 -2.7556 9.441895
-2.179184 -2.729416 9.387146
-2.1196747 -3.069809 9.330017
-2.1125336 -3.6053925 9.22052
-2.1101532 -3.9624481 9.0824585
-2.2291718 -4.1195526 9.09436
-2.2720184 -4.1124115 9.134827
-2.3481903 -3.9196014 9.163391
-2.3196259 -3.5554047 9.1467285
-2.2910614 -3.1483612 9.2300415
-2.2529755 -2.7675018 9.21814
-2.2363129 -2.5532684 9.370483
-2.2482147 -2.7579803 9.451416
-2.3291473 -3.0483856 9.375244
-2.364853 -3.4173431 9.215759
-2.519577 -3.7601166 9.256226
-2.5290985 -3.8815155 9.130066
-2.5219574 -3.8957977 9.196716
-2.4957733 -3.5649261 9.072937
-2.436264 -3.1816864 9.227661
-2.3791351 -2.88414 9.28241
-2.262497 -2.7532196 9.280029
-2.224411 -2.9626923 9.308594
-2.224411 -3.4459076 9.289551
-2.3172455 -3.8791351 9.180054
-2.3386688 -4.0814667 9.02771
-2.4410248 -3.9029388 9.09198
-2.4672089 -3.5530243 9.253845
-2.436264 -3.2007294 9.341919
-2.3291473 -3.0007782 9.303833
-2.1887054 -3.0222015 9.28717
-2.1315765 -3.0602875 9.277649
-2.1625214 -3.1364594 9.234802
-2.2220306 -3.300705 9.132446
-2.3220062 -3.5006561 9.260986
-2.4076996 -3.7743988 9.251465
-2.4600677 -3.8791351 9.125305
-2.4196014 -3.7410736 9.103882
-2.3957977 -3.422104 9.241943
-2.4005585 -3.107895 9.237183
-2.3101044 -2.88414 9.365723
-2.2220306 -2.941269 9.306213
-2.2125092 -3.095993 9.253845
-2.2553558 -3.3173676 9.2229
-2.2743988 -3.3411713 9.122925
-2.3838959 -3.614914 9.268127
-2.4196014 -3.8743744 9.258606
-2.4029388 -3.91008 9.122925
-2.3696136 -3.7910614 9.206238
-2.398178 -3.4768524 9.263367
-2.3957977 -3.172165 9.227661
-2.371994 -3.005539 9.268127
-2.3862762 -2.9198456 9.239563
-2.3410492 -3.0626678 9.244324
-2.3767548 -3.2388153 9.253845
-2.3315277 -3.5149384 9.225281
-2.3291473 -3.7577362 9.210999
-2.3505707 -3.9624481 9.177673
Time Stop = 1457234497
