Time Start = 1457234531
-1.300827 -3.07695 9.341919
-1.5793304 -3.2388153 9.15387
-2.4600677 -3.024582 9.191956
-2.8552094 -2.8531952 9.130066
-2.576706 -2.8079681 9.103882
-2.1006317 -2.7389374 9.365723
-1.8792572 -2.6889496 9.587097
-2.1077728 -2.8174896 9.622803
-2.436264 -2.9817352 9.518066
-2.6957245 -3.1055145 9.41095
-2.6528778 -3.115036 9.296692
-2.4243622 -3.1197968 9.34668
-2.2101288 -3.0840912 9.327637
-2.167282 -3.0745697 9.2229
-2.2386932 -3.088852 9.118164
-2.2982025 -3.1388397 9.187195
-2.314865 -3.1102753 9.296692
-2.3577118 -3.1626434 9.3966675
-2.4076996 -3.0674286 9.437134
-2.371994 -2.9888763 9.437134
-2.326767 -3.0222015 9.472839
-2.3386688 -3.024582 9.375244
-2.3362885 -3.095993 9.330017
-2.3624725 -3.0721893 9.272888
-2.2982025 -3.0031586 9.280029
-2.2077484 -2.8246307 9.215759
-2.1387177 -2.9722137 9.339539
-2.1244354 -3.0674286 9.260986
-2.2577362 -3.2031097 9.182434
-2.250595 -3.3602142 9.289551
-2.34581 -3.319748 9.325256
-2.3481903 -3.2221527 9.34906
-2.243454 -3.1840668 9.327637
-2.2458344 -3.153122 9.339539
-2.2148895 -3.1293182 9.28479
-2.1839447 -3.1674042 9.268127
-2.2267914 -3.107895 9.272888
-2.2196503 -3.057907 9.291931
-2.2148895 -3.0174408 9.372864
-2.243454 -2.9150848 9.320496
-2.2601166 -2.8960419 9.370483
-2.307724 -2.9174652 9.365723
-2.2839203 -2.9722137 9.387146
-2.3600922 -3.0412445 9.363342
-2.3886566 -3.0912323 9.308594
-2.3838959 -3.0341034 9.268127
-2.2791595 -3.0079193 9.289551
-2.2458344 -2.9793549 9.268127
-2.2077484 -2.974594 9.275269
-2.224411 -3.0150604 9.265747
-2.2386932 -3.1007538 9.239563
-2.3553314 -3.0912323 9.268127
-2.364853 -3.1174164 9.403809
-2.398178 -3.1055145 9.344299
-2.3838959 -3.1483612 9.334778
-2.3386688 -3.07695 9.296692
-2.3362885 -3.0650482 9.308594
-2.3624725 -3.0817108 9.246704
-2.3577118 -3.0222015 9.22052
-2.3672333 -2.9793549 9.28479
-2.34581 -2.903183 9.325256
-2.3386688 -2.9174652 9.289551
-2.391037 -2.9198456 9.34668
-2.47435 -2.9341278 9.3966675
-2.5029144 -3.0936127 9.465698
-2.5600433 -3.1650238 9.41095
-2.5790863 -3.134079 9.425232
-2.519577 -2.9793549 9.353821
-2.4672089 -2.857956 9.28479
-2.2982025 -2.838913 9.320496
-2.2982025 -2.8936615 9.301453
-2.3220062 -2.8484344 9.320496
-2.4196014 -2.8174896 9.375244
-2.4648285 -2.7698822 9.408569
-2.5481415 -2.9055634 9.47522
-2.576706 -3.0293427 9.422852
-2.60289 -3.0721893 9.34668
-2.6504974 -3.1959686 9.432373
-2.66716 -3.3221283 9.510925
-2.6647797 -3.4411469 9.301453
-2.7385712 -3.6625214 9.439514
-2.743332 -3.8886566 9.568054
-2.8623505 -4.1266937 9.610901
-3.147995 -3.9695892 9.308594
-3.424118 -4.0862274 9.906067
-3.3289032 -4.1052704 10.772522
-2.9647064 -4.212387 11.474731
-2.4148407 -4.6575165 12.081726
-2.1696625 -4.9836273 11.250977
-2.3862762 -5.243088 10.672546
-2.712387 -5.2526093 10.701111
-2.9290009 -5.0026703 10.917725
-2.9123383 -4.950302 11.191467
-2.7409515 -5.019333 11.291443
-1.864975 -5.174057 11.012939
0.47016907 -5.6596527 11.348572
0.72010803 -4.598007 12.36261
-0.5557709 -3.1245575 12.100769
-1.4745941 -1.5011444 11.6032715
-1.8245087 -0.48710632 11.429504
-1.7078705 -0.11338806 11.33667
-1.2079926 -0.053878784 10.924866
-0.562912 -0.1681366 10.88678
0.07740784 -0.4394989 11.155762
0.4178009 -0.7917938 11.165283
0.32972717 -1.2393036 11.239075
0.096450806 -1.8843842 11.305725
-0.11064148 -2.5294647 11.381897
-0.101119995 -2.8222504 11.236694
0.0393219 -2.7532196 11.3533325
0.23451233 -2.165268 11.550903
0.2702179 -1.2083588 11.424744
0.3202057 -0.30619812 11.07959
0.31782532 0.117507935 11.136719
0.29878235 -0.015792847 11.384277
0.31306458 -0.299057 11.350952
0.47969055 -0.77275085 11.158142
0.63679504 -1.1869354 11.096252
0.6344147 -1.5844574 10.934387
0.57966614 -1.7915497 10.908203
0.45588684 -1.6725311 10.651123
0.46302795 -1.0536346 10.367859
0.5891876 -0.3252411 10.24884
0.67012024 0.43647766 10.039368
0.8129425 0.9911041 10.027466
0.8319855 1.1482086 10.022705
0.76771545 1.0506134 10.017944
0.65345764 0.84114075 9.665649
0.5844269 0.5007477 9.256226
0.58680725 0.04371643 9.003906
0.65345764 -0.049118042 8.673035
0.76771545 0.1698761 8.689697
0.76057434 0.69355774 9.096741
0.5677643 1.3314972 9.099121
0.4915924 1.8956451 8.777771
0.49635315 2.081314 8.680176
0.4582672 2.0765533 8.373108
0.46302795 2.1217804 7.989868
0.46064758 2.0765533 7.6137695
0.3844757 2.0598907 7.630432
0.3273468 2.2622223 7.3257446
0.3202057 2.5074005 7.0281982
0.3511505 2.812088 6.8710938
0.4106598 3.0263214 6.9067993
0.38923645 3.2524567 6.7734985
0.37257385 3.59523 6.4450073
0.4011383 3.9760895 6.283142
0.35353088 4.397415 6.1069946
0.33448792 4.7211456 6.0308228
0.2606964 4.973465 5.94751
0.25831604 5.13533 5.8737183
0.277359 5.3090973 5.6690063
0.35591125 5.5399933 5.416687
0.39161682 5.7209015 5.366699
0.3773346 5.987503 5.2714844
0.3273468 6.1517487 5.442871
0.21546936 6.1969757 5.5785522
0.0393219 6.1707916 5.5476074
-0.04875183 6.244583 5.383362
-0.11778259 6.2779083 5.185791
-0.12968445 6.3683624 5.276245
-0.04399109 6.48024 5.37146
0.048843384 6.570694 5.5595093
0.117874146 6.582596 5.718994
0.11073303 6.346939 5.8832397
0.07978821 6.1255646 5.764221
0.072647095 5.987503 5.666626
0.013137817 5.908951 5.764221
-0.079696655 5.9327545 5.62854
-0.055892944 6.037491 5.469055
0.02027893 6.1517487 5.3881226
0.1131134 6.2469635 5.4571533
0.14405823 6.435013 5.654724
0.21784973 6.5921173 5.8760986
0.26783752 6.623062 6.0474854
0.29640198 6.665909 6.0474854
0.32258606 6.6325836 6.109375
0.26545715 6.634964 6.0546265
0.24403381 6.537369 6.0284424
0.2202301 6.4635773 6.040344
0.32496643 6.4588165 5.935608
0.2868805 6.4397736 5.852295
0.3773346 6.4707184 5.8356323
0.443985 6.525467 5.9260864
0.4344635 6.627823 5.9855957
0.4582672 6.730179 6.14032
0.45588684 6.8230133 6.211731
0.43922424 6.884903 6.192688
0.4749298 6.884903 6.256958
0.5439606 6.7992096 6.290283
0.591568 6.794449 6.245056
0.6653595 6.711136 6.0855713
0.6415558 6.6706696 6.07605
0.5844269 6.6825714 6.178406
0.5391998 6.7016144 6.3497925
0.51301575 6.7397003 6.354553
0.572525 6.7730255 6.390259
0.6415558 6.7420807 6.2974243
0.6725006 6.725418 6.390259
0.6344147 6.665909 6.502136
0.5749054 6.6587677 6.4021606
0.5439606 6.649246 6.33313
0.52015686 6.604019 6.4640503
0.49635315 6.5873566 6.3831177
0.6010895 6.563553 6.3236084
0.65345764 6.5683136 6.359314
0.7462921 6.520706 6.449768
0.76057434 6.487381 6.5473633
0.7415314 6.520706 6.514038
0.7486725 6.4659576 6.6306763
0.72010803 6.4469147 6.5164185
0.71772766 6.41597 6.3616943
0.7296295 6.468338 6.3355103
0.67012024 6.4969025 6.3640747
0.6248932 6.5873566 6.423584
0.6010895 6.684952 6.3307495
0.5439606 6.7349396 6.2855225
0.63679504 6.7158966 6.328369
0.7486725 6.6516266 6.328369
0.7796173 6.6325836 6.359314
0.79151917 6.601639 6.371216
0.7415314 6.4897614 6.3950195
0.6891632 6.506424 6.328369
0.70106506 6.5349884 6.161743
0.7986603 6.5302277 6.192688
0.9272003 6.5230865 6.256958
1.0438385 6.539749 6.27124
1.0914459 6.5040436 6.3974
0.951004 6.5088043 6.4521484
0.80818176 6.601639 6.4664307
0.674881 6.665909 6.487854
0.62727356 6.6563873 6.3450317
0.6653595 6.6063995 6.4188232
0.7534332 6.570694 6.390259
0.8058014 6.389786 6.354553
0.803421 6.4064484 6.378357
0.7296295 6.358841 6.3188477
0.67012024 6.3445587 6.4021606
0.5391998 6.335037 6.287903
0.4416046 6.373123 6.1522217
0.32972717 6.377884 6.095093
0.31306458 6.3564606 5.995117
0.2035675 6.385025 5.930847
0.129776 6.2612457 5.8237305
-0.08683777 6.2588654 5.723755
-0.29393005 6.1565094 5.549988
-0.5295868 6.294571 5.345276
-0.61528015 6.4016876 5.147705
-0.6438446 6.4207306 5.1262817
-0.6033783 6.2921906 4.9715576
-0.4129486 6.0279694 4.9072876
-0.26060486 5.725662 4.8930054
-0.16300964 5.401932 5.0215454
-0.120162964 5.0234528 5.2476807
-0.23680115 4.7901764 5.216736
-0.3486786 4.7140045 5.05011
-0.48435974 4.7021027 5.0739136
-0.58195496 4.8758698 5.2976685
-0.4058075 5.030594 5.552368
-0.1415863 5.109146 5.768982
0.1797638 5.07106 6.199829
0.38685608 4.883011 6.4212036
0.4511261 4.7830353 6.442627
0.25831604 4.5164337 6.3426514
-0.07017517 4.5092926 6.223633
-0.27488708 4.4188385 6.192688
-0.4224701 4.378372 6.264099
-0.38438416 4.204605 6.514038
-0.26298523 3.8665924 7.0401
-0.11302185 3.6404572 7.2233887
0.10121155 3.3548126 7.444763
0.2940216 2.8930206 7.7661133
0.19642639 2.4383698 8.032715
-0.11302185 1.8837433 8.373108
-0.6295624 1.5409698 8.558777
-1.0294647 1.317215 8.508789
-1.3151093 1.0958405 8.423096
-1.4555511 0.9339752 8.511169
-1.3412933 0.8530426 9.263367
-1.1032562 0.9934845 10.251221
-0.9651947 1.0553741 11.189087
-1.1103973 0.688797 11.700867
-1.3293915 -0.25144958 11.460449
-1.6102753 -1.9081879 11.27002
-1.7292938 -3.5863495 10.853455
-1.634079 -4.8360443 10.353577
-1.2246552 -5.2549896 9.760864
-0.40342712 -4.7860565 9.744202
0.52015686 -3.852951 10.213135
1.3104401 -2.7032318 10.515442
1.9340973 -1.9034271 10.382141
2.2221222 -1.6344452 10.289307
2.2625885 -1.8796234 10.0703125
2.105484 -2.415207 10.18457
2.0459747 -2.6841888 10.289307
1.9317169 -2.6651459 10.196472
1.9364777 -2.4842377 10.682068
1.7865143 -2.2247772 11.053406
1.6603546 -2.043869 10.786804
1.3913727 -2.1057587 10.563049
1.1604767 -2.4056854 10.201233
1.0366974 -3.0269623 9.768005
0.9533844 -3.8815155 9.887024
0.9629059 -4.326645 10.079834
0.96528625 -4.462326 10.341675
0.970047 -4.2290497 10.777283
0.70344543 -3.9124603 11.379517
0.25831604 -3.6553802 11.648499
-0.16777039 -3.6434784 11.203369
-0.57481384 -3.7934418 10.734436
-0.8080902 -3.78154 10.405945
-0.97709656 -3.8815155 10.724915
-0.9318695 -3.8672333 11.358093
-0.646225 -3.7339325 11.746094
-0.37486267 -3.519699 11.924622
-0.32963562 -3.1674042 12.23407
-0.5771942 -2.8246307 12.395935
-0.95329285 -2.8793793 12.533997
-1.3674774 -3.448288 12.757751
-1.8149872 -4.257614 12.564941
-2.2577362 -4.8550873 12.048401
-2.6576385 -4.8550873 11.40094
-3.0980072 -4.590866 10.932007
-3.5169525 -4.3314056 10.572571
-3.8549652 -4.152878 9.920349
-3.8335419 -3.9529266 9.141968
-3.6502533 -4.000534 8.751587
-3.3431854 -4.171921 9.046753
-3.0623016 -4.3813934 9.389526
-2.8956757 -4.409958 9.646606
-2.7647552 -4.61705 9.696594
-2.8813934 -4.897934 9.684692
-2.9980316 -5.026474 9.294312
-3.0027924 -4.9336395 8.813477
-2.8671112 -4.80986 8.761108
-2.705246 -4.6837006 8.911072
-2.436264 -4.3052216 8.530212
-2.3481903 -3.8862762 8.461182
-2.3101044 -3.5339813 8.889648
-2.3624725 -3.179306 9.401428
-2.4410248 -2.8960419 9.499023
-2.5076752 -2.6627655 9.451416
-2.66716 -2.6389618 9.47522
-2.7980804 -2.986496 9.449036
-2.9194794 -3.3935394 9.306213
-3.0027924 -3.6506195 9.041992
-3.057541 -3.6482391 8.732544
-3.2432098 -3.4340057 8.942017
-3.352707 -3.0293427 9.244324
-3.4074554 -2.672287 9.403809
-3.4479218 -2.4818573 9.429993
-3.4074554 -2.422348 9.372864
-3.4288788 -2.5794525 9.356201
-3.397934 -2.9555511 9.28241
-3.3003387 -3.4173431 9.113403
-3.1789398 -3.8053436 8.894409
-3.0670624 -3.9719696 8.784912
-3.0408783 -3.9767303 8.689697
-3.0289764 -3.7410736 8.884888
-3.064682 -3.7339325 9.103882
-2.9980316 -3.512558 9.049133
-2.9528046 -3.4435272 8.937256
-2.8647308 -3.3673553 9.015808
-2.807602 -3.3245087 9.041992
-2.776657 -3.364975 9.001526
-2.750473 -3.4839935 9.068176
-2.8480682 -3.7148895 9.096741
-2.85997 -4.076706 9.03009
-2.9290009 -4.2100067 8.882507
-2.936142 -4.0410004 8.930115
-2.9694672 -3.8600922 8.958679
-2.890915 -3.6363373 9.072937
-2.8123627 -3.474472 8.992004
-2.7385712 -3.326889 8.956299
-2.73143 -3.3030853 9.09436
-2.8171234 -3.4578094 9.137207
-2.8742523 -3.6815643 9.125305
-2.9528046 -3.8886566 8.942017
-3.026596 -3.8577118 8.868225
-2.9766083 -3.8172455 9.022949
-2.9718475 -3.743454 8.972961
-2.9194794 -3.5815887 8.992004
-2.8623505 -3.4054413 9.022949
-2.8861542 -3.2792816 9.096741
-2.8575897 -3.2078705 9.149109
-2.807602 -3.2911835 9.106262
-2.8385468 -3.372116 9.003906
-2.8361664 -3.429245 9.02771
-2.879013 -3.4268646 9.039612
-2.8694916 -3.5649261 9.187195
-2.9075775 -3.8196259 9.127686
-2.8885345 -3.91008 8.968201
-2.9409027 -3.9695892 8.884888
-2.9409027 -3.8101044 8.877747
-2.9051971 -3.519699 9.044373
-2.8361664 -3.3030853 9.137207
-2.7338104 -3.2221527 9.070557
-2.6981049 -3.3173676 9.070557
-2.7290497 -3.4768524 8.992004
-2.8694916 -3.7220306 9.046753
-2.9575653 -3.8886566 9.034851
-3.000412 -3.9672089 8.932495
-3.019455 -3.9910126 9.072937
-2.9313812 -3.97435 8.930115
-2.9075775 -3.7006073 8.9158325
-2.8552094 -3.3530731 9.046753
-2.7814178 -3.115036 9.141968
-2.7219086 -2.9983978 9.106262
-2.6766815 -3.2150116 9.068176
-2.7100067 -3.6768036 9.101501
-2.8552094 -3.9886322 9.065796
-3.026596 -4.1838226 9.018188
-3.0146942 -4.198105 8.89679
-3.0408783 -4.198105 8.844421
-2.9385223 -4.019577 8.822998
-2.898056 -3.6291962 9.096741
-2.7980804 -3.2340546 9.15387
-2.6957245 -2.9698334 9.151489
-2.6504974 -2.9817352 9.15863
-2.6362152 -3.236435 8.982483
-2.7290497 -3.6910858 9.113403
-2.85997 -4.1623993 9.070557
-2.981369 -4.4456635 8.870605
-3.0884857 -4.450424 8.827759
-3.0599213 -4.0624237 8.853943
-2.9718475 -3.5554047 8.968201
-2.8242645 -3.0745697 9.120544
-2.6504974 -2.876999 9.170532
-2.5671844 -2.8865204 9.132446
-2.576706 -3.050766 8.982483
-2.6576385 -3.364975 9.037231
-2.8171234 -3.8767548 9.070557
-2.9051971 -4.333786 8.953918
-2.9932709 -4.5932465 8.758728
-3.0599213 -4.4837494 8.808716
-3.0337372 -4.045761 8.853943
-2.9694672 -3.5101776 8.975342
-2.7814178 -3.1174164 9.139587
-2.6076508 -2.967453 9.172913
-2.5529022 -3.0269623 9.168152
-2.6147919 -3.2150116 8.992004
-2.743332 -3.519699 8.987244
-2.8575897 -4.088608 9.196716
-2.9670868 -4.5361176 8.968201
-2.981369 -4.662277 8.739685
-3.0408783 -4.276657 8.732544
-2.9266205 -3.7363129 8.968201
-2.7647552 -3.3292694 9.168152
-2.583847 -3.1436005 9.151489
-2.519577 -3.1578827 9.072937
-2.545761 -3.2340546 8.946777
-2.6743011 -3.3578339 9.044373
-2.7861786 -3.614914 9.008667
-2.8552094 -3.948166 9.058655
-2.9123383 -4.1957245 8.9348755
-2.9313812 -4.2338104 8.90155
-2.9861298 -3.9862518 8.884888
-2.9837494 -3.5411224 9.068176
-2.9194794 -3.1769257 9.15625
-2.7957 -3.0079193 9.210999
-2.7338104 -3.1174164 9.125305
-2.7480927 -3.288803 9.041992
-2.8004608 -3.5649261 9.015808
-2.8218842 -3.936264 8.982483
-2.9028168 -4.1504974 8.96106
-2.9313812 -4.326645 8.951538
-2.92424 -4.1957245 8.877747
-2.8385468 -3.8434296 8.968201
-2.8314056 -3.493515 9.077698
-2.7647552 -3.20549 9.099121
-2.66716 -3.2221527 9.134827
-2.6243134 -3.3530731 9.099121
-2.7171478 -3.603012 8.956299
-2.7980804 -3.7458344 8.9348755
-2.8694916 -3.9243622 8.96582
-2.9123383 -4.205246 9.02771
-2.8623505 -4.348068 8.920593
-2.909958 -4.1838226 8.863464
-2.8433075 -3.9005585 8.937256
-2.8409271 -3.5030365 9.003906
-2.7671356 -3.20549 9.058655
-2.6576385 -3.1864471 9.087219
-2.693344 -3.2769012 9.075317
-2.693344 -3.4006805 8.989624
-2.7361908 -3.6434784 9.018188
-2.8218842 -3.9315033 9.02771
-2.852829 -4.2861786 8.930115
-2.943283 -4.3885345 8.822998
-2.9266205 -4.1647797 8.89917
-2.8647308 -3.7553558 8.972961
-2.7957 -3.326889 9.132446
-2.6719208 -3.07695 9.034851
-2.6005096 -3.1221771 9.09436
-2.621933 -3.300705 9.061035
-2.660019 -3.512558 9.084839
-2.8004608 -3.833908 8.968201
-2.936142 -4.348068 9.03009
-2.9956512 -4.6432343 8.825378
-3.045639 -4.4861298 8.784912
-3.0408783 -4.0743256 8.937256
Time Stop = 1457234536
