Time Start = 1457234451
-3.8097382 -1.8820038 9.817993
-3.7787933 -2.4556732 9.256226
-2.4386444 -2.4128265 9.280029
-0.774765 -2.248581 9.913208
0.21070862 -2.1866913 10.139343
0.1869049 -2.2604828 10.020325
-0.62242126 -2.203354 9.758484
-1.5388641 -2.2604828 9.503784
-2.0863495 -2.49852 9.444275
-1.9221039 -2.5842133 9.337158
-1.4341278 -2.729416 9.491882
-0.922348 -2.569931 9.753723
-0.70573425 -2.267624 9.806091
-0.8247528 -1.8367767 9.894165
-1.0865936 -1.6630096 9.894165
-1.3293915 -1.6939545 9.822754
-1.4174652 -1.934372 9.79657
-1.300827 -2.1486053 9.656128
-1.2556 -2.6199188 9.744202
-1.2222748 -2.865097 9.777527
-1.1794281 -2.8436737 9.701355
-1.2508392 -2.6484833 9.741821
-1.2913055 -2.460434 9.639465
-1.2984467 -2.1367035 9.651367
-1.1770477 -1.9367523 9.615662
-1.0984955 -1.8558197 9.653748
-1.1175385 -1.9676971 9.634705
-1.1222992 -2.1509857 9.6085205
-1.2389374 -2.3271332 9.6085205
-1.2341766 -2.4009247 9.508545
-1.274643 -2.5746918 9.556152
-1.2556 -2.6199188 9.577576
-1.2151337 -2.596115 9.627563
-1.1413422 -2.4961395 9.629944
-1.0842133 -2.2604828 9.6085205
-1.1175385 -2.0652924 9.575195
-1.134201 -2.0533905 9.6085205
-1.1865692 -2.331894 9.634705
-1.2056122 -2.8555756 9.689453
-1.2984467 -3.5792084 9.975098
-1.3531952 -4.243332 9.844177
-1.3341522 -4.467087 9.389526
-1.2532196 -3.8196259 9.246704
-1.1103973 -2.7556 9.472839
-0.9175873 -1.6177826 9.598999
-0.80570984 -1.0893402 9.441895
-0.77952576 -1.2274017 9.251465
-0.7771454 -1.7082367 9.077698
-0.91044617 -2.4294891 9.101501
-0.9985199 -2.827011 9.111023
-0.9985199 -2.838913 8.908691
-1.0389862 -3.0460052 9.161011
-1.0842133 -3.3126068 9.368103
-1.0913544 -3.4911346 9.5252075
-1.2579803 -3.5792084 9.953674
-1.4769745 -3.319748 10.201233
-1.7840424 -2.8674774 10.329773
-2.0530243 -2.5032806 10.30835
-2.1910858 -2.1985931 10.05603
-2.21727 -2.1224213 10.0060425
-2.0887299 -2.350937 10.127441
-1.8959198 -2.8317719 10.065552
-1.7507172 -3.5244598 10.015564
-1.6126556 -4.3575897 9.684692
-1.4983978 -4.9717255 9.061035
-1.4127045 -5.416855 9.249084
-1.4269867 -5.571579 9.739441
-1.4127045 -5.443039 9.960815
-1.4531708 -5.238327 10.091736
-1.3436737 -5.0883636 10.096497
-1.1770477 -5.288315 10.520203
-0.91044617 -5.5096893 10.753479
-0.71525574 -5.552536 10.839172
-0.69859314 -5.4216156 11.093872
-0.877121 -5.1193085 11.393799
-1.1270599 -4.8550873 11.541382
-1.3341522 -4.55278 11.6604
-1.2579803 -4.7336884 11.869873
-0.7176361 -4.9860077 11.619934
-0.16300964 -5.416855 11.258118
-0.124923706 -5.7548676 11.779419
-0.16062927 -4.897934 11.8984375
-0.103500366 -3.1840668 12.04126
-0.015426636 -1.3987885 12.334045
0.19166565 -0.030075073 12.719666
0.5177765 0.4817047 12.857727
0.7320099 0.098464966 12.736328
0.6986847 -0.82987976 12.5720825
0.54634094 -1.5130463 11.986511
0.42256165 -1.5392303 11.774658
0.25117493 -1.0964813 11.903198
0.14405823 -0.058639526 11.546143
0.10359192 0.85780334 11.317627
0.16786194 1.4290924 11.405701
0.20118713 1.721878 11.127197
0.19404602 1.7099762 10.836792
0.3106842 1.5909576 10.729675
0.38685608 1.4814606 10.934387
0.40351868 1.5838165 10.663025
0.31782532 2.028946 10.375
0.21308899 2.471695 10.239319
0.1869049 2.876358 10.1536255
0.15834045 3.0667877 10.127441
0.12501526 2.9715729 9.722778
0.048843384 2.6740265 9.387146
0.08692932 2.5954742 9.022949
0.25117493 2.6359406 9.011047
0.37971497 2.766861 9.132446
0.4915924 2.9168243 8.958679
0.42018127 3.0572662 8.758728
0.32496643 2.9120636 8.701599
0.17738342 2.8263702 8.637329
0.08930969 2.8287506 8.218384
-0.06303406 2.7073517 7.770874
-0.0677948 2.7716217 7.4661865
0.07026672 3.0644073 7.4161987
0.2535553 3.5261993 7.3114624
0.45588684 3.8856354 7.2543335
0.674881 4.133194 7.1710205
0.7486725 4.2641144 7.032959
0.822464 4.152237 6.704468
0.8129425 3.992752 6.687805
0.75105286 3.890396 6.4783325
0.7653351 3.8784943 6.040344
0.66059875 3.633316 5.897522
0.5558624 3.6356964 5.749939
0.57728577 3.7404327 5.5999756
0.57966614 4.145096 5.4952393
0.5487213 4.5783234 5.557129
0.41542053 5.011551 5.519043
0.2606964 5.4519196 5.416687
0.08692932 5.813736 5.2476807
0.005996704 6.0731964 5.1167603
-0.058273315 6.1493683 4.9453735
-0.10826111 5.992264 4.9120483
-0.09159851 5.7589874 4.819214
-0.032089233 5.570938 4.773987
-0.08207703 5.5661774 4.716858
-0.041610718 5.7209015 4.709717
-0.11778259 6.011307 4.7001953
-0.23442078 6.313614 4.7644653
-0.32011414 6.6254425 4.6240234
-0.38438416 6.7730255 4.674011
-0.4724579 6.789688 4.674011
-0.55101013 6.7920685 4.550232
-0.54862976 6.86586 4.3098145
-0.60575867 6.942032 4.243164
-0.6509857 6.896805 4.333618
-0.6866913 6.8896637 4.3740845
-0.6700287 6.8182526 4.614502
-0.62480164 6.8491974 4.7406616
-0.42723083 6.834915 5.0334473
-0.43437195 6.8182526 5.2000732
-0.40342712 6.8944244 5.064392
-0.3724823 6.8944244 4.98584
-0.396286 6.873001 4.876343
-0.34153748 7.0824738 4.959656
-0.248703 7.2348175 5.0025024
-0.21537781 7.322891 5.0358276
-0.1915741 7.360977 4.9001465
-0.15110779 7.4014435 4.819214
-0.09635925 7.372879 4.8930054
-0.027328491 7.25148 5.0429688
0.072647095 7.2990875 5.0929565
0.22499084 7.3300323 5.107239
0.2702179 7.4157257 5.3476563
0.20594788 7.5157013 5.480957
0.10597229 7.525223 5.345276
0.013137817 7.6775665 5.1119995
-0.058273315 7.7299347 4.9501343
-0.0035247803 7.7656403 4.8739624
0.10359192 7.853714 5.0977173
0.25117493 7.884659 5.254822
0.3440094 7.8560944 5.366699
0.277359 7.756119 5.283386
0.1464386 7.622818 5.319092
-0.0011444092 7.589493 5.231018
-0.08921814 7.6132965 5.1572266
-0.036849976 7.5633087 5.2453003
0.04408264 7.525223 5.216736
0.12263489 7.4085846 5.0810547
0.16548157 7.2729034 5.0810547
0.1464386 7.1824493 5.088196
0.0155181885 7.1372223 5.140564
-0.09635925 7.232437 5.2072144
-0.24394226 7.3895416 5.1881714
-0.23442078 7.3371735 5.2667236
-0.14634705 7.418106 5.283386
0.003616333 7.422867 5.3167114
0.09883118 7.38002 5.3738403
0.21784973 7.3704987 5.533325
0.21784973 7.341934 5.571411
0.19166565 7.308609 5.635681
0.13215637 7.3181305 5.621399
0.11073303 7.237198 5.6428223
0.1631012 7.2229156 5.530945
0.21546936 7.263382 5.5047607
0.29164124 7.3443146 5.526184
0.35829163 7.3943024 5.4714355
0.23927307 7.4276276 5.5476074
0.23927307 7.4347687 5.5547485
0.1797638 7.4585724 5.4833374
0.17024231 7.275284 5.640442
0.2202301 7.2657623 5.718994
0.3273468 7.218155 5.685669
0.360672 7.2395782 5.576172
0.39637756 7.2729034 5.569031
0.33448792 7.339554 5.5476074
0.20594788 7.410965 5.2929077
0.075027466 7.4776154 5.173889
-0.055892944 7.525223 5.1310425
-0.14872742 7.553787 5.1310425
-0.2082367 7.410965 5.1500854
-0.25584412 7.3490753 4.9072876
-0.22727966 7.206253 5.004883
-0.2986908 7.0158234 4.8287354
-0.4224701 6.9087067 4.7263794
-0.56529236 6.7777863 4.5526123
-0.73191833 6.7587433 4.4121704
-0.7200165 6.7420807 4.2717285
-0.7414398 6.706375 4.314575
-0.6700287 6.615921 4.3217163
-0.5462494 6.6111603 4.288391
-0.5391083 6.5159454 4.145569
-0.51768494 6.4826202 4.062256
-0.52482605 6.385025 4.178894
-0.55101013 6.3231354 4.3431396
-0.5462494 6.306473 4.4835815
-0.42008972 6.454056 4.497864
-0.38438416 6.4254913 4.819214
-0.23680115 6.3231354 4.959656
-0.20347595 6.187454 5.0286865
-0.13444519 6.1255646 5.0429688
-0.08683777 6.1969757 5.095337
-0.19395447 6.2731476 5.3881226
-0.30345154 6.3302765 5.5357056
-0.32487488 6.2469635 5.6118774
-0.26298523 6.108902 5.6190186
-0.04637146 5.8875275 5.711853
-0.0011444092 5.5852203 6.01178
0.013137817 5.2091217 6.192688
-0.06541443 4.6949615 6.3759766
-0.1749115 4.5092926 6.5545044
-0.18681335 4.6449738 6.8687134
-0.027328491 4.902054 7.066284
0.2606964 5.07106 7.111511
0.5749054 4.8354034 7.116272
0.68440247 4.3164825 7.1757813
0.61061096 3.6237946 7.1376953
0.4677887 3.0667877 7.1519775
0.29878235 2.88826 7.316223
0.22975159 2.997757 7.55188
0.47969055 3.069168 7.8898926
0.8367462 3.004898 8.082703
1.2080841 2.5859528 8.161255
1.4723053 2.0789337 8.099365
1.4485016 1.6695099 7.9613037
1.2771149 1.4148102 8.173157
0.9795685 1.2077179 8.618286
0.7724762 1.3338776 8.739685
0.73439026 1.4528961 8.5802
1.0509796 1.2934113 8.565918
1.5365753 0.8125763 8.777771
1.8983917 -0.008651733 9.332397
1.9674225 -0.89653015 9.556152
1.7865143 -1.6725311 9.546631
1.348526 -2.1390839 9.560913
0.8700714 -2.153366 9.694214
0.5511017 -1.6177826 9.532349
0.85102844 -0.8179779 9.646606
1.4794464 -0.06816101 10.232178
2.2768707 0.5578766 10.489258
2.8767242 0.56025696 10.63446
3.0124054 -0.17527771 10.405945
2.4887238 -1.5035248 10.260742
1.5699005 -2.8412933 10.270264
0.6820221 -3.948166 10.427368
0.16548157 -4.288559 10.146484
0.3440094 -3.8029633 9.903687
0.9962311 -2.7508392 10.046509
1.8079376 -1.684433 10.353577
2.5577545 -0.844162 10.701111
2.907669 -0.594223 11.103394
2.6791534 -0.908432 11.565186
1.9793243 -1.7391815 11.291443
1.1699982 -2.8793793 10.37738
0.5439606 -3.9767303 10.31073
0.3440094 -4.7931976 10.593994
0.5820465 -4.8360443 10.655884
0.99147034 -4.250473 11.155762
1.3866119 -3.3673553 11.569946
1.5556183 -2.5532684 11.315247
1.367569 -2.1128998 11.246216
0.9676666 -2.3104706 11.084351
0.5344391 -2.8341522 10.801086
0.17500305 -3.4958954 10.444031
-0.022567749 -3.9886322 10.69873
-0.11064148 -4.217148 11.543762
-0.09635925 -5.1264496 12.74823
0.19404602 -6.1000214 13.13623
0.64393616 -6.3571014 13.00531
0.6796417 -5.8881683 13.502808
0.43208313 -4.621811 14.078857
0.055984497 -3.3554535 14.171692
-0.5295868 -2.6699066 13.631348
-0.95329285 -2.672287 12.49353
-1.2532196 -3.4411469 11.189087
-1.4174652 -4.6694183 10.027466
-1.403183 -5.6120453 9.070557
-1.3912811 -5.885788 8.746826
-1.3936615 -5.2097626 8.582581
-1.31987 -3.8553314 8.363586
-1.2484589 -2.679428 8.404053
-1.0580292 -1.8653412 8.456421
-0.81999207 -1.4701996 8.38501
-0.63908386 -1.9010468 8.665894
-0.7081146 -2.5746918 8.77063
-0.86283875 -3.1745453 9.058655
-1.0865936 -3.595871 9.337158
-1.4008026 -3.6934662 9.15387
-1.5483856 -3.6268158 9.087219
-1.5031586 -3.3245087 9.360962
-1.3865204 -2.9246063 9.79895
-1.1389618 -2.588974 10.18219
-0.8914032 -2.5723114 10.260742
-0.93663025 -3.0483856 10.277405
-1.1437225 -3.6053925 10.008423
-1.4055634 -4.152878 9.751343
-1.5983734 -4.3766327 9.572815
-1.7078705 -4.6432343 9.534729
-1.7697601 -4.852707 9.3966675
-1.6745453 -4.8193817 9.075317
-1.5674286 -4.5480194 9.196716
-1.3984222 -4.03862 9.332397
-1.2770233 -3.5530243 9.513306
-1.2103729 -3.3506927 9.506165
-1.1556244 -3.3030853 9.408569
-1.2032318 -3.3625946 9.09436
-1.2651215 -3.9338837 9.137207
-1.4769745 -4.659897 9.272888
-1.5531464 -5.0859833 9.03009
-1.6840668 -5.1788177 8.868225
-1.6912079 -4.924118 8.96106
-1.6769257 -4.436142 9.1467285
-1.51268 -3.8672333 9.189575
-1.365097 -3.5792084 9.277649
-1.2865448 -3.410202 9.368103
-1.2460785 -3.5006561 9.358582
-1.3508148 -3.6125336 9.339539
-1.4626923 -3.7148895 9.275269
-1.5650482 -3.9267426 9.22052
-1.6555023 -4.2147675 9.249084
-1.6697845 -4.4647064 9.130066
-1.6840668 -4.7170258 9.170532
-1.6245575 -4.4837494 9.137207
-1.51268 -3.898178 9.149109
-1.4103241 -3.2864227 9.303833
-1.2984467 -2.8246307 9.434753
-1.2436981 -2.7079926 9.515686
-1.2413177 -2.8365326 9.451416
-1.2984467 -3.115036 9.327637
-1.3793793 -3.6387177 9.384766
-1.4817352 -4.1266937 9.384766
-1.5555267 -4.3314056 9.141968
-1.5436249 -4.443283 9.168152
-1.5840912 -4.0981293 9.141968
-1.5198212 -3.7220306 9.249084
-1.4127045 -3.2721405 9.3776245
-1.3627167 -2.9769745 9.434753
-1.2794037 -2.9341278 9.437134
-1.2984467 -3.0222015 9.353821
-1.3484344 -3.2602386 9.420471
-1.4341278 -3.679184 9.437134
-1.5007782 -4.0552826 9.3776245
-1.6269379 -4.200485 9.203857
-1.6055145 -4.0481415 9.191956
-1.5269623 -3.6815643 9.244324
-1.4722137 -3.300705 9.449036
-1.3865204 -3.0936127 9.47998
-1.3127289 -3.1674042 9.389526
-1.2936859 -3.2602386 9.380005
-1.3174896 -3.3673553 9.332397
-1.3603363 -3.4816132 9.277649
-1.4745941 -3.7363129 9.375244
-1.5531464 -4.088608 9.258606
-1.5436249 -4.2718964 9.2300415
-1.5674286 -4.4266205 9.180054
-1.6436005 -4.402817 9.280029
-1.5531464 -3.9910126 9.115784
-1.5269623 -3.4720917 9.28479
-1.4579315 -2.9960175 9.382385
-1.3817596 -2.8103485 9.439514
-1.3032074 -2.9436493 9.515686
-1.2317963 -3.2292938 9.35144
-1.3341522 -3.614914 9.249084
-1.3865204 -3.8600922 9.258606
-1.5102997 -4.110031 9.28717
-1.6007538 -4.300461 9.199097
-1.5650482 -4.538498 9.215759
-1.5245819 -4.4647064 9.068176
-1.4650726 -3.9838715 9.15625
-1.4103241 -3.326889 9.34668
-1.3769989 -2.9198456 9.556152
-1.3103485 -2.81987 9.558533
-1.2841644 -3.172165 9.482361
-1.2770233 -3.569687 9.241943
-1.4365082 -3.8886566 9.172913
-1.5436249 -4.133835 9.294312
-1.5912323 -4.345688 9.291931
-1.569809 -4.4266205 9.168152
-1.5150604 -4.333786 9.141968
-1.4460297 -4.1266937 9.15625
-1.3746185 -3.614914 9.256226
-1.365097 -3.1650238 9.360962
-1.3365326 -2.922226 9.384766
-1.2865448 -2.9555511 9.446655
-1.3293915 -3.2102509 9.28717
-1.3960419 -3.5934906 9.306213
-1.4317474 -3.9600677 9.28479
-1.5364838 -4.3099823 9.268127
-1.5626678 -4.514694 9.210999
-1.5531464 -4.4980316 9.141968
-1.5721893 -4.160019 9.161011
-1.4841156 -3.5887299 9.301453
-1.4412689 -3.1007538 9.449036
-1.338913 -2.812729 9.451416
-1.2389374 -2.8793793 9.427612
-1.2651215 -3.2602386 9.472839
-1.3579559 -3.5649261 9.322876
-1.44841 -3.8791351 9.275269
-1.5102997 -4.095749 9.184814
-1.5888519 -4.302841 9.263367
-1.5721893 -4.4575653 9.260986
-1.4769745 -4.1623993 9.15625
-1.44841 -3.6910858 9.28717
-1.4103241 -3.2126312 9.320496
-1.3317719 -2.8222504 9.482361
-1.3151093 -2.8555756 9.537109
-1.2984467 -3.1459808 9.427612
-1.3460541 -3.493515 9.28717
-1.4650726 -3.9719696 9.320496
-1.5721893 -4.3433075 9.318115
-1.5626678 -4.4789886 9.196716
-1.5579071 -4.307602 9.101501
-1.4817352 -3.8553314 9.189575
-1.4079437 -3.3768768 9.3776245
-1.3246307 -3.0364838 9.368103
-1.3127289 -2.993637 9.441895
-1.3246307 -3.179306 9.418091
-1.3769989 -3.410202 9.2229
-1.4841156 -3.686325 9.303833
-1.5150604 -3.9148407 9.194336
-1.5245819 -4.2742767 9.325256
-1.51268 -4.417099 9.144348
-1.467453 -4.3171234 9.065796
-1.51268 -3.8791351 9.244324
-1.4317474 -3.3030853 9.341919
-1.403183 -2.9579315 9.456177
-1.3174896 -2.9317474 9.496643
-1.2413177 -3.191208 9.453796
-1.3055878 -3.4459076 9.296692
-1.3746185 -3.6815643 9.225281
-1.3960419 -3.8767548 9.234802
-1.5555267 -4.23143 9.306213
-1.5436249 -4.364731 9.177673
-1.505539 -4.136215 9.106262
-1.3912811 -3.7267914 9.268127
-1.4317474 -3.3245087 9.458557
-1.3746185 -3.01268 9.408569
-1.3317719 -3.050766 9.499023
-1.3151093 -3.2840424 9.439514
-1.3579559 -3.4887543 9.260986
-1.486496 -3.6720428 9.206238
-1.5341034 -3.8696136 9.322876
-1.5388641 -4.0410004 9.232422
-1.5150604 -4.345688 9.28479
-1.4841156 -4.3575897 9.182434
-1.4150848 -3.9386444 9.139587
-1.4460297 -3.4506683 9.258606
-1.4198456 -3.005539 9.363342
-1.3508148 -2.8936615 9.4776
-1.300827 -3.1745453 9.418091
-1.3103485 -3.5601654 9.289551
-1.365097 -3.8362885 9.280029
-1.4960175 -4.1195526 9.341919
-1.5745697 -4.2933197 9.258606
-1.5674286 -4.3171234 9.227661
-1.4960175 -4.050522 9.115784
-1.4460297 -3.641098 9.265747
-1.403183 -3.191208 9.3966675
-1.2579803 -2.8793793 9.484741
-1.2556 -2.9650726 9.439514
-1.2794037 -3.2959442 9.406189
-1.3912811 -3.6006317 9.303833
-1.5031586 -3.8815155 9.144348
-1.5198212 -4.1195526 9.225281
-1.5650482 -4.307602 9.213379
-1.5483856 -4.281418 9.15863
-1.4531708 -3.9767303 9.206238
-1.4103241 -3.5363617 9.384766
Time Stop = 1457234456
