Time Start = 372
-7.3898163 -4.35997 3.036316
-7.130356 -5.3359222 3.6480713
-6.3519745 -5.4597015 3.2624512
-6.040146 -5.32164 2.6030884
-6.2186737 -5.2145233 2.4245605
-6.356735 -5.1074066 2.215088
-6.335312 -4.852707 1.9032593
-6.3638763 -4.595627 1.7223511
-6.285324 -4.5218353 1.7199707
-6.142502 -4.3552094 1.8270874
-6.0877533 -4.110031 1.760437
-6.2496185 -3.750595 1.6080933
-6.5971527 -3.2578583 1.6699829
-6.8899384 -3.0626678 1.7342529
-7.035141 -3.2126312 1.696167
-7.049423 -3.4958954 1.6557007
-7.020859 -3.5744476 1.5176392
-7.085129 -3.614914 1.5462036
-7.299362 -3.6268158 1.3510132
-7.6088104 -3.7934418 1.1629639
-7.9158783 -3.9886322 0.8987427
-8.30864 -4.121933 0.8130493
-8.660934 -3.9576874 0.8963623
-8.76091 -3.5363617 0.9130249
-8.713303 -3.403061 0.6654663
-8.751389 -3.3126068 0.43695068
-8.787094 -3.3173676 0.15368652
-9.039413 -3.5006561 -0.26287842
-9.439316 -3.6958466 -0.5842285
-9.943954 -3.8838959 -0.74609375
-10.508102 -4.0743256 -0.7913208
-11.153183 -4.1266937 -0.77227783
-11.684006 -4.3099823 -0.76275635
-12.036301 -4.3885345 -0.9246216
-12.114853 -4.5694427 -1.1221924
-12.002975 -4.74559 -0.9960327
-11.810165 -4.757492 -0.73657227
-11.622116 -4.7408295 -0.72943115
-11.510239 -4.7289276 -0.73657227
-11.593552 -4.8693695 -0.6604004
-11.722092 -4.9598236 -0.7937012
-11.726852 -5.057419 -0.82940674
-11.693527 -5.083603 -0.78656006
-11.562607 -5.0621796 -0.55566406
-11.357895 -4.981247 -0.5461426
-11.255539 -4.864609 -0.54852295
-11.215073 -4.590866 -0.52233887
-11.298386 -4.3742523 -0.5128174
-11.353134 -4.2266693 -0.5175781
-11.269821 -4.1766815 -0.4628296
-10.9960785 -4.0671844 -0.5175781
-10.627121 -4.110031 -0.48187256
-10.315292 -4.1124115 -0.2962036
-10.032028 -4.133835 -0.21051025
-9.829697 -4.0790863 -0.19384766
-9.698776 -4.050522 -0.13433838
-9.679733 -3.9624481 -0.07720947
-9.729721 -3.8696136 -0.043884277
-9.808273 -3.7363129 -0.04626465
-9.896347 -3.660141 -0.17480469
-9.843979 -3.6506195 -0.3795166
-9.782089 -3.5292206 -0.61279297
-9.589279 -3.5673065 -0.5532837
-9.455978 -3.6363373 -0.48425293
-9.391708 -3.6910858 -0.43902588
-9.4631195 -3.6553802 -0.35095215
-9.665451 -3.4530487 -0.446167
-9.893967 -3.14122 -0.6032715
-10.112961 -2.8889008 -0.88653564
-10.124863 -2.679428 -1.0031738
-10.112961 -2.6222992 -0.95080566
-9.905869 -2.698471 -0.68182373
-9.703537 -2.8698578 -0.30810547
-9.755905 -2.9365082 -0.2962036
-9.941574 -2.9460297 -0.2819214
-10.210556 -2.4770966 -0.3723755
-10.343857 -2.0343475 -0.5866089
-10.3867035 -1.6558685 -0.6699219
-10.36528 -1.7463226 -0.53900146
-10.279587 -1.9653168 -0.40093994
-10.279587 -2.2604828 -0.40570068
-10.381943 -2.4913788 -0.42474365
-10.629501 -2.479477 -0.6008911
-11.055588 -2.1819305 -0.8222656
-11.638779 -1.9700775 -0.77941895
-12.317184 -1.7844086 -0.8222656
-12.774216 -1.6582489 -0.86987305
-12.912277 -1.6225433 -0.8555908
-12.762314 -1.6534882 -0.8413086
-12.381454 -1.6106415 -0.7675171
-11.848251 -1.6582489 -0.7151489
-11.215073 -1.6630096 -0.6365967
-10.674728 -1.53685 -0.67230225
-10.289108 -1.6606293 -0.3795166
-10.012985 -1.8153534 -0.10101318
-9.97966 -2.0843353 0.10369873
-10.17009 -2.3556976 0.2298584
-10.265305 -2.3747406 -0.008178711
-10.191513 -2.1438446 0.041809082
-9.955856 -1.8748627 0.14654541
-9.525009 -1.6677704 0.18463135
-9.044174 -1.5154266 0.19415283
-8.577621 -1.4463959 0.20129395
-8.261032 -1.3535614 0.2869873
-8.237228 -1.1869354 0.40124512
-8.491928 -1.0869598 0.59643555
-9.044174 -1.1155243 0.6416626
-9.665451 -1.0607758 0.6416626
-10.115341 -0.972702 0.39172363
-10.389084 -0.908432 0.25842285
-10.465256 -0.7751312 0.15130615
-10.336716 -0.7275238 0.03704834
-10.17009 -0.7846527 0.1227417
-10.036789 -0.7465668 0.048950195
-9.8535 -0.62516785 0.14178467
-9.715439 -0.5037689 0.23937988
-9.6107025 -0.36332703 0.29174805
-9.415512 -0.3490448 0.5155029
-9.27269 -0.6108856 0.5202637
-9.229843 -0.8846283 0.5583496
-9.198898 -1.0702972 0.45361328
-9.120346 -0.8108368 0.16320801
-8.875168 -0.7846527 0.25842285
-8.713303 -0.87034607 0.38220215
-8.63237 -1.1298065 0.38934326
-8.606186 -1.5297089 0.28936768
-8.663315 -1.8843842 0.18225098
-8.772812 -2.146225 0.18463135
-8.846603 -2.339035 0.1394043
-8.944199 -2.2628632 0.07513428
-8.963242 -2.2319183 0.18939209
-9.022751 -2.1152802 0.25842285
-9.098923 -2.0153046 0.53692627
-9.182236 -1.9438934 0.7892456
-9.313156 -1.9676971 1.0082397
-9.408371 -2.0533905 1.1034546
-9.391708 -2.1248016 0.97491455
-9.253647 -2.2390594 0.71307373
-9.070358 -2.3033295 0.58929443
-8.875168 -2.3675995 0.43695068
-8.82518 -2.5366058 0.5178833
-8.796616 -2.698471 0.5654907
-8.872787 -2.8746185 0.75354004
-8.996567 -3.0031586 0.95825195
-9.089401 -3.0912323 0.99871826
-9.220322 -3.1007538 1.0510864
-9.358383 -3.0531464 1.0510864
-9.52977 -2.986496 0.9868164
-9.705917 -2.910324 0.8868408
-10.036789 -2.8341522 0.78686523
-10.291489 -2.7841644 0.5583496
-10.755661 -2.7317963 0.34887695
-11.500717 -2.7913055 0.4036255
-12.314804 -2.7889252 0.41552734
-12.919418 -2.8627167 0.3203125
-12.997971 -2.9246063 0.23699951
-12.405258 -2.9793549 0.1227417
-11.479294 -3.0412445 0.10369873
-10.87468 -3.2269135 0.1060791
-10.572372 -3.4078217 0.18463135
-10.634262 -3.5482635 0.115600586
-10.846115 -3.6529999 -0.07006836
-10.867538 -3.7006073 -0.07244873
-10.608078 -3.7148895 -0.02722168
-10.189133 -3.7006073 0.048950195
-9.713058 -3.6744232 0.23461914
-9.239365 -3.6387177 0.42266846
-8.877548 -3.686325 0.5012207
-8.644272 -3.6315765 0.49884033
-8.50383 -3.6244354 0.41552734
-8.572861 -3.569687 0.36315918
-8.848984 -3.5268402 0.31079102
-9.279831 -3.3768768 0.20605469
-9.713058 -3.3744965 0.13226318
-10.04631 -3.3316498 0.14654541
-10.17247 -3.2769012 -0.017700195
-10.205795 -3.2340546 -0.103393555
-10.251022 -3.2102509 -0.0748291
-10.305771 -3.2507172 -0.10101318
-10.455734 -3.2078705 -0.034362793
-10.49382 -3.1745453 -0.14385986
-10.436691 -3.0912323 -0.034362793
-10.305771 -3.088852 0.06561279
-10.179611 -3.024582 0.1965332
-10.084396 -2.9460297 0.15844727
-9.941574 -2.8936615 0.03466797
-9.8415985 -2.8222504 -0.13909912
-9.627365 -2.8555756 -0.29382324
-9.494064 -2.9460297 -0.25811768
-9.353622 -3.0198212 -0.22955322
-9.246506 -3.1031342 -0.18432617
-9.196518 -3.1221771 -0.13671875
-9.113205 -3.1055145 -0.15338135
-8.982285 -3.0936127 -0.14385986
-8.756149 -3.0674286 -0.26049805
-8.625229 -3.07695 -0.32476807
-8.532394 -3.0840912 -0.36523438
-8.418137 -3.1221771 -0.3723755
-8.3134 -3.1507416 -0.36523438
-8.253891 -3.1650238 -0.2819214
-8.134872 -3.2316742 -0.14624023
-8.092026 -3.2126312 -0.022460938
-8.051559 -3.1388397 0.09893799
-8.049179 -3.01268 0.1965332
-8.022995 -2.8960419 0.19415283
-8.087265 -2.8484344 0.18701172
-8.303879 -2.8412933 0.19891357
-8.460983 -2.8531952 0.1560669
-8.732346 -2.8912811 0.13464355
-9.182236 -2.800827 0.17034912
-9.544052 -2.8055878 0.15844727
-9.927292 -2.81987 0.07513428
-10.305771 -2.846054 0.020385742
-10.605698 -2.8055878 -0.036743164
-10.74852 -2.8055878 -0.015319824
-10.822311 -2.698471 -0.012939453
-10.68425 -2.615158 -0.18908691
-10.884201 -2.5984955 -0.43426514
-11.733994 -2.729416 -0.4128418
-12.890854 -2.6675262 -0.55804443
-13.814438 -2.6960907 -0.47235107
-14.076279 -2.6008759 -0.5866089
-13.526413 -2.5723114 -0.75323486
-12.421921 -2.615158 -0.5961304
-11.422165 -2.7317963 -0.36523438
-10.87468 -2.8603363 -0.022460938
-10.569992 -2.8936615 0.29888916
-10.458115 -2.922226 0.34173584
-10.358139 -3.0102997 0.4036255
-10.079636 -3.095993 0.6178589
-9.674973 -3.1031342 0.8249512
-9.234604 -3.14122 0.97491455
-8.749008 -3.07695 1.1034546
-8.356247 -2.9817352 1.2034302
-8.196762 -2.846054 1.2367554
-8.172958 -2.6841888 1.1177368
-8.465744 -2.5794525 0.9225464
-8.927536 -2.4009247 0.92492676
-9.33934 -2.3295135 0.84161377
-9.667831 -2.339035 0.9035034
-9.822556 -2.3533173 1.041565
-9.810654 -2.4247284 1.2224731
-9.810654 -2.4913788 1.3724365
-9.698776 -2.4913788 1.279602
-9.598801 -2.550888 1.1677246
-9.389328 -2.5461273 0.99871826
-9.236984 -2.6508636 1.0153809
-9.01561 -2.6484833 0.8535156
-8.813278 -2.6675262 0.8963623
-8.7061615 -2.7698822 0.9725342
-8.603806 -2.8722382 1.0844116
-8.587143 -2.9626923 1.105835
-8.541916 -2.8960419 0.9439697
-8.37767 -2.9436493 0.96777344
-8.325302 -2.9436493 0.89398193
-8.234848 -2.9436493 0.8225708
-8.282455 -2.94841 0.9296875
-8.384811 -2.9388885 0.9891968
-8.541916 -2.8817596 1.0748901
-8.684738 -2.9055634 1.2248535
-8.863266 -2.929367 1.2034302
-8.972763 -2.9436493 1.2319946
-9.006088 -2.9626923 1.1629639
-8.934677 -2.974594 1.2177124
-8.922775 -3.0745697 1.1962891
-8.820419 -3.0817108 1.2438965
-8.69902 -3.1626434 1.336731
-8.601425 -3.2078705 1.4700317
-8.615707 -3.3173676 1.5866699
-8.644272 -3.3935394 1.7247314
-8.775192 -3.5530243 1.7699585
-8.906113 -3.6649017 1.7485352
-9.106064 -3.6101532 1.7723389
-9.284592 -3.6172943 1.7437744
-9.503586 -3.5244598 1.7937622
-9.882065 -3.4435272 1.7913818
-10.341476 -3.2578583 1.7390137
-10.87468 -3.1007538 1.4985962
-11.186508 -2.8817596 1.4676514
-11.093674 -2.6389618 1.362915
-10.608078 -2.3890228 1.3105469
-10.036789 -2.293808 0.836853
-10.208176 -2.5794525 0.83447266
-11.315048 -2.94841 1.0915527
-12.54332 -3.2935638 0.8987427
-13.281235 -3.338791 0.8630371
-13.078903 -3.1459808 0.4678955
-11.891098 -2.9531708 0.20605469
-10.515244 -2.8793793 0.14654541
-9.674973 -2.9841156 0.08227539
-9.422653 -3.0602875 0.110839844
-9.670212 -3.1364594 0.115600586
-10.034409 -3.1555023 0.1560669
-10.281967 -3.160263 0.20843506
-10.315292 -3.2864227 0.21557617
-10.153427 -3.455429 0.3607788
-9.805893 -3.5720673 0.29174805
-9.446457 -3.6125336 0.23461914
-9.220322 -3.4887543 0.053710938
-9.163193 -3.2126312 -0.23431396
-9.391708 -2.9436493 -0.26287842
-9.808273 -2.8079681 -0.22955322
-10.191513 -2.7841644 -0.1486206
-10.381943 -2.6818085 -0.0914917
-10.55809 -2.7127533 -0.04864502
-10.703293 -2.7698822 -0.11291504
-10.903244 -2.7889252 -0.215271
-10.924667 -2.8246307 -0.22717285
-10.741379 -2.793686 -0.29144287
-10.36528 -2.729416 -0.26763916
-9.91539 -2.717514 -0.2390747
-9.572617 -2.7484589 -0.22479248
-9.308395 -2.7579803 -0.17718506
-9.217941 -2.812729 -0.15814209
-9.179855 -2.8317719 -0.2319336
-9.139389 -2.8674774 -0.22003174
-9.032272 -2.986496 -0.2652588
-8.948959 -3.0483856 -0.19384766
-8.882309 -3.0912323 -0.02722168
-8.8537445 -3.1555023 -0.0034179688
-8.908493 -3.1674042 0.10131836
-8.934677 -3.1293182 0.115600586
-8.925156 -3.0031586 0.094177246
-8.851364 -2.9507904 0.18701172
-8.794235 -2.8436737 0.2298584
-8.668076 -2.8627167 0.24176025
-8.665695 -2.88414 0.22509766
-8.613327 -2.8698578 0.24890137
-8.572861 -2.876999 0.2869873
-8.50383 -2.922226 0.26794434
-8.50145 -2.9436493 0.31555176
-8.510971 -2.993637 0.394104
-8.563339 -2.9983978 0.477417
-8.713303 -2.993637 0.477417
-8.884689 -2.8627167 0.40600586
-9.048935 -2.8317719 0.2869873
-9.217941 -2.8531952 0.22271729
-9.391708 -2.7865448 0.12512207
-9.684494 -2.7984467 0.053710938
-10.036789 -2.8103485 0.14892578
-10.355759 -2.8293915 0.07989502
-10.655685 -2.9008026 0.09893799
-10.865158 -2.9269867 0.110839844
-10.87944 -2.9341278 0.08227539
-10.758041 -2.9507904 0.06561279
-10.541428 -2.9127045 0.1798706
-10.543808 -2.8603363 0.09655762
-11.00322 -2.8912811 -0.103393555
-12.176743 -2.8960419 0.072753906
-13.478806 -2.8960419 0.07751465
-14.526169 -2.8722382 0.115600586
-14.53331 -2.7603607 -0.07006836
-13.362167 -2.62706 -0.11529541
-11.864914 -2.62706 0.13702393
-10.7509 -2.7056122 0.41314697
-10.215317 -2.7413177 0.6845093
-10.10582 -2.717514 0.81066895
-10.053452 -2.6770477 0.85113525
-9.8606415 -2.6484833 0.78686523
-9.486923 -2.7698822 0.8820801
-9.034653 -2.7841644 1.0772705
-8.56572 -2.7984467 1.132019
-8.275314 -2.7651215 1.1939087
-8.218185 -2.6960907 1.253418
-8.382431 -2.6246796 1.0820313
-8.749008 -2.5199432 0.9796753
-9.113205 -2.4628143 0.98443604
-9.3798065 -2.350937 0.90112305
-9.505966 -2.2533417 1.048706
-9.491684 -2.2652435 1.067749
-9.417892 -2.248581 1.170105
-9.427414 -2.4366302 1.1748657
-9.441696 -2.415207 1.1153564
-9.358383 -2.4580536 1.0391846
-9.163193 -2.3866425 0.72735596
-8.896591 -2.377121 0.63690186
-8.684738 -2.4699554 0.6559448
-8.599045 -2.5461273 0.6916504
-8.615707 -2.6175385 0.7392578
-8.660934 -2.6413422 0.7178345
-8.725204 -2.6294403 0.8796997
-8.649033 -2.531845 0.76068115
-8.627609 -2.4461517 0.8630371
-8.50621 -2.3152313 0.9796753
-8.399094 -2.267624 1.0558472
-8.458603 -2.1890717 1.0653687
-8.582382 -2.2247772 1.1534424
-8.777573 -2.2866669 1.151062
-8.968002 -2.2771454 1.105835
-9.098923 -2.3342743 1.2177124
-9.08226 -2.4056854 1.1962891
-9.039413 -2.4056854 1.1534424
-8.82518 -2.4366302 1.1486816
-8.727585 -2.5223236 1.1772461
-8.615707 -2.5937347 1.2581787
-8.610947 -2.6603851 1.3867188
-8.637131 -2.7579803 1.3914795
-8.584763 -2.827011 1.4724121
-8.482407 -2.8627167 1.5343018
-8.384811 -2.9365082 1.5390625
-8.349106 -3.0460052 1.6152344
-8.444321 -2.9960175 1.612854
-8.606186 -2.8984222 1.6676025
-8.920395 -2.8293915 1.6295166
-9.284592 -2.7270355 1.5723877
-9.622604 -2.781784 1.4367065
-9.867783 -2.81987 1.3414917
-10.027267 -2.7532196 1.3010254
-10.10582 -2.7532196 1.279602
-10.189133 -2.7556 1.2557983
-10.158188 -2.698471 0.9701538
-10.453354 -2.69133 0.5274048
-11.51738 -2.8865204 0.68927
-12.9075165 -2.941269 0.5916748
-14.081039 -2.9841156 0.72735596
-14.602341 -2.793686 0.68688965
-13.847763 -2.6199188 0.22033691
-12.533798 -2.6056366 0.12750244
-11.569748 -2.7579803 0.15130615
-11.155563 -2.910324 0.20367432
-11.055588 -2.9198456 0.27746582
-10.891342 -2.910324 0.3036499
-10.439072 -2.827011 0.4274292
-9.882065 -2.7413177 0.57025146
-9.113205 -2.736557 0.75354004
-8.549057 -2.8531952 0.82733154
-8.299118 -3.095993 0.84399414
-8.301498 -3.1102753 0.6559448
-8.520493 -3.1031342 0.4845581
-8.915634 -2.967453 0.3131714
-9.427414 -2.8293915 0.17510986
-9.78685 -2.6699066 0.33459473
-10.027267 -2.615158 0.2869873
-10.193893 -2.5937347 0.25842285
-10.30101 -2.5009003 0.21081543
-10.49144 -2.4175873 0.044189453
-10.710434 -2.3866425 -0.12957764
-10.929428 -2.3914032 -0.27478027
-11.0793915 -2.4271088 -0.32476807
-11.038925 -2.448532 -0.37713623
-10.817551 -2.4818573 -0.18670654
-10.553329 -2.5556488 -0.11529541
-10.279587 -2.5723114 -0.1081543
-10.04155 -2.6484833 -0.12005615
-9.865402 -2.7865448 -0.0914917
-9.755905 -2.910324 -0.043884277
-9.646408 -2.9579315 0.020385742
-9.489304 -2.9960175 0.0061035156
-9.3155365 -3.0174408 0.0013427734
-9.220322 -2.993637 0.0037231445
-9.175095 -3.0840912 -0.02722168
-9.170334 -3.0198212 -0.034362793
-9.267929 -2.8960419 -0.041503906
-9.27269 -2.8531952 0.0013427734
-9.270309 -2.8032074 -0.13195801
-9.189377 -2.8698578 -0.13195801
-9.070358 -3.0007782 -0.23431396
-8.948959 -3.1959686 -0.20336914
-8.901352 -3.3816376 -0.15576172
-8.941818 -3.493515 -0.2652588
-9.003708 -3.5649261 -0.41522217
-9.051315 -3.4816132 -0.46044922
-9.091782 -3.3245087 -0.3057251
-8.991806 -3.1888275 -0.16052246
-9.0013275 -3.1388397 -0.16052246
-9.022751 -3.1888275 -0.15338135
-9.14653 -3.2530975 -0.21051025
-9.367905 -3.338791 -0.36999512
-9.541672 -3.4768524 -0.4794922
-9.701157 -3.5054169 -0.60565186
-9.755905 -3.5815887 -0.65563965
-9.763046 -3.6244354 -0.55804443
-9.824936 -3.595871 -0.6365967
-9.936813 -3.550644 -0.50805664
-10.10582 -3.4958954 -0.46044922
-10.203415 -3.4125824 -0.5437622
-10.184372 -3.4340057 -0.49139404
-10.067734 -3.4697113 -0.42236328
-9.91301 -3.3887787 -0.44140625
-10.267685 -3.4958954 -0.43902588
-11.065109 -3.5030365 -0.3128662
-11.824448 -3.660141 -0.5913696
-12.233871 -3.8291473 -0.9888916
-12.072006 -3.807724 -1.0793457
-11.3745575 -3.5149384 -0.8674927
-10.610458 -3.1959686 -0.4128418
-10.136765 -3.0555267 0.14654541
-9.91539 -2.9769745 0.4036255
-9.6940155 -2.876999 0.5988159
-9.455978 -2.800827 0.67736816
-9.132248 -2.6937103 0.78686523
-8.820419 -2.6960907 1.0296631
-8.494308 -2.81987 1.1796265
-8.289597 -3.0007782 1.3034058
-8.196762 -3.115036 1.2819824
-8.265793 -3.14122 1.0344238
-8.525253 -3.1555023 1.0320435
-8.88945 -3.0436249 0.8630371
-9.277451 -2.9888763 0.72021484
-9.567856 -2.941269 0.75354004
Time Stop = 377
