Time Start = 1457236871
-3.2003632 -1.6273041 7.342407
-3.0480194 -1.563034 7.259094
-3.5502777 -1.2535858 6.923462
-4.162033 -0.7679901 6.794922
-5.073715 -0.5894623 6.7473145
-3.840683 -0.79893494 6.737793
-3.469345 -0.76322937 7.021057
-3.288437 -0.46806335 7.032959
-3.8287811 -0.13005066 6.9591675
-4.181076 0.2936554 6.328369
-4.166794 0.457901 6.026062
-3.7526093 0.69117737 5.590454
-3.3074799 0.6959381 5.366699
-3.007553 0.71736145 4.8953857
-2.8028412 0.75068665 4.500244
-2.8361664 0.9744415 4.243164
-3.1265717 1.2315216 4.031311
-3.6931 1.7956696 3.8242188
-4.257248 2.5930939 3.652832
-4.7238007 3.33815 3.7956543
-5.028488 4.1165314 3.4266968
-5.142746 4.2260284 3.12677
-5.2760468 3.985611 2.445984
-5.3712616 3.459549 1.5914307
-5.4355316 2.9906158 0.77734375
-5.540268 2.4740753 0.051330566
-5.535507 2.2503204 -0.6508789
-6.1139374 1.7456818 -1.0269775
-6.792343 1.2291412 -1.6149292
-7.5397797 0.5745392 -1.562561
-8.651413 0.23890686 -2.100525
-9.222702 -0.6537323 -2.6004028
-10.153427 -1.4249725 -2.9336548
-10.900864 -2.184311 -2.864624
-11.536423 -3.429245 -3.0026855
-12.693283 -5.1193085 -2.781311
-13.8763275 -6.0905 -3.319275
-14.8641815 -5.852463 -3.1359863
-14.738022 -4.9526825 -2.9884033
-14.559494 -3.3292694 -2.3266602
-14.609482 -1.9534149 -2.017212
-15.335495 -1.222641 -1.6934814
-16.868454 -0.013412476 -2.0148315
-19.253586 0.5745392 -2.947937
-19.671936 0.69355774 -4.454712
-19.671936 0.6816559 -5.6258545
-19.671936 0.30793762 -6.528015
-19.671936 -0.38713074 -7.361145
-19.671936 -1.5082855 -7.64917
-19.671936 -2.248581 -6.9421997
-19.671936 -3.1864471 -7.2088013
-19.671936 -4.3433075 -6.278076
-19.671936 -5.231186 -5.2211914
-19.671936 -6.3832855 -4.495178
-19.056015 -7.1592865 -3.909607
-16.190048 -6.54039 -4.9593506
-13.783493 -5.205002 -5.859131
-12.081528 -3.981491 -6.1328735
-11.015121 -3.1697845 -5.252136
-9.996323 -2.4842377 -3.9500732
-9.384567 -1.8796234 -2.800354
-9.244125 -1.3035736 -1.960083
-9.598801 -1.2393036 -1.2769165
-10.270065 -1.4440155 -1.0484009
-10.736618 -1.9415131 -0.9817505
-10.872299 -2.6199188 -1.1126709
-10.917526 -3.3221283 -1.4411621
-10.957993 -3.9767303 -1.8410645
-10.865158 -4.4766083 -2.1195679
-10.55571 -4.833664 -2.486145
-10.148666 -5.283554 -2.7099
-9.436935 -5.32164 -3.22406
-8.89183 -5.571579 -3.3097534
-8.56572 -5.4835052 -3.5335083
-8.227707 -5.585861 -3.5477905
-8.0325165 -5.473984 -3.012207
-7.9373016 -4.7265472 -2.7598877
-7.792099 -4.367111 -2.5861206
-7.696884 -4.171921 -2.652771
-7.7064056 -3.9767303 -2.6027832
-7.8397064 -3.7291718 -2.512329
-8.027756 -3.4006805 -2.3814087
-8.151535 -3.0293427 -2.3814087
-8.351486 -2.6508636 -2.1600342
-8.522873 -2.3723602 -2.0195923
-8.837082 -2.146225 -1.9243774
-9.367905 -2.0224457 -1.7220459
-10.053452 -2.0581512 -1.6054077
-10.727097 -2.1057587 -1.7410889
-11.355515 -2.1224213 -1.9886475
-11.845871 -2.0295868 -2.2719116
-12.250534 -1.9367523 -2.562317
-12.598068 -1.7201385 -2.7979736
-12.86705 -1.5582733 -2.993164
-13.226486 -1.9010468 -2.9598389
-13.783493 -2.1152802 -2.9598389
-14.202438 -2.1628876 -2.9979248
-14.3405 -2.0081635 -3.1121826
-14.357162 -1.6368256 -3.3287964
-14.350021 -1.2702484 -3.2716675
-14.307175 -0.90367126 -3.1050415
-14.197678 -0.5228119 -2.993164
-14.02153 -0.38713074 -2.8146362
-13.933456 -0.3085785 -2.800354
-14.009628 -0.2252655 -2.6408691
-14.064377 -0.21336365 -2.6646729
-14.047714 -0.28001404 -2.5480347
-14.007248 -0.28477478 -2.5742188
-13.928696 -0.15623474 -2.588501
-13.647812 -0.15861511 -2.857483
-13.283615 -0.122909546 -3.03125
-12.700424 -0.16337585 -3.1550293
-12.110092 -0.09196472 -3.114563
-11.876816 0.003250122 -2.9979248
-12.041061 0.16749573 -3.088379
-12.360031 0.4340973 -3.1312256
-12.283859 0.56977844 -3.2264404
-11.779221 0.55311584 -3.1169434
-10.908005 0.3674469 -3.0169678
-10.122482 0.3674469 -2.9979248
-9.134628 0.2103424 -2.6551514
-8.280075 0.06752014 -1.9838867
-7.530258 -0.2252655 -1.3721313
-7.1017914 -0.47044373 -0.91986084
-6.978012 -0.49186707 -0.69610596
-7.1613007 -0.54185486 -0.5366211
-7.2422333 -0.5608978 -0.6104126
-7.3207855 -0.5061493 -0.7937012
-7.6207123 -0.39189148 -0.93652344
-7.823044 -0.35856628 -1.0650635
-7.958725 -0.36094666 -1.0722046
-7.973007 -0.45854187 -1.1721802
-7.908737 -0.58470154 -1.1602783
-7.889694 -0.73228455 -1.3435669
-7.842087 -0.81321716 -1.414978
-7.6611786 -0.8036957 -1.3816528
-7.4945526 -0.97032166 -1.2888184
-7.463608 -1.0536346 -1.2459717
-7.4612274 -1.184555 -1.2102661
-7.382675 -1.3678436 -1.1055298
-7.318405 -1.5582733 -1.0507813
-7.3326874 -1.7272797 -0.89367676
-7.5326385 -1.7820282 -0.86273193
-7.780197 -1.7606049 -0.8674927
-8.046799 -1.6963348 -0.85321045
-8.256271 -1.5154266 -1.0412598
-8.729965 -1.3821259 -0.61279297
-8.639511 -1.9272308 -1.0983887
-9.265549 -2.0605316 -1.2769165
-9.808273 -1.7582245 -1.5101929
-10.350998 -1.5773163 -1.8910522
-11.124619 -1.7653656 -1.7553711
-11.562607 -1.6415863 -1.6149292
-12.091049 -1.620163 -1.6601563
-12.617111 -1.7844086 -1.6553955
-13.019394 -2.0129242 -1.767273
-13.216965 -2.319992 -1.7625122
-13.131271 -2.4961395 -1.6791992
-13.088425 -2.6199188 -1.6720581
-13.238388 -2.62706 -1.8077393
-13.228867 -2.6865692 -1.7315674
-12.943222 -2.7341766 -1.4554443
-12.517136 -2.646103 -1.331665
-12.229111 -2.5604095 -1.2554932
-12.205307 -2.6056366 -1.3221436
-12.364792 -2.6889496 -1.4935303
-12.576645 -2.7865448 -1.7220459
-12.92894 -3.0602875 -1.6149292
-13.007492 -3.2530975 -1.4768677
-12.919418 -3.436386 -1.5697021
-12.745651 -3.6506195 -1.6363525
-12.464767 -3.807724 -1.5792236
-12.069626 -3.8577118 -1.4030762
-11.553085 -3.8743744 -0.9793701
-11.248398 -3.78154 -0.57470703
-11.707809 -3.614914 -0.3390503
-12.840866 -3.614914 -0.3557129
-13.712082 -3.7577362 -0.62231445
-13.843002 -3.8838959 -0.76275635
-13.333603 -4.0552826 -0.80322266
-12.4457245 -4.1005096 -0.65563965
-11.355515 -4.155258 -0.6413574
-10.49144 -4.171921 -0.91986084
-10.151047 -4.0624237 -1.1102905
-10.408127 -3.7720184 -1.61969
-11.384079 -3.4078217 -2.0267334
-12.614731 -3.050766 -2.6051636
-13.57402 -2.8079681 -3.255005
-14.242905 -2.4889984 -3.6525269
-14.46904 -2.1605072 -3.7596436
-14.449997 -2.0581512 -3.7477417
-14.2738495 -1.9534149 -3.5144653
-13.988205 -1.8248749 -3.364502
-13.564499 -1.7748871 -3.0931396
-12.897995 -1.6606293 -2.7384644
-11.945847 -1.7225189 -2.3290405
-11.096054 -1.6249237 -2.06958
-10.339096 -1.5915985 -1.7886963
-9.808273 -1.5463715 -1.5601807
-9.410751 -1.4559174 -1.4911499
-9.072739 -1.4106903 -1.4649658
-8.834702 -1.3678436 -1.5435181
-8.908493 -1.3202362 -1.6696777
-9.134628 -1.3630829 -1.6815796
-9.484543 -1.3773651 -1.7720337
-9.763046 -1.4178314 -2.0029297
-10.074875 -1.3797455 -2.1314697
-10.381943 -1.3011932 -2.1814575
-10.596176 -1.1655121 -2.3909302
-10.767563 -1.0393524 -2.543274
-11.0056 -0.9012909 -2.7218018
-11.224594 -0.7180023 -2.8408203
-11.462631 -0.613266 -2.9812622
-11.545944 -0.51805115 -3.1074219
-11.419785 -0.48234558 -3.2264404
-11.036545 -0.33952332 -3.1455078
-10.691391 -0.29667664 -3.1359863
-10.420029 -0.3990326 -3.0645752
-10.167709 -0.36808777 -2.9360352
-9.8606415 -0.42521667 -2.9979248
-9.572617 -0.44425964 -2.8670044
-9.184616 -0.54185486 -2.7527466
-8.989426 -0.68943787 -2.614685
-8.977524 -0.65849304 -2.459961
-8.977524 -0.76560974 -2.4432983
-9.096542 -0.8846283 -2.3933105
-9.139389 -0.9012909 -2.4837646
-8.856125 -0.99412537 -2.4337769
-8.468124 -1.0131683 -2.3504639
-8.101547 -1.010788 -2.2385864
-7.754013 -1.0250702 -2.19812
-7.7635345 -1.0084076 -2.0791016
-7.887314 -0.9893646 -1.9838867
-8.241989 -1.056015 -1.7315674
-8.627609 -1.177414 -1.3197632
-8.984665 -1.2773895 -1.0579224
-9.327438 -1.184555 -1.0650635
-9.534531 -1.4321136 -0.9460449
-9.482162 -1.703476 -0.82940674
-9.065598 -2.0533905 -0.7579956
-8.925156 -2.2247772 -0.67230225
-8.894211 -2.2628632 -0.5699463
-8.779953 -2.403305 -0.5961304
-8.689499 -2.3176117 -0.5509033
-8.863266 -2.1343231 -0.55566406
-9.217941 -1.960556 -0.6699219
-9.696396 -1.7106171 -0.7984619
-10.151047 -1.6558685 -1.1031494
-10.710434 -1.4225922 -1.2078857
-11.193649 -1.2440643 -1.3126221
-11.672104 -1.1750336 -1.6077881
-12.198166 -1.1559906 -1.8458252
-12.533798 -1.1964569 -2.1029053
-12.448105 -1.3107147 -2.19812
-12.276718 -1.241684 -2.183838
-11.993454 -1.2631073 -2.0529175
-11.595932 -1.3083344 -2.0529175
-11.32457 -1.3226166 -1.8505859
-11.288864 -0.9988861 -1.5006714
-11.372177 -0.7917938 -0.6104126
-11.074631 -0.7751312 0.008483887
-10.484299 -1.2178802 -0.24383545
-10.124863 -1.832016 -0.8674927
-10.139145 -2.6413422 -1.3126221
-10.191513 -3.1626434 -1.6482544
-10.510483 -3.1031342 -1.8839111
-10.648544 -2.8079681 -1.0698242
-10.817551 -2.4294891 -0.6913452
-10.719955 -2.505661 -0.34143066
-10.650925 -2.3485565 -0.7270508
-10.634262 -2.4104462 -0.9293823
-10.600937 -2.4580536 -1.2197876
-10.477158 -2.6580048 -1.1436157
-10.448593 -2.7032318 -1.267395
-10.322433 -2.9246063 -1.434021
-10.177231 -2.967453 -0.8508301
-10.151047 -2.5913544 -0.19622803
-10.1558075 -2.1938324 0.20367432
-9.886826 -2.0010223 -0.15100098
-10.203415 -2.0748138 -0.4628296
-10.596176 -2.4175873 -0.6080322
-10.796127 -2.8079681 -0.7246704
-10.805649 -3.1578827 -0.60565186
-10.827072 -3.3102264 -0.34857178
-10.915146 -3.3292694 -0.16290283
-10.9127655 -3.4411469 0.16082764
-10.817551 -3.5649261 0.56073
-10.68663 -3.667282 0.8463745
-10.93895 -3.6625214 0.93444824
-11.6054535 -3.5554047 0.64642334
-12.67186 -3.3245087 0.30126953
-14.111984 -3.1221771 -0.4128418
-15.761581 -3.024582 -1.0412598
-17.025558 -2.9983978 -1.7172852
-17.251694 -3.2340546 -1.9696045
-16.220993 -3.3983002 -1.9386597
-14.350021 -3.429245 -1.5554199
-12.4457245 -3.4149628 -1.017456
-11.06987 -3.2269135 -0.7913208
-10.327194 -2.941269 -0.8841553
-10.203415 -2.5366058 -1.1864624
-10.8294525 -2.0867157 -1.3840332
-11.788742 -1.8558197 -2.050537
-12.950363 -1.6225433 -2.633728
-13.902512 -1.3964081 -3.1264648
-14.499985 -1.267868 -3.4954224
-14.657089 -1.2178802 -3.4978027
-14.478561 -1.222641 -3.5644531
-13.942978 -1.4106903 -3.3406982
-13.25029 -1.5297089 -3.2192993
-12.457626 -1.7510834 -2.8122559
-11.681625 -1.7153778 -2.6004028
-11.138901 -1.8867645 -2.255249
-10.61998 -1.812973 -2.0291138
-10.265305 -1.7606049 -1.9743652
-9.998703 -1.6534882 -1.7196655
-9.760666 -1.4249725 -1.7339478
-9.753525 -1.3416595 -1.9672241
-9.674973 -1.3868866 -2.152893
-9.627365 -1.4963837 -2.2314453
-9.672592 -1.5439911 -2.3171387
-9.517868 -1.3987885 -2.3290405
-9.498825 -1.3749847 -2.3433228
-9.382187 -1.4797211 -2.448059
-9.277451 -1.4178314 -2.633728
-9.351242 -1.517807 -2.6575317
-9.322678 -1.4321136 -2.845581
-9.265549 -1.3297577 -2.7265625
-9.141769 -1.3178558 -2.8241577
-9.008469 -1.2964325 -2.7289429
-8.913254 -1.3321381 -2.6242065
-8.877548 -1.2250214 -2.543274
-8.720444 -1.2726288 -2.467102
-8.468124 -1.3107147 -2.364746
-8.18486 -1.2702484 -2.2219238
-7.9444427 -1.3607025 -2.0767212
-7.6016693 -1.3107147 -1.9481812
-7.4088593 -1.3535614 -1.8815308
-7.4755096 -1.3107147 -1.7006226
-7.427902 -1.2250214 -1.4173584
-7.4540863 -1.1869354 -1.1912231
-7.6802216 -1.1250458 -1.0460205
-8.05632 -1.0036469 -0.9055786
-8.456223 -0.80607605 -1.1150513
-8.56572 -0.7941742 -1.3935547
-8.251511 -0.8346405 -1.7363281
-7.8278046 -0.96318054 -1.9838867
-7.6159515 -0.972702 -2.0743408
-7.5373993 -1.1369476 -1.9338989
-7.849228 -1.0583954 -1.8148804
-8.396713 -1.1702728 -1.6315918
-8.939438 -1.1440887 -1.6958618
-9.544052 -1.0679169 -1.7529907
-9.908249 -1.1488495 -1.7434692
-10.262924 -1.2773895 -1.9005737
-10.512863 -1.6439667 -1.9719849
-10.503342 -1.9653168 -1.8005981
-10.3629 -2.2152557 -1.4316406
-10.177231 -2.365219 -0.8341675
-10.167709 -2.3890228 -0.45092773
-10.446213 -2.4437714 -0.041503906
-10.94133 -2.2223969 0.032287598
-11.469772 -2.024826 0.20843506
-12.207687 -1.7606049 0.41552734
-12.793259 -1.6915741 0.17272949
-13.835861 -1.6106415 -0.215271
-14.554733 -1.6772919 -0.8912964
-15.123642 -2.229538 -1.7791748
-14.997482 -2.2414398 -2.6860962
-14.849899 -2.0414886 -3.281189
-14.366684 -1.8296356 -3.2335815
-13.942978 -1.3083344 -2.9907837
-12.86467 -1.3083344 -2.6670532
-11.783981 -1.3154755 -2.3861694
-11.019882 -1.3916473 -2.3361816
-10.541428 -1.6915741 -1.8529663
-10.165329 -1.8343964 -1.5911255
-10.062973 -1.9724579 -1.0793457
-9.896347 -2.0343475 -0.45092773
-9.505966 -1.9557953 -0.3461914
-9.405991 -1.9486542 -0.52233887
-9.482162 -2.0771942 -0.6270752
-9.477402 -2.2462006 -0.8175049
-9.601181 -2.3890228 -0.8651123
-9.734482 -2.460434 -0.91033936
-9.965378 -2.5009003 -0.8555908
-10.117722 -2.524704 -0.8841553
-10.062973 -2.588974 -0.98413086
-9.8606415 -2.7056122 -1.2769165
-9.97728 -2.8293915 -1.1983643
-10.0082245 -2.736557 -0.9055786
-9.517868 -2.7484589 -0.28430176
-9.753525 -2.6294403 0.0013427734
-9.8415985 -2.2771454 0.4440918
-9.470261 -1.9748383 0.34887695
-9.177475 -1.8796234 -0.30810547
-9.053696 -2.0462494 -0.95080566
-9.172714 -2.331894 -1.2935791
-9.444077 -2.6746674 -1.3554688
-9.793991 -2.9150848 -1.3435669
-10.103439 -3.0936127 -1.2745361
-10.396225 -3.2221527 -1.222168
-10.689011 -3.3149872 -0.94366455
-11.010361 -3.4625702 -0.7746582
-11.310287 -3.743454 -0.6937256
-11.488815 -3.97435 -0.6270752
-11.764938 -3.9957733 -0.48187256
-12.024399 -3.8505707 -0.2652588
-12.393356 -3.6268158 -0.21289063
-13.152695 -3.4459076 -0.2723999
-14.314316 -3.255478 -0.60565186
-15.709213 -3.1816864 -1.074585
-16.770859 -3.069809 -1.5292358
-16.992233 -3.0626678 -1.8339233
-15.975815 -3.1388397 -1.9053345
-14.073898 -3.14122 -1.645874
-12.219589 -3.0936127 -1.5220947
-11.105576 -2.8936615 -1.4197388
-10.691391 -2.6556244 -1.4078369
-11.048447 -2.236679 -1.6506348
-11.5864105 -1.9367523 -2.1933594
-12.897995 -1.5987396 -2.8741455
-13.800156 -1.4011688 -3.1455078
-13.95726 -1.267868 -3.3668823
-13.678757 -1.1726532 -3.4716187
-13.162216 -1.2583466 -3.1669312
-13.116989 -1.1369476 -3.0336304
-12.840866 -1.3488007 -2.8670044
-12.186264 -1.5201874 -3.0026855
-11.824448 -1.7177582 -2.5004272
-11.505478 -1.4773407 -1.9957886
-10.9127655 -1.5344696 -1.7720337
-10.546188 -1.3321381 -1.6315918
-10.148666 -1.3345184 -1.6863403
-9.705917 -1.4559174 -1.5435181
-9.291733 -1.3535614 -1.4721069
-9.065598 -1.267868 -1.6292114
-9.01799 -1.2583466 -1.710144
-8.929916 -1.267868 -1.9529419
-8.860886 -1.3202362 -2.0838623
-8.8537445 -1.2583466 -2.2314453
-8.941818 -1.2369232 -2.3718872
-8.970383 -1.2559662 -2.5075684
-8.922775 -1.2916718 -2.5337524
-8.982285 -1.1893158 -2.633728
-9.101303 -0.96318054 -2.5646973
-9.14653 -0.8941498 -2.678955
-9.33934 -0.97032166 -2.7384644
-9.384567 -0.89653015 -2.7313232
-9.332199 -0.99650574 -2.5266113
-9.022751 -1.0012665 -2.6218262
-8.76091 -1.0821991 -2.4718628
-8.639511 -1.1750336 -2.3171387
-8.515732 -1.036972 -2.2504883
-8.341965 -1.0417328 -2.100525
-8.187241 -1.010788 -2.0743408
-8.008713 -0.99650574 -2.0838623
-8.001572 -1.1607513 -2.0671997
-8.11821 -1.0988617 -2.0933838
-8.272934 -1.1607513 -1.9815063
-8.551437 -1.1655121 -1.9553223
-8.777573 -1.2202606 -1.9291382
-8.782333 -0.99412537 -2.024353
-8.572861 -1.0417328 -1.9458008
-8.322922 -1.0155487 -1.9957886
-8.291977 -0.97032166 -1.8886719
-8.420517 -0.77275085 -2.0743408
-8.639511 -0.64897156 -2.0933838
-9.046555 -0.52757263 -2.164795
-9.608322 -0.46806335 -2.2147827
-10.289108 -0.44425964 -2.3457031
-10.917526 -0.60136414 -2.4385376
-11.179367 -0.86320496 -2.414734
-10.934189 -1.5582733 -2.2076416
-10.562851 -2.0272064 -1.9029541
-10.253403 -2.2890472 -1.4697266
-10.04393 -2.5485077 -1.0126953
-9.970139 -2.5461273 -0.78656006
-9.967758 -2.5009003 -0.4295044
-10.048691 -2.3223724 0.10369873
-10.058212 -2.0867157 0.27270508
-10.550949 -1.7796478 0.4202881
-11.041306 -1.6725311 -0.031982422
-11.745895 -1.6415863 -0.46520996
-12.490952 -1.4321136 -0.9817505
-12.755173 -1.4225922 -1.5030518
-13.37645 -0.9584198 -2.217163
-13.747787 -1.0012665 -2.7979736
-13.912033 -0.9441376 -3.447815
-13.795395 -1.1369476 -3.538269
-13.309799 -1.0274506 -3.3478394
-13.631149 -0.23478699 -2.1052856
-12.386215 -0.5561371 -0.103393555
-11.365036 -0.9179535 -0.6032715
-10.3676605 -2.1128998 -0.45568848
-9.843979 -3.14122 -1.2959595
-9.405991 -4.1814423 -1.2412109
-9.14653 -4.557541 -1.350708
-9.010849 -4.045761 -1.0388794
-9.303635 -3.198349 -0.20812988
Time Stop = 1457236876
