Time Start = 1457236812
-2.2863007 -2.0200653 7.9993896
-2.2743988 -2.0652924 7.4281006
-2.1458588 -2.1438446 7.059143
-1.8625946 -2.0319672 6.809204
-2.4600677 -1.6415863 6.6116333
-2.2743988 -1.3297577 6.787781
-0.56529236 -1.5463715 6.3236084
-0.8747406 -1.4463959 6.3188477
-1.4388885 -1.2964325 6.6140137
-1.5888519 -1.3630829 6.78302
-1.9673309 -1.3916473 6.7592163
-2.5671844 -1.3916473 6.821106
-3.0337372 -1.203598 6.802063
-3.2789154 -1.0345917 6.604492
-3.321762 -0.8084564 6.2283936
-3.2455902 -0.6537323 5.864197
-3.0813446 -0.3657074 5.4381104
-2.8575897 -0.31095886 5.1953125
-2.7338104 -0.2919159 4.9572754
-2.8004608 -0.11100769 4.7382813
-2.871872 0.12940979 4.3883667
-2.9313812 0.4340973 4.2336426
-2.955185 0.4412384 3.9718018
-3.0408783 0.57691956 3.7575684
-3.155136 0.40315247 3.5028687
-3.288437 -0.0015106201 3.1696167
-3.526474 -0.4966278 2.8625488
-3.912094 -0.92271423 2.536438
-4.4905243 -1.1060028 2.1270142
-5.221298 -1.0322113 1.7033081
-5.913986 -1.0179291 1.1534424
-6.456711 -1.2607269 0.68688965
-7.080368 -1.2654877 0.30126953
-7.568344 -1.1988373 -0.079589844
-8.165817 -1.4225922 -0.45568848
-8.879929 -1.555893 -0.93652344
-10.0724945 -1.8201141 -1.3459473
-11.312668 -1.979599 -2.0267334
-12.881332 -2.0652924 -2.690857
-14.645187 -2.1962128 -3.5906372
-16.535202 -2.4937592 -3.8215332
-17.834885 -2.94841 -4.435669
-19.315475 -3.3030853 -4.511841
-19.671936 -3.6291962 -4.9974365
-19.671936 -3.7482147 -5.1069336
-19.671936 -3.7125092 -5.566345
-19.671936 -4.069565 -6.4328003
-19.671936 -4.7336884 -6.361389
-19.671936 -4.8812714 -6.3114014
-19.671936 -4.2647552 -5.244995
-18.415695 -4.236191 -4.454712
-16.947006 -3.9529266 -3.878662
-15.797287 -3.9029388 -2.8812866
-14.738022 -3.622055 -1.9886475
-14.0239105 -3.2769012 -1.2554932
-13.990585 -2.653244 -1.6030273
-14.59996 -2.0272064 -2.2504883
-15.466415 -1.60112 -3.2954712
-16.097214 -1.7225189 -4.1881104
-16.128159 -1.8843842 -4.9831543
-15.666367 -1.9915009 -5.244995
-14.995102 -2.2914276 -5.0045776
-14.626144 -2.2985687 -4.7593994
-13.4431 -2.717514 -4.987915
-12.495712 -3.7672577 -4.4404297
-10.969894 -3.826767 -3.7572632
-9.5464325 -3.9076996 -2.7408447
-8.482407 -3.898178 -2.0148315
-7.515976 -4.179062 -1.4435425
-6.856613 -4.1457367 -0.96984863
-5.9473114 -4.129074 -1.5458984
-5.123703 -3.9672089 -1.7601318
-4.8047333 -3.4006805 -1.5006714
-4.5500336 -2.9626923 -1.2055054
-4.5809784 -2.4580536 -1.2697754
-5.092758 -2.0510101 -1.350708
-6.413864 -1.7915497 -1.4959106
-7.761154 -1.4297333 -1.8910522
-8.510971 -1.3630829 -2.2600098
-8.775192 -1.2964325 -2.3504639
-8.994186 -1.1464691 -2.2195435
-9.139389 -1.0084076 -2.1957397
-9.191757 -0.9488983 -2.4885254
-9.256027 -0.844162 -2.7218018
-9.201279 -0.89653015 -2.909851
-9.179855 -0.8751068 -2.807495
-8.884689 -0.8513031 -2.8884277
-8.530014 -0.67515564 -2.6765747
-8.063461 -0.9012909 -2.4552002
-7.9563446 -1.0536346 -2.0481567
-7.9182587 -1.5582733 -1.5935059
-8.05632 -1.9772186 -1.1174316
-8.170578 -2.365219 -0.79608154
-8.37767 -2.524704 -0.8222656
-8.679977 -2.415207 -0.7103882
-8.782333 -2.1033783 -0.45806885
-9.008469 -1.9724579 0.091796875
-9.194138 -1.979599 0.26794434
-9.598801 -1.9891205 0.5274048
-9.84874 -1.9248505 0.83447266
-10.231979 -1.8796234 1.4367065
-10.353378 -1.8010712 2.0508423
-10.186752 -1.5511322 1.8746948
-10.034409 -1.2393036 1.2653198
-9.943954 -1.1274261 0.57025146
-9.9891815 -1.2892914 -0.0010375977
-9.984421 -1.7153778 -0.43426514
-10.024887 -2.3485565 -0.6508789
-10.055832 -2.8317719 -0.7651367
-10.141525 -3.2031097 -0.5866089
-10.079636 -3.2959442 -0.41046143
-10.017746 -3.1293182 -0.27954102
-10.160568 -3.0364838 -0.29858398
-10.524765 -2.9246063 -0.12957764
-11.179367 -2.865097 -0.4295044
-12.112473 -2.9769745 -0.52471924
-12.978928 -3.2602386 -0.8175049
-13.428818 -3.448288 -0.98413086
-13.407394 -3.6458588 -1.1126709
-13.195541 -3.807724 -1.1531372
-12.976547 -3.7863007 -1.0412598
-13.243149 -3.7863007 -1.4078369
-14.154831 -3.8600922 -1.5506592
-15.2617035 -3.7982025 -1.2578735
-15.963913 -3.9053192 -1.5601807
-16.130539 -4.0338593 -1.8220215
-15.728256 -4.236191 -2.3076172
-14.987961 -4.436142 -2.8527222
-13.981064 -4.3813934 -3.5477905
-13.140793 -3.9410248 -3.2407227
-12.22197 -3.9005585 -4.2142944
-12.002975 -2.9150848 -3.5025635
-11.379318 -2.4913788 -4.5665894
-12.16246 -2.6699066 -4.200012
-12.571884 -2.6841888 -4.261902
-12.997971 -2.7913055 -4.2595215
-13.6978 -3.0102997 -4.1119385
-13.743027 -2.9983978 -4.235718
-13.669235 -2.960312 -4.3095093
-13.464523 -2.9817352 -4.2523804
-12.997971 -2.8079681 -4.038147
-12.471909 -2.717514 -3.4835205
-11.798264 -2.358078 -2.6694336
-12.002975 -2.5794525 -3.3430786
-10.900864 -2.3295135 -2.0291138
-10.81279 -2.2509613 -2.6646729
-10.55809 -2.9912567 -2.7337036
-10.146286 -3.2269135 -2.7075195
-9.741623 -3.4054413 -2.7955933
-9.172714 -3.4697113 -2.7289429
-9.106064 -3.115036 -2.9360352
-9.048935 -3.1388397 -3.069336
-8.637131 -2.812729 -3.0526733
-8.396713 -2.5556488 -2.7860718
-8.256271 -2.319992 -2.986023
-8.034897 -2.2462006 -3.0193481
-7.875412 -2.1486053 -2.9836426
-7.6849823 -2.0295868 -2.8955688
-7.4088593 -1.9058075 -2.6813354
-7.125595 -1.8034515 -2.531372
-6.8661346 -1.646347 -2.3361816
-6.6590424 -1.4749603 -2.2076416
-6.4281464 -1.4511566 -2.0029297
-6.1853485 -1.4844818 -1.8053589
-6.0425262 -1.4178314 -1.6768188
-5.9877777 -1.4868622 -1.5125732
-5.9925385 -1.4892426 -1.3792725
-6.059189 -1.60112 -1.0936279
-6.19487 -1.5677948 -1.1079102
-6.38768 -1.3916473 -0.9888916
-6.5828705 -1.3368988 -0.8651123
-6.849472 -1.2393036 -0.9127197
-7.0327606 -1.3226166 -0.92700195
-7.3398285 -1.3607025 -0.93414307
-7.5826263 -1.3940277 -0.9888916
-7.656418 -1.3797455 -1.036499
-7.6016693 -1.389267 -1.1031494
-7.7040253 -1.4035492 -1.0864868
-7.9111176 -1.4130707 -1.0864868
-8.330063 -1.3083344 -1.1364746
-8.920395 -1.2892914 -1.1983643
-9.715439 -1.1655121 -1.2745361
-10.753281 -1.203598 -1.4197388
-11.719711 -1.267868 -1.7458496
-12.457626 -1.453537 -1.9481812
-12.719467 -1.7177582 -2.0338745
-12.498093 -2.005783 -2.0219727
-12.245773 -2.1248016 -1.9458008
-12.241013 -2.1057587 -1.9815063
-12.474289 -2.1438446 -2.0838623
-12.728989 -2.2152557 -2.1481323
-13.12413 -2.0153046 -1.895813
-13.676376 -1.8391571 -1.8386841
-13.82634 -2.062912 -1.6768188
-14.316696 -2.081955 -1.7982178
-14.773727 -3.1269379 -1.3840332
-14.826096 -3.1388397 -1.9386597
-15.180771 -3.3816376 -2.126709
-14.9832 -3.1697845 -2.2052612
-14.311935 -2.448532 -2.2457275
-13.693039 -2.88414 -2.1862183
-13.502609 -3.0222015 -2.4742432
-12.848007 -3.2507172 -2.588501
-12.121994 -3.3744965 -2.6218262
-11.772079 -3.474472 -2.1029053
-11.474533 -3.4720917 -1.8077393
-11.257919 -3.3316498 -1.4935303
-11.162704 -3.2911835 -1.4173584
-11.169846 -3.262619 -1.5316162
-11.165085 -3.224533 -1.4006958
-10.9770355 -3.134079 -1.3078613
-10.905624 -3.1935883 -0.99365234
-10.955612 -3.0840912 -0.4961548
-11.241257 -2.7841644 0.22271729
-11.100815 -2.460434 0.48931885
-10.758041 -2.1486053 0.29412842
-10.353378 -2.1628876 0.03942871
-10.036789 -2.3914032 -0.30810547
-9.765427 -2.6651459 -0.48187256
-9.715439 -2.9341278 -0.79608154
-9.727341 -3.1578827 -1.0412598
-9.822556 -3.4459076 -1.3007202
-9.998703 -3.6053925 -1.3649902
-9.929672 -3.614914 -0.9579468
-9.872543 -3.6768036 -0.80322266
-9.582138 -3.6815643 -0.6413574
-9.332199 -3.8053436 -0.57232666
-9.206039 -3.91008 -0.5794678
-9.277451 -4.095749 -0.48425293
-9.567856 -4.198105 -0.29382324
-10.022507 -4.2457123 -0.12957764
-10.484299 -4.345688 0.025146484
-10.948471 -4.269516 0.041809082
-11.26506 -4.152878 -0.09863281
-11.614975 -3.9672089 -0.33428955
-12.062485 -3.9862518 -0.8413086
-12.933701 -3.9267426 -1.4673462
-13.990585 -3.864853 -1.8363037
-14.764206 -3.955307 -2.0005493
-15.009384 -4.0100555 -1.9910278
-14.542831 -4.236191 -1.7458496
-13.488327 -4.3290253 -1.331665
-12.238632 -4.333786 -1.2055054
-11.269821 -4.1838226 -1.3626099
-10.87468 -3.8362885 -1.7434692
-11.153183 -3.4768524 -2.19812
-12.050583 -3.1959686 -2.7003784
-13.093185 -3.0555267 -3.1621704
-13.809677 -2.729416 -3.3668823
-14.219101 -2.6603851 -3.4597168
-14.5690155 -2.505661 -3.4335327
-14.478561 -2.4271088 -3.5049438
-14.859421 -2.358078 -3.171692
-14.423813 -2.1985931 -3.2216797
-14.026291 -2.2223969 -3.1264648
-13.535934 -2.172409 -3.2788086
-13.050339 -2.1985931 -3.3168945
-12.633774 -2.146225 -3.428772
-12.117233 -2.0153046 -3.22406
-11.619736 -1.5701752 -2.6575317
-11.165085 -1.2607269 -2.2005005
-10.777084 -1.1440887 -2.2124023
-10.574753 -1.2512054 -2.1814575
-10.5342865 -1.3678436 -2.3457031
-10.3867035 -1.7225189 -2.6361084
-10.29863 -1.9819794 -2.8217773
-10.30101 -2.0319672 -2.8551025
-10.062973 -1.8248749 -2.7527466
-9.932053 -1.7058563 -2.6670532
-9.903488 -1.4749603 -2.762268
-9.943954 -1.47258 -2.9265137
-9.779709 -1.5154266 -3.0026855
-9.563095 -1.4463959 -3.1026611
-9.298874 -1.3821259 -3.0979004
-9.003708 -1.3535614 -3.0264893
-8.775192 -1.3130951 -2.8503418
-8.62999 -1.2440643 -2.671814
-8.491928 -1.2107391 -2.626587
-8.368149 -1.2702484 -2.4956665
-8.177719 -1.1559906 -2.4456787
-7.8706512 -1.1607513 -2.2838135
-7.549301 -1.1916962 -2.1957397
-7.323166 -1.203598 -2.1695557
-7.2707977 -1.1345673 -2.1409912
-7.213669 -1.1179047 -2.043396
-7.151779 -1.1750336 -1.9291382
-7.2826996 -1.2178802 -1.7958374
-7.4921722 -1.2964325 -1.7863159
-7.5564423 -1.3964081 -1.7839355
-7.4421844 -1.4940033 -1.7220459
-7.299362 -1.517807 -1.6077881
-7.3350677 -1.5273285 -1.3578491
-7.3588715 -1.498764 -1.2507324
-7.663559 -1.4463959 -1.1697998
-8.151535 -1.3797455 -1.1340942
-8.689499 -1.2154999 -1.1959839
-9.33934 -1.139328 -1.2721558
-10.029648 -1.2202606 -1.3840332
-10.572372 -1.4321136 -1.5339966
-10.893723 -1.7225189 -1.5887451
-11.107956 -2.0081635 -1.6149292
-11.150803 -2.0986176 -1.5078125
-11.336472 -2.2152557 -1.5339966
-11.529282 -2.2509613 -1.5411377
-11.729233 -2.319992 -1.5030518
-11.714951 -2.203354 -1.2769165
-11.733994 -2.1557465 -1.0079346
-11.650681 -2.165268 -1.010315
-11.6483 -2.217636 -0.96984863
-11.7530365 -2.2009735 -1.1507568
-11.864914 -2.1224213 -1.2554932
-11.853012 -1.8153534 -1.4506836
-11.995834 -1.72966 -0.81036377
-12.476669 -1.6939545 -2.1100464
-12.507614 -1.8820038 -2.8360596
-12.945602 -2.1295624 -3.2073975
-13.343124 -2.0938568 -3.0479126
-13.307419 -2.1700287 -2.7527466
-12.8004 -2.3223724 -2.6551514
-12.726608 -2.5175629 -2.088623
-12.557602 -2.7056122 -1.8267822
-12.4266815 -2.8484344 -1.7220459
-12.343369 -2.7579803 -1.5292358
-12.329086 -2.846054 -1.305481
-12.241013 -2.7865448 -1.1340942
-11.998215 -2.865097 -0.73895264
-11.624496 -2.846054 -0.5461426
-11.381699 -2.7222748 -0.2723999
-11.103195 -2.7889252 -0.084350586
-10.984177 -3.0531464 -0.024841309
-10.905624 -3.281662 -0.00579834
-10.717575 -3.4601898 0.05609131
-10.596176 -3.6934662 0.14178467
-10.460495 -3.788681 -0.07244873
-10.420029 -3.8481903 -0.21765137
-10.396225 -3.788681 -0.49139404
-10.600937 -3.800583 -0.5128174
-10.93895 -3.9076996 -0.4533081
-11.027023 -4.0481415 -0.20812988
-10.979416 -4.2338104 0.17034912
-10.758041 -4.3052216 0.60357666
-10.660446 -4.3099823 0.83447266
-10.696152 -4.250473 1.0629883
-10.9770355 -4.238571 1.0082397
-11.215073 -4.2790375 0.9368286
-11.365036 -4.3885345 0.7654419
-11.424545 -4.302841 0.5488281
-11.472153 -4.2076263 0.29888916
-11.7530365 -4.057663 -0.22717285
-12.329086 -3.91008 -0.7579956
-13.262192 -3.762497 -1.3983154
-14.409531 -3.641098 -2.0124512
-15.604477 -3.641098 -2.5004272
-16.237656 -3.6458588 -2.7503662
-15.866318 -3.705368 -2.652771
-14.302414 -3.8315277 -2.0981445
-12.421921 -3.7910614 -1.767273
-10.893723 -3.6458588 -1.5030518
-10.134384 -3.576828 -1.2388306
-10.17009 -3.3435516 -1.3673706
-10.81041 -3.1864471 -1.6101685
-12.088669 -3.088852 -2.3480835
-13.105087 -2.8984222 -2.8789063
-13.854904 -2.8103485 -3.3121338
-14.257187 -2.7603607 -3.1098022
-14.383347 -2.81987 -3.09552
-14.226242 -2.9436493 -3.2930908
-13.912033 -3.0364838 -3.4716187
-13.557358 -3.0483856 -3.5454102
-13.083664 -3.0079193 -3.7715454
-12.897995 -2.7532196 -3.5906372
-12.4457245 -2.588974 -3.6263428
-11.955368 -2.4294891 -3.4906616
-11.429306 -2.100998 -3.281189
-11.048447 -1.8082123 -3.0360107
-10.484299 -1.6082611 -2.3718872
-10.101059 -1.3797455 -2.3433228
-9.986801 -1.4130707 -2.3028564
-9.97966 -1.6320648 -2.5551758
-9.78923 -1.7748871 -2.4623413
-9.382187 -1.7748871 -2.3814087
-9.282211 -1.6963348 -2.152893
-9.358383 -1.563034 -2.2266846
-9.427414 -1.5011444 -2.2695313
-9.3988495 -1.5939789 -2.1862183
-9.346481 -1.5749359 -2.2671509
-9.329819 -1.6273041 -2.364746
-9.489304 -1.5344696 -2.4099731
-9.5464325 -1.453537 -2.4813843
-9.460739 -1.3868866 -2.4575806
-9.286972 -1.286911 -2.4623413
-9.070358 -1.2464447 -2.4099731
-8.756149 -1.1940765 -2.2719116
-8.37767 -1.2250214 -2.2124023
-8.132492 -1.3083344 -2.1933594
-7.92778 -1.3654633 -2.1576538
-7.7492523 -1.4178314 -2.0124512
-7.5397797 -1.3940277 -1.9743652
-7.554062 -1.3154755 -1.8172607
-7.6421356 -1.3083344 -1.7006226
-7.8801727 -1.2845306 -1.6434937
-8.139633 -1.2821503 -1.5982666
-8.11821 -1.3345184 -1.3745117
-7.811142 -1.4011688 -1.305481
-7.5445404 -1.4463959 -1.1102905
-7.3398285 -1.3868866 -1.0007935
-7.2184296 -1.4178314 -0.97698975
-7.4350433 -1.4178314 -0.86035156
-7.7302094 -1.3868866 -0.8222656
-8.272934 -1.2821503 -0.8746338
-8.88945 -1.1107635 -0.83654785
-9.446457 -1.0726776 -0.86987305
-10.062973 -1.1107635 -1.0388794
-10.42717 -1.3107147 -1.2102661
-10.68663 -1.5273285 -1.2911987
-10.68425 -1.7153778 -1.2697754
-10.536667 -1.8462982 -1.1031494
-10.527145 -1.851059 -1.0983887
-10.648544 -1.8915253 -1.1864624
-11.010361 -1.915329 -1.2745361
-11.296005 -2.0010223 -1.4054565
-11.574509 -1.9962616 -1.2412109
-11.6054535 -1.998642 -0.9412842
-11.829208 -1.934372 -0.9293823
-12.150558 -1.9105682 -1.1602783
-12.688522 -1.9248505 -1.3078613
-13.269333 -2.089096 -1.5720825
-13.412155 -2.1866913 -1.8482056
-13.419296 -2.2890472 -1.9767456
-13.524033 -2.3176117 -2.13385
-14.073898 -1.8201141 -2.607544
-13.873947 -1.960556 -2.6218262
-13.531174 -2.127182 -3.0621948
-13.393112 -2.358078 -3.1478882
-13.2669525 -2.569931 -3.0264893
-13.176498 -2.5794525 -2.7765503
-12.86467 -2.8674774 -2.6646729
-12.460007 -3.0293427 -2.2909546
-12.045822 -3.3102264 -1.8862915
-11.631638 -3.4340057 -1.7720337
-11.319809 -3.5815887 -1.7720337
-11.107956 -3.7077484 -1.8220215
-10.981796 -3.7125092 -1.8101196
-10.779465 -3.7220306 -1.6815796
-10.62236 -3.7315521 -1.5435181
-10.496201 -3.750595 -1.4578247
-10.331955 -3.7720184 -1.3721313
-10.277206 -3.7672577 -1.4625854
-10.201035 -3.788681 -1.5006714
-10.020126 -3.7934418 -1.4840088
-9.996323 -3.7767792 -1.0484009
-9.962997 -3.4411469 -0.2652588
-9.9249115 -3.1197968 0.3607788
-9.72496 -2.8293915 0.3703003
-9.517868 -2.7579803 0.2869873
-9.363144 -2.910324 0.029907227
-9.33934 -3.3340302 -0.27478027
-9.515488 -3.7958221 -0.5032959
-9.872543 -4.171921 -0.68896484
-10.315292 -4.35997 -0.888916
-10.743759 -4.583725 -0.9888916
-11.0056 -4.628952 -0.71276855
-11.010361 -4.762253 -0.40093994
-11.029404 -4.833664 -0.02960205
-11.269821 -4.833664 0.0061035156
-11.931564 -4.788437 -0.08911133
-12.838486 -4.697983 -0.56518555
-14.016769 -4.6241913 -1.1079102
-15.17601 -4.526596 -1.6672974
-15.894882 -4.4337616 -1.9577026
-15.797287 -4.3314056 -1.9529419
-14.559494 -4.2647552 -1.8029785
-13.278854 -4.0790863 -1.5244751
-12.241013 -3.7529755 -1.4625854
-11.757797 -3.4054413 -1.6768188
-11.667343 -3.07695 -1.9386597
-11.974411 -2.9365082 -2.2766724
-12.457626 -2.8293915 -2.6837158
-13.169357 -2.524704 -3.0836182
-13.778732 -2.3223724 -3.2121582
-14.14769 -2.120041 -3.3502197
-14.369064 -1.9629364 -3.4620972
-14.480942 -1.8653412 -3.5811157
-14.302414 -1.8153534 -3.5644531
-13.935837 -1.7820282 -3.3740234
-13.2669525 -1.8439178 -3.647766
-13.178879 -1.7606049 -3.3526
-12.788498 -1.7701263 -3.3216553
-12.638535 -1.6701508 -3.2597656
-12.307663 -1.5320892 -2.9336548
-11.864914 -1.2535858 -2.3814087
-11.431686 -1.0964813 -2.1600342
-11.126999 -1.0774384 -2.2028809
-11.098434 -1.1440887 -2.2600098
-10.934189 -1.1797943 -2.1576538
-10.6818695 -1.2559662 -2.3147583
-10.348618 -1.434494 -2.5194702
-10.0082245 -1.4678192 -2.531372
-9.767807 -1.53685 -2.6004028
-9.746384 -1.4844818 -2.7503662
Time Stop = 1457236817
