Time Start = 1457237442
0.803421 -0.9560394 9.979858
-0.31059265 -0.9250946 9.915588
-0.92710876 -0.8203583 9.777527
-0.64860535 -0.8941498 9.751343
-0.101119995 -0.9846039 9.815613
0.2535553 -0.99412537 9.979858
0.24879456 -1.1440887 10.063171
0.029800415 -1.1369476 9.920349
-0.18205261 -1.056015 9.7561035
-0.2320404 -0.94651794 9.9227295
-0.2653656 -0.8346405 10.0703125
-0.13206482 -0.6465912 10.041748
0.046463013 -0.5537567 10.122681
0.25831604 -0.12528992 9.615662
-0.032089233 -0.6299286 9.99176
-0.0844574 -0.73228455 10.572571
-0.27726746 -1.1536102 10.672546
-0.077316284 -1.2654877 10.50354
-0.30107117 -1.0298309 10.229797
-0.48435974 -2.358078 10.020325
-0.94615173 -2.3461761 9.998901
-0.7533417 -1.5297089 10.284546
-0.29154968 -0.6370697 10.267883
0.02027893 -0.31809998 10.643982
0.6796417 -0.21812439 10.5321045
0.7153473 -0.23240662 10.325012
0.6629791 -0.7275238 10.639221
0.67726135 -0.5466156 10.008423
0.83436584 -0.46568298 10.189331
0.8391266 -0.26335144 10.798706
0.4582672 -0.13957214 11.253357
0.051223755 -0.27287292 11.179565
-0.020187378 -0.48710632 10.843933
0.08692932 -0.7299042 10.472595
0.4344635 -0.8822479 9.801331
0.7462921 -0.98698425 9.510925
1.0105133 -1.1678925 8.996765
1.155716 -1.3488007 8.634949
1.200943 -1.2250214 8.1588745
1.0938263 -1.0607758 8.025574
0.8891144 -0.5727997 7.687561
0.88435364 -0.0062713623 7.2852783
0.87483215 0.25556946 7.4090576
0.6725006 -0.2657318 8.670654
0.5177765 -0.50138855 8.382629
-0.15586853 -1.324997 9.003906
-1.0842133 -2.5651703 8.89917
-1.9697113 -3.448288 9.201477
-2.629074 -3.5863495 9.161011
-2.8004608 -3.4768524 9.130066
-2.5624237 -3.2031097 9.041992
-2.0673065 -2.6960907 8.856323
-1.5817108 -2.2009735 8.792053
-0.8342743 -1.5463715 9.677551
-0.0059051514 -0.6680145 12.612549
1.6151276 -0.8203583 14.319275
0.90815735 -0.18003845 9.917969
0.40351868 0.37696838 7.282898
0.12025452 -0.13719177 10.453552
-1.6507416 -0.23002625 11.638977
-5.9996796 -5.404953 9.92511
-9.901108 -3.1102753 9.225281
-7.882553 -0.6680145 10.363098
-3.5574188 0.77211 10.167908
-0.38438416 0.7959137 9.332397
1.1081085 -0.4156952 9.729919
1.3152008 -2.2628632 9.494263
0.5344391 -3.8957977 9.011047
-0.51530457 -4.6194305 8.249329
-1.0175629 -4.4266205 8.394531
-0.9556732 -3.78154 9.846558
-0.7985687 -3.1935883 10.032227
-0.5843353 -2.5532684 10.396423
-0.85331726 -1.9200897 10.046509
-0.80570984 -1.5416107 10.144104
-0.5200653 -1.5344696 10.098877
-0.4700775 -1.4868622 10.063171
-0.9747162 -1.4821014 10.391663
-1.3293915 -1.1536102 9.977478
-1.4912567 -1.010788 9.808472
-1.1151581 -1.4582977 9.66803
-0.7533417 -2.300949 9.260986
-0.84617615 -2.8793793 8.630188
-0.83903503 -2.9793549 9.227661
-1.4936371 -2.7151337 9.537109
-1.5412445 -4.0933685 8.339783
-0.26060486 -5.931015 8.9348755
0.9367218 -6.297592 9.115784
1.3985138 -5.185959 8.701599
1.2937775 -4.390915 8.980103
0.9367218 -4.1266937 9.470459
-0.22013855 -3.6529999 9.632324
-2.3029633 -3.1221771 9.41571
-4.328659 -3.0198212 9.891785
-3.5145721 -2.460434 9.360962
-1.1175385 -2.3152313 9.660889
0.16786194 -2.9650726 9.677551
0.36543274 -3.3506927 9.403809
-0.0844574 -3.8029633 9.111023
-0.91044617 -4.5551605 8.615906
-1.0818329 -5.295456 8.561157
-0.76524353 -5.469223 8.822998
-0.6628876 -4.9836273 9.325256
-0.5724335 -4.2671356 9.301453
-0.92710876 -3.807724 9.591858
-1.3698578 -3.3768768 9.658508
-1.4198456 -3.2911835 9.420471
-1.3912811 -3.5006561 9.1467285
-1.1627655 -3.7982025 9.260986
-1.0413666 -4.171921 8.13269
-1.0128021 -4.6837006 9.418091
-0.4867401 -4.5742035 9.315735
-0.82237244 -3.7839203 9.118164
-1.3246307 -3.3768768 9.770386
-1.3151093 -2.9127045 9.527588
-1.274643 -2.531845 9.553772
-1.281784 -2.6056366 9.518066
-1.3055878 -3.2745209 9.420471
-1.3531952 -4.219528 9.168152
-1.3865204 -4.7336884 9.163391
-1.3531952 -4.931259 8.9991455
-1.3769989 -4.3552094 9.372864
-1.3722382 -3.71727 9.320496
-1.3079681 -3.2745209 9.299072
-1.3103485 -3.050766 9.484741
-1.1603851 -3.050766 9.425232
-1.108017 -3.2792816 9.449036
-1.1960907 -3.6744232 9.394287
-1.2389374 -3.9529266 9.099121
-1.088974 -4.224289 9.103882
-0.97709656 -4.1266937 9.299072
-1.1841888 -3.84581 9.451416
-1.365097 -3.519699 9.53949
-1.3603363 -3.4078217 9.520447
-1.3365326 -3.4387665 9.325256
-1.2603607 -3.5815887 9.301453
-1.3127289 -3.9267426 9.182434
-1.3698578 -4.0790863 9.175293
-1.2841644 -3.9910126 9.151489
-1.134201 -3.5411224 9.034851
-1.2032318 -3.4125824 9.901306
-1.1960907 -3.1507416 9.572815
-1.1151581 -3.2840424 9.2229
-1.0604095 -3.3316498 9.6085205
-1.2151337 -3.595871 9.327637
-1.300827 -3.7482147 9.28479
-1.1889496 -3.6553802 9.301453
-1.1937103 -3.6577606 9.168152
-1.2865448 -3.7148895 9.032471
-1.4246063 -3.7363129 9.368103
-1.2865448 -4.0100555 9.341919
-1.3412933 -3.7743988 9.358582
-1.2936859 -3.5649261 9.206238
-1.3412933 -3.6458588 9.291931
-1.3674774 -3.948166 9.458557
-1.3889008 -3.9695892 9.299072
-1.3936615 -3.7553558 9.4776
-1.0580292 -3.1650238 9.675171
-0.78904724 -2.8103485 9.456177
-0.53434753 -3.1007538 9.237183
-0.54148865 -3.4649506 9.234802
-0.86283875 -3.9243622 9.299072
-1.2484589 -4.0410004 9.291931
-1.1960907 -3.993393 9.439514
-1.0984955 -3.8029633 9.084839
-1.1056366 -3.9243622 8.632568
-1.7840424 -3.91008 10.470215
-1.7197723 -3.7720184 8.894409
-1.3412933 -4.314743 8.568298
-1.6221771 -4.409958 9.565674
-1.6483612 -4.3361664 8.658752
-1.5579071 -4.2909393 9.0824585
-1.4388885 -3.762497 9.363342
-1.403183 -3.5411224 9.180054
-1.1770477 -3.9910126 8.932495
-1.1008759 -4.0552826 9.596619
-1.172287 -3.069809 9.872742
-1.2651215 -2.5675507 9.575195
-1.2556 -3.2197723 9.15863
-1.2198944 -4.2861786 8.865845
-1.1461029 -4.828903 9.310974
-1.1246796 -4.462326 9.330017
-1.5745697 -3.6815643 9.444275
-1.3436737 -3.0031586 9.579956
-0.858078 -2.8912811 9.6918335
-0.95329285 -2.6365814 9.770386
-1.1580048 -2.7984467 9.451416
-1.3984222 -3.384018 9.501404
-1.2246552 -3.9862518 9.327637
-1.2389374 -4.443283 8.715881
-1.4008026 -3.8743744 9.306213
-1.6174164 -4.409958 9.046753
-1.2270355 -4.647995 8.784912
-1.3936615 -3.5625458 9.60614
-2.1077728 -2.2914276 9.072937
-1.1103973 -2.6365814 9.687073
-0.5557709 -3.4649506 9.770386
-0.84617615 -3.6244354 9.106262
-1.5079193 -3.7101288 9.970337
-2.0220795 -3.8838959 9.056274
-1.7959442 -4.8360443 9.077698
-0.95329285 -4.1814423 9.056274
-0.70573425 -3.871994 9.325256
-0.9509125 -3.5673065 9.134827
-1.3079681 -2.9722137 9.534729
-1.3674774 -2.56279 9.737061
-1.0294647 -2.7079926 9.537109
-1.088974 -2.9817352 9.327637
-0.9485321 -3.2197723 8.927734
-0.35820007 -3.800583 9.746582
-1.2889252 -3.8577118 10.777283
-1.2532196 -2.717514 9.039612
-0.91282654 -3.5720673 9.99176
-0.9747162 -3.2150116 8.96344
-0.3391571 -3.6125336 9.584717
-0.5724335 -4.0624237 9.879883
-0.6367035 -3.8743744 9.472839
-0.4391327 -3.6101532 9.765625
-0.54862976 -3.2530975 9.451416
-0.77238464 -3.3149872 9.370483
-0.8271332 -3.705368 9.049133
-0.8271332 -4.129074 8.411194
-1.0270844 -4.069565 9.601379
-1.172287 -4.1385956 10.389282
-0.94615173 -2.5389862 10.108398
-0.5700531 -1.4678192 9.370483
-0.4724579 -1.6677704 9.684692
-0.5224457 -2.3914032 9.172913
-0.8104706 -3.0745697 9.646606
-1.1294403 -3.576828 9.189575
-1.4365082 -3.641098 9.072937
-1.550766 -4.1623993 9.817993
-1.1175385 -4.3290253 9.387146
-0.91996765 -3.9267426 8.944397
-0.7604828 -3.641098 9.1657715
-0.78666687 -3.5173187 9.151489
-0.9961395 -3.7101288 9.408569
-1.0413666 -3.9672089 9.429993
-1.153244 -4.2100067 9.213379
-0.9651947 -4.2742767 9.35144
-0.75572205 -3.9672089 9.522827
-0.7700043 -3.633957 9.60614
-0.8271332 -3.5554047 9.194336
-0.96043396 -3.7291718 9.191956
-1.0770721 -4.095749 9.277649
-1.2698822 -4.2409515 9.339539
-1.2246552 -4.1385956 8.977722
-1.2627411 -3.7291718 9.751343
-1.069931 -3.422104 9.994141
-0.7771454 -2.7198944 9.237183
-0.6676483 -2.6484833 9.241943
-0.74620056 -3.6529999 9.28717
-1.0223236 -4.6575165 9.365723
-1.365097 -4.133835 9.239563
-1.5198212 -3.243576 9.820374
-1.274643 -3.179306 9.587097
-0.8723602 -2.6246796 9.199097
-0.6009979 -2.3080902 9.663269
-0.248703 -2.1438446 9.853699
-0.45341492 -2.2271576 9.770386
-0.68193054 -2.5746918 9.408569
-1.615036 -3.493515 9.149109
-2.2791595 -4.788437 8.665894
-2.3101044 -5.7810516 8.542114
-1.8030853 -5.726303 9.246704
-0.98661804 -4.448044 9.565674
-0.39152527 -2.94841 9.751343
-0.23680115 -1.979599 9.703735
-0.46769714 -1.786789 9.898926
-0.7033539 -2.0129242 9.982239
-0.68907166 -2.0153046 9.837036
-0.7985687 -2.236679 9.870361
-1.0128021 -2.857956 9.5252075
-1.4698334 -3.633957 9.456177
-2.1006317 -4.598007 8.730164
-1.6316986 -5.892929 7.5875854
-2.0030365 -6.949814 8.777771
-1.6935883 -7.0236053 7.923218
-1.6078949 -6.495163 9.072937
-1.3270111 -5.4525604 8.358826
-1.1175385 -4.2980804 7.7113647
-1.5222015 -3.3935394 9.917969
-1.2722626 -2.7270355 9.453796
-1.1413422 -2.6199188 9.939392
-0.8080902 -2.5294647 9.820374
-0.68907166 -2.9436493 9.3966675
-0.646225 -3.5292206 9.913208
-0.5272064 -3.1269379 10.267883
-0.50102234 -2.4509125 10.346436
-0.60813904 -1.4963837 10.065552
-0.51768494 -1.1250458 9.625183
-0.94377136 -1.7725067 8.687317
-1.1056366 -3.2340546 9.579956
-0.9580536 -5.0502777 9.189575
-1.0746918 -6.6284637 8.154114
-1.3460541 -7.687729 8.273132
-1.1437225 -6.9141083 8.701599
-0.92710876 -4.4599457 9.275269
-0.9485321 -2.7341766 9.47998
-1.0770721 -2.255722 8.944397
-1.1151581 -2.6175385 10.063171
-0.96281433 -2.5270844 9.768005
-0.59147644 -2.9531708 9.484741
-0.68193054 -3.78154 9.360962
-0.8818817 -4.1052704 9.677551
-1.217514 -3.583969 9.672791
-1.6316986 -2.2200165 9.122925
-0.8818817 -2.8627167 9.620422
-0.710495 -3.3102264 9.334778
-0.35820007 -3.891037 9.232422
0.0155181885 -4.205246 9.518066
0.17500305 -4.269516 9.134827
-0.18443298 -4.302841 9.66803
-0.48912048 -3.7767792 9.491882
-0.7438202 -3.4340057 9.582336
-0.7509613 -3.4649506 9.432373
-0.40104675 -3.6125336 9.444275
-0.40342712 -3.641098 9.03009
-0.7509613 -3.5649261 9.151489
-1.3412933 -3.0364838 9.453796
-1.2841644 -4.2076263 10.186951
-1.1008759 -3.1769257 9.2229
-0.8818817 -1.646347 9.427612
-0.5462494 -1.5677948 9.613281
-0.80332947 -2.569931 8.908691
-1.403183 -4.493271 8.44928
-1.6935883 -6.128586 8.951538
-1.6364594 -6.21904 9.770386
-1.1413422 -4.514694 9.068176
-1.005661 -2.1795502 10.294067
-0.8675995 -1.8415375 9.598999
0.06074524 -2.1628876 9.877502
-0.11540222 -2.2081146 9.896545
-0.34629822 -2.5128021 9.979858
-1.800705 -2.4390106 11.250977
-1.8126068 -1.056015 6.166504
0.24403381 -4.6575165 10.375
0.34162903 -5.8238983 7.5994873
0.7153473 -6.3951874 10.43689
1.2295074 -4.443283 10.932007
1.1295319 -3.2840424 8.77301
-0.7700043 -2.236679 9.848938
-1.4936371 -2.1581268 8.792053
-1.5745697 -3.005539 9.487122
-0.793808 -3.814865 9.437134
-0.17729187 -3.769638 10.05365
-0.26298523 -3.2649994 8.980103
-0.6033783 -3.153122 9.35144
-0.5867157 -3.0007782 10.11792
-0.248703 -3.5244598 9.322876
-0.24632263 -3.9267426 9.201477
-0.3891449 -4.16716 9.011047
-0.6343231 -4.402817 8.944397
-0.78666687 -4.4218597 9.53949
-0.55101013 -3.9862518 9.087219
-0.33677673 -3.6649017 9.41095
-0.29154968 -3.6887054 9.341919
-0.46055603 -3.7339325 9.506165
-0.55101013 -3.8101044 9.434753
-0.5938568 -3.743454 9.463318
-0.41770935 -3.538742 8.861084
-0.4962616 -3.2316742 9.872742
-0.59147644 -3.3887787 9.5252075
-0.49388123 -3.5887299 9.577576
-0.43675232 -3.4911346 9.963196
-0.35343933 -2.9841156 9.5252075
-0.4129486 -2.1605072 9.294312
-0.7438202 -1.786789 9.575195
-1.043747 -2.7389374 9.4609375
-1.134201 -4.0433807 8.968201
-1.1699066 -4.686081 9.54187
-1.0009003 -4.4647064 9.296692
-0.6866913 -3.622055 9.213379
-0.44389343 -3.2126312 9.520447
-0.35820007 -2.9436493 9.648987
-0.37724304 -3.0817108 9.610901
-0.4224701 -3.3173676 9.4609375
-0.4724579 -3.3149872 9.572815
-0.62242126 -3.7577362 9.394287
-0.6033783 -3.9505463 9.389526
-0.58909607 -3.814865 9.353821
-0.6295624 -3.391159 9.458557
-0.58909607 -3.2864227 9.506165
-0.51530457 -3.172165 9.370483
-0.5391083 -3.2745209 9.389526
-0.6105194 -3.519699 9.487122
-0.64860535 -3.6196747 9.5442505
-0.6343231 -3.493515 9.515686
-0.63194275 -3.4125824 9.453796
-0.60575867 -3.4340057 9.403809
-0.6367035 -3.6934662 9.596619
-0.6533661 -3.7410736 9.494263
-0.61528015 -3.595871 9.41333
-0.5391083 -3.2459564 9.15387
-0.48197937 -3.0388641 9.787048
-0.59861755 -3.2411957 9.4609375
-0.33677673 -3.2578583 9.296692
-0.40342712 -3.3506927 9.394287
-0.50102234 -3.1935883 9.572815
-0.56529236 -3.0341034 9.713257
-0.58195496 -2.9507904 9.870361
-0.5533905 -3.1483612 9.575195
-0.4962616 -3.3126068 9.34668
-0.49388123 -3.236435 9.41095
-0.6343231 -3.4078217 9.446655
-0.7366791 -3.9243622 9.451416
-0.52482605 -3.898178 9.301453
-0.4700775 -3.5030365 9.308594
-0.50102234 -3.281662 9.556152
-0.56529236 -3.1840668 9.575195
-0.4058075 -3.191208 9.22052
-0.50102234 -3.2673798 9.994141
-0.70573425 -4.083847 9.172913
-0.5771942 -4.4956512 9.579956
-0.42008972 -3.6744232 9.558533
-0.43675232 -2.8984222 9.320496
-0.40104675 -2.827011 9.537109
-0.32487488 -3.1174164 9.879883
-0.48435974 -3.7363129 8.006531
-0.94377136 -3.7720184 10.205994
-0.39152527 -2.7389374 10.160767
-0.17015076 -2.6365814 8.872986
-0.17729187 -3.2769012 10.001282
-0.543869 -3.4839935 8.699219
-1.0318451 -4.0790863 8.987244
-1.2794037 -4.845566 9.2229
-0.9675751 -4.840805 9.0896
-0.47483826 -3.7458344 9.249084
-0.32963562 -2.6437225 9.501404
-0.71287537 -1.9700775 9.703735
-0.42008972 -2.3818817 9.468079
-0.34629822 -3.0150604 10.451172
-0.15348816 -3.050766 9.7323
-0.19633484 -3.0293427 9.613281
-0.4058075 -3.6434784 9.618042
-0.47721863 -4.0219574 9.420471
-0.43675232 -3.6934662 10.072693
-0.3153534 -2.4937592 9.149109
-0.032089233 -2.3890228 9.615662
-0.23442078 -2.8508148 9.170532
-0.46769714 -3.4578094 9.327637
-0.78904724 -3.871994 9.403809
-0.8176117 -3.8220062 9.6085205
-0.710495 -3.2411957 9.515686
-0.479599 -3.107895 9.363342
-0.41056824 -3.3625946 9.213379
-0.4867401 -3.864853 9.184814
-0.5533905 -4.493271 10.034607
-0.44865417 -3.8791351 8.918213
-0.46769714 -3.6839447 9.15625
-0.5795746 -3.7101288 9.318115
-0.5105438 -3.4054413 10.039368
-0.27488708 -3.0364838 9.2300415
-0.21537781 -3.0531464 9.389526
-0.32487488 -3.3792572 9.510925
-0.30821228 -3.6958466 9.60376
-0.3486786 -3.6006317 9.425232
-0.36058044 -3.4958954 9.291931
-0.4391327 -3.807724 9.251465
-0.47721863 -4.1005096 9.275269
-0.5795746 -4.1623993 9.484741
-0.53196716 -3.679184 9.470459
-0.4462738 -3.07695 9.713257
-0.24394226 -2.365219 9.782288
-0.017807007 -1.9962616 9.634705
0.1464386 -2.5937347 9.768005
-0.11778259 -3.422104 9.225281
-0.46769714 -3.929123 9.584717
-0.7533417 -4.448044 9.596619
-0.54148865 -4.069565 9.451416
-0.3058319 -3.3030853 9.161011
-0.34391785 -3.2126312 9.499023
-0.5843353 -3.6101532 9.399048
-0.50816345 -3.8886566 9.570435
-0.34391785 -3.5720673 9.432373
-0.06541443 -3.179306 9.184814
0.16548157 -2.967453 9.751343
0.1869049 -2.6675262 9.682312
0.029800415 -2.8508148 9.465698
-0.48912048 -3.5625458 9.403809
-0.8985443 -4.129074 9.360962
-0.96281433 -4.1195526 9.246704
-0.7604828 -3.769638 9.489502
-0.48912048 -3.2340546 8.70636
-0.45817566 -3.0864716 10.125061
-0.17967224 -2.6437225 9.86322
-0.0844574 -2.467575 9.748962
0.19404602 -2.6199188 10.044128
0.034561157 -2.581833 9.553772
0.15596008 -3.1769257 9.420471
-0.098739624 -3.6434784 8.96106
-0.6200409 -4.2290497 9.375244
-1.1246796 -5.616806 8.696838
-1.5102997 -6.3975677 8.2421875
-1.5269623 -5.7929535 8.927734
-1.2127533 -4.5742035 9.258606
-0.7771454 -3.4173431 9.080078
-0.36058044 -2.6365814 9.820374
0.005996704 -2.0605316 10.110779
0.09883118 -1.812973 9.420471
Time Stop = 1457237447
