Time Start = 1457236944
0.5153961 1.5790558 8.70874
0.17500305 1.6718903 8.625427
0.02027893 2.176529 8.432617
0.025039673 2.4502716 8.715881
0.04170227 2.2384186 9.163391
0.19642639 1.779007 9.210999
0.42018127 1.279129 9.432373
0.85102844 1.1006012 9.632324
1.4223175 1.1006012 9.589478
0.27973938 2.1931915 9.575195
-1.5840912 3.5714264 4.2026978
-1.5245819 0.5626373 9.263367
0.7534332 1.2862701 8.827759
0.9938507 1.2838898 9.901306
0.93196106 1.131546 10.325012
0.23451233 0.8101959 10.403564
-0.13206482 0.7126007 9.941772
0.055984497 0.7554474 9.625183
0.23451233 0.80781555 9.718018
0.39637756 0.89112854 9.825134
0.6510773 0.8220978 9.66803
0.8367462 0.88874817 9.344299
0.97480774 1.2053375 9.09436
1.2390289 1.0720367 9.427612
1.2509308 1.1624908 9.506165
1.2247467 0.9030304 9.810852
1.1509552 0.4507599 9.870361
0.82484436 -0.04673767 10.072693
0.24165344 -0.3728485 10.091736
0.16072083 -0.83940125 10.0060425
0.06550598 -1.1012421 10.627319
-0.13682556 -0.47044373 11.065308
0.5011139 -0.07292175 10.746338
1.7174835 -1.4868622 12.10553
2.2411652 -2.1033783 12.503052
1.9650421 -2.146225 12.517334
1.9150543 -2.3795013 12.024597
1.3104401 -3.3126068 12.222168
1.0485992 -3.6268158 11.105774
1.5294342 -4.6646576 10.360718
2.2649689 -5.328781 9.168152
2.3887482 -5.6977386 8.3897705
3.3599396 -6.7927094 8.301697
4.1049957 -7.940048 8.565918
3.9407501 -8.366135 8.396912
3.6217804 -8.773178 7.868469
3.7622223 -9.10881 7.161499
3.4932404 -9.346848 6.7139893
3.0909576 -9.480148 5.8308716
2.6981964 -9.468246 4.6954346
2.9243317 -9.144516 3.5647583
3.498001 -9.320663 2.03656
3.766983 -10.00383 1.6437988
3.2552032 -10.5846405 1.3438721
2.6386871 -10.896469 1.4081421
2.0745392 -11.041672 1.4367065
1.8269806 -11.101181 0.7797241
1.7841339 -11.743881 0.98205566
1.9626617 -11.3606415 0.78448486
2.1911774 -10.789352 1.2486572
2.0912018 -10.189499 1.658081
1.938858 -9.758652 1.7818604
2.0388336 -9.946701 2.22937
2.4863434 -10.408493 2.6959229
3.0314484 -10.494186 3.0648804
3.2885284 -9.946701 3.3457642
3.1457062 -9.223068 3.0625
3.0838165 -8.616074 2.2841187
3.2171173 -8.180466 1.3867188
3.3575592 -7.6020355 0.8154297
3.3980255 -7.194992 0.75354004
2.9052887 -6.785568 1.1939087
2.5363312 -6.590378 1.465271
2.27211 -6.6332245 1.7485352
2.2102203 -6.6403656 2.0151367
1.874588 -7.194992 2.7578125
1.7341461 -7.50206 3.1053467
1.5818024 -7.6520233 3.2124634
1.3818512 -7.449692 3.0934448
1.4746857 -7.040268 2.7839966
1.6056061 -7.1521454 1.9437256
1.4580231 -7.535385 1.2391357
1.0866852 -8.247116 1.1153564
0.70344543 -8.98027 0.9463501
0.04170227 -9.506332 1.0201416
-0.47483826 -10.027634 1.0701294
-0.75572205 -10.575119 1.0463257
-0.7842865 -10.865524 1.0177612
-0.74858093 -10.925034 1.2177124
-0.5771942 -10.625107 1.2200928
-0.54148865 -10.044296 1.132019
-0.4224701 -9.627731 0.6583252
-0.1582489 -9.665817 0.06085205
0.08930969 -10.925034 -0.11767578
-2.9670868 -11.462997 2.4126587
-3.5574188 -10.689377 2.4364624
-2.7219086 -10.567978 3.479065
-1.1580048 -10.651291 3.6242676
-0.54148865 -10.727463 3.562378
-0.6105194 -10.717941 3.0125122
-1.3793793 -9.977646 2.7125854
-1.5983734 -10.26329 -0.041503906
-2.807602 -11.22496 0.57263184
-3.7621307 -12.241379 0.1965332
-3.5431366 -13.893356 -1.286438
-3.7597504 -16.785507 0.14178467
-2.7623749 -15.688156 -0.21289063
-1.4388885 -13.491074 1.3795776
0.005996704 -10.246628 2.2984009
0.9033966 -8.927902 3.717102
1.560379 -8.320908 4.243164
1.6389313 -8.056686 3.9432373
1.0581207 -8.613693 3.6171265
-0.39390564 -9.206406 2.4412231
-1.9387665 -9.930038 1.2843628
-2.4719696 -10.567978 0.9701538
-1.595993 -10.634628 1.5509644
-0.32487488 -9.999069 2.434082
0.13453674 -8.9874115 3.1315308
0.16548157 -8.468491 3.3338623
-0.30107117 -8.711288 3.7599487
-0.7819061 -9.558701 3.2791138
-1.1246796 -10.794113 2.729248
-1.2556 -12.591293 2.0246582
-1.1413422 -13.114975 2.1270142
-0.6295624 -11.812912 2.2984009
-0.34629822 -10.741745 2.9291992
-0.122543335 -10.099045 2.9482422
0.010757446 -9.987167 2.7078247
0.1631012 -10.784592 2.7459106
0.075027466 -12.015244 2.4769287
0.06074524 -12.465134 2.2817383
0.21308899 -12.50322 2.5602417
0.49397278 -12.029526 2.8982544
0.6915436 -11.41301 3.6195068
0.98194885 -11.003586 4.1884155
1.1152496 -11.008347 4.1289063
1.0676422 -10.994064 3.883728
1.0700226 -11.074997 3.6956787
0.97480774 -11.2202 3.4957275
1.1128693 -11.051193 3.19104
1.2794952 -11.120224 3.024414
1.4413605 -11.16069 3.1886597
1.5508575 -11.108322 3.0529785
1.6127472 -10.998825 3.3933716
1.7174835 -10.758408 3.921814
1.8412628 -10.339462 4.5859375
1.8341217 -10.053818 5.1191406
1.7365265 -9.987167 5.4785767
1.7793732 -9.775314 4.902527
1.8174591 -9.496811 4.6763916
1.9817047 -9.223068 4.3859863
2.1649933 -8.894577 3.967041
2.2030792 -8.706528 3.8504028
2.6101227 -8.8207855 4.266968
2.7053375 -8.932663 4.7192383
2.4911041 -8.842209 4.9834595
2.426834 -8.330429 5.057251
2.5767975 -8.0828705 5.640442
2.8148346 -7.8067474 6.2331543
3.0980988 -7.304489 6.1117554
3.407547 -7.2949677 5.4143066
3.695572 -7.978134 5.1572266
3.593216 -8.263779 4.8049316
3.0647736 -8.285202 4.973938
2.343521 -7.406845 5.171509
2.2887726 -6.0095673 5.43573
2.8719635 -5.0431366 6.571167
3.4932404 -4.578964 7.3876343
3.914566 -4.531357 8.618286
4.062149 -5.109787 7.404297
3.4765778 -6.635605 6.8068237
3.888382 -6.6974945 5.7904053
4.2240143 -6.971237 6.01416
3.8598175 -6.1333466 6.647339
3.8574371 -5.481125 7.3495483
4.1216583 -4.995529 7.7803955
4.2573395 -4.088608 8.292175
3.895523 -3.9315033 7.373352
4.5025177 -4.7027435 7.1257935
5.03096 -4.4075775 6.4926147
4.992874 -4.333786 6.692566
4.826248 -4.050522 6.916321
4.9000397 -3.3506927 6.9448853
4.96669 -3.281662 7.6661377
5.0023956 -3.0912323 7.8518066
4.823868 -3.0460052 7.7161255
4.907181 -3.0531464 7.80896
5.1999664 -2.922226 7.2614746
5.390396 -2.717514 6.8306274
5.4451447 -2.4104462 6.52594
5.2951813 -2.0081635 6.5997314
5.22139 -1.7963104 7.142456
5.202347 -2.0414886 7.7423096
5.2570953 -2.0486298 7.7875366
5.3047028 -1.7653656 7.789917
5.3618317 -1.6772919 7.892273
5.5665436 -1.5082855 7.4066772
5.8022003 -1.7915497 7.0305786
5.845047 -1.9319916 6.7806396
5.7450714 -1.8010712 6.52594
5.666519 -1.6820526 6.711609
5.6379547 -1.6415863 6.949646
5.580826 -1.3345184 6.9139404
5.587967 -1.1250458 7.3186035
5.6117706 -1.2512054 7.9613037
5.67128 -0.97984314 7.7018433
5.7902985 -1.6106415 7.673279
5.723648 -1.7463226 7.2614746
5.561783 -1.5344696 6.8829956
5.580826 -1.3083344 6.840149
5.754593 -0.95365906 6.9020386
6.12117 -0.76560974 6.897278
6.4520416 -0.7013397 6.725891
6.397293 -0.8346405 6.999634
6.1235504 -1.1012421 7.328125
5.830765 -1.1083832 7.1781616
5.723648 -1.1179047 7.1329346
5.697464 -1.0084076 6.9972534
5.683182 -1.0345917 7.180542
5.852188 -0.86320496 6.6520996
6.333023 -0.87986755 6.3045654
6.6829376 -0.991745 6.0617676
6.3663483 -0.7846527 6.359314
5.8997955 -0.81321716 6.661621
5.711746 -0.83940125 6.859192
5.79982 -1.0345917 6.982971
5.8355255 -0.99650574 7.066284
5.86409 -0.9655609 7.2686157
5.99263 -0.8346405 7.2424316
6.0330963 -0.92271423 7.047241
6.0592804 -1.0441132 6.885376
5.942642 -1.1797943 6.904419
5.909317 -1.1298065 6.8758545
5.9950104 -1.2274017 6.9901123
6.1544952 -1.3321381 7.0401
6.24971 -1.4606781 7.404297
6.24971 -1.5011444 7.6018677
6.211624 -1.4368744 7.7280273
6.254471 -1.4487762 7.5828247
6.402054 -1.5297089 7.573303
6.44014 -1.5082855 7.475708
6.454422 -1.4130707 7.578064
6.3354034 -1.3821259 7.675659
6.344925 -1.4463959 7.6399536
6.3282623 -1.7344208 7.692322
6.3282623 -1.9438934 7.437622
6.292557 -2.1676483 7.0091553
6.211624 -2.184311 6.7806396
6.152115 -2.036728 7.1900635
6.0783234 -1.7725067 7.7994385
6.171158 -1.7963104 8.232666
6.292557 -2.0557709 8.5802
6.2140045 -2.3628387 8.06604
6.1449738 -2.4770966 7.3447876
6.2473297 -2.646103 6.5283203
6.2592316 -2.5984955 6.437866
6.061661 -2.3247528 6.790161
6.0164337 -2.1938324 7.468567
6.223526 -2.4342499 7.861328
6.57106 -3.0650482 8.249329
6.356827 -3.519699 8.661133
5.978348 -3.8624725 8.408813
5.595108 -3.3863983 7.3947754
5.742691 -3.4125824 6.6640015
6.0735626 -3.5173187 6.3831177
6.1235504 -3.5458832 6.7282715
5.9640656 -3.4459076 7.3685913
5.9235992 -3.531601 7.8184814
5.8164825 -3.679184 8.492126
5.921219 -3.948166 8.363586
5.86409 -3.762497 7.6185303
6.025955 -3.9791107 6.6068726
6.0592804 -4.1909637 6.5307007
5.8236237 -4.1195526 6.1498413
5.54274 -4.200485 6.4069214
5.5094147 -4.3575897 6.540222
5.518936 -4.512314 7.044861
5.4380035 -4.5170746 8.225525
5.330887 -4.4647064 8.399292
5.4046783 -4.55278 7.739929
5.5213165 -4.9979095 6.8758545
5.897415 -5.359726 6.4212036
6.1616364 -5.5358734 6.14032
6.0735626 -5.1954803 6.0879517
5.916458 -5.6644135 6.0022583
5.628433 -5.4977875 6.102234
5.3546906 -5.5477753 6.454529
5.2570953 -5.3454437 6.78302
5.326126 -5.200241 6.8829956
5.549881 -5.5239716 7.3305054
5.716507 -5.873886 7.225769
5.6879425 -6.3451996 6.737793
5.3356476 -6.7927094 5.8832397
5.3808746 -6.4737396 4.9144287
5.6355743 -6.7308197 5.0405884
5.792679 -6.804611 5.2024536
5.826004 -6.4808807 5.56427
5.6165314 -6.4856415 5.473816
5.4261017 -6.0762177 4.8025513
5.492752 -6.0190887 4.8168335
5.485611 -6.1666718 4.2836304
5.683182 -6.104782 3.543335
5.9116974 -6.342819 3.7694702
6.2520905 -7.021225 3.6504517
6.230667 -8.028122 3.2719727
5.980728 -9.146896 3.7861328
5.0785675 -9.423019 4.1289063
4.3549347 -8.180466 3.1029663
3.907425 -6.278549 2.6602173
4.3216095 -5.6572723 2.9839478
4.9881134 -5.5239716 4.1312866
5.41658 -5.5287323 4.397888
5.9450226 -5.752487 4.981079
5.7331696 -6.0309906 4.6049805
5.190445 -6.3523407 4.4716797
4.959549 -6.3047333 4.1312866
4.9190826 -6.2023773 3.6052246
5.042862 -6.3951874 3.3671875
5.126175 -6.3332977 3.1362915
5.2761383 -6.4166107 3.2624512
5.4237213 -6.8974457 4.1550903
5.4237213 -7.4044647 4.564514
5.28566 -7.033127 4.383606
4.888138 -7.085495 5.319092
4.478714 -6.7879486 5.5595093
4.126419 -6.1571503 5.5047607
3.9859772 -5.866745 5.9332275
4.338272 -5.916733 6.018921
4.8405304 -6.1071625 6.218872
5.209488 -6.3523407 5.8951416
5.35231 -6.904587 5.6261597
5.016678 -7.682968 6.1141357
4.278763 -7.856735 6.192688
3.5027618 -7.302109 5.75708
3.0195465 -6.949814 5.7213745
2.9552765 -6.623703 5.614258
3.55513 -6.4213715 6.52594
4.266861 -6.021469 6.0689087
4.676285 -5.942917 6.392639
4.5144196 -5.7239227 6.404541
4.1407013 -5.7215424 6.706848
3.5527496 -5.5477753 6.456909
3.1052399 -5.9405365 6.923462
2.8410187 -6.804611 8.180298
3.1671295 -7.599655 8.123169
3.3099518 -7.9805145 6.7925415
2.888626 -8.389938 6.7973022
2.6648712 -8.516098 5.469055
2.0959625 -7.4092255 4.397888
1.4937286 -6.609421 5.549988
1.9031525 -6.295212 5.7785034
2.6553497 -5.628708 5.9855957
2.952896 -5.0359955 6.306946
2.9576569 -5.942917 7.173401
2.6172638 -7.2997284 7.835144
2.124527 -8.068588 7.4804688
1.2366486 -8.328049 7.4066772
0.38923645 -7.937668 6.835388
0.20594788 -7.7615204 6.918701
0.70344543 -7.913864 7.430481
1.4151764 -7.649643 6.78302
1.6722565 -7.702011 6.9663086
1.6389313 -7.394943 6.5497437
1.4794464 -7.1640472 6.533081
1.5246735 -7.6901093 6.9734497
1.5532379 -7.2425995 6.699707
1.1057281 -7.554428 7.918457
0.8296051 -7.9805145 8.230286
0.91529846 -8.20665 7.48761
0.93434143 -8.642258 7.013916
0.89863586 -8.644638 6.2521973
0.8319855 -8.304245 5.8380127
0.7129669 -7.9019623 6.097473
0.7867584 -7.875778 6.9139404
0.9272003 -7.8829193 7.449524
0.8962555 -7.2616425 7.982727
0.8319855 -7.728195 8.135071
0.739151 -8.040024 7.55188
0.5844269 -8.675583 7.1853027
0.5511017 -8.694626 6.4521484
0.5582428 -8.792221 6.3450317
0.7819977 -8.485153 6.295044
0.77723694 -8.435165 6.037964
0.29164124 -8.330429 6.6187744
0.18452454 -8.385178 7.173401
0.31306458 -8.316147 7.5304565
0.55348206 -8.239975 7.373352
0.61061096 -8.201889 7.032959
0.6629791 -8.39946 6.930603
0.7129669 -8.358994 6.5354614
0.7534332 -8.39946 6.4093018
0.7058258 -8.4423065 6.5949707
0.57728577 -8.587509 6.980591
0.4749298 -8.587509 6.897278
0.33448792 -8.6922455 6.8306274
0.17262268 -8.627975 6.6449585
0.29164124 -8.423264 6.6568604
0.68678284 -8.59227 6.154602
0.4915924 -8.309006 5.673767
0.32972717 -7.978134 6.223633
0.3773346 -7.8710175 6.3950195
0.5844269 -7.8472137 6.5759277
0.46064758 -8.113815 6.442627
0.17024231 -8.511337 6.1831665
-0.13444519 -9.004074 6.199829
-0.11064148 -9.3658905 6.116516
0.029800415 -8.992172 5.75708
0.07026672 -8.2733 5.833252
0.32258606 -7.9852753 6.3378906
0.4844513 -7.7543793 6.2212524
0.51301575 -7.6353607 6.499756
0.5153961 -7.6710663 6.7282715
0.49397278 -8.001938 6.411682
0.40827942 -8.33519 6.0855713
0.2868805 -8.539902 6.1117554
0.31544495 -8.777939 5.845154
0.20118713 -8.7565155 5.7523193
0.0155181885 -8.585129 6.0665283
1.1200104 -11.172592 9.15625
0.5177765 -8.9231415 5.121521
-0.2820282 -8.170944 6.2855225
-0.04875183 -7.573471 5.7546997
0.3511505 -8.08049 6.2141113
0.19880676 -8.520859 5.968933
0.3773346 -9.054062 6.0427246
0.1631012 -7.9043427 5.7094727
0.29640198 -7.990036 6.1522217
0.2035675 -7.642502 5.569031
0.32972717 -8.311386 6.226013
0.22737122 -8.385178 6.4021606
0.03694153 -8.611313 6.404541
-0.1582489 -8.649399 6.1046143
-0.1749115 -9.046921 6.0284424
-0.20347595 -9.387314 6.180786
-0.24156189 -9.3016205 5.909424
-0.29393005 -8.487534 5.197693
-0.0844574 -8.259018 5.0858154
-0.010665894 -8.01384 5.416687
-0.027328491 -7.8329315 5.82135
0.032180786 -7.828171 5.704712
-0.08207703 -7.8972015 5.447632
-0.17015076 -8.166183 5.519043
-0.57481384 -8.625595 5.768982
-0.56529236 -10.244247 6.980591
-0.35343933 -10.053818 6.295044
-0.6438446 -9.9109955 5.8808594
-0.53196716 -10.160934 5.930847
-0.4224701 -9.561081 5.923706
-0.38676453 -9.156418 6.090332
-0.396286 -9.096909 6.411682
-0.46055603 -8.85173 6.5735474
-0.6509857 -8.535141 6.5878296
-0.8318939 -8.394699 6.456909
-1.0604095 -8.497055 6.454529
-1.2984467 -8.880295 6.3878784
-1.6174164 -9.258774 6.037964
-2.057785 -9.713425 6.1331787
-2.3862762 -9.949081 6.2331543
-2.4719696 -9.837204 6.3974
-2.2982025 -9.646774 6.0284424
-2.0934906 -9.006454 5.9022827
-1.8435516 -8.542282 5.8951416
-1.5436249 -8.299484 5.788025
-1.2865448 -8.01384 5.9665527
-1.4436493 -8.194748 6.352173
-1.7507172 -8.59465 6.5735474
-2.2148895 -8.823166 6.3759766
-2.3743744 -9.10881 5.680908
-2.3600922 -9.23735 5.6309204
-2.1387177 -9.311142 5.3500366
-2.0554047 -9.4301605 4.7906494
-2.0458832 -9.206406 4.352661
-1.8292694 -8.606552 4.183655
-2.1744232 -8.370895 4.126526
-2.4862518 -7.9019623 4.569275
-2.7552338 -7.4544525 4.697815
-2.5624237 -6.9855194 4.7406616
-1.9697113 -7.4615936 5.8737183
-1.5555267 -8.075729 5.680908
-1.6126556 -9.094528 5.935608
-1.762619 -9.825302 6.185547
-1.5721893 -10.037155 6.7020874
-1.653122 -9.470627 6.9734497
-2.0006561 -8.259018 7.8708496
-1.3936615 -7.187851 8.534973
-0.627182 -6.8974457 9.053894
-0.5557709 -6.6332245 8.977722
-0.56529236 -6.590378 8.25647
-0.8437958 -6.866501 7.385254
-1.0508881 -6.828415 7.0877075
-0.9889984 -6.880783 7.128174
-1.2079926 -6.616562 6.8948975
-1.1127777 -6.264267 7.052002
-0.75572205 -5.9214935 7.4471436
-0.44389343 -5.919113 8.173157
-0.3058319 -6.130966 8.363586
-0.51768494 -6.0738373 8.118408
-0.4629364 -5.821518 7.4590454
-0.30345154 -5.635849 7.1519775
Time Stop = 1457236949
