Time Start = 1457237080
-1.3293915 -4.7289276 9.125305
-1.3222504 -4.3932953 9.108643
-1.2794037 -4.314743 8.980103
-1.2341766 -4.474228 8.801575
-1.4436493 -4.781296 8.844421
-1.6388397 -4.845566 8.558777
-2.1744232 -4.6313324 8.049377
-2.1577606 -4.9669647 8.454041
-2.1077728 -4.8193817 8.587341
-2.0363617 -4.640854 8.756348
-1.9173431 -4.2957 8.861084
-1.7316742 -4.0933685 9.118164
-1.2103729 -3.9457855 9.380005
-0.92710876 -3.9719696 9.472839
-0.9485321 -3.91008 9.677551
-0.9723358 -4.076706 9.365723
-1.0508881 -4.481369 9.232422
-1.4127045 -4.602768 9.006287
-1.7269135 -4.878891 9.320496
-1.9697113 -4.697983 9.077698
-1.9958954 -4.481369 8.932495
-1.8578339 -4.431381 8.920593
-1.569809 -4.314743 9.02771
-1.3769989 -4.193344 9.051514
-1.2603607 -4.007675 9.206238
-1.2627411 -3.8791351 9.570435
-1.4722137 -3.519699 9.675171
-1.8721161 -3.2150116 9.967957
-2.4886322 -2.7270355 10.163147
-2.7171478 -2.7008514 10.455933
-2.5743256 -3.1221771 10.603516
-2.0863495 -3.6529999 9.998901
-1.569809 -4.302841 9.758484
-1.274643 -4.110031 9.582336
-1.2460785 -3.8672333 9.594238
-1.5983734 -3.6387177 9.787048
-1.974472 -3.0269623 9.4776
-2.2125092 -2.9793549 9.041992
-2.2267914 -2.986496 9.161011
-2.114914 -2.8746185 9.125305
-1.845932 -2.267624 9.172913
-1.6269379 -2.120041 9.318115
-1.2556 -2.0200653 9.468079
-0.8152313 -2.422348 9.527588
-0.36058044 -2.8698578 9.575195
-0.12968445 -3.3744965 10.146484
-0.08921814 -3.7529755 10.522583
-0.31297302 -4.0219574 10.584473
-0.54862976 -4.4409027 10.232178
-0.7819061 -5.0550385 9.727539
-0.83665466 -5.764389 9.303833
-0.72239685 -6.0095673 9.103882
-0.5057831 -6.464218 8.611145
-0.2891693 -6.642746 8.523071
-0.15110779 -7.142624 8.539734
-0.08921814 -7.475876 8.344543
-0.0844574 -7.9614716 8.187439
-0.077316284 -8.423264 7.6280518
0.051223755 -8.532761 6.930603
0.13215637 -8.9231415 6.166504
0.17024231 -8.775558 5.4952393
0.30116272 -8.97789 5.423828
0.37971497 -9.23497 5.507141
0.46064758 -9.675339 5.635681
0.62013245 -10.049057 5.847534
0.7534332 -10.429916 5.833252
0.97480774 -10.801254 5.5737915
1.2152252 -10.9655 5.288147
1.2223663 -11.358261 5.1643677
1.1247711 -11.4249115 5.0167847
1.1295319 -11.232101 5.321472
0.87483215 -11.198776 5.6071167
0.84150696 -11.612961 5.980835
1.0414581 -11.498703 5.807068
1.2628326 -11.210678 5.704712
1.3842316 -10.484665 5.8880005
1.5294342 -9.2183075 5.745178
1.7531891 -7.649643 5.7523193
1.8769684 -6.8784027 6.192688
2.0959625 -6.438034 6.3378906
2.3411407 -6.3523407 6.8115845
2.4506378 -6.816513 7.4352417
2.40065 -7.0378876 7.8184814
2.2602081 -7.1140594 8.180298
2.2316437 -6.9593353 8.054138
2.022171 -6.407089 8.120789
1.7888947 -5.6525116 8.282654
1.5365753 -4.4147186 8.270752
1.2937775 -2.8436737 8.187439
0.97480774 -1.5796967 8.375488
0.7796173 -0.7584686 8.487366
0.8153229 0.072280884 8.404053
0.9295807 0.71022034 8.439758
1.1342926 0.9768219 8.64447
1.3390045 1.0149078 9.084839
1.4794464 0.69355774 9.906067
1.4270782 0.7316437 10.213135
1.3390045 1.0006256 10.508301
1.219986 1.1720123 10.717773
1.1104889 1.4409943 10.432129
1.0890656 1.6552277 9.5442505
1.0390778 1.8289948 8.763489
1.0890656 1.9599152 8.282654
1.1414337 2.2312775 8.223145
1.1723785 2.4621735 8.465942
1.1223907 2.8620758 8.7872925
1.0819244 3.1381989 8.980103
0.9867096 3.216751 9.184814
1.05336 3.3500519 9.184814
1.0890656 3.4833527 9.182434
1.24617 3.561905 9.011047
1.2675934 3.8475494 8.425476
1.2366486 3.633316 8.225525
1.034317 3.2238922 8.220764
0.9200592 2.7406769 8.7039795
0.7248688 2.3836212 9.696594
0.38209534 2.0789337 10.513062
-0.0011444092 1.9837189 10.613037
-0.4462738 2.2003326 10.167908
-0.74858093 2.4693146 9.587097
-0.9175873 2.9453888 8.932495
-0.9152069 3.0382233 8.599243
-0.76524353 3.2048492 8.525452
-0.5272064 3.4524078 8.587341
-0.24156189 3.8023224 8.763489
-0.04399109 3.9499054 9.170532
0.07978821 3.9237213 9.47998
0.07026672 3.7975616 9.441895
-0.04399109 3.7666168 9.134827
-0.3224945 3.9594269 9.063416
-0.5557709 4.247452 8.789673
-0.774765 4.375992 8.380249
-0.96995544 4.395035 8.187439
-1.0151825 4.466446 7.949402
-1.0128021 4.6949615 8.111267
-0.91282654 5.044876 8.123169
-0.7842865 5.4257355 7.994629
-0.7366791 5.744705 7.9136963
-0.7009735 5.961319 7.668518
-0.61528015 6.173172 7.5042725
-0.59147644 6.22554 7.2995605
-0.6533661 6.411209 6.802063
-0.82237244 6.3755035 6.3759766
-0.86283875 6.3564606 5.666626
-0.9009247 6.089859 5.3809814
-0.9175873 5.8827667 5.2453003
-0.8485565 5.8827667 5.338135
-0.89616394 5.927994 5.333374
-0.8509369 6.135086 5.3619385
-0.9080658 6.199356 5.3547974
-0.90330505 6.392166 5.3428955
-0.9556732 6.487381 5.345276
-0.9794769 6.5302277 5.254822
-1.0604095 6.5278473 4.9072876
-1.1127777 6.5230865 4.754944
-1.1484833 6.6135406 4.314575
-1.2103729 6.768265 3.7004395
-1.2508392 6.7873077 3.4885864
-1.3365326 6.815872 3.6932983
-1.31987 6.80159 4.119385
-1.3151093 6.9063263 4.2217407
-1.2984467 6.9848785 4.395508
-1.3365326 7.237198 4.4692993
-1.4745941 7.5990143 4.250305
-1.4650726 7.1324615 3.9527588
-1.3460541 7.4799957 3.8742065
-1.3174896 7.494278 4.1122437
-1.3936615 7.596634 3.7956543
-1.5293427 7.5299835 3.7908936
-1.7007294 7.4799957 3.531433
-1.7649994 7.4323883 2.9363403
-1.762619 7.3133698 2.9196777
-1.7911835 7.346695 3.1981812
-1.8173676 7.410965 3.395752
-1.7578583 7.5347443 3.7599487
-1.7292938 7.6013947 4.043213
-1.634079 7.7870636 4.1812744
-1.5222015 7.8584747 4.243164
-1.4127045 7.739456 4.3669434
-1.4198456 7.7227936 4.588318
-1.3174896 7.803726 4.2860107
-1.2603607 8.015579 3.7242432
-1.2436981 8.08461 3.1743774
-1.2579803 7.9584503 2.9577637
-1.3484344 7.9608307 3.2791138
-1.4579315 8.1465 3.7861328
-1.6388397 8.267899 4.1931763
-1.7316742 8.33931 4.6049805
-1.7864227 8.358353 4.8692017
-1.6912079 8.2798 5.0286865
-1.5388641 8.265518 5.1262817
-1.3698578 8.194107 5.11438
-1.300827 8.160782 4.8311157
-1.3055878 8.179825 4.6240234
-1.486496 8.21315 4.2574463
-1.6578827 8.120316 4.3550415
-1.8530731 8.039383 4.5930786
-1.9316254 7.815628 4.6383057
-1.9149628 7.7489777 4.6026
-1.8316498 7.6966095 4.762085
-1.6769257 7.687088 4.9525146
-1.615036 7.7918243 5.1167603
-1.6269379 8.003677 5.1000977
-1.6816864 8.175064 4.9072876
-1.6459808 8.258377 4.557373
-1.5245819 8.753494 2.8173218
-1.5793304 8.613052 2.267456
-1.7197723 8.255997 2.3531494
-1.9387665 7.7037506 3.0791626
-2.269638 7.4466705 3.8599243
-2.5671844 7.425247 4.2764893
-2.6433563 7.6275787 4.735901
-2.4886322 7.975113 5.1429443
-2.076828 8.282181 5.571411
-1.5936127 8.196487 5.697571
-1.2436981 7.987015 5.5666504
-1.0913544 7.751358 5.2214966
-1.108017 7.6847076 5.0167847
-1.4103241 7.8108673 4.8025513
-1.6650238 8.041763 4.5288086
-1.8483124 8.248856 4.2645874
-1.864975 8.394058 4.0265503
-1.8030853 8.539261 3.6861572
-1.7483368 8.553543 3.4528809
-1.7840424 8.372635 3.5742798
-1.8078461 8.15126 3.626648
-1.845932 7.884659 3.8789673
-1.8173676 7.7608795 4.1098633
-1.8149872 7.737076 4.312195
-1.717392 7.7942047 4.557373
-1.634079 7.8489532 4.735901
-1.6031342 7.801346 4.7001953
-1.6459808 7.7537384 4.6954346
-1.5983734 7.7465973 4.5407104
-1.5983734 7.706131 4.314575
-1.7054901 7.7156525 4.083679
-1.7602386 7.6323395 3.928955
-1.8721161 7.5942535 4.1431885
-1.948288 7.551407 4.3598022
-1.9649506 7.6204376 4.4716797
-1.9435272 7.694229 4.709717
-1.8863983 7.8061066 4.826355
-1.7935638 7.834671 4.9906006
-1.6721649 7.7656403 4.9977417
-1.550766 7.706131 4.902527
-1.4983978 7.577591 4.9525146
-1.4793549 7.565689 4.743042
-1.5174408 7.5823517 4.4121704
-1.5721893 7.7299347 4.519287
-1.6745453 7.7537384 4.3693237
-1.7340546 7.7989655 4.416931
-1.8173676 7.834671 4.5407104
-1.8602142 7.8560944 4.788269
-1.8340302 7.7799225 4.8477783
-1.826889 7.8251495 5.0167847
-1.7102509 7.739456 5.0215454
-1.5483856 7.7156525 4.9501343
-1.51268 7.6847076 4.8239746
-1.5102997 7.7037506 4.7835083
-1.6507416 7.725174 4.769226
-1.7007294 7.8299103 4.5978394
-1.7078705 7.9655914 4.300293
-1.6769257 7.989395 3.9694214
-1.7078705 7.9227448 4.000366
-1.7007294 7.756119 4.3883667
-1.5888519 7.653763 4.8477783
-1.5674286 7.610916 4.992981
-1.5769501 7.5942535 5.216736
-1.5912323 7.6132965 5.3881226
-1.5579071 7.6275787 5.302429
-1.5150604 7.6204376 5.235779
-1.5983734 7.603775 4.981079
-1.6126556 7.610916 4.878723
-1.6507416 7.718033 4.762085
-1.6412201 7.756119 4.626404
-1.6102753 7.796585 4.395508
-1.5769501 7.8299103 4.2265015
-1.6031342 7.7942047 4.34552
-1.6483612 7.7227936 4.4335938
-1.6864471 7.756119 4.5288086
-1.8054657 7.713272 4.9382324
-1.8625946 7.6513824 5.0215454
-1.8197479 7.596634 5.1191406
-1.7721405 7.5942535 5.1500854
-1.6555023 7.50856 5.1000977
-1.5674286 7.3752594 5.076294
-1.5174408 7.289566 5.0929565
-1.4745941 7.3681183 5.069153
-1.4769745 7.4204865 5.064392
-1.5150604 7.5418854 5.0167847
-1.5793304 7.6251984 5.071533
-1.5674286 7.834671 4.776367
-1.569809 7.841812 4.716858
-1.5269623 7.7465973 4.645447
-1.5840912 7.6466217 4.6954346
-1.6126556 7.487137 4.8168335
-1.6674042 7.4704742 4.7668457
-1.6650238 7.3633575 4.776367
-1.6174164 7.3490753 4.781128
-1.6197968 7.360977 4.845398
-1.5817108 7.3681183 4.8882446
-1.4817352 7.399063 4.8620605
-1.4293671 7.520462 4.633545
-1.4341278 7.3943024 4.628784
-1.4841156 7.2990875 4.6359253
-1.5483856 7.1967316 4.890625
-1.5460052 7.077713 4.9786987
-1.505539 7.0110626 4.9691772
-1.4603119 6.942032 5.1310425
-1.3674774 6.9848785 5.204834
-1.3032074 6.9015656 5.3690796
-1.2056122 6.8944244 5.3809814
-1.153244 6.8063507 5.3952637
-1.1413422 6.815872 5.24292
-1.1818085 6.8872833 5.1834106
-1.2960663 6.8682404 5.269104
-1.4174652 6.9586945 5.352417
-1.4507904 6.9063263 5.552368
-1.422226 6.8063507 5.7142334
-1.4174652 6.7206573 5.935608
-1.3436737 6.6968536 5.961792
-1.2222748 6.827774 6.01178
-1.172287 6.961075 6.007019
-1.0961151 6.961075 6.1331787
-1.0961151 6.9920197 6.1117554
-1.1627655 6.9658356 5.987976
-1.2603607 6.9515533 5.9141846
-1.3579559 7.027725 5.7023315
-1.4174652 7.2848053 5.3167114
-1.4341278 7.3038483 5.254822
-1.5650482 7.322891 5.4452515
-1.6055145 7.282425 5.666626
-1.5721893 7.175308 5.845154
-1.5245819 7.146744 5.9070435
-1.4055634 7.0824738 5.9379883
-1.2532196 6.999161 5.9260864
-1.0461273 6.9325104 5.8737183
-0.9080658 6.899185 5.892761
-0.82237244 6.827774 5.9641724
-0.877121 6.815872 6.1498413
-1.0032806 6.7468414 6.1712646
-1.172287 6.7468414 6.1331787
-1.2508392 6.6944733 5.999878
-1.3484344 6.60878 5.923706
-1.3793793 6.5992584 5.94751
-1.2770233 6.6778107 6.059387
-1.1556244 6.5278473 6.392639
-1.0199432 6.377884 6.564026
-0.7819061 6.1898346 6.6901855
-0.6200409 6.1255646 6.8234863
-0.59147644 5.9636993 6.8306274
-0.6200409 5.930374 6.980591
-0.8009491 5.9256134 7.0401
-1.0270844 5.973221 6.916321
-1.1461029 5.930374 6.982971
-1.1937103 5.8613434 6.9282227
-1.0937347 5.8184967 7.0496216
-0.9318695 5.794693 7.082947
-0.7342987 5.761368 7.142456
-0.6700287 5.6828156 7.3495483
-0.78904724 5.609024 7.456665
-0.8437958 5.513809 7.4661865
-0.8890228 5.4376373 7.4209595
-0.858078 5.3614655 7.4661865
-0.7247772 5.1876984 7.6280518
-0.6176605 5.159134 7.906555
-0.5105438 5.018692 8.216003
-0.4724579 4.863968 8.232666
-0.4724579 4.7782745 8.223145
-0.48197937 4.890152 8.070801
-0.60813904 4.954422 7.994629
-0.7438202 5.044876 7.8327637
-0.69859314 4.897293 7.725647
-0.53196716 4.730667 7.763733
-0.34153748 4.583084 7.9922485
-0.036849976 4.523575 8.432617
0.05836487 4.525955 8.777771
0.07026672 4.523575 8.977722
-0.079696655 4.5164337 8.977722
-0.26298523 4.5402374 9.051514
-0.40342712 4.6687775 8.858704
-0.44865417 4.74971 8.568298
-0.50816345 4.7449493 8.254089
-0.3653412 4.7854156 7.956543
-0.1415863 4.8758698 7.539978
0.14881897 4.81398 7.525696
0.35353088 4.780655 7.9136963
0.58680725 4.5735626 8.373108
0.7248688 4.3807526 8.856323
0.6010895 4.409317 9.15625
0.3035431 4.3807526 9.368103
-0.020187378 4.390274 9.249084
-0.4058075 4.306961 9.28717
-0.5938568 4.273636 9.132446
-0.6605072 4.2712555 9.075317
-0.5200653 4.2569733 8.863464
-0.22013855 4.3402863 8.692078
-0.02494812 4.4045563 8.723022
0.09169006 4.216507 8.987244
0.13929749 3.973709 9.161011
0.005996704 3.697586 9.315735
-0.12730408 3.4262238 9.372864
-0.39390564 3.3405304 9.546631
-0.52482605 3.1477203 9.729919
-0.6009979 3.0834503 9.644226
-0.5795746 3.0905914 9.5442505
-0.45817566 3.2453156 9.391907
-0.2891693 3.4928741 9.163391
-0.19633484 3.697586 9.037231
-0.18443298 3.8665924 9.111023
-0.1915741 3.947525 9.001526
-0.17729187 3.9070587 8.815857
-0.18919373 3.645218 8.494507
-0.07017517 3.3548126 8.423096
0.051223755 3.0667877 8.542114
0.14405823 2.9120636 8.732544
0.09883118 2.850174 8.970581
0.053604126 2.895401 9.120544
-0.18681335 2.7192535 9.087219
-0.30107117 2.671646 9.011047
-0.4724579 2.7359161 8.927734
-0.5962372 2.6692657 8.811096
-0.6295624 2.5764313 8.670654
-0.5462494 2.5978546 8.534973
-0.34391785 2.4740753 8.749207
-0.08207703 2.0075226 9.103882
0.022659302 1.7813873 9.491882
0.010757446 1.907547 9.903687
-0.058273315 2.1598663 10.189331
-0.20347595 2.3360138 10.113159
-0.332016 2.4645538 9.753723
-0.30345154 2.4764557 9.251465
-0.12968445 2.7311554 8.77301
0.010757446 2.9287262 8.656372
0.22499084 3.1024933 8.668274
0.34638977 3.235794 8.789673
0.49397278 3.1024933 9.144348
0.57966614 2.9358673 9.3133545
0.55348206 2.4812164 9.553772
0.44636536 1.8861237 9.47522
0.25831604 1.7052155 8.732544
0.19166565 1.4290924 8.354065
0.1631012 1.048233 8.227905
0.21546936 0.7649689 8.237427
0.43208313 0.78401184 8.413574
0.8200836 1.4505157 8.868225
0.98194885 2.3669586 9.360962
1.0176544 2.774002 9.901306
1.0033722 2.6954498 10.058411
0.9795685 2.6430817 9.725159
0.98194885 2.562149 9.184814
1.0105133 2.1027374 8.930115
1.1533356 1.4790802 8.315979
1.3223419 1.0910797 7.9279785
1.5508575 0.90779114 7.7089844
1.8864899 1.233902 7.7089844
2.0935822 1.8337555 8.423096
2.188797 2.8620758 9.425232
2.0840607 3.8142242 9.984619
1.9221954 4.3093414 10.305969
1.7531891 4.36409 10.05603
1.6793976 4.223648 9.748962
1.6984406 3.716629 9.363342
1.810318 2.831131 8.875366
1.9198151 1.9027863 8.415955
2.0769196 1.2172394 8.00177
2.1173859 0.74354553 7.7994385
2.1554718 0.6959381 7.930359
1.9959869 1.5338287 8.692078
1.5627594 2.4621735 9.794189
0.9224396 2.7978058 10.589233
0.42256165 2.509781 10.774902
0.1869049 1.8385162 10.196472
0.21308899 1.1029816 9.253845
0.58680725 0.51979065 8.361206
1.1461945 0.09132385 8.232666
1.5746613 -0.56565857 8.653992
1.7555695 -1.1726532 9.446655
1.5937042 -1.1655121 10.303589
1.0962067 -0.59184265 11.115295
0.3773346 0.48884583 11.727051
-0.44389343 1.3576813 11.774658
-0.92710876 1.6814117 11.417603
-1.043747 1.2505646 10.722534
-0.77238464 0.7149811 10.203613
-0.22489929 0.18415833 9.553772
0.3844757 -0.06340027 8.887268
0.8296051 -0.061019897 8.875366
0.8462677 -0.7537079 9.34906
0.4416046 -1.66539 9.672791
-0.055892944 -2.1105194 9.620422
-0.48435974 -1.9557953 9.727539
-0.86997986 -1.1440887 10.044128
-1.3222504 -0.20384216 10.325012
-1.6316986 0.5816803 10.24408
-1.9839935 0.90779114 10.175049
-2.076828 0.86494446 10.020325
-1.9363861 0.8268585 9.6085205
-1.6436005 0.6864166 9.372864
-1.1984711 0.6745148 8.858704
Time Stop = 1457237085
