Time Start = 1457237462
-0.627182 -1.5915985 9.944153
-0.49388123 -1.4321136 9.929871
-0.7533417 -1.1464691 10.017944
-1.3436737 -0.9846039 9.810852
-1.9816132 -0.9179535 9.715637
-2.1244354 -0.9417572 9.739441
-1.8792572 -1.0726776 9.665649
-1.5150604 -1.2083588 9.746582
-1.2532196 -1.2702484 9.7323
-1.2865448 -1.3440399 9.808472
-1.4341278 -1.370224 9.763245
-1.6888275 -1.3273773 9.713257
-1.7054901 -1.267868 9.710876
-1.6412201 -1.184555 9.779907
-1.5341034 -1.0179291 9.946533
-1.3865204 -1.1155243 9.41571
-1.3722382 -1.4392548 9.901306
-1.4198456 -1.7272797 9.579956
-1.5817108 -1.812973 9.908447
-1.6507416 -1.8296356 9.596619
-1.7602386 -1.6487274 9.641846
-1.679306 -1.3273773 9.663269
-1.5531464 -1.0988617 9.887024
-1.4055634 -1.1940765 9.8394165
-1.300827 -1.5130463 9.8394165
-1.2698822 -2.0581512 9.506165
-1.3674774 -2.581833 9.487122
-1.4936371 -2.596115 9.7323
-1.4317474 -2.1747894 9.698975
-1.4650726 -1.53685 9.641846
-1.5007782 -0.72514343 9.706116
-1.4555511 -0.28953552 9.887024
-1.7840424 -0.64183044 9.725159
-2.8480682 -1.4273529 10.177429
-2.3600922 -1.3821259 11.041504
-2.0625458 -0.40141296 8.727783
-2.1768036 -2.274765 9.487122
-1.8102264 -3.422104 10.11554
-1.1294403 -4.42424 9.056274
-0.44151306 -5.3311615 8.032715
-0.13444519 -4.8360443 8.406433
-0.08207703 -3.307846 8.777771
-0.5843353 -1.9200897 9.506165
-0.82951355 -1.60112 9.15387
-0.9509125 -2.1343231 8.534973
-0.8818817 -2.3556976 8.38739
-2.0339813 -2.0129242 12.369751
-1.9268646 -2.236679 10.701111
-2.0720673 -1.5582733 9.694214
-2.0220795 -1.5320892 9.982239
-1.9768524 -1.4083099 9.998901
-2.1268158 -1.2345428 9.741821
-2.4124603 -0.8608246 9.817993
-2.545761 -0.90367126 9.967957
-2.4624481 -1.370224 9.718018
-2.2553558 -2.3890228 9.582336
-2.0982513 -3.243576 9.199097
-2.076828 -3.7148895 9.622803
-1.8983002 -3.5530243 8.949158
-1.8387909 -3.4720917 9.458557
-0.5605316 -3.1293182 8.382629
-1.6483612 -3.2911835 9.865601
-1.2413177 -3.391159 9.315735
-1.5293427 -3.2840424 9.289551
-1.6388397 -3.5435028 9.368103
-1.4269867 -3.5458832 9.0896
-1.5174408 -3.1197968 9.522827
-1.6245575 -2.339035 9.15625
-1.4745941 -2.6413422 9.472839
-1.4127045 -4.0290985 9.384766
-1.5912323 -5.0621796 8.532593
-1.9078217 -5.5763397 8.89917
-2.179184 -4.462326 9.53949
-2.2482147 -3.069809 9.308594
-1.9649506 -2.350937 9.577576
-1.5555267 -1.9486542 9.663269
-1.3270111 -1.8820038 9.891785
-0.99375916 -2.0867157 10.194092
-0.7009735 -2.505661 9.984619
-0.67240906 -2.6865692 9.710876
-0.8437958 -3.0983734 9.558533
-0.7509613 -3.4649506 9.075317
-1.2198944 -3.5649261 8.406433
-2.2291718 -3.2007294 10.57019
-2.8004608 -3.9529266 8.865845
-2.3124847 -5.6834564 8.373108
-1.3436737 -5.4716034 8.349304
-1.1461029 -4.8812714 8.539734
-1.4769745 -4.9145966 9.058655
-1.217514 -4.200485 9.077698
-0.96281433 -3.7029877 9.034851
-1.0913544 -3.679184 9.372864
-0.8985443 -3.7482147 8.844421
-0.88664246 -3.9600677 9.358582
-1.1199188 -3.9410248 9.549011
-1.2127533 -3.9529266 9.28241
-1.3174896 -3.8672333 9.620422
-1.1103973 -3.024582 10.101257
-1.0294647 -1.8367767 10.110779
-0.8723602 -1.1821747 9.970337
-0.43199158 -2.036728 9.768005
-0.562912 -3.5077972 9.434753
-0.9509125 -4.4004364 9.125305
-1.5936127 -3.9576874 9.225281
-1.2889252 -4.0671844 9.049133
-1.6412201 -4.6837006 9.232422
-1.4603119 -3.1507416 9.434753
-1.4626923 -2.8079681 9.394287
-1.4198456 -3.603012 9.213379
-1.5293427 -3.6529999 8.875366
-1.8625946 -3.6553802 9.875122
-1.6245575 -3.172165 9.563293
-1.4745941 -2.9841156 9.118164
-1.2936859 -2.9388885 9.6085205
-2.6005096 -3.519699 10.770142
-1.3032074 -2.331894 8.637329
-0.7842865 -3.9862518 9.251465
-0.562912 -4.0100555 9.791809
-0.7604828 -3.2649994 9.484741
-0.6747894 -2.88414 9.518066
-0.53196716 -3.1102753 9.741821
-0.54862976 -3.0341034 9.399048
-0.63194275 -3.4578094 9.194336
-1.3341522 -3.0864716 9.356201
-1.2675018 -3.5601654 9.056274
-0.44389343 -4.519455 8.953918
0.051223755 -4.5027924 9.568054
0.2368927 -3.7363129 9.639465
0.2868805 -3.1055145 9.827515
0.16786194 -2.4747162 9.891785
-0.44389343 -2.4056854 9.422852
-0.7438202 -3.107895 9.368103
-0.7176361 -3.7934418 9.358582
-0.5700531 -4.1171722 9.360962
-0.42723083 -4.283798 9.572815
-0.4867401 -4.2338104 9.420471
-0.50102234 -4.0219574 9.353821
-0.36772156 -3.4839935 9.194336
-0.6295624 -3.01268 9.077698
-0.9675751 -3.2721405 10.108398
-0.7676239 -2.9698334 10.298828
-0.4129486 -1.8415375 9.258606
-0.28678894 -2.3223724 9.470459
-0.4296112 -3.0269623 9.111023
-0.93663025 -3.698227 10.079834
-1.0032806 -3.9267426 9.180054
-1.0627899 -3.5339813 9.034851
-0.9818573 -3.2864227 9.422852
-0.81285095 -3.474472 9.468079
-0.7081146 -3.788681 9.368103
-0.47483826 -3.8886566 9.058655
-0.37486267 -4.10289 9.265747
-0.46531677 -3.762497 9.653748
-0.42723083 -3.743454 10.144104
-0.710495 -3.6529999 8.413574
-0.5057831 -4.2861786 9.177673
-0.58195496 -4.179062 9.658508
-0.2582245 -3.6839447 9.270508
-0.36772156 -3.2721405 9.101501
-0.6700287 -3.7601166 9.870361
-0.72953796 -4.133835 9.061035
-0.86283875 -4.762253 8.484985
-1.0009003 -5.0312347 9.296692
-0.7414398 -4.5670624 9.203857
-0.27964783 -3.9029388 9.594238
-0.24156189 -3.2388153 9.658508
-0.2653656 -2.543747 9.937012
-0.6628876 -1.6511078 9.553772
-1.0318451 -1.7653656 10.222656
-0.941391 -2.5770721 10.258362
-0.8652191 -2.4175873 8.930115
-1.0961151 -2.827011 9.458557
-1.2508392 -3.6268158 9.456177
-1.2008514 -4.2100067 9.084839
-1.3365326 -4.4647064 8.753967
-1.31987 -4.4908905 8.789673
-1.3436737 -4.6717987 8.944397
-1.3079681 -4.693222 9.2229
-1.1413422 -4.2980804 9.532349
-0.45341492 -3.9005585 9.399048
-0.16062927 -3.7553558 9.249084
-0.24156189 -4.193344 9.318115
-0.5962372 -4.6313324 9.296692
-0.5938568 -4.2480927 8.849182
-0.64860535 -4.0862274 9.425232
-0.8009491 -3.6125336 9.339539
-0.8176117 -3.6172943 9.196716
-0.88664246 -3.436386 9.132446
-1.3460541 -2.9626923 10.077454
-2.0030365 -2.7008514 9.365723
-2.012558 -3.7148895 8.968201
-1.8602142 -4.186203 8.611145
-1.595993 -3.8743744 8.418335
-1.4555511 -5.3811493 10.555908
-1.1627655 -4.609909 7.828003
-0.9651947 -4.1623993 9.151489
-1.0556488 -4.2933197 9.896545
-0.8723602 -3.7720184 8.634949
-0.6105194 -3.7863007 9.741821
-0.20109558 -3.384018 9.660889
0.19166565 -2.7270355 9.979858
0.31306458 -2.4009247 10.148865
0.08454895 -2.3176117 10.289307
-0.2820282 -2.4247284 9.34668
-1.3722382 -3.255478 10.317871
-1.8959198 -3.8957977 8.806335
-1.9054413 -5.9333954 7.3757324
-1.0794525 -6.995041 7.6328125
-0.6295624 -6.7927094 7.623291
-0.46769714 -5.814377 8.06604
-0.82951355 -5.014572 9.389526
-1.088974 -4.2933197 9.663269
-0.96043396 -3.6268158 9.744202
-0.85569763 -2.5485077 9.534729
-0.65812683 -2.7794037 9.703735
-0.479599 -3.6768036 9.34668
-0.25346375 -4.16716 8.913452
-0.09397888 -4.5099335 9.372864
-0.079696655 -4.564682 9.772766
0.14405823 -4.152878 9.163391
0.06312561 -3.8696136 9.189575
-0.07017517 -3.5173187 9.86084
-0.332016 -3.1245575 9.651367
-0.6176605 -3.3245087 8.942017
-0.710495 -4.2909393 9.037231
-0.5200653 -5.5168304 9.0824585
-0.13444519 -6.097641 8.927734
0.2035675 -5.5120697 8.820618
0.33448792 -4.628952 9.203857
0.21546936 -3.750595 9.382385
-0.09397888 -3.1459808 9.272888
-0.42485046 -2.8246307 9.558533
-0.8890228 -2.9722137 10.329773
-0.8509369 -3.403061 8.858704
-0.58195496 -4.667038 9.006287
-0.77238464 -5.3002167 9.210999
-0.64860535 -4.9026947 8.799194
-0.85569763 -3.9029388 9.070557
-0.3796234 -3.5030365 8.689697
-0.63194275 -3.9076996 9.075317
-1.2698822 -4.61467 9.003906
-1.0366058 -4.61467 9.522827
-0.1749115 -3.6291962 9.182434
0.2606964 -3.4411469 10.084595
0.29164124 -2.8293915 9.387146
0.655838 -2.4461517 10.50592
0.027420044 -2.081955 10.517822
-0.4296112 -2.1985931 9.9227295
-0.68193054 -2.4961395 9.813232
-2.5505219 -4.269516 11.029602
-1.679306 -4.1243134 6.9972534
-0.8104706 -6.8950653 7.1067505
2.3482819 -7.9043427 10.636841
2.4982452 -6.0048065 8.358826
1.598465 -4.3623505 8.304077
-0.6866913 -3.364975 10.098877
-1.864975 -3.3483124 8.751587
-1.8102264 -3.8553314 8.699219
-0.73905945 -3.5792084 9.703735
0.075027466 -3.5554047 10.524963
0.43684387 -3.1507416 9.296692
0.31544495 -2.5342255 9.380005
-0.08207703 -2.793686 9.7323
-0.4391327 -3.5006561 9.327637
-0.46055603 -4.2076263 9.199097
-0.18681335 -5.0050507 8.968201
0.07740784 -5.469223 8.789673
0.23451233 -5.423996 8.813477
0.025039673 -4.8884125 9.237183
-0.18919373 -4.2219086 9.206238
-0.15110779 -3.8029633 9.291931
-0.13682556 -3.2126312 9.246704
-0.248703 -3.3816376 10.113159
-0.3891449 -3.7101288 9.163391
-0.30821228 -4.052902 8.865845
-0.3724823 -4.609909 9.106262
-0.3796234 -4.87175 9.049133
-0.3796234 -4.5932465 9.177673
-0.43199158 -3.981491 9.339539
-0.48912048 -3.512558 9.380005
-0.43437195 -3.3435516 9.3133545
-0.5295868 -3.403061 9.518066
-0.51530457 -3.512558 9.296692
-0.55815125 -3.9243622 9.280029
-0.75572205 -4.326645 9.363342
-0.91044617 -4.179062 9.132446
-0.9747162 -3.8029633 9.28717
-0.6176605 -3.5244598 9.203857
-0.59147644 -3.3030853 9.682312
-0.6128998 -3.4149628 9.418091
-0.4700775 -3.319748 9.303833
-0.6700287 -3.5268402 9.456177
-0.62242126 -3.7148895 9.487122
-0.44389343 -3.9457855 9.034851
-0.29393005 -4.1766815 9.356201
-0.060653687 -4.2647552 9.296692
-0.14872742 -4.193344 9.432373
-0.26298523 -4.0171967 9.28717
-0.4700775 -3.8124847 9.201477
-0.58195496 -3.5363617 9.472839
-0.4629364 -3.1935883 8.856323
-0.5367279 -3.5649261 9.994141
-0.20347595 -3.5220795 9.03009
-0.2653656 -3.6125336 9.275269
-0.32487488 -3.8767548 9.489502
-0.4224701 -3.9791107 9.206238
-0.38200378 -4.012436 9.249084
-0.4224701 -3.7006073 9.087219
-0.47721863 -3.8196259 9.3966675
-0.54862976 -3.8767548 9.86322
-0.49388123 -3.4649506 9.394287
-0.43199158 -3.0840912 9.47522
-0.31297302 -3.1245575 9.494263
-0.248703 -3.519699 9.272888
-0.3796234 -3.8600922 9.496643
-0.39152527 -4.050522 9.487122
-0.27488708 -3.9600677 9.072937
-0.22966003 -3.7910614 9.330017
-0.13682556 -3.2507172 9.501404
-0.3558197 -3.5792084 9.422852
-0.39390564 -3.852951 9.513306
-0.32725525 -4.0862274 9.172913
-0.40342712 -4.2480927 9.151489
-0.39390564 -4.2647552 9.615662
-0.37724304 -3.743454 9.613281
-0.27012634 -3.288803 9.182434
-0.11064148 -2.9817352 10.072693
0.0155181885 -2.910324 9.470459
-0.101119995 -3.5744476 9.344299
-0.2653656 -3.84581 9.368103
-0.6747894 -4.007675 9.144348
-0.91282654 -4.319504 8.958679
-0.9247284 -4.5170746 9.099121
-0.7033539 -4.1195526 9.096741
-0.49864197 -3.7791595 9.270508
-0.2725067 -3.6363373 9.215759
-0.2725067 -3.7743988 9.263367
-0.38676453 -3.7767792 9.629944
-0.5057831 -3.8029633 9.227661
-0.40818787 -3.6910858 9.967957
-0.18681335 -2.8674774 9.701355
-0.04637146 -3.0364838 8.889648
-0.14634705 -4.2957 9.330017
-0.1749115 -4.9145966 9.437134
-0.45817566 -4.3099823 9.41571
0.003616333 -3.8815155 10.177429
0.2702179 -2.6389618 9.294312
0.28450012 -2.2604828 9.3776245
-0.17253113 -2.5128021 9.510925
-0.627182 -2.9341278 9.196716
-1.1056366 -3.5982513 9.191956
-1.0865936 -3.8672333 9.515686
-0.78904724 -3.705368 9.510925
-0.46055603 -3.1959686 9.161011
-0.4724579 -2.7032318 10.05365
-0.332016 -2.9769745 8.849182
-0.4867401 -3.7767792 9.225281
-0.49150085 -4.693222 9.175293
-0.5200653 -4.686081 9.41571
-0.24156189 -4.402817 9.53949
0.27497864 -4.0219574 9.484741
0.38923645 -3.8577118 9.506165
0.34638977 -3.8672333 9.527588
-0.027328491 -3.929123 9.344299
-0.19871521 -4.171921 9.134827
-0.08207703 -4.4147186 9.080078
-0.017807007 -4.3956757 9.239563
0.075027466 -4.076706 9.572815
0.07978821 -3.6077728 9.677551
-0.029708862 -3.0460052 9.382385
-0.1582489 -2.8793793 10.108398
-0.103500366 -3.2983246 9.130066
-0.23680115 -3.6506195 9.122925
-0.55815125 -4.1171722 9.577576
-0.60813904 -4.455185 9.406189
-0.37486267 -4.0148163 9.334778
-0.1582489 -3.4435272 9.334778
-0.06541443 -3.2602386 9.482361
-0.25346375 -3.512558 9.196716
0.11073303 -4.2290497 9.34668
0.2202301 -4.2266693 9.41095
-0.19395447 -2.9436493 9.215759
-1.0794525 -3.005539 9.534729
-1.0080414 -2.5723114 10.624939
-0.6105194 -2.717514 9.789429
-0.45341492 -3.345932 9.301453
-0.14396667 -3.7339325 9.513306
0.31782532 -3.2126312 9.399048
0.38685608 -3.3054657 8.911072
-0.27726746 -3.3578339 8.751587
-0.84617615 -4.9264984 8.796814
-0.8485565 -6.7665253 8.687317
-0.50816345 -6.233322 7.082947
-0.8985443 -6.1904755 7.475708
-1.0746918 -5.96196 8.820618
-1.0104218 -5.423996 8.504028
-0.9842377 -5.6263275 8.199341
-0.6295624 -5.438278 9.065796
0.16786194 -3.8838959 10.170288
0.41542053 -2.1962128 9.363342
0.04170227 -2.5366058 10.258362
-0.43675232 -3.2721405 9.779907
-0.4724579 -4.6527557 8.77063
-0.23918152 -6.507065 8.168396
0.029800415 -7.623459 8.249329
0.31306458 -6.41185 8.925354
0.72010803 -3.6910858 9.584717
0.44636536 -1.9700775 9.5442505
-0.32487488 -0.66563416 10.129822
-1.653122 -0.7941742 11.158142
-1.4293671 -3.474472 9.506165
-0.39390564 -4.2861786 8.025574
-0.32725525 -4.0029144 9.882263
-0.7533417 -4.576584 9.189575
-1.2413177 -3.9410248 8.725403
-1.2532196 -3.8862762 9.137207
-1.4745941 -3.6172943 8.90155
-1.2198944 -3.550644 9.484741
-0.9818573 -3.724411 10.320251
-0.22966003 -3.9648285 9.063416
0.38685608 -4.847946 8.4730835
0.5011139 -5.988144 9.1467285
0.42970276 -6.687973 8.606384
-0.013046265 -5.8619843 8.4730835
-0.17253113 -4.319504 9.444275
-0.124923706 -3.031723 9.641846
-0.020187378 -2.6556244 9.310974
-0.51768494 -2.653244 8.554016
-1.1865692 -4.1171722 10.701111
-1.069931 -4.8050995 9.444275
-0.51530457 -3.762497 7.5304565
-0.9794769 -4.469467 9.491882
-0.8985443 -5.0098114 8.270752
-1.2413177 -6.490402 8.83252
-0.9985199 -5.6453705 7.597107
-0.50102234 -5.3835297 8.939636
-0.31297302 -4.833664 10.077454
0.16548157 -2.5009003 9.9869995
0.27497864 -1.4797211 9.713257
0.22975159 -1.4130707 10.508301
0.24641418 -1.3440399 10.734436
0.12739563 -1.3797455 10.286926
-0.62480164 -1.7725067 9.601379
-1.6769257 -2.460434 9.560913
-1.7340546 -3.2507172 9.225281
-1.6364594 -5.374008 8.96582
-0.70573425 -7.8662567 6.866333
0.23213196 -9.313522 6.794922
0.52015686 -8.342331 8.277893
0.48921204 -6.238083 7.5233154
-0.3796234 -4.886032 8.534973
-0.6628876 -4.0862274 9.437134
-0.8604584 -3.762497 9.15387
-0.65812683 -3.891037 9.003906
-0.23442078 -4.283798 9.787048
-0.036849976 -4.3504486 9.225281
0.12739563 -4.2647552 8.903931
0.18452454 -4.1957245 9.403809
0.10121155 -4.0790863 9.258606
-0.0844574 -3.6696625 9.330017
-0.13920593 -3.5173187 9.644226
-0.15110779 -3.3292694 9.687073
-0.10826111 -3.2150116 9.472839
0.010757446 -3.2721405 8.718262
-0.04399109 -3.9600677 10.303589
-0.039230347 -4.493271 8.573059
-0.23442078 -4.333786 9.068176
-0.26298523 -4.3242645 9.391907
-0.13206482 -4.269516 8.977722
-0.22251892 -4.2338104 9.306213
-0.2653656 -4.1124115 9.2229
-0.33677673 -3.8386688 9.910828
-0.36772156 -3.7196503 9.256226
-0.25584412 -3.4649506 9.722778
-0.020187378 -2.9317474 9.529968
0.2535553 -3.0864716 9.122925
0.1631012 -4.0671844 9.253845
-0.10588074 -4.390915 8.96106
-0.27964783 -4.3694916 9.103882
-0.42723083 -4.217148 9.380005
-0.62480164 -3.698227 9.6085205
-0.5795746 -3.236435 9.225281
-0.3558197 -3.3697357 9.232422
0.025039673 -3.5363617 8.454041
-0.18919373 -4.1457367 9.144348
-0.27726746 -4.345688 9.468079
-0.4224701 -3.4792328 8.573059
-0.42485046 -3.5982513 9.422852
-0.08921814 -3.2840424 9.829895
0.06550598 -2.8412933 8.918213
-0.07493591 -3.1102753 8.815857
-0.24632263 -3.7577362 8.77063
-0.68193054 -4.519455 9.789429
0.76771545 -6.3761444 7.7803955
0.8319855 -7.6282196 9.039612
-0.562912 -5.3049774 10.036987
-0.31773376 -3.14122 9.660889
-0.101119995 -1.6320648 9.706116
0.1464386 -1.0798187 9.301453
0.15119934 -1.851059 10.089355
Time Stop = 1457237466
