Time Start = 6533
3.1552277 -5.1788177 7.5994873
3.0171661 -4.826523 7.6970825
2.862442 -4.557541 8.0946045
3.010025 -4.417099 8.392151
3.2766266 -4.3552094 8.658752
3.305191 -4.3052216 8.892029
3.3408966 -4.314743 8.970581
3.2694855 -4.379013 8.932495
3.1909332 -4.431381 9.013428
3.1814117 -4.4194794 9.225281
3.2433014 -4.61467 9.182434
3.369461 -4.6384735 9.141968
3.381363 -4.5742035 9.041992
3.3289948 -4.576584 9.175293
2.9862213 -4.7217865 9.199097
2.791031 -5.057419 9.34668
2.9052887 -5.3502045 9.360962
3.2742462 -5.3383026 9.2300415
3.407547 -4.7789154 9.072937
3.3647003 -4.031479 8.944397
3.0647736 -3.8481903 9.046753
2.4696808 -3.7291718 9.037231
2.0269318 -3.9648285 9.356201
1.4175568 -4.974106 8.380249
1.4032745 -5.923874 7.732788
1.2699738 -6.3880463 7.0543823
0.8700714 -6.47612 6.9972534
0.44636536 -6.657028 6.942505
0.17500305 -6.8903046 7.130554
0.005996704 -6.5641937 6.918701
-0.2082367 -6.4094696 6.8115845
-0.4724579 -6.5808563 6.537842
-0.35820007 -6.8331757 6.3759766
-0.25584412 -7.24736 5.847534
0.025039673 -7.682968 5.469055
0.44874573 -8.006699 5.276245
0.5677643 -8.33757 5.1119995
0.70344543 -8.478012 5.1881714
0.572525 -8.577988 5.3048096
0.6629791 -8.392319 5.223877
0.7486725 -8.244736 5.2905273
1.015274 -8.0186 5.5856934
1.1747589 -8.01622 5.833252
0.9533844 -8.185226 5.7261353
0.83436584 -8.292343 5.8308716
0.7819977 -8.275681 5.5404663
0.71058655 -8.404221 5.3048096
0.7558136 -8.542282 5.2714844
0.81056213 -8.663681 5.333374
0.9557648 -8.697006 5.4833374
1.2342682 -8.599411 5.738037
1.3199615 -8.439926 6.0498657
1.1128693 -8.6922455 6.2402954
1.0271759 -9.085007 6.1046143
0.9843292 -9.323044 5.8046875
0.9795685 -9.358749 5.640442
1.015274 -9.092148 5.7142334
1.0485992 -8.78508 5.492859
0.9367218 -8.739853 5.4143066
1.0247955 -8.837448 5.2929077
1.1104889 -9.03978 5.428589
1.1342926 -8.930283 5.359558
1.1200104 -8.844589 5.4714355
1.348526 -8.711288 5.4833374
1.5103912 -8.775558 5.8118286
2.2054596 -8.139999 6.090332
3.0385895 -6.5499115 6.52594
1.0128937 -8.066208 6.6901855
0.2035675 -8.918381 5.319092
0.6820221 -10.170456 6.4926147
1.2556915 -9.242111 5.8427734
1.7436676 -9.163559 6.0927124
1.6532135 -9.189743 5.7094727
1.367569 -9.68486 5.545227
1.3723297 -9.382553 5.300049
1.5175323 -9.565842 4.8239746
1.3461456 -10.175217 4.8882446
1.3080597 -10.777451 5.3952637
1.2128448 -10.658432 5.7856445
1.0081329 -10.544174 6.1307983
0.85102844 -10.232346 6.128418
0.43208313 -10.365646 5.9070435
0.33924866 -10.401352 6.083191
0.24641418 -10.548935 6.14032
0.18928528 -10.237106 6.2164917
0.25117493 -9.980026 6.095093
0.19404602 -10.056198 6.199829
0.16786194 -10.3537445 6.223633
0.16072083 -10.541794 6.1522217
0.025039673 -10.149033 6.290283
-0.16062927 -9.668198 6.4973755
-0.37486267 -9.434921 6.6973267
-0.50102234 -9.265915 6.635437
-0.64146423 -9.473007 6.2022095
-0.59147644 -9.93718 6.1760254
-0.68193054 -9.592026 6.1141357
-0.7509613 -9.539658 6.2998047
-0.94377136 -9.035019 6.5354614
-1.1984711 -8.877914 6.725891
-1.3889008 -8.942184 6.6973267
-1.5483856 -9.080246 6.5235596
-1.5364838 -9.308762 6.442627
-1.6197968 -8.868393 6.1331787
-1.8221283 -8.808884 6.456909
-1.8721161 -8.811264 6.571167
-1.8863983 -8.535141 6.7235107
-2.095871 -8.225693 6.6187744
-2.3624725 -8.0638275 6.7282715
-2.6314545 -7.7424774 6.5283203
-2.826645 -7.811508 6.249817
-2.9504242 -7.9162445 6.302185
-2.9575653 -8.032883 6.5997314
-2.9599457 -7.778183 6.6640015
-2.9266205 -7.4853973 6.7782593
-3.1527557 -6.7355804 6.821106
-3.545517 -6.642746 6.816345
-3.6788177 -6.9402924 6.8829956
-3.6931 -6.847458 6.5497437
-3.6883392 -6.5689545 6.680664
-3.8835297 -6.000046 6.4473877
-4.071579 -5.647751 6.916321
-4.290573 -5.4525604 6.949646
-4.4357758 -5.290695 6.673523
-4.6000214 -5.354965 6.230774
-4.7238007 -5.6453705 6.378357
-4.8047333 -4.9788666 6.5664063
-4.809494 -4.7551117 7.006775
-4.983261 -4.1647797 6.5045166
-5.1665497 -4.3694916 6.390259
-5.411728 -4.345688 5.897522
-5.5878754 -4.288559 5.62854
-5.6711884 -4.2100067 5.999878
-5.694992 -3.6887054 6.2474365
-5.7925873 -3.5482635 6.6568604
-5.9354095 -3.2578583 6.711609
-6.0044403 -2.9912567 6.468811
-5.9806366 -3.1697845 6.295044
-5.93779 -2.736557 6.007019
-6.092514 -2.4842377 5.8880005
-6.3472137 -2.8151093 6.1069946
-6.5376434 -2.88414 6.1331787
-6.478134 -2.7794037 5.930847
-6.411484 -2.2247772 5.571411
-6.4614716 -1.8843842 5.9570313
-6.6780853 -1.5344696 5.961792
-6.8518524 -1.8605804 6.1688843
-6.920883 -1.9962616 5.992737
-6.8923187 -2.017685 5.9379883
-6.8923187 -2.467575 5.9379883
-6.894699 -2.3080902 6.0879517
-6.9803925 -1.9534149 6.3236084
-7.028 -1.5344696 6.366455
-7.1160736 -1.4368744 6.52594
-7.232712 -1.1750336 6.3045654
-7.213669 -1.139328 5.9903564
-7.3326874 -1.1726532 5.7023315
-7.2826996 -1.2321625 5.742798
-7.316025 -0.991745 5.704712
-7.4183807 -0.82273865 5.909424
-7.5659637 -0.67515564 5.7332764
-7.575485 -0.7703705 5.9332275
-7.568344 -1.1036224 5.890381
-7.592148 -1.0131683 5.75708
-7.530258 -0.7917938 5.911804
-7.6278534 -0.44187927 6.0022583
-7.7183075 -0.21098328 6.109375
-7.804001 -0.025314331 6.1498413
-7.7682953 0.10084534 5.9451294
-7.7325897 0.1698761 5.697571
-7.689743 -0.027694702 5.616638
-7.720688 -0.075302124 5.764221
-7.7135468 -0.21336365 5.8165894
-7.7373505 -0.2657318 5.8880005
-7.773056 -0.36094666 5.897522
-7.837326 -0.48234558 5.928467
-7.868271 -0.67277527 5.845154
-7.8801727 -0.5037689 5.859436
-7.894455 -0.101486206 6.097473
-7.8206635 0.3269806 6.2664795
-7.913498 0.4817047 6.306946
-7.951584 0.4340973 6.0808105
-8.063461 0.46980286 6.0546265
-8.068222 0.49598694 5.916565
-7.953964 0.55311584 5.847534
-7.973007 0.70069885 5.8380127
-8.113449 0.99824524 5.8380127
-8.356247 1.2458038 5.911804
-8.389572 1.3672028 5.976074
-8.4109955 1.4624176 5.9260864
-8.399094 1.426712 6.045105
-8.215805 1.4290924 6.07605
-8.211044 1.1601105 5.847534
-8.12059 0.63404846 5.7142334
-8.046799 0.34840393 5.602356
-8.061081 0.11512756 5.590454
-8.020615 0.027053833 5.5809326
-8.0134735 0.11036682 5.909424
-7.9753876 0.4174347 6.01416
-7.908737 0.75068665 6.0808105
-7.8968353 0.8768463 5.9974976
-7.887314 0.81495667 5.768982
-7.875412 0.624527 5.4404907
-7.8968353 0.5150299 5.2095947
-7.920639 0.6292877 5.261963
-7.901596 0.9506378 5.0929565
-7.908737 1.2196198 5.3095703
-7.856369 1.1743927 5.3928833
-7.868271 1.1624908 5.5285645
-7.856369 1.0553741 5.6380615
-7.849228 0.919693 5.783264
-7.8159027 1.0053864 5.6380615
-7.8968353 1.0006256 5.569031
-7.939682 0.94111633 5.5476074
-7.9230194 0.93873596 5.3309937
-8.003952 0.97206116 5.390503
-7.9301605 1.131546 5.4262085
-7.98967 1.2124786 5.5285645
-7.9634857 1.0791779 5.7999268
-7.9111176 1.0767975 5.776123
-7.8516083 1.1172638 5.7475586
-7.8016205 1.2505646 5.6237793
-7.742111 1.3791046 5.5737915
-7.811142 1.3410187 5.469055
-7.8278046 1.1862946 5.409546
-7.7682953 1.0625153 5.450012
-7.9373016 1.2648468 5.37146
-7.996811 1.3457794 5.488098
-7.9301605 1.4124298 5.5547485
-7.842087 1.381485 5.552368
-7.746872 1.4505157 5.492859
-7.79924 1.4171906 5.461914
-7.8587494 1.4624176 5.4833374
-8.001572 1.5147858 5.5618896
-7.9682465 1.4505157 5.507141
-7.8706512 1.4790802 5.5357056
-7.7873383 1.5052643 5.37146
-7.849228 1.4481354 5.402405
-7.79924 1.4552765 5.4785767
-7.882553 1.6385651 5.450012
-7.9492035 1.6004791 5.5476074
-7.8658905 1.6480865 5.6428223
-7.86351 1.7480621 5.5666504
-7.977768 1.6361847 5.533325
-7.9301605 1.6100006 5.469055
-7.8468475 1.4957428 5.3690796
-7.823044 1.4433746 5.416687
-7.875412 1.5719147 5.4833374
-7.8206635 1.6385651 5.56427
-7.8278046 1.7385406 5.4833374
-7.8587494 1.759964 5.469055
-7.882553 1.7718658 5.3476563
-7.7516327 1.8170929 5.4761963
-7.973007 1.869461 5.442871
-8.063461 1.8837433 5.519043
-8.084885 1.8575592 5.3547974
-8.05632 1.7694855 5.269104
-8.022995 1.612381 5.338135
-7.9039764 1.4981232 5.211975
-7.7682953 1.3529205 5.2024536
-7.715927 1.445755 5.1953125
-7.6992645 1.4243317 5.17865
-7.6992645 1.5076447 5.1619873
-7.663559 1.6147614 5.2286377
-7.6683197 1.6933136 5.2214966
-7.658798 1.824234 5.1191406
-7.6088104 1.8599396 5.0858154
-7.6088104 1.8123322 5.064392
-7.6707 1.7480621 5.211975
-7.5850067 1.7028351 5.24292
-7.6278534 1.6885529 5.3048096
-7.618332 1.574295 5.3286133
-7.6540375 1.5957184 5.2905273
-7.6730804 1.5124054 5.238159
-7.6230927 1.4433746 5.235779
-7.5897675 1.4195709 5.238159
-7.6468964 1.4886017 5.254822
-7.6873627 1.5504913 5.257202
-7.739731 1.6219025 5.250061
-7.7706757 1.5171661 5.3571777
-7.8087616 1.4219513 5.326233
-7.818283 1.3862457 5.2262573
-7.780197 1.5052643 5.2929077
-7.689743 1.6504669 5.2595825
-7.696884 1.6837921 5.4071655
-7.675461 1.631424 5.507141
-7.6802216 1.5219269 5.4143066
-7.637375 1.4481354 5.3048096
-7.694504 1.3553009 5.2595825
-7.6540375 1.1981964 5.2905273
-7.727829 1.0601349 5.2595825
-7.761154 1.0506134 5.2333984
-7.7873383 1.1553497 5.485718
-7.8159027 1.2696075 5.571411
-7.8920746 1.3148346 5.7475586
-7.8801727 1.1672516 5.697571
-7.9254 1.1220245 5.640442
-7.8658905 0.9601593 5.62854
-7.8516083 0.8720856 5.635681
-7.889694 0.86494446 5.659485
-7.9444427 0.75068665 5.8380127
-7.984909 0.80067444 5.8618164
-7.9825287 0.8720856 5.8689575
-7.86351 0.95539856 5.8189697
-7.9230194 0.96492004 5.7213745
-7.9563446 0.9292145 5.780884
-7.996811 0.8863678 5.866577
-8.063461 0.8387604 5.942749
-8.0967865 0.6792755 6.0689087
-7.9801483 0.8459015 6.040344
-7.9111176 0.9434967 5.923706
-7.792099 0.93159485 5.866577
-7.8325653 0.7126007 5.8046875
-7.7111664 0.48884583 5.6571045
-7.694504 0.42695618 5.685669
-7.7492523 0.52931213 5.7927856
-7.761154 0.6745148 5.7904053
-7.7064056 0.74354553 5.9379883
-7.6849823 0.65071106 6.0236816
-7.5778656 0.50312805 6.0046387
-7.4088593 0.40315247 5.928467
-7.2755585 0.4817047 5.890381
-7.197006 0.55311584 5.904663
-7.1541595 0.5959625 5.847534
-7.194626 0.5245514 5.678528
-7.2636566 0.5055084 5.447632
-7.216049 0.61738586 5.430969
-7.2707977 0.6816559 5.5737915
-7.1351166 0.4174347 5.6713867
-7.073227 0.21986389 5.7332764
-7.0137177 0.08180237 5.788025
-6.958969 -0.13005066 5.9903564
-7.0303802 -0.2086029 5.9641724
-7.1279755 -0.2919159 5.7975464
-7.2184296 -0.37998962 5.485718
-7.2112885 -0.76560974 5.2262573
-7.1232147 -0.7917938 5.1453247
-6.868515 -1.1321869 5.480957
-6.6519012 -1.8034515 5.7213745
-6.6780853 -2.4009247 5.749939
-6.854233 -2.4532928 5.530945
-7.1803436 -2.2890472 5.5404663
-7.4040985 -2.312851 5.5023804
-7.4302826 -2.2462006 5.404785
-7.0898895 -2.3890228 5.538086
-6.8018646 -2.460434 5.5928345
-6.6423798 -2.5842133 5.7523193
-6.490036 -2.8912811 5.597595
-6.504318 -3.2316742 5.557129
-6.573349 -3.7934418 5.3119507
-6.630478 -4.0624237 5.166748
-6.540024 -4.2957 5.2857666
-6.335312 -4.5623016 5.4785767
-5.975876 -4.647995 5.5856934
-5.6711884 -4.724167 5.7904053
-5.387924 -4.8241425 5.6452026
-5.10466 -5.6453705 5.340515
-5.0641937 -6.809372 4.8477783
-5.2093964 -7.5115814 4.4502563
-5.36174 -7.494919 4.5026245
-5.2808075 -6.9998016 4.9120483
-5.0380096 -6.6403656 5.8118286
-4.7166595 -6.1190643 6.347412
-4.3453217 -5.873886 7.0115356
-3.988266 -5.507309 6.5545044
-3.5978851 -6.180954 6.1427
-3.2170258 -7.6472626 5.026306
-2.9528046 -9.154037 4.4121704
-2.9670868 -10.348984 3.9789429
-2.9194794 -10.656052 3.6290283
-2.7195282 -10.2704315 4.069397
-2.3934174 -9.627731 4.940613
-2.122055 -8.873154 5.4595337
-2.1125336 -8.71843 5.7332764
-2.3934174 -8.925522 5.545227
-2.5338593 -9.630112 4.9001465
-2.371994 -10.275192 4.5597534
-1.9125824 -10.691757 4.909668
-1.1841888 -11.174973 5.007263
-1.043747 -10.991684 4.9263306
-1.172287 -10.789352 5.257202
-1.4603119 -10.382309 5.2286377
-1.6555023 -10.527512 5.064392
-1.7602386 -10.827438 4.9786987
-1.4412689 -10.665573 5.0405884
-1.2294159 -10.339462 5.0620117
-0.94615173 -10.308517 5.064392
-0.7247772 -10.689377 5.064392
-0.73191833 -11.051193 4.819214
-0.5867157 -11.244003 4.7787476
-0.49864197 -11.098801 4.845398
-0.6866913 -10.96788 4.8096924
-0.73191833 -11.124985 4.754944
-0.6343231 -11.305893 4.5811768
-0.36296082 -11.498703 4.3240967
-0.103500366 -11.539169 4.4335938
-0.10826111 -11.213058 4.690674
-0.3153534 -10.810776 5.102478
-0.5200653 -10.413254 5.1310425
-0.6295624 -10.234726 4.9691772
-0.57481384 -10.494186 4.9001465
-0.4867401 -10.6489105 4.7216187
-0.41056824 -10.744125 4.652588
-0.46055603 -10.615585 4.652588
-0.5676727 -10.332321 4.7335205
-0.66526794 -10.056198 4.693054
-0.6676483 -10.018112 4.550232
-0.63194275 -9.887192 4.545471
-0.7033539 -9.518234 4.626404
-0.73905945 -9.265915 4.5859375
-0.6843109 -9.113571 4.4573975
-0.5129242 -9.10405 4.1884155
-0.35820007 -9.132614 4.300293
-0.332016 -8.954086 4.350281
-0.34391785 -9.056442 4.481201
-0.27964783 -9.077866 4.5478516
-0.17253113 -9.0707245 4.6763916
-0.10588074 -8.970749 4.6383057
-0.15110779 -8.870773 4.690674
-0.098739624 -8.806503 4.562134
0.0155181885 -8.806503 4.564514
0.15357971 -8.999313 4.4383545
0.30830383 -9.36351 4.4121704
0.4749298 -9.387314 4.266968
0.443985 -9.2183075 4.3407593
0.42018127 -8.9040985 4.5145264
0.41304016 -8.7565155 4.690674
0.38209534 -8.706528 4.7454224
0.49635315 -8.908859 4.614502
0.70344543 -8.992172 4.569275
0.54634094 -9.137375 4.4764404
0.75105286 -9.206406 4.2979126
0.6915436 -9.368271 4.0527344
0.7819977 -9.6800995 4.0527344
0.8438873 -9.484909 3.993225
0.90815735 -9.644394 4.402649
2.0816803 -10.620346 7.706604
-0.6509857 -11.770065 4.526428
0.9533844 -10.265671 3.0625
0.33210754 -10.306137 4.6002197
0.14167786 -10.00145 4.3693237
0.5177765 -9.982407 4.274109
0.29878235 -10.541794 3.883728
0.62727356 -10.075241 3.9360962
0.52967834 -9.599167 3.9789429
0.26545715 -9.187363 4.0932007
0.23213196 -9.251633 4.1431885
0.32496643 -9.315903 4.1051025
0.443985 -9.649155 3.9051514
0.7153473 -9.758652 4.1622314
0.37495422 -9.175461 3.9908447
0.32258606 -9.62059 3.8670654
0.18214417 -9.644394 4.119385
0.3273468 -9.311142 4.497864
0.61299133 -9.23497 4.6882935
0.91767883 -9.2183075 5.0215454
0.98908997 -8.72081 5.4119263
1.0009918 -8.868393 4.819214
0.443985 -9.437302 4.2764893
0.48207092 -9.658676 4.050354
0.63679504 -9.934799 3.9765625
0.7248688 -10.049057 3.8932495
0.6653595 -10.072861 3.8932495
0.5820465 -9.9752655 4.100342
0.68678284 -9.956223 4.4573975
0.77723694 -10.125229 4.788269
0.9557648 -10.160934 5.057251
0.86769104 -9.546799 5.442871
0.81056213 -8.970749 5.4190674
0.8367462 -9.249252 5.159607
0.92481995 -8.889816 4.788269
1.0676422 -9.037399 4.5073853
1.0438385 -8.789841 4.79541
1.3342438 -8.228073 4.7144775
1.4199371 -8.544662 5.1643677
1.4104156 -8.894577 5.276245
1.5675201 -8.547043 5.492859
1.3913727 -8.025742 5.7927856
1.3104401 -7.725815 5.935608
1.1128693 -8.030502 5.5095215
1.2747345 -8.40184 5.4119263
1.5818024 -8.342331 5.2929077
1.7127228 -7.8472137 5.4952393
1.7579498 -7.452072 5.8737183
1.5627594 -7.130722 6.2593384
1.6151276 -7.24498 6.8496704
1.4151764 -7.471115 6.6782837
1.4246979 -7.7805634 6.666382
1.5056305 -7.521103 6.8615723
1.2556915 -7.1854706 6.9472656
0.9462433 -6.9974213 7.0424805
0.95814514 -6.949814 7.097229
1.0509796 -6.7165375 7.059143
1.2866364 -6.3904266 7.3376465
1.3271027 -6.0048065 7.501892
1.1485748 -6.1381073 7.4590454
0.6582184 -6.533249 7.1210327
0.9224396 -6.8307953 7.263855
1.4461212 -5.7739105 7.475708
1.450882 -4.74321 8.046997
1.1223907 -4.326645 8.199341
Time Stop = 6538
