Time Start = 6513
6.0473785 -1.7534637 7.2995605
6.042618 -1.7653656 7.342407
6.133072 -1.8748627 7.4066772
6.1449738 -1.9296112 7.35907
6.1306915 -1.979599 7.4090576
6.159256 -1.9629364 7.4066772
6.159256 -1.9105682 7.5233154
6.0997467 -1.8082123 7.520935
6.061661 -1.7463226 7.418579
6.0330963 -1.7748871 7.392395
6.0021515 -1.7058563 7.251953
6.0783234 -1.6749115 7.320984
6.018814 -1.7415619 7.313843
6.0164337 -1.8177338 7.2400513
6.064041 -1.9177094 7.1757813
6.0354767 -1.9557953 7.16864
6.068802 -1.9700775 7.259094
6.2854156 -1.9200897 7.442383
6.242569 -1.7629852 7.4709473
6.068802 -1.7986908 7.5542603
5.947403 -1.7891693 7.4590454
5.875992 -1.8486786 7.3114624
5.9759674 -2.1152802 7.29718
5.845047 -1.9129486 7.2233887
5.9331207 -1.9415131 7.397156
5.9450226 -1.8224945 7.668518
6.0854645 -1.7772675 7.989868
6.31398 -1.7463226 8.120789
6.404434 -1.6392059 8.046997
6.230667 -1.5868378 7.956543
6.0711823 -1.8462982 8.008911
6.044998 -2.172409 8.00177
6.0973663 -2.3057098 7.9351196
6.1449738 -2.4770966 8.1588745
6.12117 -2.4509125 8.230286
6.0545197 -2.4271088 8.201721
5.8426666 -2.5556488 8.087463
5.659378 -2.8531952 8.146973
5.8402863 -2.903183 8.070801
5.9450226 -2.8984222 8.096985
5.9140778 -2.9246063 8.096985
5.8236237 -3.2459564 8.377869
5.7522125 -3.2959442 8.570679
5.299942 -3.7386932 8.649231
4.921463 -4.255234 8.44928
4.9881134 -4.6075287 8.1588745
4.8809967 -4.9455414 8.018433
4.7072296 -5.412094 7.782776
4.523941 -5.090744 7.630432
4.5025177 -4.757492 7.804199
3.952652 -4.781296 7.7113647
3.8550568 -5.271652 7.6018677
3.740799 -5.8619843 7.259094
3.6146393 -6.847458 6.6187744
3.5789337 -7.1021576 6.4021606
2.926712 -7.2354584 6.211731
2.9148102 -7.4734955 6.0998535
2.733902 -7.4925385 5.8237305
2.779129 -7.625839 5.892761
2.8933868 -7.494919 6.0855713
3.1599884 -7.37352 6.3188477
2.586319 -7.3401947 6.3450317
2.574417 -7.368759 6.057007
2.4958649 -7.7734222 5.7356567
2.3958893 -8.166183 5.1953125
2.4220734 -8.40184 4.9072876
2.2768707 -8.394699 4.8239746
2.3697052 -8.166183 4.973938
2.2387848 -7.8900604 5.1691284
2.1102448 -7.7567596 5.1643677
2.181656 -7.8900604 4.992981
2.3792267 -7.9495697 4.776367
2.2625885 -8.028122 4.443115
2.214981 -8.339951 4.0408325
2.438736 -8.737473 3.857544
2.2483063 -8.825546 3.902771
2.1768951 -8.823166 4.0717773
2.2649689 -8.661301 4.2574463
2.2863922 -8.263779 4.5978394
2.2863922 -8.151901 4.6168823
2.4506378 -8.180466 4.626404
2.46492 -8.101913 4.7144775
2.4434967 -8.185226 4.4240723
2.733902 -8.309006 4.190796
2.586319 -8.532761 4.0598755
2.733902 -8.611313 4.1550903
2.6648712 -8.618454 4.293152
2.5791779 -8.706528 4.5026245
2.5815582 -8.677963 4.3359985
2.6839142 -8.613693 4.357422
2.779129 -8.451828 4.357422
2.7815094 -8.244736 4.5073853
2.6196442 -8.523239 4.416931
2.6815338 -8.963608 3.9908447
2.6791534 -9.087387 4.0527344
2.650589 -8.882675 4.2455444
2.6672516 -8.739853 4.2764893
2.6196442 -8.7827 4.288391
2.548233 -8.927902 4.3098145
2.6482086 -8.870773 4.2003174
2.7220001 -8.816025 4.350281
2.5458527 -8.992172 4.3740845
2.5625153 -9.151657 4.266968
2.438736 -9.401596 4.0932007
2.4363556 -9.48967 4.050354
2.52919 -9.415878 3.9599
2.2578278 -9.394455 4.02417
2.8124542 -9.327805 4.4907227
2.7886505 -9.751511 4.776367
2.3839874 -10.344223 4.621643
2.2768707 -9.963364 4.53833
2.2030792 -9.315903 4.6621094
1.8722076 -9.380173 4.4573975
1.8579254 -9.575363 4.331238
2.169754 -9.577744 4.017029
2.3339996 -9.442062 3.9146729
2.5053864 -9.5325165 4.043213
2.355423 -9.487289 4.031311
2.381607 -9.575363 3.645691
2.3530426 -9.763412 3.4647827
2.4101715 -9.718185 3.3219604
2.393509 -9.434921 3.6504517
2.4792023 -9.146896 3.7575684
2.7029572 -9.204025 3.3219604
2.8719635 -9.93718 3.036316
3.131424 -10.1228485 3.8051758
2.5125275 -9.270676 3.6885376
2.510147 -9.254013 3.8551636
2.7124786 -10.275192 3.9908447
2.65773 -11.170212 3.8361206
2.8791046 -11.16069 3.755188
2.5149078 -10.910751 3.6885376
2.6458282 -10.534653 3.7194824
2.4815826 -10.639389 3.864685
2.5363312 -10.977402 3.993225
2.541092 -11.370163 3.8813477
2.4887238 -11.54393 4.0551147
2.40065 -11.393967 4.231262
2.234024 -11.265427 4.28125
2.2506866 -11.703415 4.2265015
2.2387848 -12.024765 4.34552
2.20784 -11.748642 4.243164
1.8650665 -11.384445 4.0979614
1.893631 -11.003586 4.0027466
1.6555939 -11.401108 3.876587
1.4794464 -11.396347 3.8980103
1.0890656 -11.058334 3.89563
0.7534332 -10.913132 3.986084
0.5153961 -11.065475 4.2717285
0.29164124 -10.972641 4.4312134
0.12263489 -10.796494 4.6026
-0.04875183 -10.529892 4.5740356
-0.29154968 -10.401352 4.1098633
-0.26774597 -10.798874 3.9527588
-0.4391327 -10.653671 3.812317
-0.45103455 -10.689377 3.8718262
-0.36058044 -10.318039 4.364563
-0.7033539 -9.415878 4.8549194
-1.0199432 -8.863632 5.1619873
-1.2936859 -9.137375 4.92395
-1.5650482 -9.80864 4.807312
-1.4198456 -10.341843 4.743042
-1.6388397 -10.013351 4.6835327
-1.6935883 -9.632492 5.045349
-1.9149628 -9.063583 5.1905518
-2.3600922 -8.730331 4.8930054
-2.583847 -8.7827 4.7001953
-2.5290985 -9.118332 4.9263306
-2.5529022 -9.334946 5.2262573
-2.640976 -9.401596 5.345276
-2.7576141 -9.501572 5.0477295
-2.890915 -9.089767 4.4716797
-3.140854 -8.028122 4.1574707
-3.4931488 -7.444931 4.659729
-3.6788177 -6.911728 5.2738647
-3.5740814 -7.509201 5.609497
-3.5240936 -8.125717 5.571411
-3.6883392 -8.832687 5.3952637
-3.8073578 -8.6922455 4.9715576
-4.116806 -8.480392 5.0286865
-4.2810516 -7.599655 5.1619873
-4.578598 -6.28331 5.171509
-4.778549 -6.130966 5.3762207
-4.7214203 -6.3047333 5.30719
-4.840439 -6.937912 5.11438
-4.9166107 -6.873642 4.7597046
-5.1855927 -6.79747 4.878723
-5.2474823 -6.116684 5.1239014
-5.418869 -5.3311615 5.5856934
-5.733078 -4.928879 5.788025
-5.868759 -5.0312347 5.8165894
-6.047287 -5.462082 5.635681
-5.9687347 -5.5358734 5.2476807
-6.035385 -5.0693207 5.2714844
-6.1282196 -4.4147186 5.3286133
-6.2758026 -4.019577 5.204834
-6.292465 -4.469467 5.2286377
-6.399582 -5.0288544 5.409546
-6.6280975 -5.1050262 5.3048096
-6.5495453 -4.7098846 5.3952637
-6.459091 -3.9576874 5.4262085
-6.2115326 -3.6506195 5.514282
-6.202011 -3.4054413 5.2929077
-6.271042 -3.319748 5.2214966
-6.4019623 -3.3173676 5.004883
-6.5376434 -3.576828 5.102478
-6.5519257 -3.5887299 4.9334717
-6.6971283 -3.7863007 5.0977173
-6.7042694 -3.5482635 5.223877
-6.8256683 -3.3411713 5.3357544
-6.751877 -3.2792816 5.3809814
-6.735214 -3.0745697 5.4262085
-6.811386 -2.7913055 5.583313
-6.9280243 -2.6865692 5.6904297
-7.099411 -2.569931 5.761841
-7.197006 -2.8317719 5.776123
-7.130356 -2.8032074 5.5880737
-7.2946014 -2.6627655 5.5166626
-7.292221 -2.62706 5.4833374
-7.3850555 -2.543747 5.5357056
-7.470749 -2.5580292 5.742798
-7.592148 -2.5604095 5.859436
-7.4040985 -2.5984955 5.8094482
-7.4350433 -2.569931 5.866577
-7.3898163 -2.4128265 5.9855957
-7.342209 -2.236679 5.8737183
-7.399338 -2.4770966 5.6832886
-7.425522 -2.486618 5.571411
-7.5207367 -2.467575 5.718994
-7.399338 -2.350937 5.75708
-7.5207367 -2.4247284 5.871338
-7.6611786 -2.2819061 5.9832153
-7.5564423 -2.036728 6.1712646
-7.511215 -1.6558685 6.0165405
-7.5207367 -1.3987885 5.904663
-7.4874115 -1.0774384 5.930847
-7.723068 -1.158371 5.995117
-7.663559 -1.0679169 6.3688354
-7.568344 -1.2488251 6.3974
-7.6040497 -1.5796967 6.4021606
-7.7873383 -2.2057343 6.2617188
-7.99205 -2.3247528 6.0546265
-7.844467 -2.377121 5.999878
-7.7754364 -2.2342987 6.01178
-7.8658905 -1.9486542 6.1427
-7.8159027 -1.9700775 6.1831665
-7.844467 -1.8724823 6.0665283
-7.7825775 -1.7963104 6.0355835
-7.708786 -1.79393 5.9903564
-7.7968597 -1.6368256 6.090332
-7.694504 -1.3940277 6.147461
-7.7325897 -1.2178802 6.116516
-7.694504 -1.0726776 6.0689087
-7.625473 -1.1916962 5.9784546
-7.637375 -1.241684 5.8237305
-7.5969086 -1.3273773 5.8570557
-7.7302094 -1.3440399 5.7475586
-7.4731293 -1.2964325 5.8356323
-7.530258 -1.2059784 5.8760986
-7.5707245 -1.2202606 5.8832397
-7.6683197 -1.370224 5.847534
-7.575485 -1.2702484 5.802307
-7.618332 -1.0012665 5.852295
-7.611191 -0.8370209 5.8951416
-7.6016693 -0.7037201 5.9855957
-7.5850067 -0.60136414 6.007019
-7.5707245 -0.69181824 5.878479
-7.6849823 -0.85606384 5.7904053
-7.694504 -1.0655365 5.82135
-7.7635345 -0.87034607 5.699951
-7.7444916 -0.825119 5.761841
-7.742111 -0.8679657 6.045105
-7.8135223 -0.7703705 6.1046143
-7.8706512 -0.844162 6.1641235
-7.98967 -0.82273865 6.109375
-7.823044 -0.69181824 5.9832153
-7.8278046 -0.6442108 6.040344
-7.973007 -0.5727997 5.8380127
-7.953964 -0.6394501 5.8094482
-7.8730316 -0.58470154 5.9403687
-7.8777924 -0.5442352 5.995117
-7.7873383 -0.59184265 6.0308228
-7.754013 -0.45378113 6.237915
-7.958725 -0.31333923 6.185547
-7.932541 -0.41331482 6.2521973
-7.8587494 -0.44664 6.07843
-7.9373016 -0.4799652 6.0927124
-7.8087616 -0.4156952 5.9189453
-7.79924 -0.41093445 5.890381
-7.8587494 -0.3252411 5.8832397
-7.875412 -0.33476257 6.026062
-7.9991913 -0.21574402 6.0474854
-7.7135468 -0.2086029 6.147461
-7.6873627 -0.24668884 6.14032
-7.811142 -0.33952332 6.0474854
-7.882553 -0.3728485 5.9141846
-7.8397064 -0.2419281 6.0022583
-7.953964 -0.26097107 5.859436
-7.92778 -0.2086029 5.864197
-7.875412 -0.17527771 5.8570557
-7.8849335 -0.1847992 5.8618164
-7.837326 -0.21574402 5.8999023
-8.046799 -0.28001404 5.8808594
-7.8968353 -0.19908142 5.992737
-7.9039764 -0.08244324 5.942749
-7.996811 -0.049118042 5.9594116
-7.92778 -0.07054138 5.814209
-7.849228 -0.15385437 5.7666016
-7.86351 -0.26097107 5.8499146
-7.970627 -0.28715515 5.742798
-7.9420624 -0.18003845 5.923706
-7.953964 -0.08720398 6.026062
-7.8539886 -0.013412476 6.0998535
-7.901596 0.119888306 6.0736694
-7.951584 0.008010864 6.0546265
-7.98967 -0.09196472 6.1569824
-7.8539886 -0.02293396 5.8308716
-7.889694 -0.030075073 5.8832397
-7.8611298 -0.15623474 5.8570557
-7.906357 -0.28715515 5.9141846
-7.9420624 -0.23002625 5.94751
-7.894455 -0.08482361 5.9974976
-8.039658 -0.027694702 6.1141357
-8.05394 0.008010864 6.057007
-7.780197 -0.0038909912 6.1260376
-7.8468475 0.04133606 6.161743
-7.973007 -0.013412476 6.007019
-7.9230194 -0.030075073 5.840393
-7.7183075 -0.08958435 5.8808594
-7.913498 -0.06578064 5.814209
-8.051559 0.029434204 5.9403687
-7.9563446 0.19606018 6.0093994
-7.8849335 0.13893127 6.0689087
-7.9158783 0.057998657 6.045105
-7.9111176 0.029434204 5.7523193
-7.996811 -0.02293396 5.697571
-7.875412 0.005630493 5.730896
-7.8777924 0.031814575 5.7927856
-7.970627 0.1698761 5.8999023
-8.0325165 0.20796204 6.0165405
-7.8611298 0.117507935 5.9784546
-7.8349457 0.005630493 5.973694
-7.792099 -0.07292175 5.8808594
-7.8516083 -0.034835815 5.8737183
-7.8706512 -0.0015106201 5.864197
-7.8516083 0.18891907 5.7904053
-8.044418 0.24128723 5.7142334
-8.101547 0.22462463 5.697571
-7.9825287 0.14369202 5.866577
-7.9492035 0.09132385 6.0022583
-7.996811 0.17701721 6.1307983
-8.0967865 0.12702942 6.161743
-7.844467 0.01991272 6.147461
-7.8730316 -0.08244324 5.987976
-8.082504 -0.08720398 5.8880005
-8.111069 -0.053878784 5.730896
-8.039658 0.01991272 5.7713623
-8.099167 0.21272278 5.88562
-8.234848 0.3436432 5.9832153
-8.030136 0.33650208 6.135559
-7.8658905 0.19606018 6.3188477
-8.146774 0.11274719 6.123657
-8.127731 0.08180237 6.0689087
-8.077744 0.050857544 5.916565
-7.9801483 0.057998657 5.82135
-7.9611053 0.06990051 5.697571
-7.9611053 0.16511536 5.7261353
-8.075363 0.2841339 5.8165894
-8.1610565 0.21748352 5.802307
-8.0134735 0.15797424 5.788025
-7.939682 0.28889465 5.9260864
-8.075363 0.25556946 5.980835
-8.3134 0.23652649 6.0355835
-8.137253 0.29603577 5.9855957
-8.046799 0.34602356 5.916565
-7.9801483 0.21748352 5.8094482
-7.906357 0.15797424 5.6452026
-7.887314 0.16749573 5.5095215
-7.906357 0.20082092 5.5428467
-7.9301605 0.21986389 5.6880493
-8.006332 0.29603577 5.82135
-8.189621 0.37696838 5.94989
-7.996811 0.37934875 5.9832153
-7.889694 0.43647766 5.909424
-7.953964 0.38887024 5.8356323
-7.8968353 0.19367981 5.5809326
-7.856369 0.08894348 5.5238037
-7.889694 0.072280884 5.488098
-7.970627 0.20082092 5.6642456
-8.253891 0.36268616 5.864197
-8.094406 0.41981506 5.904663
-8.058701 0.44361877 5.8880005
-8.015854 0.42933655 5.9189453
-8.025375 0.4007721 5.8308716
-8.020615 0.3007965 5.7713623
-8.044418 0.19367981 5.659485
-8.139633 0.18177795 5.7070923
-8.134872 0.2603302 5.7666016
-8.115829 0.37696838 5.7332764
-8.0134735 0.3007965 5.7713623
-7.9111176 0.31269836 5.7927856
-7.8159027 0.30555725 5.738037
-7.773056 0.22462463 5.7356567
-7.6992645 0.14845276 5.614258
-7.696884 0.11036682 5.549988
-7.6849823 0.19606018 5.43573
-7.6992645 0.25556946 5.37146
-7.694504 0.3507843 5.3500366
-7.6659393 0.4650421 5.5666504
-7.689743 0.4745636 5.5404663
-7.580246 0.34602356 5.5856934
-7.5826263 0.37220764 5.635681
-7.644516 0.36982727 5.6309204
-7.677841 0.17463684 5.571411
-7.6207123 0.02229309 5.5166626
-7.637375 0.017532349 5.5
-7.575485 0.048477173 5.5880737
-7.5635834 0.055618286 5.6380615
-7.613571 0.0460968 5.673767
-7.758774 0.098464966 5.678528
-7.7873383 0.034194946 5.647583
-7.777817 0.010391235 5.549988
-7.689743 -0.26097107 5.6713867
-7.5659637 -0.25382996 5.768982
-7.5969086 -0.39189148 5.871338
-7.6421356 -0.23002625 5.845154
-7.6849823 -0.22288513 5.968933
-7.7516327 -0.18241882 6.059387
-7.727829 -0.12767029 6.018921
-7.79924 -0.18003845 5.916565
-7.8159027 -0.20622253 5.814209
-7.7444916 -0.33952332 5.8046875
-7.742111 -0.5132904 5.864197
-7.844467 -0.64897156 5.9713135
-7.913498 -0.64897156 6.0093994
-7.908737 -0.5704193 6.0284424
-7.932541 -0.36808777 6.159363
-7.8658905 -0.38713074 6.347412
-7.920639 -0.6394501 6.3616943
-7.9254 -0.7441864 6.161743
-8.015854 -0.98698425 5.954651
-8.080124 -0.87034607 5.8380127
-7.99205 -1.0821991 5.802307
-7.8920746 -1.1155243 5.9260864
-7.8611298 -1.2369232 6.2022095
-7.913498 -1.222641 6.3997803
-7.939682 -1.1083832 6.4783325
-8.011093 -1.1321869 6.499756
-8.030136 -1.1298065 6.321228
-7.9872894 -1.1988373 5.9713135
-7.8587494 -1.3107147 5.69281
-7.8278046 -1.5392303 5.745178
-7.939682 -1.415451 5.814209
-7.9611053 -1.4678192 5.968933
-7.9111176 -1.3607025 6.1188965
-7.901596 -1.3107147 6.2593384
-7.946823 -1.2202606 6.2093506
-7.7825775 -1.222641 5.897522
-7.6230927 -1.4273529 5.5809326
-7.4945526 -1.6677704 5.3619385
-7.427902 -1.8177338 5.3119507
-7.446945 -1.7820282 5.511902
-7.344589 -1.6439667 5.780884
-7.246994 -1.3392792 6.097473
-7.151779 -1.1464691 6.180786
-7.080368 -1.1321869 5.9855957
-6.8780365 -1.3654633 5.7856445
-6.7994843 -1.5701752 5.378601
-6.713791 -1.79393 4.9501343
-6.5900116 -1.9772186 4.883484
-6.411484 -2.2247772 5.121521
-6.2567596 -2.5104218 5.250061
-6.2162933 -2.5984955 5.340515
-6.4091034 -2.7056122 5.2786255
-6.5709686 -2.7889252 4.9715576
-6.5257416 -2.865097 4.7382813
-6.4352875 -2.9912567 4.443115
-6.2353363 -3.3411713 4.3621826
-6.054428 -3.583969 4.4645386
-5.9235077 -3.788681 4.8358765
-5.983017 -3.864853 5.128662
-6.047287 -3.7125092 5.088196
-6.0187225 -3.8101044 4.864441
-5.8854218 -4.174301 4.466919
-5.785446 -4.6194305 4.0075073
-5.7116547 -4.93602 3.9170532
-5.785446 -4.9074554 4.3240967
-5.790207 -4.7027435 4.6954346
-5.7759247 -5.116928 4.98584
-5.7878265 -5.916733 4.693054
-5.714035 -6.952194 4.140808
-5.6069183 -7.418747 3.7194824
-5.404587 -7.478256 3.5004883
-5.1213226 -6.9783783 3.838501
-5.1451263 -6.6855927 4.614502
-5.066574 -6.5832367 5.095337
-5.097519 -6.0190887 5.488098
-4.9975433 -6.0881195 5.5476074
-4.733322 -6.4523163 5.3286133
-4.5119476 -6.9164886 4.7787476
Time Stop = 6517
