Time Start = 2063
-1.4103241 -0.3561859 9.763245
-0.8414154 -0.14671326 9.848938
-0.96995544 -0.26811218 9.832275
-1.3984222 -0.24906921 9.86322
-1.4650726 -0.2585907 9.779907
-1.3341522 -0.29429626 9.656128
-1.1937103 -0.44664 9.4776
-1.1365814 -0.58232117 9.482361
-1.1937103 -0.5037689 9.489502
-1.2651215 -0.37522888 9.708496
-1.2841644 -0.27763367 9.813232
-1.2508392 -0.30619812 9.844177
-1.236557 -0.31333923 9.694214
-1.2389374 -0.35856628 9.7751465
-1.2508392 -0.2919159 9.7751465
-1.2865448 -0.20622253 9.820374
-1.2651215 -0.1681366 9.763245
-1.2413177 -0.1181488 9.865601
-1.2675018 -0.10862732 9.832275
-1.274643 -0.008651733 9.891785
-1.2484589 0.096084595 9.86322
-1.2008514 0.06752014 10.029846
-1.134201 0.031814575 10.151245
-1.0984955 0.0627594 10.044128
-1.0223236 0.2103424 10.201233
-1.0604095 0.61024475 10.391663
-1.1461029 0.8435211 10.541626
-1.0627899 1.048233 10.648743
-1.0627899 1.0125275 10.786804
-0.87950134 0.688797 10.658264
-0.7247772 0.41981506 10.791565
-0.60575867 0.11274719 10.879639
-0.58195496 -0.013412476 11.051025
-0.543869 -0.18955994 11.250977
-0.5295868 -0.31095886 11.391418
-0.35343933 -0.36094666 11.346191
-0.24156189 -0.41331482 11.293823
-0.16300964 -0.5061493 11.246216
0.43208313 -0.9155731 11.262878
0.37971497 -0.71562195 11.500916
-0.37486267 -0.49186707 11.203369
-0.5771942 -0.63468933 11.043884
-0.16062927 -0.8822479 10.922485
0.3368683 -1.2178802 10.7630005
0.5415802 -1.4321136 10.429749
0.68678284 -1.9129486 10.110779
2.0007477 -2.5128021 9.915588
3.6789093 -3.107895 10.843933
3.5955963 -2.94841 10.389282
2.6172638 -2.6032562 9.851318
1.8793488 -2.3914032 9.682312
1.6770172 -2.0724335 9.201477
2.1269073 -2.2533417 9.225281
2.8029327 -2.846054 9.177673
3.240921 -3.3245087 9.02771
3.0647736 -4.3694916 9.837036
3.0076447 -4.4456635 8.83728
2.5458527 -5.1454926 9.310974
2.4982452 -5.271652 8.830139
2.7100983 -5.533493 8.542114
2.7291412 -5.7048798 8.104126
2.605362 -6.0238495 7.668518
2.3958893 -6.4523163 7.3257446
2.3220978 -6.7046356 6.8496704
2.2935333 -6.823654 6.390259
2.279251 -6.79747 6.1498413
2.0055084 -7.097397 5.968933
1.7317657 -7.456833 5.428589
1.6294098 -8.001938 5.192932
1.9198151 -8.199509 5.057251
2.1578522 -8.182846 5.269104
2.1935577 -7.9019623 5.569031
2.0102692 -7.521103 6.095093
1.681778 -7.0616913 6.5664063
1.4984894 -6.7093964 7.142456
1.4032745 -6.5308685 7.128174
1.5080109 -6.7046356 6.71875
1.7746124 -6.8260345 6.1760254
1.874588 -6.9283905 5.9570313
1.9293365 -6.8498383 5.7904053
1.7746124 -6.5118256 5.9332275
1.6008453 -6.3047333 5.661865
1.4461212 -6.6260834 5.154846
1.3366241 -7.175949 4.447876
1.4199371 -7.7639008 4.062256
1.4389801 -8.189987 3.614746
1.2675934 -8.330429 3.4838257
0.970047 -8.251877 3.569519
0.8367462 -8.182846 3.698059
0.7558136 -8.275681 3.6480713
0.7129669 -8.151901 3.883728
0.59632874 -7.8710175 4.1289063
0.60346985 -7.6853485 4.716858
0.66059875 -7.9305267 4.838257
0.66773987 -8.473251 4.7144775
0.4844513 -8.801743 4.3431396
0.33924866 -8.994553 4.012268
0.09169006 -9.389694 3.9170532
-0.13206482 -9.839584 3.6623535
-0.13444519 -10.149033 3.5171509
-0.3058319 -10.303757 3.562378
-0.41532898 -10.3537445 3.6694946
-0.23918152 -10.225204 3.7885132
-0.08207703 -9.599167 4.0979614
-0.041610718 -8.963608 4.5811768
-0.02494812 -8.830307 4.588318
-0.07255554 -8.996933 4.3693237
-0.19871521 -9.261154 4.197937
-0.3558197 -9.418259 4.081299
-0.54148865 -9.615829 4.119385
-0.774765 -9.81102 4.247925
-0.9390106 -10.030014 4.081299
-0.9080658 -10.310898 3.921814
-0.8414154 -10.603683 3.9432373
-0.8414154 -10.684616 4.140808
-1.1841888 -10.746506 4.250305
-1.4365082 -11.384445 4.671631
-0.8842621 -10.622726 3.7504272
-1.1032562 -10.4370575 3.709961
-0.66526794 -10.4370575 3.498108
-0.90330505 -10.610825 3.2505493
-1.2341766 -10.363266 4.005127
-1.3769989 -10.779831 3.5552368
-1.2627411 -11.774826 3.467163
-1.0294647 -12.253281 3.2838745
-0.9913788 -12.738876 3.2505493
-0.74620056 -12.810287 3.267212
-0.41056824 -12.872177 3.4695435
-0.17253113 -12.512741 3.4885864
-0.09159851 -12.303268 3.5076294
0.013137817 -12.224716 3.5742798
0.010757446 -12.060471 3.5861816
0.13929749 -11.967636 3.5933228
0.36543274 -11.9700165 3.7075806
0.64393616 -11.843857 3.8218384
0.8724518 -11.827194 3.9741821
1.11763 -11.784348 4.095581
1.3080597 -11.61058 4.466919
1.3866119 -11.203537 4.826355
1.6317902 -11.09404 5.05011
1.7531891 -11.03215 5.1572266
1.7888947 -10.970261 5.261963
1.8960114 -10.765549 5.283386
2.1602325 -10.629868 5.192932
2.4863434 -10.234726 5.197693
2.862442 -9.765793 5.3309937
3.3194733 -9.370651 5.3738403
3.7241364 -8.908859 5.723755
3.9740753 -8.235214 6.0165405
4.0074005 -7.5639496 6.4926147
4.176407 -6.964096 6.4592896
4.2716217 -6.5879974 6.5426025
4.362076 -6.207138 6.602112
4.5191803 -5.9214935 6.5925903
4.785782 -5.4454193 6.552124
4.928604 -4.9479218 6.571167
4.914322 -4.538498 6.7615967
4.823868 -4.1576385 6.9901123
4.721512 -3.8124847 6.9591675
4.690567 -3.4816132 6.916321
4.8024445 -3.0745697 6.4521484
4.8809967 -2.876999 6.449768
5.0023956 -2.5604095 6.352173
5.099991 -2.070053 6.4259644
5.266617 -1.6796722 6.5664063
5.4879913 -1.1893158 6.4450073
5.564163 -0.8774872 6.6187744
5.576065 -0.6846771 6.768738
5.652237 -0.548996 6.6949463
5.773636 -0.46568298 6.6520996
5.9331207 -0.36094666 6.6140137
5.99263 -0.013412476 6.487854
5.9640656 0.2103424 6.533081
5.954544 0.16273499 6.540222
6.0140533 0.22462463 6.6640015
5.980728 0.47694397 6.816345
6.0283356 0.669754 6.899658
6.1497345 0.84114075 6.937744
6.0330963 1.0125275 7.021057
6.0330963 1.1077423 6.9258423
5.9378815 1.1410675 6.9734497
5.9307404 1.2458038 6.7211304
6.049759 1.3386383 6.628296
6.0283356 1.6290436 6.6520996
5.9235992 1.8837433 6.711609
5.8022003 2.2812653 6.852051
5.6093903 2.5716705 7.0401
5.5903473 2.6049957 6.982971
5.711746 2.4740753 6.899658
5.833145 2.3979034 6.7973022
5.9378815 2.3788605 6.6759033
6.037857 2.5193024 6.7092285
5.92836 2.8263702 6.5806885
5.8022003 2.985855 6.5426025
5.837906 2.9620514 6.435486
5.942642 3.0406036 6.3164673
6.075943 3.0763092 6.2141113
6.1425934 3.0977325 5.9855957
6.1568756 3.247696 5.930847
6.0211945 3.4048004 6.1379395
6.0140533 3.588089 6.325989
6.094986 3.6952057 6.3307495
6.1568756 3.395279 6.571167
6.344925 3.1286774 6.7663574
6.3663483 2.7811432 6.7235107
6.352066 2.3979034 6.5092773
6.2854156 2.1479645 6.378357
6.2211456 2.3098297 6.3045654
6.1830597 2.7192535 6.309326
6.0354767 3.088211 6.0213013
5.973587 3.0334625 5.776123
5.8688507 2.8620758 5.192932
5.833145 2.6287994 4.9763184
5.878372 2.535965 4.9120483
5.8402863 2.6883087 4.9310913
5.8498077 3.088211 5.0620117
5.826004 3.5904694 5.261963
5.716507 4.102249 5.526184
5.780777 4.3855133 5.673767
5.8212433 4.62117 5.673767
5.9069366 4.614029 5.6380615
5.9378815 4.7401886 5.5547485
5.9307404 4.6806793 5.583313
5.890274 4.5926056 5.4595337
5.871231 4.4569244 5.3095703
5.833145 4.3402863 5.0810547
5.9378815 4.2188873 4.9786987
6.018814 4.1093903 4.773987
5.9640656 4.10701 4.6168823
5.883133 4.0141754 4.697815
5.8402863 4.0855865 4.750183
5.890274 4.1879425 4.864441
5.947403 4.359329 4.928711
6.018814 4.473587 4.92157
5.985489 4.590225 5.0358276
5.902176 4.62117 5.0215454
5.878372 4.6164093 5.031067
5.826004 4.633072 4.92395
5.909317 4.6997223 4.9334717
5.875992 4.756851 4.9644165
5.942642 4.8473053 4.916809
5.980728 4.9306183 4.833496
5.9950104 4.897293 4.8287354
6.0521393 5.332901 4.7787476
6.0569 5.549515 4.8239746
6.0140533 5.601883 4.647827
5.9521637 5.320999 4.583557
5.890274 5.037735 4.4835815
5.8474274 4.871109 4.569275
5.875992 4.935379 4.588318
5.9378815 5.0091705 4.781128
5.9640656 5.0591583 4.7716064
6.0164337 4.966324 4.890625
6.0140533 4.9258575 4.871582
6.006912 4.8687286 4.9191895
5.978348 4.9496613 4.9644165
5.9569244 5.044876 4.9906006
5.9831085 5.1757965 4.928711
5.9973907 5.2924347 4.7644653
6.030716 5.268631 4.723999
5.961685 5.0782013 4.743042
5.9450226 4.94252 4.845398
5.9307404 4.8996735 4.940613
5.940262 4.923477 5.0858154
5.9569244 4.9306183 5.095337
5.942642 4.9496613 5.152466
5.9188385 4.9520416 5.0739136
5.909317 4.885391 5.0429688
5.9712067 4.8734894 5.026306
5.9950104 4.9187164 4.9310913
5.9902496 4.8996735 4.897766
5.921219 4.837784 4.8573
5.9259796 4.787796 4.838257
6.0211945 4.6878204 4.8811035
5.966446 4.625931 4.871582
6.0092926 4.544998 4.878723
5.961685 4.564041 4.935852
6.006912 4.659256 4.9263306
5.902176 4.704483 4.9525146
5.947403 4.7663727 4.966797
5.966446 4.7068634 4.8858643
6.044998 4.704483 4.8930054
6.0783234 4.775894 4.9953613
6.109268 4.890152 5.0596313
6.12117 4.904434 5.095337
6.1164093 4.9520416 5.2262573
6.114029 4.9829865 5.223877
6.0783234 4.9306183 5.261963
6.0664215 4.897293 5.3571777
6.0592804 4.904434 5.43573
6.0807037 4.94252 5.5166626
6.0807037 4.935379 5.4190674
6.011673 4.9591827 5.3762207
5.947403 4.9306183 5.3762207
5.916458 4.9758453 5.385742
5.980728 4.9449005 5.3357544
5.961685 4.9639435 5.3690796
5.942642 4.8925323 5.366699
5.9902496 4.735428 5.2667236
5.9688263 4.7282867 5.1834106
5.954544 4.678299 5.1762695
5.947403 4.773514 5.1048584
5.9521637 4.840164 5.152466
5.954544 4.916336 5.083435
6.0092926 4.94014 5.064392
5.9521637 4.973465 5.102478
5.9450226 4.9829865 4.973938
5.852188 4.9496613 4.8953857
5.833145 4.9948883 4.9691772
5.742691 5.0805817 4.8858643
5.678421 5.178177 4.8549194
5.749832 5.1757965 4.743042
5.773636 5.113907 4.652588
5.7712555 5.087723 4.659729
5.6760406 5.121048 4.7216187
5.6236725 5.159134 4.8620605
5.5903473 5.2281647 4.904907
5.6879425 5.192459 4.8049316
5.7069855 5.094864 4.6954346
5.7664948 5.030594 4.6763916
5.845047 5.025833 4.659729
5.837906 4.9972687 4.697815
5.8664703 4.985367 4.735901
5.8545685 4.961563 4.6644897
5.871231 4.9068146 4.73114
5.883133 4.87825 4.819214
5.9140778 4.8996735 4.852539
5.8402863 4.935379 4.8811035
5.8212433 4.9377594 4.833496
5.7450714 4.9758453 5.0477295
5.814102 4.9710846 5.0286865
5.9378815 4.9972687 5.045349
5.985489 5.00441 5.064392
5.8688507 5.0543976 5.1191406
5.8474274 5.049637 5.102478
5.8045807 5.0139313 5.102478
5.8022003 4.999649 5.026306
5.8212433 4.94014 5.0334473
5.852188 5.00679 5.095337
5.826004 4.9258575 4.9834595
5.7783966 4.8663483 4.9834595
5.716507 4.6878204 4.9572754
5.730789 4.6449738 4.878723
5.652237 4.590225 4.8287354
5.6236725 4.5735626 4.7382813
5.518936 4.587845 4.6549683
5.4451447 4.544998 4.6026
5.3166046 4.4521637 4.583557
5.2642365 4.3498077 4.4764404
5.061905 4.3236237 4.371704
4.9452667 4.254593 4.3550415
4.8333893 4.249832 4.3288574
4.792923 4.0284576 4.228882
4.8595734 3.7904205 4.2384033
4.947647 3.6737823 4.3621826
4.971451 3.5714264 4.481201
4.9881134 3.754715 4.3859863
5.0285797 3.8546906 4.5169067
5.042862 3.8618317 4.6240234
5.1618805 3.8689728 4.7668457
5.247574 3.7880402 4.8953857
5.3927765 3.6571198 4.9501343
5.5355988 3.5381012 5.159607
5.761734 3.6047516 5.338135
5.985489 3.7404327 5.461914
6.114029 3.9570465 5.654724
6.2782745 4.1165314 5.8380127
6.4591827 4.10701 6.0474854
6.63533 4.0546417 5.995117
6.930496 4.292679 5.8118286
6.806717 4.3474274 5.897522
6.768631 4.4140778 6.064148
6.723404 4.2522125 6.0093994
6.9138336 4.295059 5.8189697
7.178055 4.402176 5.8570557
7.313736 4.397415 5.892761
7.3232574 4.3926544 5.8951416
7.14711 4.318863 6.0427246
6.9638214 4.016556 6.2164917
7.049515 3.46669 6.2974243
7.199478 2.7787628 6.237915
7.1423492 2.1622467 6.2926636
6.9376373 1.5838165 6.423584
6.544876 0.8387604 6.7092285
6.1878204 0.27461243 6.6568604
6.0521393 -0.3561859 6.7020874
6.0473785 -0.8584442 6.6568604
5.8855133 -1.5154266 6.5616455
5.787918 -2.2247772 6.2593384
5.6760406 -3.0174408 6.199829
5.452286 -3.660141 6.018921
5.3285065 -4.0552826 5.88562
5.185684 -4.4004364 5.7927856
4.921463 -5.1692963 5.678528
4.8095856 -5.9072113 5.5214233
4.676285 -6.3832855 5.43573
4.485855 -6.8903046 5.4333496
4.395401 -7.0378876 5.4071655
4.2073517 -7.1331024 5.364319
4.0454865 -7.271164 5.173889
4.016922 -7.4687347 4.9120483
3.9217072 -7.7377167 4.5407104
3.8336334 -8.137619 4.3407593
3.6622467 -8.556564 4.3359985
3.3385162 -8.875534 4.4383545
3.0457306 -9.306381 4.5026245
2.9338531 -9.549179 4.3098145
2.8124542 -9.739609 4.331238
2.522049 -9.692001 4.2860107
2.1935577 -9.632492 4.421692
1.8841095 -9.525375 4.459778
1.5318146 -9.582504 4.6383057
1.1580963 -9.670578 4.8620605
0.905777 -9.922897 5.071533
0.69392395 -10.218063 5.2595825
0.37971497 -10.277573 5.6309204
0.19166565 -10.394211 5.730896
0.075027466 -10.463242 5.7904053
0.1131134 -10.5846405 5.635681
0.21308899 -10.620346 5.3476563
0.20832825 -10.558456 5.281006
0.10121155 -10.301376 5.0786743
-0.12730408 -10.410873 4.9763184
-0.22013855 -10.591782 4.954895
-0.37486267 -10.841721 4.864441
-0.45341492 -10.934555 4.909668
-0.53434753 -10.863144 5.071533
-0.6176605 -10.682236 5.038208
-0.64860535 -10.337082 5.283386
-0.6128998 -10.094284 5.4642944
-0.62480164 -9.894333 5.5666504
-0.6747894 -9.8134 5.5737915
-0.71525574 -9.637253 5.552368
-0.7676239 -9.570602 5.576172
-0.7533417 -9.5325165 5.4976196
-0.7676239 -9.787216 5.2595825
-0.71525574 -10.156174 5.1881714
-0.9009247 -9.646774 5.064392
-1.0865936 -11.512985 6.7211304
-0.8318939 -12.136642 5.9022827
-0.91044617 -11.810532 5.2405396
-0.65812683 -10.979782 5.0358276
-0.4962616 -10.232346 5.1572266
-0.5057831 -9.701523 5.1953125
-0.64860535 -9.675339 5.069153
-0.73191833 -9.713425 4.9977417
-0.7581024 -9.639633 5.0025024
-0.73191833 -9.4492035 4.8239746
-0.69621277 -9.2183075 4.6549683
-0.6866913 -8.989792 4.6954346
-0.710495 -8.844589 4.73114
-0.7509613 -8.711288 4.916809
-0.81285095 -8.699387 4.954895
-0.7414398 -8.663681 5.0096436
-0.68193054 -8.611313 5.2643433
-0.5771942 -8.475632 5.0477295
-0.5462494 -8.642258 5.319092
-0.7200165 -8.804123 5.5285645
-0.9723358 -9.353989 5.833252
-1.0270844 -9.123093 5.723755
-1.0580292 -8.823166 5.999878
-0.96043396 -8.887436 6.159363
-0.8818817 -9.03978 5.6380615
-1.0175629 -8.965988 5.5595093
-1.1222992 -8.870773 6.2664795
-1.1508636 -8.939804 5.992737
-1.3222504 -8.544662 5.6713867
-1.5031586 -8.418503 5.871338
-1.7197723 -8.677963 5.864197
-1.9578094 -9.013596 5.590454
-2.2125092 -9.249252 5.2214966
-2.3362885 -9.220688 5.211975
-2.3196259 -9.046921 5.2976685
-2.2839203 -8.961227 5.3476563
-2.243454 -9.063583 5.2857666
-2.3553314 -9.16832 5.128662
-2.629074 -9.2825775 5.0739136
-2.8099823 -9.265915 5.102478
-2.6528778 -9.142136 5.1619873
-2.3624725 -8.989792 5.0858154
-2.326767 -8.992172 5.1381836
-2.4505463 -8.873154 5.250061
-2.4196014 -8.708908 5.37146
-2.3743744 -8.689865 5.526184
-2.333908 -8.637497 5.3286133
-2.205368 -8.449448 5.069153
-1.9839935 -8.170944 4.840637
-1.531723 -7.8710175 4.6049805
-1.0580292 -7.728195 4.3217163
-0.7033539 -7.4853973 4.4121704
-0.48435974 -7.3639984 4.545471
-0.51530457 -7.368759 4.8287354
-0.41056824 -7.168808 5.1453247
-0.2082367 -6.9212494 5.4119263
0.10835266 -6.7474823 5.678528
0.46302795 -6.457077 5.94751
0.8557892 -6.316635 5.7666016
1.1771393 -6.233322 5.5618896
1.4008942 -6.1904755 5.75708
1.5484772 -6.385666 6.1974487
Time Stop = 2068
