Time Start = 2011
-0.8318939 -0.8084564 9.337158
-1.6555023 -0.6608734 9.482361
-2.5624237 -0.32048035 9.632324
-2.5671844 -0.053878784 9.675171
-2.0030365 -0.0443573 9.522827
-1.7031097 -0.39189148 9.303833
-1.7745209 -0.5537567 9.2229
-2.0458832 -0.57518005 9.327637
-2.1315765 -0.45854187 9.529968
-2.057785 -0.38475037 9.656128
-1.9030609 -0.36094666 9.677551
-1.8935394 -0.44425964 9.73468
-1.974472 -0.47520447 9.768005
-2.038742 -0.53471375 9.829895
-2.0339813 -0.47044373 9.837036
-1.9887543 -0.40379333 9.753723
-1.9911346 -0.37998962 9.789429
-2.0244598 -0.3157196 9.684692
-2.0006561 -0.35380554 9.665649
-2.0554047 -0.36094666 9.663269
-2.0339813 -0.38713074 9.689453
-1.9435272 -0.38475037 9.644226
-1.9863739 -0.43473816 9.577576
-1.9649506 -0.38237 9.596619
-1.9363861 -0.27763367 9.637085
-1.8697357 -0.2657318 9.634705
-1.8126068 -0.3157196 9.629944
-1.8245087 -0.47520447 9.637085
-1.8149872 -0.52757263 9.594238
-1.800705 -0.58232117 9.598999
-1.8054657 -0.4966278 9.60614
-1.7911835 -0.3728485 9.67041
-1.7411957 -0.20146179 9.696594
-1.6864471 -0.04197693 9.710876
-1.6674042 0.098464966 9.829895
-1.6602631 0.010391235 9.758484
-1.5721893 -0.1681366 9.568054
-1.4769745 -0.63230896 9.910828
-1.1984711 -0.7108612 10.0703125
-1.2675018 -0.47044373 10.375
-1.5579071 -0.29429626 10.689209
-1.7197723 -0.27287292 10.920105
-1.6745453 -0.25382996 11.029602
-1.486496 -0.299057 11.203369
-1.2984467 -0.4966278 11.255737
-1.1365814 -0.62516785 11.217651
-1.2008514 -0.82273865 11.217651
-1.2556 -0.93699646 11.084351
-1.1889496 -1.2345428 11.051025
-0.7342987 -1.5416107 11.305725
-0.21061707 -1.6320648 11.065308
-0.32725525 -1.7844086 11.1414795
-0.7771454 -1.748703 10.936768
-0.63194275 -1.8177338 11.024841
-0.3486786 -1.9224701 10.95343
-0.11302185 -1.9272308 10.701111
1.0366974 -2.2771454 10.57019
2.2364044 -3.0460052 11.393799
1.7769928 -3.191208 10.805847
0.72724915 -3.2578583 10.086975
0.06074524 -3.1174164 9.737061
-0.2082367 -3.1674042 9.572815
0.32972717 -3.4911346 9.568054
1.098587 -3.9600677 9.641846
1.5294342 -4.16716 9.565674
1.5841827 -4.321884 9.249084
1.3961334 -4.6432343 9.227661
1.3604279 -5.3240204 9.018188
1.3770905 -5.9262543 8.525452
1.3437653 -6.3904266 8.099365
1.2318878 -6.8569794 7.861328
1.0057526 -7.6853485 7.411438
0.96528625 -8.606552 6.859192
1.1128693 -9.156418 6.6520996
1.2318878 -9.182602 6.604492
1.329483 -8.908859 6.7782593
1.3699493 -8.494675 7.0615234
1.3413849 -7.9471893 7.4138184
1.329483 -7.394943 7.6185303
1.4151764 -6.9998016 7.6256714
1.5937042 -6.7165375 7.36145
1.6936798 -6.5165863 6.9853516
1.6984406 -6.468979 6.71875
1.6198883 -6.6213226 6.325989
1.4032745 -7.0259857 5.780884
1.1699982 -7.430649 5.192932
0.97242737 -7.8067474 4.6002197
1.0033722 -8.049545 4.435974
0.9629059 -8.092392 4.5716553
0.83436584 -7.8972015 4.9144287
0.33210754 -7.8067474 5.090576
-0.02494812 -7.9471893 5.3238525
-0.16300964 -7.861496 5.9141846
-0.23442078 -7.3259125 6.9139404
-0.4224701 -6.821274 7.6280518
-0.51530457 -6.528488 7.2424316
-0.4629364 -6.828415 6.192688
-0.31297302 -7.4615936 5.1619873
0.22261047 -8.006699 4.2384033
0.5558624 -8.101913 3.9646606
0.49397278 -7.8972015 4.319336
0.360672 -7.9281464 4.6644897
0.15119934 -7.9495697 4.8358765
0.04408264 -7.906723 4.981079
0.14881897 -8.116196 4.833496
0.34877014 -8.2733 4.6692505
0.45350647 -8.301865 4.4764404
0.4273224 -8.244736 4.274109
0.26307678 -8.261398 4.288391
0.10359192 -8.494675 3.9979858
0.07740784 -8.768417 3.9503784
0.055984497 -8.968369 4.076538
-0.010665894 -9.258774 4.140808
0.034561157 -9.477768 4.0789185
-0.077316284 -9.5967865 4.3050537
-0.10588074 -9.820541 4.3217163
-0.017807007 -10.049057 4.0908203
0.129776 -10.125229 3.8789673
0.3511505 -9.718185 3.7885132
0.59394836 -9.380173 4.0479736
0.57966614 -9.1349945 4.378845
0.47731018 -8.927902 4.4121704
0.34877014 -8.735092 4.6311646
0.2606964 -8.513718 4.826355
0.22975159 -8.677963 4.7382813
0.06312561 -9.10881 4.562134
-0.11064148 -9.791977 4.140808
0.21308899 -9.863388 4.6240234
-0.19395447 -10.298996 5.333374
-0.34391785 -10.701279 2.8673096
0.029800415 -11.174973 2.3269653
-0.42008972 -11.232101 3.2791138
-0.5724335 -10.915512 3.6004639
-0.9794769 -11.393967 3.3219604
-1.2079926 -11.905746 3.3076782
-1.3889008 -12.343735 3.5123901
-1.3222504 -12.524643 3.909912
-1.1770477 -12.617477 4.262207
-0.93663025 -12.757919 4.397888
-0.710495 -12.865036 4.5145264
-0.5724335 -12.8936 4.5288086
-0.3153534 -12.945969 4.459778
0.094070435 -12.945969 4.205078
0.47731018 -12.907883 4.0860596
0.65345764 -13.000717 4.269348
0.5844269 -12.974533 4.493103
0.5511017 -12.724594 4.519287
0.6653595 -12.531784 4.7668457
1.1033478 -12.134262 4.85968
1.6460724 -11.705795 5.133423
2.2768707 -11.089279 5.204834
2.771988 -10.522751 5.071533
3.1980743 -10.175217 5.1000977
3.3670807 -9.601547 5.24292
3.433731 -8.925522 5.4571533
3.4027863 -8.561325 5.7594604
3.7622223 -8.113815 6.057007
3.8907623 -7.849594 5.930847
4.081192 -7.975754 6.071289
4.364456 -7.7162933 6.0284424
4.426346 -7.366379 5.94751
4.588211 -6.937912 5.8880005
4.64534 -6.718918 5.9903564
4.6810455 -6.3380585 5.9665527
4.690567 -6.078598 6.0665283
4.766739 -5.473984 5.94751
4.845291 -5.116928 5.9260864
4.959549 -4.802719 5.62854
5.1880646 -4.2147675 5.7070923
5.34993 -3.7101288 5.8308716
5.330887 -3.5673065 6.045105
5.3213654 -3.3102264 5.8737183
5.397537 -3.2983246 6.0736694
5.647476 -3.0293427 5.8189697
5.8855133 -2.4770966 5.930847
5.845047 -1.9772186 6.0474854
5.940262 -1.4083099 6.3045654
6.1378326 -0.72276306 6.4283447
6.292557 -0.36808777 6.699707
6.325882 -0.0110321045 6.752075
6.254471 0.09370422 6.706848
6.242569 0.31269836 6.6306763
6.1354523 0.53645325 6.6568604
6.0973663 1.067276 6.7592163
6.0592804 1.3886261 7.085327
6.1616364 1.4695587 6.9853516
6.3734894 1.5552521 6.699707
6.359207 1.676651 6.4450073
6.237808 1.8218536 6.3307495
6.1497345 1.7575836 6.430725
6.0973663 1.779007 6.506897
6.018814 1.824234 6.5806885
5.9378815 1.6480865 6.692566
5.837906 1.6385651 6.5949707
5.7260284 1.6599884 6.621155
5.6355743 1.7075958 6.559265
5.549881 1.8789825 6.552124
5.511795 1.907547 6.404541
5.5355988 2.0765533 6.287903
5.4118195 1.9956207 6.5045166
5.1809235 2.1217804 6.7354126
5.0642853 2.459793 6.7235107
5.0023956 2.4217072 6.585449
5.2785187 2.4954987 6.2736206
5.3784943 2.5573883 6.26886
5.523697 2.7978058 6.128418
5.428482 2.8715973 6.3450317
5.4070587 3.0525055 6.366455
5.568924 3.023941 6.4283447
5.8402863 3.1858063 6.4402466
5.8855133 3.126297 6.5092773
5.895035 3.0501251 6.494995
5.7641144 2.8620758 6.4664307
5.6927032 2.6049957 6.4592896
5.761734 2.6026154 6.3688354
5.7141266 2.8287506 6.52594
5.599869 3.0263214 6.6782837
5.599869 3.0263214 6.725891
5.683182 2.997757 6.59021
5.79982 2.754959 6.2807617
5.895035 2.4050446 5.9641724
5.9259796 2.2265167 5.730896
5.859329 2.4169464 5.5238037
5.811722 2.978714 5.6832886
5.7522125 3.876114 6.185547
5.7712555 4.6949615 6.802063
5.742691 5.1805573 7.1519775
5.664139 5.216263 7.1186523
5.6998444 4.844925 6.7734985
5.7331696 4.375992 6.347412
5.7569733 3.902298 6.057007
5.7593536 3.6833038 5.742798
5.7641144 3.6023712 5.6237793
5.787918 3.6571198 5.488098
5.664139 3.6404572 5.2786255
5.595108 3.6618805 5.231018
5.5594025 3.6690216 5.3428955
5.5903473 3.8285065 5.4333496
5.645096 4.0594025 5.492859
5.60701 4.216507 5.6380615
5.5522614 4.442642 5.685669
5.402298 4.609268 5.7713623
5.3404083 4.8092194 5.783264
5.3618317 4.821121 5.6047363
5.4070587 4.8758698 5.3928833
5.4903717 5.0234528 5.2286377
5.4499054 5.056778 5.102478
5.3737335 4.921097 5.038208
5.3356476 4.799698 4.966797
5.338028 4.799698 5.071533
5.3808746 4.890152 5.223877
5.34993 4.9306183 5.450012
5.2951813 4.980606 5.661865
5.209488 4.985367 5.7594604
5.2451935 5.049637 5.6904297
5.3927765 5.025833 5.602356
5.4499054 4.947281 5.56427
5.4308624 4.902054 5.4452515
5.3285065 4.825882 5.4071655
5.2261505 4.7259064 5.385742
5.254715 4.633072 5.4262085
5.330887 4.473587 5.4642944
5.4118195 4.523575 5.402405
5.4451447 4.594986 5.4333496
5.3856354 4.7473297 5.538086
5.338028 4.8425446 5.5737915
5.326126 4.973465 5.6428223
5.397537 5.011551 5.6309204
5.4832306 5.087723 5.5404663
5.5213165 5.151993 5.5476074
5.452286 5.2257843 5.5
5.345169 5.1258087 5.447632
5.3594513 5.018692 5.480957
5.3880157 4.985367 5.4642944
5.4760895 5.00679 5.340515
5.466568 4.8949127 5.3500366
5.4618073 4.9829865 5.4404907
5.4380035 4.968704 5.6428223
5.4308624 4.999649 5.597595
5.4951324 5.030594 5.6452026
5.504654 4.9758453 5.530945
5.5903473 4.9329987 5.416687
5.647476 4.768753 5.3119507
5.6498566 4.7711334 5.2214966
5.645096 4.7449493 5.3809814
5.6950836 4.806839 5.4642944
5.6355743 4.856827 5.5166626
5.652237 4.8235016 5.5357056
5.5713043 4.7663727 5.557129
5.5903473 4.8020782 5.5047607
5.580826 4.8949127 5.5785522
5.6498566 4.9329987 5.595215
5.5665436 4.9187164 5.545227
5.523697 4.909195 5.485718
5.5784454 4.890152 5.3738403
5.5784454 4.8663483 5.4190674
5.5403595 4.9591827 5.3238525
5.4951324 4.9758453 5.3428955
5.383255 4.9758453 5.3238525
5.3808746 4.947281 5.3881226
5.5094147 5.0424957 5.2929077
5.664139 4.9901276 5.2405396
5.6998444 5.00441 5.2857666
5.5974884 5.0210724 5.3571777
5.5141754 5.0139313 5.442871
5.402298 5.0853424 5.552368
5.440384 5.0472565 5.5737915
5.4760895 5.0353546 5.4714355
5.4308624 4.9829865 5.3881226
5.421341 4.8877716 5.345276
5.4832306 4.780655 5.2262573
5.516556 4.6830597 5.2643433
5.557022 4.7830353 5.3048096
5.6046295 4.87825 5.319092
5.7069855 4.973465 5.359558
5.67128 5.018692 5.5047607
5.6117706 5.030594 5.5428467
5.5855865 5.0996246 5.5428467
5.6093903 5.2257843 5.5238037
5.5475006 5.294815 5.519043
5.4903717 5.359085 5.4523926
5.4308624 5.347183 5.338135
5.454666 5.2662506 5.1881714
5.4879913 5.2067413 5.031067
5.530838 5.0996246 5.1310425
5.6355743 4.9948883 5.1619873
5.6546173 4.999649 5.154846
5.599869 5.075821 5.1834106
5.599869 5.166275 5.197693
5.54274 5.223404 5.219116
5.530838 5.2210236 5.238159
5.5927277 5.2138824 5.2643433
5.690323 5.249588 5.216736
5.628433 5.2971954 5.2000732
5.5974884 5.2733917 5.2000732
5.614151 5.2591095 5.2453003
5.7212677 5.2019806 5.1691284
5.7974396 5.154373 5.1881714
5.7831573 5.0924835 5.2786255
5.678421 5.0020294 5.3048096
5.6165314 5.0282135 5.4523926
5.5546417 5.0972443 5.4761963
5.537979 5.1829376 5.538086
5.6379547 5.2710114 5.5
5.5713043 5.275772 5.390503
5.5070343 5.3043365 5.4333496
5.530838 5.3305206 5.442871
5.54274 5.282913 5.4190674
5.4879913 5.2781525 5.3762207
5.4427643 5.19722 5.3738403
5.4118195 5.056778 5.250061
5.395157 5.00441 5.192932
5.390396 4.968704 5.121521
5.333267 5.00679 5.1000977
5.2832794 4.9568024 5.121521
5.2309113 4.928238 5.057251
5.204727 4.9258575 4.9906006
5.209488 4.916336 4.9763184
5.145218 4.9329987 4.878723
5.1761627 4.916336 4.8549194
5.202347 4.9948883 4.8739624
5.1356964 4.9758453 4.928711
5.054764 4.928238 4.9382324
4.9833527 4.8996735 4.92395
4.8786163 4.9258575 4.8025513
4.933365 4.992508 4.690674
5.0095367 4.9901276 4.6549683
5.0142975 4.8615875 4.493103
4.857193 4.673538 4.416931
4.7691193 4.397415 4.236023
4.7262726 4.375992 4.0289307
4.7714996 4.435501 4.126526
4.676285 4.8354034 4.164612
4.550125 5.102005 4.205078
4.492996 5.409073 4.197937
4.350174 5.4114532 4.3812256
4.3073273 5.140091 4.319336
4.300186 4.659256 4.443115
4.4001617 4.29982 4.6311646
4.4358673 4.1355743 4.8239746
4.3477936 4.1093903 4.814453
4.5168 4.037979 4.8953857
4.6953278 4.0974884 4.788269
5.0714264 4.506912 4.8668213
5.3237457 4.852066 5.333374
5.428482 5.0234528 5.4404907
5.5927277 5.0091705 5.635681
5.583206 4.8425446 5.9260864
5.690323 4.4878693 5.8118286
5.8402863 4.037979 5.5999756
6.083084 3.6952057 5.507141
6.273514 3.5833282 5.2405396
6.492508 3.4309845 5.314331
6.685318 3.478592 5.1572266
6.863846 3.5476227 5.359558
6.866226 3.4809723 5.549988
6.7281647 3.3214874 5.8118286
6.6234283 2.9001617 5.890381
6.5996246 2.3455353 5.8618164
6.6567535 1.7528229 5.666626
6.7400665 1.1862946 5.5595093
6.678177 0.6483307 5.6571045
6.6115265 0.17225647 5.616638
6.5210724 -0.120529175 5.530945
6.5353546 -0.47758484 5.602356
6.525833 -0.8941498 5.892761
6.485367 -1.3583221 6.14032
6.2639923 -1.6392059 6.057007
6.1235504 -2.3033295 6.0736694
6.0973663 -2.9150848 5.9260864
6.1806793 -3.519699 5.7975464
6.094986 -3.9695892 5.614258
5.9759674 -4.367111 5.3167114
5.728409 -4.8550873 5.538086
5.4713287 -5.159775 5.4214478
5.1690216 -5.57872 5.43573
4.96669 -5.9929047 5.4714355
4.5453644 -6.5451508 5.4714355
4.2906647 -7.297348 5.397644
4.00502 -8.099533 5.159607
3.888382 -8.965988 4.8168335
3.8145905 -9.61821 4.7668457
3.74794 -9.918137 5.1262817
3.7836456 -9.61821 5.8570557
3.7765045 -9.073105 6.7996826
3.5241852 -8.751755 7.468567
3.29805 -8.473251 7.797058
2.8791046 -8.563705 7.8970337
2.5434723 -8.894577 7.6399536
2.1911774 -9.146896 7.225769
1.9340973 -9.880051 6.4592896
1.6389313 -10.613205 5.526184
1.3842316 -11.255905 5.2000732
1.1676178 -11.298752 5.0739136
1.1438141 -11.189255 5.1310425
1.2675934 -11.15593 5.257202
1.2414093 -11.122604 5.2453003
1.0462189 -11.070236 5.2476807
0.8391266 -10.936935 5.219116
0.65345764 -10.763168 5.1834106
0.4844513 -10.5203705 5.0358276
0.36543274 -10.358505 4.92157
0.23213196 -10.191879 5.076294
0.17262268 -10.041916 5.1834106
0.034561157 -9.956223 5.378601
-0.013046265 -9.93718 5.3547974
-0.04637146 -9.93956 5.4143066
-0.122543335 -10.025253 5.3167114
-0.18205261 -10.037155 5.1953125
-0.37486267 -9.999069 5.1643677
-0.37724304 -9.880051 5.378601
-0.38676453 -9.780075 5.2976685
-0.33439636 -9.420639 5.3167114
-0.36296082 -9.127853 5.3119507
-0.25346375 -9.013596 5.0858154
-0.2653656 -8.949326 5.154846
-0.2582245 -8.875534 5.442871
-0.3486786 -8.297104 5.140564
-0.8318939 -8.961227 7.720886
-0.77952576 -9.565842 6.7996826
-0.79618835 -10.201401 6.095093
-0.6605072 -9.761032 5.2262573
-0.34153748 -9.4301605 5.5285645
-0.23918152 -9.032639 5.538086
-0.5391083 -9.756271 6.0165405
-0.6509857 -9.730087 5.94989
-0.86997986 -9.572983 5.5595093
-0.8675995 -9.944321 5.968933
-0.8652191 -9.399216 5.6690063
-0.96281433 -9.194504 5.621399
-1.0151825 -9.499191 5.6571045
-0.9985199 -9.761032 5.9189453
-0.9723358 -10.0681 5.776123
-0.7533417 -8.892197 4.876343
-1.1270599 -8.601791 6.3355103
-1.4269867 -8.637497 6.1188965
-1.8887787 -8.816025 5.8308716
-2.3362885 -9.058823 5.4785767
-2.3434296 -9.215927 5.3762207
-2.4338837 -9.420639 5.5595093
-2.4315033 -9.55394 5.9522705
-2.4767303 -9.592026 6.359314
-2.5029144 -9.423019 6.65448
-2.6100311 -9.16832 6.7973022
-2.629074 -8.866013 6.309326
-2.3029633 -8.746994 5.749939
-1.800705 -8.8207855 5.397644
-1.5626678 -9.123093 5.283386
-1.6221771 -9.327805 5.288147
-1.7864227 -9.158798 5.5
-1.615036 -8.632736 5.6761475
-1.3436737 -8.204269 6.1879272
-1.0818329 -8.056686 6.3640747
-0.85569763 -8.113815 6.2807617
-0.5771942 -8.111435 6.071289
-0.10588074 -8.056686 5.8760986
0.32972717 -7.937668 5.647583
0.6653595 -7.9210052 5.4143066
0.76057434 -7.8019867 5.3762207
0.8367462 -7.6091766 5.6880493
Time Stop = 2016
