Time Start = 5991
-4.2024994 4.1308136 10.360718
-2.807602 3.9141998 10.1345825
-1.9173431 3.588089 9.701355
-1.550766 3.3452911 9.422852
-1.7554779 3.331009 9.510925
-2.0863495 3.2429352 9.896545
-2.3243866 2.5859528 9.79895
-2.2077484 2.0575104 9.375244
-1.8530731 1.400528 8.984863
-1.3627167 0.6292877 8.315979
-0.9318695 -0.18003845 7.8065796
-0.562912 -0.8584442 7.80896
-0.29631042 -1.2464447 8.030334
-0.051132202 -1.5892181 8.208862
0.13215637 -1.851059 8.461182
0.25831604 -2.0224457 8.694458
0.48207092 -2.3033295 8.615906
0.8700714 -2.3747406 8.77063
1.2318878 -2.358078 8.8515625
1.367569 -1.979599 8.7682495
1.2604523 -1.6891937 8.715881
0.6915436 -1.8986664 9.246704
0.06074524 -2.1676483 9.832275
-0.29631042 -2.5366058 10.029846
-0.5272064 -3.0602875 10.341675
-0.51530457 -3.3054657 10.560669
-0.32725525 -3.307846 10.724915
-0.18681335 -3.0364838 11.072449
-0.20347595 -2.8722382 11.1414795
-0.11302185 -2.8079681 11.039124
-0.06303406 -2.7913055 10.672546
0.04408264 -2.941269 10.455933
0.14881897 -3.0650482 10.1203
0.24879456 -3.031723 9.782288
0.32496643 -2.9436493 9.739441
0.25831604 -2.7865448 9.887024
0.19880676 -2.5532684 9.913208
0.07978821 -2.3152313 9.896545
0.053604126 -2.1486053 9.996521
-0.0844574 -2.0295868 9.941772
-0.13682556 -2.100998 9.937012
-0.27964783 -2.3223724 9.944153
-0.35105896 -2.524704 9.898926
-0.33677673 -2.6603851 9.7323
-0.43675232 -2.7222748 9.763245
-0.46769714 -2.7389374 9.694214
-0.56529236 -2.6365814 9.639465
-0.6033783 -2.634201 9.651367
-0.64146423 -2.5342255 9.425232
-0.6343231 -2.531845 9.441895
-0.7009735 -2.5651703 9.620422
-0.72239685 -2.5580292 9.720398
-0.6343231 -2.5984955 9.837036
-0.5034027 -2.4199677 9.867981
-0.30821228 -2.2652435 9.858459
-0.23680115 -2.1295624 9.784668
-0.22966003 -2.0938568 9.737061
-0.17967224 -2.1176605 9.518066
-0.21061707 -2.2152557 9.34906
-0.27726746 -2.3033295 9.256226
-0.3058319 -2.448532 9.101501
-0.30345154 -2.4104462 8.89679
-0.2891693 -2.3890228 8.827759
-0.3391571 -2.460434 8.889648
-0.27488708 -2.6651459 8.606384
-0.17729187 -2.7960663 8.365967
-0.079696655 -2.7698822 8.370728
0.08930969 -2.6056366 8.64209
0.10121155 -2.3604584 9.096741
0.08692932 -2.0914764 9.241943
0.06312561 -1.960556 9.310974
-0.010665894 -2.3342743 9.28241
-0.32725525 -2.8531952 10.010803
-0.6509857 -2.8222504 9.951294
-2.4838715 -3.0983734 14.071716
-2.6838226 -1.8677216 15.680847
-2.648117 -0.7465668 16.325928
-1.5341034 -1.1321869 14.692993
-0.07493591 -1.2297821 12.315002
1.1866608 -1.036972 10.398804
1.6793976 -0.7751312 9.365723
1.3842316 -0.5466156 7.963684
0.53681946 -0.64183044 7.3114624
-0.6438446 -1.6296844 8.694458
-0.9509125 -2.6508636 8.8515625
-0.49864197 -3.3959198 8.249329
0.19642639 -3.9957733 7.7803955
0.8605499 -4.0743256 7.570923
1.1152496 -3.5101776 7.899414
0.7653351 -2.8055878 8.542114
0.22261047 -2.3914032 8.982483
-0.029708862 -2.1581268 8.927734
-0.017807007 -2.2866669 8.970581
0.12263489 -2.8032074 9.011047
0.2202301 -3.2102509 8.842041
0.13929749 -3.5649261 8.749207
-0.036849976 -3.5815887 8.734924
-0.29154968 -3.2126312 8.694458
-0.4724579 -2.8817596 8.718262
-0.59147644 -2.7532196 8.872986
-0.6938324 -2.7603607 9.039612
-0.774765 -2.9460297 9.206238
-0.8437958 -3.0936127 9.21814
-0.81285095 -3.2197723 9.487122
-0.82951355 -3.107895 9.684692
-1.3032074 -3.2602386 10.524963
-1.4460297 -2.9888763 11.14386
-2.243454 -3.576828 13.402832
-1.9911346 -3.2078705 13.538513
-1.6745453 -2.9317474 13.050537
-1.2484589 -3.1102753 12.060303
-0.69621277 -2.6103973 10.151245
-0.37010193 -2.2057343 9.03009
-0.58909607 -2.0034027 8.430237
-1.3484344 -2.4294891 9.170532
-1.6483612 -3.2864227 9.325256
-1.569809 -3.807724 8.632568
-1.0937347 -4.4599457 8.213623
-0.42723083 -4.4218597 7.9208374
0.034561157 -4.0552826 8.075562
0.027420044 -3.557785 8.656372
-0.101119995 -3.0817108 9.115784
-0.15586853 -2.8484344 9.391907
0.10121155 -2.7341766 9.401428
0.4416046 -2.7889252 9.41571
0.7129669 -2.8960419 9.194336
0.79389954 -3.0079193 8.89679
0.6058502 -2.9341278 8.534973
0.47731018 -2.974594 8.587341
0.25831604 -3.1316986 8.575439
0.23451233 -3.3983002 8.587341
0.31544495 -3.6363373 8.520691
0.4582672 -3.6934662 8.630188
0.50349426 -3.7648773 8.718262
0.5415802 -3.750595 8.732544
0.5487213 -3.679184 8.977722
0.5439606 -3.429245 9.075317
0.54634094 -3.1888275 9.068176
0.50587463 -3.1483612 9.358582
0.4677887 -3.0793304 9.444275
0.4511261 -2.941269 9.451416
0.33448792 -2.827011 9.579956
0.18214417 -2.88414 9.789429
0.07740784 -2.9008026 10.001282
-0.029708862 -3.050766 10.163147
0.0012359619 -3.1269379 10.263123
-0.08207703 -3.172165 10.253601
-0.122543335 -3.2483368 10.225037
-0.12730408 -3.281662 10.151245
-0.1415863 -3.3887787 9.944153
-0.11540222 -3.4649506 9.825134
-0.06541443 -3.3530731 9.618042
-0.010665894 -3.3435516 9.646606
-0.013046265 -3.3364105 9.672791
-0.041610718 -3.3863983 9.60376
-0.032089233 -3.4197235 9.5442505
0.0012359619 -3.4316254 9.510925
0.03694153 -3.3221283 9.451416
0.06312561 -3.2388153 9.375244
0.07978821 -3.115036 9.34906
0.075027466 -2.94841 9.365723
0.08930969 -2.8151093 9.251465
0.115493774 -2.8317719 9.087219
0.09883118 -2.9983978 8.894409
0.0155181885 -3.2792816 9.015808
0.08692932 -3.410202 9.127686
0.13691711 -3.422104 8.930115
0.12263489 -3.3625946 8.777771
0.06550598 -3.005539 8.796814
-0.5605316 -2.69133 9.858459
-0.9985199 -2.1509857 10.932007
-1.9459076 -2.0867157 12.653015
-2.3362885 -1.4892426 13.733704
-2.28154 -0.9608002 13.607544
-1.7411957 -1.3368988 12.536377
-0.7438202 -1.620163 10.6154175
0.19642639 -1.7629852 8.994385
0.54634094 -2.0795746 8.558777
0.18452454 -2.3723602 9.015808
-0.64146423 -2.876999 9.518066
-0.9580536 -2.865097 8.637329
-0.98661804 -3.3102264 8.411194
-0.51768494 -3.667282 8.408813
0.129776 -3.5458832 8.530212
0.5153961 -3.3983002 8.920593
0.50349426 -3.088852 9.15387
0.21308899 -2.710373 9.113403
-0.11064148 -2.5556488 9.103882
-0.11064148 -2.6627655 9.108643
0.075027466 -2.8412933 8.992004
0.2606964 -2.9555511 8.96344
0.23927307 -2.9150848 8.849182
0.1131134 -2.7841644 8.7682495
-0.11302185 -2.6841888 8.982483
-0.27726746 -2.7794037 9.380005
-0.3153534 -2.9198456 9.629944
-0.35105896 -3.0745697 9.7323
-0.26298523 -3.300705 9.758484
-0.22013855 -3.4578094 9.648987
-0.18443298 -3.5649261 9.610901
-0.10588074 -3.5030365 9.496643
-0.07255554 -3.3697357 9.420471
-0.13920593 -3.3221283 9.4776
-0.13682556 -3.3602142 9.556152
-0.15348816 -3.3697357 9.591858
-0.25584412 -3.3673553 9.537109
-0.35105896 -3.5101776 9.677551
-0.34153748 -3.5934906 9.701355
-0.29393005 -3.6172943 9.682312
-0.22013855 -3.6458588 9.496643
-0.16777039 -3.641098 9.234802
-0.15110779 -3.7029877 9.101501
-0.07017517 -3.7386932 8.96344
-0.09635925 -3.6958466 8.734924
-0.23680115 -3.5220795 8.732544
-0.4391327 -3.512558 8.9991455
-0.6795502 -3.667282 9.318115
-0.80570984 -3.8101044 9.370483
-0.72953796 -3.8124847 9.449036
-0.6176605 -3.8101044 9.465698
-0.41056824 -3.660141 9.296692
-0.22727966 -3.5649261 9.210999
0.048843384 -3.4173431 9.244324
0.25117493 -3.0626678 9.375244
0.2606964 -2.762741 9.701355
0.20832825 -2.4509125 9.958435
0.12025452 -2.2438202 10.1536255
0.1464386 -2.2152557 10.196472
0.1464386 -2.3914032 9.994141
0.13929749 -2.7222748 9.801331
0.04170227 -2.94841 9.687073
-0.09159851 -3.2078705 9.391907
-0.20109558 -3.3149872 9.275269
-0.31773376 -3.2721405 9.268127
-0.27012634 -3.3411713 9.489502
-0.20585632 -3.5625458 9.710876
-0.077316284 -3.762497 9.572815
0.04408264 -3.91008 9.487122
0.10597229 -3.9576874 9.337158
0.10359192 -4.050522 9.3133545
0.13691711 -3.9957733 9.208618
0.14167786 -3.9219818 9.172913
0.12739563 -3.9076996 9.170532
0.21546936 -3.7934418 9.001526
0.20118713 -3.8434296 8.96106
0.24165344 -3.8577118 8.918213
0.21070862 -3.8743744 8.811096
0.14405823 -3.8196259 8.77063
0.072647095 -3.679184 8.751587
-0.022567749 -3.5077972 8.789673
-0.0844574 -3.326889 8.742065
-0.13444519 -3.1293182 8.687317
-0.17253113 -3.0079193 8.718262
-0.2582245 -3.0436249 8.692078
-0.4296112 -3.1745453 8.863464
-0.6295624 -3.3768768 9.070557
-0.9961395 -3.5339813 9.170532
-1.3508148 -3.4125824 9.225281
-1.7245331 -3.1674042 9.096741
-2.2101288 -2.7460785 9.534729
-2.9789886 -2.812729 11.417603
-2.8956757 -2.3628387 11.250977
-2.9313812 -2.300949 11.646118
-2.595749 -2.8174896 11.953186
-1.743576 -2.5199432 10.955811
-1.1651459 -2.7222748 10.784424
-0.7342987 -2.6008759 10.446411
-0.60813904 -1.9819794 9.67041
-0.9651947 -1.9296112 9.720398
-1.3746185 -1.7772675 9.291931
-2.179184 -1.7153778 9.144348
-2.7076263 -2.846054 9.320496
-2.7100067 -3.4268646 8.5373535
-2.545761 -4.988388 9.370483
-1.8768768 -5.797714 10.11554
-0.6200409 -5.38591 9.5442505
0.39875793 -4.847946 9.399048
0.905777 -4.0671844 9.28717
1.0652618 -3.1769257 8.808716
0.8938751 -2.6484833 8.715881
0.66059875 -2.5651703 8.658752
0.527298 -2.8746185 8.456421
0.5677643 -3.6387177 8.19458
0.7819977 -4.250473 8.077942
0.91529846 -4.6432343 8.137451
0.97480774 -4.7717743 8.151733
0.85816956 -4.436142 8.144592
0.68440247 -4.095749 8.358826
0.42970276 -3.8386688 8.592102
0.19880676 -3.871994 8.927734
0.04408264 -4.174301 9.141968
-0.051132202 -4.5361176 9.253845
-0.04399109 -4.8812714 9.215759
-0.0011444092 -5.0883636 9.15387
0.04408264 -5.0883636 9.02771
0.06550598 -4.9026947 9.077698
0.0012359619 -4.6194305 9.175293
-0.06303406 -4.4147186 9.275269
-0.44865417 -4.0814667 9.453796
-1.0723114 -4.481369 10.720154
-1.1556244 -4.3242645 10.943909
-1.2222748 -4.236191 10.808228
-1.4388885 -3.3959198 11.039124
-1.8078461 -3.3768768 12.23645
-1.5912323 -2.7127533 11.298584
-1.1151581 -2.7460785 10.489258
-0.6747894 -2.910324 9.15863
-0.39152527 -3.005539 8.1922
-0.7342987 -3.4839935 8.639709
-1.0223236 -4.0171967 9.256226
-1.0342255 -4.174301 8.777771
-1.069931 -4.3694916 8.882507
-0.87950134 -4.095749 9.018188
-0.5533905 -3.6053925 9.02533
-0.36772156 -3.1769257 9.15863
-0.3224945 -2.9008026 9.339539
-0.3653412 -2.8151093 9.015808
-0.38676453 -2.846054 8.894409
-0.41056824 -3.1269379 8.925354
-0.3486786 -3.4173431 8.944397
-0.15110779 -3.7553558 8.661133
0.022659302 -4.090988 8.7872925
0.1631012 -4.0433807 8.701599
0.21784973 -3.8886566 8.894409
0.24879456 -3.686325 8.968201
0.2868805 -3.410202 9.001526
0.33924866 -3.2292938 9.032471
0.36543274 -3.2721405 9.0896
0.443985 -3.3697357 9.2229
0.54634094 -3.5435028 9.306213
0.60346985 -3.6315765 8.944397
0.56062317 -3.667282 8.699219
0.4749298 -3.569687 8.630188
0.30830383 -3.5006561 8.739685
0.14881897 -3.6434784 8.918213
0.15119934 -3.7672577 9.1467285
0.18452454 -3.9648285 9.15863
0.23451233 -4.0671844 9.268127
0.19166565 -4.076706 9.372864
0.14167786 -4.10289 9.401428
0.10359192 -3.9386444 9.41095
0.005996704 -4.052902 9.327637
-0.051132202 -4.333786 9.358582
0.03694153 -4.4194794 9.034851
0.14405823 -4.3766327 8.839661
0.12263489 -4.2671356 8.951538
0.0155181885 -4.1005096 9.037231
-0.039230347 -3.9910126 9.144348
-0.07017517 -3.743454 9.439514
-0.13206482 -3.5863495 9.549011
-0.14634705 -3.4649506 9.656128
-0.15586853 -3.4816132 9.677551
-0.1582489 -3.4887543 9.484741
-0.07493591 -3.583969 9.28479
-0.02494812 -3.5625458 9.239563
-0.04875183 -3.5458832 9.034851
-0.036849976 -3.679184 9.039612
-0.07017517 -3.6768036 9.115784
-0.032089233 -3.6291962 9.22052
-0.07017517 -3.5292206 9.130066
-0.04637146 -3.1935883 9.122925
-0.120162964 -3.0721893 9.151489
-0.27488708 -2.9983978 8.982483
-0.48197937 -2.8912811 8.744446
-0.79618835 -2.7556 8.570679
-1.4198456 -2.5485077 9.7751465
-2.2601166 -1.8010712 11.165283
-3.2931976 -1.4202118 13.650391
-3.8073578 -1.0131683 14.716797
-3.6502533 -0.47044373 14.176453
-2.909958 -0.28715515 12.8220215
-2.0363617 -0.20384216 10.739197
-1.4317474 -0.20622253 8.534973
-1.3412933 -1.3916473 8.51355
-1.8054657 -2.960312 9.689453
-1.9125824 -3.864853 9.575195
-1.8483124 -4.090988 7.3495483
-1.5912323 -4.8693695 6.378357
-1.043747 -5.333542 6.930603
-0.20347595 -5.3192596 7.7803955
0.6415558 -4.8836517 8.594482
1.0462189 -4.2718964 8.670654
1.05336 -4.03862 8.782532
0.93434143 -3.7410736 8.518311
0.9272003 -3.5458832 8.1922
0.87483215 -3.5101776 8.049377
0.82484436 -3.9338837 8.06366
0.7867584 -4.4075775 8.125549
0.6415558 -4.4409027 8.211243
0.47016907 -4.219528 8.370728
0.23213196 -3.8196259 9.056274
0.06788635 -3.088852 9.463318
-0.0035247803 -2.6651459 9.872742
-0.0677948 -2.9626923 10.165527
0.034561157 -3.3435516 9.941772
0.10121155 -3.8743744 9.601379
0.032180786 -4.2980804 9.403809
0.04170227 -4.2647552 9.15387
0.07978821 -3.9243622 9.15863
0.027420044 -3.5030365 9.4609375
0.07740784 -3.0222015 9.406189
0.15119934 -3.0293427 9.632324
0.22737122 -3.1769257 9.660889
0.37019348 -3.4649506 9.437134
0.3440094 -3.9505463 9.21814
-0.060653687 -3.8934174 9.696594
-0.27964783 -3.769638 10.044128
-1.0627899 -2.9722137 11.469971
-1.8340302 -2.569931 13.628967
-1.8054657 -1.5487518 14.209778
-1.5222015 -1.3868866 13.833679
-0.7271576 -1.5844574 11.715149
0.08930969 -1.563034 9.510925
0.29878235 -1.9081879 8.692078
-0.09397888 -2.0986176 8.285034
-1.0151825 -2.7460785 9.425232
-0.8509369 -3.3102264 8.989624
-0.36772156 -3.2150116 8.420715
0.06074524 -3.422104 8.494507
0.31782532 -3.1174164 8.930115
0.2940216 -2.6556244 9.372864
0.117874146 -2.2200165 9.53949
0.12739563 -1.934372 9.3966675
0.3273468 -1.9081879 9.053894
0.52015686 -2.3152313 8.763489
0.67012024 -3.0864716 8.5563965
0.7534332 -3.6839447 8.408813
0.80818176 -3.7720184 7.8970337
0.655838 -3.576828 7.868469
0.42970276 -3.1674042 8.111267
0.25117493 -2.9317474 8.430237
0.10835266 -3.1174164 8.927734
-0.020187378 -3.576828 9.418091
0.008377075 -4.205246 9.582336
0.09169006 -4.7931976 9.6918335
0.27497864 -5.0859833 9.739441
0.43208313 -5.0669403 9.663269
0.6510773 -5.116928 9.5442505
0.8319855 -5.207382 9.137207
0.90815735 -5.2549896 8.734924
1.015274 -5.25737 8.396912
0.91529846 -5.026474 8.423096
0.70106506 -4.781296 8.373108
0.4844513 -4.5504 8.454041
0.30830383 -4.212387 8.749207
0.055984497 -3.660141 9.182434
-0.2986908 -3.1674042 9.765625
-0.8080902 -2.69133 10.139343
-1.2675018 -2.384262 10.455933
-1.6269379 -2.2247772 10.494019
-1.7959442 -2.2128754 10.341675
-1.781662 -2.3366547 10.251221
-1.5936127 -2.2509613 10.127441
-1.3912811 -2.165268 10.05365
-1.172287 -1.9557953 9.937012
-1.0651703 -1.7391815 10.003662
-1.0556488 -1.53685 10.17981
-1.0485077 -1.47258 10.156006
-1.0770721 -1.6035004 10.103638
-1.0009003 -1.8367767 9.768005
-0.8342743 -1.998642 9.465698
-0.77952576 -2.2509613 9.239563
-0.6843109 -2.4009247 8.946777
-0.67240906 -2.4961395 8.958679
-0.7533417 -2.6032562 9.244324
-0.877121 -2.7317963 9.594238
-0.7438202 -3.0007782 9.763245
-0.48435974 -3.255478 9.746582
-0.1749115 -3.436386 9.565674
0.013137817 -3.5363617 9.391907
0.13215637 -3.7125092 9.334778
0.17262268 -3.7982025 9.387146
0.20594788 -3.724411 9.451416
0.21784973 -3.6625214 9.520447
0.3202057 -3.6577606 9.420471
0.35591125 -3.6744232 9.53949
0.4844513 -3.7339325 9.494263
0.40827942 -3.7220306 9.451416
0.3511505 -3.6625214 9.3133545
0.18452454 -3.550644 9.368103
-0.029708862 -3.5030365 9.451416
-0.1415863 -3.4768524 9.565674
-0.21061707 -3.5792084 9.549011
-0.14872742 -3.6172943 9.449036
-0.10826111 -3.724411 9.54187
-0.12968445 -3.7767792 9.468079
-0.21061707 -3.826767 9.299072
-0.29154968 -3.7743988 9.249084
-0.4058075 -3.698227 9.241943
-0.3796234 -3.6696625 9.353821
-0.30107117 -3.6315765 9.237183
-0.22489929 -3.5934906 9.268127
-0.3558197 -3.4649506 9.310974
-0.31297302 -3.455429 9.451416
-0.38438416 -3.3578339 9.53949
-0.33677673 -3.3030853 9.468079
-0.32725525 -3.1697845 9.4609375
-0.34391785 -3.1436005 9.570435
-0.32725525 -3.172165 9.518066
-0.20585632 -3.179306 9.353821
Time Stop = 5996
