Time Start = 6636
9.52034 -1.3940277 1.8413696
9.498917 -1.3154755 1.9960938
9.356094 -1.3154755 2.055603
9.232315 -1.3011932 2.0246582
9.26326 -1.2892914 2.0532227
9.291824 -1.2488251 2.017517
9.303726 -1.2178802 2.0579834
9.239456 -1.1464691 1.9246826
9.184708 -1.2131195 1.991333
9.127579 -1.1940765 1.9413452
9.096634 -1.2274017 1.8818359
9.07045 -1.184555 1.8651733
9.087112 -1.1702728 1.8699341
9.139481 -1.1488495 1.7937622
9.165665 -1.158371 1.8009033
9.144241 -1.203598 1.7770996
9.19899 -1.286911 1.7247314
9.1966095 -1.47258 1.7390137
9.175186 -1.6130219 1.6604614
9.203751 -1.6415863 1.677124
9.229935 -1.72966 1.6699829
9.437027 -1.7272797 1.6557007
9.4917755 -1.8296356 1.7580566
9.472733 -1.8034515 1.824707
9.494156 -1.7796478 1.8865967
9.508438 -1.8058319 1.9627686
9.4275055 -1.8153534 2.0651245
9.2608795 -1.8724823 2.1032104
9.189468 -1.9867401 2.1270142
9.158524 -2.1414642 2.1817627
9.296585 -2.4580536 2.1341553
9.515579 -2.5389862 1.97229
9.596512 -2.5842133 2.0246582
9.465591 -2.596115 2.2698364
9.446548 -2.634201 2.6316528
9.579849 -2.6627655 2.9315796
9.706009 -2.569931 3.2005615
9.791702 -2.5723114 3.2410278
9.846451 -2.5104218 3.3481445
9.836929 -2.653244 3.498108
10.0345 -2.9555511 3.690918
10.213028 -2.9983978 3.6290283
10.313004 -3.0817108 3.8694458
10.365372 -3.160263 3.8932495
10.370132 -3.1364594 4.02417
10.348709 -3.172165 4.288391
10.265396 -3.0436249 4.5478516
10.377274 -2.9793549 4.776367
10.462967 -3.1888275 4.9644165
10.508194 -3.6101532 5.2714844
10.6462555 -4.110031 5.364319
10.93428 -4.4528046 5.261963
10.948563 -4.6527557 5.2905273
10.9414215 -4.545639 5.5285645
10.67482 -4.2742767 5.783264
10.541519 -4.03862 6.033203
10.427261 -3.9434052 6.199829
10.408218 -4.0600433 6.3164673
10.358231 -4.121933 6.3188477
10.296341 -4.1623993 6.290283
10.310623 -4.2861786 6.242676
10.246353 -4.469467 6.0808105
10.179703 -4.7479706 6.1712646
10.139236 -4.7551117 6.090332
9.948807 -4.6765594 6.121277
9.813126 -4.6884613 6.3188477
9.644119 -4.462326 6.5045166
9.544144 -4.443283 6.3950195
9.417984 -4.5242157 6.321228
9.127579 -4.564682 6.385498
8.975235 -4.621811 6.3497925
8.837173 -4.764633 6.373596
8.860977 -4.700363 6.3807373
8.584854 -4.533737 6.4973755
8.375381 -4.348068 6.635437
8.008804 -3.9624481 6.787781
7.827896 -3.8600922 7.0615234
7.6684113 -3.8481903 7.1567383
7.582718 -4.0219574 7.1186523
7.597 -4.257614 7.0615234
7.397049 -4.250473 6.9591675
6.994766 -4.005295 6.949646
6.692459 -3.724411 7.0115356
6.4139557 -3.493515 7.2019653
6.0402374 -3.0602875 7.1400757
5.4641876 -2.8746185 7.1972046
5.050003 -2.9698334 7.430481
4.826248 -2.865097 7.4281006
4.7262726 -2.7008514 7.23291
4.4311066 -2.4390106 7.1329346
4.1287994 -2.1367035 6.7854004
3.5789337 -1.7368011 6.859192
3.1338043 -1.6058807 7.199585
2.8576813 -1.389267 7.213867
2.5886993 -0.7703705 6.9901123
2.253067 -0.33000183 7.1257935
1.9102936 -0.3157196 7.2662354
1.5865631 -0.008651733 7.059143
1.4223175 0.34840393 6.937744
1.3723297 0.57691956 6.8068237
1.1890411 0.753067 6.9258423
0.9557648 0.5816803 7.263855
0.7534332 0.73402405 7.147217
0.5749054 1.1386871 7.090088
0.46540833 1.3457794 7.2281494
0.32496643 2.036087 7.109131
-0.06541443 2.5716705 7.149597
-0.30345154 2.8454132 7.328125
-0.27964783 2.8192291 7.4090576
-0.18205261 2.754959 7.4542847
-0.14872742 2.7954254 7.2686157
-0.09635925 2.671646 7.180542
-0.21299744 2.8668365 7.0805664
-0.39390564 3.1120148 7.032959
-0.5129242 3.2000885 7.1638794
-0.57481384 3.4381256 7.0758057
-0.6176605 3.4286041 7.135315
-0.5795746 3.2762604 7.237671
-0.45341492 3.1381989 7.320984
-0.35105896 3.069168 7.3519287
-0.3653412 3.0739288 7.3257446
-0.4462738 3.107254 7.278137
-0.6843109 3.2572174 7.373352
-0.8318939 3.20961 7.4780884
-0.8747406 3.2072296 7.5042725
-0.8414154 3.2524567 7.528076
-0.8675995 3.1953278 7.5423584
-0.83903503 3.1762848 7.7042236
-0.8176117 3.107254 7.880371
-0.86283875 3.2143707 8.089844
-0.90330505 3.1167755 8.223145
-0.8414154 3.1120148 8.304077
-0.9009247 3.0334625 8.315979
-0.9913788 3.0310822 8.492126
-1.0627899 3.0905914 8.57782
-1.0627899 3.0310822 8.727783
-1.0675507 2.978714 8.811096
-1.0627899 2.8930206 8.746826
-1.1461029 2.8430328 8.7039795
-1.2270355 2.850174 8.734924
-1.2960663 2.876358 8.830139
-1.2460785 2.895401 8.894409
-1.1889496 2.959671 9.003906
-1.0818329 2.9644318 9.018188
-1.0270844 3.0406036 9.056274
-1.0009003 3.0858307 9.053894
-1.0580292 3.1024933 9.02533
-1.1318207 3.171524 9.020569
-1.0913544 3.2072296 9.046753
-1.1222992 3.1786652 9.034851
-1.0556488 3.1858063 9.118164
-1.0651703 3.2310333 9.022949
-1.0580292 3.3357697 9.011047
-1.0865936 3.447647 8.989624
-1.0604095 3.511917 8.989624
-1.0199432 3.5976105 8.953918
-1.0485077 3.4738312 8.903931
-1.0175629 3.4119415 8.944397
-1.0461273 3.3262482 8.882507
-0.9580536 3.3024445 8.872986
-0.9747162 3.2905426 8.889648
-0.9509125 3.3048248 8.90155
-0.94615173 3.2524567 8.83728
-0.9509125 3.216751 8.877747
-0.97709656 3.1786652 8.937256
-1.0342255 3.1120148 9.015808
-1.0032806 3.1739044 8.982483
-1.0651703 3.1977081 9.034851
-1.0913544 3.152481 9.006287
-1.0723114 3.1667633 8.975342
-1.0627899 3.0905914 8.942017
-0.9842377 3.0644073 9.003906
-0.9580536 3.0144196 9.006287
-0.9509125 3.0739288 9.061035
-0.9723358 3.0453644 9.111023
-0.89378357 3.133438 9.103882
-0.91282654 3.1167755 9.058655
-0.941391 3.1739044 9.065796
-0.92948914 3.1501007 9.013428
-0.8842621 3.1215363 8.949158
-0.91044617 3.119156 8.96344
-0.9961395 3.0667877 8.9348755
-1.0104218 3.1167755 8.89679
-1.0032806 3.1096344 8.894409
-0.9985199 3.126297 8.920593
-1.0151825 3.1239166 8.987244
-0.9747162 3.088211 8.96106
-0.9794769 3.1405792 8.903931
-0.877121 3.1239166 8.972961
-0.8604584 3.1596222 9.03009
-0.8604584 3.1620026 9.051514
-0.83665466 3.133438 9.111023
-0.8675995 3.133438 9.022949
-0.87950134 3.0929718 9.106262
-0.85569763 3.1024933 9.022949
-0.8509369 3.0644073 9.058655
-0.86283875 3.0596466 8.972961
-0.9009247 3.035843 9.037231
-0.9056854 3.0263214 9.087219
-0.94377136 3.0763092 8.980103
-1.024704 3.0715485 8.953918
-1.0318451 3.0572662 8.975342
-1.0366058 3.0334625 8.89917
-0.9985199 3.0025177 8.906311
-1.0009003 2.9834747 8.911072
-1.024704 2.9382477 9.058655
-0.9961395 2.9358673 9.053894
-0.93663025 3.0334625 9.103882
-0.8675995 3.0525055 9.053894
-0.92710876 3.0548859 9.118164
-0.9056854 3.1310577 9.0896
-0.9080658 3.100113 9.032471
-0.8842621 3.119156 9.070557
-0.8842621 3.1167755 9.09436
-0.93663025 3.1239166 9.008667
-0.9390106 3.14534 9.056274
-0.8652191 3.1620026 8.984863
-0.85569763 3.2072296 8.96582
-0.8485565 3.1953278 8.908691
-0.8247528 3.2381744 8.818237
-0.8509369 3.1596222 8.663513
-0.89616394 3.216751 8.5373535
-0.8271332 3.1286774 8.446899
-0.8318939 3.107254 8.437378
-0.7842865 3.0715485 8.25647
-0.7914276 3.0596466 8.061279
-0.7342987 3.0715485 8.096985
-0.73191833 3.0477448 7.887512
-0.64860535 3.0334625 7.8756104
-0.62242126 2.9715729 7.718506
-0.49388123 2.9620514 7.6780396
-0.3796234 2.9096832 7.635193
-0.33439636 2.869217 7.48999
-0.32963562 2.933487 7.4328613
-0.38676453 2.9049225 7.3828735
-0.32725525 2.7192535 7.4066772
-0.23442078 2.638321 7.2471924
-0.027328491 2.3717194 7.066284
0.19642639 2.195572 6.982971
0.40351868 2.0789337 6.892517
0.43922424 2.0456085 6.7663574
0.37971497 2.0575104 6.680664
0.22261047 2.0337067 6.628296
0.15596008 1.7837677 6.6711426
0.22261047 1.6718903 6.454529
0.40589905 1.529068 6.3164673
0.62013245 1.3529205 6.283142
0.81770325 1.2910309 6.0736694
0.9295807 1.2553253 6.0022583
1.0390778 1.0196686 6.245056
1.2295074 0.4079132 6.4640503
1.5318146 0.055618286 6.121277
1.8412628 -0.22764587 5.8546753
2.162613 -0.613266 5.6309204
2.4173126 -0.6108856 5.2095947
2.6101227 -0.42997742 5.0596313
2.6910553 -0.34428406 5.0477295
2.8029327 -0.51091003 5.204834
3.1171417 -0.760849 5.269104
3.5836945 -1.2321625 5.507141
4.1597443 -1.7344208 5.533325
4.723892 -2.1771698 5.730896
5.2594757 -2.6960907 5.583313
5.7331696 -2.9127045 5.1834106
6.1164093 -3.0721893 4.8930054
6.3996735 -3.2269135 4.6430664
6.590103 -3.4720917 4.6049805
6.968582 -3.9791107 4.6763916
7.5660553 -4.186203 4.6240234
8.313492 -4.4218597 4.690674
9.151382 -4.686081 4.757324
9.934525 -4.7408295 4.7192383
10.486771 -4.5694427 4.435974
10.896194 -4.405197 4.15271
11.050919 -4.1838226 3.6742554
11.293716 -4.1005096 3.1220093
11.76265 -4.1457367 2.7601929
12.329178 -4.1457367 2.6102295
13.159927 -4.333786 2.4507446
14.0073395 -4.5099335 2.331726
14.747635 -4.764633 2.3079224
15.318924 -5.083603 2.2246094
15.754532 -5.2097626 1.9318237
15.654556 -5.454941 1.5557251
15.449844 -5.7024994 1.3890991
15.4189 -6.083359 1.5819092
15.48793 -6.430893 1.8723145
15.383194 -6.687973 2.10083
15.026138 -6.642746 2.2198486
14.640518 -6.290451 2.4578857
14.242996 -5.7667694 2.619751
13.778824 -5.0955048 2.517395
13.188492 -4.628952 2.4507446
12.450577 -4.2718964 2.4840698
11.6983795 -4.1005096 2.5911865
11.241348 -3.97435 2.850647
11.084244 -3.8505707 2.812561
11.12233 -3.5911102 2.767334
11.174698 -3.493515 2.7554321
11.098526 -3.338791 2.4436035
10.969986 -3.1626434 2.1889038
10.670059 -2.8341522 1.9603882
10.408218 -2.396164 1.8128052
10.139236 -1.9748383 1.7913818
9.872635 -1.6415863 1.6604614
9.627457 -1.4059296 1.6080933
9.32753 -1.3845062 1.484314
9.034744 -1.4106903 1.3962402
8.970474 -1.5439911 1.1653442
8.8824005 -1.6772919 1.0629883
8.932388 -1.8939056 0.95825195
8.937149 -2.1509857 0.88446045
9.034744 -2.3675995 0.87493896
9.194229 -2.4390106 0.7821045
9.322769 -2.569931 0.541687
9.610794 -2.6008759 0.4940796
9.765518 -2.5366058 0.33459473
9.829788 -2.4961395 0.27270508
9.84407 -2.312851 0.19177246
9.865494 -2.0843353 0.21081543
9.825027 -1.8248749 0.048950195
9.813126 -1.6415863 0.10369873
9.901199 -1.3987885 0.20605469
9.884537 -1.1893158 0.2631836
9.891678 -1.1131439 0.34173584
9.875015 -0.96318054 0.25604248
9.853592 -1.036972 0.24414063
9.84169 -1.0179291 0.19177246
9.791702 -1.0988617 0.2131958
9.739334 -1.2440643 0.2298584
9.667923 -1.2607269 0.16082764
9.708389 -1.2583466 0.33459473
9.701248 -1.1678925 0.29174805
9.708389 -1.1536102 0.31079102
9.679825 -1.1369476 0.2703247
9.64888 -1.0917206 0.23937988
9.565567 -1.158371 0.21557617
9.496536 -1.1893158 0.18939209
9.465591 -1.2274017 0.18701172
9.444168 -1.3178558 0.19891357
9.441788 -1.3797455 0.18463135
9.401321 -1.4440155 0.19891357
9.494156 -1.4606781 0.16082764
9.494156 -1.4797211 0.17034912
9.506058 -1.4106903 0.13464355
9.489395 -1.3202362 0.17034912
9.45369 -1.3416595 0.20843506
9.52034 -1.3678436 0.23699951
9.577469 -1.4487762 0.16320801
9.613174 -1.5892181 0.10845947
9.729813 -1.7225189 0.07751465
9.71077 -1.6963348 0.070373535
9.6465 -1.5939789 0.041809082
9.615555 -1.4368744 0.070373535
9.641739 -1.3583221 0.17034912
9.556046 -1.305954 0.18463135
9.548904 -1.3226166 0.15130615
9.603653 -1.4106903 0.17510986
9.503677 -1.4225922 0.05847168
9.498917 -1.4892426 0.051330566
9.506058 -1.4797211 -0.0034179688
9.475113 -1.4559174 0.013244629
9.489395 -1.4011688 -0.0010375977
9.541763 -1.3797455 -0.0034179688
9.553665 -1.4321136 0.0013427734
9.4917755 -1.47258 0.013244629
9.539383 -1.5320892 0.06323242
9.601273 -1.6106415 0.09655762
9.634598 -1.6677704 0.03466797
9.596512 -1.6868134 0.08465576
9.629837 -1.5749359 0.115600586
9.589371 -1.3607025 0.22033691
9.570328 -1.2821503 0.2631836
9.563187 -1.2607269 0.28936768
9.52034 -1.2845306 0.3369751
9.508438 -1.3202362 0.39172363
9.482254 -1.3464203 0.2869873
9.451309 -1.4606781 0.28936768
9.401321 -1.563034 0.20129395
9.420364 -1.6273041 0.21557617
9.448929 -1.6225433 0.17510986
9.470352 -1.5130463 0.23699951
9.434647 -1.4225922 0.30126953
9.425125 -1.415451 0.28460693
9.403702 -1.3916473 0.36315918
9.429886 -1.4130707 0.33935547
9.451309 -1.4606781 0.24176025
9.425125 -1.5249481 0.15130615
9.403702 -1.5915985 0.18463135
9.346573 -1.6415863 0.1965332
9.332291 -1.6296844 0.1394043
9.313248 -1.5915985 0.15368652
9.460831 -1.5677948 0.16558838
9.5108185 -1.5201874 0.12988281
9.5108185 -1.5654144 0.14416504
9.448929 -1.582077 0.21795654
9.467972 -1.5892181 0.21557617
9.434647 -1.6225433 0.28222656
9.432266 -1.5701752 0.31555176
9.437027 -1.4821014 0.34887695
9.415604 -1.4606781 0.34649658
9.384659 -1.4844818 0.27508545
9.45369 -1.5059052 0.38220215
9.451309 -1.5439911 0.2703247
9.451309 -1.6534882 0.3203125
9.420364 -1.7153778 0.30841064
9.460831 -1.6606293 0.27746582
9.477493 -1.5725555 0.25128174
9.52034 -1.5011444 0.22033691
9.548904 -1.5344696 0.29888916
9.532242 -1.4940033 0.30603027
9.560806 -1.5011444 0.3131714
9.589371 -1.4940033 0.30603027
9.591751 -1.4892426 0.28936768
9.629837 -1.5439911 0.2965088
9.641739 -1.6225433 0.30841064
9.64888 -1.5749359 0.24176025
9.617935 -1.5939789 0.2298584
9.570328 -1.5677948 0.2131958
9.541763 -1.5654144 0.28460693
9.532242 -1.5511322 0.25128174
9.52034 -1.4797211 0.246521
9.544144 -1.4630585 0.22747803
9.489395 -1.4202118 0.17272949
9.494156 -1.3607025 0.20129395
9.470352 -1.3630829 0.17272949
9.432266 -1.3678436 0.17272949
9.377518 -1.3940277 0.15368652
9.358475 -1.4106903 0.07989502
9.367996 -1.517807 0.08227539
9.379898 -1.5796967 0.06561279
9.372757 -1.6630096 0.022766113
9.387039 -1.6915741 0.06561279
9.472733 -1.6772919 0.12512207
9.45845 -1.6677704 0.110839844
9.446548 -1.5725555 0.16796875
9.515579 -1.5535126 0.22033691
9.537003 -1.5082855 0.23937988
9.546524 -1.5320892 0.20367432
9.594131 -1.4463959 0.26556396
9.598892 -1.4701996 0.2869873
9.596512 -1.4606781 0.3441162
9.622696 -1.4559174 0.28222656
9.570328 -1.4868622 0.2965088
9.589371 -1.3845062 0.2965088
9.560806 -1.3987885 0.28936768
9.556046 -1.4249725 0.26794434
9.52034 -1.5225677 0.33935547
9.503677 -1.517807 0.32983398
9.4917755 -1.5606537 0.33935547
9.494156 -1.5701752 0.31793213
9.463211 -1.60112 0.20843506
9.52272 -1.6225433 0.32269287
9.496536 -1.5344696 0.28936768
9.45369 -1.5915985 0.32269287
9.463211 -1.6582489 0.34173584
9.4917755 -1.684433 0.35125732
9.52272 -1.7106171 0.2869873
9.503677 -1.6677704 0.29888916
9.541763 -1.6963348 0.28222656
9.534622 -1.6772919 0.3536377
9.567947 -1.5915985 0.33459473
9.534622 -1.6082611 0.2965088
9.529861 -1.5868378 0.3774414
9.498917 -1.5439911 0.33221436
9.487015 -1.5606537 0.39886475
9.45607 -1.5463715 0.3036499
9.484634 -1.6035004 0.2869873
9.45607 -1.6368256 0.21557617
9.496536 -1.6749115 0.2536621
9.475113 -1.6368256 0.2536621
9.508438 -1.6701508 0.25604248
9.52272 -1.6082611 0.19415283
9.560806 -1.5320892 0.21795654
9.515579 -1.5416107 0.25128174
9.570328 -1.5796967 0.22033691
9.501297 -1.5701752 0.2298584
9.508438 -1.5297089 0.28460693
9.51796 -1.5130463 0.16320801
9.515579 -1.4797211 0.20843506
9.503677 -1.4654388 0.20843506
9.487015 -1.5011444 0.23223877
9.446548 -1.4963837 0.2703247
9.45845 -1.4940033 0.26080322
9.446548 -1.5511322 0.19177246
9.415604 -1.4940033 0.21081543
9.451309 -1.4749603 0.27270508
9.467972 -1.4392548 0.2965088
9.470352 -1.4701996 0.24414063
9.515579 -1.4940033 0.3274536
9.553665 -1.5392303 0.34887695
9.546524 -1.6344452 0.34649658
9.52034 -1.6511078 0.3441162
9.539383 -1.6630096 0.31079102
9.537003 -1.6511078 0.31793213
9.4917755 -1.6249237 0.32507324
9.5108185 -1.6035004 0.3441162
9.529861 -1.6344452 0.37982178
9.551285 -1.6439667 0.3607788
9.529861 -1.6558685 0.31793213
Time Stop = 6641
