Time Start = 6465
0.9224396 3.8308868 9.120544
0.8367462 3.8213654 8.992004
0.6725006 3.857071 8.975342
0.52253723 3.985611 8.887268
0.49873352 3.992752 8.763489
0.5891876 3.9713287 8.742065
0.59632874 3.8784943 8.627808
0.527298 3.876114 8.658752
0.40589905 3.8784943 8.677795
0.36543274 3.8308868 8.561157
0.360672 3.6618805 8.587341
0.43922424 3.6095123 8.542114
0.5439606 3.4428864 8.570679
0.5249176 3.4000397 8.549255
0.50349426 3.383377 8.70874
0.49635315 3.4071808 8.70636
0.40589905 3.4286041 8.725403
0.4178009 3.440506 8.853943
0.42494202 3.3905182 8.796814
0.49397278 3.3881378 8.77063
0.51301575 3.3214874 8.725403
0.5511017 3.3548126 8.64447
0.49397278 3.3857574 8.649231
0.47016907 3.4524078 8.630188
0.42256165 3.4952545 8.527832
0.42494202 3.4833527 8.501648
0.47016907 3.447647 8.418335
0.4416046 3.395279 8.413574
0.3773346 3.414322 8.420715
0.4344635 3.4428864 8.349304
0.40351868 3.4762115 8.3064575
0.46540833 3.5714264 8.230286
0.6058502 3.497635 8.268372
0.7962799 3.5261993 8.180298
0.85102844 3.4714508 8.046997
0.91767883 3.5738068 7.9993896
0.81056213 3.5833282 7.866089
0.7700958 3.7594757 7.782776
0.6915436 3.8665924 7.7542114
0.7058258 3.940384 7.6518555
0.7082062 3.9689484 7.5352173
0.67726135 3.909439 7.404297
0.5320587 3.671402 7.5875854
0.30116272 3.3738556 7.611389
0.010757446 3.2000885 7.642334
-0.25584412 3.0905914 7.5494995
-0.44151306 3.2048492 7.559021
-0.35820007 3.3905182 7.782776
-0.27726746 3.7475739 7.820862
-0.124923706 3.985611 8.044617
-0.07017517 4.0974884 8.058899
-0.14634705 4.371231 7.949402
-0.21775818 4.306961 7.804199
-0.19395447 4.1379547 7.48999
-0.14872742 4.049881 6.9401245
-0.07255554 4.0855865 6.5949707
-0.0677948 4.2664948 6.65448
-0.26774597 4.6544952 6.885376
-0.48912048 4.6116486 7.7946777
-0.6128998 4.549759 8.611145
-0.7533417 4.4712067 9.046753
-0.9056854 4.2212677 9.046753
-0.89616394 3.845169 9.099121
-0.7842865 3.3143463 9.041992
-0.63194275 2.6287994 8.813477
-0.37486267 1.7480621 8.732544
0.31782532 0.5554962 8.968201
1.1890411 -0.21336365 8.984863
2.1078644 -0.81321716 9.370483
2.8862457 -0.80607605 9.827515
3.0385895 -0.3252411 9.939392
2.6981964 0.17463684 10.141724
2.3958893 0.0460968 10.034607
2.5339508 -0.5608978 9.970337
3.112381 -1.3583221 9.508545
3.5860748 -2.56279 9.268127
3.9574127 -3.5077972 8.953918
4.3596954 -3.807724 9.189575
4.338272 -3.6291962 9.765625
4.1668854 -3.300705 10.05365
4.266861 -2.9507904 9.725159
4.281143 -2.8555756 8.982483
4.4691925 -3.898178 8.608765
4.869095 -4.8384247 8.38739
5.042862 -4.912216 8.70636
4.4501495 -4.217148 9.122925
3.997879 -3.5649261 9.310974
3.9693146 -3.2697601 9.422852
3.9431305 -3.1316986 9.137207
4.1407013 -3.0626678 8.977722
4.2240143 -2.8627167 8.815857
4.2121124 -2.8508148 8.696838
4.2906647 -2.910324 8.630188
4.4763336 -2.8627167 8.849182
4.1883087 -2.5389862 8.908691
4.285904 -2.4818573 9.201477
4.278763 -2.672287 9.180054
4.06929 -2.5151825 9.15863
5.3356476 -2.5080414 9.553772
6.159256 -1.7510834 11.329529
4.9571686 -1.0964813 12.098389
3.7765045 -1.0084076 11.691345
3.1052399 -1.4821014 10.520203
4.445389 -1.1464691 8.913452
5.133316 -0.38475037 8.872986
3.6860504 -0.47520447 9.529968
2.9957428 -0.8274994 9.339539
2.6029816 -1.9510345 8.96106
3.202835 -2.9127045 7.013916
2.8672028 -3.2745209 7.9470215
1.957901 -2.9269867 8.951538
1.4699249 -3.4125824 9.034851
1.4937286 -3.9624481 9.953674
1.2533112 -3.1483612 10.515442
0.6058502 -2.3366547 12.662537
0.57728577 -2.062912 12.583984
0.4749298 -2.4461517 12.145996
0.3773346 -2.7127533 12.024597
0.39161682 -2.6294403 11.950806
0.37971497 -2.3152313 11.677063
0.37971497 -1.877243 11.886536
0.07740784 -1.9843597 11.484253
-0.008285522 -2.0081635 10.451172
-0.055892944 -1.6415863 10.017944
-0.124923706 -1.3464203 9.932251
-0.21537781 -1.1559906 9.815613
-0.1749115 -1.3535614 9.958435
-0.27488708 -1.3773651 9.98938
-0.43675232 -1.3916473 9.858459
-0.47721863 -1.6035004 9.79895
-0.5557709 -1.9486542 9.613281
-0.5129242 -2.4651947 9.658508
-0.45341492 -2.729416 9.891785
-0.45817566 -2.967453 10.348816
-0.48197937 -2.9341278 10.770142
-0.39152527 -2.9246063 10.510681
-0.32725525 -2.7579803 10.170288
-0.29631042 -2.6056366 10.05365
-0.18681335 -2.4889984 9.677551
-0.16539001 -2.2152557 9.334778
-0.101119995 -2.4770966 9.272888
-0.027328491 -2.7722626 9.425232
-0.034469604 -2.9626923 9.556152
-0.04875183 -2.967453 9.958435
-0.008285522 -2.9888763 10.251221
0.15596008 -3.1745453 10.24884
0.17262268 -3.1840668 10.032227
0.32258606 -2.8984222 9.718018
0.23451233 -3.436386 9.865601
0.277359 -3.6815643 9.613281
0.48683167 -3.3554535 9.47998
0.6486969 -3.1364594 9.380005
0.8534088 -2.967453 9.484741
0.9438629 -2.8412933 9.6085205
0.93196106 -2.8746185 9.706116
0.94148254 -2.9079437 9.60376
0.970047 -3.1840668 9.28479
0.9938507 -3.1888275 9.134827
1.0271759 -3.0983734 9.077698
1.1509552 -2.7794037 9.108643
1.3628082 -2.6056366 9.239563
1.3580475 -2.7532196 9.34906
1.4485016 -2.9246063 9.429993
1.3390045 -3.1102753 9.446655
1.3009186 -3.391159 9.503784
1.3009186 -3.6815643 9.427612
1.4580231 -3.538742 9.470459
1.6770172 -3.3744965 9.568054
1.791275 -3.3054657 9.634705
2.003128 -3.217392 9.565674
2.098343 -3.179306 9.513306
2.1602325 -3.1293182 9.401428
2.2649689 -3.1055145 9.444275
2.253067 -3.0650482 9.372864
2.374466 -3.1245575 9.399048
2.3792267 -3.2935638 9.391907
2.40065 -3.4387665 9.501404
2.3244781 -3.4459076 9.529968
2.4030304 -3.384018 9.170532
2.4054108 -3.422104 8.673035
2.4339752 -3.4268646 8.368347
2.3911285 -3.5458832 7.9660645
2.4339752 -3.660141 7.6780396
2.503006 -3.6101532 7.720886
2.695816 -3.5363617 7.816101
2.7481842 -3.6482391 8.563538
2.483963 -3.7148895 8.913452
2.8195953 -3.5030365 8.972961
2.9790802 -3.4720917 8.780151
2.983841 -3.3744965 8.542114
2.9743195 -3.0293427 8.361206
3.0124054 -3.0007782 8.454041
2.9766998 -3.281662 8.682556
3.0504913 -3.519699 8.792053
3.1147614 -3.7101288 8.784912
3.0433502 -3.9457855 8.96344
2.9671783 -4.1885834 9.134827
2.9029083 -4.083847 9.039612
3.0385895 -3.8220062 8.853943
3.1718903 -3.5815887 8.44928
3.214737 -3.5363617 8.287415
3.286148 -3.5458832 8.168396
3.2552032 -3.4435272 8.216003
3.1933136 -3.5268402 8.270752
3.1290436 -3.5292206 8.525452
3.1219025 -3.6006317 8.806335
3.1599884 -3.7601166 9.058655
3.0719147 -3.7601166 8.89679
3.0385895 -3.531601 8.699219
3.0623932 -3.3792572 8.520691
3.002884 -3.2459564 8.468323
2.938614 -3.0983734 8.432617
3.0124054 -3.0460052 8.630188
3.0171661 -2.9698334 8.689697
3.0695343 -2.8174896 8.6206665
3.0266876 -2.8079681 8.903931
3.0433502 -3.1293182 9.006287
3.0885773 -3.3935394 9.15863
3.048111 -3.5554047 9.2300415
2.971939 -3.679184 9.2229
2.855301 -3.8101044 9.263367
2.7505646 -3.8315277 9.206238
2.8291168 -3.7386932 9.215759
2.9171906 -3.5815887 9.253845
2.9219513 -3.3744965 9.208618
2.971939 -3.3792572 9.330017
3.0124054 -3.3673553 9.337158
2.9790802 -3.172165 9.270508
2.945755 -3.1031342 9.077698
3.0385895 -3.217392 8.987244
2.9814606 -3.2269135 8.784912
2.9338531 -3.307846 8.437378
2.8695831 -3.2197723 8.19458
2.8767242 -3.1055145 8.030334
3.029068 -2.7889252 7.9470215
3.138565 -2.441391 8.123169
3.067154 -2.4437714 8.401672
3.1528473 -2.7841644 8.884888
3.2052155 -3.0817108 9.120544
3.150467 -3.2411957 9.139587
3.1433258 -3.384018 9.163391
3.0314484 -3.4601898 9.02771
3.0790558 -3.3149872 8.8349
2.9957428 -3.2911835 9.101501
2.8791046 -3.557785 9.272888
3.036209 -3.5101776 9.256226
3.0623932 -3.3483124 9.227661
3.0504913 -3.281662 9.199097
2.9695587 -3.2340546 9.277649
2.926712 -3.1674042 9.265747
2.9600372 -3.2126312 9.310974
3.002884 -3.2316742 9.391907
2.9957428 -3.2292938 9.356201
3.0838165 -3.2792816 9.320496
3.055252 -3.2340546 9.3966675
3.16951 -3.0364838 9.02771
3.2552032 -2.8555756 9.237183
3.1076202 -2.7651215 9.3966675
3.3932648 -2.6770477 9.206238
3.1171417 -2.8722382 9.299072
3.0457306 -2.9626923 8.853943
3.214737 -3.031723 8.518311
3.119522 -3.0912323 8.511169
2.9671783 -3.1245575 8.592102
2.938614 -2.9888763 8.725403
2.9576569 -2.8722382 8.827759
2.990982 -2.838913 8.794434
2.9981232 -2.8865204 8.83728
3.0623932 -2.7794037 8.723022
3.0885773 -2.7222748 8.701599
3.2052155 -2.6580048 8.444519
3.1599884 -2.679428 8.3064575
3.138565 -2.698471 8.225525
3.1361847 -2.6746674 8.377869
3.1171417 -2.7960663 8.684937
3.1980743 -2.967453 8.861084
3.0957184 -2.9912567 9.170532
3.0980988 -2.8912811 9.41333
2.9600372 -2.7960663 9.587097
3.0457306 -2.717514 9.858459
3.029068 -2.6008759 9.915588
2.9671783 -2.7960663 9.751343
2.945755 -3.0222015 9.587097
3.0124054 -3.236435 9.484741
3.0719147 -3.3863983 9.28479
3.2123566 -3.512558 9.453796
3.5979767 -3.3435516 9.598999
4.0074005 -3.2840424 9.21814
3.8264923 -3.095993 9.556152
4.0121613 -2.3366547 9.546631
4.5263214 -1.6606293 9.446655
4.676285 -1.3130951 8.956299
4.38826 -1.1107635 9.465698
4.4953766 -0.47520447 9.41333
4.588211 -0.58470154 9.175293
4.4311066 -0.9250946 9.277649
4.857193 -0.3157196 8.080322
3.509903 -0.3990326 7.8494263
3.9478912 0.077041626 8.301697
4.5834503 0.41505432 8.020813
5.0452423 0.51026917 8.149353
5.0642853 0.72450256 7.8946533
5.0976105 0.61976624 8.042236
4.9952545 0.6150055 7.7423096
4.588211 0.29127502 7.309082
4.114517 -0.5561371 6.9853516
4.3168488 -0.7941742 6.980591
4.112137 -0.8751068 7.078186
3.5075226 -0.7132416 6.923462
3.3313751 -0.4228363 6.628296
2.9766998 -0.6299286 5.942749
2.8386383 -0.67515564 5.6951904
3.0076447 -0.972702 5.461914
3.074295 -1.2559662 5.43573
3.1409454 -1.6677704 5.2214966
3.0219269 -2.0414886 5.235779
3.067154 -2.331894 5.5
3.1861725 -2.6841888 5.7213745
3.4480133 -3.1293182 5.5737915
3.55513 -3.2864227 5.071533
3.6146393 -3.3030853 4.595459
3.8598175 -3.2316742 3.9646606
4.285904 -3.2911835 3.5076294
4.7381744 -3.3126068 2.9768066
5.133316 -3.2340546 2.4959717
5.4499054 -3.1864471 2.3912354
5.909317 -3.307846 2.498352
6.44014 -3.4601898 2.6625977
7.2994537 -3.7791595 2.8292236
8.073074 -4.1243134 2.7601929
8.927628 -4.314743 2.4674072
9.665543 -4.3504486 2.0222778
10.398697 -4.345688 1.77948
11.067581 -4.307602 1.6485596
11.822159 -4.352829 1.9365845
12.548172 -4.4409027 2.215088
13.317032 -4.595627 2.286499
13.962112 -4.995529 2.4174194
14.502457 -5.288315 2.2198486
14.983292 -5.521591 1.8937378
15.4189 -5.5120697 1.4819336
15.571243 -5.7548676 1.1820068
15.559341 -6.1404877 0.9296875
15.273697 -6.3451996 0.8392334
14.683365 -6.5570526 0.70355225
13.971634 -6.7736664 0.8392334
13.233719 -6.7760468 0.9796753
12.602921 -6.6903534 1.0368042
12.226822 -6.442795 1.0391846
11.95546 -6.0167084 1.2938843
11.791214 -5.507309 1.2200928
11.815018 -4.974106 1.2629395
11.803116 -4.557541 1.3153076
11.567459 -4.2647552 1.4033813
11.25087 -4.1647797 1.3581543
10.958084 -3.9862518 1.2629395
10.54866 -3.7482147 1.0796509
10.263016 -3.6839447 1.0796509
9.90358 -3.5887299 1.0510864
9.656021 -3.6268158 1.0010986
9.45607 -3.7291718 0.8201904
9.258499 -3.7791595 0.7059326
9.163284 -3.8505707 0.7059326
9.065689 -3.871994 0.7011719
9.063309 -3.6649017 0.6749878
9.139481 -3.4316254 0.7463989
9.248978 -3.3316498 0.8463745
9.341812 -3.3411713 0.939209
9.406082 -3.4078217 0.99157715
9.487015 -3.3506927 0.8535156
9.560806 -3.3126068 0.87493896
9.567947 -3.134079 0.7559204
9.594131 -2.9246063 0.7249756
9.665543 -2.8079681 0.7178345
9.815506 -2.7508392 0.5916748
9.896439 -2.7913055 0.51312256
9.979752 -2.7794037 0.48931885
10.127335 -2.7032318 0.39648438
10.201126 -2.6056366 0.32507324
10.127335 -2.5151825 0.28222656
10.048782 -2.3223724 0.2631836
9.986893 -2.1866913 0.22747803
9.886917 -1.8058319 0.14178467
9.803604 -1.5201874 0.23461914
9.641739 -1.2274017 0.31793213
9.563187 -0.90605164 0.29412842
9.477493 -0.8346405 0.38458252
9.372757 -0.9108124 0.2798462
9.360855 -0.972702 0.2536621
9.372757 -1.0821991 0.12036133
9.313248 -1.0893402 0.025146484
9.294205 -0.94651794 -0.09387207
9.370377 -0.68229675 -0.0748291
9.460831 -0.47044373 0.03466797
9.51796 -0.30619812 -0.0010375977
9.532242 -0.3657074 0.03942871
9.484634 -0.5132904 -0.043884277
9.387039 -0.7108612 0.0061035156
9.241837 -1.0203094 -0.00579834
9.291824 -1.0441132 -0.13671875
9.387039 -1.1250458 -0.11529541
9.4275055 -1.0322113 -0.12957764
9.489395 -1.0441132 -0.11291504
9.589371 -1.0583954 -0.124816895
9.746475 -1.1536102 -0.13909912
9.877396 -1.2297821 -0.26049805
9.9535675 -1.3630829 -0.2723999
9.901199 -1.3678436 -0.24145508
9.917862 -1.3154755 -0.10101318
9.894058 -1.3154755 0.03704834
9.891678 -1.2821503 0.115600586
9.882156 -1.3083344 0.15368652
9.948807 -1.3273773 0.19415283
9.960709 -1.2797699 0.29888916
9.948807 -1.2916718 0.3607788
9.808365 -1.3845062 0.44171143
9.706009 -1.498764 0.43695068
9.636978 -1.6487274 0.44171143
9.636978 -1.7272797 0.38220215
9.58699 -1.7629852 0.31079102
9.606033 -1.7606049 0.12036133
9.601273 -1.8177338 0.16320801
9.603653 -1.8462982 0.15130615
9.553665 -1.9391327 0.089416504
9.482254 -2.0129242 0.12036133
9.410843 -2.1033783 0.070373535
9.287064 -2.1557465 0.048950195
9.248978 -2.1557465 -0.0010375977
9.253738 -2.1962128 -0.09625244
9.282303 -2.1438446 -0.081970215
9.277542 -2.1343231 -0.09387207
9.353714 -2.127182 -0.08673096
9.339432 -2.081955 -0.16290283
9.413223 -2.1295624 -0.15814209
9.403702 -2.165268 -0.09625244
9.432266 -2.1057587 -0.18670654
9.475113 -2.081955 -0.15100098
9.539383 -2.1152802 -0.081970215
9.572708 -2.1390839 -0.043884277
9.603653 -2.172409 -0.14147949
9.551285 -2.2200165 -0.06768799
9.544144 -2.1486053 -0.017700195
9.534622 -1.9534149 0.018005371
9.489395 -1.896286 0.044189453
9.463211 -1.9081879 0.06323242
9.415604 -1.8629608 0.10845947
9.420364 -1.8724823 0.15130615
9.410843 -1.877243 0.089416504
9.339432 -1.9462738 0.091796875
9.296585 -1.9081879 -0.05340576
9.356094 -1.9415131 -0.034362793
9.358475 -1.9700775 -0.07720947
9.398941 -1.9177094 -0.043884277
9.437027 -1.8367767 -0.07006836
9.475113 -1.8582001 -0.022460938
9.45369 -1.9010468 -0.11529541
9.460831 -1.9391327 -0.13671875
9.479874 -1.8796234 -0.1652832
9.539383 -1.8201141 -0.13671875
9.487015 -1.8343964 -0.07244873
9.513199 -1.8701019 -0.15338135
9.513199 -1.8796234 -0.041503906
9.551285 -1.8653412 -0.15338135
9.532242 -1.8367767 -0.010559082
9.489395 -1.786789 0.05847168
9.487015 -1.7415619 0.015625
9.446548 -1.7701263 0.05609131
9.413223 -1.72966 0.06085205
9.420364 -1.7534637 0.10369873
9.406082 -1.79393 -0.0034179688
9.32515 -1.8582001 0.09655762
9.2799225 -1.9486542 0.08465576
9.26326 -1.8986664 0.089416504
9.339432 -1.8296356 0.032287598
9.337051 -1.8629608 0.018005371
9.413223 -1.8343964 0.046569824
9.422745 -1.8486786 -0.031982422
9.460831 -1.8939056 0.07751465
9.448929 -1.9058075 0.09893799
9.470352 -1.9748383 0.10369873
9.515579 -2.0676727 0.12036133
9.494156 -2.0129242 0.070373535
9.527481 -2.0581512 0.094177246
9.5108185 -2.024826 0.08465576
9.553665 -2.0034027 0.10369873
9.527481 -2.0319672 0.067993164
9.527481 -2.036728 0.046569824
9.527481 -2.0748138 0.1060791
9.532242 -2.0986176 0.03704834
9.537003 -2.0724335 -0.017700195
9.541763 -2.0272064 0.03466797
9.5108185 -2.024826 0.0037231445
9.501297 -2.005783 0.07513428
9.446548 -1.9629364 0.025146484
9.45845 -1.9391327 0.048950195
9.434647 -1.8534393 0.05847168
9.372757 -1.8677216 0.041809082
9.32991 -1.9058075 0.1060791
9.341812 -1.9034271 0.018005371
9.403702 -1.9224701 0.018005371
Time Stop = 6470
