Time Start = 6431
1.1747589 2.785904 9.199097
1.1914215 2.8192291 9.103882
1.2104645 2.8668365 8.863464
1.2223663 2.8787384 8.632568
1.2437897 2.793045 8.544495
1.2057037 2.6216583 8.380249
1.1652374 2.4812164 8.168396
1.0938263 2.3526764 8.044617
1.1342926 2.331253 8.039856
1.1699982 2.240799 8.113647
1.2128448 2.112259 8.044617
1.0843048 1.9813385 7.994629
0.8486481 1.8504181 8.151733
0.63679504 1.8218536 8.301697
0.55348206 1.8313751 8.363586
0.6248932 1.7528229 8.3897705
0.7724762 1.6242828 8.520691
0.8605499 1.5076447 8.651611
0.87483215 1.3386383 8.656372
0.9105377 1.2029572 8.668274
0.9438629 1.086319 8.596863
0.94862366 1.1148834 8.454041
0.87483215 1.2481842 8.446899
0.79151917 1.252945 8.601624
0.7629547 1.2267609 8.777771
0.6963043 1.298172 8.637329
0.739151 1.2719879 8.751587
0.62727356 1.1006012 8.639709
0.42970276 0.79115295 8.663513
0.18214417 0.52693176 8.64447
-0.06541443 0.43647766 8.739685
-0.101119995 0.31983948 9.008667
-0.015426636 0.29603577 9.322876
0.16786194 0.2531891 9.437134
0.2535553 0.053237915 9.494263
0.2368927 -0.23240662 9.570435
-0.08921814 -0.7203827 9.589478
-0.5129242 -1.0869598 9.760864
-0.5724335 -1.3464203 9.901306
-0.4058075 -1.3868866 9.910828
-0.20347595 -1.389267 9.689453
-0.18443298 -1.3726044 9.644226
-0.26774597 -1.7463226 9.908447
-0.23442078 -2.5080414 10.067932
0.046463013 -3.2911835 9.665649
0.21546936 -3.936264 9.35144
0.08930969 -4.2742767 9.368103
-0.15586853 -3.9910126 9.687073
-0.3796234 -3.583969 10.334534
-0.3224945 -3.0983734 10.948669
-0.19871521 -2.7436981 10.941528
-0.103500366 -2.986496 11.215271
0.3035431 -3.8886566 11.474731
1.0366974 -4.3575897 11.112915
1.643692 -4.6265717 10.791565
1.8769684 -4.700363 10.667786
2.022171 -4.288559 10.841553
1.9079132 -3.7029877 11.455688
1.7769928 -3.236435 11.972229
1.8007965 -2.9817352 12.205505
1.9150543 -3.0602875 11.879395
1.9888458 -3.3149872 11.181946
1.9174347 -3.6101532 10.786804
1.791275 -3.705368 10.655884
1.6198883 -3.2983246 10.648743
1.2366486 -2.9626923 10.622559
0.9557648 -2.5009003 10.551147
0.5749054 -2.036728 10.141724
0.37971497 -1.7653656 9.998901
0.18928528 -1.6558685 9.570435
0.09883118 -1.9843597 9.227661
0.07740784 -2.4437714 9.0896
0.21546936 -3.236435 9.341919
0.4677887 -3.512558 9.322876
0.6486969 -3.1174164 9.203857
0.6320343 -2.6889496 8.977722
0.5439606 -2.3533173 8.808716
0.48207092 -2.089096 8.887268
0.5344391 -2.0081635 8.913452
0.7153473 -2.1486053 9.020569
0.9033966 -2.4628143 9.032471
1.3961334 -2.8722382 8.980103
1.7484283 -3.0198212 8.751587
1.8484039 -2.7579803 8.442139
1.8650665 -2.3271332 8.06366
1.8055573 -1.9010468 8.054138
1.9674225 -1.6701508 8.263611
2.2006989 -1.4035492 8.404053
2.298294 -1.3273773 8.432617
2.381607 -1.5749359 8.137451
2.650589 -1.8939056 8.070801
3.0457306 -1.9010468 8.168396
3.562271 -1.555893 8.339783
3.7979279 -0.99412537 8.220764
3.645584 -0.4061737 8.025574
3.6146393 -0.2823944 7.8065796
3.7979279 -0.6608734 7.5185547
3.978836 -1.5606537 6.9472656
5.2451935 -2.3795013 7.706604
7.325638 -3.14122 7.6589966
8.563431 -4.0671844 9.127686
5.7902985 -2.191452 11.71991
3.3551788 0.24128723 12.595886
3.5313263 -0.21574402 11.262878
5.7141266 -3.198349 9.720398
7.225662 -5.5882416 9.137207
3.9550323 -5.983383 9.760864
2.0078888 -2.608017 10.663025
1.6865387 -0.46568298 10.734436
2.6458282 -1.6558685 9.656128
3.3789825 -2.7270355 9.537109
2.298294 -1.4273529 9.684692
2.8100739 -0.7132416 8.920593
5.6093903 -0.5561371 7.3328857
5.035721 0.26985168 8.530212
4.407303 -0.051498413 10.360718
3.8574371 -1.7748871 9.898926
2.541092 -2.0581512 10.979614
1.7341461 -1.9367523 11.624695
1.7008209 -1.9058075 11.151001
1.4365997 -1.1179047 10.577332
1.3271027 -1.3273773 10.43927
0.9795685 -1.5606537 10.605896
0.97480774 -2.0129242 10.591614
1.0819244 -1.7629852 10.494019
1.2509308 -1.4035492 10.322632
1.3390045 -1.2535858 10.172668
1.5103912 -1.2512054 9.958435
1.6555939 -1.2702484 9.527588
1.727005 -1.2845306 9.403809
1.6793976 -1.3726044 9.41095
1.8531647 -1.4868622 9.161011
1.9150543 -1.6106415 8.911072
1.9198151 -1.5749359 8.906311
2.060257 -1.3011932 9.034851
1.9555206 -1.453537 9.132446
2.1197662 -1.4582977 9.2300415
2.0245514 -1.7320404 9.484741
2.022171 -1.7820282 9.817993
2.0459747 -1.5749359 9.960815
2.022171 -1.4249725 9.867981
2.1364288 -1.3416595 9.625183
2.124527 -1.3845062 9.610901
2.2316437 -1.4940033 9.441895
2.3482819 -1.3749847 9.47522
2.2887726 -1.5392303 9.439514
2.317337 -1.6368256 9.125305
2.3220978 -1.7153778 9.080078
2.4625397 -1.8915253 9.134827
2.4601593 -1.9653168 8.975342
2.476822 -1.684433 8.853943
2.4863434 -1.6701508 9.037231
2.52919 -1.767746 9.175293
2.6006012 -1.8558197 9.189575
2.7577057 -1.7844086 9.106262
2.771988 -1.5416107 9.35144
2.6006012 -1.5487518 9.368103
2.7220001 -1.8629608 9.270508
2.6172638 -1.9962616 9.310974
2.6458282 -1.8177338 9.394287
2.5982208 -1.8343964 9.453796
2.6815338 -1.8605804 9.299072
2.5458527 -1.6344452 9.215759
2.5244293 -1.3416595 9.28241
2.5387115 -1.4892426 9.182434
2.4720612 -1.3940277 8.939636
2.374466 -1.3011932 9.061035
2.329239 -1.1464691 9.253845
2.2649689 -1.3321381 9.315735
2.2197418 -1.4202118 9.518066
2.0888214 -1.6273041 9.579956
2.2887726 -1.66539 9.79895
2.2840118 -1.4225922 9.720398
2.6720123 -1.7439423 9.694214
3.3099518 -2.0652924 9.677551
3.1052399 -2.6699066 9.579956
2.676773 -3.0150604 9.310974
2.362564 -3.0793304 9.320496
2.150711 -2.6770477 9.244324
2.381607 -1.9177094 9.513306
2.5315704 -1.6820526 9.951294
2.4292145 -2.0652924 10.160767
2.2935333 -2.4318695 10.017944
2.214981 -2.4889984 9.879883
2.1007233 -2.3556976 9.901306
2.1126251 -2.1152802 9.432373
2.3697052 -1.9058075 9.099121
2.3411407 -1.9034271 8.89679
2.5553741 -1.7344208 9.172913
2.855301 -1.5439911 9.299072
2.9933624 -1.7201385 9.225281
3.1219025 -2.1938324 9.28479
3.0957184 -2.4104462 9.41095
3.1361847 -2.6246796 9.432373
3.1076202 -2.596115 9.356201
3.1171417 -2.5270844 9.058655
3.1242828 -2.358078 8.918213
3.1980743 -2.293808 8.827759
3.343277 -2.1700287 8.9158325
3.4408722 -2.1676483 9.008667
3.547989 -2.2390594 9.251465
3.528946 -2.2128754 9.310974
3.4956207 -2.3080902 9.237183
3.4765778 -2.3057098 9.065796
3.4051666 -2.2057343 8.922974
3.4051666 -2.1319427 8.813477
3.4765778 -1.9129486 8.613525
3.740799 -1.8272552 8.487366
3.850296 -1.7248993 8.401672
3.952652 -1.5868378 8.487366
3.978836 -1.53685 8.594482
4.093094 -1.4797211 8.684937
4.0859528 -1.5725555 8.734924
4.13118 -1.8058319 8.615906
4.1740265 -1.6868134 8.64209
4.1359406 -1.6225433 8.808716
4.0788116 -1.5987396 8.730164
4.13356 -1.6677704 8.632568
4.138321 -1.66539 8.723022
4.1049957 -1.7129974 8.668274
4.202591 -1.7748871 8.601624
4.2311554 -1.6415863 8.475464
4.2311554 -1.5297089 8.327881
4.3906403 -1.5939789 8.718262
4.1430817 -1.7320404 9.011047
4.13356 -1.8582001 8.842041
4.1740265 -1.979599 8.8349
4.183548 -1.896286 8.803955
4.2240143 -1.9272308 8.64209
4.2835236 -1.9010468 8.544495
4.152603 -1.9010468 8.496887
4.031204 -1.8748627 8.539734
4.1049957 -1.7248993 8.606384
4.254959 -1.5225677 8.632568
4.3073273 -1.4892426 8.849182
4.3715973 -1.5487518 8.806335
4.3858795 -1.6606293 8.751587
4.343033 -1.6392059 8.732544
4.2430573 -1.5915985 8.761108
4.254959 -1.5130463 8.758728
4.3930206 -1.3773651 8.77063
4.3739777 -1.2250214 8.825378
4.4834747 -1.0607758 8.796814
4.490616 -0.9108124 8.468323
4.5025177 -1.5487518 8.889648
4.0764313 -1.812973 8.494507
4.5025177 -1.8415375 8.38739
4.4739532 -1.7129974 8.399292
4.5525055 -1.3868866 8.434998
4.614395 -1.1797943 8.677795
4.1240387 -1.5939789 9.189575
4.2263947 -1.4511566 8.937256
4.4311066 -1.3392792 9.006287
4.4810944 -1.0964813 8.987244
4.6501007 -0.90605164 8.858704
4.5977325 -0.90605164 8.627808
4.4501495 -1.1940765 8.201721
4.5525055 -1.3583221 8.075562
4.6215363 -1.1440887 8.2421875
4.7310333 -1.0726776 8.489746
4.7524567 -1.0964813 8.5802
4.7048492 -1.120285 8.456421
4.761978 -1.2559662 8.544495
4.883377 -1.177414 8.658752
4.8214874 -1.0084076 8.758728
4.6953278 -0.93937683 8.794434
4.6024933 -1.0917206 8.687317
4.409683 -1.2107391 8.425476
4.2263947 -1.3368988 8.427856
4.100235 -1.434494 8.573059
4.1430817 -1.5677948 8.865845
4.592972 -1.563034 9.070557
5.0642853 -1.6273041 9.058655
4.6810455 -1.2202606 9.099121
4.9048004 -1.1821747 8.235046
5.050003 -1.5130463 8.108887
4.959549 -1.0821991 8.249329
5.299942 -0.5775604 8.561157
5.4237213 -0.22764587 8.882507
5.397537 -0.7299042 9.22052
6.068802 -1.3226166 8.26123
5.9259796 -1.8534393 8.137451
5.780777 -2.0795746 8.268372
6.1997223 -1.7558441 6.9710693
6.1640167 -1.8010712 7.8184814
5.773636 -1.1607513 8.030334
6.0021515 0.031814575 8.13269
5.814102 0.8030548 8.756348
5.6498566 0.9339752 8.349304
5.645096 0.096084595 7.6018677
5.9831085 -0.20384216 6.454529
5.723648 -0.29429626 5.723755
5.4118195 0.10322571 6.2807617
5.3927765 0.90779114 6.9710693
5.2404327 1.1363068 6.7425537
4.6024933 1.0601349 6.2474365
4.300186 1.1791534 5.749939
4.1430817 1.3457794 5.43573
3.6289215 0.9434967 5.807068
3.4575348 0.60310364 6.01416
3.3361359 -0.35856628 5.973694
3.1885529 -0.73228455 6.0093994
2.7458038 -0.56565857 6.352173
3.0576324 0.3007965 5.954651
3.4670563 0.077041626 5.231018
3.1718903 -1.3154755 5.185791
3.23378 -0.6799164 5.231018
3.1004791 -1.0345917 5.6071167
3.1433258 -2.1700287 5.7142334
3.2456818 -2.8222504 5.7285156
3.593216 -3.4720917 5.7523193
3.6860504 -3.8600922 5.8618164
3.664627 -3.8696136 5.833252
3.8169708 -3.917221 5.6309204
4.3073273 -3.7839203 5.333374
4.735794 -3.7767792 4.897766
5.421341 -3.7386932 4.821594
6.0092926 -3.7458344 4.72876
6.5163116 -3.698227 4.8025513
7.1114044 -3.724411 4.9906006
7.7541046 -3.9791107 5.197693
8.382523 -4.224289 5.238159
8.81575 -4.448044 4.916809
9.170425 -4.6456146 4.4050293
9.689346 -4.8503265 4.0146484
10.177322 -4.962204 3.7599487
10.843826 -5.076462 3.4433594
11.517471 -5.097885 3.1148682
11.876907 -5.097885 2.9077759
12.224442 -5.0026703 2.8744507
12.521988 -5.0931244 3.0125122
12.707657 -5.1835785 3.081543
12.98378 -5.226425 2.9672852
13.136124 -5.226425 2.6887817
13.300369 -5.3383026 2.177002
13.3979645 -5.4668427 1.8508911
13.226578 -5.5239716 1.4628906
12.98616 -5.5882416 1.3771973
12.579117 -5.7858124 1.5462036
12.162552 -5.8310394 1.6295166
11.938797 -5.6953583 1.6390381
11.772171 -5.3811493 1.6533203
11.600784 -5.121689 1.6533203
11.44606 -4.7551117 1.5533447
11.291336 -4.5027924 1.6652222
10.958084 -4.2338104 1.4938354
10.565323 -4.069565 1.4248047
10.246353 -4.0219574 1.3034058
10.060684 -3.9624481 1.1605835
9.951187 -3.9386444 1.1153564
9.855972 -3.91008 1.0606079
9.827408 -3.7791595 0.95825195
9.732193 -3.6125336 0.9439697
9.589371 -3.3221283 1.0439453
9.508438 -3.2150116 1.2058105
9.479874 -3.107895 1.0701294
9.501297 -3.2507172 1.2081909
9.577469 -3.4601898 1.1296387
9.665543 -3.7363129 1.2319946
9.6584015 -3.955307 1.4438477
9.636978 -3.9005585 1.5223999
9.686966 -3.705368 1.5128784
9.6584015 -3.3816376 1.4628906
9.708389 -3.2578583 1.5842896
9.675064 -3.3245087 1.5890503
9.729813 -3.345932 1.6223755
9.789322 -3.3245087 1.7009277
9.882156 -3.1269379 1.7723389
9.982132 -3.0293427 1.7294922
10.22731 -2.9198456 1.7199707
10.317764 -2.7317963 1.677124
10.389175 -2.5651703 1.612854
10.446304 -2.479477 1.5390625
10.377274 -2.1700287 1.3938599
10.348709 -1.9629364 1.3343506
10.246353 -1.8058319 1.2391357
10.155899 -1.7272797 0.9891968
10.094009 -1.6796722 0.8796997
10.017838 -1.620163 0.74401855
9.922623 -1.6177826 0.541687
9.863113 -1.6249237 0.61309814
9.763138 -1.6534882 0.6154785
9.641739 -1.60112 0.51312256
9.641739 -1.4630585 0.32269287
9.610794 -1.3821259 0.29174805
9.653641 -1.2750092 0.14892578
9.622696 -1.3107147 0.013244629
9.667923 -1.2964325 -0.02960205
9.608414 -1.2773895 -0.19146729
9.608414 -1.267868 -0.19622803
9.513199 -1.184555 -0.3723755
9.465591 -1.1607513 -0.42712402
9.379898 -0.98698425 -0.4699707
9.287064 -0.8846283 -0.6437378
9.220413 -1.1512299 -0.66278076
9.256119 -1.3821259 -0.63897705
9.298965 -1.4368744 -0.510437
9.341812 -1.3297577 -0.3961792
9.315628 -1.2345428 -0.5509033
9.32753 -1.2154999 -0.5842285
9.284683 -1.094101 -0.64849854
9.425125 -0.97984314 -0.6175537
9.463211 -0.96318054 -0.5699463
9.482254 -0.9893646 -0.35809326
9.498917 -1.0774384 -0.2319336
9.620316 -1.1559906 -0.12719727
9.677444 -1.2202606 -0.11053467
9.720291 -1.2083588 -0.11767578
9.610794 -1.3178558 -0.14147949
9.617935 -1.2940521 -0.12243652
9.634598 -1.2797699 -0.039123535
9.663162 -1.3488007 0.067993164
9.641739 -1.351181 0.1965332
9.670303 -1.3845062 0.2536621
9.636978 -1.4273529 0.26556396
9.577469 -1.3535614 0.4678955
9.551285 -1.305954 0.5202637
9.513199 -1.3345184 0.5940552
9.487015 -1.3940277 0.5488281
9.444168 -1.4940033 0.5345459
9.432266 -1.6130219 0.5440674
9.448929 -1.6082611 0.5202637
9.425125 -1.684433 0.5678711
9.470352 -1.7725067 0.5440674
9.465591 -1.8653412 0.53930664
9.484634 -1.9700775 0.541687
9.479874 -2.0343475 0.49884033
9.532242 -2.1152802 0.45837402
9.496536 -2.2081146 0.47027588
9.465591 -2.2771454 0.45837402
9.472733 -2.3556976 0.41552734
9.413223 -2.4342499 0.39886475
9.410843 -2.479477 0.43218994
9.441788 -2.5270844 0.3869629
9.408463 -2.479477 0.4345703
9.451309 -2.4318695 0.39648438
9.45845 -2.4628143 0.40124512
9.463211 -2.415207 0.4512329
9.475113 -2.3937836 0.5036011
9.465591 -2.403305 0.42266846
9.484634 -2.4437714 0.46551514
9.465591 -2.4199677 0.43695068
9.494156 -2.3985443 0.43695068
9.417984 -2.4247284 0.37982178
9.382278 -2.4009247 0.31555176
9.384659 -2.486618 0.33221436
9.348953 -2.5604095 0.32269287
9.339432 -2.5223236 0.19891357
9.348953 -2.5294647 0.22271729
9.313248 -2.5913544 0.1798706
9.296585 -2.5532684 0.1227417
9.258499 -2.486618 0.16320801
9.234695 -2.4628143 0.110839844
9.239456 -2.3485565 0.08465576
9.26564 -2.3295135 0.053710938
9.318008 -2.3271332 0.1560669
9.308487 -2.2866669 0.17510986
9.353714 -2.2271576 0.15844727
9.398941 -2.2390594 0.14892578
9.396561 -2.2390594 0.03466797
9.408463 -2.1866913 0.15130615
9.420364 -2.1795502 0.14892578
9.365616 -2.1176605 0.14892578
9.45369 -2.0676727 0.1394043
9.482254 -2.0914764 0.19891357
9.525101 -2.0867157 0.14654541
9.563187 -2.1152802 0.12750244
9.513199 -2.1105194 0.20367432
9.52034 -2.024826 0.15130615
9.548904 -1.9224701 0.28936768
9.45607 -1.934372 0.33221436
9.529861 -1.8701019 0.36553955
9.572708 -1.8201141 0.39648438
9.494156 -1.7201385 0.4678955
9.422745 -1.7082367 0.5202637
9.372757 -1.7272797 0.48693848
9.444168 -1.7558441 0.5821533
9.479874 -1.8415375 0.5083618
9.527481 -1.9177094 0.41552734
9.503677 -2.0081635 0.37982178
9.544144 -1.9938812 0.43933105
9.513199 -2.0605316 0.4179077
9.534622 -2.1176605 0.45599365
9.577469 -2.1105194 0.39648438
9.622696 -2.1224213 0.4607544
9.629837 -2.1390839 0.39648438
9.694107 -2.1700287 0.45599365
9.6393585 -2.1938324 0.42266846
9.596512 -2.1890717 0.4036255
9.525101 -2.2581024 0.4345703
9.508438 -2.217636 0.4036255
9.437027 -2.2628632 0.38934326
9.422745 -2.191452 0.32269287
9.298965 -2.236679 0.37268066
9.26564 -2.2771454 0.3607788
9.301346 -2.2914276 0.32983398
9.334671 -2.319992 0.2869873
9.379898 -2.3818817 0.24176025
9.363235 -2.3795013 0.25128174
9.360855 -2.3866425 0.1560669
Time Stop = 6436
