Time Start = 1457236775
-2.8932953 0.5174103 7.706604
-2.6909637 0.88874817 8.332642
-2.1768036 0.98872375 8.406433
-1.4983978 0.60310364 7.0281982
-1.4912567 0.09132385 5.866577
-1.5293427 -0.5204315 4.186035
-2.4005585 -1.0060272 4.2217407
-3.7692719 -0.122909546 4.3479004
-4.8118744 0.6792755 4.500244
-5.354599 1.2291412 4.2574463
-5.259384 1.5766754 3.6433105
-4.9808807 1.4719391 3.467163
-4.642868 1.1148834 3.7694702
-4.3500824 0.8268585 4.2003174
-4.252487 0.72688293 4.678772
-4.4143524 0.88160706 5.166748
-4.809494 1.3005524 5.4833374
-5.2927094 1.4528961 5.3357544
-5.578354 1.2410431 4.2860107
-5.8830414 0.81733704 3.7908936
-6.266281 0.2841339 3.2243652
-6.566208 -0.11576843 2.491211
-6.778061 -0.4323578 1.7056885
-7.182724 -0.4728241 0.9796753
-7.7825775 -0.36332703 0.6987915
-9.058456 -0.16337585 1.317688
-10.082016 0.14369202 1.4771729
-10.729477 0.119888306 1.041565
-11.45549 -0.16099548 0.5488281
-12.600449 -0.73942566 0.2965088
-14.159592 -1.5035248 0.0013427734
-15.742538 -2.2509613 -0.61279297
-16.825607 -2.5770721 -1.4578247
-17.846786 -2.4747162 -2.0457764
-18.50615 -2.3295135 -2.0529175
-18.729904 -2.0795746 -2.5099487
-18.90129 -2.0200653 -3.762024
-19.415451 -1.9272308 -6.009094
-19.127426 -2.1747894 -7.5872803
-18.4514 -2.3533173 -8.387085
-17.454025 -2.7556 -8.325195
-16.468552 -3.345932 -7.9229126
-16.00914 -4.0671844 -7.142151
-16.166245 -4.866989 -5.9019775
-16.6566 -6.407089 -4.4975586
-16.958908 -7.059311 -4.726074
-16.768478 -7.266403 -6.380432
-15.68541 -6.590378 -8.413269
-14.3405 -5.6596527 -9.413025
-13.228867 -5.352585 -9.096436
-12.16246 -5.4406586 -8.318054
-11.124619 -5.8572235 -7.3206787
-10.417648 -6.226181 -6.23761
-10.336716 -6.1571503 -5.1688232
-10.462875 -5.750107 -4.288086
-10.360519 -5.2740326 -3.6620483
-9.941574 -4.9598236 -3.2026367
-9.513107 -4.8550873 -2.7122803
-8.946579 -5.0217133 -2.3171387
-8.399094 -5.2740326 -2.0743408
-7.849228 -5.538254 -1.9577026
-7.41362 -5.7239227 -1.8672485
-7.130356 -5.7881927 -1.6911011
-6.8518524 -5.8453217 -1.6768188
-6.694748 -6.045273 -1.5316162
-6.6733246 -6.2047577 -1.203125
-6.668564 -6.078598 -1.0722046
-6.675705 -6.059555 -1.2316895
-6.811386 -6.0119476 -1.350708
-7.035141 -5.854843 -1.6601563
-7.182724 -5.854843 -2.0648193
-7.420761 -5.873886 -2.531372
-7.5445404 -5.938156 -2.8432007
-7.6659393 -6.0500336 -3.03125
-7.727829 -6.1071625 -3.3240356
-7.7492523 -6.1571503 -3.5525513
-7.8206635 -6.259506 -3.647766
-8.046799 -6.252365 -3.6620483
-8.330063 -6.2499847 -3.614441
-8.710922 -6.2809296 -3.519226
-9.175095 -6.295212 -3.4573364
-9.78685 -6.226181 -3.235962
-10.355759 -6.1785736 -3.3335571
-10.896103 -6.0928802 -3.3692627
-11.357895 -6.0238495 -3.4121094
-11.726852 -5.852463 -3.5739746
-11.867294 -5.7215424 -3.659668
-12.026779 -5.6072845 -3.6882324
-12.102951 -5.454941 -3.6763306
-12.393356 -5.4073334 -3.6072998
-12.871811 -5.302597 -3.7144165
-13.733505 -5.3002167 -3.9310303
-14.995102 -5.3311615 -4.647522
-16.442368 -5.302597 -5.333069
-17.849167 -5.226425 -6.2233276
-18.794174 -4.9979095 -7.0635986
-19.02031 -4.7741547 -7.4206543
-18.168137 -4.5242157 -7.2302246
-16.442368 -4.443283 -6.570862
-14.509506 -4.345688 -5.687744
-12.857529 -4.217148 -4.8688965
-11.888718 -3.993393 -4.230957
-11.795883 -3.6506195 -3.6834717
-12.626633 -3.372116 -3.41687
-13.966782 -3.0936127 -3.8286743
-15.278366 -2.710373 -4.5213623
-15.928207 -2.4009247 -5.1521606
-15.87822 -2.1628876 -5.328308
-15.425949 -1.9915009 -5.3306885
-14.802292 -1.960556 -5.2330933
-14.266708 -2.1414642 -5.1521606
-13.673996 -2.4437714 -4.995056
-13.05748 -2.7651215 -4.583252
-12.41954 -2.9960175 -4.050049
-11.693527 -3.1864471 -3.3740234
-10.969894 -3.2911835 -2.8241577
-10.293869 -3.1674042 -2.338562
-9.648788 -2.9079437 -2.0529175
-9.027512 -2.5294647 -1.8648682
-8.50621 -2.1224213 -1.5435181
-7.939682 -1.9248505 -1.350708
-7.47789 -1.5344696 -1.248352
-7.001816 -1.1250458 -1.3483276
-6.542404 -0.7870331 -1.2126465
-6.059189 -0.760849 -0.972229
-5.61644 -0.7751312 -0.88653564
-5.259384 -0.972702 -0.7937012
-4.8713837 -1.2797699 -0.64611816
-4.5357513 -1.5487518 -0.49139404
-4.419113 -1.7058563 0.15844727
-4.6381073 -1.9748383 1.4414673
-5.2332 -1.998642 2.491211
-5.635483 -1.7796478 2.876831
-5.802109 -1.5511322 2.8411255
-5.547409 -1.324997 2.6816406
-5.161789 -1.2631073 2.2388916
-4.8380585 -1.3797455 1.8556519
-4.6714325 -1.6868134 1.3795776
-4.5762177 -2.0105438 0.9035034
-4.628586 -2.1962128 0.3369751
-4.778549 -2.319992 -0.12005615
-5.097519 -2.403305 -0.21289063
-5.4093475 -2.4199677 -0.22717285
-5.778305 -2.5080414 -0.15576172
-6.2353363 -2.6365814 0.046569824
-6.6804657 -2.69133 0.03704834
-7.1422577 -2.6818085 -0.21051025
-7.7944794 -2.6294403 -0.44378662
-8.62999 -2.7341766 -0.56518555
-9.608322 -3.0198212 -0.93414307
-10.698532 -3.6125336 -1.4268799
-11.957748 -4.2028656 -2.024353
-13.3502655 -4.8193817 -2.5670776
-14.519028 -5.354965 -3.0193481
-15.411667 -5.602524 -3.2454834
-16.232895 -5.8500824 -3.281189
-17.156479 -6.071457 -3.3026123
-18.199081 -6.214279 -3.4430542
-18.951279 -6.5118256 -3.916748
-19.21312 -7.0117035 -4.269043
-18.922714 -7.554428 -4.5166016
-18.0634 -7.963852 -4.6689453
-17.03032 -8.3137665 -4.602295
-15.75444 -8.387558 -4.5880127
-14.692795 -8.437546 -4.7094116
-13.912033 -8.385178 -4.7474976
-13.595444 -8.354233 -4.718933
-13.4978485 -8.278061 -4.69989
-13.485947 -8.251877 -4.495178
-13.331223 -8.237595 -3.7953491
-12.981308 -8.256638 -2.8812866
-12.576645 -8.025742 -1.8101196
-12.148178 -7.680588 -0.86273193
-11.791122 -7.444931 -0.024841309
-11.303146 -7.11882 0.23699951
-10.665207 -7.1140594 0.17510986
-9.877304 -7.3520966 -0.031982422
-9.037033 -7.475876 -0.14147949
-8.027756 -7.6472626 -0.060546875
-7.1279755 -7.6353607 0.22271729
-6.316269 -7.5758514 0.55358887
-5.7092743 -7.3401947 0.7059326
-5.2998505 -7.073593 0.68927
-5.1284637 -6.8784027 0.625
-5.1974945 -6.692734 0.091796875
-5.566452 -6.438034 -0.54852295
-6.225815 -6.2047577 -1.222168
-7.0779877 -5.983383 -1.9172363
-8.103928 -5.9595795 -2.3623657
-9.260788 -6.211899 -2.4052124
-10.343857 -6.359482 -2.3028564
-11.107956 -6.1833344 -2.5337524
-11.548325 -5.957199 -2.9598389
-11.764938 -5.57872 -3.0098267
-11.974411 -5.245468 -3.0360107
-12.081528 -4.981247 -3.1074219
-12.188644 -4.864609 -3.1931152
-12.241013 -4.852707 -3.2978516
-12.283859 -4.950302 -3.300232
-12.114853 -5.00029 -3.28833
-11.864914 -5.0359955 -3.0979004
-11.550705 -4.9455414 -3.0621948
-11.310287 -4.826523 -3.0621948
-11.129379 -4.590866 -3.197876
-10.972275 -4.340927 -3.371643
-11.019882 -4.2028656 -3.3478394
-11.2079315 -4.076706 -3.1502686
-11.479294 -3.9148407 -3.121704
-11.503098 -3.7529755 -3.1240845
-11.331711 -3.576828 -3.281189
-10.860397 -3.3221283 -3.3287964
-10.243881 -3.0483856 -3.057434
-9.66069 -2.6865692 -2.7122803
-9.236984 -2.2009735 -2.1933594
-9.236984 -1.4416351 -1.4697266
-9.510727 -0.44187927 -0.91033936
-9.689255 0.66023254 -1.0055542
-9.624985 1.4886017 -1.5006714
-9.539291 1.8337555 -2.1171875
-9.494064 1.4314728 -2.6099243
-9.448837 0.4079132 -2.9265137
-9.313156 -1.0512543 -2.890808
-9.163193 -2.184311 -2.6051636
-9.189377 -3.0721893 -1.4435425
-9.410751 -3.5601654 -0.4961548
-9.798752 -3.2221527 -0.42236328
-10.277206 -2.9246063 -0.40093994
-10.698532 -2.6294403 -0.56518555
-10.919907 -2.248581 -0.8008423
-10.9127655 -2.1628876 -0.99365234
-10.631882 -2.1795502 -1.3816528
-10.184372 -2.4889984 -1.7387085
-9.7773285 -2.736557 -1.8505859
-9.365524 -2.9841156 -1.7434692
-8.984665 -3.2792816 -1.5935059
-8.670456 -3.474472 -1.498291
-8.491928 -3.4649506 -1.4840088
-8.484787 -3.4768524 -1.2364502
-8.520493 -3.5244598 -1.1793213
-8.6228485 -3.5339813 -1.0674438
-8.729965 -3.6053925 -1.0531616
-8.794235 -3.6553802 -1.1983643
-8.979904 -3.7267914 -1.4744873
-9.217941 -3.8029633 -1.7315674
-9.434555 -3.981491 -1.9434204
-9.636887 -4.0981293 -2.1933594
-9.903488 -4.129074 -2.2266846
-10.17247 -4.2861786 -2.229065
-10.396225 -4.526596 -2.255249
-10.5985565 -4.7789154 -2.210022
-10.712814 -4.9384003 -2.2766724
-10.838974 -5.026474 -2.1576538
-10.872299 -4.981247 -1.8244019
-10.6818695 -4.909836 -2.024353
-10.384323 -4.8765106 -2.3052368
-10.084396 -4.826523 -2.595642
-9.810654 -4.905075 -2.7027588
-9.598801 -4.9598236 -2.793213
-9.472641 -5.045517 -2.6837158
-9.444077 -5.2359467 -2.5194702
-9.184616 -5.4144745 -2.210022
-9.2512665 -5.669174 -1.7053833
-9.048935 -5.8762665 -1.1269531
-8.879929 -5.911972 -0.96032715
-8.846603 -5.981003 -0.9389038
-9.091782 -6.1143036 -0.991272
-9.555954 -6.321396 -1.1936035
-10.348618 -6.6070404 -1.3031006
-10.922287 -6.695114 -1.581604
-11.286484 -6.7760468 -1.7529907
-11.4578705 -6.8379364 -1.7244263
-11.686386 -6.868881 -1.8458252
-12.091049 -7.0426483 -2.0981445
-12.881332 -7.214035 -2.5361328
-13.795395 -7.418747 -2.8860474
-14.4857025 -7.5187225 -3.0288696
-14.250046 -7.3759003 -2.6932373
-13.05748 -6.9783783 -2.0481567
-11.484055 -6.3332977 -1.3126221
-10.096298 -5.814377 -0.76989746
-9.20842 -5.469223 -0.760376
-9.0846405 -5.4335175 -0.87701416
-9.91301 -5.6263275 -1.3935547
-11.343613 -5.950058 -2.3290405
-12.819443 -6.188095 -3.5097046
-13.885849 -6.238083 -4.352356
-14.269089 -5.950058 -4.5689697
-13.888229 -5.4335175 -4.3309326
-13.166977 -5.0693207 -4.05719
-12.595688 -4.9003143 -3.7739258
-12.326706 -4.8193817 -3.833435
-12.245773 -4.697983 -3.7406006
-12.014877 -4.481369 -3.6882324
-11.624496 -4.2028656 -3.4002075
-10.917526 -3.936264 -3.0907593
-10.129623 -3.6744232 -2.864624
-9.479782 -3.3316498 -2.7003784
-8.965622 -3.01268 -2.6170654
-8.665695 -2.8317719 -2.550415
-8.351486 -2.7436981 -2.4694824
-8.368149 -2.5580292 -2.4313965
-8.489548 -2.5937347 -2.5099487
-8.508591 -2.7960663 -2.743225
-8.50145 -3.031723 -2.986023
-8.50383 -3.1197968 -3.216919
-8.556198 -3.1293182 -3.2526245
-8.656174 -3.0412445 -3.3430786
-8.7061615 -2.941269 -3.3168945
-8.787094 -2.9341278 -3.3478394
-8.806137 -3.050766 -3.2121582
-8.756149 -3.1816864 -3.1169434
-8.658554 -3.1650238 -3.0217285
-8.515732 -3.1959686 -2.9122314
-8.422897 -3.1840668 -2.7384644
-8.280075 -3.1555023 -2.7503662
-8.125351 -3.1007538 -2.7503662
-7.9634857 -2.9698334 -2.7765503
-7.7706757 -2.827011 -2.8789063
-7.618332 -2.7913055 -2.7218018
-6.047287 -3.0936127 -2.395691
-6.290085 -2.7913055 -2.736084
-7.7897186 -2.7008514 -1.68396
-9.436935 -2.7508392 -2.248108
-9.8606415 -3.384018 -3.1835938
-9.52977 -3.4792328 -3.3168945
-9.458359 -3.0198212 -2.5670776
-8.925156 -2.8722382 -2.1743164
-8.001572 -2.9079437 -2.1743164
-7.5588226 -2.9365082 -2.1814575
-7.837326 -2.9079437 -2.236206
-8.449081 -3.0555267 -2.281433
-9.189377 -3.172165 -2.4504395
-10.112961 -3.3602142 -2.5813599
-10.881821 -3.5292206 -2.6694336
-11.488815 -3.8362885 -2.4504395
-11.600693 -4.193344 -2.357605
-11.250778 -4.450424 -2.2052612
-10.5985565 -4.636093 -1.8862915
-9.836838 -4.659897 -1.498291
-9.329819 -4.531357 -0.98651123
-9.241745 -4.4647064 -0.7841797
-9.367905 -4.276657 -0.76275635
-9.534531 -3.864853 -0.7889404
-10.020126 -3.4792328 -0.81274414
-11.524521 -3.1102753 -2.0195923
-11.6054535 -3.698227 -1.6411133
-9.748764 -3.4268646 -2.152893
-9.5464325 -3.5411224 -0.56518555
-10.924667 -2.5151825 -1.7339478
-11.486435 -3.0674286 -1.7363281
-11.733994 -2.736557 -2.9645996
-11.188889 -3.9505463 -3.024109
-10.6818695 -4.9384003 -3.0717163
-12.145798 -4.571823 -0.5913696
-12.652817 -4.3433075 0.85827637
-11.26268 -4.2338104 -0.6604004
-9.948715 -5.1193085 -2.274292
-9.039413 -5.77153 -3.466858
-8.63475 -6.176193 -3.5144653
-8.556198 -5.566818 -3.7715454
-8.713303 -5.700119 -3.6620483
-9.201279 -5.500168 -3.2121582
-9.744003 -5.2526093 -2.3909302
-10.10582 -4.7931976 -1.8910522
-10.101059 -4.762253 -1.1888428
-9.936813 -5.0288544 -1.248352
-9.705917 -5.5811005 -1.0293579
-9.65593 -5.4073334 -1.3102417
-9.405991 -5.3502045 -1.6315918
-9.158432 -5.3311615 -2.0029297
-8.860886 -5.3240204 -2.1481323
-8.520493 -5.4335175 -2.0862427
-8.403854 -5.519211 -2.0957642
-8.430038 -5.476364 -1.7077637
-8.749008 -5.6310883 -1.5411377
-9.077499 -5.7024994 -1.4244995
-9.189377 -5.5739594 -1.3388062
-9.201279 -5.5287323 -1.3578491
-9.2108 -5.416855 -1.2269287
-9.344101 -5.443039 -1.2316895
-9.674973 -5.6310883 -1.4078369
-9.903488 -5.9095917 -1.3816528
-10.012985 -6.135727 -1.4364014
-9.970139 -6.297592 -1.4840088
-9.920151 -6.2928314 -1.4911499
-9.863022 -6.2547455 -1.4054565
-10.017746 -6.188095 -1.4364014
-10.4509735 -6.1595306 -1.6506348
-11.32695 -6.2999725 -1.8720093
-12.388596 -6.438034 -1.9957886
-13.428818 -6.5879974 -2.1790771
-14.0239105 -6.816513 -2.5861206
-13.997726 -6.840317 -2.6741943
-13.131271 -6.6022797 -2.3861694
-11.71019 -6.226181 -2.1552734
-10.36528 -5.8881683 -1.9624634
-9.601181 -5.5620575 -1.9124756
-9.40123 -5.264511 -2.0100708
-9.627365 -5.2359467 -1.9934082
-10.251022 -5.1573944 -2.2147827
-10.841354 -5.147873 -2.5337524
-11.77446 -5.4406586 -3.8834229
-12.9075165 -5.621567 -3.6906128
-13.333603 -5.0431366 -4.204773
-12.364792 -5.314499 -3.9429321
-12.650436 -4.598007 -4.6689453
-12.812302 -4.7336884 -3.9310303
-12.340988 -3.9576874 -3.4002075
-11.819687 -4.0814667 -3.7263184
-11.51738 -3.9719696 -3.7191772
-11.06987 -3.8815155 -3.5049438
-10.8294525 -3.512558 -3.3145142
-10.270065 -3.8815155 -2.6765747
-9.622604 -3.5530243 -2.6289673
-9.417892 -3.4173431 -2.9384155
-9.382187 -3.5268402 -2.512329
-8.946579 -3.3744965 -2.5289917
-8.546677 -3.2864227 -2.4171143
-8.527634 -3.255478 -2.7955933
-8.05394 -3.5006561 -2.3861694
-7.875412 -3.2578583 -2.6218262
-8.156296 -3.2292938 -2.7194214
-8.272934 -3.338791 -2.8241577
-8.427658 -3.3483124 -2.8360596
-8.489548 -3.372116 -2.9193726
-8.463364 -3.4768524 -2.9312744
-8.546677 -3.474472 -2.7884521
-8.491928 -3.3411713 -2.6670532
-8.418137 -3.2197723 -2.5408936
-8.422897 -3.1483612 -2.4313965
-8.284836 -3.14122 -2.3718872
-8.0967865 -3.0531464 -2.402832
-7.806381 -2.9365082 -2.2766724
-7.561203 -2.8341522 -2.1409912
-7.3588715 -2.7722626 -2.0005493
-7.2374725 -2.6889496 -2.0957642
-7.194626 -2.7722626 -2.024353
-7.2446136 -2.8508148 -2.0838623
-7.406479 -2.8722382 -2.1171875
-7.549301 -3.0150604 -2.1552734
-7.6278534 -3.0983734 -2.036255
-7.696884 -3.14122 -1.9458008
-7.765915 -3.20549 -1.9219971
-7.6992645 -3.1697845 -1.6077881
-7.6802216 -3.1197968 -1.626831
-7.7373505 -3.0936127 -1.7387085
-7.875412 -3.0483856 -1.8648682
-8.106308 -2.9912567 -1.9624634
-8.527634 -3.0079193 -2.0148315
-9.067978 -3.1221771 -2.1933594
-9.801132 -3.2007294 -2.3528442
-10.5985565 -3.4149628 -2.5337524
-11.241257 -3.5911102 -2.8884277
-11.4578705 -3.981491 -2.819397
-11.2269745 -4.340927 -2.7955933
-10.719955 -4.68132 -2.6289673
-10.067734 -4.7789154 -2.2147827
-9.53215 -4.8003387 -1.6553955
-9.396469 -4.705124 -1.2078857
-9.310776 -4.5099335 -0.8579712
-8.8537445 -4.686081 0.2798462
-9.044174 -4.088608 -0.9055786
-9.85112 -4.212387 -0.86987305
-10.9127655 -4.160019 -1.1459961
-11.71019 -4.148117 -1.5649414
-11.591171 -3.8934174 -1.9910278
-11.45311 -4.083847 -2.883667
-12.248154 -4.095749 -3.1026611
-12.250534 -4.2790375 -3.7358398
-12.348129 -4.3575897 -3.6715698
-12.083908 -4.5504 -3.5858765
-11.460251 -5.1645355 -4.0143433
-11.098434 -4.976486 -3.4882813
-11.146042 -4.4956512 -2.8408203
-10.715195 -5.1573944 -2.6123047
-10.134384 -4.769394 -2.3623657
-9.967758 -4.776535 -2.2433472
-9.946335 -4.916977 -2.0481567
-9.7773285 -5.1050262 -1.6434937
-9.344101 -5.102646 -1.7863159
-9.117966 -5.238327 -1.9505615
-9.008469 -5.374008 -2.0291138
-8.960861 -5.340683 -2.0743408
-8.920395 -5.5049286 -1.8720093
-8.787094 -5.507309 -1.7458496
-8.765671 -5.2668915 -1.7220459
-8.794235 -5.4977875 -1.8029785
-8.691879 -5.7477264 -1.9172363
-8.744247 -5.7548676 -1.8458252
-8.834702 -5.712021 -1.2626343
-9.067978 -5.359726 -0.29144287
-8.7061615 -4.814621 -0.09625244
-8.668076 -4.5861053 -0.49139404
-8.541916 -4.1504974 -0.61517334
-8.527634 -4.3314056 -0.6413574
-8.63475 -4.6241913 -0.81274414
-8.701401 -5.1788177 -0.9888916
-8.837082 -5.662033 -0.9555664
-8.837082 -5.9143524 -0.824646
-8.718063 -6.0881195 -0.87701416
Time Stop = 1457236779
