Time Start = 1457236741
-1.5888519 0.2103424 8.975342
-1.4698334 0.5912018 8.887268
-1.4388885 0.41029358 8.3255005
-1.3531952 -0.096725464 7.385254
-2.0244598 -0.70610046 6.7615967
-4.7023773 0.5078888 6.154602
-4.7285614 1.6338043 4.402649
-3.5788422 0.66023254 4.1503296
-2.1744232 -0.1681366 4.133667
-1.5674286 -0.4156952 3.909912
-1.8435516 -0.08720398 3.9837036
-2.5552826 0.52693176 3.8170776
-3.0670624 0.9768219 3.7218628
-3.3836517 1.1291656 3.5290527
-3.5621796 1.0268097 3.2005615
-3.969223 0.7959137 2.517395
-4.6381073 0.54359436 1.6057129
-5.6212006 0.1365509 0.81066895
-6.6399994 -0.37046814 0.015625
-7.6849823 -0.8417816 -0.55804443
-8.689499 -1.0845795 -1.1293335
-9.572617 -1.4582977 -1.6173096
-10.8294525 -1.5511322 -2.217163
-12.152939 -1.7153778 -2.7717896
-13.255051 -1.9629364 -3.4954224
-14.066757 -2.2890472 -4.3166504
-14.7165985 -2.6675262 -4.8950806
-15.223618 -2.9507904 -5.7044067
-15.7234955 -3.2483368 -6.3756714
-16.368576 -3.3245087 -6.8707886
-17.444504 -3.4268646 -7.2873535
-18.915573 -3.8481903 -7.7158203
-19.671936 -4.302841 -8.320435
-19.671936 -4.602768 -8.782227
-19.671936 -4.974106 -8.446594
-19.671936 -5.404953 -8.199036
-19.671936 -5.988144 -7.694397
-19.671936 -6.7879486 -7.244507
-19.671936 -7.4663544 -6.7422485
-19.671936 -8.192368 -6.206665
-19.460678 -8.632736 -6.206665
-17.972946 -8.480392 -6.925537
-16.366196 -7.4544525 -7.7943726
-14.945114 -6.4404144 -8.058594
-13.647812 -5.5430145 -7.8515015
-12.564743 -5.014572 -7.437317
-11.869675 -4.802719 -6.820801
-11.560226 -4.7479706 -6.063843
-11.626877 -4.6884613 -5.487793
-11.8173065 -4.61705 -5.014099
-11.853012 -4.5694427 -4.8950806
-11.58165 -4.5742035 -4.7713013
-11.019882 -4.7527313 -4.6380005
-10.243881 -4.93602 -4.31427
-9.415512 -5.135971 -4.135742
-8.872787 -5.309738 -3.659668
-8.4752655 -5.3264008 -3.5787354
-8.051559 -5.397812 -3.6192017
-7.682602 -5.416855 -3.5406494
-7.41362 -5.4597015 -3.4144897
-7.0756073 -5.538254 -3.2502441
-6.778061 -5.6382294 -3.012207
-6.554306 -5.745346 -2.8312988
-6.3638763 -5.816757 -2.659912
-6.1091766 -5.8000946 -2.6384888
-5.994919 -5.8358 -2.4932861
-5.9401703 -5.923874 -2.4456787
-5.9877777 -5.9929047 -2.2719116
-6.080612 -6.142868 -2.0338745
-6.175827 -6.3190155 -1.8934326
-6.361496 -6.502304 -1.6791992
-6.4233856 -6.657028 -1.5720825
-6.611435 -6.737961 -1.5958862
-6.8851776 -6.740341 -1.7767944
-7.2374725 -6.676071 -2.1195679
-7.5659637 -6.5189667 -2.4385376
-7.8706512 -6.461838 -2.5765991
-8.087265 -6.366623 -2.5004272
-8.232468 -6.309494 -2.4528198
-8.43956 -6.226181 -2.357605
-8.580002 -6.0048065 -2.5170898
-8.756149 -5.847702 -2.8312988
-9.098923 -5.814377 -3.038391
-9.536911 -5.776291 -3.1098022
-10.070114 -5.852463 -2.9645996
-10.524765 -5.8834076 -2.8884277
-10.993698 -5.950058 -2.9050903
-11.538803 -5.981003 -2.8432007
-12.293381 -5.9905243 -2.9193726
-13.0360565 -5.9095917 -3.1359863
-13.63829 -5.7286835 -3.3811646
-14.240524 -5.4835052 -3.7453613
-14.971298 -5.2930756 -4.1714478
-16.00676 -5.200241 -4.614197
-17.170761 -5.3049774 -5.2426147
-18.263351 -5.4644623 -5.7615356
-18.727524 -5.6406097 -6.17334
-18.537094 -5.571579 -6.2280884
-17.74205 -5.340683 -6.142395
-16.849411 -5.109787 -6.0114746
-16.235275 -4.859848 -5.923401
-15.956772 -4.6908417 -5.85437
-15.971054 -4.5099335 -5.892456
-16.159103 -4.2980804 -5.8686523
-16.361435 -4.174301 -5.771057
-16.337631 -4.026718 -5.7472534
-16.049606 -3.936264 -5.706787
-15.573532 -3.8553314 -5.687744
-14.890366 -3.7934418 -5.566345
-14.233383 -3.705368 -5.5354004
-13.800156 -3.614914 -5.2735596
-13.531174 -3.4601898 -5.037903
-13.245529 -3.3673553 -4.980774
-12.8051605 -3.2649994 -4.8546143
-12.200546 -3.1578827 -4.685608
-11.576889 -2.9127045 -4.2261963
-10.891342 -2.646103 -3.9000854
-10.320053 -2.3914032 -3.6453857
-9.803513 -2.2081146 -3.4216309
-9.298874 -2.0652924 -3.2454834
-8.879929 -1.9938812 -3.1645508
-8.465744 -1.9819794 -3.024109
-8.058701 -2.0676727 -2.9336548
-7.6683197 -2.1747894 -2.83844
-7.296982 -2.3176117 -2.8289185
-7.0303802 -2.4199677 -2.807495
-6.751877 -2.4842377 -2.6932373
-6.463852 -2.596115 -2.562317
-6.311508 -2.5794525 -2.440918
-6.1306 -2.62706 -2.4313965
-6.0044403 -2.569931 -2.293335
-5.8187714 -2.5984955 -2.1576538
-5.61644 -2.5984955 -2.0767212
-5.373642 -2.5984955 -2.0005493
-5.161789 -2.6032562 -1.960083
-4.9999237 -2.5723114 -1.7220459
-4.8642426 -2.5009003 -1.4078369
-4.8118744 -2.5080414 -1.1793213
-4.873764 -2.422348 -1.074585
-4.918991 -2.3366547 -1.0531616
-5.009445 -2.3104706 -1.0531616
-5.157028 -2.2533417 -0.97698975
-5.4664764 -2.1938324 -0.9127197
-5.7687836 -2.3271332 -1.0793457
-6.137741 -2.4842377 -1.2459717
-6.4281464 -2.7198944 -1.3197632
-6.604294 -2.781784 -1.4078369
-6.7804413 -2.8865204 -1.1959839
-7.068466 -2.9174652 -0.8674927
-7.658798 -3.0674286 -0.71276855
-8.346725 -3.1102753 -0.8912964
-9.106064 -3.2530975 -1.0983887
-9.960617 -3.3792572 -1.4054565
-10.869919 -3.4697113 -1.68396
-11.748276 -3.6268158 -2.0576782
-12.538559 -3.7672577 -2.5004272
-13.245529 -3.9196014 -3.012207
-13.900131 -4.0933685 -3.4620972
-14.390488 -4.3742523 -3.7763062
-14.776108 -4.578964 -3.8929443
-15.092697 -4.878891 -3.731079
-15.56163 -5.309738 -3.519226
-16.175766 -5.77153 -3.1931152
-16.937485 -6.342819 -2.5861206
-17.554 -7.0117035 -2.2147827
-17.74205 -7.444931 -1.9458008
-17.265976 -7.5639496 -1.831543
-16.411423 -7.1402435 -2.190979
-15.547348 -6.2928314 -3.22406
-14.72374 -5.5953827 -3.6001587
-14.133408 -5.097885 -3.4787598
-13.757309 -4.557541 -3.2930908
-13.483566 -4.1124115 -2.9336548
-13.219345 -3.8410492 -2.633728
-12.871811 -3.7743988 -2.4552002
-12.438583 -3.9957733 -2.3695068
-11.90538 -4.2147675 -2.3980713
-11.338852 -4.5027924 -2.531372
-10.81517 -4.6503754 -2.9550781
-10.42717 -4.8312836 -3.3121338
-10.096298 -4.886032 -3.454956
-9.824936 -4.969345 -3.5787354
-9.470261 -5.045517 -3.5525513
-9.14415 -5.219284 -3.4644775
-8.879929 -5.3573456 -3.22406
-8.715683 -5.3430634 -2.8812866
-8.660934 -5.3311615 -2.6170654
-8.556198 -5.2478485 -2.5361328
-8.368149 -5.1954803 -2.4361572
-8.084885 -5.1312103 -2.3623657
-7.7183075 -5.0740814 -2.248108
-7.316025 -5.1145477 -1.9624634
-6.989914 -5.0883636 -1.5887451
-6.8209076 -4.9788666 -1.0960083
-6.6780853 -4.826523 -0.8413086
-6.606674 -4.7075043 -0.76989746
-6.5376434 -4.7146454 -0.6865845
-6.649521 -4.8884125 -0.66516113
-6.875656 -5.2478485 -0.79608154
-7.342209 -5.5430145 -0.907959
-7.79924 -5.9143524 -1.1555176
-8.508591 -6.2999725 -1.4578247
-9.163193 -6.676071 -1.7791748
-9.834457 -6.9022064 -1.8601074
-10.255783 -7.1521454 -1.9124756
-10.396225 -7.366379 -1.9338989
-10.331955 -7.3759003 -1.8624878
-10.1082 -7.202133 -1.9077148
-10.284348 -6.904587 -2.1100464
-10.836594 -6.521347 -2.4123535
-11.691147 -6.3332977 -2.826538
-12.526657 -6.1071625 -3.09552
-12.983688 -6.0928802 -2.8860474
-12.771835 -5.983383 -2.164795
-12.041061 -5.795334 -1.3197632
-11.162704 -5.526352 -0.70562744
-10.631882 -5.1907196 -0.42236328
-10.969894 -4.9717255 -0.86273193
-12.083908 -5.1050262 -1.7601318
-13.554977 -5.4406586 -3.0169678
-14.873703 -5.6905975 -4.1904907
-15.652084 -5.783432 -4.9069824
-15.763962 -5.6120453 -5.173584
-15.509262 -5.431137 -5.0688477
-15.154587 -5.25737 -4.9831543
-14.98082 -5.1074066 -4.9212646
-14.85466 -4.955063 -4.871277
-14.6332855 -4.8312836 -4.757019
-14.257187 -4.61467 -4.6903687
-13.550217 -4.3623505 -4.4380493
-12.726608 -4.133835 -4.12146
-12.02916 -3.8434296 -3.890564
-11.479294 -3.4816132 -3.5263672
-11.000839 -3.14122 -3.0669556
-10.729477 -2.9388885 -2.697998
-10.465256 -2.812729 -2.448059
-10.2391205 -2.846054 -2.459961
-10.162949 -2.903183 -2.614685
-10.077255 -2.9888763 -2.7313232
-10.04393 -2.903183 -2.940796
-10.067734 -2.8484344 -3.0812378
-10.1558075 -2.717514 -3.1098022
-10.17247 -2.615158 -3.2192993
-10.177231 -2.6008759 -3.2645264
-9.905869 -2.7413177 -3.3049927
-9.59642 -2.8032074 -3.2740479
-9.267929 -2.8246307 -3.0717163
-8.875168 -2.8960419 -2.9812622
-8.465744 -2.865097 -2.9645996
-8.084885 -2.8508148 -2.9574585
-7.7325897 -2.7532196 -2.7979736
-7.3707733 -2.6222992 -2.8027344
-7.0518036 -2.5032806 -2.717041
-6.6995087 -2.5270844 -2.5908813
-6.4543304 -2.4747162 -2.5170898
-6.244858 -2.4937592 -2.3718872
-6.111557 -2.4366302 -2.3028564
-6.0115814 -2.3937836 -2.1290894
-5.8520966 -2.331894 -2.0029297
-5.785446 -2.274765 -1.8529663
-5.764023 -2.3295135 -1.8077393
-5.740219 -2.5175629 -1.6077881
-5.9044647 -2.6675262 -1.3864136
-6.0330048 -2.7579803 -1.3126221
-6.225815 -2.8293915 -1.2055054
-6.509079 -2.8103485 -1.1364746
-6.83757 -2.8103485 -1.1055298
-7.258896 -2.8341522 -0.84368896
-7.818283 -2.8365326 -0.7937012
-8.353867 -2.8746185 -0.9460449
-8.865646 -2.9841156 -1.3031006
-9.322678 -3.1221771 -1.6292114
-9.701157 -3.3792572 -1.8886719
-9.877304 -3.6649017 -1.9910278
-10.136765 -4.005295 -2.13385
-10.317673 -4.1957245 -2.043396
-10.512863 -4.417099 -2.0457764
-10.758041 -4.5099335 -1.8743896
-11.186508 -4.526596 -1.7577515
-11.6054535 -4.576584 -1.5578003
-12.241013 -4.7146454 -1.4911499
-12.912277 -4.864609 -1.4244995
-13.612106 -4.9193573 -1.6434937
-14.088181 -5.0050507 -1.8601074
-14.352402 -4.847946 -2.1624146
-14.376205 -4.4647064 -2.569458
-14.216721 -4.03862 -2.9812622
-13.95726 -3.6625214 -3.4882813
-13.666855 -3.3768768 -3.7406006
-13.324081 -3.2411957 -3.8381958
-12.974167 -3.3292694 -3.6049194
-12.686142 -3.4887543 -3.2526245
-12.321945 -3.7101288 -2.9003296
-12.100571 -3.9791107 -2.6361084
-11.950607 -4.114792 -2.5099487
-11.791122 -4.212387 -2.5194702
-11.574509 -4.3242645 -2.6503906
-11.398361 -4.4861298 -2.9074707
-11.126999 -4.6646576 -3.038391
-10.762802 -4.866989 -3.0669556
-10.305771 -5.0955048 -3.178833
-9.832077 -5.2740326 -3.1359863
-9.425034 -5.3644867 -2.947937
-9.206039 -5.3621063 -2.3909302
-9.248886 -5.135971 -1.8839111
-9.225082 -4.928879 -1.7244263
-9.191757 -4.705124 -1.8267822
-9.134628 -4.571823 -2.0933838
-9.103683 -4.5242157 -2.2243042
-9.053696 -4.533737 -2.2147827
-8.746628 -4.6694183 -2.2457275
-8.482407 -4.68132 -2.300476
-8.296738 -4.795578 -2.2766724
-8.05394 -4.8741302 -2.2528687
-7.8539886 -5.1002655 -2.06958
-7.6016693 -5.3454437 -1.7339478
-7.5778656 -5.616806 -1.3483276
-7.8016205 -5.885788 -1.222168
-8.213425 -6.040512 -1.3078613
-8.946579 -6.207138 -1.4649658
-9.867783 -6.335678 -1.6173096
-10.727097 -6.438034 -1.6934814
-11.529282 -6.6451263 -1.7244263
-12.217209 -6.904587 -1.9219971
-13.014633 -7.161667 -2.3409424
-13.743027 -7.413986 -2.6027832
-14.235764 -7.5449066 -2.8432007
-13.947739 -7.4592133 -2.9122314
-12.897995 -7.0640717 -2.7765503
-11.45549 -6.547531 -2.395691
-10.251022 -5.9667206 -1.9696045
-9.436935 -5.431137 -1.4292603
-8.970383 -4.974106 -0.8984375
-8.870407 -4.7027435 -0.5961304
-9.201279 -4.7289276 -0.54138184
-9.877304 -4.9336395 -0.76989746
-10.562851 -5.1978607 -1.2935791
-11.191269 -5.462082 -1.9362793
-11.560226 -5.566818 -2.6670532
-11.829208 -5.6953583 -3.2121582
-12.129135 -5.647751 -3.5168457
-12.526657 -5.5930023 -3.9667358
-13.009872 -5.5358734 -4.3737793
-13.397873 -5.462082 -4.5880127
-13.428818 -5.276413 -4.6903687
-13.271713 -4.9645844 -4.449951
-12.8242035 -4.602768 -4.1643066
-12.35527 -4.1623993 -3.8358154
-11.96965 -3.7291718 -3.4192505
-11.557846 -3.364975 -3.1859741
-11.155563 -3.0364838 -2.9765015
-10.81041 -2.910324 -2.90271
-10.455734 -2.81987 -2.9050903
-10.120102 -2.7317963 -2.9884033
-9.879684 -2.6389618 -3.005066
-9.715439 -2.5913544 -2.793213
-9.624985 -2.5913544 -2.7860718
-9.586899 -2.7698822 -2.9503174
-9.432175 -2.9531708 -3.2264404
-9.310776 -3.050766 -3.4692383
-9.234604 -3.0721893 -3.5811157
-9.227463 -2.9793549 -3.6192017
-9.177475 -2.910324 -3.602539
-9.106064 -2.8555756 -3.5454102
-9.041794 -2.8746185 -3.595398
-8.753769 -2.8889008 -3.666809
-8.422897 -2.9150848 -3.4906616
-8.001572 -2.8341522 -3.262146
-7.6873627 -2.800827 -3.038391
-7.5707245 -2.7984467 -2.781311
-7.5588226 -2.8412933 -2.6384888
-7.5969086 -2.9436493 -2.6170654
-7.658798 -2.9817352 -2.6123047
-7.7516327 -2.9579315 -2.5742188
-7.7516327 -2.910324 -2.5099487
-7.7944794 -2.8174896 -2.4552002
-7.7825775 -2.7913055 -2.4575806
-7.573105 -2.8151093 -2.3457031
-7.4731293 -2.8317719 -2.3504639
-7.5183563 -2.793686 -2.2409668
-7.804001 -2.7841644 -2.2266846
-8.389572 -2.729416 -2.2647705
-9.103683 -2.7556 -2.3885498
-9.805893 -2.8746185 -2.5765991
-10.3676605 -3.0840912 -2.9193726
-10.498581 -3.3816376 -2.9265137
-10.210556 -3.660141 -2.8789063
-9.796371 -3.9410248 -2.1933594
-9.615463 -4.133835 -1.3411865
-9.46788 -4.269516 -1.0460205
-9.284592 -4.300461 -0.8722534
-9.046555 -4.307602 -0.60565186
-8.768051 -4.212387 -0.4866333
-8.520493 -4.071945 -0.26049805
-8.382431 -3.84581 -0.1081543
-8.482407 -3.7386932 -0.081970215
-8.803757 -3.6315765 -0.21765137
-9.225082 -3.4459076 -0.4628296
-9.65593 -3.2102509 -0.9960327
-10.089157 -3.057907 -1.3483276
-10.603317 -3.0007782 -1.6791992
-11.031784 -3.0721893 -2.0457764
-11.536423 -3.2840424 -2.4718628
-11.998215 -3.7029877 -2.7218018
-12.407639 -4.045761 -2.90271
-12.686142 -4.3314056 -2.8551025
-12.662338 -4.5099335 -2.6860962
-12.41716 -4.633713 -2.3147583
-11.907761 -4.662277 -2.0386353
-11.407883 -4.6194305 -1.7601318
-10.93895 -4.578964 -1.6411133
-10.496201 -4.5504 -1.6363525
-10.258163 -4.436142 -1.5982666
-9.962997 -4.333786 -1.5935059
-9.72258 -4.3552094 -1.6363525
-9.639267 -4.1957245 -1.7387085
-9.53215 -4.3552094 -1.6315918
-9.7202 -4.302841 -1.305481
-9.996323 -4.1314545 -0.7841797
-10.17485 -4.0671844 -0.4961548
-10.062973 -4.0743256 -0.7746582
-9.839218 -4.2219086 -1.2459717
-9.644028 -4.3552094 -1.5125732
-9.541672 -4.4837494 -1.6339722
-9.40361 -4.571823 -1.7220459
-9.391708 -4.659897 -1.7339478
-9.498825 -4.686081 -1.8053589
-9.684494 -4.6908417 -1.8720093
-10.032028 -4.655136 -1.5982666
-10.255783 -4.67894 -1.4506836
-9.998703 -4.7717743 -1.5125732
-9.46788 -4.8693695 -1.4578247
-8.963242 -5.0812225 -1.286438
-8.639511 -5.25737 -1.0983887
-8.549057 -5.3954315 -1.0531616
-8.677597 -5.5691986 -1.055542
-8.968002 -5.692978 -1.1626587
-9.296494 -5.7667694 -1.3768921
-9.59642 -5.873886 -1.4244995
-9.998703 -6.0428925 -1.369751
-10.431931 -6.0571747 -1.4125977
-10.922287 -6.1214447 -1.479248
-11.400742 -6.0881195 -1.6601563
-11.9006195 -6.0690765 -1.8339233
-12.398117 -6.1143036 -1.9862671
-12.959885 -6.245224 -2.0124512
-13.319321 -6.3904266 -1.9219971
-13.276474 -6.483261 -1.7458496
-13.021774 -6.488022 -1.4387817
-12.310043 -6.41185 -1.1102905
-11.467392 -6.276169 -0.86987305
-10.612839 -5.988144 -0.8579712
-9.996323 -5.6406097 -1.0769653
-9.708298 -5.374008 -1.3245239
-9.824936 -5.1716766 -1.4935303
-10.091537 -4.928879 -1.8291626
-10.315292 -4.833664 -2.1052856
-10.627121 -4.7598724 -2.3552246
-10.8294525 -4.6884613 -2.6289673
-11.129379 -4.6575165 -2.781311
-11.443588 -4.5289764 -3.0907593
-11.810165 -4.405197 -3.3573608
-12.312424 -4.379013 -3.6739502
-12.836105 -4.283798 -3.807251
-13.240768 -4.2742767 -3.8310547
-13.369308 -4.2076263 -3.8834229
-13.236008 -4.1195526 -3.7263184
-12.869431 -4.005295 -3.4692383
-12.379074 -3.898178 -3.3311768
-11.862534 -3.7743988 -3.262146
-11.319809 -3.6291962 -3.2145386
-10.81279 -3.5220795 -3.2669067
-10.400986 -3.3364105 -3.3145142
-10.122482 -3.1840668 -3.2288208
-9.905869 -3.0983734 -3.235962
-9.710678 -3.0293427 -3.1645508
-9.415512 -2.9817352 -3.1193237
-9.058456 -2.9912567 -2.928894
-8.720444 -3.0412445 -2.8860474
-8.401474 -3.0674286 -2.826538
-8.227707 -3.0721893 -2.8241577
-8.199142 -3.0745697 -2.8527222
-8.1610565 -3.1293182 -2.9074707
-8.253891 -3.1197968 -2.9169922
-8.365768 -3.1436005 -3.024109
-8.370529 -3.1840668 -2.9812622
-8.175339 -3.1674042 -2.8336792
-7.844467 -3.1650238 -2.6813354
-7.47789 -3.1102753 -2.5480347
-7.09227 -3.0150604 -2.3671265
-6.830429 -2.9079437 -2.2909546
-6.663803 -2.8317719 -2.1600342
-6.735214 -2.7841644 -2.1743164
-6.816147 -2.7508392 -2.164795
-6.989914 -2.7556 -2.1885986
-7.1470184 -2.7651215 -2.1814575
-7.2446136 -2.781784 -2.2600098
-7.277939 -2.8079681 -2.2409668
-7.316025 -2.8341522 -2.1814575
-7.2755585 -2.8555756 -2.1576538
Time Stop = 1457236746
