Time Start = 1457236083
-2.7195282 4.2141266 8.13269
-3.1170502 5.128189 8.3064575
-2.1363373 5.4757233 8.701599
-0.9580536 5.4114532 8.865845
-0.37486267 4.8877716 8.725403
-0.4724579 4.1546173 8.51593
-0.941391 3.8094635 8.285034
-1.3293915 3.6952057 8.523071
-1.4008026 3.7594757 8.784912
-1.1651459 4.0522614 8.782532
-0.9556732 4.1117706 8.656372
-0.74858093 4.216507 8.361206
-0.64146423 4.099869 8.349304
-0.7200165 3.973709 8.520691
-0.6628876 3.792801 8.651611
-0.50102234 3.4095612 8.711121
-0.43675232 3.2238922 8.870605
-0.32011414 2.683548 9.258606
-0.21775818 2.2050934 9.41095
-0.21537781 1.9575348 9.506165
-0.34153748 1.490982 9.827515
-0.5105438 1.3862457 9.784668
-0.68907166 1.3267365 9.832275
-0.78904724 1.3195953 9.787048
-0.80570984 1.112503 9.858459
-0.8675995 0.8030548 9.998901
-0.96043396 0.66737366 9.865601
-0.97709656 0.753067 9.665649
-1.0080414 0.80067444 9.706116
-0.9747162 0.77449036 9.865601
-0.83665466 0.9101715 9.698975
-0.6628876 0.9101715 9.039612
-0.62242126 0.37220764 8.887268
-0.5676727 -0.20622253 8.830139
-0.5272064 -0.44187927 9.039612
-0.55815125 -0.15861511 9.558533
-0.7271576 0.017532349 10.172668
-0.87950134 -0.31333923 10.327393
-1.2698822 -0.79893494 10.039368
-1.634079 -1.2940521 9.86084
-1.7150116 -1.4678192 9.932251
-1.6578827 -1.1369476 9.832275
-1.5079193 -0.9488983 10.24646
-1.4127045 -0.7108612 10.508301
-1.4127045 -0.4323578 10.267883
-1.5293427 -0.4490204 10.034607
-1.5007782 -0.299057 9.627563
-1.4507904 0.21748352 9.208618
-1.4650726 0.46266174 9.41095
-1.2032318 0.6554718 9.482361
-1.0770721 0.9792023 9.820374
-0.9152069 -0.07292175 9.60614
-0.66526794 -1.0084076 9.703735
-0.6367035 -1.4178314 9.570435
-0.65812683 -1.4368744 10.1203
-0.7009735 -1.0631561 9.984619
-0.80332947 -1.6725311 10.315491
-1.0032806 -1.8248749 9.499023
-1.005661 -1.8939056 9.115784
-0.60813904 -2.1128998 9.058655
-0.098739624 -1.9867401 9.210999
0.3511505 -1.851059 9.389526
0.6891632 -2.1795502 9.753723
2.5387115 -2.5175629 11.700867
2.3030548 -4.2933197 13.512329
0.655838 -3.4720917 11.857971
-0.036849976 -3.929123 9.713257
-0.9247284 -3.7125092 9.170532
-1.1580048 -4.2409515 7.9613037
-1.0461273 -3.5887299 8.26123
-0.7176361 -3.4054413 9.372864
-0.27012634 -3.7958221 9.291931
-0.1415863 -3.9648285 9.249084
-0.3558197 -3.1364594 9.515686
-0.5057831 -2.857956 9.794189
-0.8104706 -2.6746674 9.727539
-0.76524353 -2.5580292 9.741821
-0.45817566 -2.3247528 9.510925
-0.07017517 -2.581833 9.770386
0.20594788 -2.710373 9.149109
0.31544495 -2.9388885 9.532349
0.072647095 -3.0793304 9.601379
0.0393219 -3.2007294 9.41095
-0.5272064 -3.6506195 9.994141
-1.1937103 -3.5887299 8.970581
-0.9342499 -2.8151093 9.3776245
-0.7200165 -2.1295624 9.701355
-0.3486786 -2.127182 9.327637
0.10835266 -2.5723114 8.70874
0.50349426 -3.9219818 8.751587
0.69392395 -3.512558 9.208618
0.8795929 -3.2411957 10.091736
0.39875793 -2.910324 10.524963
-0.39390564 -2.5937347 10.382141
-1.3055878 -2.2604828 9.575195
-1.6840668 -2.5865936 9.817993
-1.4698334 -3.160263 9.627563
-0.9913788 -4.012436 8.942017
-0.32725525 -4.595627 8.720642
-0.25346375 -4.3242645 8.718262
-0.11778259 -3.7291718 9.053894
-0.022567749 -2.7794037 9.318115
-0.08207703 -2.2533417 9.720398
0.8462677 -2.255722 10.275024
1.0319366 -1.9700775 9.887024
0.06550598 -1.3916473 9.420471
-0.7914276 -1.748703 9.529968
-1.4769745 -2.024826 9.703735
-1.743576 -1.9819794 9.3776245
-1.7507172 -2.120041 9.577576
-1.7316742 -1.453537 10.144104
-1.884018 -1.036972 10.674927
-2.133957 -0.7917938 10.263123
-2.4005585 -0.70610046 10.275024
-2.1268158 -1.0012665 10.1203
-1.7364349 -1.241684 9.8394165
-1.1865692 -1.2321625 9.779907
-0.7176361 -1.2059784 9.887024
-0.5367279 -1.6439667 10.077454
-0.7819061 -1.934372 10.11554
-1.0842133 -1.8915253 10.213135
-1.2865448 -1.7177582 10.129822
-1.2246552 -1.3964081 9.772766
-1.1818085 -1.4606781 9.401428
-1.0104218 -2.0724335 9.494263
-0.4629364 -2.2271576 9.0896
-0.13444519 -2.4247284 9.09198
-0.15110779 -2.7698822 9.096741
-0.5295868 -3.6387177 9.458557
-1.1270599 -4.236191 9.537109
-1.6555023 -4.659897 9.558533
-2.2743988 -4.405197 9.803711
-2.8171234 -3.1769257 9.472839
-2.3838959 -1.8939056 9.4776
-1.2603607 -1.2773895 9.401428
-0.85569763 -1.2797699 9.825134
-0.74858093 -1.3321381 9.787048
-0.42008972 -2.1367035 9.629944
-0.37486267 -2.1224213 9.4776
-0.8604584 -1.6320648 9.946533
-1.134201 -2.331894 10.489258
-1.4745941 -3.4792328 10.175049
-1.550766 -3.7863007 8.996765
-1.281784 -3.486374 8.777771
-0.9723358 -2.6127777 9.341919
-0.68907166 -1.9319916 9.746582
-0.50102234 -2.3890228 10.039368
-0.43199158 -3.3744965 10.072693
-1.0984955 -3.807724 9.701355
-1.3912811 -3.8577118 9.494263
-1.0104218 -3.898178 9.280029
-0.7271576 -3.455429 9.389526
0.07978821 -3.3149872 10.032227
0.48921204 -2.812729 9.234802
0.25117493 -3.0007782 9.130066
0.33448792 -3.826767 9.779907
0.38923645 -4.3361664 9.215759
0.4011383 -5.007431 8.77063
0.19166565 -4.974106 8.285034
0.26545715 -5.0288544 8.054138
0.35829163 -4.533737 8.282654
-0.16062927 -4.417099 9.28717
-0.3558197 -3.993393 9.60376
-0.18205261 -3.583969 9.967957
-0.40342712 -3.364975 9.601379
-0.54862976 -3.660141 9.465698
-0.37724304 -3.800583 9.310974
-0.39390564 -3.750595 9.394287
-0.49864197 -3.6125336 9.22052
-0.48435974 -3.7601166 9.339539
-0.5676727 -3.5435028 9.2229
-0.4058075 -3.6958466 9.137207
-0.11778259 -3.7839203 9.0824585
-0.04399109 -3.8743744 8.744446
0.01789856 -4.212387 8.775391
0.07740784 -4.659897 8.908691
-0.07017517 -4.7408295 9.0824585
0.1631012 -3.9053192 9.277649
0.22499084 -4.8170013 9.418091
-0.34153748 -4.140976 9.35144
-0.6033783 -3.6910858 9.653748
-0.8152313 -4.071945 9.7323
-0.7414398 -4.238571 9.727539
-0.5462494 -4.2266693 9.646606
-0.710495 -3.8505707 8.730164
-0.35820007 -3.7363129 9.049133
-0.35105896 -4.4004364 8.539734
-0.543869 -4.6003876 8.156494
-0.5367279 -4.750351 8.437378
-0.5771942 -4.6503754 8.5563965
-0.7009735 -4.23143 8.889648
-0.75572205 -4.4575653 9.239563
-0.9913788 -4.80748 9.199097
-1.1508636 -4.852707 9.456177
-1.2508392 -3.8481903 9.472839
-1.0032806 -2.827011 9.679932
-0.88664246 -2.2128754 9.820374
-0.68193054 -2.6841888 9.977478
-0.6033783 -3.519699 9.520447
-0.63908386 -3.9148407 9.3776245
-0.45341492 -3.660141 9.641846
-0.4629364 -3.9886322 9.532349
-0.6176605 -4.5480194 9.191956
-0.6176605 -4.500412 9.310974
-0.22966003 -4.000534 9.418091
-0.21061707 -3.9886322 9.191956
-0.29393005 -4.4528046 9.099121
-0.58195496 -4.429001 9.149109
-0.53196716 -4.436142 9.296692
-0.55815125 -4.3694916 9.191956
-0.5391083 -4.345688 9.356201
-0.43675232 -4.512314 9.382385
-0.13682556 -4.9407806 8.223145
-0.27488708 -5.9929047 8.187439
-0.30107117 -5.290695 9.118164
0.027420044 -4.4123383 8.411194
-0.22489929 -4.8765106 9.125305
-0.4058075 -4.4528046 8.696838
-0.43437195 -4.243332 8.989624
-0.5700531 -3.9886322 9.339539
-0.9056854 -3.3483124 9.270508
-1.0675507 -3.2935638 9.318115
-1.0627899 -4.095749 8.658752
-0.9794769 -4.3385468 8.506409
-0.6438446 -4.814621 8.606384
-0.479599 -3.6720428 8.64209
-0.0677948 -4.905075 9.263367
-0.23918152 -4.7408295 9.022949
-0.31297302 -4.845566 9.141968
-0.37486267 -4.769394 9.3133545
-0.40818787 -4.686081 9.663269
-0.6105194 -5.0955048 9.434753
-0.7081146 -5.057419 9.613281
-0.8747406 -4.1243134 9.470459
-0.60575867 -3.8362885 10.30835
-0.45341492 -3.7267914 9.727539
-0.51530457 -3.993393 10.220276
-0.67240906 -4.2933197 9.453796
-0.7700043 -4.3314056 8.696838
-0.7200165 -4.7717743 8.673035
-0.7081146 -4.924118 8.225525
-0.8104706 -5.1264496 8.027954
-0.8247528 -5.2740326 7.885132
-0.81285095 -5.454941 7.758972
-0.8485565 -5.419235 7.751831
-0.8104706 -5.5811005 7.989868
-0.90330505 -5.545395 8.120789
-0.8604584 -5.5739594 8.030334
-0.9318695 -5.462082 8.430237
-0.9842377 -5.5811005 8.713501
-1.1508636 -5.597763 8.527832
-1.1318207 -5.9476776 8.230286
-1.2032318 -5.7477264 8.125549
-1.1818085 -6.147629 8.680176
-1.0818329 -6.150009 9.1657715
-0.91044617 -5.647751 9.130066
-0.8104706 -5.2526093 9.227661
-0.6605072 -5.5953827 9.251465
-0.70573425 -4.557541 9.2229
-0.54148865 -4.4266205 9.28241
-0.5200653 -4.110031 8.9991455
-0.46769714 -3.8838959 8.565918
-0.4462738 -3.769638 8.382629
-0.4724579 -3.6577606 8.313599
-0.46769714 -4.340927 8.506409
-0.5605316 -4.738449 8.373108
-0.5557709 -5.469223 9.099121
-0.5843353 -4.7931976 8.844421
-0.5557709 -4.659897 9.149109
-0.7914276 -4.474228 9.632324
-0.9175873 -4.0481415 9.656128
-1.024704 -4.050522 9.834656
-0.8318939 -3.7648773 10.420227
-0.60813904 -3.7101288 10.305969
-0.54148865 -3.4506683 10.096497
-0.80332947 -3.1507416 10.089355
-0.7819061 -4.4789886 9.875122
-0.8723602 -4.686081 8.813477
-1.005661 -4.724167 8.746826
-0.81285095 -4.148117 8.827759
-0.68193054 -3.3435516 9.227661
-0.4700775 -3.4958954 9.558533
-0.54148865 -3.9576874 9.344299
-0.55815125 -4.7789154 8.780151
-0.6676483 -5.3454437 8.5563965
-0.81285095 -5.6572723 8.032715
-0.7771454 -6.3332977 7.404297
-1.0175629 -6.692734 7.0424805
-0.9318695 -7.8329315 7.1329346
-1.0294647 -7.675827 7.0162964
-0.96281433 -7.3187714 7.2352905
-0.9913788 -6.2618866 7.778015
-0.8485565 -5.602524 8.461182
-0.73905945 -5.059799 8.568298
-0.7914276 -4.045761 8.663513
-0.098739624 -3.4054413 8.546875
0.52253723 -4.783676 10.05365
0.15596008 -4.0029144 10.6297
-0.13920593 -3.8696136 11.577087
-0.86283875 -3.0531464 11.124817
-1.4293671 -2.8055878 10.165527
-1.3817596 -3.8481903 9.41333
-1.0032806 -4.3623505 7.911316
-0.31773376 -4.757492 7.23291
0.16072083 -4.9074554 7.3376465
0.094070435 -5.700119 7.7922974
-0.11778259 -5.0431366 7.2281494
0.06074524 -7.490158 9.208618
-0.6509857 -6.0952606 9.208618
-1.2865448 -4.7670135 9.632324
-1.5483856 -5.0098114 9.046753
-1.2484589 -5.6596527 8.027954
-0.88664246 -4.993149 8.361206
-0.38676453 -4.6503754 8.987244
-0.30345154 -4.2909393 9.503784
-0.4224701 -4.3099823 9.439514
-0.6628876 -4.7860565 9.260986
-0.7604828 -4.7789154 8.937256
-0.8723602 -4.795578 8.868225
-0.627182 -5.0431366 9.011047
-0.44865417 -4.61467 9.213379
-0.30821228 -4.5932465 9.382385
-0.27726746 -4.955063 9.213379
-0.42008972 -4.8050995 9.09198
-0.5938568 -5.5620575 8.392151
-0.71287537 -5.340683 8.270752
-0.6343231 -5.1835785 8.049377
-0.3558197 -5.3644867 8.108887
-0.051132202 -5.602524 7.7851563
-0.15348816 -7.906723 7.9922485
-0.27012634 -6.745102 8.006531
-0.124923706 -6.764145 9.080078
-0.24156189 -6.778427 8.889648
-0.40104675 -6.1976166 8.677795
-0.37486267 -5.942917 8.32074
-0.4462738 -5.9524384 7.930359
-0.38438416 -5.983383 7.778015
-0.8247528 -4.8955536 7.778015
-0.65574646 -4.6575165 7.9993896
-0.7676239 -4.4647064 8.144592
-0.63194275 -5.040756 8.356445
-0.4224701 -5.404953 8.299316
-0.24156189 -5.559677 8.599243
-0.17015076 -6.052414 9.013428
-0.60575867 -5.435898 8.927734
-0.58909607 -4.9836273 9.560913
-0.76286316 -3.9791107 9.879883
-0.9318695 -4.3314056 9.848938
-0.8318939 -4.9526825 9.199097
-0.53196716 -5.0288544 9.239563
-0.2725067 -4.9026947 9.34906
-0.16300964 -5.2978363 9.130066
-0.16062927 -5.3383026 8.292175
-0.23680115 -6.880783 7.6256714
-0.5200653 -6.361862 7.7351685
-0.51768494 -6.116684 7.9136963
-0.48435974 -5.919113 8.244568
-0.64860535 -5.7405853 8.492126
-0.64146423 -5.8453217 8.45166
-0.5676727 -5.6786957 8.220764
-0.4557953 -5.4977875 8.780151
0.008377075 -6.188095 8.730164
-0.1915741 -6.1642914 8.968201
0.072647095 -6.2285614 9.210999
-0.055892944 -6.404709 8.970581
-0.4224701 -6.552292 8.444519
-0.7342987 -6.150009 7.9375
-1.0318451 -4.8836517 8.087463
-1.1770477 -4.007675 8.57782
-1.4293671 -2.043869 8.161255
-0.96995544 -1.2726288 9.2300415
-0.87950134 -0.8917694 9.737061
-0.98661804 -1.4654388 9.710876
-1.0175629 -2.5556488 9.061035
-0.76286316 -3.641098 8.339783
-0.65812683 -4.474228 7.6375732
-0.646225 -5.2169037 8.006531
-0.91282654 -5.290695 8.032715
-1.0842133 -5.102646 8.601624
-1.1103973 -4.9598236 9.239563
-1.19133 -4.3956757 9.491882
-1.0865936 -4.0790863 9.820374
-1.0937347 -3.7720184 9.825134
-0.90330505 -3.8172455 9.7561035
-0.7533417 -4.1623993 9.663269
-0.6795502 -4.448044 9.360962
-0.77952576 -4.5361176 9.170532
-0.64146423 -5.1335907 9.817993
-0.55101013 -5.4097137 9.458557
-0.5605316 -5.5930023 8.715881
-0.710495 -5.4287567 8.137451
-0.6509857 -4.866989 8.601624
-0.5224457 -4.250473 8.90155
-0.59147644 -3.6506195 8.64209
-0.793808 -3.5411224 9.41333
-0.7009735 -2.8984222 9.256226
-0.58909607 -2.4747162 9.632324
-0.5391083 -1.8558197 10.151245
-0.47721863 -1.3321381 10.3012085
-0.29154968 -1.0274506 10.724915
-0.07493591 -1.5320892 11.636597
-0.11540222 -1.7820282 12.124573
-0.24394226 -2.1866913 12.633972
-0.3058319 -2.8984222 12.217407
-0.54862976 -3.3126068 10.936768
-0.60575867 -3.7101288 9.729919
-0.5867157 -3.9648285 8.880127
-0.6176605 -4.140976 8.315979
-0.53196716 -4.1623993 7.9660645
-0.59147644 -4.3504486 7.904175
-0.6938324 -4.2909393 7.635193
-0.86997986 -4.288559 7.687561
-1.0651703 -4.2790375 7.963684
-1.1651459 -4.348068 8.392151
-1.3365326 -4.4004364 8.299316
-1.2841644 -4.4409027 8.246948
-1.0961151 -5.181198 8.361206
-1.2008514 -5.462082 8.408813
-1.1960907 -5.7786713 8.715881
-1.217514 -5.6977386 8.987244
-1.2127533 -5.2359467 9.315735
-1.0009003 -4.602768 9.53949
-0.72953796 -4.2599945 9.660889
-0.479599 -4.133835 9.520447
-0.3486786 -4.390915 9.258606
-0.4629364 -4.7217865 8.744446
-0.66526794 -5.019333 8.546875
-0.8247528 -5.2668915 8.339783
-1.0175629 -5.290695 8.213623
-1.108017 -5.3002167 8.458801
-0.9961395 -4.859848 8.670654
-0.82237244 -4.2147675 8.775391
-0.5843353 -3.7458344 9.068176
-0.4391327 -3.6910858 9.256226
-0.41056824 -3.9672089 9.251465
-0.5533905 -4.6646576 9.108643
-0.7200165 -5.2145233 8.682556
-0.9390106 -5.6144257 8.604004
-1.0842133 -5.7358246 8.623047
-1.0532684 -5.7239227 8.749207
-0.91044617 -5.4406586 8.96344
-0.6938324 -4.976486 9.115784
-0.55815125 -4.8312836 9.375244
-0.44865417 -4.950302 9.02533
-0.51768494 -5.0740814 8.613525
-0.5034027 -5.1312103 8.430237
-0.37724304 -5.188339 8.430237
-0.22489929 -6.0119476 8.563538
-0.42008972 -6.502304 8.811096
-0.46055603 -6.1904755 8.827759
-0.51530457 -5.957199 9.175293
-0.90330505 -5.1502533 9.418091
-0.9485321 -4.576584 9.549011
-0.9485321 -4.2409515 9.598999
-0.9580536 -3.9243622 9.227661
-0.793808 -3.8838959 8.882507
-0.7081146 -3.9791107 8.163635
-0.71287537 -4.0410004 7.5614014
-0.7700043 -4.364731 7.675659
-0.7009735 -4.129074 7.4400024
-0.6128998 -4.4266205 7.378113
-0.7414398 -5.0217133 8.1588745
-0.9580536 -5.726303 8.57782
-1.0556488 -6.128586 8.584961
-1.0961151 -6.0309906 8.599243
-1.0675507 -5.397812 8.813477
-1.0818329 -4.609909 9.294312
-0.9175873 -3.7196503 9.651367
-0.6033783 -3.364975 9.898926
-0.4129486 -3.5863495 10.010803
-0.3653412 -4.174301 9.744202
-0.4129486 -4.9384003 9.629944
-0.6033783 -4.931259 9.294312
-0.6438446 -4.8955536 9.151489
-0.7009735 -4.6765594 9.256226
-0.6176605 -4.281418 9.372864
-0.5295868 -4.1433563 9.4609375
-0.41770935 -4.326645 9.632324
-0.42723083 -4.6051483 9.546631
-0.4058075 -4.719406 9.468079
-0.43675232 -4.6884613 9.41095
-0.42723083 -4.533737 9.587097
-0.46769714 -4.5861053 9.627563
-0.5391083 -4.697983 9.601379
-0.5605316 -4.840805 9.170532
-0.72239685 -5.224045 9.065796
-0.92948914 -5.3573456 8.592102
-0.94615173 -5.4025726 8.032715
-0.922348 -5.25737 7.9089355
-0.83665466 -4.8955536 7.797058
-0.77238464 -4.8765106 8.018433
-0.77238464 -4.9907684 8.037476
-0.7604828 -5.416855 8.120789
-0.88664246 -5.6596527 8.125549
-0.9675751 -5.892929 8.096985
-0.97709656 -5.9072113 8.168396
-1.0032806 -5.4906464 8.511169
-0.96043396 -4.9193573 8.839661
-0.83903503 -4.6908417 9.1467285
-0.6866913 -4.6384735 9.382385
Time Stop = 1457236088
