Time Start = 1457236059
-1.7840424 2.2979279 9.744202
-1.1222992 2.6549835 10.079834
-0.5557709 2.6502228 9.829895
-0.60575867 2.4478912 9.679932
-0.9152069 2.1931915 9.496643
-1.0508881 2.176529 9.365723
-1.088974 2.2527008 9.484741
-1.1294403 2.388382 9.489502
-1.2056122 2.1741486 9.508545
-1.4127045 1.8527985 9.046753
-1.6459808 1.7147369 9.013428
-1.6650238 1.7385406 9.322876
-1.6436005 1.7647247 9.575195
-1.7911835 1.4624176 9.844177
-2.288681 0.9434967 9.713257
-3.2836761 -1.389267 9.648987
-2.4624481 0.69117737 8.111267
-1.2151337 -0.42045593 11.736572
-2.333908 -2.4889984 11.412842
-2.6885834 -2.6699066 9.920349
-1.9078217 -2.8508148 10.294067
-1.5674286 -2.2581024 9.429993
1.8507843 -1.6701508 12.712524
2.3030548 -2.3271332 10.079834
1.5103912 -3.3149872 9.34906
-0.25108337 -4.2266693 10.948669
-1.4555511 -4.160019 11.907959
-0.396286 -3.5411224 8.646851
-0.89378357 -4.1766815 11.910339
-1.5293427 -3.0793304 9.610901
-2.7338104 -2.903183 9.458557
-2.3696136 -0.60136414 8.725403
-1.5364838 -2.0986176 8.732544
0.05836487 -2.384262 10.322632
1.1342926 -0.84654236 8.90155
1.2556915 -0.18241882 10.453552
0.73439026 -0.299057 9.132446
-0.008285522 -0.38475037 10.317871
-0.25584412 -1.7320404 8.763489
-0.37486267 -0.7751312 8.32312
-0.098739624 -2.365219 8.554016
-0.07255554 -2.5580292 9.127686
-0.008285522 -2.172409 9.887024
-0.8437958 0.08894348 6.8449097
-0.77238464 -1.0060272 8.880127
-1.1627655 -1.6677704 8.844421
-0.6438446 -1.7558441 8.727783
0.3106842 -2.4532928 9.268127
0.41542053 -2.7056122 9.372864
0.57014465 -2.838913 9.794189
0.4416046 -3.0483856 9.496643
0.10597229 -3.7077484 9.41333
-0.25108337 -3.7006073 9.408569
-0.5533905 -3.0674286 9.637085
-0.6938324 -2.5746918 10.096497
-0.8604584 -2.0105438 10.008423
-0.86997986 -1.6439667 9.527588
-0.7819061 -1.6725311 9.330017
-0.59147644 -1.9415131 9.5252075
-0.18443298 -2.0581512 12.038879
0.63679504 -3.8505707 11.512817
0.57014465 -5.1145477 9.687073
-0.04875183 -5.5572968 8.351685
-0.6009979 -5.416855 8.487366
-0.5462494 -4.5932465 8.673035
-0.31297302 -3.198349 9.353821
0.360672 -1.8558197 10.291687
0.04408264 -2.4247284 10.458313
-0.91044617 -2.846054 10.360718
-1.2484589 -3.4649506 10.796326
-1.4174652 -3.2721405 9.984619
-0.6033783 -3.1126556 9.344299
0.027420044 -2.9127045 9.644226
0.6391754 -2.3556976 9.015808
0.951004 -3.410202 8.799194
0.5249176 -3.8386688 7.9208374
0.16072083 -4.198105 7.4161987
-0.22966003 -4.576584 8.104126
-0.30821228 -3.8505707 8.913452
-0.17253113 -2.9055634 9.429993
0.17024231 -2.9198456 10.001282
0.20594788 -3.1697845 10.239319
0.046463013 -3.2530975 9.975098
0.010757446 -3.8624725 9.806091
0.022659302 -4.8741302 9.579956
-0.2725067 -5.2216644 8.875366
-0.43437195 -5.2026215 8.958679
-0.3391571 -4.5408783 9.465698
-0.627182 -4.545639 9.948914
-0.81999207 -3.0222015 9.806091
-0.9913788 -2.339035 9.568054
-0.93663025 -2.1414642 9.310974
-0.8747406 -2.1819305 8.880127
-0.53196716 -3.115036 8.665894
0.0155181885 -4.283798 8.956299
-0.18681335 -4.609909 9.446655
-0.62242126 -3.7363129 9.161011
-1.1580048 -3.1697845 9.727539
-1.4507904 -2.6770477 9.808472
-1.4127045 -2.0962372 9.7561035
-1.0818329 -2.4913788 10.058411
-0.5533905 -2.8103485 9.601379
-0.22966003 -3.705368 10.24408
-0.27726746 -3.5744476 10.253601
-0.55815125 -3.1388397 10.108398
-0.77238464 -3.2102509 10.298828
-1.1960907 -3.326889 10.041748
-1.5341034 -3.3816376 9.15625
-1.3484344 -3.6744232 8.7682495
-0.8652191 -4.0362396 8.539734
-0.332016 -4.4837494 8.19458
0.06312561 -4.5361176 8.299316
0.06550598 -4.0814667 9.258606
-0.07017517 -5.135971 10.3654785
-0.7533417 -4.1052704 9.256226
-1.0913544 -4.6908417 9.2300415
-1.2317963 -4.602768 9.122925
-1.0746918 -4.4766083 9.125305
-0.9342499 -4.4647064 9.232422
-0.6533661 -4.2742767 9.137207
-0.32011414 -4.7408295 9.389526
-0.25108337 -4.8622284 9.425232
-0.34629822 -4.783676 9.399048
-0.56529236 -4.4908905 9.244324
-0.74620056 -4.526596 9.5252075
-0.9842377 -4.3052216 9.468079
-1.1246796 -4.545639 9.772766
-1.3151093 -4.5670624 9.4776
-1.4555511 -4.2409515 8.89679
-1.3531952 -4.0624237 9.084839
-1.1032562 -3.7982025 9.182434
-0.8675995 -4.2528534 9.510925
-0.76524353 -4.5742035 9.096741
-0.7771454 -4.67894 8.77301
-0.8509369 -4.576584 8.725403
-0.9152069 -3.9862518 8.746826
-0.7842865 -3.7386932 9.120544
-0.65812683 -3.6268158 8.89917
-0.51530457 -3.7363129 8.511169
-0.35343933 -3.8791351 8.432617
0.003616333 -3.9148407 8.380249
0.4677887 -3.8505707 8.504028
0.9105377 -4.160019 8.789673
1.1819 -4.7598724 8.946777
1.3794708 -5.538254 8.908691
1.2723541 -5.7667694 9.011047
1.1699982 -5.3502045 9.510925
0.93434143 -4.1647797 9.587097
1.0747833 -3.917221 10.234558
0.62013245 -3.281662 9.92749
0.42018127 -3.4435272 9.54187
-0.027328491 -3.9005585 8.8515625
-0.4129486 -4.3361664 8.166016
-0.63908386 -5.12883 7.373352
-1.1413422 -4.507553 6.109375
-0.7604828 -5.2978363 6.956787
-1.024704 -4.469467 7.4804688
-0.61528015 -4.564682 9.1657715
-0.38200378 -4.283798 10.684448
-0.31297302 -3.2578583 12.222168
0.0012359619 -2.762741 12.971985
-0.029708862 -2.49852 12.336426
-0.23918152 -3.1245575 10.3845215
-0.64146423 -4.4218597 9.194336
-0.84617615 -4.179062 7.951782
-0.57481384 -5.3621063 9.201477
-0.78904724 -4.4980316 9.299072
-0.79618835 -4.224289 9.656128
-0.88664246 -3.7291718 9.191956
-0.91044617 -3.6649017 8.551636
-0.7200165 -3.660141 7.8827515
-0.5605316 -3.4340057 7.404297
-0.4058075 -3.4435272 7.482849
-0.4129486 -3.7672577 7.547119
-0.40104675 -4.364731 8.239807
-0.23442078 -5.419235 7.956543
-0.27488708 -6.552292 7.7994385
-0.42485046 -6.590378 7.9922485
-0.37010193 -5.9357758 8.587341
-0.248703 -5.0740814 9.35144
-0.16539001 -4.3099823 9.92749
-0.24632263 -4.0743256 10.1345825
-0.28440857 -4.364731 9.820374
-0.5034027 -4.697983 9.360962
-0.47721863 -4.9003143 9.556152
-0.42008972 -5.3430634 10.05127
-0.65812683 -5.243088 10.63208
-0.77952576 -4.4718475 9.853699
-0.88664246 -3.9600677 9.73468
-0.96995544 -3.698227 9.465698
-1.1841888 -3.5720673 8.289795
-0.8914032 -4.7479706 8.8349
-0.6343231 -5.5287323 9.558533
-0.62242126 -5.5811005 9.406189
-0.5129242 -5.7620087 9.472839
-0.56529236 -5.269272 9.406189
-0.71287537 -4.8050995 9.161011
-0.6771698 -4.6194305 8.825378
-0.6009979 -4.6194305 8.380249
-0.6200409 -4.74321 8.154114
-0.646225 -4.7170258 7.775635
-0.7676239 -4.61467 7.3186035
-0.8509369 -5.06456 8.139832
-1.1627655 -4.462326 7.6328125
-0.91044617 -4.840805 8.3897705
-0.67240906 -5.3383026 9.080078
-0.73191833 -4.9717255 9.244324
-0.6438446 -4.7479706 9.92511
-0.65574646 -4.129074 9.9227295
-0.8723602 -3.7482147 9.794189
-0.9318695 -4.057663 9.506165
-1.0389862 -4.545639 8.811096
-1.1127777 -4.6837006 8.413574
-1.0389862 -4.609909 8.5563965
-0.83665466 -4.7265472 8.922974
-0.7009735 -4.564682 8.651611
-0.627182 -4.3694916 8.665894
-0.64860535 -3.71727 8.308838
-0.6509857 -3.1769257 8.392151
-0.6128998 -2.7317963 8.70636
-0.49150085 -2.9388885 9.208618
-0.4224701 -3.531601 9.451416
-0.41056824 -4.3552094 9.47998
-0.40104675 -4.8193817 9.344299
-0.4462738 -5.012192 9.241943
-0.44865417 -4.7146454 9.194336
-1.0104218 -5.559677 10.753479
-0.63908386 -5.816757 9.920349
-0.46769714 -4.886032 9.879883
-0.07017517 -4.7717743 9.1657715
-0.28440857 -4.4075775 9.139587
-0.4557953 -3.8386688 9.1467285
-0.41770935 -3.750595 8.956299
-0.6438446 -5.052658 8.658752
-0.6438446 -5.116928 8.380249
-0.29154968 -5.174057 8.308838
-0.10588074 -3.8934174 9.429993
-0.013046265 -4.6765594 9.579956
-0.332016 -4.9145966 9.208618
-0.479599 -5.033615 9.130066
-0.6866913 -4.80748 9.648987
-0.7509613 -3.6101532 9.334778
-0.5962372 -3.6101532 9.932251
-0.5676727 -3.4792328 9.641846
-0.46769714 -3.8886566 9.579956
-0.42008972 -4.140976 9.213379
-0.44865417 -4.1838226 8.820618
-0.47483826 -4.019577 8.282654
-0.48197937 -3.9576874 8.249329
-0.52482605 -3.7910614 7.9851074
-0.5700531 -3.9053192 8.404053
-0.78666687 -4.436142 8.351685
-0.69859314 -3.5625458 8.8349
-0.5962372 -3.7077484 9.910828
-0.774765 -3.6125336 9.844177
-0.7342987 -5.538254 11.700867
-0.22489929 -4.5027924 10.865356
0.23213196 -4.533737 9.977478
-0.5771942 -3.8410492 10.24884
-0.8604584 -3.4887543 10.3012085
-0.91282654 -3.288803 10.048889
-0.8342743 -3.4078217 9.470459
-0.62242126 -3.6291962 8.887268
-0.31059265 -4.160019 8.468323
-0.24632263 -4.3742523 8.044617
-0.30821228 -4.2028656 8.470703
-0.4129486 -3.9029388 9.132446
-0.6938324 -4.417099 9.399048
-1.0342255 -4.398056 9.084839
-1.0532684 -3.6482391 8.922974
-1.0865936 -2.6365814 8.789673
-0.98661804 -2.2414398 9.130066
-0.8818817 -2.4818573 9.698975
-0.74858093 -2.7675018 9.522827
-0.4962616 -2.7675018 9.234802
-0.19633484 -2.5723114 9.744202
0.27497864 -3.6291962 9.177673
0.5820465 -7.1259613 9.858459
0.4511261 -8.097153 7.7494507
0.4106598 -8.516098 7.906555
0.07740784 -7.016464 9.203857
-0.51768494 -5.25737 10.075073
-1.043747 -4.1838226 10.275024
-1.4365082 -3.936264 9.489502
-1.4603119 -4.2028656 8.363586
-0.94615173 -4.9264984 7.828003
-0.396286 -5.219284 7.3114624
-0.23680115 -5.038376 7.5685425
-0.079696655 -4.110031 7.9541626
-0.13444519 -3.9981537 8.439758
-0.72239685 -3.864853 8.518311
-0.9818573 -4.16716 8.944397
-1.0532684 -4.3623505 8.8515625
-0.97709656 -4.55278 9.061035
-0.9390106 -4.448044 9.291931
-0.80332947 -4.321884 9.751343
-0.8342743 -4.224289 9.996521
-0.7842865 -4.148117 9.825134
-0.73191833 -3.9719696 9.625183
-0.6438446 -3.788681 9.565674
-0.562912 -3.7148895 9.527588
-0.48197937 -3.7077484 9.260986
-0.4224701 -4.0290985 9.120544
-0.48435974 -4.262375 9.051514
-0.51530457 -4.4409027 8.987244
-0.5224457 -4.2647552 8.763489
-0.54148865 -3.9600677 8.856323
-0.5962372 -3.9600677 8.96582
-0.60575867 -4.212387 9.101501
-0.6105194 -4.590866 9.065796
-0.74858093 -4.890793 8.989624
-0.7914276 -5.2811737 8.953918
-0.7271576 -5.650131 8.977722
-0.7604828 -5.7620087 8.653992
-0.6938324 -5.3192596 8.554016
-0.58195496 -4.4385223 8.782532
-0.44389343 -3.864853 9.401428
-0.30107117 -3.9529266 9.770386
-0.38438416 -4.4766083 9.689453
-0.5129242 -4.8884125 8.842041
-0.5771942 -4.9217377 8.335022
-0.55815125 -4.662277 8.254089
-0.40104675 -4.916977 8.882507
-0.5700531 -4.514694 8.684937
-0.41770935 -4.7075043 9.177673
-0.49150085 -4.7479706 9.137207
-0.39866638 -4.9003143 9.406189
-0.2082367 -5.2978363 9.482361
-0.13206482 -5.6263275 9.563293
-0.30345154 -5.7239227 9.406189
-0.2582245 -5.3811493 9.011047
-0.45103455 -5.3168793 9.2229
-0.5938568 -4.764633 9.063416
-0.50816345 -4.931259 9.289551
-0.64860535 -4.5884857 9.28479
-0.62242126 -4.533737 9.03009
-0.6009979 -4.3314056 8.594482
-0.62480164 -3.8957977 8.468323
-0.627182 -3.3411713 8.19458
-0.45341492 -3.191208 8.801575
-0.47721863 -3.762497 8.51355
-0.62480164 -4.160019 8.856323
-0.6795502 -4.5742035 8.925354
-0.72953796 -4.8765106 8.742065
-0.9247284 -5.040756 9.163391
-0.88664246 -5.276413 9.744202
-0.8985443 -4.9217377 9.629944
-0.9485321 -4.469467 9.341919
-0.8985443 -4.269516 9.077698
-0.78666687 -4.4861298 9.1657715
-0.7247772 -4.9193573 8.563538
-0.74620056 -5.3240204 7.739929
-0.65574646 -6.0952606 7.8256226
-0.6676483 -6.3975677 7.8756104
-0.5200653 -6.6141815 8.027954
-0.6295624 -6.3237762 8.056519
-0.8414154 -5.4216156 8.1922
-0.7700043 -4.8003387 9.289551
-0.7414398 -4.1885834 9.251465
-0.7271576 -3.5911102 8.90155
-0.5795746 -3.7863007 9.908447
-0.6033783 -3.01268 9.268127
-0.14872742 -3.3863983 10.517822
-0.15110779 -2.922226 10.76062
-0.04637146 -2.8032074 10.748718
-0.020187378 -3.2078705 10.617798
-0.2891693 -3.6458588 10.044128
-0.6009979 -4.1814423 9.070557
-0.7176361 -4.8431854 8.304077
-0.83903503 -5.307358 7.4209595
-0.65574646 -5.309738 7.654236
-0.65574646 -5.51445 7.7946777
-0.7819061 -4.6694183 7.8898926
-0.60813904 -4.9669647 8.956299
-0.8009491 -4.7360687 9.268127
-0.8723602 -4.9264984 9.594238
-0.858078 -4.950302 9.441895
-0.77238464 -4.9717255 9.330017
-0.6747894 -4.9145966 9.180054
-0.5867157 -4.8812714 8.9991455
-0.5843353 -4.7527313 8.813477
-0.5034027 -4.6884613 8.89917
-0.44865417 -4.5861053 8.658752
-0.50102234 -4.5099335 8.420715
-0.56529236 -4.4789886 8.208862
-0.5938568 -4.621811 8.030334
-0.54862976 -4.80986 8.304077
-0.47483826 -5.026474 8.573059
-0.38676453 -5.250229 9.072937
-0.45817566 -5.502548 9.553772
-0.59861755 -5.5239716 9.427612
-0.64860535 -5.488266 9.168152
-0.66526794 -5.3573456 8.944397
-0.62242126 -4.9717255 8.782532
-0.51768494 -4.383774 8.632568
-0.42485046 -4.1005096 8.749207
-0.35820007 -4.319504 9.215759
-0.2891693 -4.976486 8.925354
-0.30821228 -5.828659 8.565918
-0.3391571 -6.5760956 8.534973
-0.47483826 -6.195236 8.64209
-0.36772156 -5.90007 9.453796
-0.3558197 -5.469223 10.022705
-0.40104675 -5.0217133 9.877502
-0.32963562 -4.3099823 9.213379
-0.17729187 -4.9264984 9.568054
-0.32725525 -4.3575897 8.842041
-0.2820282 -4.538498 8.980103
-0.4462738 -4.3385468 8.880127
-0.64146423 -4.236191 8.777771
-0.7676239 -4.1909637 8.534973
-0.8080902 -4.2076263 8.349304
-0.77238464 -4.186203 8.006531
-0.6866913 -4.1243134 8.108887
-0.58195496 -4.024338 8.249329
-0.5367279 -4.583725 8.523071
-0.6866913 -4.4956512 8.658752
-0.61528015 -4.9264984 8.83728
-0.691452 -5.6120453 9.101501
-0.7985687 -5.873886 9.315735
-0.74620056 -5.9905243 9.403809
-0.6866913 -5.8191376 9.494263
-0.59861755 -5.404953 9.656128
-0.4962616 -5.155014 9.646606
-0.39152527 -4.916977 9.532349
-0.35105896 -4.9455414 9.303833
-0.3724823 -4.9074554 8.892029
-0.48912048 -5.076462 8.646851
-0.57481384 -5.0502777 8.518311
-0.61528015 -4.8193817 8.44928
-0.69859314 -4.61467 8.487366
-0.7342987 -4.609909 8.501648
-0.8104706 -4.802719 8.549255
-0.8152313 -5.1907196 8.427856
-0.8675995 -5.3692474 8.187439
-0.8985443 -5.288315 8.251709
-0.8652191 -5.121689 8.539734
-0.83665466 -4.9788666 8.665894
-0.74620056 -4.866989 8.430237
-0.61528015 -4.8622284 8.344543
-0.62242126 -5.0693207 8.354065
-0.6367035 -5.3383026 8.263611
-0.65812683 -5.540634 8.3255005
-0.63194275 -5.564438 8.301697
-0.63194275 -5.3835297 8.51593
-0.64146423 -5.1454926 8.782532
-0.5938568 -5.2145233 9.0896
-0.55101013 -5.3763885 9.02533
-0.5771942 -5.404953 8.806335
-0.55101013 -5.140732 8.7872925
-0.45817566 -4.955063 8.920593
-0.5057831 -5.038376 8.89917
-0.5962372 -5.2335663 8.870605
-0.6009979 -5.295456 8.882507
-0.5557709 -5.423996 8.989624
-0.60575867 -5.488266 8.64447
-0.59147644 -5.6572723 8.185059
-0.5105438 -6.0190887 8.144592
-0.38200378 -6.418991 8.13031
-0.36772156 -6.8760223 8.0112915
-0.5272064 -6.3832855 8.00177
-0.6176605 -5.4097137 8.534973
-0.72239685 -4.5623016 9.4776
-0.80332947 -4.507553 9.891785
-0.7842865 -5.621567 9.139587
-0.9247284 -6.7308197 7.6708984
-0.8675995 -7.221176 6.6116333
-0.40104675 -6.597519 6.994873
0.15119934 -5.2145233 8.599243
0.40351868 -4.155258 10.020325
0.2535553 -3.9148407 10.784424
-0.1415863 -4.4647064 10.853455
-0.6295624 -5.212143 10.689209
-0.793808 -5.8119965 10.558289
-0.82237244 -5.431137 10.31073
-0.8080902 -4.781296 10.667786
-0.8009491 -3.9862518 10.560669
-0.8723602 -3.474472 9.213379
-0.86283875 -3.3530731 7.911316
-0.6295624 -3.9838715 7.6280518
-0.5724335 -4.557541 6.685425
-0.46769714 -5.12883 6.604492
-0.47721863 -5.8262787 7.718506
-0.80332947 -5.3502045 7.6328125
-0.6866913 -5.314499 7.547119
-0.37724304 -5.6644135 7.782776
-0.26060486 -6.1333466 7.570923
-0.18919373 -6.4713593 7.173401
-0.08683777 -6.778427 7.5114136
-0.053512573 -6.290451 7.5828247
-0.17015076 -5.731064 7.816101
-0.2820282 -5.185959 8.246948
-0.47721863 -4.9217377 8.5802
-0.5605316 -5.109787 8.925354
-0.6938324 -5.635849 9.084839
-0.90330505 -5.814377 8.892029
-1.0175629 -5.5358734 8.573059
-0.92948914 -5.1954803 8.661133
-0.7676239 -5.2787933 8.532593
-0.8985443 -5.033615 9.320496
Time Stop = 1457236064
