Time Start = 1457235593
-0.8675995 0.5888214 9.203857
-0.52482605 2.112259 13.179077
0.49873352 2.5121613 12.902954
1.1438141 0.688797 10.620178
0.77485657 -1.4892426 8.868225
-0.11064148 -2.2390594 8.484985
-0.562912 -2.1152802 9.28241
-0.3724823 -1.6058807 10.225037
0.055984497 -1.0298309 10.962952
0.32972717 -0.8084564 11.101013
0.11073303 -0.49900818 10.862976
-0.2653656 -0.40855408 10.584473
-0.37010193 -0.5799408 9.932251
-0.34153748 -0.6299286 9.596619
-0.19395447 -0.3490448 9.596619
0.13929749 -0.3561859 10.160767
0.14881897 0.010391235 9.594238
0.33448792 -0.44664 9.953674
-0.17015076 -0.04673767 9.996521
-0.13206482 -0.04197693 9.917969
-0.0844574 0.031814575 9.718018
0.360672 0.015151978 9.694214
0.76057434 0.09132385 8.358826
0.73439026 -0.32762146 10.186951
0.29640198 0.20082092 9.549011
0.17738342 -0.14671326 9.9227295
0.17024231 0.012771606 9.965576
0.34638977 -0.04197693 10.286926
0.18214417 0.005630493 10.479736
-0.1582489 0.18891907 10.375
-0.34629822 0.20082092 10.4487915
-0.6033783 -0.101486206 10.3012085
-0.562912 -0.8846283 9.822754
-0.8509369 -1.010788 9.784668
-0.8414154 -0.5394745 9.867981
-0.43199158 -0.63230896 10.605896
-0.34629822 -0.3419037 10.820129
-0.3558197 -0.051498413 10.817749
-0.36058044 0.5554962 10.57019
-0.3653412 1.1458282 10.30835
-0.40342712 1.5028839 9.965576
-0.45817566 1.7956696 10.122681
-0.42723083 1.9099274 10.939148
-0.8485565 2.921585 10.18457
-0.4224701 2.0194244 10.294067
-0.37010193 1.5362091 9.86084
-0.41532898 0.98872375 9.358582
-0.62242126 0.02229309 9.625183
-0.61528015 -1.2083588 9.389526
-0.97709656 -2.7056122 8.446899
-1.4507904 -4.083847 7.4733276
-1.6078949 -5.8881683 7.154358
-1.7959442 -7.361618 6.980591
-1.9649506 -8.339951 6.692566
-1.7364349 -8.468491 6.4830933
-1.2270355 -8.637497 6.037964
-0.9247284 -10.356125 4.6644897
-1.4365082 -10.368027 2.6292725
-1.4841156 -10.820297 2.4055176
-1.38414 -11.517746 3.4243164
-1.4745941 -10.303757 3.6028442
-1.3579559 -9.603928 4.1931763
-1.3769989 -8.554184 4.776367
-1.0104218 -8.523239 5.281006
-0.4391327 -8.59227 4.0289307
-0.13444519 -8.996933 3.2315063
-0.06541443 -9.665817 3.1981812
-0.07493591 -10.106186 2.914917
-0.2320404 -10.0395355 3.1934204
-0.33439636 -8.935043 4.6002197
0.06550598 -7.9543304 4.2384033
0.6058502 -6.5380096 4.595459
1.3556671 -6.8379364 11.184326
1.8269806 -7.033127 8.604004
1.0866852 -8.156662 6.4473877
0.32972717 -8.577988 4.1574707
0.39637756 -11.191635 2.6149902
-0.16539001 -11.67485 2.0794067
0.0393219 -11.241623 3.498108
0.6820221 -10.915512 5.0810547
0.8534088 -10.094284 5.697571
0.38923645 -8.599411 4.709717
0.055984497 -8.58989 4.712097
-0.332016 -8.661301 4.9763184
-0.49388123 -9.013596 4.973938
-0.55815125 -9.413498 4.788269
-0.68907166 -9.734848 4.609741
-0.7985687 -9.670578 4.693054
-0.7438202 -9.411118 4.966797
-0.41532898 -8.999313 5.814209
0.07978821 -8.9231415 6.744934
0.655838 -9.227829 6.6330566
0.6915436 -9.801498 5.8618164
0.032180786 -10.149033 4.7977905
-0.91282654 -10.339462 4.0265503
-1.4745941 -10.632248 3.7980347
-1.2389374 -10.8988495 4.119385
-0.5867157 -10.675095 4.5288086
0.27497864 -10.527512 4.735901
0.66773987 -10.803635 5.0620117
0.4915924 -10.446579 4.7335205
-0.120162964 -10.072861 4.3169556
-0.66526794 -9.780075 3.909912
-0.7247772 -9.503952 3.5457153
-0.5962372 -9.496811 3.5671387
-0.6033783 -9.584885 3.8789673
-0.8842621 -9.606308 4.1241455
-1.1865692 -9.5967865 4.2717285
-1.3984222 -9.456345 4.2645874
-1.6031342 -9.339706 4.4454956
-1.910202 -10.527512 6.1260376
-2.4838715 -10.686996 6.1974487
-2.564804 -10.658432 5.7070923
-2.6195526 -11.198776 6.1498413
-2.60289 -11.082138 6.2141113
-2.531479 -10.720322 6.3188477
-2.5219574 -10.470383 6.480713
-2.6171722 -9.922897 6.8710938
-2.6195526 -9.087387 7.0401
-2.7385712 -8.758896 7.1781616
-2.879013 -8.339951 7.154358
-3.1075287 -8.373276 7.244812
-3.140854 -8.351852 7.066284
-3.2432098 -8.104294 6.949646
-3.3050995 -8.01622 6.9210815
-3.3050995 -7.8186493 7.1257935
-3.3122406 -7.24498 7.097229
-3.5383759 -6.968857 7.16864
-3.795456 -6.54039 7.1757813
-4.090622 -6.366623 7.5566406
-4.2620087 -5.9476776 7.468567
-4.233444 -5.70726 7.2162476
-4.166794 -5.795334 7.3067017
-4.181076 -5.6120453 7.275757
-4.381027 -5.647751 7.3566895
-4.4214935 -5.585861 7.23053
-4.578598 -5.4644623 7.1329346
-4.7499847 -5.1312103 6.9448853
-5.214157 -4.9003143 6.9020386
-5.468857 -5.155014 7.032959
-5.4474335 -5.5953827 7.5423584
-5.1832123 -5.423996 7.6018677
-4.8332977 -5.502548 7.6209106
-4.6666718 -5.5096893 7.5304565
-4.8451996 -5.4335175 7.42572
-5.123703 -5.6644135 7.4471436
-5.2736664 -5.776291 7.147217
-5.2927094 -5.776291 7.10437
-5.1832123 -5.5120697 7.1138916
-5.207016 -5.1978607 7.194824
-5.1284637 -4.9026947 7.2091064
-5.2022552 -4.757492 7.218628
-5.245102 -4.87175 7.2876587
-5.328415 -5.1264496 7.2995605
-5.3641205 -4.9907684 7.225769
-5.4093475 -4.633713 7.218628
-5.55455 -4.155258 7.2281494
-5.6473846 -4.026718 7.5114136
-5.6640472 -3.8553314 7.509033
-5.604538 -3.6387177 7.397156
-5.464096 -3.6529999 7.2686157
-5.495041 -3.4601898 6.9448853
-5.6450043 -3.384018 6.7139893
-5.8782806 -3.4149628 7.1781616
-5.861618 -3.5934906 6.91156
-5.661667 -4.1885834 7.2091064
-5.5616913 -3.9434052 7.078186
-5.6212006 -3.1055145 6.821106
-5.9020844 -2.672287 6.8068237
-6.125839 -2.312851 6.6711426
-6.459091 -2.1557465 6.604492
-6.5138397 -2.1486053 6.7544556
-6.354355 -2.036728 6.578308
-6.175827 -1.8701019 6.456909
-6.1163177 -1.6082611 6.430725
-6.335312 -1.1369476 6.378357
-6.4947968 -0.87986755 6.378357
-6.4686127 -0.76560974 6.442627
-6.630478 -0.48234558 6.27124
-6.728073 -0.23954773 6.185547
-6.759018 -0.11576843 6.135559
-6.8518524 -0.19432068 6.185547
-6.8256683 -0.10624695 6.1188965
-6.8732758 0.0627594 6.0617676
-6.8899384 0.23414612 6.0474854
-6.90184 0.43171692 5.8546753
-6.842331 0.457901 5.8880005
-6.8851776 0.45314026 5.8951416
-6.9470673 0.21510315 5.9260864
-6.96373 0.14845276 5.7927856
-6.9280243 0.35316467 5.7070923
-6.913742 0.36506653 5.7904053
-6.875656 0.5245514 5.5856934
-6.785202 0.65309143 5.338135
-7.0137177 0.68403625 5.5809326
-7.258896 0.7863922 5.609497
-7.363632 0.87446594 5.519043
-7.2874603 0.89112854 5.383362
-7.1422577 0.9768219 5.2024536
-7.099411 1.1482086 5.1762695
-7.149399 1.2505646 5.219116
-7.2422333 1.2267609 5.2524414
-7.3731537 1.3219757 5.2643433
-7.2946014 1.4148102 5.276245
-7.4160004 1.510025 5.2905273
-7.5064545 1.7194977 5.288147
-7.561203 1.779007 5.2857666
-7.663559 2.0337067 5.281006
-7.6016693 2.266983 4.9691772
-7.5445404 2.3717194 4.98584
-7.561203 2.426468 5.2000732
-7.554062 2.4121857 5.295288
-7.6278534 2.1217804 5.4642944
-7.656418 1.9123077 5.5
-7.6040497 1.5528717 5.4381104
-7.6230927 1.5028839 5.2929077
-7.6611786 1.5076447 5.171509
-7.7064056 1.5195465 5.442871
-7.818283 1.5957184 5.519043
-7.777817 1.4981232 5.6832886
-7.8278046 1.3505402 5.845154
-7.7635345 1.3481598 5.776123
-7.792099 1.3076935 5.738037
-7.875412 1.3243561 5.7356567
-7.849228 1.3553009 5.6261597
-7.894455 1.2553253 5.6118774
-7.9111176 1.343399 5.6047363
-7.9420624 1.3743439 5.597595
-7.901596 1.4552765 5.749939
-7.765915 1.5314484 5.685669
-7.6849823 1.5790558 5.6309204
-7.689743 1.6004791 5.633301
-7.7373505 1.6385651 5.447632
-7.739731 1.7004547 5.4595337
-7.739731 1.6385651 5.5095215
-7.5445404 1.5171661 5.5928345
-7.34935 1.4338531 5.590454
-7.1993866 1.3243561 5.7213745
-7.2255707 1.1791534 5.661865
-7.34935 0.9911041 5.5595093
-7.5326385 0.65309143 5.6047363
-7.5850067 0.43647766 5.716614
-7.4302826 0.25556946 5.911804
-7.213669 0.16749573 6.0284424
-7.2041473 0.06752014 6.135559
-7.2898407 -0.151474 6.2521973
-7.4874115 -0.35142517 6.309326
-7.470749 -0.6108856 6.2783813
-7.3660126 -0.7751312 6.2402954
-7.2684174 -0.84654236 6.192688
-7.170822 -0.7751312 6.3236084
-7.1589203 -0.8584442 6.385498
-7.2231903 -0.98698425 6.3497925
-7.246994 -1.2512054 6.366455
-7.1398773 -1.5844574 6.359314
-7.0565643 -1.7463226 6.328369
-6.8827972 -1.8367767 6.314087
-6.754257 -1.9748383 6.4140625
-6.6542816 -1.9081879 6.359314
-6.561447 -1.9319916 6.411682
-6.604294 -2.0081635 6.4711914
-6.559067 -2.1390839 6.3688354
-6.440048 -2.350937 6.3426514
-6.2424774 -2.5770721 6.295044
-6.1520233 -2.588974 6.2783813
-6.099655 -2.6413422 6.245056
-6.1520233 -2.6175385 6.211731
-6.2496185 -2.6056366 6.185547
-6.240097 -2.6389618 6.0236816
-6.0901337 -2.634201 5.916565
-5.9473114 -2.6365814 5.666626
-5.8830414 -2.81987 5.5285645
-6.0639496 -3.1007538 5.6523438
-6.2948456 -3.2340546 5.609497
-6.399582 -3.3221283 5.716614
-6.335312 -3.281662 5.7666016
-6.1782074 -3.1935883 5.7523193
-6.1282196 -3.307846 5.833252
-6.163925 -3.5268402 5.8760986
-6.2305756 -3.929123 5.845154
-6.244858 -4.2290497 5.730896
-6.2639008 -4.3052216 5.8356323
-6.209152 -4.269516 5.916565
-5.8449554 -4.80986 6.180786
-5.6973724 -4.931259 6.102234
-5.7306976 -5.0812225 6.1974487
-5.913986 -5.1573944 6.178406
-5.9996796 -5.159775 6.0355835
-5.8901825 -5.438278 5.961792
-5.6140594 -5.7239227 5.9379883
-5.3379364 -5.983383 6.0498657
-5.1594086 -6.1904755 6.0498657
-5.0189667 -6.764145 6.090332
-5.0356293 -7.0426483 6.1307983
-5.085617 -7.059311 6.1069946
-4.964218 -7.202133 6.1688843
-4.84758 -7.2045135 6.0855713
-4.6571503 -7.644882 6.2283936
-4.4548187 -8.037643 6.0022583
-4.366745 -8.361374 5.961792
-4.3691254 -8.666061 6.0879517
-4.3238983 -8.613693 6.199829
-4.252487 -8.65416 6.1974487
-4.188217 -8.737473 6.1522217
-4.1120453 -8.930283 5.9784546
-4.0549164 -9.382553 5.8951416
-4.0430145 -9.342087 5.7404175
-3.8502045 -9.437302 5.7713623
-3.5383759 -9.977646 6.0927124
-3.6454926 -9.308762 5.904663
-3.8264008 -9.146896 5.942749
-3.9287567 -9.23497 5.6237793
-3.9668427 -9.330185 5.288147
-3.8383026 -9.675339 5.1429443
-3.7906952 -9.753891 5.2667236
-3.666916 -9.55394 5.473816
-3.5621796 -9.434921 5.6261597
-3.43602 -9.392075 5.6380615
-3.4074554 -9.36351 5.4833374
-3.3241425 -9.446823 5.3428955
-3.314621 -9.608688 5.254822
-3.269394 -9.568222 5.3357544
-3.167038 -9.437302 5.526184
-3.1241913 -9.194504 5.557129
-3.0289764 -9.018356 5.661865
-3.090866 -8.813644 5.6071167
-3.128952 -8.856491 5.6047363
-2.9980316 -9.080246 5.6523438
-2.8552094 -9.223068 5.569031
-2.7266693 -9.139755 5.583313
-2.73143 -9.037399 5.5880737
-2.7480927 -8.877914 5.5856934
-2.7790375 -8.78746 5.5618896
-2.8314056 -8.711288 5.519043
-2.788559 -8.708908 5.5238037
-2.6314545 -8.8207855 5.571411
-2.4719696 -8.854111 5.461914
-2.4029388 -8.906479 5.409546
-2.4338837 -8.863632 5.3571777
-2.557663 -8.749374 5.4571533
-2.6552582 -8.556564 5.4714355
-2.660019 -8.444687 5.4761963
-2.5243378 -8.456589 5.37146
-2.3743744 -8.680344 5.3619385
-2.2482147 -8.854111 5.430969
-2.1577606 -8.894577 5.352417
-2.1553802 -8.9040985 5.3309937
-2.1553802 -8.84935 5.2929077
-2.1696625 -8.818405 5.314331
-2.160141 -8.780319 5.314331
-2.038742 -8.7565155 5.364319
-1.9863739 -8.780319 5.3500366
-1.9839935 -8.823166 5.302429
-2.0077972 -8.956467 5.2976685
-2.0673065 -8.927902 5.450012
-2.019699 -8.935043 5.450012
-1.9459076 -8.906479 5.469055
-1.8768768 -8.954086 5.473816
-1.8292694 -8.899338 5.473816
-1.9078217 -8.789841 5.4000244
-1.9863739 -8.713669 5.2667236
-1.9982758 -8.6922455 5.269104
-1.8221283 -8.687485 5.257202
-1.7054901 -8.694626 5.4333496
-1.634079 -8.7565155 5.404785
-1.6245575 -8.811264 5.238159
-1.7102509 -8.894577 5.3571777
-1.8030853 -8.908859 5.364319
-1.7983246 -8.930283 5.281006
-1.7888031 -8.896957 5.366699
-1.6888275 -8.873154 5.3286133
-1.6602631 -8.770798 5.2453003
-1.7697601 -8.642258 5.326233
-1.864975 -8.687485 5.281006
-1.8554535 -8.856491 5.383362
-1.7602386 -8.899338 5.3809814
-1.6555023 -8.875534 5.383362
-1.5983734 -9.582504 5.7713623
-2.205368 -10.622726 7.373352
-2.448166 -8.280441 4.3431396
-1.8102264 -9.277817 5.0096436
-1.550766 -8.973129 5.135803
-1.6935883 -8.516098 5.128662
-1.8149872 -8.635117 5.204834
-1.974472 -9.063583 5.488098
-2.122055 -8.854111 4.6644897
-1.9030609 -9.394455 5.2072144
-1.7459564 -8.870773 4.9144287
-1.7031097 -8.958847 5.1572266
-1.6697845 -8.863632 5.2072144
-1.910202 -8.868393 5.4214478
-1.9363861 -8.577988 5.0429688
-1.8673553 -8.84935 5.007263
-1.9221039 -8.725571 4.9263306
-1.8863983 -8.816025 4.9453735
-1.6674042 -8.999313 5.1167603
-1.6602631 -8.999313 5.1643677
-1.634079 -8.906479 5.219116
-1.6959686 -8.813644 5.5357056
-1.7388153 -8.53038 5.404785
-1.7150116 -8.606552 5.519043
-1.7126312 -8.423264 5.2524414
-1.5769501 -8.675583 5.4143066
-1.5364838 -8.627975 5.3547974
-1.5269623 -8.694626 5.4333496
-1.5222015 -8.668442 5.4190674
-1.505539 -8.713669 5.378601
-1.5650482 -8.758896 5.383362
-1.595993 -8.751755 5.469055
-1.6316986 -8.687485 5.4071655
-1.6483612 -8.704147 5.385742
-1.7078705 -8.711288 5.4642944
-1.7697601 -8.713669 5.4761963
-1.8435516 -8.78746 5.4952393
-1.9173431 -8.749374 5.3048096
-1.9506683 -8.716049 5.340515
-1.9268646 -8.701767 5.385742
-1.8625946 -8.749374 5.4785767
-1.8030853 -8.725571 5.507141
-1.7388153 -8.687485 5.6523438
-1.6316986 -8.675583 5.654724
-1.5341034 -8.730331 5.776123
-1.4579315 -8.59227 5.7475586
-1.3103485 -8.518478 5.859436
-1.2222748 -8.40184 5.8570557
-1.153244 -8.506577 6.0808105
-1.1413422 -8.558945 6.185547
-1.1770477 -8.5256195 6.1117554
-1.3079681 -8.497055 6.185547
-1.3460541 -8.235214 5.8046875
-1.1770477 -8.444687 5.8356323
-1.1056366 -8.6732025 5.890381
-0.95329285 -8.637497 5.5928345
-0.9318695 -8.616074 5.780884
-0.9318695 -7.9733734 5.5166626
-1.069931 -7.8376923 5.8499146
-1.1389618 -7.6710663 5.94989
-0.9318695 -7.1331024 5.8570557
-0.6295624 -7.709152 5.94751
-0.6438446 -7.5877533 6.4711914
-0.63194275 -6.911728 6.264099
-0.56529236 -6.847458 6.147461
-0.6367035 -7.123581 6.1307983
-0.8152313 -7.202133 5.9784546
-1.0461273 -7.316391 6.0689087
-1.1508636 -7.3830414 6.0617676
-1.1865692 -7.199753 6.109375
-1.0508881 -7.3568573 6.552124
-0.81999207 -7.7115326 6.8044434
-0.63908386 -7.894821 6.473572
-0.6747894 -8.170944 6.064148
-0.8152313 -8.65654 5.7856445
-0.9961395 -9.144516 5.511902
-1.19133 -9.473007 5.147705
-1.088974 -9.970505 4.9953613
-0.8604584 -10.022873 4.750183
-0.48435974 -12.077133 5.1048584
-0.81285095 -12.591293 5.2072144
-1.2056122 -11.574875 4.0075073
-0.8675995 -11.191635 5.4190674
-1.0032806 -11.067856 4.9453735
-1.2294159 -10.087143 5.8427734
-0.89378357 -10.639389 7.021057
-0.61528015 -10.760788 7.052002
-1.0818329 -11.208298 6.7544556
-1.5531464 -10.625107 7.0758057
-1.9363861 -9.089767 6.7354126
-2.2125092 -6.968857 6.623535
-2.3934174 -4.9645844 6.59021
-2.481491 -3.1769257 6.994873
-2.5600433 -1.8248749 7.9541626
-2.6147919 -1.0917206 8.463562
-2.5219574 -0.31333923 9.270508
-2.2291718 0.58644104 10.579712
-2.1529999 0.92207336 9.332397
-1.8102264 2.0218048 10.627319
-1.2032318 1.7290192 10.24646
-0.6795502 0.54597473 9.963196
-1.3293915 -0.4561615 10.034607
-1.8721161 -0.42521667 9.553772
-2.0649261 0.1532135 9.67041
-1.9530487 0.5174103 9.813232
-1.6031342 0.56025696 9.510925
-1.4983978 0.3841095 8.958679
-1.3769989 0.5554962 8.280273
-1.4555511 0.70783997 7.9351196
-1.4388885 0.8673248 8.149353
-1.2436981 0.983963 8.489746
-1.0294647 0.9911041 8.784912
-0.9556732 1.1077423 9.008667
-1.0604095 1.3148346 8.939636
-1.108017 1.6052399 8.992004
-0.9985199 1.8361359 9.315735
-0.92948914 2.0432281 9.518066
-0.9842377 2.2907867 9.660889
-0.9985199 2.1670074 10.098877
-0.96043396 2.112259 9.932251
-0.877121 1.8575592 10.022705
-0.8604584 1.6457062 10.05127
-0.78904724 1.5695343 9.948914
Time Stop = 1457235598
