Time Start = 1457235995
-0.44151306 0.12226868 8.4730835
-0.058273315 0.48884583 8.982483
0.0155181885 0.5888214 9.444275
0.12501526 0.17701721 10.072693
0.44874573 -0.15861511 10.793945
0.8724518 -0.12767029 11.174805
0.9605255 0.3507843 10.989136
0.7082062 0.5673981 10.451172
0.22261047 0.5959625 9.967957
-0.13206482 0.5745392 9.639465
-0.40818787 0.36982727 9.720398
-0.4962616 0.35792542 9.984619
-0.7366791 0.72688293 10.18457
-1.108017 0.99586487 10.275024
-1.6507416 1.1482086 10.394043
-2.3672333 0.70783997 10.924866
-3.0718231 0.23890686 11.331909
-3.6240692 -0.23478699 11.267639
-3.8882904 -0.6561127 10.95343
-3.923996 -1.1417084 10.234558
-3.7692719 -1.896286 10.24646
-3.7526093 -2.569931 10.851074
-4.066818 -2.7413177 10.832031
-4.373886 -3.5815887 11.715149
-4.5809784 -4.1957245 12.067444
-4.552414 -4.3552094 12.0460205
-4.757126 -4.783676 11.622314
-5.1332245 -5.0931244 10.472595
-4.968979 -6.4785004 11.084351
-3.8121185 -8.201889 11.953186
-2.7361908 -8.639877 10.513062
-1.929245 -8.875534 11.165283
-2.069687 -7.5258636 10.801086
-2.6243134 -6.02861 10.601135
-3.0551605 -5.269272 10.022705
-2.6457367 -5.590622 9.901306
-1.7316742 -5.6191864 8.911072
-1.7649994 -5.583481 8.263611
-2.250595 -5.040756 7.9470215
-3.1146698 -4.4194794 7.751831
-3.7811737 -3.9124603 7.135315
-3.7073822 -4.436142 6.809204
-3.4098358 -4.928879 7.116272
-3.4145966 -5.2335663 7.187683
-4.1144257 -5.00029 6.982971
-4.39769 -4.87175 6.9401245
-3.8644867 -5.393051 6.6830444
-3.2241669 -5.6763153 6.095093
-3.0789642 -5.3882904 6.2617188
-3.0480194 -3.9981537 6.5687866
-3.340805 -3.5244598 6.59021
-3.9763641 -4.23143 6.378357
-3.8383026 -4.7027435 6.052246
-3.3884125 -4.6313324 6.1427
-3.5026703 -3.9505463 6.07843
-3.6573944 -3.2602386 5.716614
-3.7787933 -3.6696625 5.6428223
-3.764511 -4.969345 5.2072144
-3.814499 -6.252365 5.764221
-4.1120453 -6.321396 1.8532715
-2.629074 -5.859604 4.4193115
6.4901276 -6.180954 6.8615723
1.5127716 -7.599655 5.0929565
2.2744904 -10.491806 8.080322
-0.8271332 -5.283554 10.036987
-2.871872 -5.109787 13.140991
-1.7935638 -4.957443 12.257874
-3.1075287 -3.7839203 10.122681
-5.0832367 -4.633713 8.118408
-6.559067 -5.185959 6.904419
-6.804245 -4.4456635 6.249817
-6.606674 -4.269516 6.7401733
-6.297226 -4.957443 7.0305786
-6.3257904 -4.6456146 6.937744
-6.4686127 -4.6241913 6.9282227
-6.304367 -4.719406 6.6306763
-6.311508 -4.2742767 6.5687866
-6.475754 -4.5027924 6.578308
-6.5305023 -5.033615 6.3831177
-6.5828705 -5.0931244 6.178406
-6.6590424 -5.1931 5.930847
-6.818527 -5.2026215 6.287903
-6.8708954 -5.2288055 6.3974
-6.7685394 -5.0169525 6.295044
-6.670944 -4.462326 6.521179
-6.751877 -4.114792 6.4711914
-6.7233124 -4.6075287 6.295044
-6.880417 -4.429001 6.159363
-6.8637543 -5.205002 6.109375
-6.5971527 -5.052658 6.1307983
-6.5757294 -4.9669647 6.4069214
-6.540024 -4.943161 6.411682
-6.5638275 -4.814621 6.544983
-6.4852753 -5.166916 6.287903
-6.547165 -5.1573944 6.3426514
-6.5519257 -5.0050507 6.3950195
-6.4686127 -4.833664 6.473572
-7.2517548 -5.602524 5.621399
-5.971115 -4.6384735 6.623535
-6.1734467 -4.7289276 6.5687866
-6.047287 -5.32164 6.6449585
-6.092514 -5.121689 6.5354614
-5.9163666 -5.090744 6.597351
-5.868759 -5.076462 6.6520996
-5.849716 -5.1907196 6.763977
-5.740219 -5.188339 6.4069214
-5.894943 -5.540634 6.6592407
-5.8378143 -5.7286835 6.373596
-5.6711884 -5.5691986 6.4140625
-5.656906 -5.488266 6.6782837
-5.61644 -5.700119 6.6830444
-5.449814 -5.564438 6.687805
-5.4855194 -5.519211 6.5687866
-5.3593597 -5.583481 6.514038
-5.2617645 -5.5358734 6.585449
-5.3307953 -5.7239227 6.3807373
-5.2879486 -5.7786713 6.378357
-5.2308197 -6.1714325 6.454529
-5.4783783 -5.6834564 6.242676
-5.2093964 -5.957199 6.4283447
-5.0618134 -5.7620087 6.6520996
-5.1594086 -5.8238983 6.5616455
-5.109421 -5.7810516 6.487854
-5.16893 -5.6191864 6.3950195
-5.2998505 -5.8453217 6.521179
-5.2165375 -5.9714813 6.499756
-5.218918 -5.733444 6.6140137
-5.2046356 -5.7786713 6.5545044
-5.2617645 -5.7548676 6.502136
-5.245102 -5.881027 6.4711914
-5.514084 -5.852463 6.597351
-4.8761444 -5.124069 5.8546753
-5.578354 -6.2214203 6.9591675
-5.2736664 -6.4475555 6.578308
-5.5378876 -5.8881683 6.475952
-5.304611 -6.3690033 6.2093506
-5.4283905 -6.5951385 6.3497925
-5.4402924 -5.892929 6.46167
-5.3641205 -6.173813 6.5116577
-5.2093964 -6.3332977 6.3831177
-5.347458 -6.461838 6.4259644
-5.2546234 -6.4856415 6.4021606
-5.2236786 -6.41185 6.3640747
-5.2046356 -6.230942 6.295044
-5.2546234 -5.9476776 6.3426514
-5.3260345 -5.983383 6.5235596
-5.1141815 -6.290451 6.480713
-5.116562 -6.5879974 6.5925903
-4.9785004 -6.404709 6.3878784
-4.828537 -6.150009 5.4785767
-4.6190643 -5.9095917 6.3307495
-4.795212 -6.3071136 6.325989
-4.8237762 -6.2928314 6.3831177
-4.730942 -6.257126 6.1974487
-4.3834076 -6.490402 6.0427246
-4.290573 -6.783188 5.768982
-4.4286346 -6.654648 6.052246
-4.5167084 -6.5641937 6.192688
-4.4262543 -7.0236053 6.2212524
-4.52623 -7.5330048 6.2093506
-4.4405365 -8.087631 5.9974976
-4.27153 -8.780319 6.059387
-4.3358 -8.680344 6.1688843
-4.340561 -8.706528 6.4473877
-4.366745 -8.470871 6.7354126
-4.0930023 -7.071213 5.9903564
-4.083481 -6.007187 5.723755
-3.8811493 -7.3378143 5.4000244
-3.859726 -7.2806854 5.614258
-4.097763 -7.0688324 6.159363
-3.7097626 -7.130722 6.0689087
-3.9454193 -7.2568817 6.2521973
-3.8811493 -7.7686615 6.2474365
-4.000168 -7.1212006 6.3307495
-4.045395 -6.9141083 6.27124
-4.033493 -7.0307465 6.1427
-3.9001923 -7.073593 6.071289
-3.7359467 -7.2497406 5.788025
-3.8073578 -7.3973236 5.473816
-3.75737 -7.2568817 6.0855713
-3.571701 -7.297348 6.1974487
-3.8002167 -7.406845 6.2283936
-3.719284 -7.3830414 6.199829
-3.655014 -7.3711395 6.0855713
-3.5621796 -7.3116302 5.9665527
-3.5931244 -7.2378387 5.9713135
-3.6216888 -7.1450043 5.961792
-3.6312103 -7.0259857 5.976074
-3.6835785 -7.014084 5.9022827
-3.6883392 -7.002182 6.0689087
-3.6597748 -7.221176 6.1450806
-3.7478485 -7.4925385 6.218872
-3.8621063 -7.599655 6.3688354
-3.9668427 -7.5568085 6.487854
-4.045395 -7.5948944 6.46167
-4.1310883 -7.709152 6.571167
-4.090622 -7.7734222 6.6568604
-4.245346 -7.9947968 6.878235
-4.083481 -7.9733734 6.147461
-3.8121185 -6.8903046 5.761841
-3.8525848 -7.014084 5.9855957
-3.4764862 -7.997177 5.783264
-3.4979095 -7.9305267 5.8570557
-3.6002655 -7.6020355 5.8689575
-3.655014 -7.5710907 5.783264
-3.6335907 -7.547287 5.583313
-3.7026215 -7.509201 5.7737427
-3.6883392 -7.785324 5.6428223
-3.5431366 -7.842453 5.6237793
-3.6335907 -7.285446 5.764221
-3.7978363 -7.959091 5.576172
-3.4384003 -8.237595 5.3690796
-3.647873 -7.75914 5.6237793
-4.0311127 -7.1783295 5.768982
-3.8906708 -7.2878265 5.4000244
-4.0358734 -8.1471405 5.390503
-3.8692474 -8.08049 5.3881226
-3.9168549 -7.702011 5.621399
-3.7668915 -7.6853485 5.385742
-3.9477997 -8.392319 5.288147
-3.878769 -8.501816 5.257202
-4.083481 -8.2114105 5.364319
-4.185837 -7.725815 5.378601
-4.2096405 -7.6924896 5.352417
-4.181076 -8.001938 5.2976685
-4.052536 -8.178085 5.2476807
-4.3191376 -8.130478 5.2333984
-4.2144012 -8.382797 5.1953125
-4.3381805 -8.14476 5.023926
-4.431015 -7.5449066 5.2667236
-4.3453217 -7.513962 5.37146
-4.2024994 -8.061447 5.2286377
-4.0763397 -8.247116 4.9906006
-4.46196 -8.351852 5.678528
-4.2358246 -8.568466 4.6621094
-4.571457 -8.899338 5.2262573
-4.4286346 -8.292343 5.0620117
-4.6404877 -8.070969 5.283386
-4.6190643 -7.959091 5.340515
-4.5690765 -7.9305267 5.473816
-4.5095673 -7.861496 5.6499634
-4.3358 -8.049545 5.480957
-4.27153 -8.323288 5.416687
-4.1596527 -8.216171 5.5
-4.1977386 -7.828171 5.5095215
-4.3048553 -7.804367 5.7927856
-4.1334686 -7.721054 5.4262085
-3.9763641 -7.599655 5.1119995
-4.26915 -7.463974 5.4523926
-4.1644135 -7.656784 5.4523926
-4.007309 -7.732956 5.6071167
-3.8930511 -7.4734955 5.768982
-3.8549652 -7.316391 5.538086
-3.8073578 -6.9617157 5.390503
-4.166794 -6.783188 5.6713867
-4.1334686 -7.304489 5.454773
-4.1763153 -7.1783295 5.364319
-4.2858124 -7.387802 5.8165894
-4.0501556 -7.9543304 5.654724
-3.8811493 -8.425644 5.485718
-3.6811981 -8.504196 5.5404663
-3.931137 -8.139999 5.82135
-4.104904 -7.6710663 5.9379883
-4.1334686 -7.732956 5.9213257
-4.052536 -7.7877045 5.9855957
-4.0168304 -7.7829437 5.961792
-3.9477997 -7.6544037 5.8760986
-3.9835052 -7.668686 5.995117
-3.943039 -7.6139374 6.064148
-3.8644867 -7.521103 5.845154
-3.764511 -6.9141083 6.2141113
-3.9597015 -7.2354584 6.26886
-3.7050018 -7.597275 5.9522705
-3.6383514 -7.130722 6.121277
-3.4407806 -6.918869 6.6640015
-3.7097626 -7.016464 6.2926636
-3.5859833 -7.5758514 6.097473
-3.7026215 -7.599655 6.552124
-3.545517 -7.3187714 6.544983
-3.4122162 -7.6067963 6.340271
-3.352707 -7.509201 6.302185
-3.4074554 -7.37352 6.3831177
-3.4074554 -7.2116547 6.544983
-3.3884125 -7.1283417 6.390259
-3.4907684 -7.3592377 6.7806396
-3.4288788 -7.406845 6.680664
-3.4526825 -7.6353607 6.552124
-3.3884125 -7.6710663 6.404541
-3.5478973 -7.894821 6.3831177
-3.3050995 -7.7353363 6.3878784
-3.4574432 -7.5948944 6.52594
-3.416977 -7.4235077 6.5092773
-3.3312836 -7.3330536 6.583069
-3.1884613 -7.3401947 6.480713
-3.1694183 -7.1069183 6.578308
-3.1503754 -6.964096 6.5997314
-3.250351 -6.7546234 6.540222
-3.121811 -6.445175 6.6306763
-3.2717743 -6.47612 6.371216
-3.6907196 -6.9212494 6.5116577
-3.3098602 -6.971237 6.8425293
-3.4503021 -7.433029 7.2495728
-3.3550873 -7.6591644 7.392395
-3.0218353 -7.7615204 6.980591
-2.8813934 -7.554428 6.6187744
-2.7147675 -7.2997284 6.9067993
-2.7028656 -7.0616913 7.109131
-2.6314545 -7.014084 7.130554
-2.7814178 -6.8831635 7.0615234
-2.898056 -6.880783 7.147217
-2.943283 -6.945053 7.0162964
-3.007553 -6.92601 6.987732
-3.026596 -6.866501 7.0543823
-2.9266205 -7.014084 6.987732
-2.8766327 -7.002182 7.082947
-2.9504242 -7.059311 7.078186
-2.7385712 -7.137863 7.1638794
-2.8433075 -6.9283905 7.2948
-2.6124115 -6.8641205 7.2852783
-2.7338104 -6.5998993 7.397156
-2.6719208 -6.661789 7.4281006
-2.6504974 -6.6713104 7.4328613
-2.7266693 -6.7236786 7.444763
-2.6266937 -6.9212494 7.301941
-2.7076263 -6.8641205 7.354309
-2.7100067 -6.8141327 7.2019653
-2.9004364 -6.752243 7.16626
-2.9290009 -6.847458 7.1781616
-2.9004364 -6.971237 7.135315
-2.9647064 -7.035507 7.097229
-2.8171234 -7.187851 7.0353394
-2.8766327 -6.9164886 7.0805664
-2.8171234 -6.7308197 7.135315
-2.8028412 -6.547531 7.2733765
-2.7980804 -6.4332733 7.313843
-2.8361664 -6.4785004 7.282898
-2.8385468 -6.578476 7.2614746
-2.7909393 -6.642746 7.1829224
-2.788559 -6.7950897 7.2043457
-2.8028412 -6.8379364 7.275757
-2.826645 -6.7736664 7.211487
-2.8480682 -6.592758 7.2043457
-2.9218597 -6.552292 7.23291
-2.7671356 -6.661789 7.251953
-2.3815155 -4.8241425 7.411438
-2.7219086 -6.4927826 7.7470703
-2.7028656 -7.580612 7.2495728
-2.6362152 -7.047409 7.1067505
-2.7219086 -6.7950897 7.256714
-2.807602 -6.464218 7.3757324
-2.7576141 -6.5760956 7.4995117
-2.629074 -6.699875 7.611389
-2.5552826 -6.5879974 7.461426
-2.5481415 -6.5499115 7.4471436
-2.6314545 -6.442795 7.430481
-2.660019 -6.392807 7.528076
-2.7290497 -6.3642426 7.4328613
-2.7171478 -6.4785004 7.3257446
-2.7266693 -6.54039 7.4019165
-2.7290497 -6.5618134 7.5042725
-2.531479 -6.609421 7.404297
-2.564804 -6.5760956 7.4971313
-2.576706 -6.5451508 7.4971313
-2.66716 -6.6594086 7.4352417
-2.640976 -6.8141327 7.263855
-2.6385956 -6.721298 7.36145
-2.6623993 -6.4665985 7.4995117
-2.6766815 -6.399948 7.509033
-2.686203 -6.378525 7.520935
-2.7933197 -6.328537 7.589966
-2.8671112 -6.4356537 7.4852295
-2.8385468 -6.438034 7.5566406
-2.7576141 -6.4975433 7.520935
-2.6743011 -6.6022797 7.4661865
-2.6766815 -6.528488 7.482849
-2.7219086 -6.566574 7.449524
-2.7623749 -6.5760956 7.4709473
-2.8433075 -6.418991 7.4519043
-2.8837738 -6.392807 7.4471436
-2.7814178 -6.4404144 7.5114136
-2.8242645 -6.3713837 7.442383
-2.8956757 -6.4785004 7.3947754
-2.8504486 -6.5570526 7.4852295
-2.8456879 -6.533249 7.35907
-2.8694916 -6.502304 7.461426
-2.8361664 -6.514206 7.520935
-2.8504486 -6.3571014 7.442383
-2.8837738 -6.490402 7.5114136
-2.750473 -6.5189667 7.475708
-2.8433075 -6.423752 7.5542603
-2.8504486 -6.399948 7.4780884
-2.833786 -6.3951874 7.5685425
-2.8552094 -6.528488 7.5685425
-2.7980804 -6.6213226 7.525696
-2.8218842 -6.54039 7.528076
-2.776657 -6.457077 7.509033
-2.8456879 -6.366623 7.5375977
-2.8623505 -6.378525 7.5947266
-2.8361664 -6.342819 7.5828247
-2.8123627 -6.426132 7.506653
-2.7361908 -6.526108 7.48761
-2.7552338 -6.4404144 7.444763
-2.7933197 -6.380905 7.411438
-2.8480682 -6.3380585 7.4019165
-2.8647308 -6.399948 7.3495483
-2.8385468 -6.3904266 7.404297
-2.788559 -6.4142303 7.392395
-2.7552338 -6.457077 7.378113
-2.7147675 -6.5237274 7.4542847
-2.6433563 -6.6189423 7.4661865
-2.6171722 -6.495163 7.609009
-2.5933685 -6.378525 7.61615
-2.5695648 -6.3332977 7.6447144
-2.629074 -6.3523407 7.6066284
-2.6147919 -6.4594574 7.5994873
-2.595749 -6.521347 7.623291
-2.6885834 -6.514206 7.5114136
-2.6362152 -6.5427704 7.5233154
-2.6528778 -6.502304 7.4971313
-2.712387 -6.4475555 7.461426
-2.743332 -6.457077 7.48999
-2.7814178 -6.4332733 7.456665
-2.7671356 -6.404709 7.463806
-2.66716 -6.4546967 7.4780884
-2.693344 -6.488022 7.501892
-2.6743011 -6.4475555 7.566162
-2.6433563 -6.4404144 7.5542603
-2.724289 -6.392807 7.5947266
-2.7195282 -6.335678 7.585205
-2.7171478 -6.4213715 7.4852295
-2.7552338 -6.404709 7.4780884
-2.7290497 -6.623703 7.48999
-2.6957245 -6.6213226 7.494751
-2.6719208 -6.635605 7.4661865
-2.6885834 -6.4475555 7.4995117
-2.750473 -6.342819 7.544739
-2.7385712 -6.34758 7.468567
-2.776657 -6.4404144 7.509033
-2.7599945 -6.5451508 7.4780884
-2.8052216 -6.404709 7.520935
-2.6909637 -6.4142303 7.5185547
-2.7528534 -6.380905 7.5423584
-2.724289 -6.418991 7.5042725
-2.7599945 -6.461838 7.5637817
-2.6885834 -6.571335 7.468567
-2.7028656 -6.495163 7.5875854
-2.6647797 -6.3975677 7.5875854
-2.6076508 -6.4785004 7.609009
-2.6147919 -6.340439 7.5685425
-2.686203 -6.3832855 7.6661377
-2.6504974 -6.418991 7.592346
-2.7076263 -6.423752 7.5947266
-2.660019 -6.502304 7.5542603
-2.6457367 -6.4808807 7.4352417
-2.6576385 -6.4594574 7.509033
-2.6314545 -6.366623 7.4661865
-2.6885834 -6.366623 7.6256714
-2.6433563 -6.3499603 7.506653
-2.7100067 -6.4142303 7.5375977
-2.6528778 -6.2428436 6.956787
-3.674057 -5.4835052 9.5442505
-2.500534 -7.471115 7.7684937
-2.1768036 -7.4163666 6.8829956
-2.7742767 -6.407089 7.687561
-2.5338593 -6.442795 7.5828247
-2.595749 -6.150009 7.61615
-2.6433563 -6.214279 7.6518555
-2.621933 -6.438034 7.5042725
-2.6052704 -6.502304 7.482849
-2.6147919 -6.5308685 7.513794
-2.5886078 -6.438034 7.5185547
-2.5433807 -6.3904266 7.5114136
-2.5481415 -6.4665985 7.494751
-2.5814667 -6.461838 7.5614014
-2.6385956 -6.3904266 7.592346
-2.5148163 -6.3309174 7.6399536
-2.5100555 -6.342819 7.68042
-2.4791107 -6.366623 7.525696
-2.531479 -6.5046844 7.6399536
-2.5433807 -6.4404144 7.578064
-2.4981537 -6.438034 7.6780396
-2.4338837 -6.442795 7.5804443
-2.5624237 -6.3071136 7.661377
-2.6005096 -6.2666473 7.6447144
-2.621933 -6.3118744 7.68042
-2.5933685 -6.392807 7.597107
-2.5933685 -6.495163 7.566162
-2.5552826 -6.457077 7.635193
-2.5909882 -6.407089 7.5494995
-2.5433807 -6.4356537 7.578064
-2.576706 -6.430893 7.5828247
-2.583847 -6.461838 7.6066284
-2.5433807 -6.4475555 7.589966
-2.5695648 -6.3904266 7.6066284
-2.5267181 -6.483261 7.623291
-2.512436 -6.4332733 7.6328125
-2.5481415 -6.3975677 7.5804443
-2.5267181 -6.359482 7.5875854
-2.583847 -6.3499603 7.675659
-2.5600433 -6.385666 7.751831
Time Stop = 1457236000
