Time Start = 1457235938
0.9771881 0.83399963 9.3966675
1.2961578 1.2220001 9.53949
1.1938019 1.3005524 9.570435
1.0700226 1.0053864 9.646606
1.0271759 0.5626373 9.808472
1.1771393 0.29603577 9.834656
1.2628326 0.11274719 9.784668
1.0890656 0.04371643 9.658508
0.68678284 0.02229309 9.418091
0.47969055 0.11512756 9.399048
0.4106598 0.32460022 9.337158
0.40827942 0.5340729 9.213379
0.46064758 0.70069885 9.115784
0.44874573 0.6292877 9.249084
0.38209534 0.45552063 9.429993
0.277359 0.40553284 9.534729
0.17024231 0.46266174 9.725159
0.072647095 0.7054596 9.646606
-0.16539001 0.7554474 9.663269
-0.27726746 0.74116516 9.575195
-0.27726746 0.41505432 9.794189
-0.33439636 0.32936096 9.932251
-0.43437195 0.41981506 9.953674
-0.70573425 0.7554474 9.446655
-1.0913544 0.92207336 8.739685
-1.4936371 0.57691956 8.868225
-1.826889 -0.039596558 9.529968
-2.300583 -0.55851746 10.358337
-3.1694183 -0.3895111 10.805847
-4.238205 0.43171692 10.767761
-4.8880463 0.75068665 11.200989
-5.259384 1.0410919 11.588989
-5.452194 1.3148346 12.048401
-5.6664276 1.3719635 12.755371
-6.247238 1.3267365 12.669678
-7.1279755 1.1196442 11.408081
-7.7682953 0.541214 9.879883
-7.8016205 -0.20384216 9.251465
-7.380295 -0.45854187 8.608765
-6.854233 -0.78227234 8.530212
-6.944687 -1.2178802 8.570679
-7.3350677 -2.2438202 8.204102
-7.6611786 -3.4197235 8.394531
-7.5564423 -4.110031 8.19696
-7.535019 -4.0362396 7.9803467
-7.8587494 -4.1457367 7.842285
-8.725204 -4.602768 7.8946533
-8.044418 -4.974106 8.246948
-7.1874847 -5.1050262 8.380249
-6.7161713 -5.390671 7.7851563
-5.380783 -5.419235 6.8710938
-3.1956024 -4.514694 6.411682
-2.6719208 -3.84581 6.095093
-3.9716034 -2.812729 6.366455
-4.7737885 -2.4651947 7.0234375
-3.9716034 -2.7460785 6.6520996
-2.943283 -3.8196259 6.435486
-2.4029388 -5.1312103 6.9210815
-1.9601898 -5.571579 7.0377197
-1.6221771 -5.3573456 7.963684
-1.5079193 -4.10289 8.335022
-1.569809 -3.2507172 8.230286
-1.38414 -2.8912811 8.025574
-1.5388641 -3.2411957 7.313843
-1.3817596 -4.3242645 7.3376465
-0.89378357 -4.8812714 7.547119
-0.8747406 -5.162155 7.854187
-0.8675995 -4.893173 8.206482
-1.0128021 -4.7289276 8.399292
-1.3746185 -4.2790375 6.442627
1.1842804 -4.5218353 5.045349
3.5670319 -7.0616913 6.878235
3.3075714 -6.847458 11.819885
-1.217514 -6.2499847 9.294312
-0.19395447 -10.265671 9.698975
-2.6981049 -6.7165375 10.474976
-4.457199 -4.1433563 9.6085205
-4.699997 -3.2721405 8.337402
-5.6283417 -3.583969 7.775635
-5.7235565 -4.976486 7.7351685
-5.323654 -5.4597015 8.254089
-4.5167084 -4.7217865 8.668274
-4.0620575 -4.5051727 9.384766
-2.962326 -5.4406586 10.060791
-2.743332 -6.0381317 9.729919
-4.3072357 -4.8955536 8.496887
-5.7687836 -4.064804 7.7018433
-6.0877533 -3.7006073 7.411438
-6.0258636 -4.598007 7.244812
-5.9354095 -5.2145233 7.071045
-5.9401703 -5.012192 6.854431
-5.978256 -4.5861053 6.8568115
-5.9235077 -4.7265472 7.142456
-5.963974 -4.686081 7.2424316
-5.892563 -4.4575653 7.4780884
-5.861618 -4.2599945 7.1138916
-6.059189 -4.5170746 6.963928
-6.0639496 -4.6646576 6.9329834
-6.1282196 -4.7670135 6.84729
-5.8211517 -4.578964 6.9901123
-6.059189 -4.5551605 7.123413
-5.9663544 -4.7408295 7.006775
-6.0044403 -4.4528046 6.968689
-6.013962 -4.064804 7.071045
-6.1020355 -4.2671356 6.9924927
-6.3257904 -4.8122406 6.961548
-6.2115326 -5.0883636 6.9972534
-6.2734222 -4.7741547 6.956787
-6.0710907 -4.821762 6.7996826
-6.0901337 -4.595627 7.006775
-6.06633 -4.5504 7.025818
-6.0425262 -4.814621 6.8568115
-6.06633 -4.6384735 6.821106
-6.123459 -4.5694427 7.0424805
-6.047287 -4.647995 6.961548
-5.911606 -4.219528 6.6830444
-5.7925873 -4.6241913 7.044861
-5.9020844 -4.693222 6.942505
-5.918747 -4.647995 6.9663086
-5.9473114 -4.9074554 6.942505
-5.894943 -5.038376 6.9663086
-5.7878265 -5.012192 6.8496704
-5.7925873 -4.969345 6.771118
-5.785446 -5.0312347 6.930603
-5.7497406 -4.8884125 6.737793
-5.6902313 -4.9979095 6.8234863
-5.702133 -5.0621796 6.828247
-5.6521454 -5.2407074 6.7092285
-5.687851 -5.366867 6.866333
-5.6092987 -5.295456 6.725891
-5.6854706 -5.1907196 6.833008
-5.547409 -5.3121185 6.8901367
-5.4807587 -5.473984 6.840149
-5.5616913 -5.1954803 6.91156
-5.516464 -5.354965 6.752075
-5.55455 -5.302597 6.7282715
-5.547409 -5.2978363 6.897278
-5.4783783 -5.5501556 6.8449097
-5.4474335 -5.457321 6.9210815
-5.323654 -5.7239227 6.6140137
-5.3260345 -5.457321 6.787781
-5.3831635 -5.57872 6.6259155
-5.3260345 -5.852463 6.6830444
-5.4093475 -5.692978 6.685425
-5.2808075 -5.7786713 6.794922
-4.9475555 -5.078842 6.7592163
-5.130844 -6.4975433 6.578308
-5.1332245 -6.3523407 6.661621
-5.1903534 -6.052414 6.506897
-5.1832123 -6.1262054 6.602112
-5.137985 -6.1381073 6.680664
-5.04039 -6.083359 6.59021
-4.9166107 -6.2238007 6.5354614
-5.0427704 -6.040512 6.7473145
-4.961838 -6.2547455 6.533081
-4.8499603 -6.2737885 6.6116333
-4.7404633 -6.2357025 6.52594
-4.4214935 -5.419235 6.287903
-4.8261566 -6.745102 6.97583
-4.6071625 -7.1640472 6.52594
-4.5762177 -6.4927826 6.7782593
-4.3262787 -6.3047333 6.230774
-4.419113 -5.976242 6.371216
-4.150131 -5.9095917 6.4021606
-4.3072357 -6.233322 6.7401733
-4.3905487 -6.8307953 7.1329346
-4.33342 -7.1545258 7.3114624
-4.6904755 -7.411606 7.5042725
-4.564316 -6.9402924 7.6066284
-4.328659 -6.047653 7.1257935
-4.173935 -6.2023773 6.706848
-4.116806 -6.502304 6.937744
-4.083481 -6.238083 7.237671
-3.962082 -6.2809296 7.211487
-3.8525848 -6.2404633 7.0805664
-3.8525848 -6.0690765 7.047241
-3.8573456 -6.0500336 7.16864
-3.6573944 -5.9476776 6.899658
-3.7454681 -6.2166595 6.968689
-3.7978363 -6.578476 6.994873
-3.764511 -6.449936 7.2043457
-3.674057 -6.199997 7.16864
-3.6240692 -6.066696 7.0496216
-3.6502533 -5.911972 6.9544067
-3.6764374 -6.1666718 7.2281494
-3.519333 -6.4285126 7.5161743
-3.3170013 -6.111923 7.5685425
-2.3672333 -6.169052 7.128174
-3.3050995 -5.90007 7.449524
-3.6074066 -6.1904755 7.6209106
-3.6074066 -6.3142548 7.4161987
-3.4288788 -6.0809784 6.9282227
-3.4717255 -6.1404877 7.6780396
-3.269394 -5.9786224 6.9329834
-3.50029 -6.0309906 7.9327393
-3.519333 -6.000046 7.758972
-3.4503021 -5.9143524 7.4138184
-3.359848 -5.9905243 7.2471924
-3.4479218 -5.892929 7.482849
-3.2908173 -6.1976166 7.6899414
-3.205124 -5.9357758 7.55188
-3.174179 -5.9929047 7.3757324
-3.2146454 -5.9286346 7.270996
-3.397934 -5.797714 7.5494995
-3.4074554 -6.385666 7.290039
-3.3693695 -6.052414 7.4066772
-3.3931732 -5.8881683 7.7994385
-3.269394 -6.0095673 7.5828247
-3.1527557 -6.014328 7.475708
-3.1384735 -6.0809784 7.468567
-3.1694183 -6.0809784 7.501892
-3.167038 -5.969101 7.4923706
-3.321762 -5.942917 7.4471436
-3.3717499 -5.995285 7.475708
-3.288437 -6.0428925 7.5566406
-3.2908173 -6.014328 7.4852295
-3.2836761 -6.0928802 7.5375977
-3.2622528 -6.2047577 7.6661377
-3.1789398 -6.2166595 7.6447144
-3.1170502 -6.2023773 7.668518
-3.2217865 -6.1833344 7.6447144
-3.2789154 -6.0190887 7.5542603
-3.5669403 -5.8191376 7.6328125
-3.7145233 -5.847702 7.635193
-3.526474 -5.662033 7.5756836
-3.4979095 -5.90007 7.6375732
-3.1694183 -5.559677 8.073181
-3.231308 -5.9476776 7.8256226
-3.1313324 -6.15477 7.6470947
-2.2410736 -5.4406586 7.3566895
-3.1337128 -5.9667206 7.4519043
-3.288437 -5.892929 6.1903076
-3.3812714 -5.2478485 8.401672
-2.7457123 -5.9857635 8.139832
-2.5552826 -4.217148 6.102234
-3.7526093 -4.8050995 6.763977
-3.0980072 -5.6953583 8.365967
-2.9480438 -4.87175 6.809204
-2.7457123 -5.6715546 6.7973022
-2.5743256 -6.47612 6.918701
-2.6695404 -6.7736664 7.23053
-2.6528778 -7.1092987 7.0996094
-2.981369 -7.0069427 7.0424805
-3.0123138 -6.9426727 7.397156
-3.1575165 -7.040268 7.87323
-3.2789154 -7.206894 8.623047
-3.4526825 -7.6306 9.532349
-4.2429657 -8.408981 10.646362
-2.3101044 -4.6527557 7.7304077
-3.0694427 -5.96434 7.9470215
-2.1839447 -7.509201 7.0805664
-2.5814667 -6.111923 7.797058
-2.545761 -6.3880463 7.8898926
-2.6147919 -6.059555 7.8303833
-2.8837738 -6.316635 8.318359
-2.4029388 -6.2690277 7.5994873
-2.4862518 -6.4404144 7.5875854
-2.3791351 -6.5380096 7.687561
-2.2720184 -6.673691 7.906555
-2.1720428 -6.6070404 7.8327637
-2.0149384 -6.7879486 7.7946777
-1.9887543 -6.7165375 7.866089
-1.9173431 -6.6022797 7.9970093
-1.8245087 -6.5237274 7.9922485
-1.7792816 -6.2666473 8.180298
-1.7483368 -6.6522675 7.9398804
-1.8744965 -6.5356293 8.037476
-1.9244843 -6.3261566 8.089844
-1.8102264 -6.3523407 8.058899
-1.8673553 -6.4023285 8.054138
-1.8364105 -6.083359 8.163635
-1.7864227 -5.7167816 8.285034
-1.9363861 -5.5930023 8.365967
-1.9244843 -5.681076 7.6328125
-1.929245 -5.70726 8.5802
-1.6769257 -6.0048065 8.161255
-1.7054901 -5.6525116 8.180298
-1.7388153 -5.5430145 8.225525
-1.8887787 -5.731064 8.351685
-1.9625702 -5.904831 8.442139
-1.6674042 -5.9286346 8.392151
-1.4436493 -5.733444 8.270752
-1.403183 -5.602524 8.301697
-1.3032074 -5.538254 8.289795
-1.2722626 -5.416855 8.225525
-1.5269623 -5.264511 8.4730835
-1.634079 -5.226425 8.520691
-1.4817352 -5.3835297 8.549255
-1.4579315 -5.5096893 8.563538
-1.2294159 -5.4406586 8.439758
-1.0913544 -5.155014 8.351685
-0.9794769 -4.905075 8.504028
-1.2841644 -4.74559 8.792053
-1.3079681 -4.788437 8.83252
-1.4507904 -5.0431366 8.751587
-1.4793549 -5.25737 8.599243
-1.3365326 -5.205002 8.377869
-1.4983978 -5.2359467 8.456421
-1.4174652 -5.4477997 8.482605
-1.3222504 -5.4406586 8.308838
-1.4412689 -5.245468 8.225525
-1.6055145 -5.290695 8.216003
-1.7697601 -5.6382294 8.532593
-1.6102753 -5.809616 8.782532
-1.0984955 -5.70726 8.51355
-1.1222992 -5.6763153 8.394531
-0.75572205 -5.5501556 8.404053
-0.58909607 -5.352585 8.301697
-0.78904724 -5.185959 8.575439
-0.7604828 -4.969345 8.811096
-0.7200165 -4.931259 8.83728
-0.74858093 -5.007431 8.96582
-0.6628876 -5.026474 8.849182
-0.7771454 -5.245468 9.001526
-0.5367279 -5.116928 8.880127
-0.47721863 -4.7360687 9.022949
-0.77238464 -5.162155 9.087219
-0.6009979 -4.8741302 9.037231
-0.5676727 -4.8003387 9.111023
-0.6200409 -4.9455414 9.15625
-0.4700775 -4.931259 9.168152
-0.42008972 -4.9193573 9.103882
-0.57481384 -4.8693695 9.032471
-0.5462494 -4.7551117 8.920593
-0.7247772 -4.6265717 8.922974
-0.72953796 -4.4266205 9.199097
-1.088974 -4.2790375 9.3966675
-1.005661 -4.1243134 9.184814
-0.8652191 -4.3171234 9.046753
-0.941391 -4.3742523 8.975342
-0.96043396 -4.3504486 8.968201
-0.5724335 -3.6458588 7.6470947
-0.89616394 -4.469467 10.215515
-1.2270355 -4.42424 9.520447
-0.6938324 -4.6075287 8.7039795
-0.65812683 -4.5884857 8.534973
-0.93663025 -4.4456635 8.818237
-0.8818817 -4.1957245 9.011047
-0.9556732 -4.0600433 9.2300415
-0.9651947 -4.186203 9.437134
-1.069931 -4.276657 9.41333
-0.93663025 -4.1076508 9.058655
-0.7604828 -3.8124847 8.942017
-1.2270355 -3.891037 9.180054
-1.1175385 -3.9076996 9.15387
-0.9747162 -3.9600677 8.949158
-1.0556488 -4.2290497 9.046753
-0.8342743 -4.1243134 8.951538
-1.069931 -4.0148163 8.308838
-0.6105194 -4.0481415 9.601379
-1.3317719 -4.1195526 9.199097
-1.38414 -4.531357 9.046753
-0.62242126 -4.467087 8.925354
-0.8675995 -4.2100067 9.032471
-0.84617615 -4.140976 9.039612
-0.6747894 -4.095749 9.068176
-0.82237244 -4.090988 9.041992
-0.78904724 -4.0029144 9.151489
-0.78666687 -3.9434052 9.15387
-0.85331726 -3.9053192 9.127686
-1.0984955 -4.088608 9.339539
-0.8675995 -4.007675 9.099121
-0.8318939 -3.97435 9.132446
-0.9651947 -3.9219818 9.208618
-0.85331726 -3.8291473 9.244324
-1.043747 -3.955307 9.408569
-0.76524353 -3.9529266 9.399048
-0.6795502 -3.833908 9.28479
-0.793808 -3.8220062 9.251465
-0.9009247 -3.9862518 9.122925
-1.1103973 -4.0624237 9.189575
-1.1175385 -3.8624725 9.2229
-1.0556488 -3.7958221 9.070557
-1.0032806 -3.9457855 9.418091
-1.1294403 -4.1052704 9.484741
-0.74858093 -4.1195526 9.299072
-0.8652191 -3.8934174 9.201477
-0.92710876 -3.7982025 9.301453
-0.99375916 -3.8577118 9.301453
-1.1508636 -3.9434052 9.365723
-0.92710876 -3.8029633 9.208618
-1.0199432 -3.814865 9.370483
-0.96043396 -3.948166 9.34906
-0.9723358 -3.898178 9.2229
-1.1151581 -3.9910126 9.370483
-0.9651947 -3.8386688 9.358582
-1.0080414 -3.8815155 9.334778
-0.90330505 -3.7839203 9.327637
-1.005661 -3.7125092 9.210999
-1.0223236 -3.679184 9.280029
-1.0675507 -3.6387177 9.334778
-1.0961151 -3.7791595 9.28717
-0.95329285 -3.8957977 9.322876
-0.8652191 -3.864853 9.132446
-1.4888763 -3.3149872 6.9020386
-1.134201 -4.052902 10.148865
-1.1960907 -3.78154 9.425232
-0.8080902 -4.095749 9.03009
-0.81285095 -4.064804 9.251465
-0.89616394 -3.9410248 9.244324
-0.8104706 -3.800583 9.194336
-0.8247528 -3.769638 9.275269
-0.97709656 -3.743454 9.2229
-0.95329285 -3.7577362 9.184814
-0.97709656 -3.84581 9.175293
-1.0009003 -3.929123 9.201477
-0.8985443 -3.9219818 9.294312
-0.858078 -3.8624725 9.201477
-0.90330505 -3.7982025 9.225281
-0.9675751 -3.679184 9.251465
-0.9556732 -3.7339325 9.399048
-0.7509613 -3.7601166 9.315735
-0.70573425 -3.743454 9.365723
-0.68193054 -3.5815887 9.406189
-0.80332947 -3.5482635 9.35144
-0.858078 -3.6839447 9.161011
-0.9675751 -3.7006073 9.272888
-1.134201 -4.0100555 9.34906
-0.87950134 -3.9624481 9.191956
-0.86283875 -3.9624481 9.294312
-0.922348 -3.9148407 9.418091
-0.71287537 -3.7601166 9.303833
-0.9318695 -3.6958466 9.363342
-0.91282654 -3.7101288 9.341919
-0.9080658 -3.8505707 9.365723
-0.8675995 -3.8315277 9.275269
-0.8509369 -3.7125092 9.28479
-0.9723358 -3.6529999 9.277649
-1.1437225 -3.78154 9.275269
-1.236557 -4.076706 9.339539
-0.86283875 -3.9791107 9.258606
-1.0199432 -3.8577118 9.272888
-0.8675995 -3.7648773 9.391907
-0.91996765 -3.7743988 9.356201
-0.91282654 -3.78154 9.34668
-0.8509369 -3.7386932 9.422852
-0.9152069 -3.7482147 9.3776245
-0.9318695 -3.8196259 9.358582
-0.9318695 -3.7291718 9.439514
-0.9152069 -3.7386932 9.327637
-0.9080658 -3.7101288 9.275269
-1.0746918 -3.9410248 9.441895
-0.9747162 -4.121933 9.332397
-0.78904724 -3.8838959 9.149109
-1.0651703 -3.8315277 9.391907
-0.9556732 -3.762497 9.322876
-0.89616394 -3.7791595 9.399048
-0.877121 -3.6887054 9.365723
-0.87950134 -3.7125092 9.394287
-0.8604584 -3.679184 9.275269
-0.9509125 -3.7291718 9.322876
-0.922348 -3.743454 9.306213
-0.92948914 -3.7339325 9.215759
-0.97709656 -3.852951 9.28717
-1.0532684 -3.871994 9.15863
-1.0532684 -3.8553314 9.263367
-0.8342743 -3.5268402 8.892029
-1.1246796 -3.7791595 9.358582
-1.0818329 -3.9505463 9.299072
-0.8890228 -3.9434052 9.130066
-1.0151825 -3.814865 9.237183
-1.0342255 -3.84581 9.303833
-0.8747406 -3.7601166 9.280029
-0.9009247 -3.7386932 9.280029
-0.92710876 -3.762497 9.299072
-0.9009247 -3.7458344 9.246704
-0.9509125 -3.7743988 9.291931
-1.0151825 -3.9505463 9.272888
-0.9485321 -3.9886322 9.237183
-0.774765 -3.864853 9.289551
-0.89378357 -3.7910614 9.277649
-0.81285095 -3.7863007 9.325256
-0.8818817 -3.7267914 9.318115
-0.8818817 -3.6744232 9.3133545
-0.89616394 -3.8029633 9.341919
-0.9056854 -3.8553314 9.320496
-0.877121 -3.8172455 9.327637
-0.81285095 -3.8029633 9.28241
-0.877121 -3.8600922 9.318115
-0.91044617 -3.8600922 9.303833
-0.8890228 -3.864853 9.239563
-0.8723602 -3.8243866 9.325256
-0.9152069 -3.800583 9.263367
-0.9175873 -3.7839203 9.15387
-1.1056366 -3.8505707 9.249084
-0.99375916 -3.8696136 9.244324
-0.9056854 -3.8434296 9.170532
-0.96281433 -3.8577118 9.244324
-0.91996765 -3.8934174 9.2229
-0.92710876 -3.9196014 9.315735
-0.86283875 -3.8886566 9.22052
-0.91282654 -3.8386688 9.206238
-0.9889984 -3.8672333 9.387146
-0.8509369 -3.7958221 9.330017
-0.85569763 -3.807724 9.327637
-0.7842865 -3.7648773 9.365723
-0.83903503 -3.7958221 9.249084
-0.93663025 -3.8791351 9.384766
-0.89616394 -3.8767548 9.330017
-0.877121 -3.8624725 9.306213
Time Stop = 1457235943
