Time Start = 1457235808
0.7891388 0.51979065 9.7323
1.9459991 0.6388092 10.18219
0.99861145 0.51264954 10.141724
-0.7842865 0.40553284 9.675171
-1.653122 0.34840393 9.53949
-1.0009003 0.3007965 9.722778
0.18928528 0.24604797 9.910828
0.7129669 0.21272278 9.837036
0.21784973 0.27461243 9.777527
-0.5462494 0.34602356 9.829895
-0.8104706 0.35554504 9.687073
-0.4629364 0.35554504 9.777527
-0.0035247803 0.37696838 9.889404
0.14881897 0.36268616 9.870361
-0.101119995 0.40315247 9.827515
-0.3891449 0.47932434 9.913208
-0.4296112 0.4507599 9.815613
-0.34153748 0.36268616 9.8394165
-0.22489929 0.3341217 9.86084
-0.21775818 0.21986389 9.8394165
-0.32011414 -0.07292175 9.915588
-0.30821228 -0.06816101 9.908447
-0.11302185 -0.19432068 9.772766
-0.02494812 -0.47758484 9.763245
0.096450806 -0.5966034 9.644226
-0.6605072 -0.3561859 9.722778
-0.1415863 -0.27287292 9.806091
-0.45817566 0.31507874 9.841797
-0.7247772 0.4650421 9.856079
-1.1318207 0.12940979 9.701355
-3.802597 2.2693634 13.833679
-1.9768524 1.2315216 9.437134
-1.7745209 -0.6061249 9.325256
-1.7959442 -1.5582733 11.738953
-0.4962616 -2.0414886 13.767029
0.6725006 -2.319992 12.191223
1.11763 -3.364975 11.638977
0.32972717 -2.7127533 11.40094
-0.57481384 -2.3104706 10.829651
-1.3746185 -1.9867401 10.929626
-1.8578339 -1.6273041 10.922485
-1.9197235 -1.5701752 11.096252
-1.7102509 -1.72966 11.179565
-1.365097 -1.9438934 11.122437
-1.069931 -2.255722 11.027222
-0.9747162 -2.5675507 11.008179
-0.95329285 -2.569931 11.051025
-0.78904724 -2.4247284 11.258118
-0.49864197 -2.2533417 11.296204
-0.21061707 -2.0010223 11.329529
-0.015426636 -1.5844574 11.227173
0.13929749 -1.1155243 11.041504
0.24403381 -0.69895935 10.879639
0.37019348 -0.3657074 11.074829
0.40351868 0.374588 11.4366455
0.5987091 1.0244293 11.615173
0.97480774 1.3410187 11.796082
1.2747345 1.5028839 11.565186
1.4580231 1.4124298 11.231934
1.5818024 1.0077667 11.041504
1.6508331 0.6459503 10.76062
1.7531891 0.35316467 10.586853
1.8150787 0.3507843 10.353577
1.912674 0.5055084 10.24884
1.9079132 0.90065 10.196472
1.7389069 1.3933868 10.129822
1.4937286 2.0051422 9.913208
1.3580475 2.5002594 9.898926
1.3747101 2.6764069 10.086975
1.4008942 2.721634 10.075073
1.5199127 2.6097565 9.9227295
1.3080597 2.6430817 9.5252075
0.99147034 2.8097076 9.234802
0.6486969 3.08107 8.911072
0.34877014 3.3238678 8.753967
0.072647095 3.6666412 8.508789
-0.13206482 3.9951324 8.375488
-0.32011414 4.228409 8.135071
-0.48197937 4.318863 7.9541626
-0.6533661 4.247452 7.8970337
-0.72953796 3.9998932 7.866089
-0.74620056 3.7047272 7.6970825
-0.7033539 3.4547882 7.482849
-0.7271576 3.4643097 7.218628
-0.8485565 3.5476227 7.135315
-1.0532684 3.7023468 7.0734253
-1.2413177 3.8523102 7.192444
-1.3936615 3.902298 7.366211
-1.3889008 3.8499298 7.4971313
-1.3508148 3.7689972 7.437622
-1.2913055 3.754715 7.301941
-1.274643 3.7761383 7.3495483
-1.4008026 3.9570465 7.2662354
-1.5817108 4.0713043 7.2471924
-1.7983246 4.152237 7.340027
-1.8744965 4.292679 7.2471924
-1.910202 4.345047 7.0115356
-1.9173431 4.4688263 6.878235
-1.9387665 4.5545197 6.8044434
-1.9982758 4.7830353 6.6640015
-1.9197235 4.9710846 6.5949707
-1.9387665 5.0782013 6.59021
-1.9340057 5.1448517 6.514038
-1.9030609 5.19722 6.3616943
-1.864975 5.1186676 6.264099
-1.7673798 5.140091 6.325989
-1.6721649 5.2448273 6.2331543
-1.6483612 5.2543488 6.226013
-1.6959686 5.2852936 6.2355347
-1.7554779 5.2543488 6.2617188
-1.8554535 5.3043365 6.185547
-1.8483124 5.3352814 6.045105
-1.781662 5.404312 6.026062
-1.5388641 5.2472076 6.609253
-1.2508392 5.109146 6.7996826
-1.069931 5.102005 6.7473145
-1.024704 5.044876 6.7806396
-1.1246796 5.1757965 6.699707
-1.2698822 5.320999 6.649719
-1.274643 5.6375885 6.904419
-1.1889496 5.820877 7.1067505
-0.9794769 6.0232086 7.256714
-0.82237244 6.1255646 7.149597
-0.8104706 6.230301 6.9901123
-0.91996765 6.3612213 6.866333
-1.1056366 6.5468903 6.8710938
-1.1508636 6.7230377 6.71875
-1.0580292 6.9063263 6.59021
-0.9009247 6.961075 6.564026
-0.82237244 7.046768 6.314087
-0.79618835 6.949173 6.2355347
-0.7509613 6.775406 6.0879517
-0.80570984 6.601639 6.0617676
-0.7819061 6.365982 6.033203
-0.7676239 6.230301 6.0879517
-0.8675995 6.2541046 6.07605
-0.92948914 6.2469635 6.2974243
-1.069931 6.301712 6.2736206
-1.0865936 6.385025 6.245056
-1.0937347 6.339798 6.1879272
-1.0794525 6.41835 6.3378906
-1.0223236 6.5088043 6.609253
-0.9985199 6.5349884 6.7544556
-0.9961395 6.456436 6.828247
-1.1199188 6.28743 6.956787
-1.3246307 6.0874786 6.982971
-1.5031586 5.927994 7.066284
-1.4793549 5.794693 7.36145
-1.3436737 5.5590363 7.2876587
-1.1770477 5.287674 7.1138916
-1.1818085 5.0853424 7.116272
-1.3246307 4.859207 7.097229
-1.5174408 4.94252 7.1019897
-1.7269135 5.0853424 7.2162476
-1.781662 5.3114777 7.449524
-1.634079 5.530472 7.6661377
-1.4412689 5.5804596 7.675659
-1.3531952 5.6637726 7.635193
-1.3960419 5.594742 7.5994873
-1.5031586 5.5352325 7.592346
-1.5721893 5.5233307 7.630432
-1.3889008 5.537613 7.6447144
-1.1818085 5.551895 7.6066284
-0.94377136 5.5280914 7.6399536
-0.9318695 5.575699 7.5828247
-1.0223236 5.5852203 7.642334
-1.2198944 5.685196 7.635193
-1.3531952 5.8042145 7.5542603
-1.3722382 5.8827667 7.4995117
-1.338913 5.8994293 7.437622
-1.2722626 5.8827667 7.3900146
-1.19133 5.7137604 7.4542847
-1.2770233 5.718521 7.3709717
-1.3174896 5.537613 7.3685913
-1.2889252 5.511429 7.3566895
-1.1960907 5.661392 7.2995605
-1.2008514 5.813736 7.42334
-1.1508636 5.9327545 7.494751
-1.1841888 6.0731964 7.5352173
-1.2079926 6.127945 7.5185547
-1.2222748 6.1327057 7.4138184
-1.2032318 5.9398956 7.354309
-1.1651459 5.7518463 7.23291
-1.1246796 5.6566315 7.1972046
-1.0651703 5.5614166 7.16864
-1.0580292 5.5090485 7.2948
-1.1151581 5.4781036 7.3305054
-1.2008514 5.5042877 7.3305054
-1.2532196 5.609024 7.270996
-1.2675018 5.635208 7.313843
-1.1841888 5.782791 7.2662354
-1.088974 5.8184967 7.256714
-0.9913788 5.782791 7.354309
-0.941391 5.7589874 7.2805176
-1.0270844 5.6447296 7.147217
-1.1484833 5.661392 7.090088
-1.2389374 5.6875763 7.066284
-1.2246552 5.6709137 7.1972046
-1.1960907 5.6875763 7.3186035
-1.1318207 5.5923615 7.244812
-1.1199188 5.5423737 7.16626
-1.1675262 5.6256866 7.154358
-1.2436981 5.673294 7.2614746
-1.2436981 5.685196 7.4138184
-1.1818085 5.678055 7.4995117
-1.0961151 5.6494904 7.48999
-1.043747 5.7089996 7.4971313
-1.0413666 5.780411 7.566162
-1.0627899 5.7899323 7.649475
-1.0151825 5.916092 7.6780396
-0.91282654 5.8827667 7.6828003
-0.8723602 5.930374 7.604248
-0.81999207 5.9446564 7.494751
-0.84617615 5.9327545 7.4542847
-0.97709656 5.96846 7.4209595
-1.0627899 5.956558 7.399536
-1.0009003 5.980362 7.397156
-1.0032806 5.9375153 7.263855
-0.90330505 5.8423004 7.3519287
-0.9651947 5.730423 7.2876587
-1.0413666 5.699478 7.301941
-1.0532684 5.6566315 7.2948
-1.069931 5.7661285 7.2686157
-0.95329285 5.7780304 7.3709717
-0.877121 5.870865 7.4542847
-0.7771454 5.923233 7.320984
-0.91044617 5.908951 7.35907
-1.0413666 5.96846 7.320984
-1.153244 5.9446564 7.313843
-1.1865692 5.9137115 7.3519287
-1.1389618 5.8113556 7.3900146
-1.0913544 5.678055 7.2852783
-1.0175629 5.5852203 7.2995605
-0.9818573 5.428116 7.259094
-0.96281433 5.4590607 7.2876587
-0.9342499 5.4519196 7.35907
-0.8842621 5.513809 7.4471436
-0.98661804 5.5423737 7.5042725
-1.0175629 5.5685577 7.55188
-1.0508881 5.678055 7.6066284
-1.0032806 5.692337 7.5994873
-0.9580536 5.6114044 7.5494995
-0.94615173 5.578079 7.520935
-1.0413666 5.506668 7.4471436
-1.1270599 5.4900055 7.4400024
-1.2008514 5.5352325 7.4590454
-1.172287 5.5399933 7.442383
-1.0366058 5.5352325 7.442383
-0.941391 5.513809 7.380493
-0.9747162 5.492386 7.347168
-1.0770721 5.492386 7.378113
-1.2317963 5.480484 7.3757324
-1.1556244 5.442398 7.411438
-1.0342255 5.4066925 7.5233154
-0.9556732 5.3543243 7.5114136
-0.9247284 5.3876495 7.442383
-0.9842377 5.447159 7.559021
-1.1056366 5.4971466 7.4995117
-1.1580048 5.5423737 7.494751
-1.1794281 5.487625 7.5542603
-1.1580048 5.5614166 7.5542603
-1.134201 5.525711 7.5423584
-1.1389618 5.544754 7.4923706
-1.2222748 5.5161896 7.4090576
-1.3579559 5.5352325 7.501892
-1.3460541 5.601883 7.506653
-1.2294159 5.5423737 7.649475
-1.1627655 5.4828644 7.589966
-1.1484833 5.513809 7.611389
-1.1580048 5.5090485 7.544739
-1.172287 5.578079 7.6899414
-1.1651459 5.635208 7.6661377
-1.1294403 5.666153 7.7875366
-1.0937347 5.6423492 7.778015
-1.1222992 5.692337 7.7661133
-1.1794281 5.6709137 7.7280273
-1.236557 5.594742 7.7875366
-1.2698822 5.6233063 7.789917
-1.3174896 5.64711 7.706604
-1.281784 5.737564 7.7161255
-1.2651215 5.794693 7.692322
-1.2651215 5.8423004 7.839905
-1.2103729 5.7661285 7.7922974
-1.1675262 5.7851715 7.739929
-1.1413422 5.7970734 7.804199
-1.0627899 5.806595 7.828003
-1.0675507 5.808975 7.7922974
-1.0723114 5.7780304 7.816101
-1.005661 5.7161407 7.732788
-0.8914032 5.697098 7.6970825
-0.8152313 5.6304474 7.7018433
-0.8152313 5.4971466 7.7280273
-0.89378357 5.492386 7.6661377
-0.9842377 5.5209503 7.585205
-1.0842133 5.5019073 7.5756836
-1.0794525 5.4566803 7.5304565
-1.0128021 5.3543243 7.509033
-0.9889984 5.242447 7.48999
-1.0175629 5.173416 7.4352417
-1.0032806 5.087723 7.4733276
-1.0723114 5.13533 7.4138184
-1.0485077 5.19722 7.320984
-0.94377136 5.2329254 7.4209595
-0.8176117 5.223404 7.6447144
-0.8152313 5.1876984 7.656616
-0.8485565 5.268631 7.673279
-0.8747406 5.430496 7.6637573
-0.9794769 5.6066437 7.5756836
-0.9747162 5.6304474 7.668518
-0.87950134 5.64711 7.7351685
-0.858078 5.597122 7.589966
-0.8723602 5.5161896 7.5614014
-0.99375916 5.4066925 7.42334
-1.1437225 5.4066925 7.4209595
-1.2056122 5.385269 7.354309
-1.2151337 5.466202 7.442383
-1.217514 5.4781036 7.4733276
-1.1437225 5.447159 7.539978
-1.2056122 5.430496 7.5042725
-1.1960907 5.3567047 7.4352417
-1.2270355 5.306717 7.501892
-1.2008514 5.2257843 7.5114136
-1.1865692 5.2472076 7.611389
-1.108017 5.318619 7.6018677
-1.0604095 5.351944 7.7161255
-1.0199432 5.4543 7.544739
-1.0270844 5.594742 7.661377
-0.97709656 5.570938 7.7494507
-1.0128021 5.616165 7.8518066
-0.9009247 5.616165 7.8375244
-0.9342499 5.5733185 7.880371
-0.91996765 5.5590363 7.68042
-0.9794769 5.5542755 7.687561
-1.0318451 5.5352325 7.7042236
-1.1270599 5.5423737 7.737549
-1.1365814 5.506668 7.797058
-1.108017 5.397171 7.7494507
-1.0366058 5.320999 7.7089844
-0.96281433 5.2329254 7.668518
-0.95329285 5.2710114 7.6399536
-0.9651947 5.306717 7.7161255
-1.0223236 5.3995514 7.7994385
-0.96043396 5.3567047 7.9160767
-0.94377136 5.39003 7.8256226
-0.99375916 5.306717 7.8970337
-0.91282654 5.409073 7.8946533
-0.8985443 5.4185944 7.8708496
-0.8652191 5.492386 7.823242
-0.85569763 5.5233307 7.7161255
-0.88664246 5.506668 7.7304077
-0.9961395 5.487625 7.6589966
-1.0627899 5.4638214 7.509033
-1.1508636 5.430496 7.475708
-1.2294159 5.3305206 7.4352417
-1.1770477 5.3281403 7.449524
-1.1127777 5.211502 7.397156
-1.1365814 5.113907 7.3495483
-1.2151337 5.140091 7.2924194
-1.3246307 5.2900543 7.2281494
-1.3865204 5.3376617 7.3495483
-1.3174896 5.435257 7.4066772
-1.1818085 5.3757477 7.4400024
-1.0104218 5.344803 7.4971313
-0.9485321 5.26149 7.378113
-1.0151825 5.1948395 7.444763
-1.1889496 5.2472076 7.4328613
-1.3555756 5.2591095 7.4209595
-1.4174652 5.1996 7.4780884
-1.4388885 5.1448517 7.5637817
-1.4983978 5.0782013 7.630432
-1.4817352 5.0234528 7.74469
-1.4650726 5.0615387 7.8113403
-1.3484344 5.0972443 7.8137207
-1.2722626 5.166275 7.7280273
-1.2103729 5.2733917 7.789917
-1.1960907 5.3947906 7.8256226
-1.2079926 5.4400177 7.9208374
-1.1627655 5.5280914 7.982727
-1.1746674 5.525711 7.949402
-1.0199432 5.506668 7.8827515
-0.9556732 5.473343 7.925598
-0.858078 5.4971466 7.956543
-0.8152313 5.442398 8.030334
-0.7985687 5.556656 8.061279
-0.85331726 5.613785 7.951782
-0.87950134 5.5661774 7.9851074
-0.9485321 5.666153 7.925598
-0.9818573 5.763748 7.87323
-0.9390106 5.7851715 7.801819
-0.89616394 5.8042145 7.7851563
-0.9080658 5.780411 7.7803955
-0.9152069 5.749466 7.6780396
-0.9889984 5.730423 7.611389
-1.0842133 5.673294 7.5828247
-1.1032562 5.613785 7.597107
-1.1103973 5.513809 7.528076
-1.0627899 5.447159 7.501892
-1.0318451 5.416214 7.4519043
-1.088974 5.449539 7.501892
-1.1008759 5.487625 7.5375977
-1.0794525 5.4566803 7.630432
-1.0080414 5.428116 7.5994873
-1.005661 5.4590607 7.494751
-1.0151825 5.480484 7.55188
-1.0199432 5.5352325 7.539978
-0.9913788 5.5090485 7.573303
-0.90330505 5.449539 7.6518555
-0.8414154 5.3614655 7.6518555
-0.7771454 5.2900543 7.55188
-0.858078 5.2591095 7.513794
-0.9390106 5.2400665 7.4971313
-1.1008759 5.3924103 7.442383
-1.1294403 5.3495636 7.520935
-1.1032562 5.344803 7.5352173
-1.0675507 5.256729 7.48999
-1.043747 5.2591095 7.366211
-1.0746918 5.306717 7.29718
-1.1580048 5.385269 7.4090576
-1.2841644 5.4114532 7.4066772
-1.3603363 5.370987 7.4400024
-1.4174652 5.3686066 7.4709473
-1.3722382 5.2852936 7.4281006
-1.3365326 5.3352814 7.506653
-1.3174896 5.3424225 7.463806
-1.134201 5.430496 7.520935
-1.0128021 5.466202 7.592346
-0.94377136 5.556656 7.6328125
-0.82951355 5.5995026 7.7494507
-0.7819061 5.578079 7.7089844
-0.82951355 5.5590363 7.6661377
-0.86283875 5.58284 7.6399536
-0.95329285 5.639969 7.6518555
-0.8842621 5.6899567 7.7470703
-0.858078 5.7923126 7.720886
-0.75572205 5.8303986 7.737549
-0.7033539 5.935135 7.7732544
-0.7009735 5.9517975 7.74469
-0.7081146 6.0279694 7.7351685
-0.7009735 6.1493683 7.6708984
-0.7414398 6.15889 7.7494507
-0.73191833 6.146988 7.7732544
-0.646225 6.173172 7.7732544
-0.59861755 6.104141 7.770874
-0.6438446 6.104141 7.725647
-0.6938324 6.058914 7.635193
-0.6938324 5.987503 7.6637573
-0.6343231 5.858963 7.758972
-0.52482605 5.7518463 7.585205
-0.53434753 5.635208 7.5352173
-0.66526794 5.3924103 7.3900146
-0.89378357 5.3305206 7.3043213
-1.1794281 5.216263 7.2019653
-1.3460541 5.06868 7.2400513
-1.3984222 4.961563 7.259094
-1.31987 4.9520416 7.213867
-1.2627411 4.8877716 7.0924683
-1.2198944 4.825882 7.0615234
-1.3508148 4.856827 7.063904
-1.6007538 4.8687286 7.2019653
-1.8387909 4.8877716 7.263855
-1.9601898 4.904434 7.2686157
-1.9578094 4.8806305 7.316223
-1.8983002 4.9306183 7.42572
-1.7388153 4.968704 7.5685425
-1.531723 5.0472565 7.6851807
-1.3412933 5.154373 7.8637085
-1.1437225 5.1900787 7.906555
-1.0270844 5.26149 7.8946533
-0.88664246 5.3567047 7.949402
-0.78666687 5.4209747 8.020813
-0.74620056 5.5090485 8.037476
-0.6938324 5.5209503 7.9922485
-0.72239685 5.492386 7.8946533
-0.858078 5.492386 7.797058
-0.99375916 5.5019073 7.7542114
-1.0937347 5.513809 7.7351685
-1.2127533 5.4757233 7.6970825
-1.236557 5.480484 7.6256714
-1.2222748 5.39003 7.544739
-1.2603607 5.525711 7.6209106
-1.2460785 5.525711 7.673279
-1.2294159 5.609024 7.7613525
-1.1699066 5.673294 7.7946777
-1.1222992 5.6828156 7.706604
-1.0651703 5.6947174 7.675659
-1.0961151 5.763748 7.589966
-1.1270599 5.680435 7.675659
-1.1770477 5.7351837 7.6661377
-1.2056122 5.7018585 7.5614014
-1.2579803 5.718521 7.5494995
-1.2198944 5.692337 7.5042725
-1.2222748 5.6637726 7.4852295
-1.2056122 5.5923615 7.449524
-1.2508392 5.5161896 7.340027
-1.1865692 5.442398 7.3709717
-1.2222748 5.378128 7.4138184
-1.1865692 5.2924347 7.544739
-1.1651459 5.2924347 7.4661865
-1.0580292 5.2638702 7.585205
-0.99375916 5.2662506 7.5994873
Time Stop = 1457235812
