Time Start = 1457235688
-4.2096405 -3.3340302 9.122925
-1.3674774 -4.026718 9.587097
1.2675934 -3.7148895 9.996521
2.1197662 -3.2150116 9.725159
0.83436584 -3.031723 9.425232
-0.9080658 -3.2126312 9.382385
-1.6578827 -3.5244598 9.341919
-1.1437225 -3.7125092 9.472839
-0.07017517 -3.5744476 9.420471
0.4344635 -3.5815887 9.54187
0.20118713 -3.6649017 9.529968
-0.3724823 -3.5720673 9.429993
-0.51530457 -3.6696625 9.563293
-0.7985687 -3.2959442 9.320496
-0.40818787 -3.4197235 9.458557
-0.22489929 -3.5673065 9.510925
-0.1915741 -3.4340057 10.265503
-0.27964783 -3.71727 9.227661
-0.36772156 -3.800583 9.28479
-0.38438416 -3.6910858 9.253845
-0.40104675 -3.641098 9.370483
-0.24394226 -3.8053436 9.232422
-0.36058044 -3.7743988 9.401428
-0.18681335 -3.9386444 9.453796
-0.34153748 -3.8386688 9.239563
-0.4058075 -3.9695892 9.715637
-0.2820282 -4.1838226 9.3776245
-0.25108337 -4.057663 9.075317
-0.31297302 -4.1385956 9.22052
-0.25108337 -4.2338104 9.172913
-0.35820007 -4.088608 9.570435
-0.34391785 -4.224289 9.070557
-0.46531677 -3.724411 9.151489
-0.5962372 -3.8101044 9.260986
-0.6509857 -3.9243622 9.770386
-0.63908386 -3.9695892 9.122925
-0.96995544 -3.8505707 9.277649
-0.877121 -3.5649261 8.587341
-0.6033783 -3.9672089 9.456177
-0.37486267 -4.712265 10.094116
0.803421 -6.1666718 10.422607
-1.6055145 -2.910324 8.718262
-1.3151093 -3.531601 9.808472
-0.59861755 -3.8505707 9.594238
-0.2653656 -4.250473 8.853943
-0.44389343 -5.8691254 8.592102
-0.47721863 -6.4523163 8.120789
-0.103500366 -6.7546234 8.058899
0.67012024 -6.7879486 8.83252
0.9557648 -5.938156 8.082703
-0.022567749 -8.494675 6.949646
-0.9509125 -10.529892 4.6835327
-2.2315521 -8.597031 2.5697632
-3.0765839 -7.811508 2.6126099
-3.257492 -7.835312 2.343628
-3.1956024 -7.740097 2.6292725
-2.776657 -7.9305267 2.2817383
-2.2267914 -7.95195 0.5345459
-2.1768036 -8.566086 -1.2150269
-2.0649261 -9.582504 -1.9243774
-2.1625214 -10.598923 -1.645874
-2.0339813 -11.962875 -1.7006226
-1.864975 -13.605331 -1.6077881
-2.1101532 -15.026413 -1.0079346
-2.2386932 -14.226608 -1.1793213
-2.5290985 -12.965012 0.05609131
-2.7647552 -11.303513 0.89398193
-2.5695648 -10.139511 1.8984985
-2.3124847 -9.756271 2.5959473
-2.205368 -9.734848 2.6983032
-2.2958221 -10.00383 2.638794
-2.364853 -10.413254 3.3671875
-2.4767303 -10.617966 3.5957031
-2.640976 -10.06572 2.7554321
-2.7861786 -8.504196 3.440979
-2.9694672 -7.680588 5.321472
-2.179184 -7.4092255 5.7856445
-1.1508636 -7.4734955 5.7546997
-0.27726746 -7.8019867 7.313843
0.22737122 -8.613693 7.8375244
0.50587463 -9.625351 7.0805664
0.42256165 -9.8134 6.018921
0.8367462 -10.820297 3.6123657
1.219986 -12.010483 2.774475
1.2223663 -14.424179 4.0408325
1.1533356 -16.316574 6.178406
0.7724762 -11.793869 2.2936401
0.66059875 -8.275681 1.991333
0.7867584 -6.904587 2.2103271
0.93196106 -8.423264 3.864685
1.0605011 -8.389938 3.1029663
2.5053864 -9.734848 2.850647
3.3075714 -13.929062 6.1903076
1.707962 -15.850021 6.473572
1.0700226 -15.540573 3.7599487
0.41542053 -15.692917 3.9908447
-0.89616394 -15.116867 4.3883667
-1.9673309 -13.676743 4.6026
-2.5814667 -13.1483 5.4452515
-2.9290009 -12.562729 5.8237305
-3.045639 -12.7912445 5.780884
-3.0670624 -12.2509 5.2524414
-3.1717987 -11.591537 4.6954346
-3.5098114 -11.453476 4.5335693
-4.085861 -11.020248 4.876343
-4.483383 -10.560837 5.3547974
-4.8380585 -10.125229 5.8737183
-5.187973 -9.004074 6.199829
-5.1403656 -8.563705 6.325989
-4.650009 -8.775558 6.230774
-4.4786224 -8.885056 5.864197
-4.545273 -9.111191 5.390503
-4.9665985 -8.389938 5.390503
-5.3450775 -6.6213226 4.8477783
-5.4926605 -6.188095 4.7644653
-5.49028 -6.8712616 5.2072144
-5.4022064 -6.161911 5.1572266
-5.4236298 -5.1264496 4.890625
-5.597397 -4.533737 4.8311157
-5.9996796 -3.9672089 4.3598022
-6.3186493 -3.179306 3.8861084
-6.6519012 -2.5556488 3.4933472
-6.6923676 -2.5128021 3.755188
-6.470993 -2.4747162 3.9313354
-6.3972015 -2.293808 3.8813477
-6.394821 -1.9010468 3.9456177
-6.6780853 -1.3845062 3.9432373
-6.9756317 -1.010788 4.1884155
-7.2422333 -0.68943787 4.478821
-7.2636566 -0.58470154 4.428833
-7.113693 -0.92985535 4.5407104
-6.944687 -1.1536102 4.455017
-6.8589935 -1.2059784 4.209839
-7.213669 -1.1060028 4.0027466
-7.4421844 -0.908432 3.993225
-7.651657 -0.8584442 4.236023
-7.511215 -0.77275085 4.095581
-7.375534 -0.6465912 3.812317
-7.4731293 -0.613266 3.928955
-7.485031 -0.49424744 3.883728
-7.7254486 -0.2823944 3.7075806
-8.006332 -0.40141296 3.7218628
-7.9230194 -0.6608734 3.812317
-7.8801727 -0.87034607 3.9884644
-7.8730316 -0.94651794 3.9146729
-7.958725 -0.7203827 3.7647095
-8.122971 -0.42045593 3.800415
-8.363388 -0.25621033 3.7075806
-8.4752655 -0.18955994 3.8337402
-8.62999 -0.1181488 3.8742065
-8.525253 -0.06816101 4.247925
-8.268173 0.024673462 4.3240967
-8.18486 0.20796204 4.1241455
-8.232468 0.457901 3.9265747
-8.287216 0.59358215 3.8265991
-8.282455 0.522171 3.7885132
-8.344345 0.59358215 3.531433
-8.294357 0.669754 3.2457886
-8.318161 0.7126007 3.3100586
-8.394333 0.8697052 3.5599976
-8.463364 0.983963 3.7575684
-8.406235 0.88160706 3.9075317
-8.370529 0.8197174 3.8980103
-8.525253 0.7697296 3.8218384
-8.720444 0.70069885 3.9599
-8.875168 0.7887726 3.9741821
-8.884689 0.92445374 3.7147217
-8.808517 0.9030304 3.614746
-8.798996 0.78163147 3.6290283
-8.7894745 0.6554718 3.645691
-8.865646 0.65071106 3.652832
-8.934677 0.7863922 3.569519
-9.07988 1.0244293 3.614746
-9.110825 1.1815338 3.6409302
-9.101303 1.0910797 3.5028687
-8.972763 0.88160706 3.5361938
-8.846603 0.77449036 3.4290771
-8.787094 0.7126007 3.6885376
-8.839462 0.82447815 3.793274
-8.898972 0.9530182 3.9313354
-8.95372 0.79115295 4.2860107
-8.863266 0.6626129 4.2217407
-8.963242 0.6578522 4.08844
-9.048935 0.70069885 3.8932495
-9.048935 0.8601837 3.8408813
-8.879929 1.1291656 3.7647095
-8.729965 1.5243073 3.6932983
-8.549057 1.8599396 3.5909424
-8.384811 2.2503204 3.5028687
-8.218185 2.343155 3.395752
-7.9301605 2.3812408 3.2719727
-8.025375 2.9239655 2.824463
-8.318161 2.9620514 2.8339844
-8.444321 2.6811676 3.0006104
-8.320541 2.4621735 2.8982544
-8.077744 2.2360382 3.0029907
-7.9158783 1.9361115 3.3671875
-7.98967 1.9670563 3.3933716
-8.089645 2.074173 3.2648315
-8.068222 2.0051422 3.3933716
-7.9611053 1.8647003 3.4171753
-7.818283 1.7647247 3.4290771
-7.7563934 1.6385651 3.5290527
-7.7111664 1.7123566 3.5838013
-7.7563934 1.8337555 3.5766602
-7.7325897 1.8837433 3.5266724
-7.73497 2.0146637 3.5528564
-7.632614 2.0337067 3.505249
-7.406479 1.86232 3.3600464
-7.3017426 1.6861725 3.2624512
-7.356491 1.7313995 3.2981567
-7.4874115 1.8361359 3.3362427
-7.575485 1.7671051 3.4695435
-7.568344 1.5838165 3.4528809
-7.41362 1.3362579 3.5219116
-7.182724 1.0767975 3.4695435
-7.0565643 0.983963 3.3481445
-7.130356 0.9458771 3.3933716
-7.318405 0.9673004 3.4885864
-7.420761 0.75068665 3.5933228
-7.4231415 0.58644104 3.7504272
-7.208908 0.48646545 3.7599487
-7.0327606 0.15083313 3.626648
-7.066086 -0.06816101 3.4076538
-7.1017914 -0.51091003 3.5123901
-7.0303802 -0.8989105 3.717102
-6.913742 -0.7037201 3.5599976
-6.4614716 -1.5487518 4.1098633
-6.3257904 -2.2985687 4.981079
-6.06633 -2.4818573 4.543091
-5.9092255 -3.172165 4.0527344
-6.1544037 -3.7029877 3.9122925
-6.4305267 -4.238571 3.9789429
-6.7161713 -4.7408295 4.3431396
-6.7256927 -4.9836273 4.79541
-6.232956 -4.9336395 5.281006
-5.5807343 -5.2930756 5.666626
-4.9665985 -6.28331 5.485718
-4.7999725 -7.3854218 4.685913
-5.1903534 -8.437546 4.4193115
-5.5045624 -9.29924 4.6692505
-5.321274 -9.791977 5.283386
-4.8880463 -9.418259 5.321472
-4.4929047 -9.163559 5.314331
-4.302475 -9.577744 5.2667236
-4.4738617 -10.410873 4.6644897
-4.771408 -11.217819 4.209839
-4.7737885 -11.577255 4.435974
-4.4548187 -11.2202 4.66687
-4.0430145 -10.782211 5.0810547
-3.764511 -10.339462 5.1572266
-3.7811737 -10.091904 4.8953857
-4.123947 -10.832199 4.595459
-4.309616 -11.2582855 3.8742065
-4.173935 -11.689133 3.883728
-3.897812 -11.722458 4.466919
-3.3646088 -11.139267 4.800171
-3.0503998 -10.83696 4.9453735
-3.0313568 -10.682236 4.7478027
-3.2265472 -10.498947 4.3693237
-3.5502777 -10.746506 4.1384277
-3.6907196 -11.260666 3.9194336
-3.616928 -11.486801 4.0455933
-3.333664 -11.315414 4.462158
-3.3265228 -10.7322235 4.66687
-3.416977 -10.410873 4.716858
-3.5788422 -10.25853 4.8692017
-3.5121918 -10.32518 4.3598022
-3.3384247 -11.02977 3.7575684
-3.2241669 -11.3415985 3.8408813
-3.1527557 -11.170212 4.043213
-3.1003876 -10.58226 4.416931
-2.9694672 -10.032394 4.493103
-2.8575897 -9.851486 4.4692993
-2.7790375 -9.806259 4.21698
-2.7361908 -9.801498 4.02417
-2.7195282 -9.896713 4.019409
-2.576706 -9.920517 4.0527344
-2.448166 -9.668198 4.005127
-2.4076996 -9.120712 4.1765137
-2.3291473 -8.735092 4.2645874
-2.1268158 -8.861252 4.5073853
-1.884018 -8.72319 3.5576172
-1.5912323 -9.451584 3.3338623
-1.4817352 -9.737228 3.236267
-1.3722382 -9.958603 3.6195068
-1.3484344 -9.977646 4.1812744
-1.236557 -9.849106 3.857544
-1.1127777 -9.849106 3.800415
-1.1008759 -9.951462 3.671875
-1.0651703 -10.26091 3.4171753
-0.87950134 -11.336838 3.5480957
-1.8030853 -18.185165 10.329773
-2.7219086 -12.812668 0.20843506
-0.39390564 -8.023361 -2.0457764
-1.3698578 -11.16069 6.9710693
-2.1244354 -8.301865 5.8546753
-1.9673309 -6.983139 3.338623
-1.8744965 -9.046921 5.4976196
-1.7292938 -9.527756 3.9432373
-1.5602875 -9.651535 2.710205
-1.3603363 -9.94194 3.1101074
-1.2984467 -9.439682 3.0863037
-1.422226 -8.961227 3.433838
-1.4269867 -9.601547 4.5026245
-1.7935638 -10.777451 5.640442
-1.3508148 -10.008591 3.2624512
-1.5555267 -8.982651 3.3695679
-1.2841644 -9.3016205 4.3407593
-1.5198212 -8.925522 4.0908203
-1.3222504 -9.622971 4.395508
-1.3174896 -9.649155 3.8980103
-1.1960907 -10.00621 4.057495
-1.3174896 -9.8134 4.2455444
-1.338913 -9.373032 4.1122437
-1.3103485 -9.187363 4.2026978
-1.3960419 -9.032639 4.2074585
-1.4150848 -9.144516 4.1289063
-1.4412689 -9.415878 4.0789185
-1.4127045 -9.561081 4.107483
-1.3722382 -9.615829 4.236023
-1.3698578 -9.632492 4.197937
-1.3984222 -9.584885 4.190796
-1.4412689 -9.577744 4.2717285
-1.4008026 -9.668198 4.1360474
-1.3103485 -9.637253 4.031311
-1.2984467 -9.646774 3.9599
-1.2770233 -9.549179 3.9837036
-1.2317963 -9.484909 4.190796
-1.1984711 -9.487289 4.4121704
-1.1389618 -9.55394 4.569275
-1.0794525 -9.508713 4.6311646
-0.92710876 -9.558701 4.7025757
-0.7700043 -9.551559 5.0477295
-0.543869 -9.470627 5.269104
-0.37486267 -9.380173 5.2976685
-0.2582245 -9.399216 5.090576
-0.14634705 -9.446823 4.9644165
-0.103500366 -9.36113 4.9120483
-0.19871521 -9.077866 5.0667725
-0.32487488 -8.447067 4.3859863
-0.42485046 -8.413742 4.5716553
-0.4058075 -8.487534 5.3357544
-0.37486267 -8.366135 5.7332764
-0.30345154 -8.0828705 5.9189453
-0.5224457 -7.349716 5.480957
-0.7581024 -6.9093475 5.423828
-0.92948914 -6.9855194 5.9070435
-1.1151581 -6.7546234 5.6951904
-1.300827 -6.7689056 5.56427
-1.3508148 -7.137863 5.5928345
-1.217514 -7.5901337 5.4262085
-1.1056366 -8.049545 5.614258
-0.9842377 -8.4613495 5.942749
-0.96043396 -8.625595 6.430725
-0.8890228 -8.604172 6.8258667
-0.73191833 -8.78746 6.537842
-0.65812683 -9.125473 6.9282227
-0.5795746 -9.142136 6.3950195
-0.62480164 -8.478012 5.802307
-0.4867401 -9.344467 6.147461
-0.479599 -9.456345 6.454529
-0.4462738 -9.246872 5.768982
-0.40342712 -8.932663 6.095093
-0.48912048 -7.970993 6.649719
-0.691452 -7.071213 7.397156
-1.4460297 -4.916977 8.3897705
-1.4293671 -4.417099 14.016968
-0.88664246 -3.6458588 13.07196
0.01789856 -4.4861298 9.941772
-0.15110779 -5.859604 8.275513
-1.0413666 -5.752487 7.052002
-2.0649261 -4.628952 6.3355103
-2.3957977 -3.8934174 7.430481
-2.1291962 -3.891037 8.744446
-1.4841156 -4.2933197 10.413086
-1.2651215 -4.302841 12.376892
-1.5602875 -5.2787933 11.679443
-1.7054901 -4.662277 10.353577
-1.3817596 -3.1102753 7.1519775
-0.793808 -2.4104462 8.415955
-1.1270599 -2.6699066 9.627563
-1.0151825 -2.6889496 9.646606
-0.6438446 -2.8246307 9.696594
-0.0011444092 -3.1745453 9.234802
0.29878235 -3.3054657 9.268127
0.42494202 -3.2721405 9.622803
0.5749054 -3.3149872 9.639465
0.5439606 -3.1578827 9.301453
0.28450012 -3.2340546 9.120544
0.27497864 -3.4530487 9.308594
0.01789856 -3.603012 9.653748
-0.39390564 -3.7720184 9.920349
-0.12730408 -4.2219086 9.841797
-0.18919373 -4.314743 9.508545
0.4273224 -3.467331 9.341919
0.5820465 -3.667282 9.570435
-0.13444519 -3.569687 9.434753
-0.34391785 -3.486374 9.2300415
-0.6438446 -3.603012 9.637085
-0.59861755 -3.307846 9.325256
-0.48197937 -3.1626434 8.920593
-0.022567749 -2.9626923 8.549255
0.10835266 -3.3744965 10.232178
0.029800415 -3.948166 11.096252
-0.13920593 -4.269516 7.956543
-0.13444519 -3.6244354 8.073181
0.1869049 -3.1269379 9.887024
0.17262268 -3.6529999 9.960815
0.10835266 -4.090988 9.15625
-0.07017517 -4.405197 8.83252
-0.3058319 -4.160019 8.9991455
-0.32963562 -4.090988 9.382385
-0.20109558 -4.155258 8.922974
-0.18919373 -3.8386688 9.513306
-0.18681335 -3.7482147 9.353821
-0.23680115 -3.71727 9.391907
-0.3153534 -3.6934662 9.701355
-0.31297302 -3.7910614 10.022705
-0.42485046 -3.8815155 9.322876
-0.42008972 -3.7577362 9.449036
-0.3391571 -3.833908 9.053894
-0.3653412 -3.7148895 9.698975
-0.22966003 -3.4887543 9.489502
-0.25346375 -3.1174164 9.689453
-0.24156189 -3.0912323 9.472839
-0.29631042 -3.1269379 9.0896
-0.42723083 -3.4006805 9.582336
-0.40818787 -3.4530487 9.327637
-0.5462494 -3.307846 9.846558
-0.41056824 -3.3625946 9.610901
-0.4391327 -3.3292694 9.420471
-0.4058075 -3.4173431 9.425232
-0.38676453 -3.493515 9.420471
-0.35343933 -3.5435028 9.496643
-0.332016 -3.569687 9.47998
-0.3391571 -3.4792328 9.441895
-0.32487488 -3.288803 9.518066
-0.35820007 -3.1364594 9.47522
-0.3724823 -3.2959442 9.387146
-0.34629822 -3.6053925 9.310974
-0.3153534 -3.852951 9.394287
-0.32963562 -3.7029877 9.739441
-0.24156189 -3.6958466 9.558533
-0.25346375 -3.422104 9.384766
-0.3486786 -3.455429 9.577576
-0.39152527 -3.550644 9.491882
-0.42008972 -3.583969 9.301453
-0.39152527 -3.5744476 9.489502
-0.31773376 -3.5077972 9.303833
-0.4224701 -3.3578339 9.149109
-0.3724823 -3.1840668 9.782288
-0.28440857 -3.1888275 9.610901
-0.37010193 -3.153122 9.384766
-0.4224701 -3.2007294 9.296692
-0.42008972 -3.4411469 9.458557
-0.35105896 -3.5744476 9.565674
-0.34629822 -3.5601654 9.482361
-0.31773376 -3.391159 9.41333
-0.36296082 -3.1388397 9.622803
-0.38438416 -3.0102997 9.465698
-0.39152527 -3.2102509 9.4609375
-0.34629822 -3.4316254 9.537109
-0.34629822 -3.4530487 9.360962
-0.32725525 -3.5030365 9.427612
-0.34391785 -3.531601 9.41333
-0.33677673 -3.5673065 9.41095
-0.32487488 -3.569687 9.432373
-0.3153534 -3.5220795 9.437134
-0.32963562 -3.410202 9.3776245
-0.32011414 -3.372116 9.446655
-0.38676453 -3.422104 9.425232
-0.35820007 -3.4125824 9.360962
-0.26298523 -3.7101288 8.425476
-0.41532898 -3.4173431 10.291687
-0.29154968 -3.455429 9.408569
-0.32011414 -3.3673553 9.384766
-0.43199158 -3.2840424 9.591858
-0.4296112 -3.224533 9.487122
-0.45817566 -3.300705 9.568054
-0.35820007 -3.3292694 9.368103
-0.3058319 -3.338791 9.456177
-0.31297302 -3.436386 9.472839
-0.34629822 -3.4387665 9.408569
-0.37724304 -3.4435272 9.4776
-0.38676453 -3.3697357 9.429993
-0.36296082 -3.300705 9.434753
-0.3058319 -3.2959442 9.384766
-0.2986908 -3.4244843 9.453796
-0.3653412 -3.4697113 9.484741
-0.38438416 -3.3173676 9.546631
-0.4462738 -3.3602142 9.353821
-0.42485046 -3.4625702 9.491882
-0.37010193 -3.5101776 9.496643
-0.36058044 -3.3887787 9.446655
-0.3558197 -3.217392 9.515686
-0.37010193 -3.1555023 9.453796
-0.34391785 -3.2578583 9.365723
-0.3796234 -3.429245 9.499023
-0.32725525 -3.4649506 9.458557
Time Stop = 1457235692
