Time Start = 1457235510
1.893631 0.12940979 7.0877075
2.7172394 0.75068665 7.8518066
2.907669 1.1648712 8.025574
2.1102448 1.6290436 7.949402
1.3223419 1.6885529 7.7661133
1.1819 1.7718658 7.7922974
1.6056061 1.3981476 8.342163
2.1292877 1.0982208 8.663513
2.3482819 0.8435211 8.64209
2.4244537 0.64356995 8.594482
2.426834 0.5673981 8.527832
2.3054352 0.65071106 8.465942
2.245926 0.5507355 8.504028
2.2197418 0.6316681 8.285034
2.245926 0.7887726 8.189819
2.2411652 0.88160706 8.208862
2.1649933 0.93873596 7.923218
2.1078644 0.9434967 7.756592
2.0769196 1.0720367 7.5352173
2.1221466 1.2862701 7.16864
2.0388336 1.3957672 6.8948975
1.8722076 1.5552521 6.449768
1.8365021 1.721878 6.0808105
1.9650421 2.0527496 5.666626
2.1150055 2.2265167 5.43573
2.181656 2.240799 5.121521
2.1292877 2.0836945 4.7192383
2.022171 1.8361359 4.2526855
1.9936066 1.6671295 3.6861572
2.0578766 1.4790802 3.2838745
2.0578766 1.0006256 2.876831
2.1745148 0.42933655 2.2127075
2.483963 -0.02293396 1.7271118
2.9219513 -0.28477478 1.5438232
3.4313507 -0.31809998 1.401001
3.8836212 -0.21574402 1.2415161
4.183548 -0.099105835 1.086792
4.447769 0.119888306 1.0629883
4.971451 0.12226868 0.99871826
5.830765 -0.14195251 0.9725342
7.0804596 -0.51091003 0.81066895
8.596756 -1.0464935 0.31079102
10.374893 -1.4940033 -0.25097656
11.772171 -2.793686 -0.25811768
12.8528595 -3.576828 -1.0626831
14.404861 -4.7098846 -2.0457764
16.235367 -6.0357513 -2.7527466
17.425552 -6.8498383 -3.550171
18.315811 -6.9783783 -4.1262207
19.046585 -6.34758 -4.3999634
19.327469 -5.5953827 -4.4713745
19.327469 -5.328781 -5.2854614
19.327469 -6.9164886 -6.0805054
19.327469 -9.063583 -5.5996704
19.327469 -11.1107025 -3.4859009
19.327469 -12.210434 -1.2840576
19.327469 -12.69603 0.98443604
19.327469 -12.205673 2.3174438
18.982315 -11.382065 3.210083
16.566238 -9.672958 3.100586
14.3667755 -8.266159 3.1362915
12.667191 -7.2759247 4.1098633
11.274673 -6.3499603 5.635681
9.796463 -5.1764374 7.2471924
8.596756 -3.6625214 7.816101
8.025467 -3.0817108 8.2421875
8.156387 -3.4768524 8.3897705
8.56105 -4.1957245 7.5637817
9.920242 -5.1335907 6.704468
10.67244 -5.3383026 5.597595
11.103287 -5.181198 5.038208
11.169937 -5.1764374 4.5359497
10.86525 -5.4287567 4.0527344
10.624832 -5.681076 3.6099854
10.61293 -5.454941 3.1958008
10.86525 -4.7860565 3.3624268
11.18898 -3.8862762 3.6575928
11.412735 -3.031723 3.6671143
11.548416 -2.8936615 3.0196533
11.741226 -3.5292206 2.312683
11.82692 -4.2409515 1.5890503
11.646011 -4.68132 0.8463745
11.377029 -5.12883 0.4274292
10.967606 -5.4477997 0.089416504
10.615311 -5.790573 -0.4199829
10.405838 -6.123825 -0.972229
10.455826 -6.5689545 -1.5339966
10.748611 -6.823654 -1.7601318
11.1866 -6.8069916 -1.9553223
11.70314 -6.3761444 -2.0457764
11.979263 -5.892929 -2.1171875
11.83168 -5.4025726 -2.3099976
11.745987 -5.264511 -2.2766724
11.6983795 -5.0883636 -2.1148071
11.803116 -5.1907196 -1.6292114
11.924515 -5.0312347 -1.453064
11.998306 -5.045517 -1.1317139
11.803116 -4.61467 -1.1745605
11.546036 -4.193344 -1.2578735
11.355606 -3.8124847 -1.395935
11.138992 -3.3602142 -1.5768433
10.939041 -3.0293427 -1.4768677
10.7295685 -2.9341278 -0.9484253
10.522476 -2.7698822 -0.49139404
10.265396 -2.6318207 -0.2890625
10.16066 -2.5032806 -0.44854736
10.217789 -2.403305 -0.4866333
10.286819 -2.3033295 -0.81274414
10.284439 -2.2509613 -1.055542
10.074966 -2.2914276 -1.2911987
9.677444 -2.2509613 -1.1912231
9.158524 -2.2985687 -0.9293823
8.646744 -2.2700043 -0.6937256
8.1064 -2.3485565 -0.4794922
7.6303253 -2.5032806 -0.1819458
7.225662 -2.6365814 0.1965332
6.901932 -2.5865936 0.5678711
6.6258087 -2.5532684 0.57025146
6.56868 -2.4842377 0.50598145
6.711502 -2.4175873 0.2298584
7.101883 -2.3533173 -0.041503906
7.6327057 -2.3818817 -0.42712402
8.192093 -2.524704 -0.8151245
8.482498 -2.7460785 -1.074585
8.506302 -3.0674286 -1.1650391
8.268265 -3.2602386 -1.2626343
8.039749 -3.4340057 -1.1436157
8.065933 -3.5601654 -1.1436157
8.151627 -3.6887054 -1.1697998
8.177811 -3.948166 -1.0983887
8.201614 -4.1266937 -0.9460449
8.049271 -4.026718 -0.6675415
7.9135895 -4.000534 -0.23669434
7.646988 -3.8553314 0.15130615
7.525589 -3.9338837 0.3036499
7.589859 -4.174301 0.17034912
7.813614 -4.450424 -0.034362793
8.118301 -4.4385223 -0.3795166
8.5039215 -4.2718964 -0.7579956
8.958572 -4.1124115 -0.8389282
9.401321 -4.0290985 -0.90319824
9.801224 -4.095749 -0.96746826
10.110672 -4.136215 -0.98413086
10.2892 -4.219528 -0.9960327
10.384415 -4.200485 -1.0412598
10.339188 -4.129074 -0.97698975
10.263016 -4.1076508 -0.94366455
10.048782 -4.069565 -0.8175049
9.915482 -4.1504974 -0.760376
9.846451 -4.2647552 -0.741333
9.748856 -4.367111 -0.7437134
9.7417145 -4.462326 -0.7841797
9.872635 -4.531357 -0.55566406
9.934525 -4.35997 -0.44378662
10.046402 -4.0552826 0.044189453
10.155899 -3.6696625 0.6916504
10.108292 -3.4268646 0.67974854
10.151138 -3.403061 0.5202637
10.236832 -3.531601 0.29174805
10.365372 -3.724411 0.018005371
10.48439 -3.9457855 -0.11529541
10.35347 -4.23143 -0.18908691
10.232071 -4.6384735 -0.11529541
9.982132 -4.9479218 -0.02960205
9.865494 -5.25737 0.10131836
9.834549 -5.366867 0.08465576
9.896439 -5.585861 0.032287598
10.089249 -5.566818 0.15130615
10.246353 -5.559677 0.1965332
10.515335 -5.628708 0.22271729
10.817642 -5.6715546 0.32983398
11.077103 -5.8453217 0.42980957
11.258011 -5.885788 0.62976074
11.472244 -5.847702 0.9296875
11.424637 -5.469223 1.253418
11.148514 -5.052658 1.2319946
10.905716 -4.5670624 0.97491455
10.967606 -4.333786 0.87731934
11.415115 -4.462326 0.7987671
12.043533 -4.80986 0.75115967
12.455338 -5.121689 0.69641113
12.66481 -5.6596527 0.53930664
12.950455 -6.176193 0.34887695
13.17659 -6.635605 0.17272949
13.171829 -6.9212494 0.09893799
12.840958 -7.0188446 -0.27954102
12.08638 -7.194992 -0.5437622
11.100906 -7.394943 -0.5199585
10.022598 -7.264023 -0.44854736
9.246597 -6.8641205 -0.2962036
8.8824005 -6.109543 -0.20812988
8.9657135 -5.5311127 0.089416504
9.337051 -4.7170258 0.22747803
9.670303 -4.2671356 0.30841064
9.946426 -4.03862 0.25128174
10.048782 -4.007675 0.03704834
10.179703 -3.9315033 -0.17242432
10.255875 -3.743454 -0.31048584
10.446304 -3.633957 -0.44854736
10.686722 -3.448288 -0.49139404
10.917618 -3.3506927 -0.7175293
11.048538 -3.2840424 -0.805603
11.112808 -3.300705 -0.9389038
11.086624 -3.2483368 -1.074585
11.053299 -3.2078705 -1.222168
10.893814 -3.1436005 -1.3150024
10.760513 -3.191208 -1.3530884
10.617691 -3.1578827 -1.3411865
10.520096 -3.1697845 -1.2816772
10.408218 -3.2078705 -1.2626343
10.358231 -3.134079 -1.1936035
10.35347 -3.0650482 -1.1769409
10.336807 -2.967453 -1.1721802
10.270157 -2.8889008 -1.2721558
10.296341 -2.736557 -1.3411865
10.284439 -2.6032562 -1.5030518
10.241592 -2.49852 -1.395935
10.136856 -2.4366302 -1.1936035
9.996414 -2.3937836 -1.0674438
9.877396 -2.3604584 -1.1269531
9.815506 -2.3937836 -1.3626099
9.836929 -2.4532928 -1.5744629
9.7798 -2.4199677 -1.7529907
9.803604 -2.422348 -1.74823
9.739334 -2.4461517 -1.581604
9.594131 -2.5032806 -1.4078369
9.45607 -2.596115 -1.3031006
9.296585 -2.653244 -1.0983887
9.277542 -2.6603851 -0.9984131
9.239456 -2.5984955 -1.0579224
9.372757 -2.5342255 -1.2340698
9.58461 -2.441391 -1.3221436
9.729813 -2.2961884 -1.4435425
9.682205 -2.1105194 -1.4554443
9.598892 -2.0319672 -1.2840576
9.268021 -1.9224701 -1.184082
8.860977 -1.9129486 -1.1674194
8.463455 -1.7844086 -0.96984863
8.339676 -1.7534637 -0.9127197
8.520584 -1.7272797 -0.89367676
8.770523 -1.6511078 -0.97698975
9.0490265 -1.6035004 -1.1674194
9.384659 -1.5487518 -1.2531128
9.720291 -1.5154266 -1.0698242
9.894058 -1.7344208 -0.7817993
9.913101 -2.0724335 -0.062927246
9.529861 -2.6246796 0.7416382
8.727676 -3.2269135 1.5414429
7.877884 -3.7125092 1.90802
7.139969 -3.8577118 1.8223267
6.718643 -3.743454 1.5652466
6.466324 -3.519699 1.3319702
6.4258575 -3.345932 1.0915527
6.4306183 -3.2269135 0.920166
6.5996246 -3.1578827 0.91778564
6.992386 -3.0793304 0.8297119
7.4708405 -2.974594 0.8225708
8.180191 -2.8317719 0.82733154
8.939529 -2.6699066 0.8249512
9.501297 -2.5604095 0.7463989
10.0345 -2.4889984 0.47979736
10.54866 -2.5389862 0.17272949
11.072342 -2.6651459 -0.06530762
11.641251 -2.8817596 -0.3890381
12.084 -3.0483856 -0.5770874
12.27681 -3.2126312 -0.7341919
12.198257 -3.3673553 -0.67230225
11.96022 -3.2078705 -0.52471924
11.748367 -3.236435 -0.25097656
11.477005 -3.422104 0.08703613
11.129471 -3.6768036 0.14416504
10.73671 -3.9338837 0.11798096
10.360611 -4.1766815 0.032287598
10.108292 -4.302841 0.053710938
9.941666 -4.3813934 0.1560669
9.77504 -4.514694 0.19891357
9.636978 -4.693222 0.2536621
9.636978 -4.9598236 0.4107666
9.720291 -5.0859833 0.6226196
9.772659 -5.226425 0.5512085
9.84407 -5.1716766 0.5321655
9.810745 -5.0169525 0.5178833
9.763138 -4.7527313 0.62976074
9.679825 -4.6075287 0.84399414
9.64888 -4.519455 0.9868164
9.606033 -4.4766083 1.234375
9.670303 -4.436142 1.5176392
9.770279 -4.417099 1.5604858
9.83931 -4.348068 1.5509644
9.891678 -4.23143 1.4176636
10.015457 -4.0624237 1.2581787
10.115433 -3.9981537 1.0272827
10.320145 -3.9076996 0.9558716
10.541519 -3.9386444 0.86065674
10.86763 -4.005295 0.90112305
11.086624 -4.2266693 0.8059082
11.372269 -4.307602 0.7630615
11.422256 -4.526596 0.7011719
11.296097 -4.659897 0.5178833
11.115189 -4.6575165 0.37268066
11.19136 -4.6646576 0.23461914
11.622208 -4.7979584 0.2965088
12.41011 -4.8836517 0.19415283
13.309891 -4.976486 0.12512207
14.20491 -5.166916 0.13464355
14.77858 -5.250229 0.26080322
14.84761 -5.32164 0.67736816
13.938309 -5.3359222 0.75354004
12.495804 -5.2526093 0.8320923
11.077103 -5.083603 0.7559204
10.060684 -4.80748 0.6154785
9.45369 -4.5504 0.50598145
9.248978 -4.345688 0.394104
9.415604 -4.198105 0.24890137
9.7798 -4.052902 0.19891357
10.0345 -3.891037 0.2703247
10.210648 -3.6720428 0.21557617
10.339188 -3.5601654 0.25128174
10.61055 -3.3602142 0.19177246
10.912857 -3.2483368 0.025146484
11.222305 -3.1269379 -0.079589844
11.434158 -2.9817352 -0.21289063
11.500809 -2.8436737 -0.17956543
11.477005 -2.7579803 -0.3866577
11.417496 -2.6365814 -0.48187256
11.327042 -2.6056366 -0.6532593
11.307999 -2.5937347 -0.6437378
11.177078 -2.5842133 -0.7746582
11.039017 -2.5199432 -0.8579712
10.767654 -2.5651703 -1.0222168
10.360611 -2.62706 -0.9746094
10.139236 -2.6103973 -0.91748047
10.146378 -2.6556244 -0.84606934
10.246353 -2.710373 -0.96032715
10.377274 -2.7127533 -1.138855
10.455826 -2.7389374 -1.1745605
10.386795 -2.729416 -1.4221191
10.284439 -2.6365814 -1.5458984
10.234451 -2.569931 -1.6173096
10.236832 -2.5175629 -1.6958618
10.35585 -2.4437714 -1.6958618
10.396317 -2.4390106 -1.8386841
10.336807 -2.3247528 -1.94104
10.251114 -2.267624 -2.0791016
10.027359 -2.191452 -2.0862427
9.920242 -2.1414642 -1.9196167
9.696487 -2.2057343 -1.94104
9.439407 -2.248581 -1.7601318
9.189468 -2.2700043 -1.6958618
8.915726 -2.300949 -1.6744385
8.820511 -2.2819061 -1.5125732
8.7348175 -2.267624 -1.5149536
8.756241 -2.255722 -1.4102173
8.68959 -2.1747894 -1.395935
8.613419 -2.1295624 -1.3816528
8.396805 -2.1105194 -1.3292847
8.027847 -2.0414886 -1.2007446
7.5874786 -2.0295868 -0.7770386
7.242325 -1.9772186 -0.57232666
7.1066437 -1.8582001 -0.40093994
7.2780304 -1.7344208 -0.22003174
7.511307 -1.6868134 -0.20098877
7.877884 -1.6225433 -0.22955322
8.349197 -1.6677704 -0.31762695
8.761002 -1.7368011 -0.2319336
9.07045 -1.7915497 -0.062927246
9.077591 -2.0105438 0.23461914
8.794327 -2.339035 0.5916748
8.165909 -2.6818085 1.0391846
7.499405 -2.993637 1.2605591
7.0280914 -3.179306 1.6104736
6.685318 -3.2959442 1.8294678
6.6115265 -3.3816376 1.9746704
6.654373 -3.338791 2.010376
6.928116 -3.326889 1.9104004
7.385147 -3.2911835 1.8056641
7.9254913 -3.224533 1.5723877
8.601517 -3.1174164 1.446228
9.277542 -2.9436493 1.3652954
9.97261 -2.7079926 1.3938599
10.577225 -2.5556488 1.4105225
11.217545 -2.4651947 1.2819824
11.688858 -2.4913788 1.086792
12.050674 -2.5485077 0.8225708
12.476761 -2.6413422 0.45599365
12.698135 -2.7508392 0.1227417
12.79335 -2.9365082 -0.08911133
12.719559 -3.1031342 -0.08911133
12.431534 -3.2840424 0.16558838
11.95546 -3.326889 0.4202881
11.417496 -3.4244843 0.66070557
10.93428 -3.4911346 0.7392578
10.815262 -3.6315765 0.772583
10.950943 -3.7791595 0.62023926
11.44606 -3.9053192 0.5107422
11.914993 -3.9981537 0.37268066
12.181595 -4.1171722 0.4512329
12.091141 -4.1314545 0.6107178
11.63887 -4.155258 0.81781006
11.241348 -4.031479 1.0106201
10.80098 -3.8957977 1.2010498
10.443924 -3.7410736 1.279602
10.103531 -3.622055 1.4533691
9.784561 -3.569687 1.4628906
9.472733 -3.6006317 1.5819092
9.13472 -3.7220306 1.5961914
8.837173 -3.8053436 1.7247314
8.677689 -3.9076996 1.798523
8.537247 -3.9576874 1.7747192
8.565811 -4.0410004 1.7009277
8.646744 -4.071945 1.5723877
8.863358 -4.148117 1.4105225
9.165665 -4.2528534 1.170105
9.551285 -4.3290253 0.99871826
9.920242 -4.431381 0.7487793
10.329666 -4.5408783 0.61309814
10.715286 -4.659897 0.541687
10.946182 -4.757492 0.49169922
11.06044 -4.7360687 0.42504883
11.015213 -4.7527313 0.4678955
10.789078 -4.7217865 0.58929443
10.401077 -4.738449 0.6011963
10.020218 -4.6503754 0.5202637
10.055923 -4.7265472 0.5036011
10.572464 -4.845566 0.5250244
11.203262 -4.950302 0.40838623
11.719803 -5.033615 0.28460693
12.02211 -5.181198 0.03942871
12.436295 -5.290695 0.041809082
12.7052765 -5.354965 0.11798096
12.733841 -5.243088 0.23937988
12.27681 -4.9907684 0.29412842
11.567459 -4.6646576 0.49169922
10.789078 -4.371872 0.47027588
10.279678 -3.9576874 0.42266846
10.139236 -3.6363373 0.394104
10.134476 -3.4768524 0.4036255
10.155899 -3.4078217 0.4036255
10.215408 -3.3506927 0.44171143
10.053543 -3.422104 0.35125732
9.929764 -3.5649261 0.22747803
10.003555 -3.6077728 0.032287598
10.148758 -3.6506195 -0.124816895
10.346329 -3.6101532 -0.36761475
10.536758 -3.5792084 -0.5604248
10.689102 -3.531601 -0.73657227
10.862869 -3.4720917 -0.81036377
11.0247345 -3.326889 -0.77941895
11.136612 -3.1507416 -0.8413086
11.1866 -2.9650726 -1.0007935
11.131851 -2.8627167 -1.0055542
11.010452 -2.8293915 -1.036499
10.900955 -2.7722626 -1.0579224
10.798599 -2.7246552 -1.0031738
10.643875 -2.762741 -1.0269775
10.589127 -2.7770233 -0.9817505
10.510574 -2.781784 -0.88653564
10.393936 -2.7722626 -0.8651123
10.217789 -2.7460785 -0.9579468
9.996414 -2.7913055 -1.0031738
9.817886 -2.7317963 -1.0031738
9.577469 -2.6818085 -0.9460449
9.277542 -2.634201 -0.8079834
8.934769 -2.581833 -0.66278076
8.534866 -2.5794525 -0.52233887
8.123062 -2.5175629 -0.42712402
7.7017365 -2.4818573 -0.4937744
7.313736 -2.4723358 -0.39141846
6.930496 -2.4247284 -0.2962036
6.654373 -2.4818573 -0.30096436
6.4591827 -2.4747162 -0.2819214
6.275894 -2.5151825 -0.27001953
6.3235016 -2.5080414 -0.44140625
6.5996246 -2.3818817 -0.53900146
6.930496 -2.3152313 -0.57470703
7.3423004 -2.2462006 -0.6984863
7.575577 -2.1367035 -0.86035156
7.7850494 -2.0153046 -0.8222656
8.049271 -2.0010223 -0.6365967
8.284927 -1.9700775 -0.5175781
8.446793 -1.9938812 -0.5270996
8.527725 -1.998642 -0.25335693
8.442032 -2.0843353 -0.010559082
8.263504 -2.2081146 0.23699951
8.156387 -2.255722 0.49645996
8.296829 -2.2604828 0.6392822
8.672928 -2.2985687 0.6083374
9.082352 -2.3342743 0.4440918
9.548904 -2.2414398 0.2131958
10.024979 -2.1128998 0.13226318
10.5629425 -1.9772186 0.15368652
11.043777 -1.9891205 0.49169922
11.203262 -2.2128754 1.086792
10.903336 -2.4961395 1.7890015
10.215408 -2.7532196 2.2531738
9.567947 -2.9555511 2.3079224
9.118057 -2.8174896 1.9127808
8.9014435 -2.6746674 1.4890747
8.889542 -2.4342499 1.0844116
9.025223 -2.3271332 0.83447266
Time Stop = 1457235515
