Time Start = 1457236147
-3.3955536 1.4790802 6.661621
-3.026596 1.7290192 7.9208374
-2.2553558 2.574051 9.501404
-1.6674042 3.0525055 10.275024
-1.4269867 2.876358 10.132202
-1.6221771 2.6145172 9.446655
-1.9387665 2.459793 8.932495
-2.2315521 2.6430817 8.799194
-2.3434296 2.9668121 8.975342
-2.2720184 3.3143463 9.061035
-2.1434784 3.3333893 9.018188
-2.0982513 3.1739044 8.775391
-2.0911102 2.9382477 8.311218
-2.198227 2.774002 7.880371
-2.4148407 2.5383453 7.756592
-2.5909882 2.4407501 7.7304077
-2.6385956 2.3455353 7.847046
-2.53862 2.2765045 8.023193
-2.4719696 2.1979523 8.370728
-2.5171967 1.9361115 8.715881
-2.6909637 1.7385406 8.732544
-2.693344 1.3386383 8.70636
-2.6124115 0.94825745 8.720642
-2.314865 0.19367981 9.244324
-2.1077728 -0.28477478 9.289551
-1.8102264 -0.5156708 9.727539
-1.5650482 -0.5727997 10.198853
-1.4198456 -0.6442108 10.641602
-1.1032562 -0.78941345 11.08197
-0.8318939 -0.7299042 11.279541
-0.7200165 -0.7441864 11.165283
-0.7200165 -1.1988373 11.072449
-0.73191833 -1.9224701 11.0581665
-0.7700043 -2.4390106 10.655884
-0.8842621 -2.6960907 10.427368
-0.9747162 -2.8412933 10.234558
-1.1984711 -2.3890228 9.47522
-1.3032074 -2.184311 9.301453
-1.300827 -2.4770966 9.368103
-1.1794281 -2.8817596 9.698975
-1.1008759 -3.262619 9.675171
-1.172287 -3.8196259 9.210999
-1.2865448 -4.0624237 9.111023
-0.96281433 -4.1909637 8.89917
-0.543869 -4.2718964 8.975342
-0.28678894 -4.0671844 8.920593
-0.4962616 -3.9600677 8.808716
-0.8414154 -4.007675 8.718262
-1.0270844 -4.1909637 8.673035
-0.9056854 -4.283798 8.501648
-0.8009491 -4.731308 8.599243
-0.89616394 -5.1788177 8.584961
-1.0032806 -5.519211 8.51355
-0.97709656 -5.188339 8.182678
-0.7533417 -4.750351 8.38739
-0.59861755 -4.3290253 8.839661
-0.5938568 -4.057663 9.113403
-0.64860535 -4.0148163 9.584717
-0.562912 -3.8101044 9.737061
-0.5200653 -3.6053925 9.651367
-0.50816345 -3.4125824 9.637085
-0.4867401 -3.4125824 9.625183
-0.49150085 -3.4697113 9.532349
-0.4867401 -3.5220795 9.501404
-0.4391327 -3.6649017 9.663269
-0.46769714 -3.5482635 9.687073
-0.5105438 -3.2031097 9.677551
-0.4700775 -2.7960663 9.639465
-0.41532898 -2.6365814 9.689453
-0.13444519 -2.422348 10.363098
-0.053512573 -2.8555756 10.353577
-0.25108337 -2.8793793 10.360718
-0.5462494 -3.8505707 10.394043
-1.0604095 -4.493271 9.472839
-1.550766 -4.6837006 9.141968
-1.4626923 -4.076706 8.651611
-0.8104706 -3.8315277 8.9158325
-0.37486267 -3.724411 9.510925
-0.3058319 -3.5815887 9.34668
-0.22966003 -4.4409027 9.820374
-0.55101013 -4.448044 9.127686
-0.5724335 -4.526596 8.9158325
-0.42485046 -4.7717743 8.604004
-0.49388123 -4.6051483 8.337402
-0.36058044 -4.340927 8.3897705
-0.077316284 -4.2219086 8.351685
0.055984497 -4.0743256 8.444519
-0.041610718 -4.024338 9.056274
0.07026672 -2.9626923 10.546387
-0.34153748 -3.7148895 9.832275
-0.710495 -4.7527313 8.987244
-0.92710876 -5.019333 9.008667
-0.82951355 -5.1907196 9.184814
-0.9009247 -5.052658 8.939636
-0.9009247 -4.9788666 9.011047
-0.8437958 -5.231186 9.175293
-0.710495 -5.443039 9.791809
-0.9342499 -5.283554 9.570435
-1.31987 -4.821762 9.632324
-1.6555023 -4.012436 9.851318
-1.6888275 -3.364975 10.103638
-1.595993 -2.9531708 9.901306
-1.3555756 -3.0102997 9.372864
-1.0270844 -3.1459808 8.492126
-0.774765 -3.3292694 7.923218
-0.6771698 -3.5411224 7.763733
-0.62480164 -3.4958954 8.027954
-0.7081146 -3.5220795 9.044373
-0.858078 -3.512558 10.106018
-0.86283875 -3.6482391 10.479736
-0.76524353 -3.9576874 10.836792
-0.9961395 -3.8815155 10.665405
-1.0723114 -3.7672577 10.31311
-1.0009003 -3.5934906 10.170288
-0.89378357 -3.3149872 9.482361
-0.8080902 -3.2483368 8.827759
-0.7366791 -3.4387665 8.237427
-0.793808 -3.8101044 7.868469
-0.7581024 -4.667038 8.392151
-1.1580048 -4.9074554 7.816101
-1.3032074 -5.566818 8.344543
-1.44841 -5.840561 8.525452
-1.5840912 -5.8953094 8.742065
-1.5531464 -5.752487 9.077698
-1.4579315 -5.4716034 9.122925
-1.3412933 -5.340683 9.170532
-1.274643 -5.1764374 8.944397
-1.1437225 -5.0859833 8.711121
-0.96995544 -5.416855 8.604004
-0.92948914 -5.8429413 8.2421875
-0.8247528 -6.407089 8.244568
-0.73905945 -6.6451263 8.349304
-1.2294159 -6.3951874 7.7851563
-1.9554291 -6.109543 8.661133
-2.103012 -5.3240204 8.456421
-1.6174164 -4.697983 8.77063
-1.0318451 -4.80748 9.332397
-0.877121 -4.9907684 8.951538
-0.94377136 -5.147873 8.561157
-1.0937347 -4.9598236 8.06842
-1.0413666 -4.7789154 8.070801
-0.91044617 -4.5408783 8.039856
-0.56529236 -4.3813934 8.213623
-0.103500366 -4.6884613 8.57782
0.19642639 -5.2668915 8.596863
0.35591125 -5.7739105 8.32074
0.46064758 -5.8834076 7.820862
0.67726135 -5.2526093 7.418579
0.6963043 -4.988388 8.163635
0.6725006 -4.1433563 8.903931
0.55348206 -4.590866 10.4487915
0.13691711 -4.6265717 10.872498
-0.19871521 -4.8693695 11.234314
-0.6438446 -4.8741302 10.915344
-1.0556488 -4.6527557 9.810852
-1.2246552 -4.136215 8.482605
-0.9794769 -3.633957 7.42572
-0.6033783 -3.6291962 7.1591187
-0.4462738 -4.1766815 7.0281982
-0.37010193 -5.2859344 7.1900635
-0.5724335 -6.880783 7.0305786
-0.9152069 -7.411606 6.449768
-1.3674774 -7.497299 7.23291
-1.5531464 -7.0117035 8.335022
-1.4769745 -5.7786713 9.848938
-0.96043396 -4.9407806 11.298584
-0.68907166 -3.5530243 11.362854
-0.8009491 -2.3628387 11.022461
-0.72239685 -2.0748138 10.546387
-0.80570984 -2.9960175 9.441895
-1.0128021 -4.9788666 8.639709
-1.2317963 -6.297592 9.134827
-1.2127533 -6.0690765 9.572815
-0.86283875 -5.840561 10.253601
-0.9818573 -5.0098114 10.417847
-0.8914032 -4.3504486 10.039368
-0.6747894 -4.095749 8.930115
-0.52482605 -4.3171234 7.9351196
-0.7081146 -4.5694427 6.6449585
-0.87950134 -4.993149 6.01416
-0.9009247 -5.6763153 6.46167
-1.2198944 -5.666794 6.040344
-1.1056366 -5.4406586 6.980591
-0.79618835 -5.2621307 8.144592
-0.70573425 -4.9407806 8.987244
-0.62242126 -4.8003387 9.303833
-0.69859314 -4.5884857 9.553772
-0.73905945 -4.6765594 9.970337
-0.74858093 -4.87175 10.229797
-0.8842621 -5.0169525 9.806091
-0.92948914 -5.109787 9.375244
-0.96281433 -5.226425 8.839661
-1.0318451 -5.1931 8.520691
-0.941391 -4.74559 8.232666
-0.70573425 -4.1124115 8.020813
-0.73191833 -3.7839203 9.60614
-0.6033783 -4.4718475 9.441895
-0.5034027 -5.481125 9.330017
-0.53196716 -6.404709 9.587097
-0.91282654 -5.7739105 9.813232
-1.2151337 -4.0029144 10.148865
-0.71287537 -4.121933 8.968201
-0.6605072 -5.904831 9.203857
-0.8485565 -5.6001434 9.420471
-1.2079926 -4.3504486 10.075073
-1.0984955 -3.5863495 10.30835
-1.0318451 -3.3506927 9.813232
-1.1318207 -3.2126312 9.256226
-1.0818329 -3.326889 8.506409
-0.8652191 -3.7577362 8.446899
-0.5034027 -4.8955536 9.182434
-0.64146423 -4.6384735 8.339783
-1.0199432 -4.8050995 8.439758
-1.365097 -3.8220062 7.7113647
-1.2079926 -3.4768524 7.4995117
-0.72239685 -3.91008 7.80896
-0.30821228 -4.8741302 7.887512
-0.053512573 -5.8834076 8.265991
-0.0011444092 -6.9283905 8.25885
-0.3486786 -7.744858 8.189819
-0.7081146 -7.283066 7.839905
-0.80570984 -7.7115326 8.213623
-0.82237244 -7.425888 8.339783
-0.7009735 -6.9355316 8.682556
-0.5795746 -5.942917 8.844421
-0.44151306 -5.469223 9.210999
-0.36058044 -5.1692963 8.727783
-0.38200378 -4.9669647 8.727783
-0.46531677 -5.2668915 7.982727
-0.77952576 -5.5811005 8.1588745
-1.1318207 -5.923874 7.9922485
-1.3698578 -6.328537 8.156494
-1.4412689 -6.8069916 8.38501
-1.3508148 -7.130722 8.665894
-1.1032562 -7.3187714 8.884888
-1.0627899 -7.014084 8.880127
-1.1413422 -6.442795 8.811096
-1.281784 -6.052414 8.554016
-1.3579559 -6.002426 8.223145
-1.5269623 -6.1523895 7.475708
-1.6221771 -6.2547455 7.23291
-1.4936371 -6.199997 7.380493
-1.2889252 -6.0809784 7.5566406
-1.2079926 -6.040512 7.706604
-1.2056122 -5.852463 7.404297
-1.1841888 -5.795334 7.380493
-1.1746674 -5.8119965 7.244812
-1.2270355 -5.797714 7.2471924
-1.2103729 -5.7024994 7.3876343
-1.2127533 -5.6525116 7.589966
-1.2460785 -5.604904 7.9398804
-1.1508636 -5.566818 8.227905
-1.1032562 -5.566818 8.489746
-1.069931 -5.5311127 8.604004
-1.1056366 -5.4858856 8.756348
-1.088974 -5.354965 8.818237
-1.0532684 -5.1788177 8.57782
-1.1222992 -5.059799 8.418335
-1.1365814 -5.0359955 8.204102
-1.0723114 -5.0502777 7.9851074
-0.941391 -5.1788177 8.151733
-0.86997986 -5.245468 8.463562
-0.83665466 -5.4644623 8.870605
-0.7676239 -5.673935 8.984863
-0.6938324 -5.5691986 9.175293
-0.6795502 -5.359726 9.253845
-0.75572205 -4.905075 9.3776245
-0.80570984 -4.5242157 9.613281
-0.7533417 -4.386154 9.41571
-0.7676239 -4.269516 9.203857
-0.84617615 -4.1243134 9.22052
-0.8509369 -4.1457367 9.280029
-0.877121 -4.1266937 9.491882
-0.8485565 -4.2457123 9.744202
-0.8509369 -4.4218597 9.682312
-0.8890228 -4.5480194 9.418091
-0.8723602 -4.6527557 9.199097
-0.8818817 -4.7598724 9.068176
-0.91282654 -4.6956024 8.982483
-0.9056854 -4.4980316 9.072937
-0.81999207 -4.5099335 9.051514
-0.81999207 -4.4194794 8.953918
-0.7700043 -4.514694 8.868225
-0.80570984 -4.5051727 8.749207
-0.81285095 -4.7527313 8.720642
-0.8675995 -5.0026703 8.711121
-0.8985443 -5.078842 8.468323
-0.85331726 -4.897934 8.411194
-0.71287537 -4.9455414 8.561157
-0.71287537 -5.012192 8.618286
-0.7509613 -5.1335907 8.587341
-0.97709656 -5.5811005 9.037231
-0.858078 -5.7167816 9.084839
-0.64860535 -5.83342 9.096741
-0.4962616 -5.892929 9.046753
-0.4224701 -5.923874 9.099121
-0.4129486 -5.6572723 8.839661
-0.58195496 -5.5120697 8.749207
-0.6771698 -5.519211 8.51593
-0.8104706 -5.647751 8.437378
-0.85331726 -5.616806 8.318359
-0.94615173 -5.4787445 8.499268
-0.9580536 -5.390671 8.487366
-0.81999207 -5.2597504 8.480225
-0.68193054 -5.359726 8.487366
-0.6700287 -5.3692474 8.373108
-0.7366791 -5.371628 8.394531
-0.84617615 -5.2978363 8.520691
-0.8818817 -5.2668915 8.499268
-0.8604584 -5.302597 8.563538
-0.8652191 -5.4644623 8.487366
-0.83903503 -5.623947 8.394531
-0.82951355 -5.585861 8.487366
-0.7771454 -5.495407 8.373108
-0.7509613 -5.404953 8.225525
-0.7438202 -5.4097137 8.1922
-0.6605072 -5.462082 8.163635
-0.69621277 -5.366867 7.789917
-1.0294647 -6.2499847 8.668274
-0.858078 -6.1071625 8.632568
-0.5462494 -5.8119965 8.782532
-0.4058075 -5.597763 8.734924
-0.41056824 -5.669174 8.77063
-0.5057831 -5.647751 8.687317
-0.63194275 -5.6310883 8.765869
-0.6747894 -5.359726 8.651611
-0.69859314 -5.1502533 8.737305
-0.6866913 -5.059799 8.7872925
-0.72953796 -4.602768 9.15387
-0.6676483 -4.814621 9.125305
-0.65812683 -5.174057 8.858704
-0.6533661 -5.1931 8.744446
-0.6200409 -5.2787933 8.680176
-0.6509857 -5.3240204 8.568298
-0.7009735 -5.2288055 8.558777
-0.691452 -5.083603 8.634949
-0.7438202 -5.007431 8.661133
-0.7842865 -5.116928 8.64209
-0.74858093 -5.245468 8.539734
-0.74620056 -5.3168793 8.520691
-0.78904724 -5.4977875 8.592102
-0.69621277 -5.5620575 8.715881
-0.58909607 -5.597763 8.646851
-0.5938568 -5.6905975 8.792053
-0.5867157 -5.7167816 8.64209
-0.6771698 -5.757248 8.518311
-0.6628876 -5.6382294 8.51355
-0.7271576 -5.488266 8.418335
-0.8104706 -5.5311127 8.701599
-0.8414154 -5.3573456 8.661133
-0.7842865 -5.2145233 8.730164
-0.6605072 -5.25737 8.734924
-0.6795502 -5.340683 8.627808
-0.7200165 -5.404953 8.534973
-0.78666687 -5.507309 8.420715
-0.87950134 -5.6382294 8.465942
-0.88664246 -5.4787445 8.465942
-0.8604584 -5.393051 8.456421
-0.8080902 -5.264511 8.470703
-0.75572205 -5.302597 8.604004
-0.7819061 -5.314499 8.454041
-0.82237244 -5.2621307 8.506409
-0.8080902 -5.243088 8.532593
-0.7533417 -5.314499 8.468323
-0.7081146 -5.4287567 8.520691
-0.6605072 -5.51445 8.51355
-0.6295624 -5.609665 8.544495
-0.7247772 -5.538254 8.508789
-0.8247528 -5.3644867 8.634949
-0.83903503 -5.2549896 8.870605
-0.79618835 -5.207382 8.751587
-0.71525574 -5.276413 8.782532
-0.7700043 -5.3573456 8.777771
-0.79618835 -5.45018 8.692078
-0.80332947 -5.564438 8.587341
-0.7842865 -5.5953827 8.601624
-0.7414398 -5.457321 8.542114
-0.7009735 -5.314499 8.618286
-0.6295624 -5.1645355 8.675415
-0.6747894 -5.181198 8.696838
-0.7033539 -5.3002167 8.606384
-0.73191833 -5.4644623 8.480225
-0.76286316 -5.51445 8.4730835
-0.7771454 -5.3835297 8.51593
-0.7414398 -5.2145233 8.632568
-0.7342987 -4.995529 8.808716
-0.68907166 -5.012192 8.903931
-0.774765 -5.0478973 9.063416
-0.8080902 -5.1716766 8.906311
-0.8152313 -5.1645355 8.844421
-0.8152313 -5.0359955 8.777771
-0.8318939 -5.038376 8.853943
-0.76286316 -5.1050262 8.732544
-0.74858093 -5.1931 8.599243
-0.67240906 -5.2216644 8.423096
-0.5843353 -5.159775 8.420715
-0.63194275 -5.2787933 8.501648
-0.73191833 -5.5572968 8.813477
-0.7271576 -5.5358734 8.763489
-0.6628876 -5.4930267 8.858704
-0.65812683 -5.38591 8.8515625
-0.63908386 -5.226425 8.90155
-0.7366791 -5.0288544 8.825378
-0.71287537 -5.0740814 8.813477
-0.7676239 -5.1074066 8.682556
-0.82951355 -4.943161 8.668274
-0.7271576 -5.135971 8.746826
-0.7176361 -5.2407074 8.70874
-0.6771698 -5.2740326 8.761108
-0.6176605 -5.2335663 8.813477
-0.65574646 -5.162155 8.911072
-0.6176605 -5.033615 8.846802
-0.6938324 -5.0217133 8.753967
-0.7414398 -5.0478973 8.692078
-0.77238464 -5.0859833 8.632568
-0.81285095 -5.159775 8.668274
-0.80332947 -5.185959 8.737305
-0.7581024 -5.309738 8.677795
-0.7581024 -5.0312347 8.573059
-0.6771698 -4.8836517 8.335022
-0.7914276 -5.1193085 9.020569
-0.7009735 -5.0478973 8.830139
-0.6700287 -5.666794 8.951538
-0.6938324 -5.4335175 8.89679
-0.5676727 -4.886032 8.870605
-0.49388123 -4.4194794 9.051514
-0.5533905 -4.5480194 9.015808
-0.6009979 -5.245468 9.118164
-0.6533661 -5.976242 9.003906
-0.66526794 -6.502304 8.884888
-0.63908386 -5.7667694 8.601624
-0.74858093 -5.7167816 9.172913
-0.8342743 -4.924118 9.144348
-0.80332947 -4.61705 9.353821
-0.87950134 -4.2599945 9.322876
-0.91996765 -4.0148163 8.827759
-0.7009735 -4.10289 8.19458
-0.58195496 -4.390915 7.475708
-0.5272064 -4.662277 7.354309
-0.53196716 -5.243088 8.073181
-0.7271576 -5.51445 8.38501
-1.043747 -5.757248 8.751587
-1.3055878 -5.423996 9.058655
-1.4079437 -4.9074554 9.399048
-1.338913 -4.4194794 9.527588
-1.1651459 -4.083847 9.549011
-1.1270599 -4.1005096 9.387146
-1.0770721 -4.5242157 9.215759
-1.0818329 -4.9384003 8.972961
-1.0937347 -5.071701 8.827759
-1.0389862 -4.893173 8.749207
-0.9651947 -4.655136 8.849182
-0.8509369 -4.598007 8.989624
-0.7342987 -5.0312347 9.080078
-0.5938568 -5.6382294 8.846802
-0.6843109 -5.8643646 8.070801
-0.8437958 -5.457321 7.6375732
-1.0294647 -4.731308 7.892273
-1.1222992 -4.0148163 8.565918
-1.1675262 -3.5792084 8.975342
-1.0675507 -3.5482635 9.15625
-0.95329285 -3.6196747 9.170532
-0.79618835 -3.8029633 8.958679
-0.76524353 -3.9386444 8.818237
-0.6795502 -3.8838959 9.084839
-0.64860535 -4.697983 10.015564
-0.8842621 -4.7527313 9.994141
-0.94377136 -4.9860077 9.618042
-0.8509369 -5.1454926 10.617798
-0.94377136 -4.8122406 10.529724
-0.7819061 -4.609909 10.470215
-0.57481384 -4.674179 10.156006
-0.50816345 -4.693222 9.4609375
-0.5034027 -4.609909 8.687317
-0.59861755 -4.2933197 8.087463
-0.69621277 -4.1433563 7.7613525
-0.73905945 -4.090988 7.8113403
-0.8318939 -4.5242157 8.463562
-1.0770721 -4.68132 8.135071
-1.2770233 -4.833664 8.406433
-1.3508148 -4.866989 8.673035
-1.4460297 -4.6241913 8.8349
-1.3127289 -4.55278 9.106262
-1.1056366 -4.5170746 9.09436
-0.8890228 -4.533737 8.982483
-0.85331726 -4.583725 8.856323
-0.922348 -4.6456146 8.77063
-0.9580536 -4.7336884 8.813477
-0.9509125 -4.886032 8.908691
-0.9056854 -4.909836 8.920593
-0.86283875 -4.9407806 9.032471
-0.82951355 -4.9407806 8.946777
-0.86997986 -4.8693695 8.889648
-0.9056854 -4.750351 8.753967
-0.94377136 -4.5813446 8.872986
-0.9009247 -4.4908905 8.83728
-0.8914032 -4.42424 8.756348
-0.82951355 -4.533737 8.89679
-0.8080902 -4.5289764 8.977722
-0.8675995 -4.564682 9.041992
Time Stop = 1457236152
