Time Start = 1457235826
-3.738327 0.25080872 9.234802
-4.0501556 0.17939758 8.994385
-1.4008026 0.34840393 9.47998
0.951004 0.61738586 10.084595
1.8769684 0.95777893 10.103638
0.9224396 0.9268341 9.851318
-0.6628876 0.90065 9.822754
-1.5769501 1.1386871 9.706116
-1.2127533 1.2862701 9.620422
-0.41532898 0.9744415 9.720398
0.18452454 0.62690735 9.948914
0.21546936 0.74354553 9.827515
-0.17015076 0.63642883 9.772766
-0.5700531 0.37220764 9.634705
-0.66526794 0.36982727 9.648987
-0.53196716 0.4007721 9.710876
-0.34391785 0.28175354 9.708496
-0.2582245 0.1532135 9.760864
-0.24394226 0.28651428 9.744202
-0.37486267 0.36982727 9.729919
-0.4224701 0.43647766 9.801331
-0.396286 0.56025696 9.884644
-0.36058044 0.41981506 9.808472
-0.37486267 0.37696838 9.801331
-0.31773376 0.43647766 9.787048
-0.3153534 0.36506653 9.7323
-0.34153748 0.33888245 9.810852
-0.27488708 0.44361877 9.760864
-0.35343933 0.3912506 9.841797
-0.32487488 0.46028137 9.817993
-0.32725525 0.4817047 9.882263
-0.33677673 0.3674469 9.837036
-0.2582245 0.2436676 9.794189
-0.31297302 0.21986389 9.901306
-0.27964783 0.35316467 9.6918335
-0.3558197 0.4817047 9.741821
-0.2820282 0.55311584 9.841797
-0.29631042 0.5388336 9.932251
-0.25108337 0.34840393 9.817993
-0.3224945 0.17939758 9.822754
-0.32725525 0.27937317 9.737061
-0.3224945 0.43171692 9.832275
-0.34391785 0.2936554 9.92749
-0.34629822 0.12940979 9.637085
-0.30821228 -0.17289734 9.768005
-0.21299744 -0.548996 9.679932
-0.2986908 -0.9846039 9.79895
-0.42723083 -1.1893158 9.529968
-0.4058075 -1.158371 9.803711
-0.34391785 -1.0012665 9.877502
-0.22966003 -0.91319275 9.625183
-0.20585632 -0.81321716 9.920349
-0.101119995 -0.5204315 9.772766
-0.103500366 -0.13719177 9.827515
-0.1915741 0.16749573 9.889404
-0.32011414 0.3912506 10.079834
-0.37724304 0.2531891 9.99176
-0.41532898 -0.4633026 9.865601
-0.21299744 -1.4083099 9.8394165
-0.29393005 -1.9224701 9.682312
-0.30345154 -1.9224701 9.596619
-0.7176361 -1.6249237 9.737061
-0.6509857 -1.6915741 9.996521
-0.1749115 -0.61564636 10.553528
-0.98661804 -0.6108856 10.536865
-1.1103973 -1.9676971 12.015076
-0.91996765 -2.588974 12.072205
-0.7438202 -2.876999 11.922241
-0.3653412 -3.3316498 14.116943
0.046463013 -1.9891205 13.595642
0.5344391 -3.7267914 13.162415
0.96528625 -5.9072113 11.5199585
1.1938019 -7.6853485 10.360718
1.0700226 -9.142136 9.644226
0.6653595 -9.530136 9.149109
0.15119934 -8.620834 8.830139
0.12501526 -7.1640472 9.653748
0.62727356 -5.502548 11.098633
1.4675446 -3.679184 11.953186
2.086441 -2.4342499 12.48877
2.5625153 -1.6392059 12.703003
2.6291656 -1.3583221 12.393555
2.4411163 -1.4273529 12.160278
2.2840118 -1.094101 11.710388
2.2602081 -0.972702 11.967468
2.4911041 -0.6108856 12.181702
2.8219757 0.13179016 12.098389
3.0528717 0.8125763 11.877014
2.9981232 1.5766754 11.3533325
2.7815094 2.3383942 10.986755
2.445877 3.088211 10.5321045
2.1007233 3.8332672 10.013184
1.8269806 4.5854645 9.644226
1.7484283 4.787796 9.015808
1.5937042 5.237686 8.549255
1.4984894 5.530472 8.189819
1.2866364 5.661392 7.8637085
1.0271759 5.749466 7.6899414
0.73677063 5.589981 7.4161987
0.46302795 5.332901 7.244812
0.33448792 4.8687286 7.385254
0.2940216 4.5592804 7.501892
0.2202301 4.3926544 7.4971313
0.07978821 4.249832 7.55188
-0.17729187 4.254593 7.2733765
-0.48197937 4.330765 7.0162964
-0.71525574 4.4569244 6.7996826
-0.91282654 4.568802 6.704468
-0.9961395 4.6306915 6.8234863
-1.1175385 4.7259064 6.878235
-1.2984467 4.8115997 6.7092285
-1.44841 4.968704 6.7401733
-1.5793304 5.0234528 6.6973267
-1.7197723 5.1757965 6.5307007
-1.7911835 5.249588 6.4521484
-1.8173676 5.3352814 6.423584
-1.8744965 5.3805084 6.314087
-1.929245 5.378128 6.3307495
-2.095871 5.3043365 6.366455
-2.1696625 5.2091217 6.3831177
-2.1696625 5.037735 6.2593384
-2.0149384 5.0353546 6.218872
-1.826889 5.0163116 6.2807617
-1.6412201 4.9639435 6.2141113
-1.6007538 4.9068146 6.218872
-1.7197723 4.916336 6.1331787
-1.8411713 4.8877716 6.256958
-1.8364105 4.94014 6.20697
-1.7411957 4.9758453 6.223633
-1.6174164 5.0924835 6.295044
-1.5531464 5.113907 6.3164673
-1.5650482 5.0972443 6.3831177
-1.6697845 5.116287 6.371216
-1.7959442 5.090103 6.249817
-1.7673798 5.044876 6.1141357
-1.7935638 5.1305695 6.116516
-1.6721649 5.204361 6.287903
-1.6269379 5.2091217 6.4450073
-1.6507416 5.340042 6.4093018
-1.743576 5.4138336 6.328369
-1.8030853 5.3947906 6.1688843
-1.8792572 5.549515 6.0546265
-1.9006805 5.659012 6.057007
-1.7649994 5.7899323 6.097473
-1.6888275 5.9018097 6.018921
-1.6507416 5.935135 6.102234
-1.7007294 5.9779816 6.223633
-1.762619 6.0946198 6.1641235
-1.8435516 6.0422516 6.037964
-1.8435516 6.0208282 6.0879517
-1.781662 6.0541534 6.135559
-1.7221527 6.075577 6.290283
-1.6674042 6.28981 6.3497925
-1.6674042 6.423111 6.385498
-1.6364594 6.5302277 6.2974243
-1.6578827 6.5611725 6.3236084
-1.634079 6.5683136 6.1879272
-1.6769257 6.5088043 6.2736206
-1.6626434 6.54451 6.3045654
-1.7292938 6.5611725 6.3569336
-1.7411957 6.5111847 6.480713
-1.743576 6.430252 6.506897
-1.743576 6.339798 6.3974
-1.6935883 6.282669 6.3878784
-1.6650238 6.2612457 6.3640747
-1.6293182 6.275528 6.5354614
-1.6269379 6.308853 6.5164185
-1.6745453 6.3636017 6.564026
-1.7554779 6.335037 6.7163696
-1.7340546 6.3302765 6.556885
-1.7364349 6.3159943 6.514038
-1.6888275 6.3945465 6.521179
-1.6364594 6.4254913 6.4664307
-1.6483612 6.518326 6.502136
-1.6721649 6.4969025 6.6568604
-1.7888031 6.4778595 6.725891
-1.7959442 6.430252 6.680664
-1.7483368 6.3826447 6.6140137
-1.6745453 6.3302765 6.5925903
-1.6102753 6.3826447 6.647339
-1.486496 6.4516754 6.6449585
-1.4722137 6.4707184 6.7354126
-1.5293427 6.499283 6.687805
-1.6055145 6.525467 6.692566
-1.6912079 6.5611725 6.6449585
-1.7007294 6.627823 6.604492
-1.653122 6.642105 6.544983
-1.531723 6.6444855 6.71875
-1.4983978 6.6254425 6.7663574
-1.5436249 6.6373444 6.794922
-1.6007538 6.565933 6.756836
-1.6769257 6.615921 6.635437
-1.6364594 6.5992584 6.6592407
-1.5531464 6.6825714 6.6187744
-1.3984222 6.684952 6.597351
-1.3293915 6.6587677 6.544983
-1.3579559 6.7016144 6.480713
-1.486496 6.5944977 6.4521484
-1.679306 6.468338 6.4021606
-1.7935638 6.411209 6.4450073
-1.7316742 6.301712 6.52594
-1.6269379 6.2136383 6.668762
-1.4769745 6.306473 6.7473145
-1.4055634 6.327896 6.7139893
-1.4127045 6.4326324 6.7425537
-1.4436493 6.5754547 6.7235107
-1.3889008 6.615921 6.7615967
-1.4293671 6.6444855 6.6759033
-1.4317474 6.684952 6.7425537
-1.5555267 6.5992584 6.711609
-1.6102753 6.4850006 6.6449585
-1.6555023 6.370743 6.537842
-1.7221527 6.22316 6.480713
-1.7530975 6.135086 6.5283203
-1.7007294 6.018448 6.4664307
-1.6602631 5.992264 6.533081
-1.6197968 5.994644 6.5235596
-1.6459808 6.1327057 6.4640503
-1.6578827 6.116043 6.6568604
-1.800705 6.2517242 6.6449585
-1.8245087 6.268387 6.65448
-1.7792816 6.3564606 6.673523
-1.6721649 6.389786 6.6973267
-1.550766 6.494522 6.6973267
-1.4698334 6.5159454 6.7211304
-1.4246063 6.589737 6.763977
-1.4365082 6.5540314 6.6973267
-1.5793304 6.5040436 6.699707
-1.7316742 6.506424 6.5997314
-1.8411713 6.475479 6.5283203
-1.8578339 6.411209 6.4473877
-1.7673798 6.327896 6.4640503
-1.6816864 6.3231354 6.552124
-1.6459808 6.3564606 6.5426025
-1.6674042 6.3636017 6.5164185
-1.6769257 6.3493195 6.4973755
-1.6697845 6.3874054 6.5616455
-1.5888519 6.3993073 6.552124
-1.4793549 6.4659576 6.5616455
-1.4008026 6.442154 6.71875
-1.3722382 6.5111847 6.733032
-1.3889008 6.5611725 6.7163696
-1.3627167 6.615921 6.6592407
-1.3270111 6.620682 6.7544556
-1.2841644 6.6563873 6.744934
-1.2865448 6.642105 6.7425537
-1.3222504 6.6302032 6.635437
-1.3603363 6.582596 6.6949463
-1.38414 6.570694 6.6259155
-1.3293915 6.5278473 6.661621
-1.3365326 6.506424 6.666382
-1.3246307 6.389786 6.6568604
-1.4507904 6.41835 6.59021
-1.5936127 6.4088287 6.5354614
-1.6888275 6.3564606 6.533081
-1.7126312 6.3755035 6.514038
-1.7769012 6.3564606 6.6592407
-1.7102509 6.346939 6.7020874
-1.7054901 6.28743 6.7401733
-1.6674042 6.3040924 6.6187744
-1.7530975 6.28981 6.5545044
-1.7697601 6.308853 6.5473633
-1.826889 6.373123 6.564026
-1.8602142 6.4088287 6.642578
-1.8935394 6.365982 6.730652
-1.8697357 6.2802887 6.6259155
-1.9221039 6.1826935 6.5497437
-1.9530487 6.1565094 6.5497437
-2.031601 6.0850983 6.4902344
-2.0173187 6.0993805 6.59021
-1.9435272 6.0874786 6.5949707
-1.9125824 6.075577 6.6973267
-1.8506927 6.1065216 6.7354126
-1.9173431 6.15889 6.6259155
-1.9816132 6.230301 6.685425
-2.0149384 6.2850494 6.6711426
-1.9697113 6.282669 6.609253
-1.9578094 6.249344 6.737793
-1.845932 6.2279205 6.699707
-1.845932 6.211258 6.7996826
-1.8197479 6.173172 6.809204
-1.7602386 6.142227 6.833008
-1.7269135 6.230301 6.8115845
-1.6507416 6.2326813 6.852051
-1.634079 6.3159943 6.775879
-1.6650238 6.308853 6.6973267
-1.6269379 6.3255157 6.6711426
-1.6483612 6.301712 6.6782837
-1.5840912 6.294571 6.763977
-1.5769501 6.294571 6.8044434
-1.6055145 6.2921906 6.730652
-1.7007294 6.2469635 6.8187256
-1.743576 6.1707916 6.749695
-1.7411957 6.2422028 6.885376
-1.6221771 6.2207794 6.821106
-1.595993 6.3302765 6.7973022
-1.634079 6.3755035 6.8687134
-1.7721405 6.468338 6.768738
-1.9316254 6.4778595 6.809204
-1.9863739 6.430252 6.7235107
-2.050644 6.3755035 6.737793
-1.9839935 6.2207794 6.6830444
-1.910202 6.1303253 6.6901855
-1.8744965 6.070816 6.6640015
-1.9149628 6.0874786 6.6449585
-1.891159 6.0208282 6.661621
-1.864975 6.0351105 6.725891
-1.7935638 6.056534 6.6973267
-1.6102753 6.139847 6.7973022
-1.5174408 6.263626 6.8044434
-1.4579315 6.3683624 6.935364
-1.4555511 6.4778595 6.956787
-1.4531708 6.5088043 6.9710693
-1.4150848 6.501663 6.9329834
-1.422226 6.525467 6.8568115
-1.4269867 6.539749 6.9020386
-1.4745941 6.518326 6.7973022
-1.4769745 6.4469147 6.8258667
-1.4912567 6.2969513 6.8068237
-1.5483856 6.192215 6.794922
-1.531723 6.075577 6.7782593
-1.5840912 6.0731964 6.7163696
-1.6055145 6.058914 6.661621
-1.5936127 6.1065216 6.775879
-1.5650482 6.2088776 6.880615
-1.4888763 6.22316 6.9091797
-1.4365082 6.306473 6.885376
-1.422226 6.346939 6.8687134
-1.4722137 6.377884 6.8306274
-1.5674286 6.4445343 6.8068237
-1.6126556 6.389786 6.787781
-1.5721893 6.256485 6.7473145
-1.5222015 6.1945953 6.794922
-1.4079437 6.142227 6.8568115
-1.3317719 6.127945 6.9282227
-1.4055634 6.1826935 6.8568115
-1.4555511 6.268387 6.8306274
-1.5198212 6.320755 6.763977
-1.5650482 6.385025 6.668762
-1.5579071 6.404068 6.6949463
-1.5293427 6.4016876 6.744934
-1.5245819 6.3040924 6.7663574
-1.5721893 6.1374664 6.7139893
-1.6055145 6.0803375 6.6949463
-1.679306 5.975601 6.647339
-1.6745453 6.0089264 6.502136
-1.6888275 6.0874786 6.5283203
-1.7340546 6.16127 6.537842
-1.6935883 6.180313 6.5735474
-1.6959686 6.211258 6.6640015
-1.7102509 6.1755524 6.628296
-1.7411957 6.1303253 6.616394
-1.7197723 6.180313 6.6140137
-1.7126312 6.206497 6.7163696
-1.6269379 6.249344 6.840149
-1.550766 6.335037 6.916321
-1.4888763 6.3421783 6.9282227
-1.4769745 6.4326324 6.8615723
-1.4841156 6.4445343 6.8377686
-1.531723 6.5111847 6.8187256
-1.5602875 6.520706 6.9139404
-1.5150604 6.558792 6.897278
-1.4841156 6.4921417 6.8877563
-1.4198456 6.3945465 6.9401245
-1.4436493 6.249344 6.923462
-1.5983734 6.173172 6.9901123
-1.6007538 6.123184 6.8758545
-1.6174164 6.097 6.8496704
-1.4912567 6.101761 6.9329834
-1.5007782 6.180313 6.916321
-1.4936371 6.22316 7.0377197
-1.5245819 6.256485 6.956787
-1.634079 6.270767 6.930603
-1.6245575 6.2969513 6.9520264
-1.5674286 6.3564606 6.9258423
-1.5483856 6.3517 6.942505
-1.5031586 6.3826447 7.025818
-1.4269867 6.3302765 6.987732
-1.4722137 6.2517242 6.968689
-1.5198212 6.185074 6.8877563
-1.5555267 6.1826935 6.8758545
-1.5888519 6.187454 6.8568115
-1.4983978 6.2469635 6.840149
-1.4198456 6.244583 6.8710938
-1.3317719 6.1684113 6.999634
-1.4055634 6.1969757 6.880615
-1.4507904 6.185074 6.828247
-1.5745697 6.206497 6.813965
-1.6221771 6.2350616 6.833008
-1.5222015 6.2588654 6.8948975
-1.4269867 6.16127 6.8115845
-1.3936615 6.116043 6.692566
-1.4341278 6.1565094 6.6973267
-1.5626678 6.2279205 6.5283203
-1.6555023 6.2160187 6.687805
-1.5936127 6.187454 6.6401978
-1.5769501 6.1327057 6.6401978
-1.5269623 6.056534 6.597351
-1.5531464 5.9589386 6.5616455
-1.6293182 5.96846 6.4473877
-1.7316742 5.9327545 6.5164185
-1.762619 5.916092 6.628296
-1.762619 5.8732452 6.737793
-1.7316742 5.892288 6.687805
-1.6197968 6.011307 6.809204
-1.5174408 6.0731964 6.9401245
-1.4103241 6.218399 7.123413
-1.4079437 6.3255157 7.0377197
-1.3912811 6.3945465 7.1376953
-1.3889008 6.430252 7.1376953
-1.4555511 6.4826202 7.154358
-1.4365082 6.4778595 7.16864
-1.4555511 6.4707184 7.149597
-1.4841156 6.4278717 7.1567383
-1.4507904 6.3445587 7.1781616
-1.44841 6.2398224 7.1400757
-1.3936615 6.154129 7.1448364
-1.338913 6.1565094 7.0686646
-1.3603363 6.1755524 7.032959
-1.4198456 6.1826935 6.97583
-1.4365082 6.180313 7.002014
-1.4246063 6.1945953 6.930603
-1.4388885 6.2088776 6.9472656
-1.3698578 6.1898346 6.885376
-1.3555756 6.1517487 6.904419
-1.3270111 6.173172 6.8877563
-1.338913 6.146988 6.9210815
-1.365097 6.173172 6.8877563
-1.4055634 6.2136383 6.9091797
-1.4579315 6.2660065 6.9401245
-1.5031586 6.22316 6.8829956
-1.4079437 6.2160187 6.937744
-1.3579559 6.22554 6.91156
-1.3746185 6.2517242 6.854431
-1.4150848 6.2731476 6.8115845
-1.467453 6.3159943 6.8948975
-1.5364838 6.3159943 6.866333
-1.5626678 6.268387 6.8639526
-1.4960175 6.146988 6.8234863
-1.4198456 6.1303253 6.7996826
-1.4246063 6.0803375 6.790161
-1.4603119 6.101761 6.840149
-1.422226 6.1303253 6.8425293
-1.3936615 6.104141 6.9734497
-1.3579559 6.089859 6.916321
-1.3412933 6.1136627 6.9472656
-1.365097 6.15889 6.918701
-1.4079437 6.2017365 6.8639526
-1.4769745 6.206497 6.9067993
-1.5245819 6.142227 6.994873
-1.4388885 6.0541534 6.930603
-1.3531952 5.975601 6.8568115
-1.3460541 5.9398956 6.859192
-1.3674774 6.044632 6.8449097
-1.4388885 6.1303253 6.84729
-1.4769745 6.139847 6.892517
-1.4793549 6.1707916 6.9139404
-1.4626923 6.101761 6.982971
-1.3246307 6.0493927 6.942505
-1.2508392 6.0541534 6.942505
-1.2889252 6.1565094 6.9210815
-1.4174652 6.294571 6.980591
-1.5079193 6.396927 6.9710693
-1.4841156 6.4207306 6.963928
-1.4198456 6.442154 7.0043945
-1.3555756 6.4207306 6.918701
-1.4008026 6.306473 6.885376
-1.4341278 6.237442 6.9448853
-1.4817352 6.2088776 6.8710938
-1.5436249 6.1707916 6.8187256
-1.4769745 6.1446075 6.8496704
-1.4626923 6.2160187 6.828247
-1.4246063 6.2469635 6.8687134
-1.4079437 6.1779327 6.942505
-1.4912567 6.2017365 6.930603
-1.5364838 6.139847 6.935364
-1.5483856 6.097 6.821106
-1.5174408 6.166031 6.84729
-1.4603119 6.2350616 6.9401245
-1.3936615 6.2612457 7.0281982
-1.4341278 6.2017365 6.9663086
-1.3960419 6.082718 7.0091553
-1.4317474 6.0922394 6.904419
-1.4722137 6.077957 6.880615
-1.4626923 6.1779327 6.885376
-1.4793549 6.2660065 6.956787
-1.4555511 6.2660065 7.0281982
-1.44841 6.2088776 6.9591675
-1.4079437 6.173172 6.937744
-1.4198456 6.230301 6.8829956
-1.4365082 6.22316 6.8496704
-1.4079437 6.3040924 6.8901367
-1.4198456 6.28743 6.916321
-1.4008026 6.282669 6.8948975
-1.4103241 6.1755524 6.809204
-1.4698334 6.166031 6.7806396
-1.5674286 6.142227 6.7592163
-1.5864716 6.1112823 6.7615967
-1.550766 6.15889 6.7163696
-1.5079193 6.2398224 6.737793
Time Stop = 1457235831
