Time Start = 1457235848
0.13453674 -1.8248749 10.351196
2.2102203 -1.4011688 9.944153
2.0531158 -1.0345917 10.205994
0.4178009 -1.2654877 9.768005
-1.2603607 -1.7201385 9.577576
-1.6364594 -2.2223969 9.625183
-0.774765 -2.3080902 9.594238
0.33924866 -1.8939056 10.039368
0.7962799 -1.3392792 9.98938
0.25593567 -0.9155731 9.701355
-0.5200653 -0.927475 9.829895
-0.82237244 -1.1797943 9.729919
-0.5200653 -1.267868 9.92749
0.07978821 -1.2464447 9.908447
0.25593567 -1.2202606 9.889404
0.04170227 -1.3226166 9.894165
-0.25346375 -1.5154266 9.834656
-0.37010193 -1.5963593 9.784668
-0.31059265 -1.5273285 9.848938
-0.14396667 -1.60112 9.739441
-0.027328491 -1.877243 9.782288
-0.04399109 -2.1224213 9.682312
-0.16300964 -2.0581512 9.729919
-0.25346375 -1.812973 9.60376
-0.19633484 -2.2009735 9.501404
0.1631012 -3.4982758 9.47998
0.17024231 -4.826523 9.577576
0.09169006 -5.3192596 9.618042
-0.14634705 -4.719406 10.041748
2.3530426 -3.7291718 9.365723
-1.2865448 -0.7775116 7.751831
-1.5840912 0.11512756 10.586853
0.44874573 0.2436676 9.35144
0.8129425 0.4007721 10.672546
-0.73191833 1.3933868 10.479736
-1.698349 1.169632 10.879639
-1.8030853 0.8459015 11.186707
-1.38414 0.6388092 10.065552
-0.8247528 -0.5799408 10.113159
-0.63908386 -1.4630585 10.30835
-0.3224945 -1.5677948 10.446411
0.03694153 -0.8941498 11.300964
0.22499084 0.034194946 11.441406
0.14881897 0.10322571 11.691345
0.3273468 -1.6939545 12.955322
0.33210754 -2.6175385 12.326904
0.41304016 -3.9862518 12.253113
0.2702179 -5.1145477 11.734192
0.07978821 -5.635849 11.377136
0.094070435 -5.919113 11.27002
0.13453674 -6.052414 11.386658
0.027420044 -5.7239227 11.481873
-0.11064148 -5.2169037 11.729431
-0.1415863 -4.602768 11.838928
-0.19871521 -3.993393 11.665161
-0.22013855 -3.550644 11.731812
-0.09397888 -3.750595 11.819885
0.029800415 -4.2980804 12.188843
0.23451233 -4.826523 12.524475
0.58680725 -5.116928 12.598267
0.8438873 -4.9003143 12.284058
0.9033966 -4.300461 11.78656
0.75105286 -3.5673065 11.588989
0.4915924 -2.9460297 11.610413
0.4416046 -2.365219 11.489014
0.7224884 -1.8939056 11.136719
0.86769104 -1.6296844 10.9105835
0.8891144 -1.3226166 10.784424
0.8296051 -0.844162 10.339294
0.7082062 -0.41093445 9.967957
0.6486969 0.029434204 9.665649
0.57014465 0.44599915 9.327637
0.5344391 0.7959137 9.130066
0.5439606 0.93873596 9.053894
0.49635315 1.1815338 8.57782
0.40351868 1.529068 8.113647
0.26307678 1.7909088 7.8113403
0.19166565 2.081314 7.6851807
0.06550598 2.4502716 7.494751
-0.07255554 2.7644806 7.3447876
-0.23918152 3.0905914 7.3233643
-0.4391327 3.4571686 7.340027
-0.5700531 3.697586 7.320984
-0.627182 3.864212 7.290039
-0.691452 3.9832306 7.2471924
-0.7009735 4.1093903 7.123413
-0.69859314 4.126053 7.085327
-0.774765 4.1498566 7.044861
-0.877121 4.254593 6.9782104
-1.0746918 4.4378815 7.10437
-1.2151337 4.704483 7.147217
-1.3151093 4.9591827 7.0091553
-1.3769989 5.1448517 6.937744
-1.4388885 5.3162384 6.8306274
-1.5936127 5.5042877 6.8115845
-1.6745453 5.6709137 6.809204
-1.6840668 5.6494904 6.9020386
-1.531723 5.4447784 7.0734253
-1.3079681 5.2971954 7.052002
-1.1937103 5.1186676 6.9020386
-1.2913055 5.0996246 6.8068237
-1.4293671 4.9829865 6.7020874
-1.6721649 5.011551 6.5687866
-1.7459564 5.0139313 6.5235596
-1.7864227 5.2138824 6.423584
-1.7959442 5.4209747 6.2664795
-1.7649994 5.4638214 6.314087
-1.7769012 5.58284 6.2736206
-1.9173431 5.666153 6.178406
-1.9173431 5.7351837 6.1879272
-1.8959198 5.787552 6.0879517
-1.8554535 5.8565826 6.052246
-1.845932 5.949417 5.9903564
-1.8316498 6.097 5.795166
-1.9411469 6.2398224 5.6261597
-1.9649506 6.3636017 5.390503
-2.0744476 6.558792 5.37146
-2.0101776 6.5992584 5.30719
-1.9839935 6.6968536 5.235779
-1.8721161 6.627823 5.0810547
-1.7864227 6.518326 5.05011
-1.7911835 6.506424 4.98584
-1.8102264 6.4326324 4.8358765
-1.7840424 6.589737 4.916809
-1.7150116 6.6825714 5.0786743
-1.5602875 6.763504 5.1191406
-1.467453 6.794449 5.1500854
-1.4531708 6.8515778 5.0858154
-1.5269623 6.8825226 4.9834595
-1.6293182 6.903946 4.9644165
-1.7007294 7.0086823 4.8501587
-1.8364105 7.175308 4.73114
-1.8578339 7.3324127 4.788269
-1.9363861 7.4085846 4.8882446
-1.9363861 7.4704742 4.959656
-1.9411469 7.57045 4.9691772
-1.9030609 7.5418854 5.007263
-1.8054657 7.527603 4.8811035
-1.7364349 7.430008 4.776367
-1.6935883 7.44429 4.743042
-1.653122 7.437149 4.7858887
-1.7150116 7.5037994 4.9263306
-1.7673798 7.539505 4.876343
-1.7649994 7.468094 4.902527
-1.6602631 7.391922 4.9715576
-1.5388641 7.2919464 5.0786743
-1.4912567 7.2395782 5.0858154
-1.5840912 7.237198 5.2000732
-1.615036 7.1895905 5.3428955
-1.7078705 7.180069 5.4642944
-1.6864471 7.232437 5.2214966
-1.6078949 7.2348175 5.152466
-1.5245819 7.1062775 5.511902
-1.5436249 6.961075 5.7999268
-1.5555267 6.956314 5.9070435
-1.5745697 6.922989 6.083191
-1.6602631 6.999161 6.306946
-1.7316742 7.0229645 6.3831177
-1.8102264 6.9586945 6.378357
-1.8411713 6.8420563 6.3688354
-1.8387909 6.73732 6.340271
-1.7888031 6.7349396 6.2141113
-1.7054901 6.7849274 6.1569824
-1.6436005 6.9539337 6.1117554
-1.6364594 7.12294 5.9332275
-1.6364594 7.2348175 5.82135
-1.7197723 7.3133698 5.7332764
-1.679306 7.3633575 5.6571045
-1.634079 7.4323883 5.6713867
-1.550766 7.44191 5.659485
-1.5150604 7.4157257 5.6880493
-1.4626923 7.2919464 5.7356567
-1.4841156 7.2276764 5.7070923
-1.4698334 7.2038727 5.6761475
-1.5031586 7.1705475 5.6499634
-1.44841 7.244339 5.616638
-1.4341278 7.2014923 5.6904297
-1.4269867 7.1967316 5.6832886
-1.403183 7.2348175 5.62854
-1.3531952 7.1657867 5.552368
-1.38414 7.244339 5.4452515
-1.3769989 7.2681427 5.447632
-1.3769989 7.2610016 5.430969
-1.403183 7.2348175 5.397644
-1.4531708 7.270523 5.3357544
-1.4650726 7.25148 5.447632
-1.5007782 7.18721 5.5095215
-1.4603119 7.1705475 5.4714355
-1.4460297 7.2014923 5.378601
-1.3317719 7.194351 5.428589
-1.3174896 7.263382 5.5618896
-1.3365326 7.294327 5.5595093
-1.3127289 7.3133698 5.614258
-1.3460541 7.372879 5.488098
-1.3341522 7.339554 5.538086
-1.3412933 7.2657623 5.595215
-1.3603363 7.161026 5.7142334
-1.422226 7.180069 5.768982
-1.5102997 7.1253204 5.768982
-1.5650482 7.0753326 5.7475586
-1.5436249 7.0562897 5.738037
-1.5769501 7.130081 5.69281
-1.5293427 7.2157745 5.783264
-1.6269379 7.322891 5.807068
-1.6126556 7.3562164 5.802307
-1.6031342 7.3443146 5.7713623
-1.5555267 7.296707 5.776123
-1.4841156 7.230057 5.764221
-1.4531708 7.211014 5.7785034
-1.4507904 7.2229156 5.8094482
-1.4198456 7.172928 5.82135
-1.4793549 7.108658 5.828491
-1.4650726 7.0301056 5.7285156
-1.4293671 7.0348663 5.7070923
-1.3579559 7.096756 5.764221
-1.3055878 7.1134186 5.7094727
-1.2532196 7.1824493 5.742798
-1.2317963 7.1515045 5.6571045
-1.2246552 7.134842 5.654724
-1.217514 7.218155 5.7356567
-1.2794037 7.277664 5.871338
-1.2722626 7.2610016 5.82135
-1.3174896 7.149124 5.7666016
-1.3960419 7.1205597 5.6951904
-1.4888763 7.161026 5.678528
-1.4626923 7.1015167 5.7142334
-1.3674774 7.0943756 5.764221
-1.2794037 7.141983 5.699951
-1.172287 7.225296 5.661865
-1.1865692 7.3038483 5.761841
-1.3079681 7.37764 5.7332764
-1.3627167 7.403824 5.788025
-1.422226 7.308609 5.6761475
-1.4388885 7.301468 5.616638
-1.3674774 7.1776886 5.6428223
-1.2722626 7.141983 5.6118774
-1.1699066 7.1515045 5.69281
-1.2270355 7.115799 5.6523438
-1.2936859 7.2014923 5.6428223
-1.3984222 7.211014 5.673767
-1.4436493 7.270523 5.576172
-1.4174652 7.2919464 5.597595
-1.3127289 7.341934 5.680908
-1.274643 7.4157257 5.640442
-1.2770233 7.38002 5.7475586
-1.3293915 7.358597 5.7023315
-1.4531708 7.320511 5.6428223
-1.5293427 7.2038727 5.69281
-1.5079193 7.175308 5.666626
-1.4436493 7.1253204 5.6499634
-1.3531952 7.1134186 5.768982
-1.3674774 7.134842 5.826111
-1.422226 7.1134186 5.7546997
-1.4436493 7.1062775 5.780884
-1.4626923 7.025345 5.69281
-1.4650726 7.070572 5.761841
-1.4127045 7.0491486 5.776123
-1.2960663 7.027725 5.833252
-1.2794037 6.975357 5.828491
-1.2698822 6.9539337 5.878479
-1.281784 6.982498 5.859436
-1.3246307 6.9967804 5.7999268
-1.3079681 7.05867 5.776123
-1.2984467 7.0991364 5.82135
-1.2246552 7.168167 5.8951416
-1.2413177 7.225296 5.783264
-1.3246307 7.225296 5.7737427
-1.3960419 7.2657623 5.685669
-1.4460297 7.2538605 5.6713867
-1.4650726 7.2038727 5.7023315
-1.3722382 7.1562653 5.673767
-1.3293915 7.2038727 5.621399
-1.2508392 7.149124 5.716614
-1.2722626 7.2990875 5.7023315
-1.3579559 7.2871857 5.711853
-1.3484344 7.3324127 5.7475586
-1.3293915 7.3871613 5.6832886
-1.274643 7.384781 5.780884
-1.2913055 7.341934 5.833252
-1.2508392 7.3062286 5.745178
-1.2889252 7.275284 5.704712
-1.217514 7.258621 5.661865
-1.2127533 7.230057 5.6713867
-1.1937103 7.206253 5.621399
-1.3032074 7.1824493 5.621399
-1.3579559 7.084854 5.5595093
-1.3627167 7.0229645 5.666626
-1.3174896 6.987259 5.6071167
-1.2698822 6.9658356 5.62854
-1.2317963 7.077713 5.6261597
-1.2579803 7.103897 5.6452026
-1.2960663 7.256241 5.654724
-1.4269867 7.3371735 5.6237793
-1.4579315 7.3752594 5.661865
-1.4745941 7.308609 5.723755
-1.3722382 7.2348175 5.704712
-1.3079681 7.218155 5.7546997
-1.2770233 7.2229156 5.75708
-1.2913055 7.2229156 5.745178
-1.2889252 7.2419586 5.7070923
-1.3341522 7.237198 5.718994
-1.274643 7.275284 5.7999268
-1.2484589 7.2538605 5.890381
-1.2389374 7.206253 5.911804
-1.2603607 7.1824493 5.9070435
-1.2556 7.1443634 5.7785034
-1.3293915 7.146744 5.7404175
-1.2936859 7.180069 5.7261353
-1.2651215 7.2538605 5.7927856
-1.2151337 7.2229156 5.7475586
-1.2889252 7.232437 5.7904053
-1.281784 7.277664 5.783264
-1.3079681 7.301468 5.704712
-1.3341522 7.275284 5.6499634
-1.2627411 7.2490997 5.711853
-1.2198944 7.2800446 5.6071167
-1.2032318 7.3038483 5.680908
-1.1984711 7.322891 5.6690063
-1.2984467 7.3490753 5.6261597
-1.3079681 7.365738 5.5618896
-1.3484344 7.358597 5.5238037
-1.2627411 7.3752594 5.571411
-1.2103729 7.358597 5.6428223
-1.1794281 7.3109894 5.571411
-1.2317963 7.2871857 5.590454
-1.4079437 7.2395782 5.5595093
-1.5222015 7.213394 5.488098
-1.5555267 7.211014 5.4785767
-1.5388641 7.175308 5.442871
-1.4388885 7.1324615 5.4642944
-1.3270111 7.096756 5.538086
-1.2436981 7.032486 5.576172
-1.2675018 7.027725 5.5214233
-1.365097 7.0824738 5.5737915
-1.4079437 7.0800934 5.485718
-1.4460297 7.108658 5.5285645
-1.3769989 7.2086334 5.6047363
-1.2460785 7.2990875 5.678528
-1.1151581 7.308609 5.673767
-1.0461273 7.301468 5.7523193
-1.1246796 7.334793 5.6713867
-1.2436981 7.358597 5.6047363
-1.3889008 7.4585724 5.557129
-1.3793793 7.4657135 5.6428223
-1.2032318 7.44429 5.6118774
-1.1389618 7.4133453 5.6118774
-1.1437225 7.4395294 5.595215
-1.2460785 7.2919464 5.514282
-1.3674774 7.282425 5.4976196
-1.4579315 7.256241 5.4595337
-1.4793549 7.2657623 5.4904785
-1.38414 7.301468 5.4761963
-1.2984467 7.3133698 5.473816
-1.2865448 7.2467194 5.514282
-1.3317719 7.2610016 5.538086
-1.3936615 7.301468 5.4976196
-1.3889008 7.282425 5.4761963
-1.3365326 7.270523 5.461914
-1.2460785 7.2990875 5.4785767
-1.1461029 7.296707 5.5095215
-1.1651459 7.339554 5.5928345
-1.153244 7.372879 5.569031
-1.1794281 7.372879 5.5095215
-1.1675262 7.410965 5.557129
-1.1960907 7.4395294 5.571411
-1.1937103 7.3966827 5.6237793
-1.2436981 7.4014435 5.5880737
-1.3127289 7.3681183 5.5666504
-1.3222504 7.4514313 5.511902
-1.3127289 7.475235 5.397644
-1.2389374 7.4799957 5.485718
-1.1889496 7.4990387 5.485718
-1.1984711 7.44191 5.4976196
-1.1889496 7.410965 5.4523926
-1.2698822 7.3490753 5.5238037
-1.2865448 7.2848053 5.5095215
-1.2889252 7.2990875 5.5214233
-1.2556 7.308609 5.5404663
-1.2413177 7.3181305 5.450012
-1.2436981 7.360977 5.507141
-1.1984711 7.31575 5.4333496
-1.1222992 7.2681427 5.492859
-1.2056122 7.2538605 5.4404907
-1.2270355 7.2229156 5.473816
-1.274643 7.218155 5.485718
-1.2913055 7.1562653 5.4833374
-1.2270355 7.2014923 5.3762207
-1.2508392 7.175308 5.430969
-1.2317963 7.230057 5.378601
-1.2151337 7.2681427 5.492859
-1.2484589 7.308609 5.442871
-1.3293915 7.308609 5.5
-1.3484344 7.282425 5.473816
-1.3627167 7.2086334 5.4523926
-1.2960663 7.211014 5.473816
-1.1818085 7.2395782 5.4833374
-1.1389618 7.3252716 5.461914
-1.217514 7.3895416 5.56427
-1.2627411 7.372879 5.545227
-1.3317719 7.277664 5.404785
-1.3865204 7.2729034 5.4333496
-1.3412933 7.25148 5.4571533
-1.1841888 7.2919464 5.5999756
-1.1127777 7.3514557 5.5618896
-1.0199432 7.422867 5.616638
-1.0651703 7.4776154 5.616638
-1.1603851 7.489517 5.5809326
-1.2722626 7.5609283 5.5476074
-1.3174896 7.520462 5.514282
-1.274643 7.5157013 5.485718
-1.172287 7.399063 5.538086
-1.1151581 7.3824005 5.4976196
-1.1580048 7.3371735 5.56427
-1.2127533 7.3371735 5.5785522
-1.2603607 7.358597 5.5928345
-1.274643 7.3824005 5.552368
-1.2056122 7.38002 5.5666504
-1.0770721 7.430008 5.6571045
-1.0318451 7.4728546 5.621399
-1.0485077 7.527603 5.666626
-1.1960907 7.5109406 5.673767
-1.3627167 7.418106 5.5166626
-1.5031586 7.384781 5.5047607
-1.5293427 7.232437 5.5095215
-1.4412689 7.1776886 5.5047607
-1.2770233 7.1634064 5.526184
-1.217514 7.146744 5.5214233
-1.2317963 7.199112 5.5238037
-1.2794037 7.206253 5.526184
-1.3508148 7.2395782 5.4595337
-1.4293671 7.3038483 5.4571533
-1.4150848 7.3324127 5.402405
-1.3436737 7.237198 5.423828
-1.2960663 7.237198 5.4214478
-1.2484589 7.199112 5.43573
-1.2246552 7.1634064 5.442871
-1.2389374 7.194351 5.442871
-1.2984467 7.296707 5.3762207
-1.3079681 7.4276276 5.466675
-1.2984467 7.4847565 5.480957
-1.2460785 7.5799713 5.5023804
-1.1889496 7.653763 5.6237793
-1.0580292 7.6656647 5.680908
-1.0794525 7.7275543 5.6904297
-1.1960907 7.6775665 5.62854
-1.365097 7.622818 5.4952393
-1.4626923 7.5371246 5.4904785
-1.4722137 7.4466705 5.530945
-1.4341278 7.3490753 5.571411
-1.3960419 7.218155 5.56427
-1.3341522 7.1634064 5.480957
-1.4055634 7.070572 5.416687
-1.5174408 7.130081 5.378601
-1.5650482 7.130081 5.4714355
-1.550766 7.153885 5.595215
-1.4603119 7.130081 5.557129
-1.3531952 7.2276764 5.569031
-1.2722626 7.2800446 5.5214233
-1.2913055 7.322891 5.447632
-1.3579559 7.3681183 5.469055
-1.4365082 7.3824005 5.4833374
-1.4198456 7.3943024 5.423828
-1.4150848 7.327652 5.454773
-1.3984222 7.213394 5.4333496
-1.2984467 7.1705475 5.4571533
-1.217514 7.0943756 5.4452515
-1.2032318 7.1015167 5.428589
-1.2246552 7.175308 5.3928833
-1.2936859 7.3324127 5.378601
-1.3436737 7.3562164 5.3928833
-1.3603363 7.3704987 5.326233
-1.3032074 7.430008 5.257202
-1.2436981 7.4990387 5.2857666
-1.1056366 7.4466705 5.321472
-1.1175385 7.4609528 5.2929077
-1.1675262 7.50618 5.3547974
-1.2270355 7.5680695 5.345276
-1.3079681 7.660904 5.2976685
-1.3293915 7.629959 5.402405
-1.3103485 7.6466217 5.4642944
-1.1841888 7.558548 5.538086
-1.1413422 7.3871613 5.5214233
-1.0961151 7.3252716 5.4381104
-1.1651459 7.270523 5.5047607
-1.2770233 7.301468 5.4976196
-1.4127045 7.322891 5.5047607
-1.3984222 7.384781 5.4119263
-1.4079437 7.5180817 5.3428955
-1.3151093 7.520462 5.3881226
-1.2698822 7.603775 5.333374
-1.2151337 7.5871124 5.3238525
-1.2389374 7.6275787 5.326233
-1.3079681 7.5823517 5.3119507
-1.4341278 7.5157013 5.2667236
-1.4103241 7.463333 5.3238525
-1.4150848 7.4609528 5.2405396
-1.3032074 7.4157257 5.2714844
-1.1841888 7.4585724 5.3048096
-1.172287 7.520462 5.3048096
-1.2079926 7.5228424 5.333374
Time Stop = 1457235853
