Time Start = 1457235270
0.94862366 -0.5037689 9.951294
1.9364777 -0.6537323 9.687073
2.2054596 -1.0179291 9.28479
1.8888702 -1.3154755 8.992004
1.4008942 -1.4654388 8.992004
1.1081085 -1.415451 8.96106
1.1104889 -1.2892914 8.70874
1.3128204 -1.1750336 8.7872925
1.6151276 -1.1678925 9.127686
1.912674 -0.8346405 9.256226
1.9864655 -0.61802673 9.15625
1.8174591 -0.42521667 9.09198
1.7127228 -0.3419037 9.011047
1.7698517 -0.36808777 9.134827
1.957901 -0.2657318 9.061035
2.0697784 -0.0110321045 8.994385
2.1411896 0.2103424 8.863464
2.0793 0.4174347 8.839661
1.9840851 0.5673981 8.6206665
1.9007721 0.6316681 8.408813
1.8960114 0.71736145 8.137451
1.7484283 0.80781555 7.8256226
1.6056061 0.56025696 7.7922974
1.6413116 -0.12767029 8.377869
2.0364532 -0.42045593 8.742065
2.4958649 -0.4966278 8.830139
2.7505646 -0.3490448 8.746826
2.5815582 0.079422 8.5802
2.2554474 0.7649689 8.351685
1.912674 1.362442 8.170776
1.6889191 1.6290436 7.775635
1.7365265 1.5576324 7.16864
1.893631 1.4124298 6.71875
2.0507355 1.4624176 6.4140625
2.0793 1.5623932 6.192688
1.9626617 1.8194733 5.976074
1.7865143 2.0432281 5.69281
1.6889191 2.2622223 5.4976196
1.6555939 2.2550812 5.1500854
1.8507843 2.1217804 4.8358765
2.0816803 1.9599152 4.4645386
2.4149323 1.6528473 4.2526855
2.688675 1.445755 3.8932495
2.9886017 1.2481842 3.717102
3.2266388 1.0434723 3.5409546
3.6479645 0.79829407 3.4647827
4.2954254 0.74116516 3.3600464
5.0404816 0.49360657 3.2529297
5.954544 0.10084534 3.479065
7.030472 -0.46092224 3.729004
8.163528 -1.241684 4.1431885
9.463211 -2.184311 4.357422
10.924759 -3.4697113 4.3026733
12.502945 -4.6527557 3.4743042
13.807388 -5.9595795 2.3912354
14.766678 -6.673691 1.0701294
15.257034 -6.92601 0.26794434
15.452225 -6.354721 -0.46044922
16.025894 -5.8262787 -0.40808105
16.551956 -5.438278 -0.44140625
16.982803 -5.135971 -0.94366455
17.442215 -5.0478973 -1.7244263
17.896866 -4.9788666 -2.531372
18.158707 -4.8812714 -3.205017
18.137283 -4.962204 -3.9215088
18.196793 -5.0550385 -4.949829
18.31343 -5.0502777 -6.0995483
17.944473 -5.2787933 -6.9874268
17.004227 -5.5691986 -7.732483
15.666458 -5.669174 -8.075256
13.9240265 -5.7144012 -8.279968
12.450577 -6.1642914 -7.8967285
11.393692 -6.676071 -7.349243
10.73909 -7.406845 -6.737488
10.179703 -8.111435 -6.168579
9.884537 -8.620834 -5.7591553
9.58461 -8.111435 -5.5544434
9.572708 -6.6832123 -5.4782715
9.508438 -5.1074066 -5.373535
9.153763 -3.7386932 -5.518738
9.110916 -2.5794525 -5.537781
9.5108185 -1.7177582 -5.2426147
9.863113 -1.2083588 -4.737976
10.008316 -0.95365906 -4.2904663
10.053543 -1.0536346 -3.8358154
9.998795 -1.370224 -3.3930664
10.03212 -1.5796967 -3.09552
10.058304 -1.7248993 -2.9598389
10.017838 -1.53685 -2.8170166
9.996414 -1.1940765 -2.5599365
10.003555 -0.9108124 -2.3028564
10.027359 -0.9822235 -2.0600586
9.977371 -1.2583466 -1.8910522
9.963089 -1.767746 -1.9529419
10.124954 -2.3223724 -2.0219727
10.315384 -2.5937347 -2.2195435
10.536758 -2.7913055 -2.4432983
10.7105255 -3.024582 -2.402832
10.6462555 -3.191208 -2.3076172
10.2892 -3.6101532 -3.1621704
10.341568 -4.8765106 -3.3049927
10.648636 -6.495163 -2.4075928
10.560562 -7.6924896 -0.8722534
9.829788 -7.411606 -0.29382324
9.7226715 -6.0905 0.3607788
9.7798 -4.6432343 0.920166
9.974991 -3.0721893 1.3581543
9.901199 -1.8224945 1.7056885
9.910721 -1.6915741 2.581665
9.891678 -1.9843597 3.248169
9.922623 -2.4723358 3.3981323
10.148758 -2.8151093 3.3171997
10.339188 -3.0031586 3.055359
10.4153595 -3.005539 3.0410767
10.558182 -3.005539 3.0958252
10.648636 -2.9793549 2.8934937
10.860489 -2.9626923 2.7316284
11.077103 -2.7841644 2.7006836
11.334183 -2.6032562 2.8197021
11.546036 -2.531845 2.9958496
11.750748 -2.4509125 3.1386719
11.82692 -2.3818817 3.1124878
11.9292755 -2.3080902 3.0529785
12.100662 -2.1152802 3.088684
12.336319 -2.005783 3.036316
12.72908 -2.1367035 2.8363647
13.3979645 -2.3723602 2.407898
14.2668 -2.672287 1.8865967
15.061844 -2.8032074 1.5557251
15.671219 -2.8222504 1.1724854
15.671219 -2.929367 0.8201904
15.130875 -2.9174652 0.75354004
14.0716095 -2.9388885 0.75115967
12.669571 -2.8722382 0.67022705
11.348465 -2.7960663 0.5845337
10.234451 -2.4128265 0.20843506
9.498917 -2.1676483 -0.22003174
9.139481 -2.043869 -0.084350586
9.175186 -1.9700775 0.06085205
9.377518 -1.9629364 0.27508545
9.613174 -2.0295868 0.78686523
9.8059845 -2.3104706 0.855896
11.158035 -2.043869 2.3150635
9.277542 -3.3292694 -3.5549316
13.043289 -2.4437714 -0.34381104
13.076614 -0.6870575 -0.96032715
13.057571 0.44361877 -0.12719727
11.9483185 1.3576813 0.43695068
11.479385 0.9768219 1.189148
11.691238 -0.4394989 1.0534668
12.2434845 -1.5844574 -0.29144287
13.098038 -2.6437225 -1.1531372
13.531265 -3.1840668 -1.3197632
13.3146515 -2.9341278 -0.84368896
13.067093 -2.0771942 -0.53186035
13.052811 -1.6511078 -0.36999512
12.979019 -1.5011444 -0.48901367
12.719559 -1.60112 -0.61279297
12.491043 -1.7058563 -0.7341919
12.28157 -1.6439667 -0.55566406
11.96022 -1.2940521 -0.33190918
11.472244 -0.9822235 -0.13195801
11.091385 -0.8084564 -0.14147949
10.810501 -0.7370453 -0.07006836
10.477249 -0.6370697 0.12036133
10.017838 -0.5870819 0.09655762
9.601273 -0.529953 0.05609131
9.203751 -0.2919159 -0.11053467
8.963333 -0.19194031 -0.11529541
8.68483 -0.22050476 -0.060546875
8.277786 -0.36094666 0.029907227
7.937393 -0.19194031 -0.043884277
7.6684113 -0.034835815 -0.124816895
7.411331 -0.06816101 -0.13433838
7.4184723 -0.14909363 -0.32000732
7.5946198 -0.25144958 -0.33666992
7.885025 -0.44425964 -0.49853516
8.244461 -0.594223 -0.61517334
8.482498 -0.72276306 -0.7675171
8.730057 -0.9584198 -0.8817749
8.9014435 -1.0631561 -1.0436401
8.968094 -1.1345673 -1.1769409
9.00856 -1.1536102 -1.3269043
8.960953 -1.1369476 -1.3364258
8.777664 -1.0917206 -1.1817017
8.725296 -1.0917206 -1.0960083
8.932388 -1.1321869 -0.9222412
9.501297 -1.1464691 -0.5866089
10.041641 -1.3178558 -0.38189697
10.465347 -1.415451 -0.47235107
10.950943 -1.4416351 -0.66278076
11.2556305 -1.3726044 -0.9888916
11.258011 -1.2440643 -1.1412354
10.919998 -1.1083832 -0.9555664
10.122574 -1.177414 -0.6270752
9.32753 -1.453537 -0.4033203
8.822891 -1.684433 -0.24383545
8.644363 -2.0462494 -0.09625244
8.639603 -2.3818817 -0.031982422
8.837173 -2.7127533 0.070373535
9.139481 -3.1769257 0.10845947
9.5108185 -3.4792328 0.051330566
9.90834 -3.7339325 0.09655762
10.324905 -3.955307 0.14654541
10.708145 -4.1052704 0.16796875
10.860489 -4.193344 0.246521
11.112808 -4.2338104 0.2631836
11.248489 -4.155258 0.246521
11.312759 -3.9267426 0.041809082
11.553177 -3.7577362 -0.21051025
11.619827 -3.5030365 -0.16290283
11.610306 -3.2507172 -0.23431396
11.488907 -3.0031586 -0.24145508
11.243729 -2.812729 -0.11291504
10.962845 -2.5794525 0.020385742
10.636734 -2.460434 0.27270508
10.405838 -2.422348 0.5678711
10.16066 -2.3747406 0.7321167
9.920242 -2.4532928 0.7797241
9.753616 -2.422348 0.8201904
9.610794 -2.5223236 0.67022705
9.58699 -2.6318207 0.6083374
9.684586 -2.56279 0.7321167
9.7417145 -2.4818573 1.0010986
9.746475 -2.377121 1.048706
9.77742 -2.2652435 1.0106201
9.77504 -2.2462006 0.8630371
9.77742 -2.2890472 0.8535156
9.886917 -2.5032806 0.8130493
9.901199 -2.7603607 0.6392822
10.039261 -3.0079193 0.57977295
10.253494 -3.3126068 0.60595703
10.379654 -3.6196747 0.6083374
10.660538 -4.0862274 0.50598145
11.041397 -4.724167 0.57263184
11.179459 -5.3454437 0.2869873
11.336563 -5.783432 0.1965332
11.367508 -6.0809784 0.20843506
11.365128 -6.2880707 0.2798462
11.431778 -6.3332977 0.33459473
11.650772 -6.2809296 0.2869873
11.819778 -6.464218 0.27746582
11.89595 -6.7498627 0.6392822
11.741226 -7.002182 0.84399414
11.453201 -7.2092743 1.0153809
11.269913 -7.142624 1.0391846
11.5507965 -6.9807587 0.97491455
12.479141 -7.085495 1.0510864
13.317032 -7.1521454 0.9058838
13.88356 -7.285446 0.94158936
14.050186 -7.290207 1.0130005
13.669327 -7.059311 1.1415405
12.967117 -6.4856415 1.2438965
12.286331 -5.988144 1.2557983
11.819778 -5.462082 1.1296387
11.676956 -5.00029 1.086792
11.63649 -4.6432343 0.95825195
11.560318 -4.367111 0.9939575
11.457962 -4.2457123 0.9891968
11.248489 -4.007675 0.9772949
11.165176 -3.8124847 0.88446045
11.19136 -3.595871 0.74401855
11.3199005 -3.5054169 0.6821289
11.479385 -3.4197235 0.72021484
11.615067 -3.4173431 0.5321655
11.784073 -3.3221283 0.38934326
11.943558 -3.1388397 0.089416504
12.14827 -2.9365082 -0.041503906
12.3267975 -2.653244 -0.22717285
12.521988 -2.4271088 -0.47235107
12.681473 -2.2819061 -0.60565186
12.7267 -2.2604828 -0.68182373
12.595779 -2.210495 -0.7817993
12.412491 -2.2533417 -0.8079834
12.283951 -2.3675995 -0.9484253
12.145889 -2.4294891 -0.9746094
12.079239 -2.4128265 -1.0198364
11.986404 -2.4437714 -1.1269531
11.910233 -2.3556976 -1.0817261
11.798355 -2.3176117 -1.1650391
11.707901 -2.2771454 -1.2007446
11.643631 -2.172409 -1.4268799
11.500809 -2.0153046 -1.4221191
11.272293 -1.8724823 -1.4459229
11.003311 -1.7582245 -1.5458984
10.691483 -1.6225433 -1.5387573
10.372513 -1.5082855 -1.6173096
10.155899 -1.4273529 -1.5530396
9.858353 -1.3488007 -1.3935547
9.567947 -1.2773895 -1.3935547
9.284683 -1.1750336 -1.3150024
9.101395 -1.094101 -1.2150269
8.951431 -1.1345673 -1.2911987
8.918106 -1.1940765 -1.3459473
8.787186 -1.2964325 -1.4078369
8.746719 -1.3178558 -1.3435669
8.732437 -1.3821259 -1.2983398
8.706253 -1.4749603 -1.0674438
8.7348175 -1.555893 -1.0579224
8.68483 -1.6415863 -0.78656006
8.508682 -1.7248993 -0.6104126
8.2397 -1.7368011 -0.3961792
7.8683624 -1.6701508 -0.32000732
7.577957 -1.3773651 -0.36999512
7.6826935 -1.1083832 -0.39141846
7.9659576 -0.92271423 -0.38427734
8.339676 -0.8274994 -0.42236328
8.682449 -0.82987976 -0.46044922
9.094254 -0.99412537 -0.34381104
9.26326 -1.2964325 -0.15338135
9.053787 -1.4559174 0.24890137
8.489639 -1.6701508 0.7583008
7.9469147 -1.6749115 1.3129272
7.4636993 -1.7177582 1.6437988
7.180435 -1.6915741 1.567627
7.113785 -1.5939789 1.4129028
7.2732697 -1.5082855 1.298645
7.3827667 -1.5273285 1.3224487
7.4970245 -1.5535126 1.3438721
7.582718 -1.5796967 1.4557495
7.9064484 -1.6035004 1.5890503
8.361099 -1.5868378 1.7128296
8.920486 -1.6939545 1.65094
9.632217 -1.8939056 1.5343018
10.336807 -2.3414154 1.253418
10.99379 -2.6960907 0.95111084
11.44368 -3.0531464 0.76068115
11.876907 -3.319748 0.4202881
12.157791 -3.5458832 0.16320801
12.426773 -3.6244354 -0.09387207
12.569595 -3.7386932 -0.27001953
12.655289 -3.6839447 -0.45092773
12.683853 -3.5720673 -0.50567627
12.643387 -3.5173187 -0.48425293
12.548172 -3.4792328 -0.5628052
12.398209 -3.4316254 -0.6175537
12.286331 -3.4006805 -0.6699219
12.207779 -3.3935394 -0.6842041
12.081619 -3.3578339 -0.6080322
12.010208 -3.3792572 -0.5270996
11.843582 -3.3792572 -0.22955322
11.82692 -3.2864227 0.032287598
11.807877 -3.2673798 0.22271729
11.750748 -3.2150116 0.23937988
11.707901 -3.236435 0.32269287
11.536514 -3.410202 0.36791992
11.241348 -3.6268158 0.5202637
10.969986 -3.6744232 0.6107178
10.724808 -3.9005585 0.8320923
10.558182 -4.0743256 0.9606323
10.515335 -4.3123627 0.99157715
10.603409 -4.429001 1.1915283
10.696243 -4.467087 1.2391357
10.774796 -4.3575897 1.1296387
10.946182 -4.2028656 1.1391602
11.181839 -4.0148163 1.1296387
11.450821 -3.9957733 1.1796265
11.724564 -4.133835 1.2200928
12.069717 -4.307602 1.2367554
12.362503 -4.6241913 1.2581787
12.455338 -4.890793 1.2105713
12.548172 -5.0883636 1.189148
12.962357 -5.3121185 1.1820068
13.731216 -5.585861 1.0915527
14.604813 -5.8834076 0.94158936
15.459366 -6.1595306 0.95111084
15.961624 -6.4166107 0.8630371
16.083023 -6.5046844 1.0582275
15.509354 -6.2928314 1.132019
14.414383 -6.150009 1.2367554
13.088516 -5.9786224 1.0010986
11.70076 -5.904831 0.69403076
10.555801 -5.6763153 0.19891357
9.936905 -5.4716034 -0.034362793
9.660782 -5.2526093 -0.1081543
9.548904 -5.0693207 -0.16766357
9.417984 -4.931259 -0.24859619
9.408463 -4.7598724 -0.4199829
9.444168 -4.5861053 -0.64849854
9.553665 -4.371872 -0.79608154
9.867874 -4.0600433 -0.9246216
10.336807 -3.8315277 -1.0245972
10.841446 -3.3983002 -1.0864868
11.343704 -3.160263 -1.1721802
11.691238 -2.941269 -1.2412109
11.867386 -2.7436981 -1.414978
11.910233 -2.4937592 -1.4768677
12.034012 -2.3080902 -1.5911255
12.119705 -2.062912 -1.6815796
12.122086 -1.9486542 -1.831543
12.122086 -1.9200897 -1.8601074
12.079239 -1.9319916 -1.8339233
11.910233 -1.9510345 -1.8981934
11.855484 -1.8939056 -1.9077148
11.83168 -1.8177338 -1.960083
11.82692 -1.7963104 -1.9362793
11.786453 -1.7725067 -1.9957886
11.660294 -1.7796478 -2.0314941
11.493668 -1.7820282 -2.1552734
11.386551 -1.7606049 -2.0671997
11.098526 -1.767746 -2.0410156
10.815262 -1.7558441 -2.2076416
10.560562 -1.7582245 -2.2076416
10.329666 -1.7201385 -2.0386353
10.017838 -1.7772675 -2.0291138
9.682205 -1.7701263 -2.0029297
9.401321 -1.7106171 -1.9815063
9.187088 -1.6701508 -2.081482
9.129959 -1.5439911 -2.1814575
9.108536 -1.5059052 -2.1362305
8.989517 -1.4487762 -2.1290894
8.865738 -1.5082855 -2.050537
8.906204 -1.6344452 -1.8458252
9.370377 -1.7391815 -1.4911499
9.796463 -1.8391571 -1.3721313
10.065445 -1.7820282 -1.2293091
9.855972 -1.66539 -1.1221924
9.358475 -1.3178558 -0.94366455
8.770523 -0.8941498 -0.82702637
8.308731 -0.49900818 -0.73657227
8.082596 -0.10624695 -0.6699219
8.380142 0.1698761 -0.5032959
9.00618 0.2436676 -0.4033203
9.601273 0.15559387 -0.6532593
10.072586 0.03895569 -0.8484497
10.434402 -0.061019897 -0.8984375
10.3320465 -0.32762146 -0.8341675
9.71315 -0.62516785 -0.5461426
8.868118 -0.7846527 -0.27954102
8.249222 -0.84654236 -0.11529541
7.937393 -1.0012665 0.10369873
7.9254913 -1.1893158 0.20129395
7.9707184 -1.5344696 0.34887695
8.04451 -1.9034271 0.5178833
8.077835 -2.1771698 0.5773926
8.158768 -2.5151825 0.6749878
8.23494 -2.679428 0.47979736
8.30397 -2.7079926 0.4512329
8.551529 -2.6651459 0.2798462
8.839554 -2.5794525 0.36553955
9.241837 -2.5128021 0.38934326
9.686966 -2.5532684 0.45361328
10.053543 -2.5984955 0.39172363
10.293961 -2.646103 0.18463135
10.696243 -2.6818085 0.07513428
11.036636 -2.7198944 -0.07006836
11.407974 -2.8793793 -0.22955322
11.63649 -2.7484589 -0.50567627
11.89357 -2.6222992 -0.59375
11.967361 -2.3795013 -0.48187256
12.081619 -2.2200165 -0.39379883
12.286331 -2.0986176 -0.23669434
12.588638 -2.0986176 0.24414063
12.909988 -2.1581268 0.87493896
12.85762 -2.4366302 0.855896
12.781448 -2.596115 0.6559448
12.795731 -2.7008514 0.39648438
12.740982 -2.7008514 0.3607788
12.555313 -2.6746674 0.5440674
12.331558 -2.8222504 0.8320923
12.222061 -3.0198212 1.170105
12.055435 -3.2959442 1.5200195
11.874527 -3.531601 1.8413696
11.641251 -3.603012 1.8651733
11.293716 -3.679184 1.7437744
11.06282 -3.7934418 1.5128784
11.019974 -3.891037 1.4962158
11.048538 -4.019577 1.4676514
11.143753 -4.133835 1.7033081
11.234207 -4.3052216 1.7866211
11.431778 -4.4908905 1.7556763
11.788834 -4.655136 1.5747681
12.1792145 -4.7170258 1.4152832
12.510086 -4.7598724 1.2605591
12.714798 -4.67894 1.1082153
12.750504 -4.5599213 1.0582275
12.476761 -4.3504486 0.89160156
12.0125885 -4.152878 0.68688965
11.772171 -4.1124115 0.5083618
12.195877 -4.2076263 0.4512329
12.92189 -4.333786 0.33459473
13.597916 -4.5289764 0.07513428
14.145401 -4.7289276 -0.23431396
14.628616 -4.9455414 -0.43426514
14.792862 -5.181198 -0.6008911
14.3667755 -5.416855 -0.6365967
13.288467 -5.488266 -0.68896484
12.014969 -5.3882904 -0.81036377
11.093765 -5.1645355 -1.0603027
10.467728 -4.974106 -1.3292847
10.1201935 -4.8122406 -1.4268799
10.067825 -4.590866 -1.517334
10.129715 -4.48851 -1.6339722
10.362991 -4.398056 -1.6863403
10.54866 -4.2480927 -1.8791504
10.693863 -3.9767303 -2.0338745
10.781937 -3.7077484 -2.1100464
10.881912 -3.2507172 -2.2219238
10.841446 -2.8912811 -2.3338013
10.789078 -2.6413422 -2.2885742
Time Stop = 1457235275
