Time Start = 1457234823
1.2985382 -3.319748 10.389282
1.9650421 -2.5723114 9.73468
0.93434143 -2.5389862 9.708496
-0.4391327 -3.14122 9.334778
-1.1937103 -3.6934662 9.291931
-0.9985199 -3.7791595 9.4609375
-0.22013855 -3.5054169 9.280029
0.37257385 -3.319748 9.549011
0.61061096 -3.243576 9.718018
0.22737122 -3.0817108 9.565674
-0.2320404 -2.8865204 9.656128
-0.4557953 -2.7722626 9.510925
-0.3224945 -2.7960663 9.641846
-0.12968445 -2.8936615 9.675171
0.051223755 -2.9198456 9.598999
0.01789856 -2.9841156 9.646606
-0.15110779 -3.050766 9.6085205
-0.24394226 -3.0650482 9.532349
-0.25108337 -3.160263 9.513306
-0.10826111 -3.224533 9.449036
-0.0677948 -3.2769012 9.591858
-0.041610718 -3.1769257 9.553772
-0.053512573 -3.07695 9.513306
-0.11540222 -3.069809 9.675171
-0.09159851 -2.9983978 9.553772
-0.0677948 -2.9246063 9.629944
-0.053512573 -2.8793793 9.641846
-0.08207703 -2.9008026 9.579956
-0.13444519 -2.8889008 9.577576
-0.18681335 -2.941269 9.644226
-0.16300964 -3.031723 9.572815
-0.14396667 -3.1745453 9.591858
-0.16777039 -3.2126312 9.627563
-0.1915741 -3.2031097 9.565674
-0.15348816 -3.1316986 9.496643
-0.16062927 -3.224533 9.5252075
-0.22727966 -3.160263 9.496643
-0.18681335 -3.1483612 9.5442505
-0.1415863 -3.0174408 9.489502
-0.13444519 -3.024582 9.5442505
-0.098739624 -3.0460052 9.710876
-0.13206482 -2.9507904 9.587097
-0.098739624 -3.1031342 9.618042
-0.24632263 -3.1769257 9.73468
-0.19633484 -2.960312 10.060791
-0.11064148 -2.2723846 9.887024
0.1797638 -2.3675995 10.010803
0.44636536 -3.2126312 9.844177
0.59394836 -3.7910614 9.696594
0.48921204 -3.3030853 9.422852
0.17738342 -3.3221283 9.256226
-0.103500366 -4.0338593 9.113403
-0.2725067 -4.462326 9.268127
-0.5676727 -4.0743256 9.568054
-0.8080902 -3.4887543 9.3776245
-0.6295624 -3.4411469 9.253845
-0.5057831 -3.3602142 9.422852
-1.1318207 -3.569687 8.630188
-2.1768036 -2.5723114 9.944153
-1.4793549 -2.6222992 9.565674
-1.1651459 -3.024582 8.504028
-0.70573425 -3.1197968 9.7751465
-0.78904724 -2.8817596 9.441895
-0.9651947 -2.8222504 9.272888
-1.0865936 -3.2792816 9.049133
-0.92948914 -3.948166 9.472839
-0.92948914 -2.5485077 9.794189
-0.70573425 -2.6246796 9.28717
-0.2820282 -3.641098 9.249084
-0.122543335 -4.026718 9.322876
-0.06541443 -4.1457367 9.846558
-0.053512573 -3.4720917 9.365723
-0.08207703 -3.1293182 9.867981
0.06788635 -3.4459076 9.713257
0.30592346 -3.7267914 9.537109
0.27497864 -4.3575897 9.737061
0.58680725 -4.090988 9.372864
0.13929749 -3.9624481 9.306213
-0.18443298 -4.493271 8.730164
-0.5129242 -4.179062 8.953918
-0.81999207 -3.955307 9.429993
-0.98661804 -3.6125336 9.310974
-0.9747162 -3.024582 9.406189
-0.8675995 -2.8103485 9.620422
-0.62242126 -2.4818573 9.789429
-0.29154968 -2.4056854 9.701355
-0.30107117 -2.203354 10.0060425
-0.332016 -2.4818573 9.79657
-0.22013855 -2.9626923 9.665649
-0.24156189 -3.0436249 9.570435
-0.26060486 -3.3054657 9.068176
-0.12730408 -3.8124847 9.751343
0.18214417 -3.864853 9.077698
0.24165344 -3.800583 9.434753
0.36305237 -4.1243134 9.515686
0.42494202 -4.0671844 9.099121
0.47016907 -3.9695892 9.184814
0.42970276 -3.8934174 9.360962
0.4344635 -3.78154 9.434753
0.3368683 -3.9029388 9.563293
0.10597229 -3.8291473 9.096741
-0.21775818 -4.609909 9.232422
-0.42723083 -4.6503754 9.451416
-0.44389343 -3.6291962 9.096741
-0.67240906 -2.9983978 9.632324
-0.6128998 -2.9341278 9.575195
-0.40342712 -2.634201 9.372864
-0.26060486 -2.903183 9.560913
-0.32011414 -3.4268646 9.47522
-0.37010193 -3.91008 9.09436
-0.42723083 -4.2980804 9.5252075
-0.5557709 -4.2528534 9.234802
-0.56529236 -3.6744232 9.270508
-0.47483826 -3.4340057 9.503784
-0.20585632 -3.1840668 9.360962
0.094070435 -2.8412933 9.465698
0.2868805 -2.9793549 9.289551
0.47731018 -3.814865 9.301453
0.55348206 -4.0171967 9.380005
0.6653595 -3.6553802 9.529968
0.6415558 -3.2031097 9.515686
0.68440247 -3.1935883 9.694214
0.7724762 -2.857956 9.758484
0.62965393 -3.2007294 9.4609375
0.5487213 -3.5077972 9.318115
0.6082306 -3.6291962 9.268127
0.5487213 -3.9672089 9.472839
0.5415802 -4.0481415 9.28479
0.67726135 -3.576828 9.641846
0.7486725 -3.3530731 9.363342
0.82484436 -3.4768524 9.127686
0.9224396 -3.3792572 9.296692
0.8486481 -3.4768524 9.456177
0.7129669 -3.5292206 9.708496
0.67012024 -3.429245 8.865845
0.2368927 -3.224533 9.534729
0.013137817 -3.4268646 10.239319
0.1131134 -2.7246552 9.641846
-0.2582245 -2.1152802 9.701355
-0.49388123 -2.9531708 9.9227295
-0.5605316 -3.455429 9.013428
-0.4700775 -4.000534 9.301453
-0.12730408 -4.2957 9.065796
0.07740784 -3.9529266 9.399048
0.36543274 -3.4839935 9.249084
0.591568 -3.1293182 9.356201
0.65345764 -2.8174896 9.241943
0.5987091 -2.5604095 10.001282
0.51301575 -2.9531708 9.737061
0.48207092 -2.865097 9.296692
0.33924866 -3.107895 9.675171
0.36305237 -3.826767 9.675171
0.36305237 -4.171921 9.191956
0.34638977 -4.3552094 8.887268
0.24641418 -4.2028656 9.408569
0.14405823 -3.9719696 9.948914
0.18452454 -3.3030853 9.315735
0.18452454 -2.7889252 9.422852
0.277359 -2.6103973 9.472839
0.3678131 -2.9579315 10.003662
0.38923645 -3.1816864 9.337158
0.3440094 -3.0031586 9.34906
0.29878235 -3.01268 10.041748
0.31544495 -3.069809 9.672791
0.32972717 -2.9127045 9.199097
0.27497864 -3.0817108 9.546631
0.3035431 -3.6434784 9.494263
0.31544495 -4.2338104 9.380005
0.24165344 -4.2457123 9.28479
0.27973938 -3.5815887 9.41095
0.26545715 -2.993637 9.556152
0.3773346 -2.9960175 9.453796
0.48207092 -3.1459808 10.165527
0.48683167 -3.217392 9.760864
0.42494202 -2.941269 9.582336
0.2202301 -3.20549 9.632324
0.18928528 -3.814865 9.170532
0.2035675 -4.1909637 9.318115
0.24165344 -4.4409027 9.401428
0.4582672 -4.2957 9.196716
0.42018127 -4.236191 8.718262
-1.0080414 -3.603012 8.615906
-1.2889252 -3.7291718 10.791565
-1.5388641 -1.4059296 9.744202
-1.3984222 -0.8989105 9.272888
-1.0032806 -1.9486542 9.789429
-0.60575867 -2.8984222 9.206238
-0.14634705 -4.019577 8.96106
-0.4224701 -4.1052704 9.763245
-0.5962372 -3.557785 9.501404
-0.34153748 -3.0174408 9.575195
-0.058273315 -2.672287 9.501404
0.17262268 -2.8865204 9.368103
0.26307678 -3.2221527 9.132446
0.26783752 -3.4578094 9.953674
0.30116272 -3.9672089 9.808472
0.4344635 -3.788681 9.130066
0.4844513 -3.8362885 9.372864
0.62013245 -3.8315277 9.032471
0.72724915 -4.1124115 9.075317
0.56062317 -4.348068 9.613281
0.4749298 -4.2647552 9.394287
0.41542053 -4.1814423 9.372864
0.21784973 -4.1695404 9.41095
-0.02494812 -4.2480927 9.163391
-0.3391571 -2.1152802 9.60376
-1.5174408 -2.2319183 10.665405
-1.4745941 -2.6580048 9.063416
-1.3984222 -2.5651703 9.356201
-1.0485077 -3.7958221 9.22052
-0.3891449 -4.345688 9.180054
-0.13920593 -3.3173676 9.829895
-0.14872742 -2.1057587 9.903687
-0.15586853 -1.786789 9.444275
-0.25584412 -2.1176605 9.787048
-0.32963562 -3.429245 9.937012
-0.16300964 -3.6958466 9.003906
-0.10588074 -4.0743256 9.672791
-0.032089233 -4.0862274 9.253845
0.24165344 -3.6553802 8.927734
0.40827942 -3.5744476 9.041992
0.53681946 -4.171921 9.708496
0.8367462 -2.543747 10.05127
0.5106354 -2.94841 9.484741
0.5487213 -3.4435272 9.41571
0.60346985 -3.3340302 9.532349
0.53681946 -3.3435516 9.47522
0.41542053 -3.7410736 9.170532
0.36543274 -3.8886566 10.082214
0.28211975 -4.088608 9.722778
0.3773346 -4.16716 9.144348
0.58680725 -4.0290985 9.232422
0.6344147 -3.3959198 9.0824585
0.49873352 -3.1031342 9.132446
0.3678131 -3.3030853 9.422852
0.11073303 -3.5006561 9.260986
-0.6105194 -3.088852 9.739441
-1.0842133 -2.8531952 10.577332
-0.7366791 -2.191452 9.334778
-0.72239685 -2.2414398 9.503784
-0.45817566 -3.2602386 9.651367
-0.4391327 -3.531601 9.2229
-0.43437195 -3.6387177 9.453796
-0.4129486 -3.6101532 9.418091
-0.17253113 -3.2792816 9.441895
0.034561157 -3.088852 9.656128
0.26783752 -2.9793549 9.496643
0.30116272 -2.7270355 9.1467285
0.27497864 -2.6389618 10.106018
0.10121155 -3.6244354 9.701355
0.115493774 -3.9076996 8.763489
0.34877014 -4.4718475 9.518066
0.30592346 -4.3885345 9.096741
0.34638977 -3.8362885 9.15625
0.44636536 -3.2340546 9.568054
0.6225128 -2.9722137 9.694214
0.52015686 -3.281662 9.108643
0.91529846 -2.960312 9.741821
0.8891144 -2.4128265 9.808472
0.951004 -2.8746185 9.565674
0.8557892 -3.750595 9.387146
1.2366486 -3.8767548 9.748962
1.1795197 -3.2150116 9.034851
0.8795929 -3.5244598 9.196716
0.81056213 -3.1483612 9.729919
0.32258606 -3.8767548 9.889404
0.2035675 -3.9005585 9.213379
-0.14396667 -3.088852 9.575195
-0.4296112 -3.07695 9.439514
-0.4557953 -3.2102509 9.439514
-0.40104675 -3.069809 9.6918335
-0.32487488 -2.7913055 9.677551
-0.17729187 -2.8603363 9.315735
0.053604126 -3.0936127 9.353821
0.26545715 -2.5913544 9.729919
0.26783752 -1.7177582 10.205994
0.21070862 -1.4701996 10.046509
0.2606964 -2.2866669 9.727539
0.1869049 -3.2078705 9.501404
0.1631012 -3.9124603 9.103882
0.19642639 -4.0433807 9.358582
0.26307678 -3.5054169 9.427612
0.43208313 -3.1031342 9.465698
0.6225128 -3.1578827 9.353821
0.7534332 -3.364975 9.41571
0.86769104 -3.422104 9.372864
0.8367462 -3.4316254 9.4609375
0.7248688 -3.4197235 9.60376
0.6344147 -3.4006805 9.496643
0.46064758 -3.2983246 9.2229
0.3440094 -3.2602386 9.73468
0.25593567 -3.519699 9.684692
0.129776 -3.5054169 9.47998
0.027420044 -3.372116 9.634705
0.0155181885 -3.2673798 9.344299
-0.0035247803 -3.1555023 9.358582
0.032180786 -2.910324 9.568054
0.12263489 -2.9127045 9.763245
0.14167786 -2.8960419 9.715637
0.1869049 -2.9127045 9.520447
0.12263489 -2.7960663 9.422852
0.0393219 -2.8746185 9.325256
-0.060653687 -2.9841156 9.637085
-0.08207703 -3.1626434 9.877502
-0.079696655 -3.0721893 9.710876
-0.11778259 -2.960312 9.644226
-0.11540222 -2.8889008 9.451416
-0.09635925 -2.8912811 9.472839
-0.09397888 -2.8603363 9.620422
-0.08921814 -2.941269 9.679932
-0.041610718 -2.9555511 9.551392
0.029800415 -3.0222015 9.556152
0.05836487 -3.1221771 9.546631
0.115493774 -3.0936127 9.5442505
0.12025452 -3.088852 9.579956
0.2035675 -3.2269135 9.556152
0.16786194 -3.2602386 9.429993
0.22261047 -3.236435 9.315735
0.22499084 -3.172165 9.601379
0.20118713 -3.3744965 10.044128
0.2535553 -3.1864471 9.558533
0.24641418 -2.9127045 9.389526
0.22499084 -2.9269867 9.47998
0.21070862 -3.0864716 9.491882
0.18214417 -3.160263 9.589478
0.14167786 -3.1959686 9.594238
0.1869049 -3.2769012 9.494263
0.2202301 -3.300705 9.482361
0.21070862 -3.2078705 9.389526
0.19880676 -2.9960175 9.41095
0.08930969 -3.3983002 10.282166
0.19166565 -3.2078705 8.922974
0.10835266 -2.9246063 9.684692
0.06550598 -3.217392 9.572815
0.13691711 -3.2197723 9.1657715
0.17262268 -3.20549 9.73468
0.129776 -3.384018 9.622803
0.20594788 -3.3983002 9.501404
0.27259827 -3.3887787 9.465698
0.31544495 -3.3983002 9.239563
0.32972717 -3.8101044 9.339539
0.21070862 -4.000534 9.422852
0.025039673 -4.1623993 9.453796
-0.3486786 -4.1909637 9.22052
-0.5272064 -3.6387177 9.265747
-0.627182 -2.6960907 9.41571
-0.64146423 -2.0676727 9.587097
-0.54862976 -1.7772675 9.803711
-0.20585632 -1.582077 9.894165
-0.008285522 -2.2795258 9.975098
-0.11778259 -2.0676727 10.075073
-0.26060486 -1.8605804 9.653748
-0.09635925 -1.684433 9.718018
-0.036849976 -2.274765 9.98938
0.16548157 -2.9388885 9.808472
0.20118713 -2.9150848 9.682312
0.06788635 -2.5461273 9.458557
0.005996704 -2.358078 9.613281
0.05836487 -2.6699066 9.637085
0.11073303 -3.4054413 9.53949
0.34162903 -4.7717743 9.182434
0.70344543 -4.633713 9.291931
0.63679504 -5.0740814 8.06604
0.46540833 -6.335678 8.392151
0.6010895 -5.9452972 9.618042
0.6820221 -3.8577118 9.996521
0.6320343 -1.8534393 9.853699
0.73677063 -0.87034607 9.867981
0.76057434 -1.1536102 10.56543
0.7534332 -1.9700775 9.306213
0.52253723 -2.5913544 9.584717
0.19880676 -3.7006073 10.084595
0.29878235 -3.9981537 9.03009
0.16548157 -3.179306 9.34906
-0.25108337 -2.838913 9.8394165
-0.30345154 -2.6841888 9.520447
-0.25108337 -2.698471 9.637085
-0.18205261 -3.107895 9.380005
-0.17967224 -3.3602142 9.772766
-0.15586853 -2.9198456 10.148865
-0.055892944 -2.1509857 10.170288
0.025039673 -1.9367523 10.413086
0.33210754 -2.1866913 9.7751465
0.15834045 -2.5389862 9.941772
-0.2891693 -2.8746185 9.332397
-0.54862976 -4.4528046 9.737061
-0.38676453 -5.1788177 8.111267
-0.29393005 -5.135971 8.89917
-0.43437195 -3.7863007 9.963196
-0.33439636 -3.1697845 8.939636
-0.18919373 -3.4387665 8.939636
-0.3391571 -3.3983002 9.337158
-1.5364838 -1.6749115 9.910828
-1.7102509 0.29127502 11.127197
-1.2556 -0.8536835 9.253845
-0.3391571 -3.0031586 9.270508
-0.22013855 -3.871994 9.47522
-0.8080902 -3.8934174 9.244324
-1.1461029 -3.595871 9.106262
-0.9580536 -4.429001 9.163391
-0.5724335 -4.1314545 9.434753
-0.46769714 -3.005539 9.779907
-0.41532898 -2.5580292 9.744202
-0.25346375 -3.0412445 9.703735
-0.23918152 -3.2578583 9.598999
-0.4129486 -3.281662 9.520447
-0.5057831 -3.6244354 9.434753
-0.53196716 -3.6815643 9.534729
-0.55101013 -3.255478 9.615662
-0.46531677 -3.1864471 9.503784
-0.4462738 -3.5363617 9.722778
-0.31773376 -3.7934418 9.196716
-0.6128998 -4.0981293 9.384766
-1.6221771 -2.8484344 8.649231
-2.0554047 -2.9817352 10.0060425
-0.91996765 -3.4720917 8.732544
-0.27964783 -3.5435028 8.949158
-0.051132202 -3.9029388 8.984863
-0.6128998 -4.069565 9.389526
-0.9747162 -4.3123627 9.370483
-0.9961395 -3.6244354 9.080078
-0.72953796 -2.8484344 9.848938
-0.43199158 -2.1343231 9.472839
-0.16062927 -2.800827 9.446655
-0.25346375 -3.3792572 9.506165
-0.5200653 -3.8053436 9.5252075
-0.5724335 -3.7863007 9.472839
-0.5557709 -3.3625946 9.403809
-0.16062927 -3.262619 9.60614
-0.029708862 -3.2840424 10.208374
0.35829163 -3.750595 9.939392
0.7082062 -3.455429 9.651367
0.43684387 -3.7601166 9.201477
0.29878235 -5.121689 9.299072
0.15357971 -4.136215 9.380005
-0.62242126 -3.519699 9.47522
-0.87950134 -2.781784 8.758728
-1.0842133 -2.403305 9.748962
-1.1841888 -2.838913 9.663269
-1.0080414 -3.0150604 9.225281
-0.7771454 -3.0079193 9.41333
-0.6509857 -2.9983978 9.546631
-0.5105438 -3.0674286 9.418091
-0.30821228 -3.4197235 9.294312
-0.3058319 -3.410202 9.641846
-0.34153748 -3.3863983 9.639465
-0.30821228 -3.224533 9.384766
-0.248703 -3.0031586 9.867981
-0.15348816 -2.9079437 9.777527
-0.027328491 -2.8698578 9.817993
0.16786194 -2.8246307 9.551392
0.30592346 -2.9579315 9.294312
0.2606964 -3.4149628 9.4776
0.26545715 -3.8934174 9.472839
0.2535553 -4.16716 9.444275
0.21546936 -4.1052704 9.408569
0.18928528 -3.7767792 9.353821
0.17500305 -3.550644 9.375244
0.21784973 -3.538742 9.503784
0.23451233 -3.679184 9.491882
0.24165344 -3.788681 9.34668
0.25117493 -3.6744232 9.280029
0.35829163 -3.3959198 9.09198
0.43684387 -3.6934662 9.848938
0.6653595 -3.7101288 9.422852
0.71772766 -3.345932 9.549011
0.62727356 -2.967453 9.21814
0.62013245 -2.8055878 9.277649
0.5344391 -2.9722137 9.672791
0.443985 -3.3126068 9.753723
0.41304016 -3.4720917 9.713257
0.24641418 -3.3530731 9.6085205
0.129776 -3.300705 9.337158
0.06312561 -3.698227 9.251465
0.09169006 -4.4004364 9.451416
0.10359192 -4.5218353 9.263367
0.15119934 -4.057663 9.327637
0.20118713 -2.94841 9.208618
-0.12730408 -2.8889008 9.891785
-0.45103455 -3.0222015 9.456177
-0.48912048 -2.9579315 9.3966675
-0.89616394 -3.281662 9.558533
-1.0604095 -3.255478 9.291931
-0.9723358 -2.9507904 9.672791
-0.6343231 -2.7341766 9.54187
-0.15348816 -2.8103485 9.579956
0.24165344 -3.0269623 9.365723
0.32496643 -3.338791 9.529968
0.23927307 -3.2411957 9.777527
0.19642639 -3.4054413 9.21814
0.20594788 -4.0552826 9.296692
0.1797638 -4.23143 9.341919
0.10835266 -3.9600677 9.432373
0.034561157 -4.155258 9.418091
0.34638977 -2.5937347 10.001282
0.18214417 -2.2985687 9.522827
0.47731018 -3.1697845 9.294312
0.6986847 -3.8672333 9.308594
0.70106506 -3.9434052 9.258606
0.80818176 -3.8053436 9.237183
Time Stop = 1457234828
