Time Start = 4587
-1.9340057 -1.0179291 9.277649
-1.6959686 -0.40379333 9.648987
-2.0173187 0.17225647 9.801331
-2.545761 0.45552063 9.817993
-3.0170746 0.38887024 9.706116
-3.1884613 0.008010864 9.658508
-3.0337372 -0.2823944 9.568054
-2.73143 -0.5561371 9.394287
-2.5148163 -0.5727997 9.256226
-2.493393 -0.4490204 9.213379
-2.5100555 -0.17051697 9.360962
-2.512436 -0.015792847 9.482361
-2.500534 -0.09434509 9.232422
-2.5076752 -0.056259155 8.980103
-2.4386444 -0.29667664 8.827759
-2.5219574 -0.60850525 8.944397
-2.5624237 -0.54185486 9.063416
-2.6695404 -0.16575623 9.4776
-2.679062 0.30317688 9.848938
-2.6100311 0.76020813 10.175049
-2.448166 0.95777893 10.282166
-2.2839203 0.5174103 10.270264
-2.224411 -0.33000183 9.753723
-2.3172455 -0.73228455 9.127686
-2.5267181 -0.59898376 8.661133
-2.6052704 -0.2752533 8.849182
-2.307724 -0.23240662 9.408569
-1.8816376 -0.14909363 9.872742
-1.7411957 0.12226868 10.348816
-1.8959198 0.3841095 10.574951
-2.2077484 0.55311584 10.520203
-2.4005585 0.24128723 10.275024
-2.3577118 -0.06340027 9.696594
-2.0363617 -0.8489227 9.277649
-2.0030365 -0.82273865 8.784912
-2.2220306 -0.35856628 8.756348
-2.398178 0.541214 9.013428
-2.5886078 1.3481598 9.280029
-2.6457367 1.7837677 9.560913
-2.4910126 2.1170197 9.703735
-2.3101044 2.509781 9.522827
-1.9792328 2.6978302 8.856323
-1.5579071 2.2622223 8.220764
-0.6843109 1.843277 7.1448364
0.29640198 0.9173126 6.4188232
1.2580719 -0.101486206 6.5687866
1.9793243 -0.35380554 6.5497437
2.2625885 -0.5799408 7.2662354
2.5053864 -0.80607605 7.8494263
3.086197 -1.4701996 8.092224
4.0526276 -2.8912811 7.463806
5.0666656 -5.097885 7.74469
5.1999664 -7.721054 8.463562
4.600113 -9.646774 8.208862
3.0623932 -10.953598 7.8708496
1.6579742 -10.675095 6.8377686
0.67012024 -8.72319 6.1974487
0.56062317 -6.8974457 6.5092773
1.2818756 -6.404709 6.7782593
1.8817291 -7.2687836 6.673523
1.1938019 -7.7567596 6.0165405
0.14167786 -8.944565 6.359314
-0.7604828 -9.765793 5.795166
-1.2936859 -10.239487 5.807068
-1.4555511 -9.799118 5.3309937
-1.4507904 -9.761032 5.466675
-1.6816864 -9.637253 5.2286377
-2.0792084 -9.861008 4.781128
-2.5267181 -10.296616 4.7192383
-2.8218842 -10.351364 5.023926
-2.7718964 -9.658676 5.56427
-2.038742 -8.958847 5.833252
-1.1937103 -8.639877 5.9713135
-1.0723114 -8.623215 5.9022827
-1.422226 -8.789841 5.3952637
-1.7673798 -9.037399 5.140564
-2.0530243 -8.961227 4.293152
-2.3124847 -9.227829 5.6237793
-3.1979828 -9.308762 6.2664795
-3.0884857 -8.0828705 6.771118
-1.8245087 -7.4806366 7.154358
-0.57481384 -7.8710175 6.9591675
-0.8104706 -8.823166 6.787781
-1.3270111 -9.720566 5.8808594
-1.9768524 -9.784836 5.5476074
-2.3362885 -8.927902 5.8094482
-1.7054901 -8.242355 6.354553
-1.0794525 -8.156662 6.2093506
-1.1270599 -8.539902 5.530945
-2.160141 -8.085251 4.864441
-3.1432343 -6.3237762 4.973938
-3.064682 -4.769394 6.1069946
-2.4910126 -4.6384735 7.6328125
-1.7197723 -6.680832 7.6066284
-2.2767792 -8.701767 6.0808105
-3.4336395 -9.699142 5.3762207
-3.5050507 -8.989792 5.4071655
-2.5981293 -7.835312 5.666626
-1.5793304 -7.3639984 5.8689575
-1.0413666 -8.054306 5.88562
-1.1008759 -8.613693 6.1760254
-1.4555511 -8.699387 5.999878
-2.0625458 -8.030502 5.597595
-2.2791595 -7.361618 5.1810303
-1.8173676 -7.206894 4.9334717
-1.3412933 -7.347336 4.5668945
-0.9247284 -7.842453 4.5597534
-1.153244 -8.266159 4.1765137
-1.7007294 -8.687485 4.614502
-1.8483124 -9.29924 4.6573486
-1.4388885 -9.93718 4.652588
-0.76286316 -10.215683 3.864685
-0.6200409 -10.38707 3.2457886
-0.9318695 -10.532272 3.7480469
-0.7176361 -10.348984 4.2145996
-0.3653412 -10.444199 4.326477
-0.20585632 -10.798874 3.947998
-0.3558197 -11.1107025 3.800415
-0.41770935 -10.382309 3.376709
-0.053512573 -9.989548 2.8982544
0.115493774 -10.365646 2.9744263
-0.055892944 -10.010971 2.710205
-0.07493591 -10.030014 3.5361938
0.3368683 -9.996689 2.9458618
-0.06541443 -11.03215 2.9172974
-0.16062927 -11.589157 2.9006348
-0.13444519 -11.54155 2.9553833
0.26307678 -11.848618 2.4031372
0.35591125 -11.705795 2.2103271
0.69392395 -11.263046 2.2079468
0.62013245 -10.406113 2.5340576
0.3202057 -10.384689 2.2436523
-0.09159851 -10.627487 2.4126587
0.06550598 -9.587265 2.4864502
0.803421 -10.848862 2.4412231
0.62965393 -11.148788 3.2910156
0.12263489 -11.900986 1.5271606
-0.11778259 -10.406113 1.8723145
0.16548157 -11.144028 0.34887695
-0.70573425 -10.287094 0.24414063
0.3273468 -10.939316 0.98443604
-0.3891449 -12.934067 1.7699585
-0.5700531 -14.417038 -0.47711182
0.43684387 -12.093796 -0.24859619
0.4273224 -13.048325 2.7506714
1.034317 -13.391098 2.6340332
0.6082306 -12.362778 2.1555786
0.72724915 -12.012863 2.7125854
0.63679504 -11.229721 2.8815918
0.67726135 -11.2202 2.86969
0.52015686 -11.453476 2.857788
0.67726135 -11.0464325 2.7768555
0.6177521 -11.182114 2.536438
0.8891144 -10.915512 2.3983765
1.0652618 -11.589157 2.2626953
0.8795929 -12.679367 2.5269165
1.0628815 -11.877182 1.9603882
1.2866364 -13.181625 3.1124878
1.6413116 -11.903366 2.3103027
1.7389069 -13.312546 2.7340088
1.9150543 -12.089035 2.2650757
1.874588 -12.522263 2.6173706
1.7746124 -11.127365 2.7720947
2.0388336 -10.170456 2.9077759
2.2173615 -11.270187 3.017273
1.9864655 -10.922653 2.3555298
2.4506378 -10.570358 2.2579346
2.7886505 -10.598923 2.6340332
2.6624908 -9.982407 2.574524
2.6386871 -9.213547 2.3150635
2.752945 -9.463486 2.0246582
2.522049 -10.25853 2.1270142
2.560135 -10.658432 1.9008789
2.8481598 -9.880051 2.0984497
3.055252 -9.325424 2.6078491
3.3289948 -9.265915 2.8292236
3.240921 -9.032639 2.4412231
3.4432526 -9.868149 1.9580078
3.1861725 -10.720322 1.3295898
3.1052399 -11.267807 1.0082397
3.1599884 -10.556076 1.5819092
3.517044 -9.196884 2.850647
3.81221 -6.930771 2.8982544
3.5194244 -7.097397 3.5766602
3.7646027 -6.1642914 3.0315552
4.009781 -7.816269 2.7006836
4.047867 -8.544662 1.9746704
4.183548 -8.777939 2.0341797
4.2240143 -8.173325 2.4221802
4.0597687 -7.449692 2.7697144
4.178787 -6.99028 2.2341309
4.5644073 -7.9352875 2.2817383
4.7191315 -8.2947235 1.6199951
4.4358673 -8.289963 1.7651978
4.3715973 -7.9352875 1.9223022
4.440628 -7.6853485 2.5792847
4.497757 -7.778183 2.7506714
4.592972 -7.5901337 2.5340576
4.7714996 -8.030502 2.4031372
5.057144 -7.816269 2.3198242
5.3427887 -8.166183 2.4697876
5.22377 -8.216171 2.491211
5.0666656 -8.009079 2.9077759
5.0833282 -7.3711395 3.0958252
4.952408 -6.616562 3.1434326
4.9452667 -6.6451263 3.0220337
4.8667145 -7.073593 2.979187
5.1952057 -7.2949677 3.1172485
5.518936 -7.0616913 3.1815186
5.4308624 -6.7760468 3.3981323
5.376114 -6.611801 3.467163
5.2785187 -6.759384 3.736145
5.2309113 -6.7022552 3.4171753
5.3594513 -7.1021576 3.414795
5.647476 -7.123581 3.1577148
5.7403107 -7.2164154 3.2886353
5.79982 -6.968857 3.4743042
5.697464 -6.60466 3.793274
5.837906 -6.354721 3.531433
5.5713043 -6.271408 3.5838013
5.4427643 -6.014328 3.5171509
5.452286 -6.0905 3.800415
5.711746 -5.969101 3.8218384
5.7569733 -5.9357758 3.7718506
5.7188873 -6.1190643 4.1931763
5.814102 -6.1214447 4.1241455
5.7593536 -5.988144 4.262207
5.716507 -5.7620087 4.1503296
5.6617584 -5.6572723 4.4335938
5.776016 -5.797714 4.1574707
5.704605 -5.852463 4.126526
5.818863 -6.059555 4.293152
5.9116974 -5.995285 4.2407837
5.902176 -6.180954 4.526428
5.9331207 -6.150009 4.4074097
5.776016 -5.976242 4.119385
5.666519 -6.083359 4.307434
5.9307404 -6.0190887 4.1289063
6.5210724 -6.366623 4.2836304
6.537735 -6.2095184 4.3098145
6.287796 -5.7405853 4.462158
6.306839 -5.571579 4.716858
6.3925323 -5.6453705 4.307434
5.8426666 -5.4454193 3.9575195
5.856949 -5.8072357 4.8168335
6.1640167 -5.942917 4.838257
6.24971 -5.6596527 4.9263306
6.3687286 -5.733444 4.8311157
6.3354034 -6.0048065 4.5906982
6.485367 -6.34758 4.607361
6.673416 -6.259506 4.312195
6.4710846 -5.8000946 4.8549194
6.5543976 -5.5549164 5.2333984
6.6043854 -5.454941 5.3286133
6.590103 -5.559677 5.3619385
6.76149 -5.7358246 4.947754
6.7472076 -5.9405365 5.1572266
6.847183 -6.0571747 5.2000732
6.89003 -5.976242 5.43573
6.897171 -5.9024506 5.5856934
6.904312 -5.892929 5.5785522
6.928116 -6.0238495 5.404785
6.930496 -6.02861 5.3428955
6.9828644 -5.916733 5.250061
6.870987 -5.328781 4.819214
6.6948395 -5.264511 5.4262085
6.782913 -5.124069 5.43573
6.6996 -5.0217133 5.466675
6.671036 -4.8241425 5.076294
6.5329742 -4.859848 5.166748
6.50679 -4.988388 4.954895
6.3663483 -5.0955048 4.9191895
6.409195 -5.3454437 4.9906006
6.587723 -5.4216156 4.840637
6.5782013 -5.416855 5.1429443
6.6829376 -5.3049774 5.5238037
6.6948395 -5.00029 5.6571045
6.50679 -4.7146454 5.7594604
6.3949127 -4.5694427 5.6380615
6.2854156 -4.9026947 5.7666016
6.5091705 -5.0217133 5.62854
6.692459 -5.155014 5.5999756
6.628189 -4.976486 5.602356
6.6258087 -4.705124 5.6642456
6.6377106 -4.4599457 5.2857666
6.4710846 -4.712265 5.571411
6.5163116 -4.700363 5.4119263
6.602005 -4.636093 5.416687
6.7543488 -4.5623016 5.4904785
6.673416 -4.48851 5.583313
6.5782013 -4.398056 5.892761
6.621048 -4.417099 5.954651
6.5401154 -4.3314056 6.033203
6.609146 -4.2909393 5.595215
6.461563 -4.431381 5.654724
6.594864 -4.7741547 5.768982
6.6567535 -4.788437 5.507141
6.4782257 -4.697983 5.8880005
6.5615387 -4.55278 5.9403687
6.544876 -4.23143 6.1760254
6.602005 -4.2338104 5.961792
6.4377594 -4.152878 5.7404175
6.4972687 -4.114792 5.571411
6.590103 -4.3504486 5.776123
6.7448273 -4.288559 5.9641724
6.8043365 -4.409958 6.0546265
6.7852936 -4.302841 6.218872
6.735306 -4.4266205 6.1307983
6.69722 -4.3575897 6.328369
6.7210236 -4.200485 6.3164673
6.782913 -3.8172455 6.0617676
6.7210236 -3.6934662 6.1903076
6.7019806 -3.8410492 6.4450073
6.7257843 -3.826767 6.2593384
6.742447 -3.9005585 6.256958
6.621048 -4.1076508 6.537842
6.6638947 -3.9243622 5.8570557
6.397293 -3.9124603 5.9070435
6.5734406 -3.9648285 6.4450073
6.6805573 -3.8362885 6.018921
6.63533 -3.6720428 6.411682
6.7019806 -3.576828 6.1188965
6.44252 -3.7101288 6.392639
6.544876 -3.8410492 6.4212036
6.50679 -3.8815155 6.4640503
6.4901276 -3.6958466 6.3236084
6.5424957 -3.5363617 6.0546265
6.428238 -3.5673065 6.4069214
6.4710846 -3.4411469 6.3188477
6.428238 -3.6101532 6.59021
6.5282135 -3.531601 6.5664063
6.5282135 -3.686325 6.628296
6.582962 -3.6577606 6.2593384
6.4639435 -3.4887543 5.897522
6.385391 -3.4839935 6.090332
6.3877716 -3.3935394 6.0665283
6.325882 -3.4006805 6.290283
6.44014 -3.384018 6.518799
6.5020294 -3.3126068 6.354553
6.549637 -3.2840424 6.454529
6.6496124 -3.5554047 6.687805
6.6234283 -3.5435028 6.559265
6.590103 -3.2721405 6.3950195
6.5020294 -3.2864227 6.768738
6.537735 -3.3411713 6.7925415
6.582962 -3.2221527 6.404541
6.4520416 -3.1174164 6.3997803
6.5472565 -3.07695 6.4592896
6.6615143 -3.160263 6.392639
6.587723 -3.107895 6.4188232
6.530594 -2.9365082 6.178406
6.50679 -2.9722137 6.4473877
6.480606 -3.217392 6.475952
6.4306183 -3.2769012 6.26886
6.4449005 -3.4268646 6.4592896
6.647232 -3.338791 6.6949463
6.6567535 -3.3887787 6.873474
6.5210724 -3.3673553 6.5426025
6.3949127 -3.4792328 6.46167
6.4782257 -3.4387665 6.540222
6.511551 -3.5006561 6.537842
6.549637 -3.4125824 6.46167
6.671036 -3.6244354 6.3759766
6.544876 -3.5244598 6.4926147
6.616287 -3.448288 6.7020874
6.673416 -3.4054413 6.552124
6.552017 -3.3364105 6.578308
6.5424957 -3.0983734 6.095093
6.4449005 -3.236435 6.685425
6.6258087 -3.3697357 6.7020874
6.6567535 -3.288803 6.4926147
6.6258087 -3.3435516 6.616394
6.5996246 -3.300705 6.4711914
6.537735 -3.2078705 6.494995
6.4568024 -3.0483856 6.3236084
6.325882 -2.8484344 6.264099
6.3758698 -3.024582 6.5687866
6.4710846 -3.0650482 6.6782837
6.5353546 -3.0364838 6.5664063
6.499649 -2.967453 6.540222
6.5210724 -2.9960175 6.5545044
6.4901276 -2.9460297 6.4783325
6.3663483 -3.1031342 6.4188232
6.4115753 -3.153122 6.2926636
6.404434 -3.153122 6.218872
6.525833 -3.5054169 6.1069946
6.525833 -3.5720673 6.2212524
6.552017 -3.5101776 6.2164917
6.590103 -3.3554535 6.373596
6.616287 -3.198349 6.33313
6.4829865 -3.2983246 6.14032
6.4068146 -3.288803 6.2331543
6.499649 -3.3435516 6.2783813
6.556778 -3.3149872 6.226013
6.556778 -3.384018 6.256958
6.5782013 -3.6172943 6.180786
6.613907 -3.6387177 6.0236816
6.575821 -3.493515 5.7713623
6.3877716 -3.4792328 5.7404175
6.383011 -3.5887299 5.6904297
6.340164 -3.4911346 5.2786255
6.216385 -3.7101288 5.621399
6.3663483 -3.6958466 5.549988
6.4782257 -3.724411 5.7142334
6.4520416 -3.8124847 5.840393
6.409195 -4.1124115 5.859436
6.421097 -4.064804 5.730896
6.383011 -4.1814423 5.583313
6.416336 -4.5408783 5.616638
6.5782013 -4.764633 5.3357544
6.609146 -4.6313324 5.1429443
6.5163116 -4.5599213 4.9310913
6.5662994 -4.7289276 4.7835083
6.613907 -4.6003876 4.754944
6.552017 -4.6956024 5.0667725
6.44252 -4.6003876 5.2333984
6.485367 -4.55278 5.2214966
6.3949127 -4.750351 4.981079
6.190201 -4.9145966 4.628784
6.128311 -5.0026703 4.269348
6.0521393 -5.00029 4.017029
5.9688263 -4.9407806 3.8432617
6.037857 -5.0288544 4.1765137
6.254471 -5.243088 4.4002686
6.3734894 -5.1573944 4.402649
6.340164 -5.5358734 4.416931
6.261612 -5.7024994 4.1241455
6.242569 -5.5763397 4.0789185
6.075943 -5.3168793 3.7242432
5.8498077 -5.2526093 3.460022
5.645096 -5.32164 3.3600464
5.557022 -5.7048798 3.4695435
5.6498566 -6.0167084 3.4647827
5.704605 -6.483261 3.4505005
5.628433 -6.6594086 3.6837769
5.523697 -6.4213715 3.6599731
5.435623 -6.083359 3.3981323
5.440384 -6.230942 3.5718994
5.580826 -6.468979 3.5933228
5.716507 -6.7927094 3.2077026
5.845047 -7.4044647 3.0386963
5.859329 -7.706772 2.8197021
5.8997955 -7.668686 2.8101807
5.6688995 -7.3187714 2.67688
5.5332184 -7.097397 2.8673096
5.4142 -6.86174 3.0006104
5.742691 -7.252121 3.2172241
6.049759 -7.8852997 3.236267
6.2473297 -8.228073 3.1815186
6.3092194 -8.549423 3.024414
6.2282867 -8.349472 2.93396
6.094986 -8.125717 2.831604
5.883133 -8.518478 2.8435059
5.602249 -8.563705 2.5864258
5.60701 -8.587509 2.5269165
5.709366 -8.761276 2.774475
5.8045807 -8.316147 2.8625488
5.6760406 -8.068588 2.850647
5.557022 -7.868637 2.5888062
5.2404327 -8.20665 2.6054688
4.985733 -8.297104 2.312683
4.7762604 -8.278061 2.4221802
4.7691193 -8.439926 2.460266
4.9238434 -8.925522 2.3388672
5.268997 -9.120712 2.5197754
5.4951324 -9.287338 2.5578613
5.428482 -9.151657 2.5007324
5.311844 -8.668442 2.6554565
5.0928497 -8.65892 2.7125854
4.5834503 -9.265915 2.2579346
4.19545 -9.865768 1.4129028
4.1049957 -10.279953 1.5414429
4.5072784 -10.175217 1.8604126
4.6739044 -9.692001 2.2960205
4.6548615 -8.868393 2.850647
4.5144196 -8.116196 2.8911133
4.0383453 -8.392319 2.86969
3.6170197 -9.289719 1.8675537
3.4575348 -10.153793 1.0939331
3.5860748 -10.8988495 0.8892212
3.8383942 -11.015488 1.2367554
3.888382 -10.498947 1.9484863
3.9645538 -9.734848 2.286499
3.7360382 -9.375412 2.5340576
3.695572 -9.434921 2.4412231
3.42659 -10.1228485 1.7675781
3.221878 -11.065475 1.6818848
3.3313751 -11.072617 1.4129028
3.369461 -10.860764 1.9603882
3.3789825 -10.19426 2.2436523
3.0719147 -9.396835 2.0722656
2.65773 -9.330185 2.0508423
2.6624908 -9.642014 1.9175415
2.5720367 -10.170456 1.6795044
2.574417 -10.448959 1.7699585
2.8743439 -10.182358 1.9508667
2.7505646 -9.861008 1.6914063
2.6148834 -9.637253 2.074646
2.3839874 -9.982407 2.1079712
2.2292633 -10.187119 1.8389893
Time Stop = 4592
