Time Start = 4660
-0.3653412 3.2905426 9.015808
0.35829163 3.4619293 9.065796
0.61061096 3.3548126 9.084839
0.27497864 3.164383 8.956299
-0.22251892 2.9668121 8.942017
-0.38200378 2.9073029 9.065796
-0.29631042 2.9644318 9.084839
-0.010665894 2.997757 9.139587
0.20594788 2.9882355 9.053894
0.32258606 2.9644318 8.984863
0.27497864 2.9549103 8.9348755
0.17262268 2.8787384 8.839661
0.029800415 2.8335114 8.782532
-0.07493591 2.709732 8.884888
-0.19871521 2.7406769 8.892029
-0.27488708 2.766861 9.018188
-0.3796234 2.9358673 9.022949
-0.46531677 3.190567 8.994385
-0.47721863 3.2691193 9.013428
-0.40342712 3.1215363 9.072937
-0.42485046 2.9953766 8.951538
-0.3653412 2.7763824 8.872986
-0.3891449 2.7763824 8.877747
-0.48912048 2.9096832 8.892029
-0.57481384 3.2191315 8.911072
-0.6295624 3.3095856 8.792053
-0.53434753 3.2072296 8.661133
-0.46531677 3.1358185 8.511169
-0.37486267 3.133438 8.470703
-0.42008972 3.1096344 8.308838
-0.5724335 3.27388 8.013672
-0.82237244 3.7118683 7.725647
-1.0913544 4.083206 7.5994873
-1.2532196 4.083206 7.256714
-1.3722382 3.6595001 6.7211304
-1.3555756 3.46669 5.776123
-1.2984467 3.152481 5.2333984
-1.1461029 3.1477203 4.750183
0.27973938 1.612381 2.1365356
1.1604767 2.6787872 2.407898
0.4344635 5.768509 5.023926
-0.9342499 5.594742 5.6428223
-1.7864227 4.29982 6.026062
-1.4507904 2.7240143 6.456909
-0.71287537 -0.20146179 8.0946045
-0.29154968 -2.4390106 8.777771
-0.691452 -2.7913055 8.9158325
-1.4388885 -2.403305 8.627808
-1.0413666 -2.236679 8.763489
0.76057434 -2.5651703 8.675415
2.8505402 -3.2459564 8.815857
4.3549347 -4.3575897 8.956299
4.5525055 -5.4906464 9.161011
3.547989 -5.9667206 9.196716
2.5077667 -6.816513 9.003906
2.1078644 -7.252121 8.584961
2.707718 -7.418747 7.4590454
3.7550812 -7.4092255 7.5423584
5.1309357 -6.964096 7.839905
6.0997467 -7.354477 8.404053
6.190201 -8.5256195 8.542114
5.019058 -9.23735 8.570679
3.8812408 -8.716049 8.458801
4.214493 -8.247116 8.520691
4.9619293 -7.597275 9.044373
5.330887 -7.0688324 8.142212
4.96669 -8.094772 6.571167
4.1692657 -10.698898 3.7242432
3.1647491 -12.510361 3.626648
2.59346 -11.665329 4.8668213
2.4744415 -9.708664 6.7425537
2.2411652 -8.816025 8.156494
1.579422 -8.20903 7.520935
0.65345764 -8.135239 6.6187744
0.13691711 -8.344711 5.7475586
0.22499084 -8.9874115 4.98822
0.129776 -9.603928 4.3217163
-0.33677673 -9.841965 4.3169556
-0.91044617 -10.032394 5.276245
-1.6388397 -10.691757 5.847534
-2.4957733 -10.886948 5.3928833
-2.7647552 -10.817917 4.562134
-2.3220062 -10.5203705 4.0527344
-1.910202 -9.625351 3.4957275
-1.6269379 -9.344467 3.6552124
-0.5105438 -10.00145 4.2979126
-0.58909607 -10.610825 2.5721436
-0.9580536 -12.093796 3.3862305
-0.53434753 -11.924789 3.3814697
-0.3224945 -10.977402 4.095581
-0.45341492 -9.3658905 3.9622803
-0.77238464 -8.394699 4.390747
-0.83903503 -7.88768 5.0977173
-0.58195496 -7.535385 4.9906006
-0.3558197 -8.135239 4.92395
-0.61528015 -10.448959 4.5549927
-1.4317474 -11.972397 2.9196777
-2.0220795 -12.291367 1.3605347
-1.7697601 -11.182114 0.46551514
-1.403183 -10.12999 0.2298584
-1.3222504 -9.308762 -0.11767578
-0.9985199 -9.5967865 -0.22955322
-0.5795746 -10.827438 0.81066895
-0.96281433 -11.389206 1.5343018
-1.8602142 -10.798874 3.2505493
-1.7530975 -10.298996 3.274353
-1.5626678 -10.791733 1.3319702
-2.391037 -11.41301 0.113220215
-2.5433807 -12.086655 0.59643555
-2.2720184 -12.074753 1.5604858
-2.3862762 -11.410629 2.0437012
-2.050644 -10.927414 1.8461304
-2.038742 -12.277084 2.4221802
-1.5436249 -13.031662 1.3224487
-1.9911346 -12.465134 2.1079712
-1.3889008 -12.160446 4.0979614
-1.0770721 -9.506332 2.972046
-0.6367035 -8.78508 2.7839966
-0.77952576 -10.603683 1.9056396
-1.826889 -13.781479 2.260315
-0.73905945 -12.786484 2.138916
-0.58909607 -12.50798 2.2888794
-0.6438446 -13.741013 3.3886108
-0.22251892 -13.686264 3.1981812
-0.06303406 -13.776718 2.9815674
0.22975159 -12.976913 2.2936401
0.48207092 -13.372055 2.4388428
0.2035675 -13.600571 2.479309
0.31544495 -12.674606 1.6009521
0.3678131 -12.705551 2.491211
0.7320099 -11.462997 2.3198242
1.1414337 -10.884567 2.7244873
1.5389557 -10.4561 2.9387207
1.3080597 -10.422775 2.3793335
1.2176056 -10.939316 2.119873
1.1247711 -11.15831 1.8151855
1.1152496 -12.341354 2.1222534
1.3794708 -12.255661 2.3150635
1.8603058 -11.074997 2.1984253
2.3673248 -10.313278 2.017517
2.4792023 -10.127609 2.6625977
2.1673737 -10.008591 2.626892
1.8983917 -9.851486 2.5840454
2.1911774 -10.279953 2.9363403
2.6553497 -9.832443 2.812561
3.1028595 -9.10405 2.286499
3.2575836 -9.113571 2.1246338
3.2266388 -9.49205 2.305542
2.7934113 -9.420639 2.3460083
2.6529694 -9.068344 1.7437744
3.0409698 -8.46373 1.4367065
3.869339 -8.187607 2.22937
4.3477936 -7.625839 2.8792114
4.2501984 -7.899582 3.3100586
3.9407501 -7.0188446 2.4007568
3.645584 -7.8781586 2.1531982
3.562271 -8.347092 1.4414673
3.5884552 -9.10881 1.3771973
3.8264923 -8.885056 1.6342773
4.2240143 -7.8829193 2.305542
4.626297 -7.11882 2.8292236
4.792923 -6.6713104 2.9672852
4.464432 -6.9355316 2.4483643
4.1597443 -7.8829193 1.8270874
4.081192 -8.5256195 1.4176636
4.3073273 -8.711288 2.2055664
4.9762115 -7.6734467 2.67688
5.428482 -6.3047333 2.7720947
5.580826 -6.0952606 3.248169
5.1618805 -7.014084 3.3171997
4.811966 -6.745102 2.1341553
4.8143463 -7.816269 2.286499
5.0023956 -7.663925 2.7006836
5.261856 -6.9879 3.1172485
5.6355743 -6.4737396 3.781372
5.9140778 -6.2476044 3.4433594
5.647476 -6.9022064 3.1434326
5.4189606 -7.264023 2.9291992
5.292801 -7.6591644 2.9387207
5.2951813 -7.111679 2.4626465
5.145218 -6.8188934 2.9053955
5.28566 -6.7879486 3.709961
5.916458 -6.449936 3.2814941
6.171158 -7.2045135 3.9432373
6.049759 -6.597519 3.8742065
5.902176 -5.969101 3.986084
5.8617096 -5.566818 4.2764893
5.9497833 -6.0119476 5.133423
5.947403 -6.4594574 4.4383545
6.075943 -6.1785736 4.2764893
6.390152 -6.211899 4.2764893
6.480606 -6.116684 4.5978394
6.337784 -5.9667206 4.4835815
6.2473297 -6.002426 4.497864
6.2330475 -6.085739 4.712097
6.318741 -6.2547455 4.3931274
6.473465 -6.6022797 4.1622314
6.723404 -6.6855927 4.0265503
6.806717 -6.7022552 4.3431396
6.6948395 -6.188095 4.1955566
6.5234528 -5.852463 4.5978394
6.6448517 -5.814377 4.9977417
6.859085 -5.666794 4.8953857
6.897171 -5.7620087 4.7716064
6.8043365 -5.8715057 4.6311646
6.8281403 -5.797714 4.28125
6.870987 -5.738205 4.3693237
6.9400177 -5.731064 4.947754
7.0280914 -5.416855 5.1691284
6.968582 -5.0098114 5.231018
6.801956 -4.897934 4.8811035
6.628189 -5.083603 4.459778
6.511551 -5.602524 4.459778
6.692459 -5.8072357 4.224121
6.76149 -5.685837 4.5811768
6.851944 -5.314499 4.9072876
6.878128 -4.993149 4.973938
6.756729 -4.8003387 4.98822
6.5662994 -5.0478973 4.814453
6.4496613 -5.2026215 4.6573486
6.552017 -5.340683 4.6002197
6.7067413 -5.2859344 4.6692505
6.859085 -4.9193573 4.7335205
6.7733917 -4.788437 4.98822
6.7638702 -4.7717743 4.7977905
6.613907 -5.083603 4.3550415
6.5282135 -5.3454437 4.312195
6.5163116 -5.2621307 4.2265015
6.5210724 -4.7717743 4.814453
6.6757965 -4.7360687 5.43573
6.847183 -4.2909393 5.5928345
6.7519684 -4.1195526 5.749939
6.6686554 -4.1957245 5.968933
6.63295 -4.110031 5.6261597
6.6067657 -4.276657 5.69281
6.6686554 -4.255234 5.742798
6.737686 -4.3504486 5.8832397
6.673416 -4.2028656 6.2974243
6.654373 -4.000534 6.14032
6.5734406 -4.302841 6.0474854
6.5424957 -4.9717255 5.661865
6.6424713 -5.3573456 5.469055
6.7138824 -4.9860077 5.121521
6.749588 -4.6646576 5.5666504
6.818619 -4.390915 5.4976196
6.782913 -4.4647064 5.364319
6.7472076 -4.757492 5.0929565
6.878128 -4.783676 5.076294
7.097122 -4.724167 5.007263
7.27565 -4.538498 5.6190186
7.185196 -3.981491 6.0236816
6.8995514 -3.633957 6.2664795
6.844803 -3.5625458 6.359314
6.7971954 -3.6553802 6.0355835
6.870987 -3.8791351 5.597595
7.01857 -4.262375 5.6880493
7.0995026 -4.3932953 5.795166
7.109024 -4.095749 5.704712
7.011429 -3.8838959 6.026062
7.051895 -3.743454 6.1117554
7.037613 -3.6649017 5.8499146
6.9185944 -3.7743988 6.2521973
6.863846 -3.8362885 6.123657
6.7662506 -3.7529755 5.8189697
6.7519684 -3.7410736 5.847534
6.8281403 -4.0029144 6.0736694
6.9138336 -3.8434296 5.776123
6.9185944 -3.6268158 5.673767
6.9114532 -3.550644 5.583313
6.847183 -3.6387177 5.9570313
6.7733917 -3.641098 5.9855957
6.7900543 -3.557785 6.0213013
6.942398 -3.5482635 5.928467
7.063797 -3.2769012 5.7546997
6.9757233 -3.1364594 5.7927856
6.7662506 -3.243576 5.897522
6.485367 -3.3173676 6.0022583
6.4139557 -3.4244843 6.0284424
6.6186676 -3.6529999 6.071289
6.818619 -3.6696625 6.211731
7.0352325 -3.288803 6.059387
6.9828644 -3.1864471 6.128418
6.8090973 -3.2864227 6.328369
6.685318 -3.4911346 6.1950684
6.737686 -3.5934906 6.3426514
6.942398 -3.5601654 6.2998047
7.113785 -3.4316254 6.2855225
7.1756744 -3.2292938 6.2402954
7.0733185 -3.1221771 6.3164673
6.9852448 -3.0626678 6.121277
6.8686066 -3.0079193 6.095093
6.930496 -3.0745697 6.173645
7.0590363 -3.2959442 6.1522217
7.0209503 -3.2102509 6.0046387
6.949539 -3.069809 6.0427246
6.9138336 -2.9079437 6.0998535
6.935257 -3.005539 6.3045654
7.0042877 -2.9722137 6.3188477
7.0209503 -2.9246063 6.1688843
7.056656 -3.0817108 6.0093994
6.994766 -3.160263 6.0736694
6.968582 -3.031723 5.904663
6.818619 -2.960312 6.057007
6.82576 -2.9626923 6.0665283
6.973343 -2.9531708 6.0498657
7.135208 -3.1055145 6.07843
7.21138 -3.0912323 5.878479
7.0852203 -3.01268 6.1498413
6.9376373 -2.910324 6.3236084
6.9138336 -2.8889008 6.518799
6.9138336 -2.7317963 6.5116577
6.987625 -2.6413422 6.468811
7.113785 -2.8151093 6.309326
7.101883 -2.8055878 5.992737
6.935257 -2.8246307 6.057007
6.844803 -2.9888763 6.287903
6.8352814 -2.8079681 6.1974487
6.8543243 -2.8436737 6.437866
6.949539 -2.774643 6.3236084
7.0042877 -2.7984467 6.2545776
7.032852 -2.838913 6.264099
6.9757233 -2.8174896 6.040344
6.8876495 -2.7865448 6.2212524
6.904312 -2.910324 6.295044
6.9376373 -2.8103485 6.4926147
6.9638214 -2.6603851 6.616394
6.968582 -2.6008759 6.487854
7.0019073 -2.615158 6.46167
7.01857 -2.812729 6.3640747
7.051895 -2.8436737 5.94989
6.9828644 -2.8317719 6.018921
6.999527 -2.8912811 6.1069946
6.9900055 -2.7056122 6.1903076
6.916214 -2.4342499 6.4140625
6.9066925 -2.2890472 6.4473877
6.968582 -2.3818817 6.5354614
7.056656 -2.5604095 6.7139893
7.120926 -2.5366058 6.404541
7.051895 -2.5032806 6.276001
6.9852448 -2.5842133 6.5307007
6.980484 -2.7413177 6.3878784
6.9447784 -2.6580048 6.2998047
6.9066925 -2.5389862 6.306946
6.947159 -2.4366302 6.3997803
6.923355 -2.365219 6.3307495
6.89003 -2.3556976 6.378357
6.840042 -2.4294891 6.354553
6.9209747 -2.460434 6.1641235
6.923355 -2.4104462 6.057007
6.935257 -2.4580536 6.237915
6.9257355 -2.5294647 6.256958
6.928116 -2.4128265 6.4021606
6.9066925 -2.2866669 6.4592896
6.9138336 -2.2795258 6.559265
6.9066925 -2.319992 6.373596
6.9709625 -2.479477 6.321228
7.01857 -2.49852 6.3236084
7.0399933 -2.5009003 6.373596
7.0161896 -2.486618 6.3355103
6.9590607 -2.3723602 6.4711914
6.9376373 -2.3247528 6.473572
6.9066925 -2.350937 6.371216
6.8567047 -2.377121 6.4069214
6.9566803 -2.3485565 6.2283936
7.1494904 -2.3295135 6.1831665
7.1256866 -2.236679 6.3807373
7.0876007 -2.396164 6.4640503
6.992386 -2.4342499 6.494995
6.9447784 -2.4770966 6.5759277
6.966202 -2.5104218 6.468811
7.013809 -2.3985443 6.4592896
7.049515 -2.2700043 6.494995
7.0161896 -2.3295135 6.352173
6.968582 -2.3414154 6.378357
6.897171 -2.4961395 6.430725
6.904312 -2.581833 6.473572
7.044754 -2.4961395 6.4521484
7.113785 -2.4770966 6.4021606
7.1328278 -2.3176117 6.154602
7.078079 -2.2652435 6.325989
7.0685577 -2.255722 6.2593384
7.025711 -2.384262 6.494995
6.9709625 -2.339035 6.71875
6.930496 -2.2628632 6.790161
7.011429 -2.2271576 6.6330566
7.0280914 -2.255722 6.680664
7.1066437 -2.1962128 6.325989
7.0876007 -2.172409 6.2164917
7.056656 -2.2438202 6.245056
7.013809 -2.248581 6.1427
6.863846 -2.1581268 6.166504
6.878128 -2.0295868 6.3878784
7.0042877 -2.0081635 6.4973755
7.139969 -1.9177094 6.340271
7.197098 -2.0319672 6.435486
7.0685577 -2.100998 6.423584
6.9852448 -2.0867157 6.3878784
6.866226 -2.0914764 6.4188232
6.904312 -2.210495 6.5545044
6.9757233 -2.184311 6.5735474
7.0542755 -2.2390594 6.499756
6.9757233 -2.2914276 6.2593384
6.8614655 -2.3080902 6.264099
6.844803 -2.1890717 6.040344
6.8043365 -2.1676483 6.223633
6.813858 -2.210495 6.4973755
6.8805084 -2.191452 6.506897
6.9543 -2.0319672 6.7425537
7.044754 -1.8796234 6.8044434
7.0352325 -1.9248505 6.6116333
6.999527 -1.9629364 6.2283936
6.8543243 -2.1176605 6.3950195
6.916214 -2.274765 6.392639
6.9590607 -2.3152313 6.2926636
6.928116 -2.229538 6.359314
6.870987 -2.089096 6.5664063
6.89003 -2.0343475 6.514038
6.8567047 -2.0867157 6.494995
6.847183 -2.120041 6.290283
6.847183 -2.210495 6.0665283
6.8733673 -2.217636 6.454529
6.942398 -2.2057343 6.321228
6.987625 -2.0557709 6.430725
6.9781036 -1.9962616 6.4283447
6.994766 -1.8986664 6.506897
6.8947906 -1.8939056 6.5735474
6.768631 -1.9200897 6.3450317
6.7591095 -2.0724335 6.4283447
6.8947906 -2.1176605 6.404541
7.0090485 -2.2223969 6.3569336
7.01857 -2.293808 6.3569336
6.9828644 -2.2438202 6.435486
6.9400177 -2.0795746 6.2521973
6.7733917 -1.998642 6.1141357
6.651993 -2.2271576 6.226013
6.704361 -2.5675507 6.0213013
6.806717 -2.6841888 6.0046387
6.904312 -2.588974 6.040344
6.987625 -2.4509125 6.180786
7.032852 -2.1985931 6.1188965
6.9066925 -2.3247528 6.037964
6.794815 -2.5580292 6.071289
6.673416 -3.0364838 5.9665527
6.7091217 -3.2507172 5.999878
6.8043365 -3.2388153 5.9903564
6.9709625 -3.0793304 6.057007
7.1114044 -2.7841644 5.995117
7.037613 -2.7770233 6.0165405
6.801956 -2.7317963 5.9070435
6.6186676 -3.0007782 5.9213257
6.537735 -3.2459564 5.871338
6.6638947 -3.3578339 5.718994
6.794815 -3.4435272 5.7999268
6.8805084 -3.3292694 5.6499634
6.844803 -3.262619 5.519043
6.718643 -3.2864227 5.4119263
6.544876 -3.3126068 5.390503
6.404434 -3.1436005 4.928711
6.3306427 -3.0793304 4.6430664
6.3687286 -3.0222015 4.5335693
6.383011 -3.0650482 4.6121216
6.292557 -2.9055634 4.352661
6.166397 -2.941269 4.428833
6.1568756 -3.255478 4.7787476
6.404434 -3.550644 4.7668457
6.6258087 -3.7148895 4.7835083
6.742447 -3.8410492 4.8549194
6.820999 -3.9338837 4.909668
6.692459 -4.012436 4.6644897
6.673416 -4.469467 4.776367
6.8114777 -5.1121674 4.459778
6.8376617 -5.6263275 4.4335938
7.120926 -6.0238495 4.4050293
7.416092 -5.9714813 4.1312866
7.397049 -5.816757 4.2717285
7.2137604 -5.828659 4.3026733
7.013809 -5.6453705 4.186035
6.8686066 -5.609665 4.145569
6.9376373 -5.540634 4.1765137
6.987625 -5.469223 3.8313599
7.0614166 -5.5572968 3.762329
7.1447296 -5.609665 3.5647583
7.0876007 -5.8762665 3.5718994
6.8495636 -5.976242 3.5123901
6.6377106 -5.9548187 3.4576416
6.5020294 -5.752487 3.229126
6.318741 -6.083359 3.433838
6.2259064 -6.378525 3.338623
6.3044586 -6.5499115 3.0648804
6.4496613 -6.7665253 2.9268188
6.587723 -6.9355316 3.0958252
6.6948395 -7.137863 3.3100586
6.563919 -7.24498 3.6004639
6.4115753 -7.328293 3.6742554
6.254471 -7.494919 3.4885864
6.068802 -7.6544037 3.274353
5.9712067 -7.597275 2.812561
5.871231 -7.868637 2.9291992
5.890274 -8.137619 3.0648804
6.1306915 -8.0828705 2.9030151
Time Stop = 4665
