Time Start = 4642
0.32258606 5.1043854 8.0112915
0.37971497 5.249588 8.080322
0.40351868 5.0662994 8.020813
0.35591125 4.8996735 7.9732056
0.36543274 4.659256 8.080322
0.4416046 4.4140778 8.025574
0.527298 4.159378 7.951782
0.71772766 4.0451202 7.987488
0.7819977 4.114151 7.944641
0.7986603 4.2403107 7.9327393
0.7986603 4.4045563 7.861328
0.7129669 4.49263 7.925598
0.57728577 4.549759 7.9136963
0.5249176 4.5854645 8.00415
0.4749298 4.5354767 7.9613037
0.3844757 4.442642 7.949402
0.32496643 4.395035 7.9375
0.27259827 4.3736115 7.9279785
0.17738342 4.3855133 7.9279785
0.20118713 4.478348 7.923218
0.27259827 4.606888 7.9422607
0.38685608 4.461685 7.770874
0.3939972 4.209366 7.739929
0.3035431 4.145096 7.5947266
0.14881897 4.2712555 7.6851807
0.12501526 4.3878937 7.7280273
0.072647095 4.459305 7.6661377
0.17024231 4.5545197 7.592346
0.14405823 4.8115997 7.342407
0.072647095 4.980606 6.980591
-0.041610718 4.837784 6.704468
-0.07493591 4.5926056 6.378357
-0.1582489 4.326004 5.890381
-0.3224945 3.9808502 5.685669
-0.43675232 3.5738068 5.3738403
-0.4557953 3.742813 5.1953125
-0.7509613 3.9998932 5.2072144
-1.2532196 4.4378815 5.064392
-1.467453 4.6235504 4.66687
-1.6840668 4.659256 4.1550903
-1.7554779 4.128433 3.9741821
-1.4888763 3.1739044 4.4502563
-0.80570984 1.593338 5.4452515
0.45350647 0.28889465 5.8760986
1.7508087 -0.4228363 6.1974487
2.4792023 -0.68943787 6.968689
2.3411407 -0.9250946 7.6851807
2.003128 -1.4582977 8.494507
1.9936066 -2.3057098 8.727783
2.4077911 -3.2483368 8.972961
3.0647736 -4.052902 9.958435
3.778885 -4.6837006 10.943909
3.6503448 -5.1907196 11.365234
2.9100494 -6.0190887 11.170044
2.022171 -7.1664276 10.239319
1.624649 -8.623215 8.634949
1.9959869 -9.944321 7.282898
2.6410675 -11.03215 6.6520996
3.5503693 -11.420151 6.6306763
3.850296 -11.020248 6.994873
3.9098053 -9.946701 7.3685913
3.9050446 -9.132614 7.706604
4.0145416 -9.387314 7.9136963
3.657486 -9.0707245 7.6780396
2.612503 -9.077866 7.847046
1.8674469 -9.318283 7.5614014
1.8983917 -9.927658 6.828247
1.9102936 -10.018112 6.1188965
1.5056305 -10.210922 6.173645
0.80818176 -10.094284 6.256958
0.19404602 -9.963364 6.5235596
-0.30821228 -9.960983 6.26886
-0.82237244 -9.9109955 5.9855957
-1.2936859 -9.622971 5.633301
-1.5579071 -9.484909 5.1000977
-1.615036 -9.980026 4.723999
-1.4150848 -10.96788 3.9599
-0.96281433 -11.47728 3.6218872
-0.5700531 -11.291611 3.819458
-0.41770935 -10.498947 4.4954834
-0.36296082 -9.789597 5.597595
-0.3224945 -8.899338 6.0022583
-0.43199158 -8.194748 6.2212524
-0.5057831 -7.9305267 6.4331055
-0.44865417 -7.9733734 6.314087
-0.3724823 -8.53038 5.647583
-0.774765 -9.908615 5.1953125
-1.3151093 -10.698898 5.302429
-1.5793304 -10.049057 5.480957
-1.3865204 -9.175461 5.6190186
-0.94615173 -8.649399 4.833496
-0.9342499 -8.585129 3.6932983
-1.043747 -8.5256195 3.2838745
-0.6700287 -9.187363 3.119629
-0.44865417 -10.268051 3.0505981
-0.5867157 -10.613205 2.793518
-0.5200653 -10.213303 2.8934937
-0.08207703 -9.370651 1.5747681
-0.52482605 -9.280197 1.5223999
-1.365097 -10.3537445 0.18463135
-2.2196503 -12.279465 -0.42474365
-2.73143 -13.545822 0.1060791
-1.9173431 -13.364914 1.8342285
-1.2127533 -11.562973 2.8601685
-0.6343231 -9.687241 3.4243164
-0.31297302 -8.882675 3.0767822
-0.74620056 -9.082626 2.2841187
-1.2627411 -9.868149 0.49884033
-1.7388153 -11.396347 0.23223877
-1.4341278 -12.015244 1.4676514
-1.4936371 -10.948837 2.0056152
-1.6031342 -10.51561 0.5440674
-2.1696625 -11.358261 -0.24859619
-1.6197968 -12.410385 1.1153564
-1.4626923 -12.203293 2.831604
-1.1675262 -11.67485 2.1508179
-0.922348 -11.434433 1.6914063
-0.8675995 -10.072861 1.9199219
-0.7914276 -10.791733 2.1460571
-1.2103729 -12.003342 2.574524
-1.1794281 -10.977402 1.5319214
-0.9675751 -10.8155365 1.3533936
-0.94377136 -10.727463 1.4509888
-0.5224457 -10.641769 1.5628662
-0.37486267 -10.734604 1.5414429
-0.82951355 -11.03215 1.7509155
-0.32963562 -10.891708 1.9032593
-0.35105896 -11.28685 1.8199463
-0.48435974 -11.660568 1.5700073
-0.4129486 -13.069748 1.6199951
-0.3391571 -12.724594 1.5390625
0.26307678 -12.405624 2.03656
0.29640198 -12.812668 1.8151855
0.5320587 -12.388962 1.5795288
0.6082306 -12.369919 1.1653442
0.5749054 -12.143784 1.0844116
0.013137817 -12.638901 1.317688
0.48921204 -12.134262 0.89160156
0.6010895 -11.841476 1.5652466
1.219986 -10.418015 1.7913818
1.6151276 -11.408249 2.2079468
1.7674713 -11.28923 1.3938599
1.2771149 -11.213058 1.1677246
1.9293365 -11.003586 1.170105
1.4913483 -12.646042 2.5340576
1.6984406 -10.875046 0.73687744
1.772232 -11.677231 1.151062
1.8222198 -10.770309 0.7963867
2.0888214 -11.074997 1.2391357
2.3649445 -11.246384 0.8820801
2.586319 -11.1107025 1.3057861
2.8219757 -10.45372 1.1248779
2.8719635 -10.546555 1.0249023
2.9029083 -10.00383 0.625
2.605362 -11.722458 1.362915
2.6648712 -10.334702 0.48693848
3.119522 -10.041916 0.79400635
3.5218048 -10.108566 1.9318237
3.5955963 -8.920761 2.2436523
3.4789581 -9.082626 2.1627197
3.4551544 -8.085251 1.1582031
3.4599152 -9.115952 1.0249023
3.4551544 -9.761032 0.60595703
3.7527008 -9.787216 0.9154053
4.2763824 -9.437302 1.1653442
4.5072784 -8.325668 1.0582275
4.202591 -8.14238 1.5319214
3.9050446 -8.958847 1.4605103
3.8574371 -9.213547 0.86779785
4.202591 -9.351608 0.86779785
5.0333405 -8.632736 0.7963867
5.1880646 -9.118332 2.0437012
4.7191315 -7.6353607 1.3105469
4.3668365 -7.6306 1.2058105
4.414444 -7.816269 0.8201904
4.535843 -8.554184 0.3441162
4.595352 -9.008835 0.9439697
5.2713776 -7.6544037 1.1724854
5.397537 -8.306625 2.5602417
5.292801 -5.7167816 1.9389648
5.0904694 -7.05217 2.6078491
4.864334 -6.8522186 1.6985474
4.978592 -8.068588 1.2391357
5.1475983 -8.699387 1.3129272
5.34993 -8.123337 1.9865723
5.6736603 -7.1283417 2.2531738
5.645096 -6.5808563 2.3579102
5.4903717 -6.8331757 2.4007568
5.6236725 -7.221176 2.1079712
5.818863 -7.5710907 1.9818115
5.7902985 -7.406845 2.1912842
5.8236237 -7.033127 2.248413
5.780777 -6.8712616 2.0413208
5.833145 -7.1521454 2.2555542
6.1449738 -7.540146 2.267456
6.2021027 -7.218796 2.2127075
6.1830597 -6.9212494 2.4197998
6.209244 -6.4856415 2.4388428
6.421097 -5.435898 1.9675293
6.106888 -7.680588 3.119629
6.337784 -6.597519 3.0648804
6.7281647 -5.90007 2.9934692
6.6900787 -5.9476776 2.7054443
6.128311 -5.995285 2.9387207
6.325882 -6.1404877 3.267212
6.6686554 -6.2428436 3.3219604
6.82576 -6.2856903 3.4290771
6.916214 -6.257126 3.6028442
7.075699 -6.1785736 3.6004639
6.8376617 -6.1024017 3.5838013
6.6234283 -5.8072357 3.6694946
6.6377106 -5.662033 3.8051758
6.6829376 -5.5287323 3.9908447
6.7329254 -5.6644135 4.064636
6.968582 -5.609665 3.902771
6.904312 -5.4335175 3.8718262
6.806717 -5.393051 3.9146729
6.7971954 -5.1954803 3.7456665
6.5805817 -5.097885 3.5980835
6.640091 -5.4287567 3.8099365
6.8543243 -5.669174 3.9765625
7.0852203 -5.397812 4.1289063
7.0614166 -5.1264496 4.3026733
6.9566803 -5.1954803 4.428833
6.820999 -5.200241 4.205078
6.7067413 -5.585861 3.6694946
6.6805573 -6.0762177 4.1360474
6.9400177 -6.0095673 4.036072
7.1304474 -5.7144012 4.1741333
7.1185455 -5.545395 4.1765137
7.078079 -5.264511 4.455017
7.159012 -5.045517 4.205078
7.1685333 -5.026474 4.2907715
7.1066437 -5.012192 4.402649
7.192337 -4.893173 4.364563
7.1709137 -4.795578 4.5097656
7.1899567 -4.8384247 4.614502
7.1685333 -4.8193817 4.716858
7.159012 -4.9455414 4.6383057
7.2066193 -4.981247 4.7025757
7.197098 -5.174057 4.557373
7.218521 -5.2169037 4.3883667
7.1756744 -5.2859344 4.485962
7.2328033 -5.147873 4.4454956
7.1494904 -5.0288544 4.569275
7.173294 -5.0931244 4.840637
7.2994537 -5.1716766 4.8573
7.325638 -5.1050262 4.940613
7.301834 -4.87175 4.557373
7.2018585 -4.8050995 4.904907
7.1328278 -4.6122894 4.6763916
7.1185455 -4.5884857 4.8239746
7.0876007 -4.609909 4.807312
7.1114044 -4.5218353 4.659729
7.1375885 -4.674179 4.821594
7.2732697 -4.474228 5.0667725
7.2542267 -4.4575653 5.1239014
7.2280426 -4.448044 4.8692017
7.0399933 -4.6122894 5.0096436
7.173294 -4.6313324 5.0429688
7.180435 -4.4385223 5.0096436
7.2066193 -4.3290253 5.083435
7.21138 -4.281418 4.9763184
7.159012 -4.383774 4.883484
7.185196 -4.3956757 4.9382324
7.180435 -4.500412 5.3048096
7.2351837 -4.3932953 5.4071655
7.1709137 -4.1433563 5.3762207
7.037613 -4.064804 5.385742
7.0614166 -4.121933 5.333374
7.0852203 -4.0814667 5.140564
7.109024 -3.948166 4.7144775
7.0590363 -3.9838715 5.0858154
7.1637726 -4.0862274 5.545227
7.1899567 -3.9029388 5.56427
7.1709137 -3.7910614 5.4833374
7.094742 -3.8672333 5.5928345
7.2089996 -3.7648773 5.0620117
7.1947174 -3.8886566 5.235779
7.1518707 -4.1314545 5.2000732
7.0161896 -4.16716 5.2000732
7.0090485 -3.9315033 5.1500854
7.237564 -3.8386688 5.37146
7.347061 -3.7958221 5.6452026
7.3232574 -3.7101288 5.742798
7.282791 -3.5934906 5.845154
7.27565 -3.5744476 5.859436
7.178055 -3.307846 5.9403687
7.14711 -3.5339813 6.0213013
7.2328033 -3.686325 5.7356567
7.263748 -3.762497 5.7856445
7.370865 -3.6887054 5.685669
7.3946686 -3.4887543 5.2453003
7.159012 -3.3435516 5.171509
6.9257355 -3.6315765 5.450012
6.973343 -3.6815643 5.557129
7.0995026 -3.6006317 5.7904053
7.159012 -3.3792572 5.780884
7.154251 -3.262619 5.94989
7.1756744 -3.1769257 5.845154
7.1828156 -3.2935638 5.94751
7.2137604 -3.4792328 6.20459
7.294693 -3.262619 5.7356567
7.135208 -3.107895 5.7713623
7.1375885 -3.1555023 5.935608
7.1423492 -3.288803 5.8999023
7.0876007 -3.3625946 5.864197
7.1875763 -3.364975 5.9594116
7.2708893 -3.1959686 6.1760254
7.3303986 -2.9055634 6.064148
7.287552 -2.736557 5.976074
7.101883 -2.6127777 5.8308716
6.966202 -2.8246307 6.0355835
7.0423737 -3.0460052 5.916565
7.180435 -3.1174164 6.0308228
7.3684845 -2.967453 6.154602
7.423233 -2.7508392 6.0665283
7.2351837 -2.569931 6.0927124
7.0733185 -2.5532684 5.828491
7.013809 -2.717514 5.9665527
7.051895 -2.846054 5.8499146
7.1185455 -3.0460052 6.0046387
7.1685333 -3.0531464 6.059387
7.2280426 -2.8960419 6.0046387
7.180435 -2.8246307 5.8880005
7.0614166 -2.7032318 5.9141846
7.006668 -2.5794525 5.973694
6.885269 -2.69133 6.0308228
6.947159 -2.8079681 6.007019
7.032852 -2.857956 5.8880005
7.1494904 -2.876999 5.987976
7.1828156 -2.8889008 5.9784546
7.1114044 -2.7841644 5.961792
7.070938 -2.7222748 6.0093994
7.0399933 -2.6937103 5.7356567
6.923355 -2.679428 6.0046387
7.0471344 -2.8627167 6.2141113
7.223282 -2.967453 6.1069946
7.249466 -2.81987 6.0498657
7.301834 -2.7508392 5.980835
7.21138 -2.7675018 6.037964
7.173294 -2.672287 5.9522705
7.135208 -2.5723114 5.802307
7.1256866 -2.6580048 5.8737183
7.1042633 -2.5270844 5.802307
7.0542755 -2.5009003 6.0689087
7.0090485 -2.377121 6.0022583
7.006668 -2.2414398 6.1260376
7.011429 -2.1890717 6.1450806
7.1328278 -2.2961884 6.040344
7.166153 -2.5842133 6.0665283
7.1637726 -2.6818085 5.8951416
7.101883 -2.6437225 5.780884
7.0090485 -2.8032074 5.7737427
7.0590363 -2.9055634 5.8237305
7.0280914 -2.8674774 5.916565
7.0399933 -2.94841 5.9260864
7.120926 -2.9317474 5.909424
7.230423 -2.9626923 5.8427734
7.089981 -3.1364594 5.833252
7.0661774 -3.1436005 5.9522705
7.0542755 -3.1840668 5.814209
7.0685577 -3.281662 5.5999756
7.1375885 -3.3364105 5.6523438
7.2399445 -3.4958954 5.7904053
7.4660797 -3.5673065 5.8832397
7.4708405 -3.5815887 5.788025
7.40419 -3.6696625 5.659485
7.3542023 -3.8434296 5.6118774
7.2542267 -3.7101288 5.530945
7.192337 -3.7220306 5.533325
7.2899323 -3.5458832 5.6761475
7.442276 -3.576828 5.514282
7.4256134 -3.7672577 5.345276
7.408951 -3.9338837 5.321472
7.4065704 -3.7839203 5.30719
7.3303986 -3.7077484 5.211975
7.282791 -3.6363373 5.2905273
7.244705 -3.667282 5.1429443
7.1494904 -3.800583 4.9977417
7.261368 -3.8791351 4.8239746
7.427994 -3.9862518 4.9977417
7.4446564 -4.1005096 5.095337
7.3803864 -4.0933685 4.942993
7.3303986 -3.9910126 4.826355
7.2137604 -4.076706 4.9310913
7.185196 -4.0100555 4.8739624
7.2280426 -4.069565 4.7525635
7.332779 -4.262375 4.8953857
7.3684845 -4.2028656 4.7382813
7.2899323 -4.2671356 4.7858887
7.173294 -4.219528 4.7787476
7.0590363 -4.083847 4.8049316
6.9257355 -4.0100555 4.7835083
6.8495636 -4.1647797 4.562134
6.9638214 -4.583725 4.4050293
6.9138336 -4.924118 4.0289307
6.8376617 -4.9979095 4.057495
6.8424225 -5.0478973 4.133667
6.916214 -5.0359955 4.012268
6.870987 -5.097885 4.0098877
6.8543243 -5.185959 3.9170532
6.968582 -5.2930756 3.857544
6.9328766 -5.2169037 3.8432617
6.942398 -5.2787933 3.7432861
7.006668 -5.250229 3.9575195
7.101883 -5.207382 4.0027466
7.109024 -5.124069 4.076538
7.1566315 -5.1526337 4.2026978
7.1256866 -5.0098114 4.08844
7.0352325 -5.078842 3.9551392
6.9757233 -5.2288055 3.876587
7.1256866 -5.481125 3.7456665
7.159012 -5.816757 3.8289795
7.135208 -5.9357758 3.6314087
7.049515 -6.0048065 3.6099854
6.9566803 -5.866745 3.698059
6.916214 -5.7239227 3.5790405
6.9638214 -5.8310394 3.4766846
7.0852203 -6.071457 3.2981567
7.0399933 -6.3523407 2.9768066
6.923355 -6.4785004 3.0910645
7.0590363 -6.488022 3.2457886
7.089981 -6.1904755 3.357666
6.935257 -5.9072113 3.433838
6.718643 -5.7358246 3.44812
6.5591583 -5.6572723 3.3410034
6.525833 -5.8691254 3.2315063
6.6948395 -6.2999725 3.3100586
6.9566803 -6.4856415 3.0315552
7.0804596 -6.692734 2.972046
7.120926 -6.7236786 3.1243896
6.897171 -6.2476044 3.286255
6.7900543 -5.7286835 3.5385742
6.63295 -5.419235 3.2814941
6.3282623 -5.4930267 2.9839478
6.1949615 -5.7477264 2.7149658
6.223526 -6.02623 2.8411255
6.24971 -5.9595795 2.8815918
6.1806793 -5.6905975 2.8173218
6.068802 -5.4287567 2.9649048
5.7260284 -5.757248 3.081543
5.28566 -6.142868 2.593567
5.061905 -6.771286 2.0460815
5.333267 -7.4877777 2.1174927
5.980728 -7.830551 2.3412476
6.356827 -7.3854218 2.6221313
6.363968 -6.802231 2.3721924
5.895035 -6.6332245 2.6721191
5.561783 -6.6665497 2.600708
5.433243 -7.1092987 2.0722656
5.357071 -7.880539 1.862793
5.497513 -8.354233 1.8913574
5.833145 -8.39946 1.946106
6.1354523 -7.9852753 2.2984009
5.9450226 -7.4473114 2.99823
5.7141266 -6.7760468 2.9101563
5.2951813 -7.6401215 2.6030884
4.990494 -8.573227 2.1508179
4.7072296 -9.337326 1.4081421
4.7072296 -9.968124 1.4295654
4.947647 -9.6610565 1.3914795
4.8095856 -9.48967 1.7199707
4.6953278 -9.568222 1.9532471
4.4382477 -10.13475 1.9984741
4.2573395 -10.146652 1.5152588
4.0216827 -10.360886 1.5604858
3.9121857 -10.144272 1.1677246
3.702713 -10.529892 1.3510132
3.6670074 -10.8155365 1.6628418
3.6074982 -11.248764 1.3486328
3.3599396 -11.070236 1.2200928
3.3337555 -10.760788 1.7699585
3.528946 -10.19426 1.8532715
3.5408478 -9.715805 1.9841919
3.6503448 -9.718185 2.388855
3.5241852 -9.865768 2.1412964
3.214737 -10.3228 1.6176147
3.036209 -11.165451 1.3343506
2.9243317 -11.660568 0.8154297
2.8648224 -11.779587 0.7416382
3.1480865 -11.41777 1.0772705
3.3861237 -10.615585 1.317688
3.2504425 -10.19902 1.548584
3.2813873 -10.179977 1.4057617
3.0528717 -10.232346 0.96539307
2.805313 -10.384689 1.1748657
2.7553253 -10.172836 1.0582275
2.7696075 -10.227585 1.1534424
2.8767242 -10.225204 1.1939087
2.9886017 -10.184738 1.3057861
3.0076447 -10.249008 1.3795776
2.8695831 -10.182358 1.0582275
2.5815582 -10.603683 0.8701782
2.381607 -10.748886 0.6273804
2.2554474 -10.684616 0.75115967
2.3768463 -10.184738 0.9534912
2.4934845 -9.6800995 1.3533936
2.5553741 -9.254013 1.7271118
2.6267853 -9.318283 1.9294434
Time Stop = 4647
