Time Start = 1457234028
-3.8763885 -1.184555 9.108643
-3.205124 -1.6963348 8.996765
-2.5219574 -1.6511078 8.732544
-2.2410736 -1.555893 9.251465
-2.2148895 -1.4059296 9.598999
-2.500534 -1.415451 9.4609375
-2.7742767 -1.5059052 9.408569
-2.9266205 -1.6225433 9.239563
-2.8171234 -1.6915741 9.296692
-2.6743011 -1.5487518 9.241943
-2.4981537 -1.3987885 9.137207
-2.4719696 -1.2988129 9.251465
-2.6076508 -1.3464203 9.175293
-2.7909393 -1.4916229 9.1467285
-2.9528046 -1.5892181 9.175293
-3.0146942 -1.5320892 9.177673
-3.0099335 -1.498764 9.344299
-2.9194794 -1.4630585 9.508545
-2.7576141 -1.3678436 9.553772
-2.705246 -1.267868 9.568054
-2.6885834 -1.2535858 9.5442505
-2.7528534 -1.4083099 9.487122
-2.8552094 -1.5392303 9.375244
-2.9861298 -1.7082367 9.41333
-3.0527802 -1.748703 9.363342
-3.0480194 -1.6868134 9.468079
-3.0099335 -1.6130219 9.458557
-3.0218353 -1.5273285 9.513306
-3.1908417 -1.4559174 9.3966675
-3.3122406 -1.3392792 9.241943
-3.405075 -1.2131195 8.96106
-3.4455414 -1.1155243 8.8349
-3.443161 -0.99650574 8.582581
-3.5597992 -0.84654236 8.082703
-3.7787933 -0.6061249 7.16864
-4.0620575 -0.3990326 6.3974
-4.4905243 -0.34666443 5.8951416
-4.8690033 -0.37998962 5.4190674
-5.154648 -0.2252655 4.712097
-5.154648 0.06513977 3.781372
-4.97612 0.51979065 3.1148682
-4.733322 1.4409943 2.2127075
-4.392929 2.3098297 1.1367798
-4.123947 2.8263702 0.39648438
-3.943039 3.0001373 0.28222656
-4.066818 2.88826 0.64404297
-4.328659 2.490738 1.151062
-4.738083 2.1027374 1.2415161
-5.3069916 1.2624664 0.9320679
-5.913986 0.25080872 0.46551514
-6.4471893 -1.0084076 -0.23431396
-6.7804413 -2.2319183 -0.61517334
-6.9684906 -3.0674286 -0.98413086
-7.106552 -3.5458832 -1.1983643
-7.535019 -3.8838959 -0.8413086
-8.37291 -4.514694 -0.19146729
-9.439316 -5.1645355 -0.16052246
-10.591415 -5.9976654 -0.8175049
-11.593552 -6.5165863 -1.3911743
-12.026779 -6.3047333 -2.0219727
-11.924423 -5.666794 -2.281433
-11.598312 -5.097885 -2.1862183
-11.703049 -5.0931244 -2.00531
-12.750412 -6.4927826 -1.6791992
-14.297653 -8.306625 -2.7503662
-16.042465 -10.149033 -4.1952515
-17.35167 -11.163071 -5.1140747
-17.718246 -10.908371 -6.135254
-17.48021 -9.982407 -6.097168
-16.97319 -9.161179 -5.9519653
-16.535202 -9.175461 -5.782959
-16.566147 -9.787216 -5.566345
-16.494736 -10.734604 -5.6377563
-16.042465 -11.917648 -5.3901978
-15.418808 -12.722214 -5.454468
-14.702316 -12.7912445 -5.5925293
-14.242905 -12.391342 -5.680603
-13.662094 -11.774826 -5.794861
-13.047958 -11.598679 -5.397339
-12.326706 -11.639145 -4.7213135
-11.741135 -11.753403 -4.152405
-11.2912445 -11.510605 -3.9476929
-10.979416 -11.179733 -3.4263916
-10.805649 -10.553696 -2.845581
-10.553329 -9.675339 -2.2790527
-10.3676605 -8.735092 -1.8910522
-10.158188 -7.894821 -1.562561
-10.015366 -7.2378387 -1.4721069
-9.91301 -6.8593597 -1.6030273
-9.951096 -6.7665253 -1.5768433
-10.189133 -6.8593597 -1.6292114
-10.531906 -6.8950653 -1.710144
-10.891342 -6.8903046 -1.8886719
-11.338852 -6.740341 -2.0314941
-11.910141 -6.5046844 -2.0219727
-12.438583 -6.1000214 -2.357605
-12.852768 -5.669174 -2.6932373
-13.216965 -5.2621307 -2.793213
-13.357407 -4.974106 -2.8860474
-13.238388 -4.659897 -3.2573853
-13.0550995 -4.4837494 -3.3145142
-12.707565 -4.052902 -3.4192505
-12.386215 -3.134079 -3.5287476
-12.119614 -1.8891449 -3.3335571
-12.150558 -0.613266 -3.140747
-12.502853 0.4007721 -2.9884033
-12.848007 1.0006256 -2.909851
-13.024155 1.1886749 -2.6884766
-12.728989 0.99586487 -2.2695313
-11.798264 0.7649689 -2.1219482
-10.403366 0.6745148 -2.1814575
-8.870407 0.5150299 -1.7458496
-7.5016937 0.34602356 -0.972229
-6.5781097 0.31507874 -0.17956543
-5.9020844 0.54597473 0.067993164
-5.9925385 1.0958405 -0.1081543
-6.9732513 1.7623444 -0.70562744
-8.958481 2.683548 -1.94104
-11.591171 3.7309113 -3.3240356
-14.204819 4.5473785 -4.4594727
-15.268845 4.711624 -5.0617065
-14.221481 4.1688995 -4.8831787
-12.302902 3.5333405 -4.333313
-10.481918 3.40242 -3.8167725
-9.194138 3.266739 -3.2002563
-8.584763 2.7263947 -2.543274
-8.361008 1.8908844 -2.081482
-8.477646 0.94825745 -2.017212
-8.784714 -0.06816101 -1.87677
-8.82756 -0.9822235 -1.645874
-8.594284 -1.5082855 -1.3911743
-8.251511 -1.8367767 -0.95080566
-7.7563934 -2.0724335 -0.79608154
-7.258896 -2.2128754 -0.71990967
-6.944687 -2.3080902 -0.6413574
-6.682846 -2.403305 -0.49853516
-6.418625 -2.4889984 -0.5461426
-6.311508 -2.5532684 -0.6675415
-6.444809 -2.6365814 -0.6270752
-6.585251 -2.7270355 -0.54852295
-6.7947235 -2.9055634 -0.45568848
-7.0589447 -3.0079193 -0.5794678
-7.316025 -3.0840912 -0.77941895
-7.504074 -3.255478 -0.92700195
-7.5778656 -3.3768768 -0.8984375
-7.4945526 -3.4411469 -0.8912964
-7.4374237 -3.4958954 -0.8579712
-7.3255463 -3.5054169 -0.8722534
-7.3207855 -3.603012 -0.8413086
-7.470749 -3.7672577 -0.8508301
-7.784958 -3.9576874 -0.7746582
-8.263412 -4.1504974 -0.8674927
-8.777573 -4.236191 -1.0150757
-9.33696 -4.219528 -1.0650635
-9.753525 -4.1457367 -1.1340942
-10.231979 -4.2219086 -1.1269531
-10.696152 -4.288559 -1.1174316
-11.186508 -4.4409027 -1.2911987
-11.660202 -4.6956024 -1.4292603
-12.060104 -4.928879 -1.7720337
-12.324326 -5.052658 -2.1290894
-12.431442 -5.0812225 -2.4742432
-12.559982 -4.905075 -2.5789795
-13.028915 -4.6908417 -2.77417
-13.816818 -4.7146454 -3.0217285
-14.630905 -5.2335663 -3.0360107
-14.954636 -5.9976654 -2.8217773
-14.304794 -6.5427704 -2.83844
-12.709946 -6.757004 -2.5861206
-10.955612 -6.264267 -2.1481323
-9.522629 -5.2668915 -1.6744385
-8.784714 -3.9124603 -1.1626587
-8.8537445 -2.596115 -0.7437134
-9.903488 -1.4844818 -0.37713623
-11.548325 -0.9655609 -0.47711182
-13.328842 -0.8346405 -1.4292603
-14.8641815 -1.1726532 -2.940796
-15.911545 -1.7320404 -4.0429077
-16.13292 -2.1985931 -4.4404297
-15.380722 -2.2842865 -4.8046265
-14.131027 -2.0748138 -4.866516
-12.878952 -1.8820038 -4.6260986
-11.743515 -1.9177094 -4.192871
-10.831833 -2.1962128 -3.7358398
-10.04393 -2.4628143 -3.0907593
-9.541672 -2.9174652 -2.2600098
-9.14415 -3.1769257 -1.581604
-8.765671 -3.2221527 -1.2840576
-8.268173 -3.2864227 -0.8317871
-7.8539886 -3.0650482 -0.46044922
-7.573105 -2.588974 -0.3961792
-7.375534 -2.0843353 -0.43188477
-7.2565155 -1.6415863 -0.52948
-7.1874847 -1.3535614 -0.7889404
-7.130356 -1.2393036 -1.0388794
-7.3207855 -1.3368988 -1.331665
-7.651657 -1.4440155 -1.6292114
-7.98967 -1.4035492 -1.9386597
-8.291977 -1.4559174 -2.2457275
-8.434799 -1.4963837 -2.2243042
-8.332443 -1.4916229 -2.2409668
-8.142014 -1.5487518 -2.1814575
-7.9158783 -1.6820526 -2.1433716
-7.739731 -1.7796478 -2.00531
-7.7325897 -1.9962616 -1.9315186
-7.8730316 -2.1866913 -1.8029785
-8.211044 -2.384262 -1.9362793
-8.69664 -2.358078 -2.164795
-9.253647 -2.210495 -2.2957153
-9.78923 -2.100998 -2.4885254
-10.251022 -1.9676971 -2.5718384
-10.512863 -1.8558197 -2.6813354
-10.693771 -1.7463226 -2.83844
-10.755661 -1.6725311 -2.947937
-10.643784 -1.6987152 -2.8955688
-10.408127 -1.8534393 -2.7099
-10.020126 -2.0200653 -2.459961
-9.501205 -2.1985931 -2.0291138
-9.256027 -2.3866425 -1.6744385
-9.286972 -2.3485565 -1.2840576
-9.9891815 -2.1343231 -1.5030518
-11.048447 -1.915329 -2.0743408
-11.8173065 -1.8629608 -2.9384155
-11.6697235 -2.1152802 -3.307373
-10.391464 -2.3890228 -3.0812378
-8.772812 -2.6175385 -2.4885254
-7.4040985 -2.8793793 -1.7791748
-6.6804657 -2.9650726 -0.98651123
-6.573349 -3.0364838 -0.36999512
-7.28508 -2.8746185 -0.25097656
-8.63475 -2.5913544 -0.6699219
-10.415268 -2.3080902 -1.3911743
-12.155319 -2.108139 -2.0719604
-13.455002 -2.0153046 -2.4766235
-14.081039 -2.1248016 -2.429016
-14.035812 -2.4747162 -2.0600586
-13.602585 -2.8484344 -1.8601074
-12.952744 -3.115036 -1.7410889
-12.245773 -3.1888275 -1.7815552
-11.51738 -3.1436005 -1.8458252
-10.786606 -3.1245575 -1.8696289
-10.077255 -3.0721893 -1.7958374
-9.455978 -3.0626678 -1.5863647
-8.841843 -3.1293182 -1.2007446
-8.358627 -3.20549 -0.86273193
-8.068222 -3.429245 -0.40093994
-7.8658905 -3.5744476 0.08465576
-7.8968353 -3.660141 0.42980957
-8.030136 -3.622055 0.36315918
-8.168198 -3.5649261 0.10845947
-8.130112 -3.3744965 -0.11291504
-8.087265 -3.319748 -0.2819214
-8.025375 -3.2649994 -0.46044922
-7.9611053 -3.2102509 -0.63183594
-7.889694 -3.236435 -0.7008667
-7.889694 -3.3506927 -0.7913208
-7.9944305 -3.5554047 -0.81036377
-7.9801483 -3.71727 -0.8960571
-8.008713 -3.8886566 -0.86987305
-7.951584 -3.9838715 -0.83654785
-7.882553 -4.057663 -0.5604248
-7.7825775 -4.0933685 -0.37713623
-7.79924 -4.0981293 -0.3128662
-7.939682 -4.152878 -0.24145508
-8.337204 -4.1504974 -0.28430176
-8.858505 -4.1076508 -0.36047363
-9.498825 -4.0290985 -0.38427734
-10.184372 -3.917221 -0.5699463
-10.827072 -3.8291473 -0.805603
-11.400742 -3.8815155 -1.0436401
-11.7530365 -3.9053192 -1.1150513
-11.933945 -3.9719696 -1.2269287
-11.869675 -4.0790863 -1.2911987
-11.726852 -4.024338 -1.414978
-12.02916 -3.8672333 -1.645874
-12.812302 -3.7720184 -1.8624878
-13.89061 -4.050522 -2.0005493
-14.9474945 -4.686081 -1.9743652
-15.161728 -5.4906464 -2.145752
-13.969162 -6.0500336 -2.2243042
-11.948227 -6.052414 -1.9386597
-9.932053 -5.354965 -1.7767944
-8.470505 -4.429001 -1.5054321
-7.792099 -3.3673553 -1.3102417
-8.0967865 -2.4080658 -1.0698242
-9.534531 -1.7558441 -1.0245972
-11.600693 -1.5011444 -1.4102173
-13.862045 -1.6082611 -2.2147827
-15.540207 -1.9510345 -3.1359863
-16.182907 -2.255722 -3.647766
-15.716354 -2.339035 -3.6644287
-14.445236 -2.2462006 -3.550171
-13.152695 -2.0771942 -3.4620972
-12.155319 -1.9748383 -3.3787842
-11.434067 -2.1438446 -3.1431274
-10.8294525 -2.4651947 -3.0026855
-10.255783 -2.8174896 -2.7789307
-9.698776 -3.2031097 -2.3671265
-9.132248 -3.3959198 -1.9767456
-8.687119 -3.4006805 -1.5316162
-8.272934 -3.1769257 -1.2435913
-7.953964 -2.8293915 -0.972229
-7.7325897 -2.4080658 -1.010315
-7.523117 -2.0843353 -1.0912476
-7.3065033 -1.8010712 -1.2078857
-7.028 -1.6058807 -1.3911743
-6.9351654 -1.5416107 -1.5697021
-7.0518036 -1.498764 -1.6887207
-7.318405 -1.5487518 -1.7434692
-7.682602 -1.4416351 -1.9267578
-7.953964 -1.324997 -2.0957642
-8.0134735 -1.3083344 -2.2028809
-7.9634857 -1.3202362 -2.1481323
-7.811142 -1.3535614 -1.914856
-7.6207123 -1.5011444 -1.8125
-7.5445404 -1.5939789 -1.6887207
-7.5897675 -1.8105927 -1.5768433
-7.9373016 -1.8558197 -1.6863403
-8.341965 -1.8415375 -1.7744141
-8.987045 -1.8034515 -1.8505859
-9.682114 -1.7177582 -2.0338745
-10.396225 -1.6130219 -2.2219238
-10.936569 -1.5082855 -2.5289917
-11.415024 -1.3488007 -2.7884521
-11.657822 -1.1964569 -2.90271
-11.722092 -1.1417084 -3.0431519
-11.450729 -1.184555 -2.9241333
-11.086533 -1.3630829 -2.6408691
-10.650925 -1.6582489 -2.1124268
-10.608078 -1.8082123 -1.6434937
-11.296005 -1.8582001 -1.5506592
-12.452866 -1.7963104 -2.2243042
-13.219345 -1.8248749 -3.1264648
-12.843246 -2.0034027 -3.5358887
-11.165085 -2.3057098 -3.255005
-9.1679535 -2.5009003 -2.6004028
-7.3588715 -2.7484589 -1.7410889
-6.092514 -2.8317719 -0.8841553
-5.597397 -2.8103485 -0.11529541
-5.930649 -2.7079926 0.18225098
-7.085129 -2.4271088 -0.0748291
-8.910873 -2.1105194 -0.6175537
-11.107956 -1.7915497 -1.1150513
-13.074142 -1.6177826 -1.6030273
-14.01915 -1.53685 -1.8101196
-14.071518 -1.6987152 -1.5149536
-13.514511 -1.9367523 -1.1983643
-12.833725 -2.0867157 -1.2245483
-12.138657 -2.089096 -1.4911499
-11.360275 -1.9058075 -1.793457
-10.653305 -1.896286 -2.06958
-9.9891815 -1.9843597 -2.088623
-9.348862 -2.2414398 -1.8125
-8.794235 -2.4651947 -1.4673462
-8.31102 -2.7460785 -1.0412598
-8.05632 -2.9650726 -0.5628052
-7.8777924 -3.255478 0.008483887
-7.806381 -3.2935638 0.28460693
-7.784958 -3.3340302 0.34649658
-7.6730804 -3.2507172 0.2703247
-7.41362 -3.0936127 0.07989502
-7.2636566 -2.9817352 -0.034362793
-7.1541595 -2.857956 -0.11529541
-7.0518036 -2.81987 -0.20812988
-7.068466 -2.8151093 -0.15576172
-7.280319 -2.8793793 0.03704834
-7.5397797 -2.8698578 -0.09387207
-7.6921234 -2.9365082 -0.2890625
-7.825424 -3.0222015 -0.39141846
-7.86351 -3.1816864 -0.39141846
-7.894455 -3.3149872 -0.46759033
-7.901596 -3.4625702 -0.46759033
-7.977768 -3.6315765 -0.47473145
-8.230087 -3.724411 -0.47711182
-8.618088 -3.8577118 -0.6270752
-9.108444 -3.8624725 -0.7484741
-9.689255 -3.8434296 -0.9650879
-10.253403 -3.7982025 -1.1769409
-10.788986 -3.7029877 -1.248352
-11.331711 -3.6768036 -1.3078613
-11.77446 -3.6768036 -1.388794
-12.126755 -3.7458344 -1.5458984
-12.402878 -3.7196503 -1.6434937
-12.61235 -3.550644 -1.8482056
-12.783737 -3.3221283 -2.1052856
-13.305038 -3.255478 -2.4313965
-14.01915 -3.4958954 -2.3814087
-14.683273 -4.0671844 -2.3266602
-14.53569 -4.9145966 -1.9291382
-13.262192 -5.6334686 -1.5935059
-11.288864 -5.797714 -1.222168
-9.344101 -5.2787933 -0.87701416
-7.8278046 -4.4789886 -0.5675659
-7.0137177 -3.4720917 -0.39379883
-7.0970306 -2.4461517 -0.5175781
-8.225327 -1.8486786 -0.58898926
-10.391464 -1.6511078 -0.5699463
-13.12413 -1.7558441 -1.3269043
-15.656845 -1.9224701 -2.9645996
-17.118393 -2.1390839 -4.25
-17.058884 -2.1343231 -4.6641846
-15.69017 -1.8582001 -4.9522095
-13.909653 -1.5749359 -4.82843
-12.388596 -1.453537 -4.423767
-11.296005 -1.6035004 -3.8024902
-10.543808 -2.0462494 -3.2716675
-10.058212 -2.5199432 -2.671814
-9.679733 -3.07695 -2.0314941
-9.308395 -3.5815887 -1.4030762
-8.877548 -3.8791351 -0.70562744
-8.477646 -3.8101044 -0.19384766
-8.070602 -3.3340302 -0.12719727
-7.8397064 -2.7865448 -0.15576172
-7.6540375 -2.1557465 -0.35095215
-7.4945526 -1.6868134 -0.6032715
-7.3731537 -1.4130707 -0.95318604
-7.239853 -1.4059296 -1.305481
-7.1660614 -1.767746 -1.434021
-7.0756073 -2.0652924 -1.6791992
-7.232712 -2.3914032 -1.6958618
-7.4874115 -2.5104218 -1.7006226
-7.689743 -2.3795013 -1.8482056
-7.8016205 -2.1509857 -1.8291626
-7.7111664 -1.9819794 -1.5911255
-7.439804 -1.8177338 -1.4268799
-7.087509 -1.8677216 -1.267395
-6.9351654 -1.9629364 -1.3126221
-6.9803925 -2.1390839 -1.2816772
-7.3779144 -2.3104706 -1.248352
-8.0325165 -2.2081146 -1.350708
-8.82518 -2.0938568 -1.6387329
-9.7202 -2.0533905 -1.9100952
-10.458115 -1.9867401 -2.13385
-11.038925 -1.9105682 -2.4932861
-11.429306 -1.8439178 -2.7408447
-11.624496 -1.79393 -2.909851
-11.481674 -1.7963104 -2.7979736
-11.029404 -1.8201141 -2.607544
-10.553329 -1.8939056 -2.2124023
-10.420029 -1.8248749 -1.8672485
-11.065109 -1.7844086 -1.8934326
-12.28862 -1.7153778 -2.4813843
-13.2859955 -1.7463226 -3.3692627
-13.169357 -2.0771942 -3.6072998
-11.572128 -2.3890228 -3.1074219
-9.434555 -2.524704 -2.2957153
-7.568344 -2.543747 -1.3721313
-6.330551 -2.422348 -0.4628296
-5.9544525 -2.2319183 0.12036133
-6.554306 -2.0510101 0.3274536
-8.065842 -1.9319916 -0.022460938
-10.262924 -1.9200897 -0.7889404
-12.698044 -1.9915009 -1.4197388
-14.5047455 -2.1033783 -1.767273
-14.957016 -2.2819061 -1.7196655
-14.280991 -2.3914032 -1.3768921
-13.169357 -2.2628632 -1.1079102
-12.148178 -1.979599 -1.1793213
-11.317429 -1.7106171 -1.3768921
-10.674728 -1.5701752 -1.562561
-10.117722 -1.6487274 -1.498291
-9.598801 -1.9200897 -1.2507324
-9.060837 -2.2604828 -1.0531616
-8.527634 -2.4889984 -0.7913208
-8.132492 -2.7960663 -0.37713623
-7.777817 -3.1316986 0.0061035156
-7.5635834 -3.307846 0.28936768
-7.463608 -3.3625946 0.34887695
-7.3207855 -3.3602142 0.29888916
-7.175583 -3.3316498 0.11798096
-7.1208344 -3.2864227 -0.0034179688
-7.0256195 -3.2031097 -0.15576172
-6.9542084 -3.095993 -0.2652588
-6.925644 -2.9960175 -0.31524658
-6.96611 -2.9698334 -0.3961792
-7.0970306 -2.9317474 -0.44854736
-7.3707733 -3.0460052 -0.48187256
-7.611191 -3.198349 -0.5175781
-7.7944794 -3.3173676 -0.50805664
-7.8278046 -3.5244598 -0.4199829
-7.758774 -3.7125092 -0.26287842
-7.546921 -3.7291718 -0.0914917
-7.463608 -3.603012 -0.13433838
-7.4993134 -3.4816132 -0.12243652
-7.856369 -3.3863983 -0.32000732
-8.494308 -3.3364105 -0.6104126
-9.201279 -3.4054413 -0.9412842
-10.039169 -3.5030365 -1.1674194
-10.777084 -3.5077972 -1.3173828
-11.479294 -3.5792084 -1.3411865
-12.02916 -3.7267914 -1.3102417
-12.595688 -3.7363129 -1.3745117
-12.990829 -3.6529999 -1.5839844
-13.109848 -3.5054169 -1.914856
-13.12175 -3.191208 -2.3457031
-13.457382 -2.910324 -2.6480103
-14.066757 -3.031723 -2.5218506
-14.509506 -3.364975 -2.3147583
-14.240524 -3.8696136 -2.0386353
-12.986069 -4.2980804 -1.6173096
Time Stop = 1457234033
