Time Start = 1457238381
-0.18443298 0.12464905 10.329773
-0.18681335 -0.38475037 9.941772
-0.017807007 -1.1417084 9.615662
0.07026672 -1.4011688 9.708496
0.03694153 -1.094101 9.675171
-0.04637146 -0.8036957 9.848938
0.010757446 -0.7346649 10.022705
0.051223755 -0.7013397 9.877502
0.01789856 -0.7013397 9.834656
-0.02494812 -0.64897156 9.856079
0.04170227 -0.613266 9.915588
-0.008285522 -0.67277527 9.865601
-0.034469604 -0.76322937 9.789429
-0.039230347 -0.78941345 9.894165
0.005996704 -0.7203827 9.867981
-0.013046265 -0.7346649 9.744202
-0.020187378 -0.79655457 9.844177
0.01789856 -0.7108612 9.841797
-0.041610718 -0.6680145 9.853699
-0.039230347 -0.7465668 9.791809
-0.017807007 -0.77275085 9.984619
-0.041610718 -0.7037201 9.73468
-0.027328491 -0.74180603 9.882263
-0.029708862 -0.77989197 9.789429
-0.010665894 -0.76560974 9.758484
-0.039230347 -0.8203583 9.86322
-0.079696655 -0.8013153 9.748962
-0.008285522 -0.760849 9.977478
-0.017807007 -0.74894714 9.751343
-0.0059051514 -0.5966034 9.86084
-0.041610718 -0.7584686 9.92749
-0.015426636 -0.7013397 9.972717
-0.041610718 -0.6632538 9.834656
-0.077316284 -0.72276306 9.834656
-0.04875183 -0.74894714 9.920349
-0.06541443 -0.79655457 9.763245
-0.053512573 -0.6442108 9.813232
0.03694153 -0.6537323 9.751343
0.01789856 -0.7108612 9.967957
0.0393219 -0.6799164 9.998901
0.09169006 -0.53471375 9.844177
-0.0035247803 -0.58232117 9.737061
-0.09635925 -0.64183044 9.86084
-0.032089233 -0.63230896 9.791809
-0.015426636 -0.65849304 9.827515
-0.103500366 -0.6513519 9.746582
-0.11302185 -0.84654236 9.748962
-0.022567749 -1.0250702 9.770386
0.02027893 -0.8084564 9.577576
-0.08921814 -0.87034607 9.832275
-0.08921814 -0.6561127 10.282166
0.16072083 -0.056259155 9.689453
-0.17729187 -0.30143738 9.92749
-0.051132202 -0.80607605 10.025085
0.06550598 -0.73228455 9.66803
0.034561157 -0.64897156 9.7323
-0.14396667 -0.72276306 9.760864
-0.055892944 -0.86320496 9.79657
-0.077316284 -0.7132416 9.820374
-0.16062927 -0.26811218 9.898926
-0.1415863 -0.27287292 10.025085
-0.06303406 -0.34428406 10.067932
-0.32011414 1.2220001 9.79657
-0.053512573 -0.8608246 9.725159
0.1631012 -1.3845062 9.3966675
0.19404602 -0.760849 9.746582
-0.120162964 -0.52519226 9.941772
0.01789856 -0.7108612 9.884644
0.032180786 -0.6941986 9.872742
-0.2725067 -0.5037689 9.951294
-0.29393005 -0.32048035 9.867981
-0.12968445 -0.31095886 9.944153
-0.04637146 -0.5132904 9.872742
-0.036849976 -0.6108856 9.832275
-0.029708862 -0.55137634 10.067932
-0.0844574 -0.33476257 10.046509
-0.08683777 -0.16575623 10.267883
-0.06541443 -0.5037689 10.351196
-0.16300964 -0.7941742 10.284546
-0.19871521 -0.67277527 9.656128
-0.10826111 -1.0060272 9.6085205
0.022659302 -0.75608826 9.948914
-0.036849976 -0.9417572 10.291687
0.21546936 -0.48710632 10.079834
-0.06303406 -0.21812439 10.263123
-0.53196716 0.2032013 10.465454
-0.4058075 0.25794983 10.748718
0.14881897 -0.32048035 10.474976
0.6725006 -1.1512299 10.11554
0.70106506 -1.2393036 8.625427
1.5937042 -2.812729 9.648987
-0.17015076 -1.6772919 9.213379
-1.1556244 -1.120285 9.729919
-1.0961151 -1.2607269 9.791809
-0.7819061 -1.7129974 9.149109
-1.1151581 -2.4294891 8.89917
-0.32487488 -2.8555756 9.022949
-0.07493591 -2.5723114 8.220764
0.053604126 -2.4532928 8.713501
0.07026672 -1.7129974 9.596619
-0.017807007 -1.2059784 9.882263
-0.09635925 -1.0845795 9.620422
0.010757446 -1.7463226 9.1657715
-0.055892944 -1.8105927 9.22052
-0.11064148 -1.4368744 9.92511
-0.19871521 -1.1250458 9.7323
-0.30821228 -1.2012177 9.510925
-0.27488708 -1.3321381 9.708496
-0.31297302 -1.0512543 10.146484
-0.6105194 -0.7513275 10.405945
0.15834045 -0.88700867 9.232422
-0.18919373 -1.075058 10.234558
-0.248703 -1.1012421 11.008179
-0.9247284 0.38887024 9.677551
0.18214417 -0.5894623 10.341675
0.4677887 -0.41807556 10.1345825
-0.11302185 -0.28953552 10.129822
-0.11302185 -0.1181488 10.24884
-0.017807007 -0.19194031 10.2178955
0.31306458 -0.46568298 10.127441
0.22737122 -0.5799408 10.025085
-0.08683777 -0.53471375 10.075073
-0.017807007 -0.64183044 10.017944
-0.0035247803 -0.81321716 10.032227
-0.077316284 -0.7275238 9.872742
-0.020187378 -0.75608826 9.882263
0.10359192 -0.7465668 9.853699
0.032180786 -0.73942566 9.877502
-0.32011414 -0.55851746 9.739441
-0.53196716 -0.34428406 10.298828
-0.59147644 -0.34666443 10.713013
-0.2320404 -0.43711853 10.341675
-0.32963562 -0.49186707 9.656128
-0.40818787 -0.3895111 9.482361
0.8296051 -2.1414642 9.47522
0.06312561 -2.5746918 9.239563
0.046463013 -2.3485565 8.892029
0.24403381 -1.6606293 9.196716
0.14405823 -1.1298065 9.53949
-0.0844574 -0.5394745 9.970337
-0.28678894 -0.032455444 9.996521
-0.34629822 0.072280884 10.032227
-0.30821228 -0.12528992 10.110779
-0.13920593 -0.3895111 9.934631
-0.04637146 -0.8203583 10.146484
0.37971497 -0.4490204 9.315735
0.06312561 -1.3773651 10.017944
-0.72953796 -1.3559418 9.858459
-0.18443298 -0.99412537 9.86322
0.25593567 -0.6941986 9.718018
0.16072083 -0.81321716 10.013184
-0.08207703 -1.0702972 9.944153
-0.07017517 -0.93699646 9.865601
-0.013046265 -0.6204071 9.92511
-0.034469604 -0.47520447 9.979858
-0.11540222 -0.33476257 9.908447
-0.1415863 -0.5870819 9.946533
-0.041610718 -0.696579 9.770386
0.15357971 -0.1681366 9.982239
0.075027466 -0.57518005 9.941772
-0.25108337 -1.3440399 9.729919
-0.10826111 -1.517807 9.822754
0.20594788 -0.7203827 9.853699
0.2940216 -0.2823944 10.003662
-0.0677948 -0.2752533 9.820374
-0.055892944 -1.010788 9.898926
0.0393219 -1.0203094 9.682312
0.09883118 -0.7037201 9.867981
-0.16539001 -0.51805115 9.982239
-0.33677673 0.12702942 10.058411
-0.37010193 0.81495667 10.553528
-0.332016 0.29841614 10.265503
-0.07255554 -0.46092224 9.8394165
0.14881897 -0.8513031 9.601379
0.15596008 -1.1916962 9.434753
-0.039230347 -0.79655457 10.167908
-0.31059265 -1.1345673 9.134827
-0.54862976 -2.3604584 9.056274
-0.09635925 -2.3699799 8.994385
0.22261047 -1.7844086 9.28241
0.07978821 -0.85606384 9.765625
-0.22013855 -0.058639526 10.106018
-0.27012634 0.4340973 10.067932
-0.18919373 0.5650177 10.227417
-0.17967224 1.2077179 10.022705
-0.33439636 1.0077667 10.653503
-0.42485046 -0.5537567 10.267883
-0.42723083 -0.36094666 9.15863
0.072647095 -1.2750092 9.844177
0.28926086 -1.2654877 9.625183
-0.122543335 -1.7582245 9.610901
-0.13444519 -1.8415375 9.47522
0.055984497 -1.3321381 9.60614
0.008377075 -0.69895935 9.832275
-0.10826111 -0.28953552 9.929871
0.0012359619 0.055618286 10.048889
0.11073303 0.06513977 10.75824
-0.627182 0.8792267 9.903687
0.034561157 -0.5466156 10.203613
0.37495422 -0.45378113 9.720398
-0.15348816 -0.40379333 9.808472
-0.27964783 -0.5061493 9.939392
-0.098739624 -0.5037689 9.648987
-0.13920593 -0.6227875 9.970337
-0.010665894 -0.548996 9.746582
0.008377075 -0.7132416 9.729919
-0.08207703 -0.80607605 9.741821
0.06788635 -0.6204071 9.965576
0.10121155 -0.45378113 10.113159
-0.16062927 -0.40379333 9.944153
-0.26298523 -0.4394989 9.965576
-0.07493591 -0.5632782 9.856079
0.05836487 -0.9346161 9.648987
0.28450012 -0.40141296 9.741821
0.1631012 -0.20384216 9.953674
-0.30107117 -0.14433289 9.806091
-0.32725525 -0.4561615 9.86084
-0.077316284 -0.54185486 9.689453
-0.13920593 -0.51091003 9.877502
-0.20585632 -0.39665222 9.963196
-0.11778259 -0.2823944 9.829895
-0.124923706 -0.2823944 9.841797
-0.08207703 -0.15861511 9.86322
0.1131134 -0.18717957 9.946533
-0.17015076 -0.63468933 9.646606
-0.08207703 -0.927475 9.958435
0.08930969 -0.77989197 9.834656
0.032180786 -0.6465912 9.853699
-0.13920593 -0.55137634 9.910828
-0.10588074 -0.35380554 9.967957
-0.079696655 -0.32048035 9.953674
-0.036849976 -0.38237 9.815613
-0.02494812 -0.67515564 9.7751465
-0.008285522 -0.78941345 9.891785
-0.041610718 -0.6941986 9.725159
-0.11540222 -0.5966034 9.92749
-0.122543335 -0.6537323 9.898926
-0.015426636 -0.7846527 9.710876
0.051223755 -0.908432 9.887024
-0.010665894 -0.72276306 9.715637
-0.079696655 -0.5442352 9.872742
-0.19633484 -0.55851746 9.713257
-0.14634705 -0.7370453 9.79657
0.04408264 -0.99650574 9.817993
0.129776 -0.8536835 9.887024
0.0012359619 -0.844162 9.872742
-0.13206482 -0.91319275 9.867981
-0.120162964 -0.7180023 9.86322
-0.055892944 -0.45140076 10.096497
-0.12730408 -0.5156708 9.882263
-0.09397888 -0.63230896 9.846558
-0.041610718 -0.73942566 9.884644
-0.053512573 -0.80607605 9.806091
-0.08921814 -0.8274994 9.915588
-0.06541443 -0.7370453 10.170288
-0.098739624 -0.6632538 10.022705
-0.13920593 -0.83940125 9.958435
-0.0035247803 -1.0417328 10.039368
0.10597229 -0.9846039 9.808472
-0.0011444092 -0.6846771 10.101257
-0.032089233 -0.47044373 9.99176
-0.21775818 -0.58470154 10.098877
-0.42008972 -0.8489227 10.303589
-0.37724304 -0.8108368 10.355957
0.032180786 -0.51805115 10.258362
0.2535553 -0.529953 9.887024
0.06550598 -0.9679413 9.565674
-0.21299744 -1.5677948 9.66803
-0.21061707 -1.7582245 9.225281
-0.6200409 -1.8272552 9.5442505
-0.25584412 -2.2342987 9.360962
-0.19395447 -2.3628387 8.951538
-0.10826111 -2.6199188 8.789673
0.032180786 -2.6222992 8.992004
0.18214417 -2.1700287 9.653748
0.19642639 -1.434494 9.73468
-0.120162964 -0.8370209 9.701355
-0.3058319 -0.85606384 9.827515
-0.2082367 -1.0679169 9.47522
-0.23918152 -1.2559662 9.275269
-0.23918152 -1.4582977 9.330017
-0.36772156 -1.47258 9.563293
-0.051132202 -0.7537079 9.9869995
-0.23442078 -0.64183044 10.979614
-0.9175873 -0.92033386 10.789185
-0.120162964 -1.4416351 10.198853
0.591568 -1.6035004 9.596619
0.4511261 -1.0393524 9.9869995
-0.07017517 -0.8084564 10.05127
-0.2891693 -1.0512543 9.237183
-0.058273315 -1.0464935 9.9227295
0.09883118 -0.5370941 9.73468
-0.16539001 -0.92033386 9.694214
-0.31059265 -1.0441132 9.651367
-0.0844574 -0.85606384 9.677551
0.008377075 -0.96318054 9.737061
-0.0035247803 -1.0726776 9.572815
-0.032089233 -0.87034607 10.003662
-0.08683777 -0.34666443 9.972717
-0.15110779 -0.2823944 9.977478
-0.30107117 -0.44425964 10.353577
-0.2082367 -0.37998962 9.951294
-0.35105896 -0.8584442 9.896545
-0.31773376 -1.3987885 10.132202
0.055984497 -1.5654144 9.708496
0.22737122 -1.1916962 9.648987
0.01789856 -0.8179779 9.822754
-0.14872742 -0.7108612 9.887024
-0.12968445 -0.6870575 9.913208
-0.053512573 -0.5966034 9.889404
-0.09635925 -0.49186707 10.05603
-0.032089233 -0.47520447 9.601379
-0.079696655 -0.5775604 9.984619
-0.08683777 -0.46806335 9.960815
-0.14396667 -0.39665222 9.937012
-0.09397888 -0.52757263 9.946533
-0.060653687 -0.594223 9.882263
-0.10826111 -0.70848083 9.846558
-0.029708862 -0.83940125 9.934631
0.06312561 -0.9679413 9.86322
-0.022567749 -0.7584686 9.941772
-0.103500366 -0.58470154 10.098877
-0.029708862 -0.47520447 10.101257
-0.120162964 -0.62516785 10.101257
-0.041610718 -0.5870819 10.0703125
-0.124923706 -0.8108368 9.532349
-0.2082367 -0.9893646 9.853699
-0.11064148 -0.9250946 9.741821
0.19166565 -0.8846283 9.339539
-0.1915741 -1.3559418 9.672791
-0.4129486 -1.4749603 9.622803
0.055984497 -1.3678436 9.677551
0.28211975 -1.0893402 9.663269
0.01789856 -0.67277527 9.770386
-0.29631042 -0.16099548 10.032227
-0.36058044 -0.07292175 10.132202
-0.37724304 -0.3323822 10.534485
-0.0677948 -0.27287292 9.560913
-0.18205261 -1.0036469 9.99176
-0.43675232 -1.5487518 9.848938
-0.098739624 -1.2607269 9.760864
0.24165344 -0.76560974 9.998901
0.15834045 -0.5132904 10.082214
-0.036849976 -0.36808777 10.094116
-0.124923706 -0.23954773 9.944153
-0.16539001 -0.3323822 9.829895
-0.19633484 -0.529953 9.882263
0.07026672 -0.27049255 9.832275
0.16072083 -0.013412476 9.651367
-0.1749115 -0.760849 9.458557
-0.5224457 -1.3868866 9.370483
-0.2725067 -1.7344208 9.529968
0.10121155 -1.8558197 9.529968
0.17500305 -1.5154266 9.537109
0.013137817 -1.2274017 9.625183
-0.051132202 -0.98698425 9.777527
0.053604126 -0.58470154 9.953674
0.053604126 -0.20146179 10.013184
-0.07255554 -0.020553589 9.970337
-0.07493591 -0.07292175 10.470215
-0.036849976 -0.18003845 9.551392
0.06550598 -0.51091003 9.60614
-0.079696655 -0.4490204 9.913208
-0.25346375 -0.7108612 10.125061
-0.22727966 -0.67277527 9.825134
-0.101119995 -0.56565857 9.889404
-0.034469604 -0.6465912 9.910828
0.0393219 -0.6299286 10.048889
0.06312561 -0.5370941 10.046509
-0.0035247803 -0.4561615 9.92749
-0.0844574 -0.5704193 9.848938
-0.098739624 -0.7775116 9.865601
-0.0059051514 -0.82987976 9.748962
-0.055892944 -0.7703705 9.79657
-0.15348816 -0.6513519 9.701355
-0.2320404 -0.67277527 9.872742
-0.18681335 -0.8751068 9.844177
-0.124923706 -1.1012421 9.629944
-0.07493591 -1.3154755 9.903687
-0.041610718 -1.0702972 10.1536255
0.04408264 -0.72514343 9.837036
0.027420044 -0.6108856 9.677551
0.03694153 -0.8822479 9.884644
-0.022567749 -0.9988861 9.741821
0.008377075 -0.95365906 9.751343
0.0155181885 -0.7751312 9.806091
-0.060653687 -0.55851746 9.934631
-0.08207703 -0.38237 9.977478
-0.16777039 -0.43711853 9.948914
-0.14872742 -0.55137634 9.9227295
-0.11302185 -0.6513519 10.065552
-0.02494812 -0.5799408 9.958435
-0.036849976 -0.56565857 9.832275
-0.041610718 -0.6941986 9.848938
0.027420044 -0.76560974 9.853699
0.08930969 -0.76560974 9.832275
0.0393219 -0.7537079 9.725159
-0.058273315 -0.8036957 9.820374
-0.13206482 -0.83226013 9.908447
-0.101119995 -0.7703705 9.965576
-0.029708862 -0.74180603 9.853699
0.034561157 -0.6299286 9.837036
-0.10826111 -0.6846771 9.894165
-0.10826111 -0.5775604 9.929871
-0.058273315 -0.51805115 9.877502
-0.10826111 -0.5894623 9.9227295
-0.07493591 -0.6608734 9.827515
-0.051132202 -0.7370453 9.827515
-0.015426636 -0.77275085 9.882263
0.032180786 -0.7037201 9.753723
-0.010665894 -0.825119 9.7561035
0.003616333 -0.8655853 9.820374
-0.0011444092 -0.88938904 9.737061
0.027420044 -0.8274994 9.870361
0.0393219 -0.78227234 10.165527
-0.036849976 -0.4894867 9.60614
-0.11064148 -0.613266 9.768005
-0.16777039 -0.7203827 9.970337
-0.11778259 -0.6799164 9.879883
-0.04875183 -0.62516785 9.898926
-0.10826111 -0.6442108 9.8394165
-0.07255554 -0.67515564 9.958435
0.005996704 -0.6846771 9.817993
-0.04637146 -0.83940125 9.817993
0.003616333 -0.85606384 9.865601
0.03694153 -0.77275085 9.67041
-0.027328491 -0.6941986 9.770386
-0.036849976 -0.5799408 9.658508
-0.04637146 -0.5370941 9.8394165
-0.10588074 -0.7203827 9.958435
-0.06303406 -0.6442108 9.746582
-0.04875183 -0.677536 9.848938
-0.02494812 -0.7037201 9.939392
0.025039673 -0.72276306 9.889404
0.048843384 -0.7013397 9.7751465
0.046463013 -0.70610046 9.791809
-0.08207703 -0.7370453 9.770386
-0.09397888 -0.65849304 9.939392
-0.07493591 -0.6370697 9.913208
-0.07017517 -0.6846771 9.856079
-0.079696655 -0.6941986 9.832275
-0.015426636 -0.7441864 9.882263
0.025039673 -0.74894714 9.820374
0.003616333 -0.7180023 9.86084
-0.010665894 -0.75608826 9.903687
-0.034469604 -0.7370453 9.794189
-0.0844574 -0.7108612 9.834656
-0.039230347 -0.6941986 9.856079
0.09169006 -0.32762146 9.015808
0.0393219 -0.7037201 9.206238
0.032180786 -0.7751312 10.18457
-0.10588074 -0.7537079 9.898926
-0.034469604 -0.7013397 9.579956
-0.020187378 -0.9488983 9.975098
0.010757446 -0.8179779 9.956055
0.03694153 -0.7132416 10.046509
0.09883118 -0.8084564 9.960815
0.0155181885 -0.58232117 9.853699
-0.04637146 -0.2657318 10.165527
-0.19633484 -0.17051697 10.558289
-0.17015076 -0.28953552 9.589478
-0.40104675 -0.61564636 9.582336
-0.42485046 -0.594223 9.882263
-0.15586853 -0.908432 9.403809
-0.022567749 -1.979599 9.468079
0.08930969 -2.1224213 9.294312
0.1464386 -1.6939545 9.441895
0.051223755 -1.1274261 9.465698
-0.07017517 -0.7037201 9.689453
-0.13682556 -0.14909363 9.98938
-0.1582489 0.2769928 10.058411
-0.16300964 0.79829407 9.765625
-0.16539001 -0.08482361 11.424744
-0.50816345 -0.72276306 10.103638
-0.10588074 -1.9272308 9.368103
0.4915924 -1.9486542 9.275269
0.7867584 -0.86320496 9.953674
0.12263489 -0.21098328 9.451416
-0.90330505 -0.039596558 10.298828
-0.22727966 -0.3728485 9.596619
0.022659302 -0.972702 9.637085
0.0012359619 -1.120285 9.701355
-0.13206482 -0.86320496 9.822754
-0.07493591 -0.59898376 9.829895
0.034561157 -0.5799408 9.718018
-0.04637146 -0.6680145 9.829895
-0.09159851 -0.54185486 9.99176
-0.077316284 -0.39427185 9.948914
-0.11540222 -0.41331482 9.917969
-0.02494812 0.01991272 9.727539
0.0012359619 -0.696579 10.17981
-0.35343933 -1.0250702 9.579956
-0.053512573 -1.1726532 9.727539
0.14167786 -0.760849 9.86084
-0.058273315 -0.55137634 9.920349
-0.36058044 -0.7013397 9.856079
-0.30107117 -0.9012909 9.777527
-0.02494812 -0.81559753 9.92511
0.09883118 -0.5442352 9.887024
0.04170227 -0.42997742 10.05127
Time Stop = 1457238386
