Time Start = 1457237188
-0.42008972 3.33815 8.758728
-0.46531677 3.7190094 8.546875
-0.39152527 3.8308868 8.544495
-0.42723083 3.8546906 8.454041
-0.50102234 3.6690216 8.4730835
-0.32011414 3.5761871 8.5373535
-0.18919373 3.607132 8.865845
-0.010665894 3.8237457 8.782532
0.027420044 3.864212 8.875366
0.010757446 3.7451935 8.739685
-0.120162964 3.4809723 8.561157
-0.2986908 3.1953278 8.504028
-0.396286 3.0572662 8.442139
-0.22251892 3.311966 8.118408
-0.11540222 3.2976837 8.265991
-0.09397888 3.2905426 8.399292
-0.32963562 3.1310577 8.765869
-0.49864197 2.747818 9.170532
-0.64146423 2.6883087 9.180054
-0.6343231 2.8858795 9.001526
-0.5724335 2.978714 9.02533
-0.43199158 2.978714 9.034851
-0.13682556 2.766861 9.258606
0.13453674 2.6049957 9.2229
0.013137817 2.0670319 9.34668
-0.058273315 2.3217316 8.913452
-1.9340057 3.46669 8.418335
-2.686203 3.6928253 7.444763
-1.2556 2.8192291 7.3828735
-0.25108337 2.626419 6.768738
-0.122543335 2.4859772 6.4069214
-0.4224701 2.3383942 6.192688
-0.793808 2.2360382 5.7213745
-1.0627899 1.9932404 5.173889
-1.1008759 1.4981232 4.519287
-1.0842133 0.8839874 3.9741821
-1.0675507 0.20082092 3.8289795
-1.0746918 0.12226868 3.883728
-1.217514 0.3507843 3.89563
-1.4626923 0.4507599 4.005127
-1.6626434 0.688797 3.9170532
-1.7673798 0.8030548 3.9075317
-1.8530731 0.90065 3.9694214
-1.8697357 1.1220245 3.8884888
-1.7649994 1.1006012 3.5266724
-1.7269135 0.88160706 2.8839722
-1.8721161 0.66023254 2.22937
-2.314865 -0.056259155 1.9508667
-3.2265472 -1.2250214 2.2269897
-4.381027 -3.7148895 2.9672852
-5.9211273 -7.290207 4.243164
-8.418137 -10.558456 3.9170532
-11.514999 -11.989059 1.7390137
-12.231491 -12.63652 -0.30096436
-10.410507 -12.253281 -1.5601807
-7.780197 -11.184494 -1.9219971
-6.304367 -11.448715 -0.4366455
-6.509079 -11.124985 1.9056396
-7.887314 -10.891708 4.1741333
-9.567856 -11.8629 6.5759277
-10.808029 -12.798386 7.032959
-11.460251 -13.307785 6.9734497
-11.460251 -13.5482025 6.942505
-11.105576 -13.138779 6.533081
-10.653305 -11.724838 5.552368
-9.767807 -9.61821 4.5549927
-8.998947 -9.511093 4.9310913
-8.603806 -9.772934 5.288147
-8.925156 -10.406113 5.557129
-9.6297455 -10.960739 5.897522
-10.060593 -11.301132 6.135559
-10.086777 -11.877182 6.321228
-10.198654 -12.607956 6.4212036
-10.377182 -12.715073 5.595215
-10.162949 -13.003098 4.205078
-9.736862 -13.345871 2.312683
-9.360764 -13.748154 0.9939575
-9.441696 -14.464645 0.77734375
-9.65593 -15.333481 0.9558716
-10.224838 -15.828598 1.0510864
-10.988937 -15.923813 0.6178589
-11.476913 -15.231125 -0.2319336
-11.350754 -14.500351 -0.5175781
-10.984177 -13.633896 0.11798096
-10.512863 -12.584152 0.6345215
-10.374802 -11.660568 0.96539307
-10.5342865 -10.972641 1.0796509
-10.593796 -10.734604 1.1653442
-10.460495 -11.089279 1.2700806
-10.3629 -11.529648 1.1724854
-10.246262 -11.996201 -0.022460938
-10.550949 -12.381821 -1.1126709
-10.531906 -12.017624 -1.0722046
-9.996323 -11.510605 -0.8222656
-9.308395 -10.175217 -0.11767578
-8.610947 -8.699387 0.9534912
-8.370529 -7.2735443 1.65094
-8.408615 -6.340439 2.434082
-8.144394 -6.3451996 1.8556519
-8.261032 -7.040268 1.132019
-8.796616 -7.944809 1.5866699
-9.6940155 -8.092392 2.407898
-10.10582 -7.6210785 3.531433
-9.691635 -6.5689545 4.562134
-8.332443 -5.7405853 4.338379
-7.299362 -5.205002 4.0075073
-6.70903 -4.9860077 4.459778
-6.7114105 -4.697983 4.4573975
-7.2946014 -4.186203 3.652832
-7.746872 -3.5292206 3.6004639
-7.239853 -2.9507904 3.2219849
-6.137741 -2.4175873 2.2531738
-5.2093964 -1.8201141 0.66070557
-4.5381317 -1.3321381 -1.1745605
-4.045395 -0.97032166 -1.5911255
-3.2979584 -0.3895111 -0.7770386
-2.6528778 0.58644104 1.003479
-2.398178 1.8408966 2.7530518
-2.4529266 2.5526276 4.5597534
-2.5671844 2.1670074 5.152466
-2.8433075 0.5507355 4.376465
-3.545517 -0.85606384 2.3293457
-4.552414 -1.2988129 0.5678711
-4.899948 -1.3916473 -0.07244873
-5.1594086 -0.30381775 0.7963867
-6.368637 1.3291168 2.5483398
-7.5064545 2.2550812 4.1098633
-7.7706757 1.8718414 5.211975
-6.9613495 0.89112854 5.038208
-5.887802 0.16273499 5.11438
-5.9092255 0.2103424 4.9120483
-6.9113617 0.61024475 5.5856934
-8.111069 1.4862213 5.4785767
-8.808517 2.221756 5.281006
-9.108444 2.4883575 5.083435
-9.363144 1.9575348 4.7454224
-9.636887 -0.099105835 4.269348
-9.98204 -2.2914276 2.03656
-16.849411 0.01991272 2.4031372
-17.818222 4.8996735 2.8435059
-11.733994 1.3910065 9.906067
-4.9713593 3.7309113 9.358582
-7.489792 3.5023956 8.289795
-14.116745 3.3238678 4.8620605
-10.353378 -3.5054169 3.0148926
-19.671936 -3.3030853 1.6842651
-7.0446625 -4.390915 19.044312
1.976944 13.176224 19.603699
-3.56456 11.581375 19.603699
-3.8692474 -0.9822235 16.72107
-3.257492 -5.654892 14.764404
-3.7454681 -2.7008514 10.270264
-2.5909882 4.909195 5.185791
-1.6816864 1.3910065 8.380249
-3.0480194 -2.1367035 9.941772
-2.6076508 -1.0869598 11.284302
-3.121811 -0.24668884 12.198364
-2.8742523 0.8220978 10.232178
-2.519577 3.0120392 7.111511
-2.4648285 0.04371643 6.9853516
-3.1837006 -1.7748871 6.9210815
-2.5148163 -2.2985687 6.9448853
-2.2101288 -2.1890717 8.296936
-2.583847 -1.0583954 9.144348
-2.9290009 0.227005 10.686829
-3.064682 1.9599152 12.160278
-2.9575653 2.2074738 11.077209
-3.0623016 0.18891907 10.477356
-2.6766815 1.3410187 8.8515625
-2.167282 1.2838898 8.942017
-2.3386688 0.31269836 8.1588745
-2.4124603 -0.14909363 8.175537
-2.3791351 -0.101486206 9.73468
-2.1744232 -0.096725464 10.091736
-2.4076996 -0.7584686 11.543762
-2.2982025 -0.08958435 11.412842
-1.9768524 1.2077179 9.591858
-2.34581 0.38648987 9.15387
-2.7790375 1.0410919 8.375488
-2.2529755 0.4007721 9.201477
-2.0149384 -0.3728485 9.8394165
-2.0339813 -0.50852966 10.555908
-1.6816864 -0.9988861 11.21051
-2.1196747 0.098464966 10.846313
-2.198227 1.7004547 9.063416
-2.4243622 0.7554474 7.5637817
-2.890915 -1.2583466 8.294556
-2.133957 -0.7537079 10.265503
-1.4317474 0.60072327 11.067688
-2.1506195 -0.02293396 10.298828
-2.8504486 -0.24668884 9.758484
-2.3624725 0.2436676 9.308594
-1.8102264 -0.3252411 8.251709
-2.326767 -1.9819794 9.21814
-2.2839203 -1.0702972 10.620178
-1.5222015 -0.46568298 10.803467
-2.364853 -0.9250946 10.703491
-2.9409027 0.7197418 10.141724
-2.6314545 1.0077667 10.4487915
-2.8885345 0.3841095 9.2300415
-2.7957 -0.64897156 7.789917
-2.8552094 -2.070053 8.118408
-2.5338593 -2.1033783 9.1657715
-2.1768036 -1.7272797 9.594238
-2.9837494 -0.9822235 9.549011
-2.962326 -0.31333923 10.3012085
-2.6504974 -1.0393524 12.1293335
-2.9647064 -0.77275085 12.176941
-3.257492 -0.6227875 10.805847
-3.0551605 -1.0631561 9.60614
-3.102768 -2.4770966 9.653748
-3.2075043 -2.3247528 8.96582
-2.7980804 -2.3104706 8.573059
-2.3553314 -2.8341522 8.70874
-2.5743256 -2.7056122 8.687317
-3.1908417 -2.043869 8.782532
-3.8621063 -0.7679901 8.7039795
-4.1786957 -0.42759705 8.568298
-4.185837 -1.0298309 8.682556
-4.1977386 -1.8439178 8.692078
-4.359604 -2.6508636 8.734924
-4.7690277 -2.5294647 8.668274
-4.661911 -2.5842133 9.1657715
-4.1263275 -2.4770966 8.946777
-3.8359222 -2.993637 9.039612
-4.104904 -3.3102264 8.970581
-4.2786713 -3.20549 8.680176
-4.257248 -3.1650238 8.734924
-4.121567 -3.1269379 8.887268
-3.9168549 -3.3887787 9.41333
-4.0549164 -3.7363129 10.108398
-4.1786957 -3.493515 10.327393
-4.252487 -3.538742 10.941528
-4.559555 -3.1197968 11.008179
-5.059433 -2.838913 11.001038
-5.4236298 -2.4437714 10.43689
-5.6711884 -2.1700287 9.79657
-5.6735687 -2.4318695 9.456177
-5.187973 -1.8224945 8.027954
-4.1834564 -0.3085785 7.9351196
-3.7097626 -2.9531708 9.944153
-4.990402 -3.217392 7.559021
-6.918503 -1.7891693 4.79303
-7.592148 -2.7222748 5.3286133
-6.490036 -4.0671844 5.890381
-5.4331512 -5.1002655 5.402405
-4.8880463 -5.226425 4.6692505
-4.873764 -5.271652 5.545227
-5.321274 -5.5549164 6.616394
-5.816391 -5.6191864 6.78302
-5.7164154 -6.1976166 7.732788
-5.535507 -6.0905 7.918457
-5.7425995 -5.245468 7.963684
-5.2332 -4.174301 8.206482
-3.4407806 -3.3625946 8.925354
-2.0625458 -2.6508636 9.213379
-2.2910614 -1.4463959 9.239563
-2.6814423 1.3386383 7.8327637
-1.1127777 2.0884552 7.8898926
0.7629547 0.5078888 7.6066284
-0.9842377 1.2362823 9.151489
-2.1720428 0.8125763 10.658264
-2.167282 -2.0557709 9.884644
-2.8861542 -5.571579 8.496887
-4.9213715 -7.680588 6.71875
-5.611679 -6.6260834 6.095093
-4.707138 -4.0290985 6.937744
-4.1263275 -1.1083832 8.877747
-3.8240204 0.6388092 11.14386
-3.416977 0.6126251 11.203369
-3.6692963 -0.9012909 10.036987
-3.88591 -2.0129242 9.051514
-4.4143524 -2.6365814 9.022949
-4.8071136 -4.0671844 9.532349
-5.0689545 -5.6334686 8.968201
-5.9211273 -7.349716 8.19696
-7.1779633 -5.8881683 8.144592
-6.3448334 -1.0441132 10.232178
-3.7859344 1.5719147 12.112671
-4.2929535 1.8932648 12.267395
-4.423874 -1.3226166 12.000793
-3.847824 -3.0912323 11.572327
-4.1334686 -2.6389618 11.729431
-4.3119965 -2.3747406 11.757996
-3.7692719 -2.2462006 10.417847
-3.1622772 -2.5413666 9.087219
-3.95018 -2.8912811 6.918701
-4.0549164 -3.3554535 6.1427
-4.0096893 -0.9584198 5.980835
-3.2265472 -0.3252411 6.1260376
-3.5502777 0.04133606 5.8760986
-4.238205 0.7649689 5.557129
-5.623581 1.2029572 4.916809
-4.6333466 1.317215 6.14032
-4.3762665 1.5409698 7.3947754
-5.6854706 -0.1847992 6.506897
-5.933029 -1.5915985 5.8808594
-6.4852753 -0.2823944 5.94751
-6.3019867 0.72450256 6.9972534
-6.7685394 -0.11576843 8.808716
-7.4231415 -1.2131195 10.75824
-7.630234 -1.4559174 12.195984
-7.4493256 -1.6820526 13.083862
-7.1017914 -2.146225 13.309998
-6.8256683 -2.7008514 12.731567
-6.520981 -2.5675507 11.622314
-6.247238 -2.300949 10.639221
-5.6259613 -1.4202118 9.722778
-5.0546722 -0.85606384 8.9348755
-4.84758 -0.594223 8.023193
-5.0451508 -1.1440887 7.7613525
-5.4736176 -2.2914276 8.244568
-6.1210785 -3.6553802 9.387146
-6.1710663 -3.641098 9.365723
-5.535507 -3.2673798 9.394287
-5.149887 -3.224533 8.285034
-5.6473846 -2.974594 6.744934
-5.368881 -3.3245087 6.449768
-4.321518 -2.6508636 6.585449
-2.4410248 -0.87034607 6.392639
-1.5483856 2.0265656 6.1141357
-1.51268 3.40242 6.2545776
-1.4769745 3.3500519 6.237915
-1.8959198 3.5642853 5.300049
-2.8552094 3.421463 4.4526367
-3.1765594 2.4026642 3.7456665
-2.807602 1.6219025 3.1981812
-2.0458832 1.824234 1.3605347
-1.569809 2.240799 0.05847168
-1.3508148 1.0458527 -0.12719727
-1.717392 0.24604797 -1.1174316
-2.8956757 -0.7703705 -1.7791748
-4.521469 -1.8058319 -1.7863159
-6.4924164 -3.1316986 -0.7579956
-8.349106 -4.2147675 0.36553955
-9.413132 -4.7146454 1.170105
-9.601181 -4.724167 1.8675537
-8.88707 -4.878891 2.5078735
-8.153915 -4.3385468 2.472168
-7.9801483 -3.4697113 2.7316284
-8.482407 -2.4628143 3.1386719
-9.534531 -1.582077 3.5385742
-10.227219 -1.010788 3.4243164
-10.517624 -0.825119 3.0315552
-10.731857 -0.66563416 2.5197754
-11.472153 -0.5775604 2.1032104
-12.388596 -0.3561859 1.8746948
-13.374069 -1.1107635 1.8461304
-14.4214325 -1.3035736 1.0439453
-15.952011 -1.8105927 0.4512329
-17.87297 -2.4104462 -0.21765137
-19.671936 -3.1269379 -0.38427734
-19.671936 -3.955307 0.5274048
-19.671936 -5.0169525 1.2962646
-19.671936 -5.885788 1.0844116
-19.079819 -5.8953094 -0.79608154
-17.29216 -5.0740814 -3.307373
-15.630661 -4.205246 -5.687744
-14.028671 -4.186203 -6.289978
-12.407639 -4.764633 -5.7805786
-10.903244 -5.290695 -4.6689453
-9.565475 -5.4906464 -3.6001587
-8.551437 -5.1645355 -2.6741943
-7.9944305 -4.2861786 -1.9648438
-8.127731 -3.4054413 -1.369751
-8.963242 -2.6199188 -1.4411621
-10.381943 -2.0724335 -2.1933594
-11.822067 -1.6296844 -3.178833
-12.774216 -1.222641 -4.0286255
-13.474045 -0.79655457 -4.3047485
-13.869186 -0.37046814 -4.095276
-14.252426 -0.018173218 -3.7525024
-14.46904 0.22462463 -3.3383179
-14.442856 0.2936554 -2.7908325
-13.962021 0.2769928 -2.1814575
-13.095566 0.04371643 -1.3221436
-12.0672455 -0.26811218 -0.44854736
-11.096054 -0.52757263 0.3203125
-10.286728 -0.8774872 0.90826416
-9.641647 -1.0774384 1.0891724
-9.241745 -1.2726288 1.2010498
-8.932297 -1.4416351 1.0296631
-8.746628 -1.5511322 0.6654663
-8.734726 -1.4463959 0.070373535
-8.727585 -1.5273285 -0.44140625
-8.837082 -1.517807 -1.0317383
-8.95134 -1.620163 -1.5720825
-9.053696 -1.7534637 -1.979126
-9.179855 -1.934372 -2.3028564
-9.415512 -2.0533905 -2.6313477
-9.765427 -2.3152313 -2.9836426
-10.255783 -2.4199677 -3.3097534
-10.960373 -2.5580292 -3.3430786
-12.119614 -2.4580536 -3.1550293
-13.159836 -2.146225 -3.0074463
-13.343124 -1.9224701 -3.0717163
-12.8242035 -1.620163 -3.216919
-12.155319 -1.2488251 -3.300232
-11.707809 -0.77989197 -3.345459
-11.379318 -0.39665222 -3.4335327
-11.248398 -0.21812439 -3.5144653
-11.4578705 -0.14671326 -3.3621216
-11.760178 -0.2585907 -2.9574585
-12.012497 -0.4799652 -2.7003784
-11.888718 -0.72276306 -2.338562
-11.234116 -1.1036224 -2.0719604
-10.562851 -1.4249725 -1.6434937
-10.001083 -1.6963348 -0.9055786
-9.4631195 -1.8486786 -0.18432617
-8.913254 -1.9748383 0.018005371
-8.75853 -1.8462982 0.0013427734
-8.768051 -1.7153778 -0.17480469
-9.0846405 -1.6035004 -0.12957764
-8.839462 -1.786789 -0.2819214
-8.382431 -2.0319672 -0.41760254
-7.882553 -2.1628876 -0.7270508
-7.504074 -2.1676483 -0.7508545
-7.118454 -1.9867401 -0.91986084
-7.1017914 -1.767746 -0.8341675
-5.04039 -2.0034027 -1.5125732
-8.627609 -0.825119 0.96539307
-9.441696 -0.677536 2.1603394
-7.8706512 -0.5894623 0.31079102
-7.580246 -0.5561371 0.708313
-7.8849335 -0.48710632 1.4676514
-8.465744 -0.54185486 1.7080688
-8.513351 -0.9155731 1.9699097
-8.1610565 -1.1940765 2.305542
-7.5897675 -1.4606781 2.7720947
-7.1922455 -1.5416107 3.2053223
-6.9280243 -1.4868622 3.3100586
-6.939926 -1.4321136 3.202942
-6.8637543 -1.5677948 2.6364136
-7.208908 -1.6558685 2.0413208
-7.723068 -1.7510834 1.4676514
-8.275314 -1.8582001 1.3486328
-8.715683 -2.1152802 1.798523
-8.941818 -2.2462006 2.1555786
-9.179855 -2.403305 2.2745972
-9.889206 -2.2985687 2.196045
-10.779465 -2.2819061 1.65094
-11.8173065 -2.3437958 1.067749
-13.026535 -2.403305 0.35125732
-13.781113 -2.7317963 -0.30334473
-14.000107 -3.1055145 -0.4866333
-13.50737 -3.71727 -0.45806885
-13.109848 -4.2528534 0.029907227
-12.838486 -4.5218353 0.394104
-12.514755 -4.578964 0.16558838
-12.495712 -4.4194794 -0.3295288
-12.357651 -4.2076263 -0.9317627
-12.181503 -4.095749 -1.2816772
-11.667343 -4.23143 -0.97698975
-10.753281 -4.2742767 -1.3935547
-10.900864 -3.3792572 -1.6601563
-10.910385 -3.436386 -0.36999512
-10.481918 -2.9626923 -0.33666992
-9.984421 -2.7722626 -0.33428955
-9.6940155 -2.7008514 -0.4937744
-10.005844 -2.6580048 -0.42474365
-10.579514 -2.7532196 -0.7151489
-11.217453 -3.0436249 -0.7270508
-11.241257 -2.9960175 -0.9127197
-10.910385 -3.0460052 -1.0864868
-10.705673 -3.1816864 -1.2078857
-10.496201 -3.031723 -1.4316406
-10.489059 -2.9722137 -1.3578491
-10.641403 -2.941269 -1.4578247
-10.791367 -2.8722382 -1.4554443
-10.81517 -2.8365326 -1.6482544
-10.919907 -2.7603607 -1.8434448
-11.029404 -2.6556244 -1.9124756
-10.993698 -2.5532684 -1.9338989
-10.81279 -2.4723358 -1.8244019
-10.42955 -2.5366058 -1.8220215
-10.096298 -2.479477 -1.7434692
-10.027267 -2.4628143 -1.7910767
-10.0082245 -2.4247284 -1.9124756
-9.998703 -2.3985443 -1.8696289
-10.067734 -2.3223724 -1.8505859
-10.296249 -2.2866669 -1.87677
-10.738998 -2.2390594 -1.8862915
-11.181747 -2.1557465 -2.145752
-11.481674 -2.1985931 -2.2266846
-11.405502 -2.1605072 -2.319519
-11.077011 -2.184311 -2.3933105
-10.655685 -2.0914764 -2.4123535
-10.096298 -2.0962372 -2.4266357
-9.40361 -2.127182 -2.2504883
-8.915634 -2.2700043 -1.9434204
-8.656174 -2.4580536 -1.1864624
-8.50383 -2.5723114 -0.6199341
-8.732346 -2.6746674 -0.17242432
-9.113205 -2.6746674 -0.081970215
-9.410751 -2.634201 -0.16290283
-9.53215 -2.5746918 -0.4033203
-9.558334 -2.4509125 -0.54138184
-9.574997 -2.4318695 -0.7579956
-9.59166 -2.3723602 -0.81988525
-9.644028 -2.3152313 -0.5342407
Time Stop = 1457237193
