Time Start = 1457237284
0.04170227 1.5052643 9.210999
0.2940216 1.8218536 9.35144
0.3773346 1.9503937 9.28717
0.24403381 1.6599884 9.34668
-0.09397888 1.2053375 9.206238
-0.22489929 0.8697052 8.951538
-0.14396667 1.0720367 8.461182
-0.13682556 1.4505157 8.146973
-0.077316284 1.5433502 8.137451
-0.010665894 1.5528717 8.565918
0.013137817 1.4290924 8.956299
0.05836487 1.3957672 9.258606
0.05836487 1.3600616 9.303833
0.2535553 1.3076935 9.132446
0.117874146 1.2434235 8.727783
0.25117493 1.0268097 8.749207
-3.9835052 1.6695099 7.342407
-3.7883148 0.04371643 9.820374
-3.3669891 -0.19432068 9.320496
-2.0411224 -0.60850525 8.815857
-0.34153748 -1.158371 8.70874
0.8438873 -0.97032166 8.568298
1.155716 -0.30143738 8.946777
0.80818176 0.6388092 9.451416
0.14167786 1.6837921 9.708496
-0.42723083 2.266983 9.058655
-0.8414154 2.5312042 8.282654
-1.1603851 2.369339 7.5828247
-1.0842133 2.1551056 6.673523
-0.7771454 1.7456818 6.0689087
-0.5605316 1.3791046 5.314331
-0.58195496 1.0958405 4.674011
-0.793808 0.79115295 4.1574707
-1.153244 0.43171692 3.5457153
-1.5364838 0.079422 3.0029907
-1.8602142 -0.17527771 2.774475
-2.2006073 -0.38713074 2.645935
-2.8314056 -0.74894714 3.1505737
-3.5669403 -2.0295868 4.9572754
-4.4786224 -4.686081 7.7684937
-5.721176 -5.885788 7.7280273
-7.208908 -5.295456 6.621155
-8.256271 -5.32164 5.8737183
-8.344345 -5.019333 4.773987
-7.535019 -4.8384247 3.5219116
-6.361496 -4.598007 2.324585
-5.6021576 -4.281418 1.8032837
-5.4022064 -3.7720184 1.5890503
-5.804489 -3.8600922 2.6697388
-6.625717 -4.1124115 4.08844
-8.165817 -4.050522 4.942993
-9.417892 -3.3340302 3.8432617
-10.510483 -3.0912323 2.2055664
-11.155563 -4.2742767 0.7630615
-11.624496 -5.4525604 -1.8910522
-11.660202 -6.887924 -4.7165527
-11.805405 -8.27092 -6.0495605
-12.283859 -9.118332 -5.2021484
-12.22673 -9.708664 -3.9024658
-12.467148 -10.398972 -1.7910767
-13.309799 -10.272812 -0.65563965
-13.819199 -10.051437 -1.0484009
-13.8311 -9.484909 -1.2578735
-13.624008 -8.716049 -1.7791748
-13.105087 -8.170944 -2.6313477
-12.969406 -8.373276 -3.7215576
-12.450485 -8.737473 -6.256653
-12.314804 -10.7108 -8.325195
-12.312424 -12.750778 -7.9871826
-12.728989 -13.683884 -5.944824
-13.024155 -13.817184 -3.8191528
-12.6575775 -13.272079 -2.319519
-11.922043 -11.99382 -2.0671997
-11.51976 -10.913132 -1.9767456
-11.246017 -9.951462 -1.9648438
-10.986557 -9.332565 -1.8601074
-10.634262 -9.3016205 -1.9505615
-10.567612 -9.925278 -1.8220215
-10.703293 -10.413254 -1.4840088
-10.68425 -10.548935 -0.93652344
-10.55809 -9.8919525 -0.34857178
-10.322433 -9.023117 0.1227417
-10.208176 -8.199509 0.36553955
-10.04393 -7.6401215 0.027526855
-10.17485 -7.6020355 -0.38189697
-10.205795 -7.8138885 -0.7579956
-10.17247 -8.087631 -1.1031494
-10.093918 -8.01622 -0.9222412
-10.065353 -7.1926117 -0.49853516
-9.993942 -6.2690277 0.1965332
-9.846359 -5.416855 0.44885254
-10.143906 -4.859848 0.6726074
-10.922287 -4.847946 0.8820801
-11.972031 -5.2526093 0.9939575
-12.643295 -5.733444 0.7297363
-12.783737 -6.1404877 0.9225464
-12.091049 -6.0571747 0.91778564
-11.445969 -5.231186 1.4319458
-10.9127655 -4.069565 2.2388916
-10.360519 -2.9626923 2.7792358
-9.822556 -2.2795258 3.1862793
-9.541672 -1.9676971 4.1241455
-9.3798065 -2.1819305 4.1550903
-9.160812 -2.9626923 3.736145
-8.896591 -3.6744232 3.543335
-8.572861 -4.0624237 3.845642
-8.31102 -3.9576874 4.4526367
-7.9872894 -3.4958954 5.031067
-7.9182587 -3.0031586 5.4952393
-7.9254 -2.3366547 4.864441
-7.8135223 -2.1581268 3.440979
-7.656418 -2.3437958 3.0125122
-7.599289 -2.9269867 3.6004639
-7.656418 -3.307846 4.5787964
-7.6159515 -3.172165 6.059387
-7.3065033 -2.698471 6.756836
-7.0756073 -2.1605072 7.430481
-6.8708954 -1.8343964 7.316223
-6.8256683 -2.017685 6.4902344
-6.8851776 -2.7246552 5.295288
-6.8970795 -2.974594 4.376465
-6.96611 -2.7127533 3.6052246
-6.7233124 -2.3271332 4.4074097
-6.478134 -2.2057343 5.3881226
-6.080612 -1.7415619 6.692566
-5.9235077 -1.47258 7.5233154
-5.9235077 -1.1083832 8.027954
-6.1520233 -1.2083588 7.4519043
-6.1591644 -1.6891937 6.057007
-5.978256 -1.9915009 5.2286377
-6.118698 -2.3414154 4.8501587
-6.028244 -1.8439178 5.2024536
-6.156784 -1.4797211 5.968933
-6.1520233 -1.1631317 6.442627
-6.244858 -0.9155731 6.8377686
-5.868759 -0.6227875 6.3450317
-5.514084 -0.844162 5.961792
-5.4736176 -1.2488251 5.397644
-5.3522186 -1.498764 4.8811035
-5.495041 -1.4035492 4.92395
-5.7092743 -0.5037689 5.185791
-6.1210785 0.5340729 5.840393
-6.1282196 1.2005768 6.480713
-5.8711395 0.85780334 6.4021606
-5.55217 -0.42997742 6.314087
-5.5188446 -1.0845795 5.852295
-5.8330536 -1.1940765 6.2212524
-6.19487 -0.0015106201 5.647583
-6.285324 1.4743195 5.276245
-6.0568085 2.3740997 5.231018
-5.894943 2.774002 5.2976685
-6.0425262 2.5478668 5.833252
-6.1663055 1.631424 6.2164917
-6.0449066 0.51026917 5.8880005
-6.244858 -0.47520447 6.2593384
-6.989914 1.003006 6.3616943
-7.4183807 1.6004791 6.473572
-6.939926 1.2505646 6.442627
-6.028244 2.426468 4.2217407
-6.06633 3.7213898 2.0984497
-8.534775 5.9446564 3.543335
-12.550461 5.3233795 4.6811523
-12.212448 3.3452911 3.3648071
-9.494064 -0.38237 7.828003
-4.8190155 -0.2823944 9.041992
-4.52861 0.9434967 8.90155
-7.3398285 0.36506653 9.168152
-10.341476 -1.0155487 6.897278
-11.255539 -2.396164 5.2262573
-7.7682953 -3.8886566 5.62854
-8.639511 -0.7775116 7.3757324
-13.783493 -2.2842865 9.965576
-7.2874603 -6.630844 14.081238
-5.994919 1.7694855 14.171692
-5.5188446 3.8023224 12.48877
-5.2546234 1.3386383 12.098389
-5.1475067 1.9099274 10.2178955
-5.2427216 2.3621979 9.99176
-4.7928314 1.0886993 11.179565
-4.083481 -0.13243103 11.953186
-3.616928 -0.7299042 10.43927
-3.5883636 -0.5799408 6.571167
-4.1572723 -2.267624 5.133423
-4.8309174 -4.2480927 5.254822
-5.1403656 -3.4625702 5.738037
-5.1641693 -1.979599 7.0305786
-4.635727 -0.7346649 7.737549
-4.759506 -0.9179535 10.522583
-4.938034 -0.13957214 10.76062
-4.9665985 0.8197174 9.03009
-4.8261566 0.85066223 8.189819
-4.6642914 0.12702942 8.551636
-4.609543 -0.27763367 8.432617
-4.328659 0.23890686 7.6851807
-4.3262787 -0.45854187 8.818237
-4.257248 -1.1893158 9.175293
-4.314377 -1.4654388 9.5442505
-4.4452972 -0.8489227 9.682312
-4.442917 -0.26097107 9.629944
-4.604782 0.077041626 9.753723
-4.347702 0.4745636 8.882507
-4.245346 0.005630493 8.289795
-4.3072357 -0.8774872 8.692078
-4.3762665 -0.7703705 9.191956
-4.373886 -0.25144958 9.499023
-4.154892 -0.14909363 8.953918
-4.2215424 -0.9512787 9.237183
-4.411972 -0.9155731 9.429993
-4.359604 -0.051498413 8.715881
-4.4095917 -0.10386658 9.049133
-4.4143524 -0.18717957 9.087219
-4.290573 -0.35142517 8.444519
-4.290573 -0.72514343 8.137451
-4.33342 -0.844162 8.446899
-4.27153 -0.78227234 9.0824585
-4.135849 -0.28715515 8.977722
-4.3500824 0.08180237 9.1657715
-4.6214447 0.2531891 9.4609375
-4.4072113 -0.6061249 9.41095
-4.066818 -1.0821991 8.444519
-4.3072357 -1.3011932 8.661133
-4.4072113 -1.0012665 9.239563
-4.104904 -0.68229675 9.344299
-4.2477264 -0.4228363 9.058655
-4.3715057 0.027053833 8.463562
-4.571457 -0.24430847 8.684937
-4.457199 -0.44664 8.930115
-4.4524384 -0.8013153 9.358582
-4.4548187 -0.8274994 9.387146
-4.295334 -0.42759705 8.480225
-4.4214935 -0.63230896 8.920593
-4.5619354 0.08418274 9.28241
-4.5048065 0.119888306 9.225281
-4.623825 -1.0679169 9.053894
-4.9094696 -1.7082367 8.7682495
-4.642868 -1.6320648 8.611145
-4.347702 -1.6035004 8.792053
-4.5928802 -1.582077 8.937256
-4.6833344 -0.5323334 8.663513
-4.4786224 0.055618286 9.006287
-4.8047333 -0.19670105 9.1467285
-5.092758 -1.0655365 8.939636
-4.885666 -1.6415863 8.942017
-4.7357025 -1.3749847 8.90155
-4.680954 -0.98698425 8.434998
-4.507187 -1.0226898 7.8065796
-4.502426 -1.8082123 7.820862
-4.6523895 -2.0795746 8.299316
-4.699997 -1.9296112 9.141968
-4.8071136 -1.3392792 9.794189
-4.8451996 -1.1702728 9.620422
-4.91185 -1.2892914 8.813477
-5.007065 -1.2916718 8.104126
-4.8832855 -1.1964569 7.573303
-4.983261 -1.6939545 7.789917
-5.0380096 -1.9129486 8.13269
-4.938034 -1.2797699 8.092224
-4.9094696 -0.92985535 8.561157
-5.218918 -1.2845306 9.615662
-5.4807587 -1.1678925 9.537109
-5.7735443 -0.53471375 9.465698
-5.2998505 -0.8108368 8.558777
-5.4164886 -1.5297089 7.6970825
-5.7806854 -2.1390839 7.8708496
-5.271286 -1.767746 8.292175
-4.942795 -2.2533417 8.415955
-5.066574 -2.9317474 7.911316
-4.9927826 -3.5077972 7.8256226
-5.007065 -3.2911835 8.394531
-5.028488 -2.5032806 8.813477
-5.0951385 -2.267624 9.044373
-5.2617645 -1.5035248 8.511169
-5.157028 -1.7963104 8.304077
-5.5807343 -2.0010223 8.38739
-5.6926117 -1.7082367 8.19696
-5.5497894 -1.6058807 7.9470215
-5.578354 -2.1176605 8.020813
-5.7045135 -2.1248016 7.8898926
-5.1451263 -2.236679 7.3876343
-5.1594086 -3.0102997 7.570923
-5.714035 -2.5984955 8.104126
-5.8140106 -1.8701019 8.470703
-5.918747 -1.555893 8.146973
-6.0425262 -1.7606049 8.349304
-6.3257904 -1.5582733 8.596863
-6.5685883 -1.1655121 8.549255
-5.7759247 -1.3416595 7.9089355
-4.9546967 -3.4125824 8.408813
-5.2665253 -4.0433807 9.137207
-5.2022552 -3.217392 9.53949
-5.085617 -2.6841888 9.258606
-5.04039 -2.7056122 8.694458
-5.1260834 -2.3485565 8.054138
-4.752365 -0.6561127 6.159363
-3.1646576 -1.5082855 6.5116577
-4.154892 -2.6222992 6.59021
-5.733078 -2.2271576 6.7615967
-5.6973724 -2.588974 7.887512
-5.752121 -2.6127777 8.346924
-5.8711395 -1.9534149 9.644226
-6.2162933 -2.0962372 9.768005
-5.7378387 -1.8462982 8.230286
-4.2096405 -3.0364838 7.1900635
-4.6714325 -3.255478 6.4973755
-4.4452972 -3.2221527 6.33313
-4.2929535 -4.193344 6.6711426
-4.776169 -4.2409515 8.5373535
-5.2474823 -2.6175385 9.60614
-5.3903046 -1.8748627 10.553528
-5.5759735 -2.448532 9.898926
-5.913986 -1.9034271 8.377869
-5.0499115 -0.59898376 9.275269
-3.2670135 -1.6868134 8.439758
-4.1786957 -3.2031097 8.313599
-5.547409 -3.5625458 8.611145
-5.085617 -2.9246063 7.930359
-5.2474823 -3.4459076 9.141968
-6.0901337 -3.9410248 8.932495
-7.2446136 -4.095749 10.410706
-7.1422577 -3.7910614 9.087219
-5.7949677 -4.1052704 8.00177
-4.3643646 -5.1193085 9.28717
-4.166794 -5.712021 11.40094
-5.033249 -4.636093 11.586609
-4.745224 -4.4075775 11.562805
-4.252487 -4.1909637 12.203125
-1.8054657 -3.5673065 10.279785
-0.3224945 -6.021469 8.096985
-1.7292938 -7.535385 7.3519287
-3.231308 -4.2338104 7.692322
-2.7742767 -2.5532684 9.163391
-1.6697845 -2.0605316 9.696594
-1.781662 -1.4606781 9.768005
-1.5269623 -0.9488983 10.520203
-0.8271332 -0.4061737 11.012939
-0.48912048 -0.19432068 10.986755
-0.2082367 -0.3728485 10.791565
-0.13682556 -0.68229675 10.37738
-0.08921814 -1.0060272 9.675171
-0.38438416 -1.3821259 8.937256
-0.7771454 -1.8034515 7.668518
-1.2532196 -2.7484589 7.9327393
-1.4460297 -4.090988 7.559021
-1.5436249 -4.828903 7.109131
-1.7649994 -4.955063 6.9710693
-2.2672577 -4.531357 7.0424805
-2.8099823 -3.891037 6.961548
-3.424118 -2.9650726 6.6187744
-4.116806 -1.8415375 6.1141357
-4.6214447 -1.6058807 5.654724
-4.961838 -0.9179535 4.9501343
-5.2950897 -0.22764587 3.9313354
-5.849716 -0.33952332 3.4124146
-6.425766 -1.0464935 3.210083
-6.432907 -1.7986908 2.4697876
-6.3472137 -3.1245575 1.105835
-6.630478 -4.2861786 -0.36999512
-7.5707245 -4.9336395 -1.305481
-8.848984 -4.9193573 -2.1814575
-9.408371 -4.5289764 -2.819397
-9.348862 -4.0338593 -2.5527954
-9.0013275 -4.0600433 -1.5292358
-8.801376 -4.7170258 -0.37713623
-9.927292 -6.1904755 1.1605835
-11.2269745 -7.425888 1.253418
-12.507614 -8.444687 0.8868408
-13.212204 -8.894577 0.4179077
-12.974167 -8.766037 0.17510986
-12.060104 -8.044785 -0.42712402
-11.2912445 -7.342575 -0.4628296
-10.767563 -6.278549 -1.5387573
-10.650925 -5.878647 -2.0648193
-10.727097 -5.5358734 -2.2909546
-11.636398 -5.552536 -0.69610596
-12.562363 -6.0571747 1.6533203
-12.943222 -6.3642426 2.517395
-12.938461 -5.9976654 2.4555054
-13.050339 -5.302597 2.2769775
-13.209824 -4.609909 1.9294434
-13.067001 -4.095749 1.4509888
-12.821823 -3.9695892 1.0796509
-12.319565 -3.8862762 0.6845093
-11.77684 -3.9505463 0.36315918
-11.205551 -3.9648285 0.008483887
-10.81279 -4.2742767 -0.19146729
-10.581894 -4.531357 -0.90319824
-10.515244 -4.950302 -1.2554932
-10.458115 -4.8050995 -1.479248
-10.331955 -4.6646576 -1.4578247
-10.1082 -4.4385223 -1.536377
-10.024887 -4.417099 -1.1817017
-9.877304 -4.321884 -0.6032715
-9.586899 -4.0219574 -0.07720947
-9.175095 -3.8815155 0.5321655
-8.708542 -3.6625214 0.85827637
-7.8516083 -3.403061 1.5200195
-8.163437 -3.345932 1.6937866
-8.7704315 -3.4649506 2.0794067
-9.201279 -3.0745697 1.7390137
-9.417892 -2.5294647 1.5009766
-9.213181 -2.2700043 1.7080688
-8.818039 -2.036728 1.8485107
-8.158676 -1.5844574 2.0889282
-8.679977 -1.0464935 1.7580566
-8.782333 -0.9179535 2.331726
-8.75853 -0.8489227 1.4605103
-9.132248 -1.4083099 1.2415161
-9.110825 -1.8867645 2.4364624
-9.410751 -2.2890472 2.4197998
-9.936813 -2.49852 1.7033081
-9.986801 -2.7913055 1.6842651
-9.78923 -3.2078705 2.93396
-9.4655 -4.217148 2.1651
-9.65593 -5.1978607 2.479309
-9.503586 -5.181198 2.74115
-9.601181 -4.7408295 2.2317505
-8.615707 -4.74321 2.8673096
-7.965866 -4.1457367 0.13226318
-7.8349457 -4.171921 -0.30096436
-7.5373993 -4.2290497 -0.4033203
-6.811386 -4.052902 -0.83654785
-6.440048 -3.557785 -0.8722534
-6.328171 -3.5554047 -0.7318115
-6.8708954 -3.8101044 -0.64611816
-7.7064056 -4.3932953 -0.74609375
-8.50383 -5.2026215 -0.93652344
-8.88707 -5.688217 -1.5387573
-8.896591 -6.1262054 -2.2243042
-8.851364 -6.3332977 -2.697998
-8.965622 -6.3642426 -3.3573608
-9.110825 -5.995285 -4.1262207
-9.165573 -5.7881927 -4.692749
-9.048935 -5.583481 -5.1378784
-8.801376 -5.2335663 -5.616333
-8.408615 -4.9455414 -5.749634
-8.156296 -4.628952 -5.4592285
-7.406479 -4.8193817 -4.718933
-7.111313 -4.9336395 -4.383301
-7.0399017 -5.116928 -4.1904907
-7.1541595 -5.116928 -4.1071777
-7.3707733 -4.8312836 -4.05719
-7.5254974 -4.417099 -4.114319
-7.4921722 -4.409958 -4.180969
-7.3398285 -4.538498 -4.3047485
-8.089645 -4.5218353 -3.9215088
-8.413376 -4.481369 -4.0214844
-8.394333 -4.6908417 -3.954834
-8.591904 -4.764633 -3.5525513
-8.615707 -4.8955536 -2.9812622
-8.7061615 -4.8812714 -2.395691
-9.175095 -4.61467 -2.0410156
-9.189377 -4.114792 -1.5339966
-9.203659 -3.7220306 -0.9484253
-9.808273 -3.1055145 -1.1888428
-9.703537 -2.634201 -1.7339478
-9.689255 -3.0483856 -2.1957397
-10.36528 -3.743454 -2.4242554
-11.050827 -3.9719696 -2.6242065
-11.293625 -4.0981293 -2.4266357
-11.4388275 -4.050522 -1.9505615
-11.622116 -3.9505463 -1.68396
-12.019638 -3.762497 -1.7410889
-12.4457245 -3.3364105 -2.0719604
-12.698044 -2.9246063 -2.3052368
-12.702805 -2.5009003 -2.5789795
-12.386215 -2.49852 -2.7027588
-11.96489 -2.5746918 -2.7337036
-11.562607 -2.5984955 -2.5218506
-11.274582 -2.679428 -2.171936
-11.174606 -2.6603851 -1.857727
-11.19603 -2.49852 -1.4387817
-11.13414 -2.3533173 -1.2293091
-11.038925 -2.2985687 -1.1959839
-10.843735 -2.3152313 -1.2983398
-10.655685 -2.365219 -1.4887695
-10.5985565 -2.3937836 -1.6553955
-10.393845 -2.3985443 -1.7196655
-10.186752 -2.4770966 -1.6720581
-10.1558075 -2.4818573 -1.5697021
-10.3867035 -2.415207 -1.331665
-10.3629 -2.4080658 -1.1864624
-10.193893 -2.49852 -1.0436401
-9.929672 -2.569931 -0.805603
-9.741623 -2.5675507 -0.6746826
-9.517868 -2.5461273 -0.7175293
-9.417892 -2.4747162 -0.7579956
-9.298874 -2.377121 -0.82702637
-9.234604 -2.191452 -0.9460449
-9.151291 -1.9629364 -1.0245972
-9.089401 -1.8486786 -0.97698975
-9.122726 -1.7510834 -0.86035156
-9.2322235 -1.5677948 -0.9055786
-9.2512665 -1.6225433 -0.9222412
-9.427414 -1.7558441 -1.0864868
-9.544052 -1.8462982 -1.1864624
-9.670212 -1.79393 -1.3435669
-9.97966 -1.646347 -1.4221191
-10.610458 -1.5773163 -1.8529663
-11.274582 -1.53685 -2.145752
-11.679245 -1.6273041 -2.3933105
Time Stop = 1457237289
