Time Start = 2514
-0.25346375 -2.1057587 9.720398
0.08930969 -1.7320404 10.136963
0.35353088 -1.1797943 10.160767
-0.26298523 -1.2631073 10.325012
-0.49150085 -1.139328 10.003662
-0.59147644 -1.1464691 9.9869995
-0.42723083 -1.1893158 9.79895
-0.2986908 -1.2464447 9.770386
-0.2082367 -1.2488251 9.620422
-0.2725067 -1.1916962 9.503784
-0.37010193 -1.1869354 9.575195
-0.44389343 -1.1631317 9.496643
-0.45817566 -1.1488495 9.3966675
-0.41532898 -1.1678925 9.296692
-0.40818787 -1.1797943 9.291931
-0.41532898 -1.2464447 9.125305
-0.43675232 -1.2083588 8.96582
-0.396286 -1.1226654 8.887268
-0.38200378 -1.0012665 8.739685
-0.26298523 -0.85606384 8.632568
-0.16062927 -0.80607605 8.470703
-0.051132202 -0.7584686 8.235046
0.13215637 -0.6370697 8.089844
0.1869049 -0.5061493 7.892273
0.15596008 -0.29667664 7.713745
-0.04875183 8.69751E-4 7.6209106
-0.34391785 0.37696838 7.5875854
-0.80332947 0.67689514 7.418579
-1.1675262 0.85066223 7.1138916
-1.4269867 0.8030548 6.916321
-1.7078705 0.6626129 6.552124
-1.9054413 0.48408508 6.2331543
-2.141098 0.23652649 5.995117
-2.3957977 -0.015792847 5.8046875
-2.769516 -0.45140076 5.916565
-3.2717743 -1.3416595 5.9974976
-3.9168549 -2.4961395 6.166504
-4.4524384 -3.6649017 6.128418
-4.926132 -4.531357 6.1950684
-5.2665253 -5.135971 6.647339
-5.399826 -5.1145477 7.1567383
-5.3760223 -5.045517 7.6280518
-5.335556 -5.059799 7.8756104
-5.404587 -4.9979095 8.170776
-5.5188446 -5.1193085 8.651611
-5.6450043 -5.1716766 8.958679
-5.7759247 -5.3502045 9.182434
-5.785446 -5.7477264 8.982483
-5.766403 -6.778427 9.301453
-5.5640717 -7.9471893 9.596619
-5.1522675 -8.794601 9.5442505
-4.8451996 -9.353989 9.558533
-4.385788 -9.527756 9.482361
-3.609787 -9.275436 9.47998
-3.1908417 -8.770798 9.372864
-3.0765839 -8.725571 9.058655
-2.7837982 -8.613693 8.920593
-2.3434296 -8.387558 8.653992
-2.3838959 -8.090012 8.523071
-2.3434296 -8.285202 8.713501
-2.2791595 -8.8207855 8.604004
-2.3600922 -8.835068 8.246948
-2.3386688 -8.6732025 8.1588745
-2.3196259 -8.092392 7.6328125
-2.493393 -7.5330048 7.225769
-2.7480927 -6.9807587 7.1757813
-3.2075043 -7.0878754 7.649475
-4.1905975 -7.7543793 8.223145
-4.9546967 -8.580368 8.235046
-5.135605 -8.470871 7.892273
-5.1784515 -7.5520477 7.925598
-5.1641693 -6.9736176 7.9279785
-5.29747 -6.7498627 7.6066284
-5.392685 -6.6522675 7.4161987
-5.3450775 -6.692734 7.23291
-5.2498627 -6.637985 7.187683
-5.1070404 -6.4785004 7.211487
-4.957077 -6.2737885 7.4161987
-5.007065 -6.2285614 7.2805176
-4.97612 -6.5237274 6.8829956
-4.9023285 -6.4166107 6.309326
-4.52861 -5.6525116 5.840393
-4.1525116 -5.0359955 5.802307
-3.9763641 -4.976486 5.904663
-4.0096893 -5.1050262 6.352173
-4.083481 -5.245468 6.9020386
-4.233444 -5.0812225 7.444763
-4.4095917 -5.5763397 8.042236
-4.431015 -6.3761444 7.804199
-4.6190643 -6.407089 7.7042236
-4.7880707 -5.685837 7.692322
-5.0046844 -4.9407806 7.2876587
-5.4736176 -4.4908905 7.378113
-5.6069183 -3.8886566 6.9139404
-5.866379 -3.2935638 6.4259644
-6.149643 -2.8698578 2.80542
-6.7804413 -3.8196259 -1.7220459
-8.732346 -7.580612 7.1972046
-8.4109955 -5.224045 3.0529785
-8.587143 -5.6120453 7.7994385
-7.973007 -5.3049774 3.774231
-7.5707245 -5.9095917 3.0648804
-8.087265 -5.854843 3.5338135
-7.951584 -5.2526093 5.6237793
-7.73497 -4.993149 7.7732544
-7.2446136 -4.988388 7.8970337
-7.7302094 -6.0881195 8.646851
-7.6397552 -7.290207 8.5563965
-7.258896 -8.132858 8.182678
-6.982773 -8.406601 7.661377
-6.5495453 -7.5330048 7.052002
-6.1401215 -5.9714813 6.5616455
-5.785446 -5.2169037 6.3307495
-5.585495 -5.5572968 5.9379883
-5.566452 -6.418991 5.423828
-5.5426483 -7.1783295 5.05249
-5.502182 -7.3639984 4.8811035
-5.366501 -7.099777 5.0405884
-5.316513 -6.6451263 5.295288
-5.3641205 -6.1904755 5.5595093
-5.347458 -5.923874 5.6190186
-5.283188 -5.8905487 5.8308716
-5.2665253 -6.1214447 6.1046143
-5.3307953 -6.3832855 6.2783813
-5.471237 -6.321396 6.3497925
-5.5759735 -6.123825 6.6330566
-5.687851 -6.0619354 6.628296
-5.7235565 -6.0809784 6.6187744
-5.752121 -6.104782 6.583069
-5.656906 -6.0762177 6.506897
-5.6140594 -5.995285 6.5164185
-5.5307465 -5.995285 6.4830933
-5.4855194 -6.0738373 6.4259644
-5.509323 -6.1571503 6.4521484
-5.5759735 -6.2095184 6.3569336
-5.630722 -6.0809784 6.2164917
-5.599777 -5.9095917 6.0998535
-5.547409 -5.8119965 6.116516
-5.55455 -5.8619843 6.071289
-5.5688324 -5.9905243 6.102234
-5.630722 -6.128586 6.097473
-5.694992 -6.211899 6.1117554
-5.6592865 -6.2023773 6.083191
-5.6283417 -6.0357513 6.0617676
-5.6212006 -5.8643646 5.980835
-5.6473846 -5.8310394 5.911804
-5.74498 -5.911972 5.814209
-5.7759247 -6.0809784 5.845154
-5.8378143 -6.0690765 5.8356323
-5.9282684 -6.1523895 5.9332275
-5.971115 -6.150009 5.992737
-5.880661 -6.1666718 5.88562
-5.771164 -6.1571503 5.7999268
-5.6473846 -6.1857147 5.742798
-5.656906 -6.278549 5.909424
-5.7164154 -6.321396 6.1188965
-5.892563 -6.195236 6.3045654
-5.971115 -6.0357513 6.3426514
-6.0258636 -5.9405365 6.33313
-6.085373 -5.9262543 6.3045654
-6.137741 -5.9595795 6.256958
-6.123459 -6.071457 6.180786
-6.080612 -6.1523895 6.1974487
-6.085373 -6.1595306 6.1522217
-6.1210785 -6.0952606 6.123657
-6.1282196 -5.969101 6.2474365
-6.1591644 -5.764389 6.4140625
-6.168686 -5.6144257 6.540222
-6.1472626 -5.533493 6.533081
-6.1520233 -5.3430634 6.46167
-6.1591644 -5.143112 6.242676
-6.142502 -5.314499 6.309326
-6.1996307 -5.566818 6.2521973
-6.2877045 -5.828659 6.27124
-6.311508 -5.6905975 6.2521973
-6.3448334 -5.3954315 6.2664795
-6.354355 -5.3002167 6.3164673
-6.3257904 -5.288315 6.499756
-6.3019867 -5.2335663 6.559265
-6.3400726 -5.3359222 6.502136
-6.4091034 -5.457321 6.5949707
-6.444809 -5.5953827 6.506897
-6.1020355 -5.521591 6.4021606
-5.597397 -5.2787933 6.26886
-5.16893 -5.097885 6.1974487
-4.97612 -4.783676 6.302185
-5.245102 -4.48851 6.328369
-5.785446 -4.5742035 5.973694
-6.4091034 -4.764633 5.9332275
-7.0399017 -4.8955536 5.685669
-6.989914 -5.264511 5.383362
-6.4614716 -5.628708 5.519043
-5.9401703 -5.6144257 5.6880493
-5.535507 -5.8691254 5.788025
-5.456955 -5.8072357 5.788025
-5.797348 -5.4454193 6.0998535
-6.202011 -4.995529 6.4450073
-6.4352875 -4.776535 6.5116577
-6.356735 -4.866989 6.5806885
-6.2424774 -5.0502777 6.4902344
-6.240097 -5.1454926 6.321228
-6.271042 -5.109787 6.4926147
-6.2829437 -5.1074066 6.5116577
-6.2734222 -4.957443 6.480713
-6.4162445 -5.040756 6.3759766
-6.5138397 -5.0478973 6.2164917
-6.566208 -4.9407806 5.94751
-6.5257416 -4.8384247 5.9594116
-6.3781586 -4.8765106 5.935608
-6.330551 -4.8193817 6.0022583
-6.32341 -4.757492 6.121277
-6.4424286 -4.8550873 6.249817
-6.413864 -4.866989 6.3188477
-6.4947968 -4.8836517 6.4926147
-6.5114594 -4.9217377 6.6640015
-6.478134 -4.9026947 6.609253
-6.5066986 -4.886032 6.494995
-6.509079 -4.8431854 6.3688354
-6.535263 -4.7336884 6.2283936
-6.394821 -4.5218353 6.0617676
-6.187729 -4.2457123 5.890381
-6.0877533 -4.174301 5.911804
-6.0496674 -4.219528 6.018921
-6.047287 -4.2718964 5.9974976
-6.1282196 -4.436142 6.1712646
-6.1734467 -4.6527557 6.3164673
-6.209152 -4.833664 6.4069214
-6.2186737 -4.8241425 6.325989
-6.2115326 -5.026474 6.378357
-6.2377167 -5.1645355 6.211731
-6.2424774 -5.231186 6.27124
-6.161545 -5.271652 6.2783813
-6.142502 -5.333542 6.4140625
-6.175827 -5.354965 6.480713
-6.1544037 -5.4787445 6.4450073
-6.1210785 -5.416855 6.4783325
-6.06633 -5.3644867 6.4926147
-6.035385 -5.2169037 6.5997314
-6.1091766 -5.135971 6.571167
-6.06633 -5.162155 6.5925903
-6.097275 -5.200241 6.506897
-6.040146 -5.212143 6.371216
-5.9806366 -5.1716766 6.2141113
-5.971115 -5.3359222 6.2855225
-5.911606 -5.4216156 6.302185
-5.8378143 -5.5549164 6.230774
-5.9401703 -5.5930023 6.2855225
-6.304367 -5.5501556 6.354553
-6.880417 -5.374008 6.437866
-7.22081 -5.1788177 6.540222
-6.9946747 -5.0240936 6.649719
-6.3448334 -5.200241 6.5307007
-5.797348 -5.366867 6.5116577
-5.5759735 -5.5239716 6.475952
-5.8973236 -5.6453705 6.4402466
-6.354355 -5.6977386 6.385498
-6.5781097 -5.552536 6.3188477
-6.5305023 -5.2407074 6.2807617
-6.349594 -5.0478973 6.226013
-6.328171 -5.109787 6.161743
-6.3829193 -5.143112 6.0022583
-6.5376434 -5.0502777 5.8427734
-6.5971527 -5.0359955 5.82135
-6.425766 -5.109787 5.6428223
-6.406723 -5.3454437 5.519043
-6.375778 -5.5549164 5.4404907
-6.440048 -5.540634 5.5166626
-6.4424286 -5.500168 5.5999756
-6.3900604 -5.4216156 5.7927856
-6.3829193 -5.4144745 5.8951416
-6.3448334 -5.352585 5.9570313
-6.3448334 -5.3811493 6.0617676
-6.3400726 -5.4977875 6.1069946
-6.285324 -5.5239716 6.0427246
-6.2377167 -5.5120697 5.9855957
-6.244858 -5.4477997 6.0213013
-6.2829437 -5.545395 6.102234
-6.2758026 -5.6572723 6.0474854
-6.349594 -5.666794 6.0474854
-6.328171 -5.6786957 5.8380127
-6.3638763 -5.585861 5.680908
-6.380539 -5.481125 5.640442
-6.392441 -5.473984 5.7213745
-6.394821 -5.666794 5.780884
-6.4733734 -5.8643646 5.866577
-6.5186005 -5.9405365 5.852295
-6.5376434 -5.8500824 5.9332275
-6.5685883 -5.7144012 5.833252
-6.561447 -5.6144257 5.8570557
-6.5757294 -5.5239716 5.8046875
-6.5066986 -5.3835297 5.7332764
-6.394821 -5.264511 5.6642456
-6.3710175 -5.3264008 5.6571045
-6.4210052 -5.45018 5.795166
-6.5495453 -5.5501556 5.94751
-6.7233124 -5.51445 6.1307983
-6.7637787 -5.3811493 6.2617188
-6.811386 -5.3835297 6.494995
-6.89946 -5.4668427 6.8901367
-7.1160736 -5.545395 7.278137
-7.1993866 -5.162155 7.2233887
-7.568344 -4.962204 7.456665
-7.5635834 -4.647995 7.411438
-7.599289 -4.697983 7.4852295
-7.277939 -4.4075775 6.8496704
-7.2446136 -3.871994 7.3638306
-7.6207123 -4.6075287 6.4093018
-6.856613 -6.111923 3.883728
-6.8470917 -7.328293 4.583557
-6.554306 -6.8260345 4.459778
-6.1591644 -5.8310394 4.5145264
-5.823532 -5.3502045 4.4883423
-5.8140106 -4.8241425 5.1429443
-5.475998 -4.136215 4.98584
-5.257004 -3.955307 5.383362
-5.097519 -4.621811 5.533325
-5.137985 -4.633713 5.333374
-5.5807343 -3.981491 6.9520264
-5.5450287 -3.5554047 6.6449585
-4.880905 -3.6910858 5.447632
-4.7666473 -4.686081 4.0551147
-4.9713593 -5.685837 2.922058
-5.142746 -6.245224 2.1698608
-5.5569305 -6.6189423 1.7937622
-5.8568573 -7.099777 1.5581055
-5.8711395 -7.4020844 1.048706
-5.8901825 -7.5758514 0.5250244
-5.8568573 -7.5901337 0.25842285
-5.7116547 -7.3973236 0.16320801
-5.611679 -7.1402435 0.22271729
-5.5640717 -6.885544 0.37982178
-5.5188446 -6.828415 0.45599365
-5.5688324 -6.7808075 0.5678711
-5.718796 -6.718918 0.791626
-5.868759 -6.6522675 1.0558472
-6.0306244 -6.5546722 1.2819824
-6.180588 -6.5499115 1.2724609
-6.3067474 -6.6189423 1.2081909
-6.482895 -6.6665497 1.086792
-6.6995087 -6.7427216 0.81066895
-6.9684906 -6.6855927 0.6416626
-7.2636566 -6.6022797 0.5012207
-7.587387 -6.4737396 0.31079102
-7.908737 -6.3499603 0.37506104
-8.280075 -6.2404633 0.6011963
-8.658554 -6.230942 0.9558716
-9.048935 -6.271408 1.3153076
-9.346481 -6.276169 1.6795044
-9.648788 -6.3309174 2.074646
-9.85112 -6.3237762 2.426941
-10.034409 -6.195236 2.4055176
-10.141525 -6.007187 2.3222046
-10.258163 -5.8238983 2.343628
-10.431931 -5.7667694 2.2960205
-10.6175995 -5.859604 2.2460327
-10.860397 -6.0048065 2.2246094
-11.115097 -6.2238007 2.5340576
-11.362656 -6.5427704 2.7768555
-11.553085 -6.785568 2.9744263
-11.529282 -6.9664764 2.9506226
-11.322189 -7.0069427 2.8625488
-11.022263 -6.9093475 2.7625732
-10.689011 -6.8331757 2.6602173
-10.424789 -6.687973 2.8220825
-10.253403 -6.5356293 3.0196533
-10.139145 -6.392807 3.1815186
-10.143906 -6.2357025 3.3171997
-10.201035 -6.1024017 3.4505005
-10.196274 -5.9333954 3.505249
-10.160568 -5.7929535 3.3933716
-10.032028 -5.6715546 3.3076782
-9.84874 -5.5501556 3.3148193
-9.670212 -5.45018 3.376709
-9.582138 -5.359726 3.286255
-9.489304 -5.314499 3.25531
-9.341721 -5.3192596 3.0625
-9.241745 -5.3168793 2.941101
-9.110825 -5.269272 2.8363647
-9.01561 -5.2668915 2.8435059
-8.934677 -5.224045 2.7911377
-8.915634 -5.174057 2.8934937
-8.906113 -5.0740814 2.8839722
-8.88945 -4.957443 2.8792114
-8.813278 -4.845566 2.8839722
-8.751389 -4.7979584 2.7697144
-8.727585 -4.724167 2.7316284
-8.775192 -4.6765594 2.6435547
-8.913254 -4.68132 2.6126099
-9.072739 -4.6051483 2.3864746
-9.129868 -4.5408783 2.2722168
-9.196518 -4.4409027 2.1222534
-9.186996 -4.314743 1.991333
-9.191757 -4.250473 1.9223022
-9.27507 -4.1885834 1.8318481
-9.322678 -4.155258 1.6699829
-9.3988495 -4.1504974 1.6080933
-9.420273 -4.1909637 1.5604858
-9.405991 -4.0552826 1.3914795
-9.52977 -4.2790375 1.6604614
-9.420273 -4.0671844 1.2296143
-9.358383 -4.171921 1.3153076
-9.353622 -4.2028656 1.2938843
-9.377426 -4.2790375 1.2010498
-9.358383 -4.262375 1.2391357
-9.33934 -4.243332 1.1463013
-9.282211 -4.2100067 1.2248535
-9.248886 -4.1957245 1.2486572
-9.229843 -4.1623993 1.2581787
-9.1679535 -4.090988 1.1439209
-9.139389 -4.0100555 1.1939087
-9.077499 -3.9076996 1.1962891
-9.01561 -3.814865 1.2105713
-8.920395 -3.8315277 1.2724609
-8.813278 -3.807724 1.2462769
-8.7704315 -3.7863007 1.2486572
-8.739487 -3.8291473 1.2843628
-8.684738 -3.8481903 1.234375
-8.675217 -3.8577118 1.3200684
-8.644272 -3.8434296 1.298645
-8.591904 -3.8862762 1.3295898
-8.596664 -3.8862762 1.4033813
-8.532394 -3.9267426 1.4747925
-8.532394 -3.9719696 1.5200195
-8.582382 -3.9767303 1.4771729
-8.601425 -4.0029144 1.5438232
-8.656174 -4.0100555 1.5319214
-8.613327 -4.083847 1.5438232
-8.658554 -4.1195526 1.5390625
-8.69664 -4.1814423 1.5200195
-8.784714 -4.257614 1.567627
-8.806137 -4.3290253 1.5628662
-8.898972 -4.386154 1.6009521
-8.860886 -4.4718475 1.5985718
-8.882309 -4.512314 1.6199951
-8.903732 -4.5408783 1.6009521
-8.970383 -4.6003876 1.7294922
-8.998947 -4.61705 1.7580566
-9.046555 -4.6527557 1.7390137
-9.103683 -4.6717987 1.8032837
-9.08226 -4.6956024 1.8009033
-9.094162 -4.7075043 1.8865967
-9.0846405 -4.7527313 1.9580078
-9.132248 -4.8003387 2.0317993
-9.184616 -4.8050995 2.074646
-9.198898 -4.8312836 2.0627441
-9.244125 -4.8384247 2.1222534
-9.241745 -4.866989 2.1603394
-9.267929 -4.8812714 2.1722412
-9.27269 -4.9026947 2.1746216
-9.263168 -4.859848 2.1555786
-9.298874 -4.847946 2.2008057
-9.329819 -4.80748 2.1912842
-9.332199 -4.795578 2.184143
-9.334579 -4.802719 2.1651
-9.384567 -4.7360687 2.215088
-9.363144 -4.7717743 2.1912842
-9.377426 -4.7741547 2.1460571
-9.329819 -4.7289276 2.1341553
-9.256027 -4.7360687 2.1032104
-9.220322 -4.7551117 2.0841675
-9.203659 -4.7265472 2.0079956
-9.236984 -4.712265 2.010376
-9.239365 -4.700363 1.991333
-9.201279 -4.659897 1.8746948
-9.108444 -4.6432343 1.9246826
-9.048935 -4.61467 1.8580322
-9.065598 -4.5861053 1.9532471
-9.056076 -4.5742035 1.8223267
-9.134628 -4.576584 1.8937378
-9.091782 -4.5027924 1.8104248
-9.046555 -4.481369 1.8223267
-9.037033 -4.4575653 1.7937622
-8.998947 -4.4385223 1.8104248
-9.032272 -4.409958 1.7532959
-9.025131 -4.4075775 1.7247314
-9.006088 -4.390915 1.7485352
-9.032272 -4.3504486 1.7390137
-9.041794 -4.35997 1.7033081
-9.060837 -4.348068 1.7366333
-9.041794 -4.314743 1.6747437
-9.072739 -4.3052216 1.6985474
-9.027512 -4.314743 1.6604614
-9.0203705 -4.276657 1.6890259
-8.9561 -4.262375 1.696167
-8.975143 -4.23143 1.6009521
-9.010849 -4.243332 1.658081
-9.010849 -4.302841 1.6414185
-9.051315 -4.2338104 1.5866699
-9.070358 -4.269516 1.6152344
-9.063217 -4.269516 1.5652466
-9.027512 -4.2742767 1.6033325
-8.95134 -4.2528534 1.6414185
-9.025131 -4.257614 1.6033325
-8.977524 -4.2790375 1.612854
-9.013229 -4.2599945 1.5747681
-8.994186 -4.2409515 1.6009521
-9.010849 -4.2290497 1.6152344
-9.0013275 -4.2147675 1.6152344
-8.948959 -4.2790375 1.5866699
-8.932297 -4.2957 1.6390381
Time Stop = 2519
