Time Start = 2598
0.13691711 -1.6177826 9.822754
-0.06541443 -1.7820282 9.625183
-0.21299744 -1.786789 9.439514
-0.18205261 -1.6796722 9.449036
-0.09397888 -1.5606537 9.41333
-0.14396667 -1.555893 9.291931
-0.2582245 -1.5773163 9.244324
-0.31059265 -1.4963837 9.141968
-0.3891449 -1.3488007 9.084839
-0.54862976 -1.0988617 8.992004
-0.7914276 -0.87272644 8.887268
-1.0627899 -0.63230896 8.780151
-1.51268 -0.44187927 8.70874
-1.6816864 0.06513977 8.808716
-1.7697601 0.26271057 8.539734
-1.9863739 -0.0062713623 8.049377
-2.1839447 -0.8679657 7.8065796
-2.1268158 -1.851059 7.4138184
-1.9720917 -2.5556488 7.3566895
-1.800705 -2.7889252 7.585205
-1.6959686 -2.7032318 7.789917
-1.7150116 -2.524704 7.880371
-1.7721405 -2.2414398 7.816101
-1.7340546 -1.9105682 7.8779907
-1.6412201 -1.5416107 7.9803467
-1.6197968 -1.5511322 8.551636
-1.7864227 -1.8534393 8.992004
-2.1720428 -2.588974 9.108643
-2.4600677 -3.3625946 9.187195
-2.5481415 -3.9838715 9.065796
-2.4434052 -4.269516 9.039612
-2.167282 -4.4337616 9.161011
-1.8792572 -4.764633 9.318115
-1.7554779 -5.026474 9.258606
-1.864975 -5.231186 9.408569
-2.0863495 -5.5168304 9.382385
-2.2720184 -5.8048553 9.272888
-2.371994 -6.0571747 9.134827
-2.2267914 -6.085739 8.949158
-1.9887543 -6.033371 9.013428
-1.7602386 -5.969101 9.170532
-1.7935638 -6.0952606 9.341919
-2.0339813 -6.597519 9.729919
-2.2958221 -6.9426727 9.41095
-2.3481903 -6.956955 8.953918
-2.3172455 -7.304489 8.554016
-2.28154 -7.7615204 8.016052
-2.326767 -8.194748 7.5352173
-2.2482147 -8.478012 7.4471436
-2.160141 -8.46373 7.199585
-1.8054657 -7.471115 7.559021
-2.083969 -7.085495 7.4471436
-2.0435028 -6.835556 7.404297
-2.0220795 -7.3901825 7.654236
-2.1315765 -8.0186 7.5042725
-2.019699 -8.225693 7.142456
-1.8935394 -8.161423 7.29718
-2.0220795 -7.88768 7.194824
-2.0911102 -7.2616425 7.0805664
-2.103012 -6.6903534 7.066284
-1.845932 -6.3904266 6.8068237
-1.7316742 -6.135727 6.699707
-1.7364349 -6.0048065 6.602112
-1.6459808 -5.700119 6.559265
-1.5460052 -5.2026215 6.6640015
-1.5031586 -4.8360443 7.2091064
-1.7483368 -5.162155 7.782776
-2.0363617 -5.500168 7.7542114
-2.2839203 -5.3644867 7.6256714
-2.2982025 -5.0169525 7.7613525
-2.4957733 -5.552536 7.109131
-3.552658 -6.3499603 7.270996
-3.0527802 -6.0738373 7.970825
-3.0551605 -3.5101776 9.289551
-3.4384003 -4.890793 7.3947754
-3.6431122 -5.666794 9.644226
-4.4714813 -5.1907196 9.15863
-4.8904266 -6.297592 9.103882
-4.5881195 -5.5691986 9.0896
-4.4595795 -5.1264496 7.7994385
-4.419113 -6.47612 8.204102
-4.340561 -5.488266 6.752075
-4.6523895 -6.2809296 6.744934
-4.688095 -6.021469 5.609497
-5.2308197 -6.842697 5.7523193
-5.649765 -7.354477 5.0739136
-6.8280487 -8.239975 5.102478
-8.168198 -9.001694 6.8615723
-9.027512 -7.494919 9.132446
-9.096542 -4.307602 10.7439575
-8.76329 -2.717514 10.289307
-8.465744 -3.917221 10.017944
-7.8468475 -5.852463 8.877747
-6.816147 -6.785568 7.9660645
-5.571213 -6.2618866 8.154114
-4.673813 -5.354965 8.206482
-4.097763 -5.2740326 8.096985
-3.8168793 -5.519211 7.778015
-3.776413 -5.7239227 7.68042
-3.8954315 -5.559677 7.804199
-4.0501556 -5.4477997 7.925598
-4.250107 -5.4787445 7.975586
-4.309616 -5.650131 7.994629
-4.347702 -5.9714813 7.885132
-4.450058 -6.1190643 7.654236
-4.476242 -6.373764 7.513794
-4.52623 -6.752243 7.0353394
-4.3381805 -6.847458 6.711609
-4.2620087 -6.426132 6.833008
-4.0572968 -6.066696 6.880615
-4.01445 -5.969101 6.937744
-4.0549164 -6.0881195 6.866333
-4.097763 -6.1333466 6.794922
-4.109665 -6.109543 6.6568604
-4.104904 -6.033371 6.583069
-4.1453705 -5.9548187 6.6592407
-4.090622 -5.9262543 6.6520996
-4.1120453 -5.9738617 6.733032
-4.1572723 -6.0500336 6.794922
-4.2429657 -6.1404877 6.8710938
-4.2929535 -6.15477 6.84729
-4.3119965 -6.123825 7.1257935
-4.411972 -6.1333466 7.6447144
-4.3072357 -6.169052 7.725647
-4.3262787 -6.278549 7.642334
-4.4405365 -6.385666 7.5804443
-4.5048065 -6.4785004 7.4471436
-4.4929047 -6.4023285 7.35907
-4.3643646 -6.2737885 7.278137
-4.3643646 -6.1571503 7.225769
-4.3381805 -6.2166595 7.290039
-4.295334 -6.3309174 7.2543335
-4.000168 -6.41185 7.1900635
-3.6859589 -6.4975433 6.9329834
-3.666916 -6.566574 6.904419
-3.8644867 -6.4737396 6.904419
-4.1191864 -6.2856903 7.1567383
-4.2239227 -6.0762177 7.4804688
-4.3072357 -6.02623 7.7470703
-4.392929 -6.1190643 7.987488
-4.5095673 -6.321396 8.070801
-4.6000214 -6.5546722 7.9398804
-4.571457 -6.5879974 7.6185303
-4.5762177 -6.623703 7.328125
-4.6976166 -6.5808563 7.194824
-4.8571014 -6.502304 6.949646
-5.0165863 -6.3975677 6.828247
-5.1403656 -6.4356537 6.6711426
-5.1594086 -6.4213715 6.4473877
-5.207016 -6.373764 6.2807617
-5.3712616 -6.257126 6.2355347
-5.4474335 -6.0571747 6.1974487
-5.5902557 -5.9452972 6.1879272
-5.7092743 -5.8072357 6.052246
-5.933029 -6.0190887 5.840393
-6.028244 -6.257126 5.621399
-5.913986 -6.199997 6.154602
-5.702133 -5.552536 6.2998047
-5.7616425 -5.3168793 6.604492
-5.7878265 -5.243088 7.0043945
-5.8901825 -4.6908417 7.1329346
-6.0758514 -4.512314 7.399536
-6.202011 -4.7217865 7.2614746
-6.104416 -5.078842 7.4519043
-5.74736 -5.2978363 7.437622
-5.1522675 -5.623947 7.42334
-4.699997 -5.988144 7.23053
-4.6262054 -6.297592 7.123413
-4.8309174 -5.892929 6.7615967
-5.4783783 -5.5287323 7.328125
-6.2639008 -4.402817 7.192444
-7.1732025 -4.2599945 7.1210327
-7.5564423 -4.443283 6.540222
-7.511215 -5.033615 5.840393
-6.894699 -5.4597015 5.24292
-6.035385 -5.662033 4.9525146
-5.404587 -5.854843 4.800171
-5.1594086 -5.7024994 4.8049316
-5.4283905 -5.5239716 4.7906494
-5.975876 -5.097885 4.940613
-6.585251 -4.6527557 5.2405396
-7.099411 -4.417099 5.364319
-7.125595 -4.0814667 5.94989
-6.96611 -3.7958221 6.249817
-6.823288 -3.769638 6.147461
-6.8137665 -4.307602 5.9141846
-6.83757 -4.6384735 5.711853
-6.861374 -4.590866 6.2783813
-6.6804657 -4.2076263 6.475952
-6.459091 -4.0743256 6.8044434
-6.356735 -4.2290497 6.8687134
-6.1924896 -4.0148163 6.699707
-6.1329803 -3.9957733 6.794922
-6.06633 -4.0219574 7.006775
-6.125839 -3.7315521 7.109131
-6.244858 -3.5625458 7.320984
-6.356735 -3.550644 7.2400513
-6.3781586 -3.6768036 7.0924683
-6.392441 -3.679184 7.0186768
-6.3638763 -3.6577606 6.982971
-6.373398 -3.5482635 6.930603
-6.437668 -3.4197235 6.8568115
-6.3710175 -3.2935638 6.8758545
-6.368637 -3.2007294 6.8639526
-6.349594 -3.2150116 6.7425537
-6.292465 -3.372116 6.768738
-6.1306 -3.6291962 6.59021
-6.016342 -3.8600922 6.4188232
-5.8901825 -4.007675 6.390259
-5.8378143 -4.0219574 6.4711914
-5.9877777 -4.3742523 6.8877563
-6.00206 -4.3623505 6.84729
-6.0568085 -4.281418 6.9591675
-6.028244 -4.367111 7.0377197
-5.9473114 -4.4908905 7.0948486
-5.9996796 -4.659897 7.251953
-6.0901337 -4.802719 7.328125
-6.097275 -4.8122406 7.301941
-6.0306244 -4.6384735 7.2495728
-5.975876 -4.655136 7.1019897
-5.847336 -4.6646576 7.0496216
-5.721176 -4.6765594 6.9210815
-6.078232 -4.9074554 6.9544067
-6.5566864 -5.0026703 6.916321
-6.7042694 -4.7479706 7.0377197
-6.504318 -4.3123627 7.135315
-5.9877777 -4.0933685 7.021057
-5.4736176 -4.3623505 7.052002
-5.1070404 -4.750351 7.044861
-5.047531 -4.993149 7.116272
-5.368881 -5.140732 7.278137
-5.7354584 -5.033615 7.397156
-6.035385 -4.659897 7.380493
-6.1901093 -4.4528046 7.313843
-6.2805634 -4.598007 7.213867
-6.3019867 -4.61467 7.0615234
-6.375778 -4.7551117 6.916321
-6.290085 -5.045517 6.506897
-6.1924896 -5.3383026 6.20697
-6.061569 -5.416855 5.9570313
-5.9592133 -5.45018 6.007019
-5.892563 -5.566818 5.968933
-5.971115 -5.545395 5.9260864
-6.0306244 -5.5049286 5.916565
-5.9544525 -5.3454437 5.923706
-5.9163666 -5.155014 6.095093
-5.9020844 -5.0169525 6.097473
-5.9354095 -5.045517 6.14032
-6.0306244 -5.147873 6.116516
-6.1091766 -5.2930756 6.116516
-6.2186737 -5.2668915 5.9713135
-6.392441 -5.1692963 5.859436
-6.5257416 -5.1335907 5.8046875
-6.6161957 -5.1050262 5.745178
-6.6923676 -5.1573944 5.8546753
-6.7637787 -5.224045 5.954651
-6.7566376 -5.309738 5.8832397
-6.7685394 -5.4025726 6.0427246
-6.6209564 -4.8622284 5.826111
-6.566208 -4.48851 5.4190674
-6.3448334 -4.598007 5.3762207
-6.25914 -4.431381 5.2143555
-6.4019623 -4.4718475 5.4333496
-6.3472137 -4.5432587 5.7094727
-6.482895 -4.866989 6.07843
-6.4662323 -5.0502777 6.435486
-6.444809 -5.1978607 6.840149
-6.5328827 -5.3121185 6.9020386
-6.64476 -5.359726 6.9924927
-6.8280487 -5.3454437 7.194824
-7.068466 -5.238327 7.256714
-7.1208344 -5.0812225 7.2852783
-7.2041473 -4.7408295 7.173401
-7.2112885 -4.42424 7.006775
-7.2374725 -4.262375 6.5997314
-7.125595 -4.0433807 6.456909
-6.7875824 -3.4078217 5.802307
-6.585251 -3.050766 5.7666016
-6.5781097 -1.6487274 5.7666016
-6.618576 -1.0512543 6.392639
-6.535263 -0.13243103 6.473572
-6.432907 0.15083313 6.1141357
-6.5257416 -1.8010712 5.5476074
-6.2734222 -4.9479218 4.350281
-5.925888 -7.233078 3.2124634
-5.8378143 -8.087631 2.7554321
-5.911606 -9.142136 2.4364624
-5.6140594 -7.4996796 2.4364624
-5.925888 -5.942917 3.4314575
-6.168686 -5.1788177 3.7432861
-6.168686 -5.166916 3.8361206
-6.2115326 -5.4644623 3.7313843
-6.187729 -5.8119965 3.671875
-6.2043915 -5.7881927 3.3933716
-6.297226 -5.745346 3.2505493
-6.51622 -5.5763397 3.036316
-6.785202 -5.521591 3.0291748
-7.0565643 -5.5501556 3.1981812
-7.2517548 -5.635849 3.5147705
-7.4421844 -5.8191376 3.709961
-7.5969086 -6.02623 3.5528564
-7.715927 -6.180954 3.5219116
-7.9039764 -6.2809296 3.2910156
-8.111069 -6.335678 3.055359
-8.234848 -6.211899 3.017273
-8.406235 -5.981003 3.1577148
-8.560959 -5.7358246 3.3362427
-8.63475 -5.454941 3.3981323
-8.675217 -5.2359467 3.4457397
-8.772812 -5.0478973 3.414795
-8.832321 -4.9598236 3.3457642
-9.039413 -4.9026947 3.2410278
-9.156052 -4.897934 3.3457642
-9.382187 -4.8503265 3.6218872
-9.448837 -4.8384247 3.9051514
-9.501205 -4.826523 4.0551147
-9.517868 -4.8955536 4.2526855
-9.560715 -4.988388 4.140808
-9.701157 -5.1454926 4.1098633
-9.891586 -5.347824 3.9337158
-10.048691 -5.495407 3.7837524
-10.062973 -5.64299 3.5980835
-10.117722 -5.7881927 3.562378
-10.139145 -5.995285 3.4885864
-10.1558075 -6.2214203 3.467163
-10.205795 -6.4404144 3.4957275
-10.129623 -6.5760956 3.3886108
-9.984421 -6.7474823 3.2386475
-9.813034 -6.8450775 3.1220093
-9.624985 -6.86174 3.017273
-9.53215 -6.9664764 2.99823
-9.405991 -7.009323 3.055359
-9.365524 -6.9593353 3.0505981
-9.322678 -6.866501 3.005371
-9.308395 -6.821274 3.0482178
-9.296494 -6.7808075 3.055359
-9.296494 -6.726059 3.1339111
-9.291733 -6.687973 3.2196045
-9.322678 -6.5998993 3.2767334
-9.3798065 -6.4713593 3.3457642
-9.372665 -6.3118744 3.3814697
-9.348862 -6.0738373 3.267212
-9.360764 -5.9714813 3.3457642
-9.363144 -5.7858124 3.2576904
-9.377426 -5.7620087 3.2981567
-9.372665 -5.666794 3.286255
-9.360764 -5.559677 3.2600708
-9.384567 -5.4930267 3.1315308
-9.415512 -5.404953 3.081543
-9.4631195 -5.3311615 2.9863281
-9.53215 -5.219284 2.850647
-9.498825 -5.1573944 2.7506714
-9.482162 -5.090744 2.6340332
-9.410751 -4.9979095 2.600708
-9.448837 -4.924118 2.4888306
-9.472641 -4.924118 2.4412231
-9.477402 -4.9074554 2.324585
-9.520248 -4.897934 2.2888794
-9.539291 -4.8812714 2.196045
-9.539291 -4.8170013 2.112732
-9.513107 -4.7860565 2.0841675
-9.517868 -4.7479706 2.017517
-9.384567 -4.662277 1.9151611
-9.348862 -4.6313324 1.9056396
-9.301254 -4.557541 1.8009033
-9.244125 -4.507553 1.7294922
-9.246506 -4.448044 1.6676025
-9.234604 -4.4147186 1.6461792
-9.179855 -4.3956757 1.5747681
-9.2322235 -4.3504486 1.548584
-9.2108 -4.326645 1.5795288
-9.191757 -4.2790375 1.4367065
-9.156052 -4.2338104 1.4057617
-9.137009 -4.198105 1.4224243
-9.072739 -4.160019 1.4295654
-9.025131 -4.1504974 1.3414917
-9.029892 -4.10289 1.3462524
-8.932297 -4.152878 1.3438721
-8.863266 -4.057663 1.3153076
-8.82518 -4.057663 1.2629395
-8.768051 -4.052902 1.2700806
-8.718063 -4.0481415 1.279602
-8.670456 -4.031479 1.2248535
-8.646652 -4.007675 1.2772217
-8.608566 -3.9600677 1.2248535
-8.572861 -3.9910126 1.2581787
-8.556198 -3.9957733 1.2462769
-8.50621 -4.000534 1.2248535
-8.446701 -3.9624481 1.2700806
-8.43956 -3.9910126 1.362915
-8.427658 -3.9886322 1.3962402
-8.425278 -3.9910126 1.4771729
-8.399094 -3.9505463 1.4533691
-8.368149 -3.981491 1.4414673
-8.337204 -3.9148407 1.5604858
-8.349106 -3.9981537 1.5343018
-8.322922 -4.0219574 1.6104736
-8.303879 -4.0743256 1.6247559
-8.387192 -4.140976 1.6152344
-8.453842 -4.1838226 1.71521
-8.456223 -4.2480927 1.7080688
-8.50383 -4.2671356 1.7675781
-8.560959 -4.300461 1.8104248
-8.608566 -4.3813934 1.7770996
-8.625229 -4.450424 1.8294678
-8.687119 -4.436142 1.8199463
-8.691879 -4.481369 1.8318481
-8.756149 -4.493271 1.8818359
-8.82756 -4.526596 1.9675293
-8.872787 -4.531357 2.0722656
-8.979904 -4.595627 2.048462
-9.01799 -4.6503754 2.0770264
-8.994186 -4.6241913 2.0056152
-9.051315 -4.686081 2.0222778
-9.094162 -4.738449 2.1270142
-9.103683 -4.7551117 2.2055664
-9.14653 -4.802719 2.177002
-9.184616 -4.8550873 2.2008057
-9.203659 -4.893173 2.267456
-9.220322 -4.893173 2.2626953
-9.203659 -4.9074554 2.388855
-9.260788 -4.9193573 2.4436035
-9.313156 -4.924118 2.5031128
-9.313156 -4.9145966 2.5959473
-9.329819 -4.916977 2.5411987
-9.301254 -4.8955536 2.5054932
-9.277451 -4.928879 2.498352
-9.265549 -4.9336395 2.6054688
-9.234604 -4.9479218 2.5864258
-9.220322 -5.026474 2.593567
-9.227463 -4.988388 2.6292725
-9.213181 -5.0240936 2.6435547
-9.265549 -5.057419 2.6149902
-9.179855 -5.0669403 2.6554565
-9.179855 -5.0431366 2.5697632
-9.14653 -5.038376 2.574524
-9.110825 -5.0621796 2.5197754
-9.113205 -5.1002655 2.4245605
-9.113205 -5.1121674 2.4626465
-9.129868 -5.121689 2.4245605
-9.077499 -5.1312103 2.3745728
-9.056076 -5.1335907 2.3460083
-9.087021 -5.1383514 2.3222046
-9.039413 -5.0883636 2.2817383
-9.010849 -5.076462 2.248413
-9.034653 -5.0431366 2.1436768
-9.048935 -5.0288544 2.112732
-9.048935 -5.0217133 2.0960693
-9.106064 -4.976486 2.0532227
-9.07988 -4.981247 1.97229
-9.14415 -4.9336395 1.946106
-9.096542 -4.897934 1.8294678
-9.091782 -4.9003143 1.8413696
-9.0846405 -4.87175 1.8342285
-9.151291 -4.864609 1.7675781
-9.14415 -4.8003387 1.7913818
-9.182236 -4.802719 1.77948
-9.153671 -4.762253 1.7271118
-9.175095 -4.7336884 1.7675781
-9.172714 -4.686081 1.6937866
-9.203659 -4.693222 1.6937866
-9.20842 -4.6646576 1.6057129
-9.194138 -4.6122894 1.7128296
-9.2512665 -4.576584 1.6628418
-9.189377 -4.545639 1.7056885
-9.189377 -4.5242157 1.7033081
-9.2322235 -4.5242157 1.6461792
-9.198898 -4.481369 1.6652222
-9.201279 -4.402817 1.6747437
-9.1489105 -4.4147186 1.6652222
-9.039413 -4.35997 1.7033081
-9.087021 -4.3552094 1.6890259
-9.027512 -4.3385468 1.7271118
-8.95134 -4.250473 1.6890259
-8.987045 -4.269516 1.8389893
-8.946579 -4.2528534 1.77948
-8.898972 -4.2290497 1.8151855
-8.896591 -4.1885834 1.7961426
-8.834702 -4.205246 1.7699585
-8.82518 -4.179062 1.8151855
-8.7894745 -4.171921 1.8223267
-8.75853 -4.1433563 1.8723145
-8.7061615 -4.140976 1.8842163
-8.727585 -4.155258 1.8842163
-8.670456 -4.1005096 1.9127808
-8.689499 -4.136215 1.946106
-8.679977 -4.1052704 1.9437256
-8.703781 -4.121933 1.9294434
-8.663315 -4.1576385 1.9508667
-8.684738 -4.160019 1.8865967
-8.682358 -4.140976 1.9199219
-8.615707 -4.1838226 1.991333
-8.618088 -4.236191 1.9865723
-8.618088 -4.255234 1.9984741
-8.625229 -4.3242645 2.029419
-8.601425 -4.3385468 2.0317993
-8.658554 -4.352829 2.0056152
-8.660934 -4.4194794 1.9413452
-8.720444 -4.455185 1.9699097
-8.69902 -4.469467 1.9841919
Time Stop = 2603
