Time Start = 6344
1.3152008 1.5719147 7.6375732
1.6674957 1.7694855 7.544739
1.8150787 1.9051666 7.320984
1.810318 2.1622467 7.1567383
1.7579498 2.4835968 6.937744
1.6555939 2.6311798 6.552124
1.6389313 2.5407257 6.1879272
1.6008453 2.2646027 5.7927856
1.4889679 1.92659 5.4262085
1.412796 1.6528473 5.140564
1.2985382 1.4195709 5.057251
1.2747345 1.1862946 5.235779
1.4913483 1.1529694 5.3119507
1.7793732 1.3124542 5.4214478
2.2102203 1.3291168 5.5856934
2.5696564 1.3886261 5.602356
2.8195953 1.381485 5.473816
2.900528 1.3029327 5.390503
2.8029327 1.0529938 5.159607
2.6624908 0.36506653 4.7977905
2.5886993 -0.23954773 4.4454956
2.6601105 -1.1369476 4.3050537
3.002884 -1.8939056 4.0551147
3.4194489 -2.7556 3.7313843
3.7717438 -3.4125824 3.5957031
4.0645294 -4.1385956 3.543335
4.3073273 -5.06456 3.5457153
4.6691437 -5.795334 3.5100098
5.0595245 -6.4665985 3.4124146
5.7403107 -7.016464 3.248169
6.50441 -7.2949677 3.2838745
7.116165 -7.066452 3.3790894
7.3994293 -6.714157 3.5361938
7.378006 -6.2357025 3.679016
7.2137604 -5.8262787 3.6671143
7.116165 -5.5096893 3.4766846
7.2137604 -5.1788177 2.8411255
7.4636993 -5.2930756 2.4197998
7.987381 -5.4597015 1.510498
8.644363 -5.590622 0.9725342
9.341812 -5.559677 0.3536377
10.110672 -5.488266 -0.012939453
11.027115 -5.38591 -0.28430176
11.95784 -5.2978363 -0.70562744
13.259903 -5.2930756 -1.1888428
14.759537 -5.32164 -1.8053589
16.478165 -5.378769 -2.1409912
17.53743 -5.571579 -2.3147583
17.973038 -6.2499847 -2.2433472
18.099197 -7.24736 -2.0767212
17.932571 -8.242355 -1.8125
17.868301 -9.158798 -1.6077881
16.930435 -9.901474 -1.3007202
15.747391 -10.282333 -0.9555664
14.833328 -10.275192 -0.7318115
13.81691 -9.803879 -0.7103882
12.909988 -9.163559 -0.65563965
12.312515 -8.523239 -0.46044922
11.793594 -7.892441 -0.15100098
11.531754 -7.335434 0.18463135
11.279434 -6.809372 0.47979736
11.284195 -6.533249 0.62976074
11.167557 -6.3951874 0.625
10.977127 -6.0738373 0.5107422
10.665298 -5.738205 0.3536377
10.16304 -5.3502045 0.12988281
9.820267 -5.057419 -0.15338135
9.532242 -4.7717743 -0.27478027
9.444168 -4.4766083 -0.5866089
9.484634 -4.379013 -0.69610596
9.479874 -4.3099823 -0.74609375
9.370377 -4.224289 -0.6865845
9.13472 -4.069565 -0.6365967
8.858597 -3.917221 -0.5532837
8.870499 -3.9767303 -0.49853516
8.810989 -4.133835 -0.46044922
8.837173 -4.2338104 -0.4033203
8.739578 -4.3314056 -0.51519775
8.703873 -4.4218597 -0.36999512
8.618179 -4.4789886 -0.43188477
8.699112 -4.526596 -0.4366455
8.75386 -4.533737 -0.44378662
8.706253 -4.7670135 -0.5794678
8.94191 -4.8503265 -0.7675171
9.227554 -4.8622284 -0.95318604
9.506058 -4.9479218 -1.0436401
9.784561 -5.0169525 -1.2245483
10.027359 -5.0812225 -1.1483765
10.179703 -5.0098114 -1.138855
10.16066 -4.8693695 -1.0126953
10.084488 -4.762253 -0.91986084
10.103531 -4.571823 -0.84606934
10.301102 -4.409958 -0.7817993
10.432022 -4.3171234 -0.8960571
10.553421 -4.219528 -0.93414307
10.553421 -4.2147675 -1.0436401
10.491531 -4.200485 -1.1674194
10.396317 -4.160019 -1.2007446
10.410599 -3.97435 -1.2459717
10.512955 -3.6744232 -1.395935
10.73671 -3.1102753 -1.4554443
11.046158 -2.448532 -1.5125732
11.260391 -1.8486786 -1.3840332
10.919998 -1.3464203 -1.1269531
10.724808 -1.1012421 -0.98651123
10.446304 -0.8084564 -0.9389038
10.348709 -0.38237 -0.9984131
10.29158 -0.058639526 -0.98413086
10.217789 -0.025314331 -1.2150269
9.951187 -0.24668884 -1.2888184
9.589371 -0.40141296 -1.1531372
9.065689 -0.27287292 -0.83654785
8.482498 -0.12528992 -0.42236328
7.9088287 0.10322571 -0.05102539
7.1066437 0.24128723 0.17749023
6.651993 0.50312805 0.22033691
6.4639435 0.7316437 0.1227417
6.6805573 0.6983185 -0.02960205
6.994766 0.83161926 -0.07006836
7.4018097 0.69355774 -0.17956543
8.030228 0.41505432 -0.5199585
9.146622 0.31983948 -0.77941895
9.739334 0.33650208 -1.1079102
10.158279 0.15083313 -1.1745605
10.177322 -0.18955994 -1.0864868
10.155899 -0.5537567 -0.89367676
10.110672 -0.9822235 -0.77227783
9.84407 -1.5011444 -0.49853516
9.572708 -1.9676971 -0.17956543
9.289444 -2.3414154 0.19415283
8.922867 -2.7056122 0.6321411
8.639603 -3.088852 0.836853
8.49202 -3.345932 0.90826416
8.311111 -3.6744232 0.88446045
8.23732 -3.8600922 1.022522
8.17067 -3.833908 1.2177124
7.9897614 -3.71727 1.4509888
8.049271 -3.6363373 1.5057373
8.146866 -3.538742 1.5700073
8.289688 -3.4316254 1.5652466
8.591995 -3.4197235 1.4747925
8.839554 -3.4316254 1.3795776
9.00856 -3.5458832 1.3438721
9.1132965 -3.5911102 1.4605103
9.182327 -3.769638 1.6366577
9.165665 -3.9838715 1.7770996
9.165665 -4.2290497 1.9151611
9.091873 -4.35997 2.1079712
9.010941 -4.598007 2.1436768
8.868118 -4.6884613 2.157959
8.782425 -4.8360443 2.10083
8.851456 -5.0740814 2.0056152
9.00618 -5.371628 1.8746948
9.45607 -5.6786957 1.6652222
9.9535675 -5.9595795 1.3557739
10.377274 -6.1190643 1.132019
10.772415 -6.2095184 0.7487793
11.096146 -6.2285614 0.477417
11.305618 -6.188095 0.30126953
11.474625 -6.1071625 -0.015319824
11.576981 -5.9786224 -0.31524658
12.069717 -5.873886 -0.48425293
13.188492 -5.8429413 -0.36761475
13.997818 -5.7786713 -0.45806885
14.442947 -5.733444 -0.54852295
14.212051 -5.6453705 -0.85321045
14.440567 -5.390671 -0.8413086
14.7642975 -4.866989 -0.74609375
14.5143585 -4.8003387 -0.51519775
13.578873 -4.2409515 -0.24145508
11.817398 -4.2909393 -0.0034179688
10.360611 -4.9455414 -0.07244873
9.817886 -4.7265472 -0.07006836
8.872879 -4.0790863 -0.4295044
8.332535 -4.2671356 -0.63897705
8.256363 -4.1457367 -0.98413086
8.446793 -3.9267426 -1.1174316
8.799088 -3.6744232 -1.3673706
9.439407 -3.4649506 -1.3721313
9.927383 -3.3245087 -1.4054565
10.3320465 -3.1459808 -1.498291
10.579605 -2.9793549 -1.5458984
10.660538 -2.8746185 -1.4483032
10.648636 -2.7794037 -1.4602051
10.453445 -2.7960663 -1.4697266
10.110672 -2.7675018 -1.395935
9.475113 -2.865097 -1.2388306
9.082352 -2.9436493 -1.1793213
8.844315 -2.9436493 -1.2531128
8.532486 -2.8341522 -1.2102661
8.158768 -2.7722626 -1.2078857
7.91597 -2.6127777 -1.0460205
7.65889 -2.486618 -0.91748047
7.513687 -2.4747162 -0.8413086
7.4470367 -2.3223724 -0.760376
7.3875275 -2.2533417 -0.6604004
7.2994537 -2.2652435 -0.6175537
7.116165 -2.3176117 -0.6413574
6.9971466 -2.4366302 -0.7437134
6.9447784 -2.5580292 -0.7817993
6.7329254 -2.762741 -0.78656006
6.647232 -2.8936615 -0.8579712
6.50441 -3.0483856 -0.8079834
6.3282623 -3.1888275 -0.7103882
6.159256 -3.1436005 -0.5842285
6.1449738 -3.1697845 -0.4366455
6.083084 -2.9555511 -0.362854
6.2854156 -2.7865448 -0.23431396
6.6900787 -2.5485077 -0.12005615
7.1637726 -2.3914032 0.1227417
7.604141 -2.2390594 0.010864258
8.134964 -2.108139 -0.12719727
8.551529 -2.0200653 -0.40570068
8.925247 -2.0295868 -0.52233887
9.237076 -2.1033783 -0.7318115
9.634598 -2.2604828 -0.89367676
10.215408 -2.3699799 -1.1912231
11.238968 -2.4199677 -1.600647
12.619583 -2.396164 -2.043396
13.845474 -2.422348 -2.4266357
14.454849 -2.672287 -2.6313477
14.504837 -3.115036 -2.3266602
14.254898 -3.5173187 -2.0767212
13.288467 -3.9981537 -1.6768188
11.95546 -4.564682 -1.3031006
10.798599 -4.9669647 -0.90319824
9.932144 -5.352585 -0.70562744
9.332291 -5.6715546 -0.4533081
9.1371 -5.8715057 -0.36047363
9.384659 -5.8715057 -0.3057251
9.898819 -5.650131 -0.38427734
10.324905 -5.2787933 -0.5532837
10.693863 -4.833664 -0.75561523
11.053299 -4.5051727 -0.8579712
11.805496 -4.6075287 -0.6937256
11.976883 -4.35997 -0.7770386
12.714798 -5.2145233 -0.12719727
11.479385 -4.9145966 -0.5628052
11.650772 -5.3121185 0.1060791
11.448441 -5.2478485 -0.0748291
10.967606 -5.140732 0.07989502
10.61055 -4.7360687 0.60357666
10.205887 -4.307602 0.82733154
9.782181 -4.1814423 1.0368042
9.163284 -4.1124115 1.1939087
8.680069 -4.1814423 1.1820068
8.339676 -4.4385223 1.0391846
8.049271 -4.6956024 0.87493896
8.004044 -4.9669647 0.7249756
7.9588165 -5.328781 0.5274048
8.0421295 -5.552536 0.41552734
8.068314 -5.609665 0.22747803
8.087357 -5.5120697 0.1798706
8.004044 -5.4073334 0.046569824
8.037369 -5.3621063 -0.010559082
8.101639 -5.185959 0.07989502
8.230179 -5.0478973 0.394104
8.282547 -4.852707 0.61309814
8.23494 -4.7741547 0.99871826
8.282547 -4.7217865 1.2724609
8.437271 -4.6194305 1.4771729
8.746719 -4.686081 1.4533691
8.999039 -4.795578 1.3771973
9.256119 -4.974106 1.2653198
9.496536 -5.1645355 1.0772705
9.853592 -5.38591 0.791626
10.132095 -5.590622 0.6845093
10.622452 -5.6644135 0.6392822
10.924759 -5.6525116 0.43695068
11.398453 -5.4525604 0.20605469
11.917374 -5.295456 -0.07244873
12.579117 -5.188339 -0.33428955
13.340836 -5.309738 -0.47473145
13.788345 -5.5096893 -0.60565186
14.123978 -5.7144012 -0.6342163
14.471512 -5.9595795 -0.66278076
14.528641 -6.0500336 -0.75561523
14.414383 -5.976242 -0.77941895
13.62648 -5.816757 -0.84606934
12.660049 -5.7215424 -0.81274414
11.581741 -5.397812 -0.96746826
10.820023 -4.9336395 -1.1126709
10.179703 -4.5051727 -1.1674194
9.796463 -4.0481415 -1.2293091
9.727432 -3.7529755 -1.3340454
9.825027 -3.5244598 -1.4221191
10.129715 -3.3625946 -1.5197144
10.541519 -3.1197968 -1.8125
11.31514 -2.9507904 -1.9053345
11.779312 -2.876999 -2.0600586
11.967361 -2.9579315 -2.1171875
12.031631 -3.050766 -2.1052856
12.069717 -3.160263 -2.0767212
11.907852 -3.2530975 -2.0195923
11.455582 -3.4078217 -2.0100708
10.712906 -3.4911346 -1.9029541
9.965469 -3.4530487 -1.9267578
9.296585 -3.3816376 -1.9196167
8.827652 -3.2269135 -1.8148804
8.337296 -3.0602875 -1.7006226
7.9850006 -3.0745697 -1.498291
7.870743 -3.0531464 -1.331665
7.9469147 -2.9341278 -1.2554932
8.025467 -2.7056122 -1.2412109
8.120682 -2.5984955 -1.1245728
7.873123 -2.5556488 -1.010315
7.72316 -2.5532684 -1.0055542
7.4636993 -2.5032806 -1.0531616
7.328018 -2.6889496 -1.0888672
7.1304474 -2.8531952 -1.1721802
6.9138336 -2.9912567 -1.2364502
6.5853424 -3.1221771 -1.2078857
6.402054 -3.2197723 -0.94366455
6.254471 -3.1888275 -0.68182373
6.292557 -3.2316742 -0.5699463
6.4639435 -3.07695 -0.41522217
6.723404 -3.0341034 -0.34857178
6.9757233 -2.812729 -0.2557373
7.075699 -2.6175385 -0.11529541
7.218521 -2.4461517 0.0061035156
7.332779 -2.1771698 0.13464355
7.3542023 -2.0724335 0.27270508
7.4779816 -2.070053 0.4607544
7.7731476 -2.1819305 0.43695068
8.246841 -2.2604828 0.27746582
8.953812 -2.3247528 -0.215271
9.851212 -2.4247284 -0.29382324
10.753372 -2.415207 -0.6246948
11.398453 -2.4651947 -0.7508545
11.917374 -2.5294647 -1.0269775
12.233963 -2.646103 -1.0769653
12.517227 -2.8531952 -1.2269287
12.293472 -3.410202 -1.2293091
11.719803 -3.8815155 -0.99365234
10.860489 -4.236191 -0.81274414
10.041641 -4.655136 -0.3890381
9.45607 -5.007431 -0.11529541
9.282303 -5.3621063 0.11798096
9.382278 -5.583481 0.21795654
9.606033 -5.519211 0.06085205
10.001175 -5.1645355 -0.32000732
10.367752 -4.7265472 -0.6104126
10.715286 -4.3361664 -0.8389282
11.110428 -4.057663 -0.98651123
11.427017 -4.1124115 -0.9817505
11.576981 -4.2980804 -0.805603
11.526993 -4.4718475 -0.5675659
11.424637 -4.557541 -0.41760254
11.231827 -4.5480194 -0.05102539
11.000931 -4.3504486 0.20843506
10.662918 -3.9767303 0.45837402
10.215408 -3.5244598 0.6107178
9.867874 -3.3483124 0.66308594
9.544144 -3.3411713 0.5750122
9.356094 -3.6101532 0.49645996
9.177567 -3.9576874 0.47027588
9.129959 -4.16716 0.30126953
8.987137 -4.533737 0.22509766
8.975235 -4.9479218 0.0013427734
9.044266 -5.271652 0.0013427734
9.07045 -5.540634 0.12988281
9.108536 -5.6382294 0.19415283
9.00618 -5.533493 0.18939209
8.949051 -5.3835297 0.2631836
8.825272 -5.2478485 0.42980957
8.787186 -5.1645355 0.625
8.68721 -5.1193085 0.8225708
8.680069 -5.1454926 0.9368286
8.7491 -5.271652 1.2462769
8.765762 -5.38591 1.4676514
8.896683 -5.4525604 1.5557251
9.165665 -5.5572968 1.548584
9.432266 -5.6334686 1.4866943
9.598892 -5.7096405 1.3486328
9.886917 -5.6406097 1.0272827
10.079727 -5.6453705 0.9606323
10.360611 -5.628708 0.8225708
10.74147 -5.559677 0.5512085
11.393692 -5.4906464 0.3369751
12.571976 -5.533493 0.10369873
14.000198 -5.783432 0.06323242
14.942825 -6.1857147 -0.15814209
15.173721 -6.461838 -0.38189697
15.047562 -6.3951874 -0.50805664
14.557205 -6.188095 -0.4295044
13.852615 -5.9357758 -0.42236328
12.9814 -5.6310883 -0.49853516
11.838821 -5.3359222 -0.6913452
10.820023 -5.0812225 -0.82702637
10.115433 -4.828903 -1.0650635
9.829788 -4.5932465 -1.1936035
9.6393585 -4.4218597 -1.3816528
9.698868 -4.236191 -1.5220947
9.848831 -4.0433807 -1.5887451
10.063065 -3.8101044 -1.5411377
10.339188 -3.5625458 -1.5316162
10.603409 -3.364975 -1.5149536
10.900955 -3.3054657 -1.5506592
11.072342 -3.2983246 -1.5554199
11.181839 -3.3697357 -1.3816528
11.06044 -3.288803 -1.4721069
10.884293 -3.2197723 -1.5101929
10.591507 -3.1697845 -1.6077881
10.246353 -3.2126312 -1.5673218
9.910721 -3.281662 -1.5554199
9.6465 -3.307846 -1.4459229
9.477493 -3.2292938 -1.3935547
9.4275055 -3.1388397 -1.3269043
9.346573 -3.1459808 -1.2388306
9.3918 -3.0912323 -1.2340698
9.444168 -3.0483856 -1.3173828
9.379898 -2.9698334 -1.4125977
9.341812 -3.024582 -1.4697266
9.041885 -2.9888763 -1.5220947
8.720535 -3.1436005 -1.4268799
8.451553 -3.2792816 -1.2769165
8.192093 -3.4459076 -1.0317383
7.923111 -3.5411224 -0.9579468
7.756485 -3.5054169 -0.9960327
7.597 -3.4435272 -1.0269775
7.480362 -3.2078705 -1.0436401
7.3827667 -3.1174164 -1.074585
7.3113556 -3.0650482 -1.0031738
7.159012 -3.0102997 -0.824646
7.063797 -2.9127045 -0.66278076
7.0995026 -2.8151093 -0.5342407
7.320877 -2.7460785 -0.48187256
7.494644 -2.5294647 -0.44854736
7.5612946 -2.5175629 -0.3461914
7.551773 -2.377121 -0.26287842
7.711258 -2.3485565 -0.17956543
7.763626 -2.415207 -0.020080566
8.082596 -2.4937592 0.041809082
8.618179 -2.6294403 0.0013427734
9.360855 -2.6889496 -0.22955322
10.22493 -2.6556244 -0.7889404
10.746231 -2.6865692 -1.1126709
11.162796 -2.7865448 -1.3221436
11.672195 -2.9579315 -1.3673706
11.96022 -3.3292694 -0.87939453
11.6983795 -3.7910614 -0.5604248
10.991409 -4.255234 -0.17480469
9.974991 -4.5170746 0.3036499
8.987137 -4.7360687 0.7559204
8.251602 -4.8503265 1.0986938
7.865982 -4.80986 1.2867432
7.942154 -4.576584 1.1534424
8.284927 -4.3552094 0.9558716
8.627701 -3.9457855 0.6345215
8.972855 -3.5554047 0.08227539
9.506058 -3.4078217 -0.3057251
10.143997 -3.4054413 -0.6699219
10.591507 -3.5982513 -0.82940674
10.917618 -3.9338837 -0.8389282
11.012833 -4.171921 -0.7080078
10.896194 -4.3385468 -0.5128174
10.755753 -4.5242157 -0.27478027
10.61293 -4.5694427 0.022766113
10.474869 -4.462326 0.3536377
10.253494 -4.269516 0.5202637
10.115433 -4.0410004 0.90826416
9.794083 -3.8815155 1.0844116
9.501297 -3.814865 1.1201172
9.1966095 -3.5863495 1.0701294
9.144241 -3.667282 0.98443604
9.089493 -3.9767303 0.60357666
9.184708 -4.3242645 0.48693848
9.348953 -4.4718475 0.37506104
9.403702 -4.8765106 0.31079102
9.382278 -5.1907196 0.1798706
9.303726 -5.3192596 0.32983398
9.346573 -5.3430634 0.29174805
9.289444 -5.309738 0.43695068
9.19899 -5.212143 0.58929443
9.032364 -5.007431 0.85113525
8.908585 -4.909836 1.0249023
8.863358 -4.821762 1.2486572
8.910965 -4.845566 1.4557495
8.999039 -4.8812714 1.6271362
9.1371 -5.00029 1.7366333
9.32515 -5.135971 1.7770996
9.496536 -5.1978607 1.7747192
9.6465 -5.2335663 1.6747437
9.827408 -5.2787933 1.5009766
10.008316 -5.419235 1.3034058
10.22493 -5.5477753 1.1034546
10.524857 -5.692978 1.0177612
10.893814 -5.77153 0.77734375
11.238968 -5.83342 0.6154785
11.791214 -5.7405853 0.394104
12.676712 -5.6406097 0.15130615
13.543167 -5.8000946 0.2631836
13.919266 -5.9143524 0.20605469
13.774063 -6.002426 0.10369873
13.414627 -5.9262543 -0.008178711
13.136124 -5.7596283 -0.079589844
12.736221 -5.757248 -0.13433838
12.107803 -5.621567 -0.124816895
11.217545 -5.443039 -0.12719727
10.348709 -5.205002 -0.2819214
Time Stop = 6349
