Time Start = 5510
-2.2220306 4.1189117 9.15863
-1.1960907 4.0903473 8.789673
-0.55815125 3.3405304 8.57782
-0.2891693 2.7168732 8.561157
-0.3153534 2.4478912 8.499268
-0.31059265 2.305069 8.442139
-0.2320404 2.0575104 8.396912
-0.09635925 1.8980255 8.368347
0.06788635 1.8385162 8.335022
0.22975159 1.9004059 8.277893
0.35353088 2.081314 8.230286
0.46540833 2.293167 8.051758
0.5677643 2.4883575 8.046997
0.66773987 2.6668854 7.956543
0.81056213 2.754959 7.7994385
0.95814514 2.6216583 7.573303
1.098587 2.516922 7.5542603
1.2723541 2.1931915 7.237671
1.541336 2.0836945 7.044861
1.8484039 1.8980255 7.10437
2.2126007 1.4981232 7.4138184
2.5577545 1.1743927 7.8446655
2.8386383 0.84828186 7.8756104
2.9886017 0.21272278 8.282654
3.0195465 -0.3490448 8.592102
2.7172394 -0.64183044 8.625427
2.2292633 -0.7299042 8.575439
1.412796 -0.5632782 8.008911
0.47969055 -0.18955994 7.578064
-0.54148865 -0.4156952 8.00415
-1.338913 -0.6204071 8.154114
-1.9244843 -0.8917694 8.677795
-2.371994 -1.1893158 9.470459
-2.8480682 -1.2393036 9.596619
-3.2027435 -0.9488983 9.637085
-3.5217133 -0.60850525 9.60376
-3.7883148 -0.38713074 9.522827
-3.988266 -0.40379333 9.456177
-4.314377 -0.69895935 9.408569
-5.0356293 -1.2845306 9.882263
-5.9663544 -1.389267 10.048889
-6.8399506 -1.0798187 10.0060425
-7.3255463 -0.7679901 10.075073
-7.277939 -0.6941986 10.279785
-6.978012 -0.37760925 10.353577
-6.5495453 0.053237915 10.327393
-6.1520233 0.10560608 10.215515
-5.9354095 -0.26097107 10.489258
-5.880661 -0.5870819 10.739197
-5.6711884 -0.72514343 10.415466
-5.509323 -0.7870331 10.303589
-5.392685 -0.82273865 10.255981
-5.1451263 -0.72276306 9.853699
-4.9785004 -0.6513519 9.15387
-4.859482 -0.44187927 8.442139
-5.259384 0.031814575 8.19458
-5.547409 0.753067 7.7946777
-5.706894 1.343399 7.4709473
-5.725937 1.7123566 7.525696
-5.6521454 1.7099762 7.7946777
-5.7545013 1.4790802 8.273132
-5.7878265 1.2029572 8.054138
-6.2829437 1.8527985 9.639465
-6.0306244 2.7240143 10.044128
-5.6592865 1.92659 9.806091
-5.854477 0.65071106 8.872986
-6.278183 -0.037216187 8.370728
-6.0306244 -0.049118042 8.13269
-5.3784027 -0.3561859 7.463806
-6.1472626 -1.2797699 7.225769
-7.773056 -0.2252655 8.106506
-7.939682 3.216751 8.070801
-7.427902 1.2696075 8.527832
-8.615707 0.19129944 8.285034
-8.651413 2.266983 10.3845215
-5.3141327 1.779007 12.643494
-2.3386688 0.29127502 13.13623
-1.1222992 0.02229309 13.041016
-2.326767 0.2531891 12.500671
-3.526474 0.14845276 11.362854
-3.7335663 0.56025696 9.651367
-3.75737 0.9744415 8.344543
-3.5478973 1.6718903 7.9208374
-3.2741547 2.0313263 8.382629
-3.3431854 2.2717438 8.925354
-3.2836761 2.176529 9.194336
-3.2027435 1.6933136 9.6085205
-3.2717743 1.0506134 9.54187
-3.2741547 0.6316681 9.503784
-3.3312836 1.1791534 9.134827
-3.1694183 1.1791534 9.184814
-3.2098846 1.2577057 9.134827
-3.2194061 1.1981964 9.196716
-3.269394 1.4695587 9.429993
-3.2836761 1.8289948 9.634705
-3.3241425 1.8670807 9.634705
-3.3312836 1.6909332 9.515686
-3.3812714 1.6242828 9.28241
-3.469345 1.5171661 9.03009
-3.5812225 1.4814606 8.951538
-3.545517 1.4719391 8.801575
-3.56456 1.4409943 8.765869
-3.5288544 1.4933624 8.758728
-3.5502777 1.5195465 8.7682495
-3.655014 1.4814606 8.758728
-3.7145233 1.4076691 8.596863
-3.764511 1.3529205 8.570679
-3.9358978 1.3791046 8.827759
-3.9025726 1.5124054 8.9348755
-3.8740082 1.6076202 8.906311
-3.8549652 1.5338287 8.844421
-3.95018 1.4981232 8.661133
-4.0811005 1.426712 8.649231
-4.1453705 1.4100494 8.870605
-4.2286835 1.510025 9.008667
-4.252487 1.4552765 9.1657715
-4.2667694 1.3719635 8.908691
-4.3381805 1.1720123 8.26123
-4.500046 1.1339264 7.7684937
-4.4333954 1.0339508 7.475708
-4.3000946 0.8387604 7.456665
-4.3429413 0.69117737 7.963684
-4.3572235 0.5483551 8.658752
-4.3119965 0.6864166 9.144348
-4.3310394 0.8720856 9.627563
-4.2358246 1.0101471 9.546631
-4.3262787 0.93159485 9.246704
-4.328659 0.83638 9.018188
-4.2929535 0.753067 8.806335
-4.185837 0.71736145 8.811096
-4.2239227 0.6864166 8.853943
-4.1572723 0.71022034 8.877747
-4.0811005 0.7364044 8.782532
-4.066818 0.8601837 8.880127
-4.173935 0.88160706 9.111023
-4.1310883 0.86494446 9.210999
-4.083481 0.7792511 9.318115
-4.1382294 0.6816559 9.468079
-4.2286835 0.5340729 9.727539
-4.2810516 0.4174347 9.979858
-4.276291 0.42219543 9.848938
-4.0763397 0.28651428 9.648987
-4.1572723 0.48646545 9.046753
-4.0882416 0.62690735 8.282654
-4.2167816 0.41267395 8.030334
-4.309616 -0.0443573 8.070801
-4.2596283 -0.56803894 8.5802
-4.1596527 -0.8417816 9.034851
-3.9811249 -0.87034607 9.503784
-4.0049286 -0.594223 9.901306
-4.0239716 -0.41331482 10.208374
-3.9787445 -0.41093445 10.146484
-4.064438 -0.42521667 9.825134
-4.109665 -0.42045593 9.249084
-4.1334686 -0.4061737 8.820618
-4.252487 -0.37046814 8.508789
-4.3881683 -0.33476257 8.344543
-4.507187 -0.4394989 8.327881
-4.438156 -0.61564636 8.289795
-4.392929 -0.74894714 8.363586
-4.46434 -0.7941742 8.480225
-4.4333954 -0.8846283 8.630188
-4.366745 -0.7180023 9.046753
-4.33342 -0.6394501 9.189575
-4.297714 -0.5537567 9.080078
-4.231064 -0.54185486 9.015808
-4.290573 -0.73228455 8.96344
-4.373886 -0.9822235 8.989624
-4.3119965 -1.094101 8.958679
-4.283432 -1.1964569 9.125305
-4.321518 -1.267868 9.182434
-4.2358246 -1.370224 9.270508
-4.1834564 -1.389267 9.2229
-4.0930023 -1.3987885 9.149109
-4.162033 -1.3202362 9.084839
-4.2548676 -1.2702484 8.870605
-4.264389 -1.2202606 8.744446
-4.309616 -1.0393524 8.504028
-4.4476776 -0.8941498 8.354065
-4.4929047 -0.8036957 8.282654
-4.514328 -0.7917938 8.1922
-4.630966 -0.89653015 8.239807
-4.6523895 -0.97984314 8.280273
-4.578598 -1.0679169 8.415955
-4.4905243 -1.1131439 8.489746
-4.4476776 -1.1655121 8.70636
-4.4333954 -1.0917206 8.794434
-4.419113 -1.1512299 8.856323
-4.4072113 -1.139328 8.911072
-4.354843 -1.1893158 8.939636
-4.26915 -1.1036224 8.937256
-4.2858124 -1.0845795 8.992004
-4.2596283 -1.0631561 9.011047
-4.3072357 -1.1607513 8.956299
-4.252487 -1.184555 8.927734
-4.2620087 -1.1536102 8.83252
-4.2358246 -1.1321869 8.7682495
-4.2548676 -1.0631561 8.89917
-4.2810516 -1.075058 8.977722
-4.2620087 -1.1083832 8.751587
-4.166794 -1.2297821 8.601624
-4.1406097 -1.3488007 8.546875
-4.026352 -1.3607025 8.444519
-3.9930267 -1.3035736 8.584961
-3.9335175 -0.927475 8.932495
-3.969223 -0.54185486 9.344299
-4.01445 -0.613266 9.572815
-3.9906464 -0.8584442 9.613281
-3.8930511 -1.2845306 9.632324
-3.7335663 -1.5677948 9.5252075
-3.6931 -1.6439667 9.41571
-3.7240448 -1.5106659 9.265747
-3.8454437 -1.3821259 9.125305
-3.8835297 -1.2369232 9.180054
-3.8311615 -1.1179047 9.15625
-3.8049774 -1.1512299 9.1657715
-3.6954803 -1.0821991 8.925354
-3.7073822 -1.0583954 8.830139
-3.7169037 -1.1964569 8.789673
-3.7811737 -1.1274261 8.942017
-3.7787933 -1.036972 9.206238
-3.7526093 -0.9655609 9.444275
-3.7692719 -1.0012665 9.648987
-3.7930756 -1.1988373 9.858459
-3.8644867 -1.3011932 10.025085
-3.8930511 -1.3987885 10.167908
-3.9930267 -1.3797455 10.24884
-4.038254 -1.2964325 10.360718
-4.064438 -1.0726776 10.113159
-4.166794 -0.74180603 9.629944
-4.3191376 -0.529953 9.032471
-4.4786224 -0.41331482 8.3897705
-4.5428925 -0.5156708 7.8756104
-4.5309906 -0.594223 7.4090576
-4.6595306 -0.67277527 7.1329346
-4.759506 -0.7013397 7.1519775
-4.757126 -0.7203827 7.2210083
-4.6785736 -0.8013153 7.6137695
-4.6000214 -0.8036957 7.944641
-4.514328 -0.7537079 8.170776
-4.5571747 -0.68229675 8.711121
-4.5905 -0.77989197 9.318115
-4.6190643 -0.7584686 9.620422
-4.571457 -0.64897156 9.946533
-4.4476776 -0.6442108 10.132202
-4.4786224 -0.6561127 10.072693
-4.566696 -0.58470154 9.865601
-4.5690765 -0.4966278 9.499023
-4.623825 -0.31809998 8.96582
-4.6642914 -0.18955994 8.639709
-4.630966 0.050857544 8.444519
-4.5238495 0.19129944 8.254089
-4.6333466 0.21510315 8.458801
-4.711899 0.2936554 8.477844
-4.745224 0.30317688 8.618286
-4.797592 0.1365509 8.8349
-4.8332977 -0.039596558 8.96582
-4.8951874 -0.1181488 8.972961
-4.8237762 -0.058639526 8.803955
-4.7999725 0.024673462 8.601624
-4.7690277 0.06037903 8.780151
-4.669052 0.18415833 8.627808
-4.628586 0.24128723 8.358826
-4.714279 -0.04197693 8.408813
-4.8309174 -0.28477478 8.332642
-4.7238007 -0.69181824 8.285034
-4.8047333 -0.9417572 8.511169
-4.7476044 -0.9488983 8.520691
-4.7499847 -0.75608826 8.653992
-4.778549 -0.42045593 8.651611
-4.8380585 -0.10386658 8.803955
-4.859482 0.15797424 9.03009
-4.707138 0.29841614 8.937256
-4.4476776 -0.08720398 8.944397
-4.2620087 -0.6442108 8.6206665
-4.219162 -1.0417328 8.315979
-4.3238983 -1.2797699 8.087463
-4.39769 -1.2750092 8.020813
-4.354843 -1.0655365 8.144592
-4.2858124 -0.73942566 8.285034
-4.1786957 -0.47758484 8.458801
-4.1644135 -0.2752533 8.570679
-4.1953583 -0.33476257 8.853943
-4.1310883 -0.47044373 9.141968
-4.066818 -0.74894714 9.41333
-4.0239716 -1.2654877 9.320496
-4.1120453 -1.5868378 9.213379
-4.104904 -1.8462982 9.265747
-4.2786713 -1.6963348 9.522827
-4.33342 -1.3559418 10.101257
-4.166794 -1.075058 10.82489
-4.0311127 -0.90367126 11.001038
-4.0549164 -0.59898376 10.601135
-4.252487 -0.5561371 10.127441
-4.366745 -0.81559753 9.425232
-4.4357758 -0.9750824 8.51355
-4.4452972 -1.2345428 7.892273
-4.3453217 -1.517807 7.3447876
-4.321518 -1.6273041 7.206726
-4.404831 -1.5154266 7.397156
-4.450058 -1.5487518 7.9613037
-4.316757 -1.5487518 8.468323
-4.226303 -1.4630585 9.020569
-4.450058 -1.324997 9.399048
-4.5619354 -1.267868 9.618042
-4.611923 -1.3130951 9.577576
-4.6642914 -1.3868866 9.537109
-4.699997 -1.5654144 9.532349
-4.7357025 -1.684433 9.532349
-4.7047577 -1.6749115 9.532349
-4.6833344 -1.5677948 9.627563
-4.628586 -1.2250214 9.753723
-4.7880707 -0.93937683 9.844177
-4.8832855 -0.9679413 9.889404
-4.8499603 -0.88700867 9.47998
-4.8690033 -0.56803894 9.049133
-4.995163 -0.3895111 8.665894
-4.9546967 -0.3728485 8.461182
-4.7166595 -0.30381775 8.227905
-4.7999725 -0.22288513 7.9351196
-4.6785736 -0.44664 7.9279785
-4.635727 -0.69181824 7.7851563
-4.6333466 -1.3226166 7.6256714
-4.635727 -2.070053 7.6280518
-4.930893 -2.043869 7.494751
-5.342697 -1.8701019 7.673279
-5.380783 -1.5273285 8.051758
-5.154648 -1.1655121 8.354065
-5.0760956 -0.91319275 8.670654
-5.116562 -0.8274994 8.742065
-5.1213226 -1.0226898 8.749207
-5.059433 -1.2154999 8.534973
-5.085617 -1.3559418 8.299316
-5.4593353 -1.3940277 8.342163
-5.406967 -1.434494 8.504028
-5.10466 -1.2274017 8.463562
-5.071335 -1.0036469 8.361206
-5.1832123 -0.7108612 8.216003
-5.385544 -0.39189148 8.06366
-5.509323 -0.26097107 8.077942
-5.252243 -0.36808777 8.075562
-5.1022797 -0.39427185 7.930359
-5.445053 -0.48234558 8.039856
-5.430771 -0.5156708 8.108887
-5.61644 -0.61802673 8.26123
-5.7092743 -0.79655457 8.408813
-5.245102 -1.1274261 8.339783
-5.047531 -1.4059296 8.444519
-5.290329 -1.4011688 8.554016
-5.5188446 -1.2107391 8.682556
-5.2284393 -0.92271423 8.782532
-5.199875 -0.6275482 9.032471
-5.16893 -0.44425964 9.1467285
-5.154648 -0.4728241 9.09436
-5.2879486 -0.59898376 8.9991455
-5.380783 -0.6680145 8.761108
-5.3760223 -0.8274994 8.458801
-5.464096 -1.0964813 8.434998
-5.3379364 -1.0536346 8.487366
-5.3141327 -0.91319275 8.468323
-5.399826 -0.6394501 8.668274
-5.2474823 -0.43473816 8.711121
-5.1641693 -0.3323822 8.544495
-5.271286 -0.25621033 8.38739
-5.335556 -0.04673767 8.26123
-5.4212494 0.005630493 7.944641
-5.4807587 0.0460968 7.7922974
-5.521225 0.42219543 7.29718
-5.4164886 0.20558167 7.380493
-5.566452 0.050857544 7.5352173
-5.8782806 -0.025314331 7.9017944
-5.978256 -0.10862732 8.7682495
-6.080612 0.13893127 8.980103
-6.2043915 0.39839172 9.161011
-6.1520233 0.60072327 9.130066
-6.1067963 0.7649689 8.89679
-5.9092255 0.77449036 8.880127
-5.7306976 1.0006256 8.4730835
-5.668808 0.98872375 8.292175
-5.8187714 0.9601593 8.054138
-5.7116547 0.83399963 7.547119
-5.718796 0.8268585 7.1400757
-6.0877533 0.8697052 6.9282227
-6.0710907 1.1053619 6.7473145
-5.978256 1.5005035 6.4473877
-6.1663055 1.4981232 6.6259155
-6.1020355 1.5671539 6.699707
-6.0877533 1.7909088 6.744934
-6.0377655 1.8408966 6.6711426
-6.1091766 1.7980499 6.5925903
-6.182968 1.657608 6.7401733
-6.1472626 1.4671783 6.859192
-6.3781586 1.4862213 6.8496704
-6.5781097 1.6004791 6.8639526
-6.585251 1.6671295 7.0996094
-6.3662567 1.7171173 7.078186
-6.342453 1.5552521 6.987732
-6.5376434 1.3838654 6.8425293
-6.649521 1.5219269 6.8687134
-6.559067 1.6814117 6.949646
-6.425766 1.7337799 7.0281982
-6.3710175 1.805191 7.0424805
-6.4019623 1.740921 6.999634
-6.4305267 1.6837921 6.878235
-6.45195 1.6695099 6.9782104
-6.4662323 1.7718658 6.8758545
-6.490036 1.869461 6.8829956
-6.51622 1.8504181 6.7663574
-6.5186005 1.7313995 6.685425
-6.5900116 1.6504669 6.4640503
-6.5519257 1.548111 6.5354614
-6.4662323 1.6338043 6.935364
-6.4305267 1.9599152 7.1781616
-6.6138153 2.1336823 7.404297
-6.7185516 2.074173 7.475708
-6.668564 2.0265656 7.309082
-6.6971283 1.8099518 7.290039
-6.6804657 1.6290436 7.1186523
-6.7233124 1.464798 6.859192
-6.970871 1.4624176 6.790161
-6.792343 1.233902 7.0186768
-6.649521 1.3291168 7.0948486
-6.7304535 1.3457794 7.282898
-6.649521 1.4624176 7.4780884
-6.687607 1.5980988 7.5185547
-6.7042694 1.657608 7.442383
-6.6995087 1.7575836 7.373352
-6.5757294 1.888504 7.340027
-6.482895 2.009903 7.320984
-6.523361 2.0717926 7.270996
-6.6661835 2.1432037 7.4923706
-6.7256927 2.1432037 7.6328125
-6.818527 1.888504 7.6447144
-6.6852264 1.593338 7.494751
-6.625717 1.3291168 7.378113
-6.649521 1.1672516 7.237671
-6.670944 1.233902 7.0758057
-6.6138153 1.2957916 7.1519775
-6.585251 1.4171906 7.0424805
-6.6471405 1.5409698 7.0496216
-6.5900116 1.510025 7.0377197
-6.5947723 1.574295 7.032959
-6.7042694 1.5695343 6.994873
-6.6923676 1.6076202 6.930603
-6.6995087 1.7075958 6.980591
-6.7185516 1.7861481 6.8829956
-6.649521 1.7837677 6.873474
-6.5781097 1.8408966 6.813965
-6.5519257 1.8551788 6.7854004
-6.554306 1.86232 6.771118
-6.5781097 1.9242096 6.8948975
-6.547165 2.0218048 6.9663086
-6.6328583 1.907547 6.9853516
-6.6614227 1.8599396 7.002014
-6.6399994 1.7266388 6.963928
-6.656662 1.6147614 6.771118
-6.701889 1.5266876 6.7020874
-6.694748 1.5576324 6.6949463
-6.6733246 1.5814362 6.687805
-6.6733246 1.7099762 6.833008
-6.625717 1.8289948 6.968689
-6.5971527 1.7885284 7.002014
-6.542404 1.8218536 7.1376953
-6.6090546 1.7861481 7.244812
-6.6019135 1.7837677 7.2543335
-6.687607 1.8218536 7.320984
-6.606674 1.7980499 7.3495483
-6.6328583 1.7480621 7.3067017
-6.6995087 1.7980499 7.2233887
-6.64476 1.7194977 7.187683
-6.573349 1.7766266 7.097229
-6.5566864 1.8004303 7.006775
-6.554306 1.7456818 7.013916
-6.5685883 1.6647491 7.0424805
-6.5376434 1.5838165 7.1710205
-6.5566864 1.5980988 7.192444
-6.475754 1.5790558 7.244812
-6.4876556 1.6028595 7.16626
-6.5138397 1.4600372 7.128174
-6.547165 1.4552765 7.052002
-6.561447 1.3957672 7.116272
-6.5900116 1.4124298 7.0401
-6.6471405 1.4600372 7.0543823
-6.6471405 1.510025 7.1853027
-6.5971527 1.510025 7.1853027
-6.587631 1.4671783 7.128174
-6.5447845 1.5409698 7.013916
-6.5328827 1.6599884 6.9258423
-6.432907 1.7266388 6.9139404
-6.4305267 1.740921 6.9544067
-6.440048 1.7194977 7.0281982
-6.5519257 1.759964 7.0377197
-6.5828705 1.7647247 7.111511
-6.5186005 1.7504425 7.1638794
-6.5519257 1.7837677 7.16864
-6.542404 1.7909088 7.1186523
-6.5305023 1.7766266 7.1329346
-6.5519257 1.6933136 7.0924683
-6.5519257 1.7123566 7.0877075
-6.5186005 1.6814117 7.111511
Time Stop = 5515
