Time Start = 7477
5.3999176 0.522171 9.244324
4.804825 0.2103424 9.144348
4.490616 -0.26097107 8.694458
4.512039 -0.4061737 8.5802
4.883377 -0.68229675 8.849182
5.152359 -0.78941345 8.977722
4.7500763 -0.57518005 9.196716
3.9764557 -0.677536 9.910828
2.6220245 -1.0179291 9.394287
2.483963 -0.73942566 9.02771
1.6389313 -1.5725555 10.289307
1.7627106 -1.9177094 8.865845
2.5886993 -1.5844574 9.065796
2.6196442 -1.2797699 9.403809
2.5434723 -1.4487762 9.263367
2.2935333 -1.703476 8.561157
2.105484 -2.0962372 9.263367
0.15834045 -0.93937683 8.082703
0.64393616 -1.8605804 10.401184
2.457779 -2.0962372 10.110779
2.8576813 -0.6870575 6.8829956
1.9793243 0.76734924 9.510925
2.27211 1.5005035 11.417603
2.355423 2.5978546 9.161011
2.0745392 2.4645538 9.370483
1.3342438 2.0265656 10.37738
0.6177521 1.1077423 10.56781
0.034561157 0.6626129 9.937012
-0.9080658 0.77211 9.482361
-0.24156189 0.227005 9.829895
0.88435364 -0.20384216 9.28241
1.8079376 -0.04673767 9.368103
2.4601593 -0.12528992 9.406189
2.8291168 -0.17765808 8.687317
2.824356 -0.25621033 9.394287
2.560135 -0.049118042 9.275269
1.8722076 0.20558167 9.437134
1.4437408 0.46980286 9.627563
0.803421 0.93159485 10.075073
-0.0677948 1.8527985 10.870117
-1.2056122 3.1358185 11.012939
-0.2320404 2.5335846 10.465454
1.5270538 0.84828186 8.680176
3.7241364 -1.5511322 7.989868
5.069046 -2.9174652 9.22052
6.0545197 -2.505661 7.904175
6.109268 -0.65849304 8.0112915
6.6567535 0.83638 8.51355
5.4451447 1.8599396 9.66803
4.278763 2.6287994 9.280029
2.8148346 1.9503937 10.991516
1.598465 1.4195709 10.353577
1.7127228 0.38172913 9.939392
1.2628326 -1.5892181 8.292175
0.29640198 -3.1650238 8.06604
0.87483215 -4.179062 8.180298
2.150711 -4.3290253 9.149109
2.7172394 -2.7532196 9.579956
3.2075958 -1.1893158 8.70636
3.240921 0.031814575 10.094116
3.7741241 0.5078888 10.044128
3.42659 0.3341217 10.322632
2.7458038 0.9744415 10.793945
1.5913239 1.1767731 10.251221
1.2437897 0.5507355 8.116028
1.5841827 -0.27763367 8.777771
2.2768707 -0.21574402 9.867981
2.900528 -0.28001404 9.296692
3.3908844 0.012771606 8.968201
3.5313263 0.096084595 8.946777
3.2766266 -0.81321716 9.139587
3.3551788 -1.8629608 9.403809
2.9219513 -2.94841 9.903687
1.8579254 -3.6006317 10.389282
1.1009674 -3.224533 9.087219
0.8557892 -2.588974 8.96582
1.1771393 -2.3461761 7.8256226
2.4030304 -2.3747406 8.06366
4.114517 -1.8867645 8.723022
5.261856 -1.4892426 9.553772
5.249954 -1.1036224 9.972717
4.633438 -0.5466156 9.403809
3.8026886 0.09370422 9.303833
3.5670319 0.04371643 8.908691
3.157608 -0.3419037 9.677551
2.7838898 -1.4416351 8.982483
3.1242828 -0.88700867 9.508545
2.5387115 -0.79893494 10.177429
1.8793488 -1.4249725 8.827759
1.9840851 -1.9843597 8.292175
2.362564 -1.8915253 8.673035
3.0005035 -1.5939789 8.696838
3.1219025 -1.4059296 9.177673
2.7029572 -1.1155243 9.598999
2.022171 -0.5204315 10.127441
1.6127472 0.38887024 10.551147
1.9007721 0.94825745 9.47522
2.5149078 1.1434479 9.456177
2.971939 0.7459259 9.501404
3.1885529 -0.11338806 8.875366
2.952896 -2.5556488 8.618286
1.015274 -5.276413 10.701111
1.4699249 -4.9669647 9.244324
4.2644806 -2.1390839 7.8779907
5.038101 0.1698761 9.161011
7.4970245 0.48646545 7.3067017
7.835037 0.48646545 7.48761
8.051651 -0.25621033 8.461182
6.2330475 0.010391235 10.129822
2.6648712 0.78401184 11.967468
0.034561157 0.3436432 11.417603
-0.96281433 -0.15385437 7.6661377
-0.3153534 -1.4892426 7.354309
2.4506378 -2.646103 8.208862
5.0452423 -3.0936127 8.411194
5.959305 -2.910324 8.396912
4.9262238 -2.4009247 9.037231
3.4218292 -2.165268 8.980103
2.6006012 -1.960556 9.34906
3.4694366 -2.0557709 8.442139
4.1287994 -2.1819305 8.727783
4.19783 -1.5677948 9.241943
3.9121857 -1.2988129 9.125305
4.06691 -1.2274017 8.625427
4.362076 -0.92985535 8.746826
4.362076 -1.056015 9.018188
4.2882843 -1.1893158 8.749207
4.285904 -0.9322357 9.182434
4.740555 -0.06578064 9.660889
5.0976105 0.4174347 8.711121
4.928604 -0.42759705 9.303833
3.8645782 -1.094101 10.962952
2.6220245 -0.32762146 10.686829
0.8129425 0.06513977 9.751343
-0.4724579 -2.120041 7.7089844
-1.4507904 -4.647995 8.501648
-1.4722137 -6.3690033 9.3966675
-0.0677948 -5.916733 9.068176
1.2580719 -3.8172455 8.989624
3.1171417 -1.47258 8.504028
3.959793 0.624527 9.013428
4.497757 1.4933624 9.177673
4.009781 0.9268341 10.11792
3.2433014 -0.48234558 8.825378
1.7936554 -2.2247772 10.046509
1.4818268 -2.9150848 9.5252075
2.476822 -2.62706 9.401428
3.612259 -2.036728 9.565674
4.5667877 -2.1414642 8.730164
5.22377 -1.8677216 8.639709
5.511795 -1.1274261 9.084839
5.7855377 -0.30619812 9.310974
5.2523346 0.19367981 9.337158
4.6691437 -0.30619812 8.753967
4.2906647 -1.7368011 8.570679
3.29805 -2.7841644 9.456177
2.457779 -3.0721893 8.794434
-0.4962616 -3.4387665 12.115051
-2.398178 -3.4125824 10.003662
-2.417221 -2.9793549 7.4733276
-0.86283875 -1.8153534 7.0996094
1.7555695 -1.4511566 8.339783
4.402542 -1.0345917 9.489502
5.023819 -0.19670105 10.360718
4.2121124 0.20796204 10.458313
1.6889191 -0.42759705 10.598755
-0.21537781 -1.4011688 8.994385
-0.032089233 -2.4532928 8.7872925
2.1864166 -2.7651215 9.151489
4.2906647 -2.4961395 9.41095
5.4641876 -1.9724579 9.387146
5.428482 -1.1179047 9.327637
4.5453644 -0.20622253 9.570435
3.471817 -0.10862732 9.363342
2.2578278 -1.139328 9.620422
0.38923645 -3.1959686 10.970093
-1.1246796 -5.4906464 9.620422
-0.78666687 -4.602768 8.918213
0.9391022 -2.2200165 8.025574
2.733902 -0.42997742 8.113647
4.6215363 -0.25144958 8.970581
4.90242 -0.5704193 9.446655
4.3596954 -1.3797455 10.063171
2.5839386 -2.0272064 9.891785
0.9629059 -1.9748383 9.363342
0.20594788 -1.5606537 9.384766
0.7891388 -2.1033783 9.103882
2.131668 -2.8436737 8.718262
3.7169952 -2.6294403 9.239563
5.023819 -1.8343964 9.601379
5.1999664 -0.972702 9.489502
4.9881134 -0.8346405 9.196716
4.2644806 -1.5915985 10.084595
3.0005035 -1.1607513 11.048645
1.8412628 -0.15385437 9.727539
1.2890167 0.015151978 8.220764
1.1723785 -0.42997742 8.311218
1.6198883 -1.7225189 9.130066
1.6912994 -3.2269135 9.737061
2.3530426 -3.4839935 8.575439
2.836258 -3.7482147 8.45166
3.2813873 -3.7767792 9.613281
3.4480133 -3.2007294 10.210754
2.2935333 -2.2866669 10.036987
1.200943 -1.8701019 8.549255
0.16548157 -2.0724335 10.272644
-1.1222992 -2.5128021 10.222656
0.7058258 -1.7844086 8.163635
3.509903 -1.0536346 8.775391
7.128067 -1.8367767 9.503784
6.333023 -0.4799652 10.189331
5.54274 -0.36332703 9.9227295
4.7453156 -0.19670105 8.625427
3.4361115 -0.8203583 8.723022
2.5458527 -1.6868134 8.504028
1.9936066 -1.8105927 8.623047
2.2840118 -1.3416595 8.856323
2.3673248 -1.555893 9.510925
1.477066 -2.1962128 10.027466
0.32972717 -2.3818817 9.096741
0.129776 -2.6056366 8.96344
0.91529846 -2.876999 8.870605
1.6056061 -2.467575 9.763245
2.4363556 -1.8177338 8.903931
2.7696075 -1.434494 9.15387
2.7386627 -1.5463715 9.144348
3.3289948 -1.9081879 9.15387
4.3477936 -1.9034271 9.077698
5.685562 -1.1440887 8.120789
6.544876 -0.7679901 9.508545
6.4329987 -0.8846283 9.163391
5.523697 -1.2464447 8.77301
4.7000885 -1.2154999 8.587341
3.971695 -1.2988129 8.825378
4.2454376 -1.3630829 7.8184814
4.2002106 -0.51805115 9.706116
3.926468 0.6792755 9.301453
3.7622223 0.6483307 9.096741
3.68367 0.19129944 8.877747
3.9359894 -0.034835815 8.64209
4.0835724 -0.64897156 8.561157
3.9502716 -1.5249481 8.523071
3.5218048 -2.089096 8.975342
3.350418 -2.070053 8.951538
3.5194244 -1.6296844 8.942017
3.8074493 -1.1678925 9.02771
4.9428864 -0.7299042 9.049133
5.326126 -0.33476257 8.420715
4.8167267 0.08656311 9.28717
4.471573 0.14845276 9.330017
4.285904 -0.6037445 9.09198
4.3668365 -1.139328 10.163147
4.1859283 0.5316925 11.077209
2.8648224 1.6028595 9.494263
1.5199127 -0.14433289 7.278137
0.51301575 -2.7651215 8.204102
0.022659302 -4.514694 8.970581
0.7153473 -5.12883 8.634949
1.6294098 -4.4456635 8.484985
2.4934845 -3.3959198 9.008667
3.029068 -2.5794525 9.260986
2.907669 -1.7010956 9.60614
2.1911774 -1.1250458 9.658508
2.355423 -1.2369232 8.968201
3.369461 -1.5868378 8.884888
4.914322 -1.8653412 8.468323
5.8426666 -1.2821503 8.808716
5.4713287 -0.5608978 9.075317
4.5525055 -0.4156952 9.237183
4.0335846 -0.85606384 9.0824585
4.050247 -1.3773651 8.746826
4.383499 -1.6177826 8.880127
4.304947 -1.9867401 9.401428
3.5836945 -2.1795502 9.225281
2.938614 -2.1605072 8.977722
3.0266876 -2.2866669 8.682556
3.6432037 -2.588974 8.377869
4.1621246 -2.986496 8.608765
4.202591 -2.7579803 8.815857
3.9669342 -2.1343231 8.720642
3.5717926 -1.2488251 8.944397
3.0314484 -0.59184265 9.615662
2.5268097 -0.18003845 9.629944
2.2840118 -0.02293396 9.491882
2.4530182 -0.40855408 9.308594
2.7672272 -1.1417084 9.203857
3.176651 -2.043869 8.9991455
3.5146637 -2.6318207 8.951538
3.8264923 -2.7556 9.096741
4.0074005 -2.4128265 8.908691
3.9669342 -2.0557709 8.920593
3.612259 -1.7368011 8.9348755
3.2909088 -1.6249237 8.942017
3.067154 -1.5963593 9.0824585
2.9148102 -1.7439423 9.387146
2.7934113 -1.8177338 9.408569
2.8386383 -1.7772675 9.125305
3.0124054 -1.7653656 9.137207
3.4099274 -1.6487274 8.894409
3.8812408 -1.4059296 8.763489
4.081192 -1.2750092 8.970581
4.1168976 -1.415451 9.003906
3.843155 -1.6439667 9.1467285
3.5979767 -1.8082123 9.130066
3.5408478 -2.0557709 9.127686
3.3742218 -2.1985931 9.051514
3.1861725 -2.3675995 9.1657715
2.9338531 -2.4056854 9.108643
2.7243805 -2.0414886 9.1467285
2.7362823 -1.5677948 9.137207
2.9862213 -1.2702484 9.108643
3.1933136 -1.2131195 9.299072
3.2075958 -1.5130463 9.391907
3.2361603 -1.8534393 9.241943
3.2647247 -2.043869 9.296692
3.2694855 -2.2462006 9.070557
3.2766266 -2.108139 8.942017
3.2385406 -2.0319672 8.968201
3.2552032 -2.2128754 8.953918
3.2909088 -2.293808 9.189575
2.8862457 -1.9867401 9.327637
2.3601837 -1.6106415 9.713257
2.253067 -1.4368744 8.765869
2.40065 -1.5677948 9.54187
3.086197 -1.7772675 8.839661
3.4694366 -1.8439178 9.196716
3.3099518 -1.8439178 9.149109
2.5839386 -2.3628387 8.925354
1.4056549 -2.857956 9.09198
1.2247467 -2.8484344 9.403809
2.181656 -2.217636 9.006287
3.055252 -1.0536346 9.529968
2.8124542 -0.7037201 10.232178
2.695816 -1.267868 8.275513
3.5670319 -3.5363617 7.635193
4.845291 -2.5937347 8.346924
5.897415 -1.0345917 9.784668
5.704605 0.2032013 9.277649
4.357315 0.227005 9.380005
3.0695343 -1.0607758 9.472839
2.714859 -1.582077 9.15863
3.5860748 -1.2631073 9.111023
4.2954254 -0.7703705 9.237183
5.0071564 -0.61564636 8.468323
5.133316 -0.46568298 9.996521
3.9621735 -1.3583221 9.646606
2.0055084 -2.2985687 8.692078
0.62013245 -3.005539 8.589722
0.3273468 -2.9436493 8.2421875
1.7579498 -2.4628143 8.265991
2.5529938 -2.0200653 10.108398
2.503006 -1.6296844 10.69635
2.6862946 -1.1964569 9.9869995
2.8600616 -0.41093445 10.465454
3.7574615 -0.4966278 8.399292
2.7315216 -1.4797211 10.491638
2.0912018 -2.7675018 7.885132
1.6127472 -2.7865448 7.380493
2.1269073 -1.9438934 8.861084
2.6862946 -1.7368011 9.677551
1.9817047 -1.2250214 10.267883
3.3908844 -0.20384216 8.803955
5.023819 -1.6249237 7.578064
5.5332184 -5.25737 11.27002
4.0454865 -4.1076508 9.446655
2.1792755 -0.8108368 9.403809
0.88435364 2.3907623 9.827515
1.1985626 3.216751 9.549011
2.8005524 1.112503 8.9991455
4.06929 -1.1417084 9.330017
4.588211 -2.5675507 9.103882
4.25972 -2.8531952 9.484741
3.400406 -2.4199677 8.501648
3.2433014 -1.8939056 8.101746
3.1885529 -1.7701263 8.604004
3.8645782 -2.4842377 9.115784
3.119522 -2.384262 9.589478
3.7169952 -3.595871 8.7039795
5.073807 -3.5554047 8.287415
4.550125 -1.2250214 8.989624
4.2525787 0.6792755 10.1203
2.7267609 -0.6465912 11.098633
0.38923645 -3.614914 8.358826
-1.4103241 -6.0048065 8.7872925
-0.5224457 -5.2740326 8.665894
1.1009674 -2.4366302 8.377869
3.048111 0.12464905 9.310974
4.747696 1.2719879 9.363342
5.9116974 1.5790558 9.770386
5.595108 0.76020813 10.098877
3.7884064 0.39601135 11.477112
1.8960114 0.24604797 9.491882
0.32496643 -1.1131439 8.32312
-0.96995544 -4.314743 9.075317
-1.9006805 -6.7617645 10.672546
-1.300827 -6.937912 9.529968
0.39875793 -3.8624725 7.418579
2.457779 -1.4916229 7.8565674
4.562027 -0.45854187 8.789673
5.4879913 -0.37998962 10.136963
4.8786163 -0.9822235 10.893921
3.87648 -1.851059 9.7751465
2.0793 -1.7463226 10.765381
0.5749054 -1.9248505 9.239563
-0.15110779 -1.4582977 9.449036
-0.96043396 -1.7772675 8.875366
-0.51768494 -2.448532 9.015808
0.3678131 -2.2414398 9.801331
1.0581207 -2.1486053 9.834656
1.6008453 -2.2081146 9.951294
2.0388336 -1.812973 10.222656
1.8484039 -0.6941986 9.982239
1.4532623 0.12464905 9.663269
0.29878235 -0.6204071 9.946533
-0.22013855 -3.6839447 9.782288
-0.9175873 -5.06456 9.615662
-0.8509369 -5.0883636 7.80896
0.18928528 -3.8505707 9.044373
0.52015686 -1.8701019 9.225281
1.4199371 -0.33000183 9.501404
2.2863922 0.6816559 8.587341
3.0838165 0.5745392 8.542114
3.7050934 -0.8370209 10.76062
3.4551544 -1.5273285 11.543762
2.5886993 -1.2512054 10.046509
1.7032013 -1.5059052 10.455933
1.0819244 -2.4509125 9.03009
1.2818756 -3.1126556 8.368347
2.0507355 -3.531601 8.682556
3.2552032 -2.7675018 8.44928
4.2882843 -1.5439911 9.189575
4.6667633 -0.92033386 9.122925
4.7905426 -0.9155731 9.289551
3.6265411 -0.9346161 10.408325
2.5053864 -1.3845062 9.560913
1.219986 -1.9486542 10.1345825
0.5891876 -2.165268 10.18219
-0.62480164 -2.3295135 10.160767
-0.6700287 -2.5794525 8.265991
0.42970276 -3.1364594 8.582581
1.8722076 -3.005539 8.937256
3.259964 -2.6294403 9.09198
4.1359406 -1.3821259 9.301453
4.043106 0.08180237 9.867981
3.0124054 0.8530426 9.634705
1.6984406 0.1532135 9.401428
0.5249176 -1.6177826 9.758484
0.37019348 -2.8222504 9.99176
1.7436676 -3.3863983 8.618286
3.2956696 -3.5363617 9.180054
4.3073273 -2.698471 8.861084
4.781021 -1.9224701 8.749207
4.312088 -1.4511566 9.67041
3.4670563 -0.69181824 8.589722
3.5432281 -0.33952332 9.275269
4.0335846 -0.39189148 9.594238
3.6622467 -1.1250458 9.468079
2.6791534 -3.750595 9.758484
1.746048 -3.7672577 9.408569
1.1033478 -3.2745209 9.215759
1.5389557 -2.672287 8.458801
2.964798 -2.4556732 8.492126
4.0264435 -2.331894 7.9351196
4.1097565 -2.9817352 8.246948
2.9933624 -3.6482391 9.213379
1.477066 -3.6910858 9.627563
-0.32725525 -3.5863495 9.503784
0.2368927 -2.9531708 8.06604
1.9079132 -2.2438202 8.8349
4.842911 -1.832016 10.267883
8.008804 -1.8058319 9.101501
8.161148 -1.1226654 6.423584
8.04451 0.32460022 5.807068
8.065933 2.2193756 7.923218
7.4184723 3.7570953 8.937256
5.583206 3.742813 10.43689
2.3768463 2.3360138 10.939148
-0.2082367 -1.2583466 9.322876
2.2364044 -4.5813446 8.058899
4.8476715 -4.4147186 8.046997
6.337784 -2.7984467 7.9422607
6.1616364 -1.2607269 7.828003
5.5665436 -0.6632538 7.8708496
4.5667877 -1.2631073 8.944397
3.5598907 -1.5535126 9.137207
3.0433502 -0.6442108 8.992004
3.240921 0.06990051 8.942017
3.8383942 -0.32762146 8.601624
4.138321 -1.389267 8.539734
4.074051 -2.0319672 8.689697
4.126419 -1.66539 8.822998
4.3858795 -1.0393524 8.751587
4.8976593 -0.6227875 8.765869
5.004776 -0.6608734 8.713501
4.933365 -0.3990326 8.980103
5.2332916 -0.15623474 8.877747
5.0785675 -0.69181824 8.761108
4.5596466 -2.0129242 8.806335
3.536087 -1.9891205 9.794189
3.721756 -1.1916962 7.880371
Time Stop = 7482
