Time Start = 7507
4.954788 -0.058639526 9.451416
4.0145416 0.44599915 9.020569
3.49086 1.2862701 8.670654
4.074051 1.3457794 8.777771
4.909561 1.1672516 8.922974
5.368973 1.0648956 8.561157
5.1928253 1.2648468 8.811096
5.061905 1.5195465 8.461182
4.4120636 1.0053864 8.970581
3.8098297 0.21272278 9.020569
3.7265167 0.18415833 8.087463
3.7455597 0.036575317 10.11792
2.3958893 -0.025314331 8.758728
2.3530426 -0.96318054 8.701599
1.2771149 -1.5035248 9.763245
1.1152496 -1.7082367 9.944153
0.76771545 -1.3821259 9.5442505
0.73677063 -1.2131195 9.4609375
1.6460724 0.90541077 9.084839
2.4863434 2.6430817 8.920593
2.2578278 4.166519 8.942017
2.0935822 5.044876 9.291931
1.6746368 4.954422 9.875122
1.0128937 4.992508 9.137207
0.13691711 3.6856842 9.194336
-0.33677673 2.7121124 8.780151
-0.036849976 1.5028839 9.022949
-0.39866638 1.5600128 8.780151
0.18214417 2.1503448 9.446655
0.6796417 3.1620026 8.930115
0.9867096 3.754715 8.884888
0.82484436 3.7856598 10.156006
-0.62242126 3.8118439 11.907959
0.41304016 3.1096344 8.570679
2.3125763 1.9384918 8.411194
3.7812653 0.51026917 8.77063
5.3047028 -0.19194031 9.144348
5.9497833 1.169632 8.375488
5.711746 3.247696 9.068176
5.0595245 4.4188385 9.241943
4.4120636 4.359329 9.070557
3.6717682 2.8668365 8.656372
2.6363068 0.5316925 9.206238
1.5841827 -1.036972 11.27002
0.68678284 -1.6154022 9.244324
-0.30821228 -1.2535858 8.639709
0.34877014 -1.3035736 8.008911
2.1031036 -1.8153534 8.106506
3.612259 -1.3226166 8.680176
4.369217 0.029434204 9.037231
4.2240143 1.4814606 9.032471
3.5836945 1.9027863 8.937256
2.605362 1.6647491 9.570435
1.662735 1.8575592 9.982239
1.1485748 1.695694 10.146484
0.8605499 1.9599152 9.684692
1.3152008 0.9768219 10.496399
2.048355 -0.07054138 9.061035
2.7648468 -0.37046814 8.182678
2.4887238 0.14845276 9.387146
3.1004791 0.8197174 9.327637
3.778885 0.89826965 8.38739
5.254715 -0.48234558 8.268372
6.237808 -1.1226654 8.568298
5.268997 -1.5892181 12.072205
2.0245514 1.5552521 12.017456
0.06788635 3.6761627 8.425476
0.6391754 1.1196442 7.8637085
2.0531158 -1.3940277 9.584717
2.4506378 -2.812729 9.73468
1.6841583 -3.3506927 8.889648
0.75105286 -2.2985687 8.818237
0.56300354 -0.696579 9.237183
1.560379 0.48884583 9.613281
2.919571 1.0886993 9.965576
4.3906403 0.28175354 8.401672
5.114273 -0.7275238 8.806335
5.497513 -0.42759705 9.168152
5.697464 0.4340973 8.789673
4.869095 1.548111 9.180054
4.8333893 1.7147369 9.049133
4.426346 1.7861481 9.47998
3.1076202 0.43171692 10.770142
1.5889435 -1.3630829 9.291931
1.1747589 -2.2342987 8.653992
1.9483795 -1.9724579 8.589722
3.0243073 -1.1512299 8.399292
3.9193268 -0.7132416 8.77063
3.8193512 -0.5037689 9.399048
2.8600616 -0.2823944 9.627563
1.976944 -0.41093445 9.194336
1.7769928 -0.69181824 8.815857
2.0435944 -0.93937683 9.418091
2.245926 -0.548996 8.815857
2.4244537 -0.6799164 9.02533
2.1197662 -0.79655457 9.2300415
1.7865143 -0.23716736 10.877258
2.381607 0.8697052 9.02771
4.2002106 1.6980743 7.923218
6.3020782 1.6361847 8.046997
6.8876495 1.4790802 8.554016
9.256119 0.93873596 7.513794
8.180191 0.5507355 9.001526
6.0569 1.067276 8.720642
3.5408478 0.4079132 9.184814
1.7936554 -0.4799652 10.479736
1.7603302 -0.4228363 9.7751465
2.1388092 -0.22288513 8.903931
2.9338531 -0.17051697 8.139832
3.7003326 -0.5727997 8.137451
4.32399 -0.8084564 8.12793
4.4239655 -0.9250946 8.525452
3.6812897 -0.5061493 9.177673
2.9100494 0.048477173 9.1657715
2.7767487 0.22462463 9.260986
3.7527008 0.08656311 8.265991
4.1740265 -0.19908142 9.249084
4.2763824 0.15797424 9.15625
4.4953766 0.5340729 8.532593
5.2071075 0.09132385 8.249329
5.6117706 -0.19194031 8.527832
5.409439 0.098464966 8.811096
4.9452667 0.16035461 8.822998
4.395401 -0.26097107 8.758728
3.7646027 -0.5727997 9.180054
3.4503937 -0.51091003 8.920593
3.7503204 -0.299057 8.511169
4.2002106 -0.4323578 8.782532
4.093094 0.050857544 9.246704
3.7146149 0.6126251 10.31311
3.1623688 2.0051422 9.917969
2.33638 1.6647491 9.779907
0.9129181 -0.4228363 9.594238
-0.42723083 -2.505661 9.127686
-1.069931 -3.4601898 8.865845
-0.41056824 -2.6865692 8.782532
1.4865875 -1.1012421 8.822998
3.528946 0.3174591 8.861084
4.9262238 1.2815094 9.244324
4.907181 1.824234 10.405945
3.8383942 1.9646759 9.113403
2.938614 0.36506653 9.008667
1.9626617 -0.86320496 10.422607
1.8864899 -1.0155487 8.882507
2.6624908 -0.40379333 9.15387
3.7146149 0.28175354 9.679932
4.3168488 0.5174103 8.96106
4.345413 0.38887024 9.15863
4.5715485 0.17701721 8.939636
4.5144196 0.21510315 8.532593
4.8357697 0.1698761 8.727783
4.402542 -0.5037689 9.096741
3.3718414 -1.3845062 10.422607
0.47254944 -1.6701508 12.636353
-2.4315033 -0.80607605 9.487122
-4.9713593 0.072280884 7.2495728
-3.4264984 -0.061019897 8.501648
-0.30107117 -0.56565857 9.239563
2.6006012 -0.3085785 9.520447
4.626297 0.5007477 9.722778
4.781021 1.6552277 10.029846
3.2885284 1.7147369 9.794189
0.79389954 0.7197418 10.424988
-1.3341522 -0.37522888 9.837036
-1.6840668 -1.2369232 9.663269
0.37257385 -0.6442108 8.815857
3.1242828 0.87446594 9.175293
5.2332916 1.5362091 9.280029
5.645096 0.6459503 9.817993
4.864334 0.6983185 9.327637
3.6860504 1.1529694 8.296936
1.8722076 0.36268616 11.753235
0.43208313 -1.7772675 9.853699
0.10597229 -2.365219 8.454041
1.3532867 -1.7391815 8.865845
2.6815338 -0.67277527 8.684937
3.7955475 0.057998657 8.623047
3.997879 0.32460022 9.196716
3.2313995 0.4007721 9.54187
2.0507355 0.5174103 9.844177
1.3532867 0.9268341 9.522827
1.4746857 1.0363312 9.737061
2.2935333 0.7863922 9.437134
3.1718903 0.58406067 9.3776245
3.5218048 0.44599915 9.330017
3.3789825 0.10560608 9.5442505
2.9290924 -0.30381775 9.632324
2.5125275 -0.5537567 9.591858
1.5818024 0.457901 9.720398
1.5913239 -0.52519226 10.103638
1.5937042 -0.78941345 9.15863
1.6365509 -1.0964813 9.765625
1.2866364 -0.2419281 9.449036
0.9533844 0.5554962 9.910828
0.9962311 0.7887726 9.429993
1.2509308 0.33650208 9.018188
1.6032257 0.10084534 9.632324
1.5508575 1.1720123 9.465698
2.0745392 1.5838165 8.732544
2.7243805 0.32936096 10.348816
3.3956451 -0.50852966 9.072937
4.138321 -0.6941986 8.9991455
4.440628 -0.2752533 9.579956
4.3263702 -0.0062713623 9.594238
3.8074493 0.08894348 9.403809
3.464676 -0.33952332 9.408569
3.5908356 -0.53471375 8.3255005
3.1457062 -0.43711853 9.7561035
2.7053375 -0.6703949 8.875366
2.5125275 -0.8822479 8.96106
2.3601837 -0.034835815 9.127686
2.1983185 1.3910065 9.182434
2.4411163 2.2431793 9.15625
2.4434967 1.8408966 9.579956
2.0769196 0.7697296 9.779907
1.303299 0.31507874 9.308594
0.34638977 -0.58232117 9.622803
0.08692932 -1.7058563 9.568054
1.098587 -1.8534393 8.096985
2.7053375 -1.9676971 8.825378
3.562271 -0.677536 9.546631
5.333267 0.3269806 7.380493
6.4901276 0.6150055 8.218384
7.0685577 1.2291412 8.551636
7.577957 1.8408966 8.280273
6.787674 2.2003326 10.05127
4.907181 2.8930206 10.015564
3.0766754 1.4743195 8.908691
2.990982 -0.099105835 8.882507
3.6503448 -0.44425964 8.225525
4.247818 0.15083313 8.113647
4.612015 0.65309143 8.458801
4.6810455 0.6292877 8.592102
4.407303 0.52931213 8.682556
4.009781 0.42933655 8.937256
3.7717438 0.36268616 8.842041
3.5456085 0.12464905 8.64209
3.959793 0.27223206 8.64447
4.0907135 0.6126251 9.244324
4.1930695 0.7316437 8.9991455
4.0526276 0.39363098 8.646851
3.7503204 0.5745392 9.520447
3.55513 1.2481842 8.956299
3.6598663 0.92207336 7.968445
3.6241608 0.29603577 10.720154
2.900528 0.72688293 11.365234
2.181656 1.5457306 8.930115
2.5529938 1.4029083 8.732544
2.7743683 0.5578766 8.951538
2.7029572 -1.0702972 8.520691
3.002884 -2.1581268 8.527832
3.16951 -1.7058563 8.646851
3.221878 -0.79655457 9.4776
2.7648468 0.06752014 10.613037
2.2292633 1.6671295 9.534729
2.2697296 2.7192535 9.080078
2.8195953 1.8742218 9.3966675
2.5839386 -0.23002625 9.54187
1.284256 -2.3675995 9.594238
-0.21775818 -3.5006561 10.208374
-1.4650726 -3.057907 8.880127
-2.3029633 -1.9748383 9.806091
-1.9506683 -0.39189148 8.9158325
0.35353088 0.4507599 8.51355
2.938614 1.0125275 9.365723
4.278763 1.6385651 9.898926
4.0788116 2.1170197 10.063171
2.522049 2.2503204 10.263123
0.3273468 1.169632 9.651367
0.35353088 -0.9322357 8.903931
2.7005768 -2.3342743 8.073181
5.050003 -1.8653412 8.206482
6.4591827 -0.2657318 9.061035
6.782913 1.3457794 9.237183
6.3758698 1.721878 9.065796
5.454666 0.80067444 8.746826
4.5001373 -0.7180023 8.906311
3.0457306 -1.5915985 9.280029
1.6555939 -1.6106415 8.956299
1.791275 -1.1250458 8.780151
2.9052887 -0.52519226 9.103882
3.5717926 0.13893127 9.141968
3.740799 0.44837952 9.127686
3.5860748 0.6649933 9.270508
3.445633 1.0958405 9.344299
3.5432281 1.4100494 9.28717
3.8550568 1.1553497 9.337158
3.7455597 0.7030792 9.206238
3.3099518 0.06037903 8.806335
2.8910065 -0.5775604 8.882507
3.1028595 -0.9488983 8.977722
3.2099762 -0.93937683 8.968201
3.324234 -0.5894623 9.003906
3.407547 -0.4966278 8.922974
3.6812897 -0.55137634 8.880127
4.114517 -0.30381775 8.861084
4.464432 0.12940979 8.953918
4.5001373 0.44361877 9.130066
4.1407013 0.56025696 9.28717
3.638443 0.3841095 9.275269
3.0980988 0.017532349 9.334778
2.7005768 -0.41093445 9.15625
2.4339752 -0.9179535 9.120544
2.4101715 -1.3464203 8.9991455
2.791031 -1.3226166 8.77063
3.23378 -0.8751068 8.989624
3.5313263 -0.18241882 9.180054
3.6598663 0.29603577 9.15625
3.6360626 0.43171692 9.429993
3.3670807 0.43171692 9.658508
2.8076935 0.26985168 9.518066
2.381607 -0.21336365 9.272888
2.1864166 -0.74180603 9.3776245
2.150711 -0.67515564 9.1467285
2.5982208 -0.28953552 8.846802
3.0219269 -0.09434509 9.682312
2.9743195 -0.19908142 10.013184
2.2173615 -0.47520447 10.017944
1.4604034 -0.4633026 8.894409
1.0843048 -0.077682495 8.980103
1.450882 0.21272278 9.434753
2.1411896 0.56025696 9.1467285
2.7243805 0.52693176 9.451416
2.919571 0.16511536 9.806091
2.4744415 -0.33714294 9.841797
0.9533844 -0.9988861 9.913208
0.71058655 -1.9034271 8.0946045
2.4244537 -2.5223236 8.0112915
4.5191803 -1.3083344 8.89679
5.549881 0.41505432 9.208618
5.4427643 1.7099762 9.21814
4.2763824 1.7052155 9.822754
3.5122833 0.6126251 9.163391
3.676529 0.17463684 9.001526
4.1407013 0.81733704 9.408569
4.5072784 1.233902 9.277649
4.312088 1.022049 9.177673
3.664627 0.7959137 9.98938
2.7648468 0.31507874 8.699219
2.2578278 -0.87034607 8.075562
1.9721832 -1.8820038 9.015808
1.9531403 -1.7653656 9.101501
2.291153 -0.86320496 8.889648
3.002884 -0.14195251 9.037231
3.7265167 0.51026917 9.5252075
3.2742462 1.8718414 11.5271
2.567276 3.709488 10.251221
2.3958893 3.1405792 10.170288
1.2080841 0.65309143 10.724915
-0.010665894 -1.646347 7.866089
-0.64146423 -3.0793304 8.251709
-0.43199158 -3.436386 9.689453
-0.3891449 -1.8105927 9.360962
0.5487213 1.9837189 8.601624
4.5001373 1.8551788 8.70874
6.025955 0.9458771 9.28479
6.4258575 0.08418274 10.489258
6.223526 -0.47758484 9.177673
4.90242 -1.4916229 8.83252
0.739151 -0.8941498 11.846069
-2.0101776 1.9884796 9.66803
-0.8009491 2.1146393 8.911072
2.245926 0.46028137 8.318359
3.7074738 -0.77989197 8.775391
5.216629 -0.6537323 8.713501
5.7188873 -0.7584686 8.906311
5.3213654 -0.68229675 8.723022
4.8976593 -0.6275482 8.784912
3.8740997 -0.8513031 8.77301
3.3956451 -1.3964081 8.761108
4.3477936 -2.2961884 8.170776
3.317093 -1.9200897 9.399048
4.4382477 -1.915329 8.163635
3.926468 0.16273499 8.880127
4.1549835 0.99586487 12.215027
2.0935822 0.12226868 10.586853
-0.8747406 -1.8296356 8.432617
-1.6221771 -2.865097 8.646851
0.04170227 -2.8889008 8.868225
2.1388092 -1.2131195 8.653992
4.138321 0.92445374 9.194336
5.3427887 2.7573395 9.1467285
5.4499054 4.0522614 9.520447
4.7453156 3.3143463 9.403809
3.1409454 1.2220001 10.129822
0.9962311 0.46266174 11.077209
-0.79618835 1.1601105 10.720154
-1.0461273 0.37696838 11.124817
-1.4531708 -0.95365906 10.24646
-1.0009003 -1.72966 7.373352
0.094070435 -2.1224213 7.5352173
2.1126251 -2.3247528 8.44928
3.5670319 -1.5082855 9.011047
4.77388 -0.21336365 10.651123
3.9502716 1.6742706 10.624939
2.5196686 2.4359894 9.79895
0.88435364 3.0406036 11.091492
0.055984497 3.4809723 10.044128
-0.332016 2.3407745 9.858459
-0.15110779 0.6578522 8.694458
0.47731018 -1.7606049 8.658752
1.0509796 -3.5887299 8.844421
1.7198639 -4.6884613 9.306213
1.2675934 -4.340927 10.379761
1.0009918 -2.7341766 9.698975
0.6891632 -0.3895111 9.646606
0.6391754 2.6954498 9.884644
0.56300354 4.909195 10.215515
0.9033966 4.2260284 10.791565
0.32972717 1.1172638 10.524963
0.42018127 -2.2319183 8.975342
-0.32011414 -3.8743744 8.477844
-0.08207703 -3.686325 9.565674
-0.36296082 -0.69895935 9.389526
-0.4129486 2.2884064 8.872986
0.4915924 3.183426 9.777527
2.2887726 2.7311554 8.918213
4.035965 1.5671539 10.222656
4.612015 1.6742706 10.917725
4.285904 1.8361359 9.815613
3.7884064 -0.15385437 11.446167
1.8460236 -2.4913788 9.072937
-0.47483826 -3.6720428 7.8589478
-0.5700531 -3.800583 8.051758
0.739151 -2.3866425 8.365967
2.9148102 -0.4561615 8.970581
4.657242 1.1672516 9.508545
5.3142242 2.05513 9.937012
5.209488 1.7742462 10.267883
3.9502716 0.7697296 9.572815
1.6793976 0.14369202 12.3602295
-1.1889496 0.1698761 11.012939
-3.0789642 0.10322571 8.434998
-2.2363129 -1.0655365 8.872986
-0.22489929 -1.3178558 9.09198
2.086441 -1.0631561 8.5802
3.6979523 -0.69181824 9.28241
4.221634 0.43647766 9.751343
3.5694122 1.1648712 9.86322
2.1031036 0.8220978 9.725159
0.12739563 -0.23716736 9.772766
-2.352951 -0.96318054 11.089111
-3.4264984 -1.2797699 10.008423
-0.09159851 -1.9891205 8.9158325
3.7193756 -1.2345428 7.547119
5.742691 -0.3728485 8.142212
7.575577 0.63642883 8.1779175
8.637222 1.9337311 8.32312
8.94429 2.8001862 8.856323
7.858841 2.4764557 9.246704
5.8498077 1.4695587 8.699219
3.6979523 0.01991272 8.64447
2.0388336 -1.1274261 8.839661
0.90815735 -2.8341522 9.130066
1.2818756 -3.5268402 8.96106
2.8743439 -3.3173676 9.049133
3.5122833 -2.1509857 9.260986
5.5927277 -0.9608002 8.251709
2.8957672 1.0529938 10.213135
2.6267853 1.5600128 8.408813
3.445633 0.688797 8.875366
3.9217072 -0.15861511 9.203857
3.1861725 -0.14671326 9.194336
1.746048 -0.09434509 8.968201
0.88197327 0.22462463 8.815857
0.9605255 0.51979065 9.244324
2.1269073 1.2957916 9.487122
3.1671295 1.5433502 9.044373
3.4289703 0.5626373 9.061035
3.369461 0.36268616 9.053894
3.002884 0.47694397 9.60376
3.1528473 -0.37998962 9.663269
1.7817535 0.51026917 8.89917
6.230667 0.8197174 7.263855
8.696732 0.66023254 8.092224
9.122818 1.4124298 9.330017
6.109268 3.3262482 9.801331
3.5075226 1.8837433 8.304077
1.9793243 -0.64897156 9.427612
1.4699249 -2.9722137 8.349304
1.772232 -4.012436 8.032715
2.0364532 -1.47258 9.194336
4.676285 1.0244293 7.7661133
5.2071075 0.8530426 9.53949
5.3427887 1.0363312 9.108643
4.831009 1.9860992 8.982483
3.5955963 2.5597687 8.892029
3.0766754 1.971817 9.015808
2.7743683 1.464798 8.9348755
3.2171173 0.88874817 8.70874
3.445633 0.7887726 9.02771
3.0814362 0.7554474 9.09436
3.3647003 0.45552063 8.587341
3.8860016 0.227005 8.930115
4.100235 0.7292633 9.341919
4.933365 0.6483307 8.927734
4.9119415 0.5959625 8.694458
4.4834747 0.7625885 9.065796
4.009781 1.779007 8.696838
3.9550323 1.400528 9.103882
Time Stop = 7512
