Time Start = 7495
4.138321 -0.21336365 9.47522
4.683426 -0.9988861 9.175293
4.428726 -1.0702972 8.882507
4.13356 -0.63230896 8.625427
4.4168243 -0.4323578 8.744446
5.2190094 -0.22050476 8.420715
5.723648 0.117507935 8.8515625
5.1428375 1.2315216 8.932495
4.485855 1.9646759 9.741821
4.1621246 2.1074982 9.429993
4.4430084 1.1029816 8.8349
2.9481354 -1.184555 9.527588
2.4911041 -2.6580048 8.813477
1.874588 -3.3673553 9.846558
1.431839 -2.7151337 9.906067
1.1461945 -1.0988617 9.408569
1.0676422 0.80781555 9.182434
1.3128204 1.6504669 9.294312
1.6936798 1.4243317 9.563293
1.9483795 0.9173126 9.180054
1.5865631 0.36268616 9.898926
1.0605011 1.1006012 10.282166
0.42256165 1.3719635 8.358826
0.08930969 0.669754 10.013184
-0.69859314 0.9101715 9.753723
-0.32725525 0.98872375 9.006287
0.8772125 1.5552521 8.982483
1.9079132 2.1408234 9.879883
2.3339996 1.9932404 9.784668
1.9912262 1.2196198 9.663269
0.91529846 0.26271057 9.79657
-0.44151306 -0.080062866 10.798706
-0.5391083 0.70783997 8.856323
-0.33439636 0.08656311 11.051025
1.3604279 -1.2916718 9.201477
3.3789825 -1.7772675 7.861328
5.4308624 -1.3345184 7.823242
6.780533 -0.037216187 8.489746
7.320877 1.445755 9.408569
5.837906 2.6287994 9.806091
3.5955963 1.3791046 10.405945
1.0057526 -0.12528992 9.368103
-0.36772156 -1.4011688 10.56781
-0.9818573 -1.6154022 8.977722
0.2702179 -1.5249481 8.487366
2.0364532 -1.1821747 8.920593
3.6812897 -0.7537079 8.70636
4.7453156 -0.18003845 8.568298
4.5334625 0.1365509 9.60614
3.6979523 0.22938538 9.7561035
2.2816315 -0.0015106201 9.856079
0.9605255 -0.30143738 10.213135
0.97480774 -0.70848083 8.77063
1.4889679 -1.0250702 9.306213
2.5149078 -1.0845795 9.449036
3.7741241 -1.60112 9.02533
4.3715973 -1.8082123 10.1203
3.8455353 -0.13957214 9.996521
2.3387604 1.1767731 9.977478
2.1483307 0.69117737 8.166016
2.1983185 -0.65849304 9.275269
1.7317657 -1.351181 10.43689
1.3009186 -1.7320404 8.761108
1.2699738 -2.0319672 8.26123
1.874588 -2.4318695 8.970581
2.195938 -2.350937 9.465698
1.6651154 -0.99412537 9.817993
1.4080353 0.35792542 8.875366
1.643692 0.67689514 10.915344
3.2290192 -0.37998962 9.572815
3.4694366 -0.0038909912 8.806335
7.294693 0.15559387 7.8113403
8.087357 0.37220764 8.70874
7.0614166 1.4076691 8.349304
9.089493 0.855423 7.8589478
9.32515 0.5721588 7.839905
5.4713287 -0.11576843 9.508545
3.0409698 -1.2535858 8.173157
1.7674713 -2.1438446 7.951782
2.7672272 -1.9367523 8.653992
3.8621979 -1.8034515 9.018188
4.5072784 -2.1628876 8.070801
4.2049713 -3.300705 10.086975
2.2197418 -4.578964 10.31073
1.0819244 -3.5292206 8.865845
0.82484436 -0.99650574 8.51593
1.1890411 0.01991272 8.8349
1.9745636 -0.4323578 8.663513
2.5577545 -1.5939789 8.953918
2.6363068 -1.9462738 9.703735
2.0459747 -1.5130463 9.932251
0.7153473 -1.1131439 9.737061
-0.248703 -0.80607605 9.751343
0.17500305 -0.19670105 9.199097
2.0959625 0.17463684 9.572815
3.498001 0.25794983 9.587097
4.888138 0.4650421 9.358582
5.076187 0.37696838 8.494507
5.576065 -1.094101 8.32074
5.568924 -0.9417572 8.932495
5.2380524 0.6983185 8.992004
5.4046783 1.8408966 8.599243
5.292801 1.483841 8.839661
5.35231 -0.78941345 8.437378
4.9881134 -2.960312 7.9017944
3.1980743 -4.2718964 9.898926
1.9888458 -3.5554047 9.356201
3.286148 -1.9629364 8.937256
4.697708 -0.7775116 8.442139
4.8357697 -0.6941986 8.308838
4.492996 -0.7370453 8.3897705
3.6217804 -0.613266 8.89917
2.6434479 -0.41807556 9.320496
2.7005768 -0.46092224 8.518311
3.5670319 -0.5632782 8.96344
3.6194 -0.98698425 9.499023
2.971939 -0.92033386 9.291931
3.5694122 -0.9512787 8.442139
5.0261993 -1.3654633 8.289795
5.485611 -1.5059052 8.520691
5.1499786 -1.0298309 8.551636
4.947647 -0.5061493 8.751587
5.0333405 -0.049118042 9.139587
4.70961 -0.13243103 9.096741
4.2716217 -0.6370697 8.625427
4.6739044 -1.2012177 8.0112915
5.4142 -1.6772919 8.173157
5.7379303 -1.389267 8.77063
4.9809723 -0.23954773 9.727539
3.2004547 0.7292633 10.663025
1.7960358 -0.39189148 10.103638
0.7819977 -1.6606293 8.646851
0.013137817 -2.672287 9.41095
0.03694153 -4.750351 8.939636
0.93434143 -4.0100555 8.482605
1.6222687 -3.2411957 9.453796
1.976944 -2.0081635 9.565674
1.9674225 -0.73942566 9.463318
1.643692 0.08656311 9.203857
1.0105133 0.3912506 9.496643
0.12025452 -0.122909546 10.098877
0.055984497 -0.8203583 8.742065
0.46540833 -1.3368988 10.101257
1.0390778 -0.9822235 9.782288
1.938858 -0.96318054 10.241699
2.9100494 -0.020553589 9.598999
4.409683 0.2769928 8.713501
4.954788 -0.21098328 9.722778
4.7572174 -1.2559662 9.458557
4.240677 -1.555893 8.868225
4.759598 -0.9655609 9.301453
5.183304 -0.1348114 8.970581
5.447525 -0.27763367 7.970825
5.7569733 -1.6772919 8.430237
4.907181 -2.3937836 10.344055
1.8007965 -2.4556732 13.567078
-1.6412201 -1.6749115 8.5373535
-3.1646576 -2.4556732 6.494995
-2.5410004 -2.7032318 7.8756104
0.655838 -3.255478 8.539734
3.702713 -2.3485565 9.139587
5.830765 -0.7346649 10.24408
5.0333405 0.79115295 10.748718
2.7743683 0.83161926 9.858459
0.46540833 0.16749573 9.270508
0.048843384 -0.92985535 8.589722
1.3152008 -2.3604584 9.258606
3.221878 -2.1962128 9.260986
5.190445 -1.0084076 10.039368
5.4142 -0.37046814 8.7682495
4.588211 -2.2081146 8.942017
3.0338287 -3.1316986 10.194092
1.9269562 -1.6701508 9.984619
1.4008942 0.28175354 8.399292
2.1935577 1.593338 8.942017
3.5575104 1.5552521 10.408325
4.5382233 -1.53685 9.327637
4.0526276 -3.8220062 9.270508
2.855301 -4.0171967 9.513306
0.9200592 -2.7317963 8.949158
0.24165344 -1.5225677 8.527832
0.24165344 -0.19194031 9.234802
0.86531067 0.41505432 9.951294
1.893631 0.7221222 9.260986
2.7648468 0.65309143 9.656128
2.8695831 -0.16337585 11.020081
2.0697784 -0.72514343 9.446655
1.5699005 -1.1964569 9.882263
1.3985138 -1.158371 9.679932
2.2935333 -1.5487518 8.406433
4.093094 -2.1890717 7.5542603
7.2589874 -2.5532684 8.618286
7.159012 -2.3271332 9.825134
6.254471 -1.2916718 8.382629
3.221878 0.23890686 9.656128
0.5249176 1.0172882 11.396179
0.094070435 1.2243805 8.020813
0.84150696 0.3841095 8.944397
1.707962 -1.4654388 9.149109
1.8579254 -4.379013 9.241943
0.46540833 -5.059799 9.118164
0.1869049 -5.1121674 9.09436
-0.47483826 -3.5911102 9.770386
-0.032089233 -2.448532 10.805847
-0.562912 -0.8941498 10.529724
1.3628082 0.9792023 8.618286
4.150223 1.7694855 8.634949
7.5946198 1.1363068 7.411438
9.091873 0.41981506 8.953918
9.670303 1.0767975 8.265991
9.210892 1.8170929 9.09198
5.7593536 2.5074005 12.091248
1.3009186 0.48646545 9.848938
-0.72953796 -3.050766 7.6661377
-2.0625458 -4.4385223 6.752075
-0.39390564 -6.6784515 8.615906
2.003128 -5.5477753 8.930115
4.1407013 -3.1388397 8.506409
5.4879913 -0.9417572 9.28241
4.7500763 0.09370422 9.330017
2.3768463 -0.70848083 10.144104
-0.9080658 -1.53685 9.618042
0.008377075 -1.8343964 9.199097
3.9050446 -1.1321869 8.218384
5.787918 -0.4561615 8.715881
5.754593 -0.18003845 9.227661
4.9452667 0.010391235 9.108643
4.233536 0.55311584 8.358826
4.592972 0.17463684 8.520691
4.5001373 -1.3392792 9.406189
3.9098053 -1.9200897 9.306213
4.183548 -1.9367523 8.694458
4.492996 -1.582077 8.673035
5.054764 -1.1083832 8.732544
5.580826 -0.56803894 8.213623
5.3618317 -0.058639526 8.977722
4.5334625 0.6292877 9.241943
3.3956451 0.7126007 8.6206665
2.3459015 -0.4799652 8.846802
2.0626373 -1.1940765 8.742065
2.843399 -0.7846527 8.746826
3.381363 -0.14433289 9.637085
4.093094 -0.20384216 9.113403
4.369217 -0.52519226 9.096741
5.35231 -0.85606384 8.456421
5.8545685 -0.87034607 8.199341
5.22139 -1.0393524 9.3133545
4.3097076 -1.1131439 8.96344
3.786026 -0.4799652 8.930115
2.7196198 0.6411896 10.1203
0.91767883 0.5150299 10.113159
0.5511017 -0.63468933 7.5685425
1.541336 -1.7415619 8.363586
2.6482086 -1.72966 9.615662
3.1552277 -1.6868134 9.563293
2.0531158 -1.6273041 9.487122
1.3842316 -1.767746 8.596863
1.8650665 -1.9915009 8.761108
2.733902 -1.5939789 9.646606
2.40065 -0.8489227 10.748718
1.6912994 -0.5799408 9.882263
2.355423 -1.5130463 8.494507
4.6358185 -1.9248505 7.854187
6.0211945 -1.3464203 8.715881
6.6900787 -0.22288513 8.765869
6.5662994 0.5007477 8.465942
5.7403107 0.03895569 8.730164
4.638199 -0.6870575 8.753967
3.9954987 -1.6987152 8.984863
3.4194489 -2.358078 8.775391
3.0409698 -2.8746185 8.782532
3.3718414 -2.8174896 8.713501
3.793167 -2.0581512 8.913452
4.112137 -1.3202362 8.949158
4.062149 -0.8370209 8.992004
3.740799 -0.44664 9.072937
3.562271 -0.25382996 9.320496
3.350418 -0.38475037 9.232422
3.2313995 -0.8584442 8.875366
3.23378 -1.3773651 8.868225
3.2504425 -1.7225189 9.141968
3.3123322 -1.8724823 8.989624
3.3647003 -1.6630096 9.101501
3.5646515 -1.2964325 9.187195
3.7765045 -0.92271423 8.918213
3.9693146 -0.8013153 8.96344
4.088333 -1.0298309 8.996765
4.100235 -1.2892914 8.911072
3.978836 -1.4273529 8.987244
3.6789093 -1.3321381 9.087219
3.2694855 -1.1631317 9.289551
2.8457794 -1.2202606 9.21814
2.5434723 -1.6035004 9.149109
2.6601105 -1.9367523 9.072937
2.945755 -1.9748383 9.344299
3.2623444 -1.6677704 9.044373
3.5646515 -1.1036224 9.09198
3.7717438 -1.1179047 8.953918
3.6098785 -1.6558685 9.234802
3.150467 -2.0105438 9.537109
2.3768463 -1.8701019 9.66803
1.643692 -1.4821014 9.299072
1.5175323 -1.6273041 9.234802
1.7127228 -1.79393 9.34906
2.5149078 -2.5556488 9.4776
3.131424 -2.5294647 9.1657715
3.645584 -1.4630585 8.944397
3.5075226 0.02229309 9.463318
2.8933868 1.1672516 9.122925
2.2887726 1.3148346 9.130066
1.2890167 0.22224426 10.225037
-0.4058075 -1.5963593 10.536865
-0.92710876 -3.0626678 8.494507
0.12501526 -3.898178 9.172913
1.6151276 -3.191208 9.015808
3.2433014 -1.8343964 8.5373535
4.6953278 0.03895569 9.941772
6.5853424 1.003006 8.468323
7.577957 2.4312286 6.3807373
9.770279 0.8839874 7.994629
9.237076 -0.15623474 9.375244
6.7662506 0.23890686 10.075073
3.8574371 0.6150055 9.456177
1.6127472 -0.70848083 8.32312
1.5103912 -2.6746674 7.8494263
2.393509 -3.871994 9.003906
3.5075226 -4.1314545 8.742065
3.6098785 -3.0269623 8.458801
3.8217316 -1.563034 8.613525
3.3908844 -0.45854187 8.918213
2.2054596 -0.28953552 10.077454
0.674881 -0.35856628 11.124817
0.034561157 0.6864166 9.034851
1.3009186 1.5814362 10.553528
2.6363068 1.6718903 10.17981
3.1814117 0.30317688 7.820862
3.6741486 -1.4202118 7.820862
3.8003082 -2.8317719 8.937256
3.612259 -3.7958221 9.582336
3.6408234 -3.2459564 9.746582
4.1597443 -2.274765 8.818237
4.528702 -2.4080658 8.19458
4.5406036 -3.0198212 8.803955
3.221878 -2.3461761 10.820129
1.9364777 -0.927475 9.834656
1.0605011 -0.5323334 8.720642
0.6820221 -0.76560974 8.856323
1.2890167 -1.5059052 8.932495
2.7124786 -1.5796967 8.377869
3.6622467 -1.1464691 9.141968
5.107132 -0.78227234 9.689453
3.8979034 -0.36094666 10.672546
4.274002 0.5174103 8.287415
6.004532 1.7099762 8.411194
6.756729 1.8718414 9.937012
5.338028 0.057998657 9.679932
3.4694366 -3.8410492 9.063416
1.5841827 -5.174057 9.341919
-1.0556488 -3.3173676 8.38739
0.072647095 -2.2890472 7.687561
2.6006012 -2.1605072 8.806335
4.619156 -2.312851 8.775391
5.5284576 -2.4366302 8.889648
5.235672 -1.5939789 8.492126
4.433487 -1.4916229 8.844421
4.0121613 -1.4963837 9.075317
3.6812897 -2.1962128 9.0896
3.8717194 -2.4056854 8.927734
5.626053 -1.5749359 8.653992
5.1166534 -0.10624695 9.001526
5.0000153 1.2291412 9.646606
2.7481842 -0.23716736 11.693726
0.06550598 -4.7170258 7.9613037
-1.7126312 -7.3449554 8.211243
-0.710495 -6.423752 8.25885
1.4485016 -2.9531708 8.680176
3.8098297 0.56025696 8.670654
5.7141266 2.3717194 8.953918
6.1878204 2.0908356 9.891785
5.0857086 0.66023254 10.69873
2.6291656 0.56977844 11.52948
0.48207092 0.49360657 9.791809
-0.2320404 0.24604797 9.011047
0.7534332 -1.1036224 8.461182
1.265213 -3.641098 10.572571
2.1602325 -5.5049286 10.096497
1.5175323 -3.7196503 8.908691
1.6793976 -2.3604584 7.930359
2.0578766 -2.081955 8.608765
2.3459015 -1.5915985 9.598999
2.4863434 -0.90367126 9.463318
2.2625885 -0.67277527 9.537109
1.9031525 -1.2916718 8.839661
1.8317413 -1.9248505 9.582336
2.131668 -2.0224457 9.694214
2.6839142 -1.8272552 10.598755
2.3316193 -1.3416595 8.930115
2.1459503 -1.3583221 11.139099
1.7246246 -0.46568298 8.718262
2.574417 -0.8751068 8.77063
3.0766754 -0.1181488 10.175049
3.407547 -0.35142517 9.53949
3.4051666 -1.7106171 9.368103
3.0719147 -3.2411957 9.934631
2.5982208 -3.3768768 9.803711
1.3651886 -2.8317719 10.065552
0.71772766 -1.4797211 9.503784
-0.015426636 -0.6227875 9.575195
-0.5795746 -1.075058 10.265503
-0.22727966 -1.8462982 9.894165
-0.13682556 -1.8010712 9.196716
0.32258606 -1.9319916 8.211243
1.1961823 -1.8582001 9.706116
1.1247711 -1.4916229 9.427612
0.82722473 -1.3559418 8.89917
0.50349426 -1.1678925 9.591858
-0.10588074 -1.2369232 10.222656
-0.11302185 -1.1821747 9.001526
0.6510773 -0.97032166 9.651367
1.8079376 -0.63468933 9.660889
3.0695343 -0.1181488 8.592102
4.209732 -0.5608978 10.720154
4.3335114 -2.672287 10.289307
2.9957428 -3.3173676 8.775391
2.2625885 -3.0412445 8.822998
2.098343 -2.793686 8.415955
2.843399 -1.9415131 8.530212
3.952652 -1.2154999 9.47522
4.2382965 -0.8417816 9.508545
3.9312286 -0.8084564 9.570435
3.202835 -0.9322357 9.837036
2.6434479 -1.1298065 8.944397
1.3390045 -1.72966 12.036499
0.5106354 -1.3607025 11.024841
-0.2653656 -0.6608734 9.1657715
-0.16300964 -1.7058563 8.016052
0.010757446 -3.3030853 8.287415
0.3273468 -4.514694 8.989624
0.9605255 -3.486374 9.210999
1.4175568 -0.9750824 8.918213
2.5720367 0.2769928 9.546631
1.7865143 -0.013412476 10.001282
1.9174347 -0.99412537 9.418091
2.5648956 -0.33000183 9.101501
4.626297 0.053237915 9.708496
6.9638214 -1.3107147 7.6328125
7.608902 -1.1797943 7.328125
7.2209015 -0.3657074 9.380005
6.9376373 1.0315704 8.26123
6.7091217 1.0529938 7.397156
6.004532 0.52931213 9.463318
5.2523346 -0.28477478 8.406433
4.2049713 -2.1581268 8.446899
3.5955963 -3.7791595 7.9279785
3.7146149 -4.0552826 8.080322
4.421585 -3.005539 8.434998
5.0023956 -1.7391815 8.123169
4.697708 -0.9655609 8.351685
4.0597687 -0.50852966 8.889648
3.8669586 0.43171692 9.1657715
5.107132 0.7935333 8.925354
5.114273 1.0958405 8.499268
5.1952057 0.44599915 8.365967
4.871475 -0.23954773 8.527832
4.152603 -0.63468933 8.70636
3.7003326 -0.9512787 8.718262
4.619156 -0.92033386 8.19696
5.376114 -0.7703705 8.358826
5.4237213 -1.2178802 8.592102
5.4046783 -1.3083344 8.263611
5.73555 -1.1107635 8.3255005
6.3306427 -0.8013153 8.139832
6.4829865 -0.92271423 8.456421
5.3475494 -1.222641 8.815857
3.8098297 -0.7441864 8.880127
2.7243805 -0.8370209 9.237183
0.8153229 -1.9510345 10.127441
-0.5129242 -4.9598236 9.487122
1.4675446 -5.5096893 7.506653
3.7074738 -3.288803 8.404053
4.4834747 -0.9750824 8.725403
4.409683 0.20558167 8.696838
3.6979523 -0.096725464 8.887268
2.8100739 -1.9129486 9.280029
1.829361 -3.5792084 8.796814
0.9272003 -4.269516 8.739685
1.3104401 -3.2102509 9.061035
3.5146637 -1.5416107 8.932495
5.8236237 0.16749573 7.316223
7.0042877 1.8313751 7.756592
8.3563385 2.5335846 8.06842
8.703873 3.6166534 7.544739
8.130203 3.2524567 8.085083
7.025711 1.6480865 8.815857
5.768875 0.74116516 8.175537
4.9690704 -0.760849 8.285034
3.9312286 -2.3414154 9.487122
3.9098053 -3.2221527 7.751831
3.562271 -4.1005096 8.884888
4.485855 -3.5054169 7.4519043
Time Stop = 7500
