Time Start = 5606
-9.870163 -2.5556488 0.41552734
-10.3033905 -2.736557 0.22747803
-9.832077 -2.9626923 0.2131958
-9.389328 -2.9127045 0.40600586
-9.429794 -2.6937103 0.31555176
-9.689255 -2.5937347 0.2298584
-9.815414 -2.62706 0.13702393
-9.744003 -2.6770477 0.32269287
-9.6297455 -2.6841888 0.40600586
-9.653549 -2.62706 0.477417
-9.801132 -2.5984955 0.45361328
-9.903488 -2.6199188 0.47027588
-9.955856 -2.5723114 0.49169922
-9.901108 -2.5556488 0.61309814
-9.865402 -2.4770966 0.6749878
-9.817795 -2.441391 0.6749878
-9.78923 -2.4128265 0.69403076
-9.78923 -2.486618 0.64642334
-9.7773285 -2.5984955 0.68927
-9.865402 -2.679428 0.5321655
-9.903488 -2.717514 0.5250244
-9.939194 -2.7841644 0.5488281
-9.943954 -2.9769745 0.5178833
-10.067734 -3.1674042 0.60595703
-10.077255 -3.2649994 0.57025146
-10.122482 -3.4435272 0.60357666
-10.151047 -3.4149628 0.7392578
-10.1082 -3.2769012 0.8725586
-10.098679 -3.0460052 1.2462769
-10.032028 -2.838913 1.4747925
-9.943954 -2.6699066 1.6033325
-9.846359 -2.581833 1.6485596
-9.8535 -2.7008514 1.927063
-9.453598 -3.0793304 1.1724854
-10.058212 -3.2864227 1.2510376
-10.331955 -3.2959442 1.003479
-10.500961 -3.2983246 1.3771973
-10.662827 -3.3245087 1.4866943
-11.150803 -3.4435272 1.8056641
-11.3936 -3.4958954 2.1103516
-11.624496 -3.531601 2.362671
-11.769699 -3.5911102 3.1767578
-11.579269 -3.8838959 3.6932983
-11.555466 -4.133835 3.793274
-11.762558 -4.390915 3.793274
-11.857773 -4.531357 3.8289795
-11.869675 -4.3694916 4.062256
-11.410263 -4.095749 4.5597534
-10.719955 -3.436386 5.261963
-10.067734 -2.6556244 6.249817
-9.448837 -2.0343475 6.987732
-9.289352 -1.646347 7.354309
-9.137009 -1.4940033 7.4400024
-8.998947 -1.4440155 7.347168
-8.851364 -1.6154022 7.3067017
-8.672836 -1.6320648 6.7663574
-8.6228485 -1.5249481 6.026062
-8.625229 -1.2940521 5.783264
-8.115829 -1.2559662 5.923706
-7.4683685 -1.324997 6.6759033
-6.8328094 -1.241684 7.3186035
-6.4995575 -1.1821747 8.101746
-6.368637 -1.3202362 8.8515625
-6.2805634 -1.3368988 8.96344
-6.2567596 -1.2393036 8.944397
-6.0449066 -0.9560394 9.106262
-5.649765 -0.92271423 9.011047
-5.047531 -1.3964081 8.987244
-4.257248 -2.4080658 9.127686
-3.6573944 -3.6053925 9.068176
-3.386032 -4.4837494 8.922974
-3.0789642 -5.0169525 8.908691
-3.1265717 -5.2335663 8.818237
-2.909958 -5.155014 8.884888
-2.807602 -5.333542 8.937256
-2.871872 -5.666794 8.304077
-2.9004364 -5.885788 7.8708496
-2.6100311 -6.4356537 7.475708
-2.5100555 -7.0807343 7.4709473
-2.4624481 -7.149765 7.2686157
-2.186325 -6.887924 7.237671
-2.1315765 -6.392807 6.935364
-2.4386444 -6.1714325 6.7139893
-2.2672577 -6.573715 6.7020874
-2.1244354 -6.585617 6.6759033
-2.0720673 -6.404709 6.84729
-1.9173431 -5.9857635 6.982971
-1.6888275 -5.4454193 6.852051
-1.2865448 -5.416855 6.852051
-0.9247284 -5.602524 6.602112
-0.8604584 -5.5168304 6.1522217
-0.7604828 -5.4263763 5.8165894
-0.47483826 -5.435898 5.616638
-0.20347595 -5.1454926 5.3095703
-0.098739624 -4.905075 4.6882935
-0.18443298 -4.724167 4.2407837
-0.2582245 -4.8884125 3.909912
-0.36058044 -5.502548 3.8599243
-0.8318939 -6.1024017 4.6002197
-1.4079437 -6.2928314 4.883484
-1.9006805 -6.109543 5.038208
-2.133957 -5.7596283 4.9263306
-2.307724 -5.3621063 5.2333984
-2.4434052 -4.74559 5.5809326
-2.4695892 -4.667038 5.62854
-2.8766327 -5.5501556 5.485718
-3.4860077 -6.526108 5.1762695
-4.154892 -7.880539 5.4214478
-4.564316 -8.261398 5.269104
-4.635727 -7.675827 5.5547485
-4.150131 -7.3068695 6.1141357
-3.519333 -7.0188446 6.6711426
-3.416977 -6.975998 6.302185
-3.3669891 -7.5115814 6.154602
-3.0956268 -7.899582 5.6523438
-3.0099335 -7.997177 5.0786743
-2.8504486 -8.197128 4.512146
-2.6814423 -8.994553 4.6240234
-2.5290985 -9.063583 4.690674
-2.3434296 -8.842209 5.1191406
-2.3838959 -8.330429 5.281006
-2.4219818 -7.661545 5.3286133
-2.1506195 -7.4734955 5.6118774
-1.7245331 -7.585373 5.8951416
-1.3484344 -7.7043915 6.0213013
-1.0675507 -8.073349 5.864197
-0.92710876 -8.916 5.892761
-0.8985443 -9.62059 5.704712
-0.78666687 -10.175217 5.75708
-0.7700043 -10.234726 5.6880493
-0.8437958 -10.120468 5.711853
-0.9509125 -10.172836 5.685669
-0.92948914 -10.232346 5.878479
-1.0651703 -10.215683 5.9189453
-1.2436981 -10.651291 6.1688843
-1.6697845 -10.696518 6.411682
-1.486496 -10.6679535 6.816345
-1.3103485 -10.32756 8.044617
-1.9911346 -9.420639 7.673279
-1.8816376 -11.922409 5.8380127
-2.898056 -12.069992 4.890625
-2.352951 -11.658188 5.4071655
-1.8602142 -10.675095 5.088196
-2.8885345 -10.12999 5.3762207
-3.8168793 -9.615829 6.1974487
-3.3884125 -10.860764 6.7425537
-2.686203 -13.176865 6.6901855
-2.2934418 -14.100449 6.325989
-1.8554535 -13.629135 6.4140625
-1.4793549 -12.7912445 6.8829956
-1.2556 -12.429428 7.0353394
-0.83903503 -12.703171 6.9591675
-0.4129486 -13.026901 6.768738
-0.08683777 -13.103073 6.506897
0.15357971 -12.665085 6.3974
0.3106842 -12.172348 6.097473
0.44636536 -11.974777 5.999878
0.59394836 -11.651047 5.616638
0.7248688 -11.09642 5.423828
0.8319855 -10.401352 5.133423
0.95814514 -9.725327 5.3619385
1.1842804 -9.29924 5.6571045
1.5080109 -8.499435 5.828491
1.8650665 -7.990036 6.07843
2.1340485 -8.194748 6.095093
2.3411407 -8.128098 5.749939
2.7362823 -7.8257904 5.485718
3.1290436 -7.43779 5.7356567
3.4027863 -7.123581 5.7713623
3.498001 -7.0236053 6.037964
3.600357 -6.7236786 5.8951416
3.6717682 -6.064316 5.795166
3.8479156 -5.538254 5.94751
4.0859528 -4.724167 6.1427
4.343033 -4.255234 6.4402466
4.4882355 -4.0290985 6.2998047
4.573929 -4.1005096 6.045105
4.7310333 -4.3956757 5.8570557
5.050003 -4.155258 5.866577
5.4427643 -4.057663 5.742798
5.6308136 -3.8672333 5.94989
5.690323 -3.403061 5.69281
5.6379547 -3.1316986 5.7523193
5.6879425 -3.050766 5.807068
5.580826 -2.800827 5.7142334
5.4903717 -2.941269 5.6832886
5.459427 -2.838913 5.4262085
5.485611 -2.5580292 5.3238525
5.780777 -2.4532928 5.469055
5.999771 -2.5485077 5.4833374
5.9950104 -2.531845 5.3476563
6.0140533 -2.6056366 5.4714355
6.0711823 -2.5865936 5.485718
6.1616364 -2.2533417 5.5214233
6.4115753 -2.165268 5.4761963
6.549637 -2.0986176 5.314331
6.6567535 -1.9248505 5.235779
6.6757965 -1.7986908 5.3167114
6.692459 -1.5582733 5.219116
6.563919 -1.3154755 5.321472
6.737686 -1.0988617 5.402405
6.8614655 -0.9441376 5.3928833
7.051895 -0.9108124 5.5095215
7.113785 -0.68943787 5.1762695
7.1566315 -0.7180023 5.302429
7.178055 -0.760849 5.3357544
7.1423492 -0.6299286 5.2905273
7.197098 -0.45854187 5.1191406
7.320877 -0.21336365 5.064392
7.4517975 0.18177795 5.0215454
7.4970245 0.48884583 4.966797
7.4018097 0.69117737 4.962036
7.2542267 0.9530182 4.833496
7.225662 0.85780334 4.743042
7.2089996 0.84828186 4.6502075
7.344681 0.80781555 4.704956
7.454178 0.80781555 4.524048
7.5993805 0.70069885 4.255066
7.6969757 0.49598694 4.243164
7.711258 0.4412384 4.043213
7.6303253 0.44361877 3.9456177
7.623184 0.5721588 3.9170532
7.5993805 0.8768463 4.1431885
7.6565094 1.2672272 4.364563
7.718399 1.4814606 4.5549927
7.8445587 1.6504669 4.5668945
7.623184 1.3291168 4.21698
7.7993317 1.1529694 4.2907715
8.442032 1.8218536 4.08844
8.856216 1.7147369 4.2907715
8.591995 1.3553009 4.414551
7.4660797 1.252945 4.1574707
8.127823 1.0767975 3.9194336
8.630081 0.8268585 4.462158
8.434891 1.5076447 4.266968
8.649124 1.400528 4.5716553
8.508682 1.3291168 4.274109
8.249222 1.3910065 4.1503296
8.158768 1.676651 4.0860596
8.377762 1.9194489 4.031311
7.885025 1.99086 4.1955566
8.484879 2.2717438 3.588562
8.972855 1.9432526 4.1312866
8.661026 2.2550812 3.9646606
8.265884 2.0717926 4.1955566
8.056412 2.1741486 4.095581
7.8755035 2.4002838 4.043213
7.813614 2.4954987 4.183655
7.8683624 2.4669342 4.0527344
7.870743 2.221756 3.8789673
7.7350616 2.2622223 3.5838013
7.635086 2.5216827 3.312439
7.601761 2.6335602 3.3100586
7.518448 2.8596954 3.2457886
7.487503 2.933487 3.3433838
7.525589 2.7406769 3.3790894
7.494644 2.6026154 3.4766846
7.539871 2.524063 3.5957031
7.556534 2.4669342 3.5147705
7.487503 2.3550568 3.4552612
7.411331 2.2884064 3.486206
7.442276 2.293167 3.3362427
7.3637238 2.2384186 3.286255
7.320877 2.228897 3.183899
7.2018585 2.0979767 3.164856
7.0923615 2.0860748 3.0791626
7.044754 2.0765533 3.0863037
6.8924103 2.2074738 3.0791626
6.799576 2.2717438 3.1124878
6.7733917 2.3003082 3.2148438
6.8114777 2.4574127 3.119629
6.980484 2.3931427 3.19104
7.0685577 2.4002838 3.1220093
7.192337 2.478836 3.1577148
7.242325 2.5478668 3.3933716
7.351822 2.5121613 3.6361694
7.423233 2.4288483 3.9075317
7.454178 2.4193268 4.0717773
7.5850983 2.1479645 4.186035
7.7422028 1.8647003 4.274109
7.892166 1.7266388 4.2788696
8.018326 1.5243073 4.531189
8.080215 1.3053131 4.531189
8.001663 1.2815094 4.5906982
7.8612213 1.3362579 4.6049805
7.666031 1.260086 4.754944
7.604141 1.3791046 4.92157
7.5946198 1.6266632 4.9572754
7.7136383 1.5124054 5.0477295
7.8564606 1.5457306 5.088196
7.98024 1.5623932 5.359558
8.015945 1.612381 5.17865
7.9469147 1.5504913 5.038208
7.827896 1.3838654 5.090576
7.730301 1.2029572 5.159607
7.794571 1.003006 5.402405
7.8636017 0.9673004 5.5
7.9016876 0.93159485 5.4642944
7.8183746 0.8459015 5.4381104
7.687454 0.7959137 5.4071655
7.5493927 0.7459259 5.2976685
7.3303986 0.5388336 5.0025024
7.070938 0.40553284 4.807312
6.8614655 0.43647766 4.7263794
6.7781525 0.4650421 4.8311157
6.8924103 0.5745392 4.928711
6.973343 0.87446594 5.2262573
7.1066437 0.7887726 5.5166626
7.135208 0.62690735 5.7023315
7.0161896 0.5245514 5.6690063
6.7900543 0.38172913 5.492859
6.492508 0.4079132 5.0596313
6.166397 0.06037903 4.9644165
5.8617096 -0.3657074 4.8953857
5.685562 -0.57518005 5.05011
5.747452 -0.8108368 5.428589
6.0854645 -0.93937683 5.6428223
6.280655 -0.9512787 5.4904785
6.275894 -1.0417328 5.621399
6.0021515 -0.96318054 5.6499634
5.6546173 -0.8846283 5.680908
5.3142242 -0.81559753 5.8689575
4.990494 -0.9822235 5.9784546
4.781021 -1.2393036 6.083191
4.683426 -1.9034271 6.556885
4.792923 -2.646103 6.866333
4.857193 -3.0793304 6.602112
4.921463 -3.4054413 6.7782593
4.8548126 -3.3887787 6.704468
4.612015 -3.5482635 6.687805
4.3477936 -3.8886566 6.9258423
3.9883575 -3.833908 6.6306763
3.8288727 -4.0148163 6.733032
3.7979279 -3.9672089 6.609253
3.87648 -4.5432587 6.956787
3.8383942 -4.9145966 6.937744
3.7336578 -5.502548 7.142456
3.471817 -5.8119965 7.0162964
3.138565 -6.264267 7.2471924
2.8719635 -6.521347 7.090088
2.5767975 -6.778427 7.42334
2.4339752 -7.1283417 7.444763
2.0912018 -7.9733734 7.9089355
1.598465 -8.156662 7.725647
1.3247223 -8.299484 8.313599
1.2366486 -8.099533 8.182678
1.2342682 -7.816269 7.847046
1.3199615 -7.990036 7.468567
1.3509064 -8.370895 6.942505
1.2390289 -9.082626 6.878235
1.0081329 -9.758652 7.0377197
0.76057434 -10.034775 7.456665
0.527298 -10.063339 7.887512
0.38209534 -9.496811 7.739929
0.1797638 -9.208786 8.142212
0.06074524 -9.156418 8.075562
-0.041610718 -9.194504 7.778015
-0.08921814 -9.411118 7.630432
-0.053512573 -9.434921 7.5114136
-0.13682556 -9.515854 7.8137207
-0.29154968 -9.542038 7.7113647
-0.4224701 -9.411118 7.8256226
-0.57481384 -9.015976 7.7423096
-0.55815125 -8.6089325 7.6589966
-0.6200409 -8.889816 7.7494507
-0.7176361 -9.501572 7.80896
-0.78666687 -9.473007 7.732788
-0.8104706 -9.292099 7.635193
-0.9342499 -9.456345 7.5042725
-0.91282654 -9.420639 7.5185547
-0.8723602 -9.151657 7.5614014
-0.81999207 -9.1349945 7.385254
-0.71525574 -9.127853 7.251953
-0.6843109 -9.068344 7.082947
-0.63194275 -9.008835 7.130554
-0.57481384 -8.996933 7.025818
-0.4867401 -9.063583 6.885376
-0.35105896 -9.063583 6.7092285
-0.26060486 -9.037399 6.537842
-0.30107117 -9.03978 6.502136
-0.22966003 -8.989792 6.392639
-0.18681335 -8.661301 6.302185
-0.11064148 -8.587509 6.123657
-0.16777039 -8.547043 6.0355835
-0.25346375 -8.344711 5.890381
-0.29631042 -8.344711 5.866577
-0.35820007 -8.46611 5.976074
-0.3796234 -8.451828 6.0236816
-0.4867401 -8.454208 6.0617676
-0.67240906 -8.406601 6.128418
-0.80570984 -8.323288 6.0927124
-0.8485565 -8.244736 6.0355835
-0.8747406 -8.151901 5.9189453
-0.90330505 -8.073349 6.1641235
-0.9056854 -7.899582 6.097473
-0.9509125 -7.856735 6.045105
-0.96043396 -7.816269 6.057007
-0.9818573 -7.747238 5.928467
-0.8890228 -7.8067474 5.666626
-2.545761 -7.206894 9.008667
0.20832825 -9.889572 5.6452026
-0.77238464 -8.699387 7.0353394
-1.2246552 -8.006699 5.8499146
-1.8126068 -8.863632 6.763977
-0.96281433 -9.525375 7.066284
-0.22251892 -8.961227 6.499756
-0.89616394 -8.642258 6.3974
-1.3222504 -8.796982 6.1188965
-1.0223236 -8.854111 5.8570557
-0.8271332 -8.582748 5.802307
-0.9794769 -8.551804 5.745178
-1.4127045 -8.492294 5.866577
-1.6674042 -8.558945 6.109375
-2.0792084 -8.487534 6.813965
-2.2553558 -9.008835 7.6470947
-2.4981537 -7.5710907 6.699707
-3.1265717 -8.475632 6.8187256
-3.2789154 -9.020737 7.3495483
-2.8623505 -7.4235077 4.8239746
-4.6452484 -7.4687347 6.2974243
-4.828537 -6.0881195 6.309326
-4.5095673 -5.245468 6.116516
-4.835678 -4.878891 5.930847
-5.157028 -4.7860565 5.1881714
-5.1784515 -5.155014 4.7144775
-4.816635 -5.6406097 4.2979126
-4.46196 -6.1785736 3.9146729
-4.0882416 -6.740341 3.8313599
-3.674057 -6.3951874 3.4290771
-3.6216888 -5.9095917 3.7147217
-3.5217133 -5.3049774 3.6575928
-3.6002655 -4.833664 3.2338867
-3.750229 -4.7336884 3.5171509
-3.3693695 -4.8360443 3.9837036
-2.8242645 -5.012192 4.4383545
-2.493393 -5.2169037 4.6502075
-2.4791107 -5.333542 4.659729
-2.5410004 -5.3192596 4.550232
-2.3481903 -5.473984 4.6502075
-2.3362885 -5.8953094 4.9644165
-2.4529266 -6.3761444 5.2738647
-2.493393 -6.785568 5.7666016
-2.5052948 -7.016464 6.0617676
-2.493393 -7.3449554 6.556885
-2.5076752 -7.675827 6.9067993
-2.564804 -7.9471893 6.892517
-2.8171234 -8.1471405 6.8068237
-3.1598969 -7.9852753 6.449768
-3.6597748 -7.328293 5.5428467
-4.6214447 -6.4546967 3.9432373
-5.8068695 -6.264267 2.9291992
-6.932785 -6.169052 2.3007813
-7.6730804 -6.233322 1.7628174
-8.232468 -6.745102 1.6390381
-8.689499 -7.30925 2.010376
-8.877548 -7.6663055 2.4174194
-8.977524 -7.875778 3.1791382
-8.765671 -7.7424774 3.6314087
-8.487167 -7.392563 3.357666
-8.5681 -7.361618 3.0458374
-8.925156 -7.1259613 2.119873
-9.40123 -7.066452 0.9606323
-9.934433 -7.0831146 -0.11767578
-10.539047 -7.1450043 -1.0245972
-10.9770355 -7.43779 -1.5197144
-11.0603485 -7.8138885 -1.6982422
-10.853256 -8.237595 -1.453064
-10.472397 -8.351852 -1.0269775
-10.203415 -8.0638275 -0.6865845
-10.17485 -7.7496185 -0.31762695
-10.49382 -7.3711395 -0.20098877
-10.884201 -7.1021576 -0.17242432
-11.126999 -6.9093475 -0.16052246
-11.115097 -6.7689056 -0.09863281
-10.8294525 -6.5760956 -0.04864502
-10.474777 -6.380905 0.013244629
-10.315292 -6.173813 0.13226318
-10.205795 -5.892929 0.1060791
-10.082016 -5.5930023 0.06085205
-10.034409 -5.2859344 0.10369873
-10.103439 -5.097885 0.21795654
-10.005844 -4.976486 0.23937988
-9.986801 -4.9860077 0.30603027
-10.001083 -5.0693207 0.2798462
-9.960617 -5.007431 0.30841064
-9.874924 -4.9003143 0.115600586
-9.808273 -4.5884857 0.09893799
-9.736862 -4.42424 0.25842285
-9.791611 -4.1314545 0.27746582
-9.810654 -4.019577 0.3774414
-9.839218 -3.8934174 0.42266846
-9.846359 -3.7363129 0.5012207
-9.872543 -3.679184 0.4940796
-9.820175 -3.6696625 0.4607544
-9.7582855 -3.6244354 0.3536377
-9.732101 -3.7148895 0.3703003
-9.713058 -3.6553802 0.3131714
-9.72496 -3.6434784 0.19891357
-9.7773285 -3.7148895 0.24176025
-9.905869 -3.6839447 0.12988281
Time Stop = 5611
