Time Start = 737
-9.127487 -3.1221771 1.5247803
-8.679977 -2.646103 1.6723633
-9.048935 -2.4747162 1.6747437
-9.560715 -2.5913544 1.4985962
-9.639267 -2.8055878 1.0772705
-10.179611 -3.0222015 0.9558716
-9.993942 -3.1507416 1.1986694
-9.639267 -2.6318207 1.1772461
-9.282211 -1.9177094 1.0701294
-9.120346 -1.7820282 1.1201172
-9.203659 -2.0224457 0.9772949
-9.351242 -2.5270844 0.7059326
-9.489304 -2.8103485 0.9772949
-9.501205 -2.9960175 1.0772705
-9.508347 -3.1459808 1.0748901
-9.496445 -3.1555023 1.2248535
-9.539291 -3.1197968 1.2296143
-9.653549 -2.9579315 1.0653687
-9.836838 -2.7794037 0.91064453
-9.836838 -2.8365326 0.8892212
-9.8606415 -3.0102997 1.0582275
-9.843979 -3.3792572 1.1439209
-9.824936 -3.800583 1.3771973
-9.727341 -3.9410248 1.4747925
-9.717819 -3.7529755 1.4771729
-9.72496 -3.4197235 1.4176636
-9.672592 -3.0650482 1.253418
-9.572617 -2.9817352 1.2010498
-9.601181 -3.0269623 1.279602
-9.617844 -3.0341034 1.1748657
-9.705917 -3.0912323 1.151062
-9.713058 -3.1221771 1.2629395
-9.677353 -3.024582 1.3153076
-9.59166 -2.7436981 1.2557983
-9.436935 -2.531845 1.1724854
-9.425034 -2.4461517 1.336731
-9.410751 -2.569931 1.6795044
-9.384567 -2.865097 1.7532959
-9.436935 -3.3221283 1.9104004
-9.453598 -3.2745209 2.3674316
-9.396469 -3.191208 2.4888306
-9.510727 -2.8055878 2.6292725
-9.836838 -2.3675995 2.67688
-9.843979 -2.3628387 2.5792847
-10.151047 -2.6627655 2.3269653
-10.23436 -3.0269623 2.0698853
-10.089157 -3.4816132 2.1484375
-9.948715 -3.5744476 2.453125
-9.879684 -3.4316254 2.479309
-9.896347 -3.3792572 2.472168
-9.972519 -3.7148895 2.4650269
-10.051071 -4.179062 2.2817383
-10.020126 -4.636093 2.1270142
-9.8415985 -5.0859833 2.0960693
-9.774948 -5.64299 1.9818115
-9.813034 -6.0905 1.9865723
-9.774948 -6.1595306 2.1603394
-9.772568 -6.2238007 2.0508423
-9.601181 -6.28331 1.6414185
-9.422653 -6.2928314 1.3272095
-9.227463 -6.418991 1.0606079
-9.227463 -6.9212494 0.70355225
-9.322678 -7.6210785 0.6273804
-9.65593 -8.006699 1.2938843
-9.967758 -7.792465 1.3272095
-10.003464 -7.361618 1.0177612
-9.798752 -6.8903046 1.0344238
-9.441696 -6.3261566 0.6678467
-9.029892 -6.066696 0.38220215
-8.744247 -6.207138 0.6583252
-8.765671 -6.3571014 0.3774414
-8.69902 -6.745102 -0.36761475
-8.451462 -7.097397 -0.93652344
-8.18486 -7.221176 -0.760376
-8.015854 -6.7498627 -0.42236328
-7.739731 -6.0619354 -0.38427734
-7.4088593 -6.066696 -0.94366455
-7.0184784 -6.821274 -1.3173828
-6.599533 -7.430649 -1.9243774
-6.335312 -7.6329803 -2.1433716
-6.149643 -7.540146 -2.2790527
-6.013962 -7.233078 -2.4337769
-6.0234833 -6.9736176 -2.395691
-5.9544525 -6.930771 -1.8291626
-6.25914 -6.9212494 -1.4078369
-5.9401703 -7.302109 -1.8363037
-5.42601 -7.644882 -2.7384644
-5.142746 -8.051926 -3.3311768
-5.014206 -7.7543793 -3.4382935
-5.1832123 -7.366379 -3.364502
-5.445053 -6.885544 -3.3883057
-5.540268 -6.6903534 -3.3097534
-5.5450287 -6.99028 -3.1383667
-5.452194 -7.411606 -3.466858
-5.3331757 -7.771042 -3.300232
-5.316513 -7.816269 -3.3859253
-5.252243 -7.637741 -3.557312
-5.2236786 -7.5520477 -3.6549072
-5.471237 -7.6329803 -3.7144165
-5.6711884 -7.816269 -3.7667847
-5.6711884 -8.161423 -3.9238892
-5.5117035 -8.411362 -4.064331
-5.1713104 -8.558945 -3.6549072
-5.187973 -7.8829193 -3.0288696
-5.1974945 -5.288315 -4.745117
-5.0570526 -5.4597015 -4.283325
-5.3522186 -6.0119476 -4.2261963
-5.9235077 -6.2547455 -4.200012
-6.425766 -6.559433 -3.4644775
-6.6161957 -7.6520233 -3.012207
-6.3662567 -8.651779 -1.831543
-6.00206 -8.113815 -0.8984375
-5.571213 -6.7689056 0.14654541
-5.0189667 -5.802475 0.80352783
-4.604782 -5.4930267 1.5128784
-4.5762177 -5.4216156 1.9223022
-5.135605 -6.1714325 2.5411987
-5.347458 -6.302353 0.78686523
-6.080612 -7.187851 -0.0010375977
-7.7492523 -8.185226 -0.07244873
-8.908493 -9.334946 -0.9008179
-8.6228485 -10.820297 -0.91033936
-6.554306 -12.288986 -0.15576172
-4.276291 -12.224716 0.9772949
-3.0718231 -11.358261 2.4507446
-2.9504242 -10.534653 3.505249
-3.8906708 -9.323044 2.5221558
-5.116562 -8.368515 1.9104004
-5.880661 -8.970749 1.2724609
-5.535507 -9.74913 0.91064453
-4.790451 -9.468246 1.7104492
-4.185837 -8.937424 1.7770996
-4.192978 -8.539902 1.7294922
-4.968979 -9.5967865 1.2677002
-5.3593597 -11.298752 1.0058594
-5.468857 -11.54631 1.3533936
-5.5069427 -9.999069 1.484314
-5.599777 -8.85173 1.8984985
-5.55455 -7.861496 1.9532471
-5.187973 -7.349716 2.3103027
-4.842819 -6.8522186 2.9030151
-4.7690277 -7.035507 3.1862793
-4.8047333 -7.816269 2.5769043
-5.009445 -8.889816 2.2103271
-5.090378 -9.337326 2.0794067
-5.16893 -9.037399 2.5126343
-5.090378 -7.792465 2.7768555
-5.1594086 -7.2949677 3.8075562
-5.154648 -6.854599 4.0027466
-5.2022552 -7.3711395 4.069397
-5.3760223 -7.7305756 4.4835815
-5.5450287 -8.3780365 4.5668945
-5.699753 -8.811264 4.526428
-5.6926117 -8.806503 3.857544
-5.514084 -8.070969 4.3288574
-5.285568 -7.680588 4.5478516
-5.2498627 -7.2235565 5.1762695
-5.6259613 -7.387802 5.235779
-6.080612 -7.021225 5.8737183
-6.4091034 -7.035507 5.7904053
-6.587631 -6.714157 6.0879517
-6.1591644 -6.906967 5.8760986
-5.437912 -6.8950653 5.4833374
-4.9546967 -7.6472626 4.319336
-4.907089 -9.2825775 3.498108
-5.6473846 -10.249008 4.081299
-6.625717 -9.163559 5.121521
-7.054184 -7.0688324 5.4904785
-6.675705 -5.8619843 5.4952393
-5.7878265 -5.6334686 5.0334473
-5.1022797 -6.1666718 4.4264526
-4.983261 -6.718918 3.9718018
-5.335556 -7.2306976 3.5576172
-5.949692 -7.623459 3.4933472
-6.4233856 -7.625839 3.857544
-6.611435 -7.1021576 4.352661
-6.3519745 -6.509445 4.9715576
-6.161545 -6.173813 5.3476563
-6.1996307 -6.290451 5.530945
-6.4233856 -6.2809296 5.4190674
-6.6780853 -6.835556 4.5978394
-6.6352386 -7.804367 4.1122437
-6.6209564 -8.597031 3.8932495
-6.694748 -8.032883 4.319336
-6.868515 -7.0117035 4.9001465
-6.520981 -5.609665 5.678528
-6.163925 -5.2169037 6.4069214
-5.906845 -5.2169037 6.0998535
-6.2377167 -5.5739594 5.718994
-6.7114105 -6.071457 5.154846
-6.830429 -6.495163 4.478821
-6.6471405 -6.8712616 3.8884888
-6.361496 -6.8903046 4.043213
-6.144882 -6.5951385 4.243164
-6.187729 -5.783432 4.633545
-6.2615204 -5.3383026 5.454773
-6.251999 -4.962204 5.5999756
-6.3472137 -4.724167 5.4761963
-6.6780853 -4.705124 5.6499634
-6.7185516 -4.6956024 5.7737427
-6.587631 -5.352585 5.359558
-6.470993 -6.3713837 4.674011
-6.6090546 -6.968857 4.2526855
-6.8518524 -6.9355316 4.819214
-7.0946503 -6.2357025 5.9332275
-7.170822 -5.1454926 6.597351
-7.1660614 -4.7598724 6.899658
-7.113693 -4.833664 6.6306763
-6.997055 -4.9264984 5.8356323
-6.778061 -5.457321 5.3547974
-6.4495697 -6.142868 4.6359253
-6.3591156 -6.578476 4.6002197
-6.5305023 -6.1857147 4.9001465
-6.670944 -5.4835052 5.5547485
-6.5186005 -4.6384735 6.007019
-6.221054 -4.1266937 6.0736694
-6.104416 -4.450424 6.706848
-6.244858 -4.583725 6.3497925
-6.566208 -4.7670135 5.738037
-6.7875824 -5.3644867 5.321472
-6.7947235 -6.2737885 4.723999
-6.701889 -6.5380096 4.5811768
-6.587631 -5.8500824 4.6430664
-6.3662567 -5.0669403 5.314331
-6.187729 -4.8170013 6.3188477
-6.1924896 -4.5861053 6.6759033
-6.335312 -4.667038 6.3878784
-6.618576 -4.8193817 5.928467
-6.611435 -4.8741302 6.1069946
-6.4543304 -5.102646 6.2736206
-6.3376923 -5.1978607 5.94751
-6.25914 -5.238327 5.7975464
-6.380539 -5.412094 5.807068
-6.6138153 -5.533493 5.6690063
-6.906601 -5.9286346 5.5880737
-7.1541595 -6.1214447 5.699951
-7.5064545 -5.6144257 5.9665527
-7.5373993 -4.916977 6.3688354
-7.151779 -4.80986 6.083191
-6.5114594 -5.2097626 6.0284424
-6.059189 -5.738205 6.5878296
-6.061569 -5.481125 7.116272
-6.356735 -5.0359955 7.316223
-6.540024 -4.9264984 6.987732
-6.535263 -4.7551117 6.7544556
-6.587631 -4.6503754 6.5473633
-6.520981 -4.628952 6.302185
-6.3257904 -4.3932953 5.9403687
-6.1067963 -4.578964 6.0308228
-6.1282196 -4.6051483 6.0474854
-6.6161957 -4.762253 5.6713867
-7.2446136 -4.890793 5.2714844
-7.4755096 -4.916977 4.7335205
-7.266037 -4.9788666 4.3479004
-6.906601 -5.0812225 4.647827
-6.7447357 -4.8241425 5.366699
-6.9042206 -4.402817 5.745178
-7.118454 -4.538498 5.488098
-7.15654 -5.135971 5.3881226
-7.020859 -5.4644623 5.538086
-6.9470673 -5.2978363 6.033203
-7.035141 -4.9145966 6.6949463
-7.0137177 -4.409958 6.7973022
-7.0637054 -4.4194794 6.5949707
-7.1851044 -4.7670135 6.2736206
-7.3469696 -5.090744 5.716614
-7.5445404 -5.1907196 4.9572754
-7.47789 -5.083603 4.807312
-7.318405 -4.852707 5.2143555
-6.9946747 -4.764633 5.2333984
-6.8328094 -4.6265717 5.6832886
-6.970871 -4.6241913 5.864197
-7.246994 -4.1385956 6.52594
-7.4802704 -3.5934906 6.585449
-7.485031 -4.0029144 6.1427
-7.444565 -4.61467 5.9403687
-7.296982 -4.7551117 5.852295
-7.1803436 -4.7217865 5.7975464
-6.978012 -4.6456146 5.461914
-6.830429 -4.243332 5.173889
-7.09227 -3.7363129 5.166748
-7.0446625 -3.800583 5.2214966
-6.792343 -4.064804 5.2595825
-6.6542816 -4.5551605 5.281006
-6.8209076 -4.4599457 5.711853
-6.9161224 -4.255234 5.864197
-6.9494476 -4.269516 5.9641724
-6.951828 -4.443283 5.8689575
-7.0399017 -4.514694 5.5
-7.0946503 -4.4718475 5.2262573
-7.182724 -4.6837006 5.276245
-7.0589447 -4.7336884 5.340515
-6.9423065 -4.80748 5.609497
-7.068466 -4.9145966 6.07843
-7.189865 -4.738449 6.211731
-7.2684174 -4.636093 6.2022095
-7.1993866 -4.5813446 6.2331543
-7.073227 -4.6956024 5.8999023
-7.0184784 -4.8431854 5.814209
-7.111313 -4.8360443 5.488098
-7.1351166 -5.1526337 5.3048096
-7.1732025 -5.3002167 5.281006
-7.118454 -5.231186 5.492859
-6.9494476 -4.8550873 5.7475586
-6.83519 -4.6527557 6.2355347
-6.818527 -4.4980316 6.411682
-7.0779877 -4.7336884 6.4212036
-7.3541107 -5.1645355 6.0427246
-7.3326874 -4.974106 5.62854
-7.0375214 -4.705124 5.4404907
-6.7233124 -4.55278 5.538086
-6.349594 -4.2100067 5.5666504
-6.475754 -4.2647552 6.14032
-6.6590424 -3.9886322 6.6973267
-6.759018 -3.955307 6.6949463
-6.880417 -4.417099 6.7592163
-7.001816 -4.5051727 6.552124
-7.0446625 -4.2861786 6.325989
-6.701889 -4.076706 6.154602
-6.330551 -4.129074 5.987976
-6.3662567 -4.4337616 6.0355835
-6.5971527 -4.7217865 6.3950195
-6.7185516 -4.655136 6.6949463
-6.51622 -4.1504974 7.0043945
-6.3662567 -4.019577 7.2543335
-6.247238 -4.2861786 6.980591
-6.51622 -4.578964 6.4783325
-6.8328094 -4.74559 6.6306763
-6.7994843 -4.61467 6.7092285
-6.5971527 -4.621811 6.616394
-6.5138397 -4.750351 6.6901855
-6.4924164 -4.4908905 6.65448
-6.504318 -4.455185 6.949646
-6.335312 -4.367111 6.9282227
-6.2734222 -4.5932465 6.7973022
-6.3710175 -4.7075043 6.52594
-6.4233856 -4.674179 6.4283447
-6.335312 -4.738449 6.4069214
-6.2639008 -5.078842 6.7996826
-6.25914 -4.886032 6.8639526
-6.3781586 -4.6884613 7.025818
-6.4305267 -4.602768 7.0877075
-6.3519745 -4.519455 7.1567383
-6.1591644 -4.302841 6.8115845
-6.0639496 -4.4980316 6.604492
-6.2305756 -4.8836517 6.692566
-6.316269 -5.0050507 6.852051
-6.394821 -4.750351 7.0305786
-6.2877045 -4.538498 7.154358
-6.2734222 -4.431381 6.9972534
-6.187729 -4.481369 7.0353394
-6.1282196 -4.436142 6.7996826
-6.059189 -4.455185 6.673523
-5.9615936 -4.686081 6.6306763
-5.9996796 -4.757492 6.5473633
-6.125839 -4.783676 6.4854736
-6.137741 -4.5861053 6.5949707
-5.9853973 -4.4766083 6.711609
-5.971115 -4.5361176 6.816345
-5.9877777 -4.6717987 7.021057
-5.978256 -4.74321 7.2733765
-6.0829926 -4.7146454 7.4281006
-6.1353607 -4.667038 7.2233887
-6.2043915 -5.0169525 7.1329346
-6.354355 -5.32164 6.7663574
-6.4876556 -5.0478973 6.1141357
-6.2615204 -4.640854 5.576172
-5.6069183 -4.821762 5.968933
-5.0808563 -5.3454437 7.1067505
-5.173691 -5.4597015 7.7803955
-5.854477 -5.2145233 7.8970337
-6.290085 -4.74321 7.649475
-6.1282196 -4.3171234 6.982971
-5.949692 -4.3361664 6.7425537
-5.8140106 -4.3052216 6.454529
-5.7997284 -4.340927 6.4473877
-5.6854706 -4.5051727 6.5664063
-5.6473846 -4.74559 6.7663574
-5.8187714 -4.802719 6.8377686
-5.887802 -4.7717743 6.980591
-5.802109 -4.647995 6.897278
-5.61882 -4.6575165 6.585449
-5.5426483 -4.719406 6.6592407
-5.4141083 -4.4123383 6.578308
-5.309372 -4.4075775 6.854431
-5.3498383 -4.4956512 7.0162964
-5.5759735 -4.583725 7.0686646
-5.7759247 -4.6003876 6.9401245
-5.828293 -4.595627 6.756836
-5.752121 -4.7265472 6.6259155
-5.604538 -5.0883636 6.706848
-5.61882 -5.431137 6.604492
-5.740219 -5.3192596 6.8377686
-5.816391 -4.974106 7.2043457
-5.7306976 -4.74321 7.397156
-5.61644 -4.7217865 7.4852295
-5.7164154 -4.80986 7.392395
-5.9092255 -4.7931976 7.2019653
-5.854477 -4.864609 7.025818
-5.6735687 -5.019333 6.768738
-5.573593 -5.155014 6.8306274
-5.516464 -5.140732 7.021057
-5.4736176 -4.8574677 7.147217
-5.5307465 -4.7170258 7.3757324
-5.585495 -4.7075043 7.4780884
-5.6450043 -4.662277 7.147217
-5.7045135 -4.8622284 7.0758057
-5.635483 -4.9336395 6.897278
-5.456955 -5.0669403 6.942505
-5.3903046 -5.1074066 6.942505
-5.535507 -5.078842 7.244812
-5.5902557 -4.802719 7.3447876
-5.535507 -4.7408295 7.2924194
-5.5426483 -4.8812714 7.2352905
-5.55455 -5.040756 7.23291
-5.6735687 -4.9217377 7.244812
-5.649765 -4.890793 7.161499
-5.675949 -4.9145966 6.994873
-5.5069427 -5.0240936 6.7615967
-5.5450287 -5.0931244 6.768738
-5.5259857 -5.052658 6.994873
-5.4974213 -4.9860077 7.2543335
-5.4474335 -4.697983 7.263855
-5.5117035 -4.712265 7.199585
-5.61644 -4.7146454 7.0877075
-5.611679 -4.7146454 6.961548
-5.4998016 -4.776535 6.854431
-5.5759735 -4.9598236 6.7473145
-5.6021576 -5.0312347 6.937744
-5.533127 -5.116928 7.1376953
-5.599777 -4.9979095 7.3376465
-5.6212006 -4.764633 7.3257446
-5.635483 -4.6503754 7.3709717
-5.6092987 -4.5242157 7.1638794
-5.5450287 -4.5861053 7.0186768
-5.3974457 -4.7265472 6.828247
-5.3760223 -4.962204 6.9520264
-5.4736176 -4.931259 7.0281982
-5.6521454 -4.8241425 7.111511
-5.6473846 -4.9026947 7.23053
-5.61644 -4.928879 7.2019653
-5.571213 -4.7717743 6.942505
-5.6092987 -4.7146454 7.2686157
-5.4926605 -4.4385223 7.1448364
-5.495041 -4.533737 7.411438
-5.5378876 -4.68132 7.4542847
-5.6473846 -4.6765594 7.111511
-5.80925 -4.500412 7.1210327
-5.61882 -4.409958 7.1210327
-5.4212494 -4.5242157 6.8615723
-5.392685 -4.724167 6.8449097
-5.4022064 -4.6456146 6.980591
-5.483139 -4.4528046 7.449524
-5.4998016 -4.0624237 7.4852295
-5.55455 -4.200485 7.513794
-5.5640717 -4.4147186 7.520935
-5.637863 -4.4385223 7.3566895
-5.6092987 -4.500412 7.328125
-5.5759735 -4.469467 7.2424316
-5.5236053 -4.5504 7.1972046
-5.521225 -4.5623016 7.4352417
-5.464096 -4.4599457 7.5185547
-5.4545746 -4.4456635 7.528076
-5.5236053 -4.3123627 7.61615
-5.535507 -4.0671844 7.5566406
-5.418869 -4.250473 7.463806
-5.404587 -4.4789886 7.244812
-5.5188446 -4.640854 7.282898
-5.623581 -4.5623016 7.444763
-5.5450287 -4.5361176 7.385254
-5.514084 -4.595627 7.437622
-5.4998016 -4.4075775 7.48761
-5.4783783 -4.171921 7.528076
-5.456955 -4.1124115 7.4090576
-5.4783783 -4.314743 7.2281494
-5.533127 -4.571823 7.23291
-5.547409 -4.6575165 7.173401
-5.6021576 -4.6694183 7.3519287
-5.5307465 -4.402817 7.4066772
-5.354599 -4.288559 7.3328857
-5.368881 -4.3885345 7.3757324
-5.4736176 -4.333786 7.48999
-5.483139 -4.321884 7.35907
-5.464096 -4.3361664 7.2352905
-5.430771 -4.326645 7.282898
-5.3831635 -4.429001 7.3114624
-5.464096 -4.4218597 7.1972046
-5.4593353 -4.429001 7.320984
-5.3831635 -4.448044 7.3638306
-5.342697 -4.371872 7.48999
-5.456955 -4.348068 7.656616
-5.4783783 -4.3052216 7.7304077
-5.5236053 -4.2933197 7.758972
-5.535507 -4.3242645 7.532837
-5.6021576 -4.6575165 7.4471436
-5.604538 -4.6265717 7.309082
-5.630722 -4.738449 7.3233643
-5.5878754 -4.5361176 7.404297
-5.4402924 -4.155258 7.3709717
-5.3331757 -4.0862274 7.6589966
Time Stop = 742
