Time Start = 719
-9.191757 -3.6529999 2.5531006
-8.337204 -3.3530731 2.6887817
-8.370529 -3.0840912 2.6126099
-9.127487 -3.3054657 2.2365112
-9.922531 -3.6458588 1.9556274
-10.151047 -3.679184 1.7342529
-9.879684 -3.71727 1.6676025
-9.358383 -3.71727 1.7628174
-8.932297 -3.7101288 1.9199219
-8.801376 -3.7077484 1.9127808
-8.998947 -3.6720428 2.0222778
-9.2322235 -3.538742 1.90802
-9.420273 -3.5149384 1.8651733
-9.40123 -3.4911346 1.8318481
-9.325058 -3.5220795 1.8675537
-9.270309 -3.6744232 1.9603882
-9.236984 -3.7267914 2.0865479
-9.248886 -3.698227 2.1436768
-9.203659 -3.705368 2.3936157
-9.253647 -3.852951 2.5150146
-9.33696 -4.136215 2.6030884
-9.477402 -4.3813934 3.19104
-9.648788 -4.557541 3.4624023
-9.665451 -4.352829 3.3981323
-9.7202 -4.398056 3.210083
-9.7202 -4.686081 3.1315308
-9.686874 -5.1454926 2.8482666
-9.567856 -5.797714 2.6483154
-9.572617 -6.5427704 2.5340576
-9.653549 -6.937912 2.7768555
-9.908249 -7.399704 3.2838745
-10.058212 -7.6067963 3.524292
-9.91539 -7.30925 3.0577393
-9.670212 -6.949814 2.850647
-9.320297 -6.8307953 2.4293213
-8.95372 -7.0902557 2.0651245
-8.646652 -7.6472626 2.0151367
-8.472885 -8.047165 1.8580322
-8.353867 -8.373276 1.6199951
-8.263412 -8.601791 1.1796265
-8.137253 -8.65654 0.8820801
-7.8992157 -8.27092 0.5988159
-7.701645 -7.804367 0.4607544
-7.458847 -7.5330048 0.07989502
-7.273178 -7.661545 0.0061035156
-7.066086 -7.911484 -0.30334473
-6.8827972 -8.14238 -0.5128174
-6.7423553 -8.125717 -0.5913696
-6.6138153 -7.849594 -0.95080566
-6.540024 -7.5639496 -1.4459229
-6.392441 -7.540146 -1.6434937
-6.292465 -7.5187225 -1.4911499
-6.111557 -7.2616425 -1.7720337
-5.8401947 -7.2806854 -1.960083
-5.578354 -7.6472626 -1.4721069
-5.368881 -7.592514 -1.3673706
-5.3569794 -7.283066 -1.6887207
-5.373642 -6.873642 -1.7149048
-5.252243 -6.430893 -2.3266602
-5.0689545 -6.442795 -2.947937
-4.892807 -6.9617157 -2.736084
-4.757126 -7.497299 -2.338562
-4.8951874 -7.349716 -1.9291382
-5.026108 -7.161667 -1.8482056
-5.0689545 -6.9355316 -1.9672241
-4.938034 -6.490402 -2.414734
-4.9475555 -6.211899 -2.909851
-5.033249 -6.214279 -3.5073242
-5.195114 -6.6974945 -3.916748
-5.387924 -7.6972504 -4.200012
-5.309372 -7.547287 -3.8477173
-5.5117035 -6.6832123 -4.102417
-5.475998 -6.6784515 -3.2073975
-5.36174 -6.971237 -3.3954468
-5.195114 -7.732956 -2.800354
-5.4093475 -6.892685 -3.6192017
-5.1213226 -7.085495 -3.5049438
-4.628586 -7.1711884 -3.7453613
-4.3953094 -7.9995575 -3.7572632
-4.450058 -8.72319 -3.6263428
-4.6381073 -9.225449 -3.500183
-4.5571747 -9.403976 -3.7572632
-4.65477 -8.965988 -3.8310547
-4.983261 -8.447067 -3.4597168
-5.335556 -7.675827 -2.531372
-5.187973 -7.033127 -1.9648438
-5.033249 -7.4354095 -0.84368896
-4.8904266 -8.068588 -0.4628296
-4.6833344 -8.361374 -1.5458984
-4.9665985 -9.953842 -1.7958374
-4.6857147 -10.115707 -3.1074219
-5.0760956 -9.863388 -3.9905396
-5.7759247 -8.861252 -2.8360596
-6.392441 -7.4020844 -2.3290405
-5.8068695 -7.56633 -1.8101196
-4.9665985 -7.809128 -0.6675415
-5.0641937 -8.292343 0.36791992
-5.6259613 -8.244736 0.9630127
-6.2567596 -9.151657 0.86779785
-6.3781586 -9.980026 0.7749634
-6.078232 -9.894333 0.5107422
-5.547409 -9.342087 0.7321167
-4.8499603 -9.258774 1.2391357
-4.578598 -9.146896 0.90112305
-4.8832855 -9.625351 1.0629883
-5.021347 -9.603928 1.0844116
-4.8118744 -9.525375 0.78686523
-4.7737885 -8.59465 0.6821289
-5.1022797 -8.7565155 1.041565
-5.0451508 -9.158798 1.1724854
-4.899948 -9.2825775 1.1820068
-4.711899 -9.258774 1.0725098
-4.7809296 -9.677719 0.8963623
-4.8332977 -10.125229 0.6107178
-4.8142548 -10.146652 0.4107666
-4.797592 -9.81102 0.3203125
-4.7476044 -9.570602 0.5036011
-4.669052 -9.413498 0.47027588
-4.5690765 -9.261154 0.22509766
-4.597641 -9.473007 0.13702393
-4.52623 -9.465866 0.025146484
-4.495285 -9.401596 0.11798096
-4.5547943 -9.199265 0.25604248
-4.5381317 -9.113571 0.21795654
-4.5928802 -9.358749 0.19177246
-4.71904 -9.865768 0.2869873
-4.9166107 -9.953842 0.52264404
-5.007065 -9.756271 0.5583496
-5.10466 -9.511093 0.58929443
-5.085617 -9.349228 0.40838623
-4.968979 -9.370651 0.29888916
-4.861862 -9.334946 0.44885254
-4.711899 -9.294479 0.53692627
-4.9142303 -9.392075 0.45599365
-4.964218 -9.325424 0.541687
-4.9213715 -9.087387 0.52264404
-4.899948 -9.018356 0.67736816
-4.9737396 -8.868393 0.77020264
-4.9356537 -8.732712 0.5821533
-4.942795 -8.585129 0.36315918
-5.0046844 -9.011215 0.48693848
-4.9546967 -9.023117 0.8868408
-5.090378 -9.058823 0.92492676
-5.406967 -9.196884 1.2129517
-5.790207 -9.256393 1.4295654
-5.8973236 -9.384933 1.8151855
-5.6283417 -9.468246 1.612854
-5.328415 -9.470627 1.5128784
-5.3188934 -9.473007 1.5081177
-5.4879 -9.484909 1.4819336
-5.7306976 -9.351608 1.5128784
-5.8759003 -9.018356 1.6009521
-5.8520966 -8.65892 1.798523
-5.718796 -8.263779 1.8913574
-5.6473846 -8.006699 2.0270386
-5.7045135 -8.049545 2.067505
-5.7283173 -8.159042 1.991333
-5.6640472 -8.425644 1.824707
-5.661667 -8.689865 1.7318726
-5.6902313 -8.823166 1.6152344
-5.733078 -8.856491 1.5343018
-5.8901825 -8.685104 1.5390625
-5.9853973 -8.518478 1.6033325
-6.0710907 -8.306625 1.8604126
-6.06633 -8.259018 2.0651245
-5.9925385 -8.306625 2.0532227
-5.9401703 -8.468491 1.9889526
-5.906845 -8.5256195 1.8651733
-5.925888 -8.380417 1.7580566
-6.0496674 -8.275681 1.8604126
-6.1163177 -8.139999 1.8913574
-6.1401215 -8.087631 1.991333
-6.0068207 -8.075729 2.2174683
-5.7925873 -7.88768 2.2246094
-5.6735687 -7.835312 2.1793823
-5.7116547 -7.7305756 2.0960693
-5.8211517 -7.5710907 1.8151855
-5.971115 -7.452072 1.6533203
-5.9211273 -7.368759 1.567627
-5.7735443 -7.433029 1.9318237
-5.4974213 -7.5520477 2.2174683
-5.3903046 -7.7186737 2.3769531
-5.4617157 -7.8400726 2.6316528
-5.797348 -8.125717 3.0101318
-6.1782074 -8.411362 2.8530273
-6.2686615 -8.680344 2.453125
-6.4495697 -9.154037 1.6295166
-6.3591156 -9.637253 2.067505
-6.225815 -9.4254 2.3341064
-5.9877777 -8.830307 2.574524
-5.9473114 -8.242355 3.0125122
-6.1663055 -7.7758026 3.3886108
-6.3900604 -7.8138885 3.4124146
-6.411484 -8.049545 3.069641
-6.1734467 -8.199509 2.767334
-6.013962 -8.344711 2.7792358
-5.9401703 -8.478012 2.7149658
-5.930649 -8.470871 2.6126099
-6.0187225 -8.577988 2.4769287
-6.0425262 -8.566086 2.3936157
-6.221054 -8.611313 2.445984
-6.4495697 -8.687485 2.5650024
-6.6352386 -8.818405 2.5697632
-6.7114105 -8.535141 2.684021
-6.4686127 -8.028122 2.6983032
-6.144882 -7.5639496 2.5340576
-5.9044647 -7.5687103 2.6435547
-5.8187714 -7.88768 2.5388184
-5.828293 -8.028122 2.312683
-5.7997284 -8.104294 2.2317505
-5.7497406 -7.854355 1.9889526
-5.668808 -7.475876 1.8080444
-5.6473846 -7.0878754 1.760437
-5.740219 -6.983139 1.8104248
-5.9544525 -7.214035 2.0579834
-6.175827 -7.5948944 2.1246338
-6.3400726 -7.835312 2.1246338
-6.4543304 -7.9043427 2.4436035
-6.440048 -7.811508 2.5197754
-6.478134 -7.5068207 2.5721436
-6.587631 -7.540146 2.7387695
-6.520981 -7.792465 2.7601929
-6.406723 -8.1471405 2.593567
-6.342453 -8.389938 2.4388428
-6.373398 -8.301865 2.5269165
-6.4352875 -7.9852753 2.324585
-6.5066986 -7.687729 2.460266
-6.5971527 -7.561569 2.6364136
-6.604294 -7.5425262 2.9053955
-6.5447845 -7.5306244 2.895874
-6.4614716 -7.649643 2.8458862
-6.528122 -7.7377167 3.0577393
-6.5757294 -7.6329803 2.979187
-6.5138397 -7.387802 2.9768066
-6.625717 -7.1783295 3.0648804
-6.732834 -7.156906 3.0125122
-6.6280975 -7.1664276 3.0006104
-6.5781097 -7.1664276 3.005371
-6.4852753 -6.854599 3.3719482
-6.509079 -6.3642426 3.6837769
-6.694748 -5.6263275 3.883728
-7.073227 -5.314499 4.205078
-7.323166 -5.733444 4.576416
-7.337448 -6.3951874 4.062256
-7.266037 -8.363754 2.5578613
-6.818527 -10.670334 1.9746704
-6.4091034 -11.215439 2.3817139
-5.866379 -10.00145 2.138916
-5.3950653 -9.065964 2.1889038
-5.2950897 -8.33519 2.138916
-5.7425995 -8.2304535 1.927063
-6.3829193 -8.7827 1.9937134
-6.7733 -9.035019 2.4935913
-6.8661346 -8.08049 2.6411743
-6.7423553 -6.7879486 2.6126099
-6.437668 -6.2856903 3.2005615
-6.2353363 -6.321396 3.9741821
-6.228195 -6.230942 4.326477
-6.4947968 -6.7950897 4.588318
-6.759018 -7.5948944 3.7147217
-6.9946747 -7.682968 3.505249
-7.047043 -7.418747 3.543335
-6.778061 -6.842697 3.5361938
-6.4043427 -6.840317 3.5528564
-6.380539 -6.880783 3.562378
-6.6209564 -6.7284393 4.064636
-6.7875824 -6.8069916 4.1503296
-6.918503 -6.430893 5.2476807
-6.7804413 -6.3832855 5.7904053
-6.38768 -6.507065 5.254822
-6.175827 -6.7332 5.1762695
-6.3972015 -6.8307953 4.98822
-6.6090546 -7.559189 3.89563
-6.6423798 -8.182846 3.1934204
-6.675705 -8.213791 3.0386963
-6.9565887 -7.5234833 3.479065
-7.0898895 -6.5546722 4.2193604
-7.0518036 -5.950058 4.838257
-6.89946 -5.538254 5.3286133
-6.894699 -5.224045 5.3571777
-6.9732513 -4.9860077 5.7213745
-7.0303802 -5.0050507 6.0308228
-7.149399 -5.1835785 6.604492
-7.1613007 -5.071701 6.840149
-7.1208344 -4.9336395 6.7425537
-7.001816 -4.9979095 6.14032
-6.937546 -5.1954803 5.711853
-6.842331 -4.9193573 5.7261353
-6.751877 -4.6194305 5.7523193
-6.7613983 -4.2718964 6.1069946
-6.6614227 -4.2909393 6.52594
-6.7375946 -4.7717743 6.816345
-6.83519 -4.6456146 6.604492
-6.8780365 -4.557541 6.2521973
-6.849472 -4.1838226 5.6071167
-6.656662 -4.367111 5.4642944
-6.5376434 -4.3885345 5.3428955
-6.611435 -4.1005096 5.2929077
-6.932785 -3.8767548 5.6880493
-7.001816 -3.2197723 6.07843
-6.951828 -2.5865936 6.9853516
-6.6661835 -2.0652924 7.4019165
-6.4471893 -2.0200653 7.135315
-6.4091034 -1.8605804 7.335266
-6.4210052 -1.4868622 6.7925415
-6.38768 -1.4321136 6.4521484
-6.4947968 -1.2797699 6.621155
-6.778061 -1.1298065 7.2019653
-6.8399506 -0.6299286 7.42334
-6.670944 -0.025314331 7.573303
-6.509079 0.7387848 7.630432
-6.5971527 1.1862946 8.518311
-6.542404 0.80067444 8.354065
-6.5828705 0.14845276 7.5161743
-6.6780853 0.26509094 7.3376465
-6.5328827 0.39601135 7.4542847
-6.4662323 0.86494446 7.7542114
-6.285324 0.9125519 7.7542114
-6.425766 0.8459015 7.687561
-6.6161957 0.9125519 7.578064
-6.554306 0.7054596 7.751831
-6.330551 0.52931213 7.3233643
-6.2424774 -0.14909363 7.0686646
-6.5566864 -0.67515564 7.142456
-6.887558 -0.4728241 7.2614746
-6.7875824 -0.0015106201 7.706604
-6.413864 0.16273499 7.751831
-6.2686615 0.25794983 7.5614014
-6.3519745 0.055618286 7.4281006
-6.4924164 -0.13243103 6.7615967
-6.606674 -0.33714294 7.0686646
-6.6923676 -0.6108856 7.1591187
-6.7566376 -0.5799408 7.378113
-6.868515 -0.13005066 7.6828003
-6.5709686 0.010391235 7.7875366
-6.2424774 0.19844055 7.868469
-6.2305756 0.3341217 7.9398804
-6.4471893 0.32936096 7.7803955
-6.497177 0.079422 7.4733276
-6.4614716 -0.23478699 7.147217
-6.38768 -0.6442108 6.813965
-6.497177 -0.76560974 6.97583
-6.573349 -0.60136414 7.6256714
-6.618576 -0.2419281 7.892273
-6.3376923 -0.27049255 7.8303833
-6.247238 -0.1181488 7.501892
-6.3472137 -0.11576843 7.5614014
-6.4233856 0.08180237 7.5161743
-6.38768 -0.099105835 7.4400024
-6.2996063 -0.13719177 7.2495728
-6.240097 -0.35856628 7.301941
-6.2043915 -0.48472595 7.5185547
-6.25914 -0.5204315 8.027954
-6.4281464 -0.64183044 8.5373535
-6.5900116 -0.7108612 8.375488
-6.6019135 -0.5370941 7.842285
-6.4543304 -0.29429626 7.539978
-6.2758026 -0.049118042 7.5042725
-6.06633 -0.26335144 7.4161987
-6.1282196 -0.30143738 7.320984
-6.221054 -0.33952332 7.2924194
-6.137741 -0.36808777 7.6209106
-6.1734467 -0.36332703 7.8970337
-6.1901093 -0.4490204 7.9732056
-6.2043915 -0.5704193 8.125549
-6.2829437 -0.4799652 7.8589478
-6.1710663 -0.6299286 7.2948
-6.163925 -0.8584442 7.225769
-6.2186737 -0.61564636 7.309082
-6.2543793 -0.6061249 7.6589966
-6.225815 -0.4799652 7.7946777
-6.187729 -0.55851746 7.8898926
-6.1972504 -0.7346649 8.075562
-6.290085 -0.79655457 8.2421875
-6.3186493 -0.69181824 8.035095
-6.2567596 -0.74894714 7.828003
-6.2162933 -0.60850525 7.8375244
-6.1710663 -0.63230896 7.918457
-6.2639008 -0.48472595 7.5637817
-6.1544037 -0.6680145 7.6470947
-6.1020355 -0.57518005 7.8565674
-6.142502 -0.63230896 8.016052
-6.2234344 -0.7132416 7.994629
-6.3591156 -0.58470154 8.039856
-6.2424774 -0.36332703 7.668518
-5.8901825 -0.5704193 7.468567
-5.861618 -0.7013397 7.654236
-6.0496674 -0.6108856 7.839905
-6.202011 -0.5704193 8.087463
-6.271042 -0.35380554 8.108887
-6.202011 -0.4323578 7.904175
-6.156784 -0.63468933 7.7042236
-6.209152 -0.48710632 7.6185303
-6.06633 -0.83940125 7.7161255
-5.978256 -0.93699646 7.847046
-6.0710907 -0.79893494 7.923218
-6.213913 -0.66563416 7.842285
-6.225815 -0.4728241 7.6447144
-6.1091766 -0.4633026 7.9779663
-6.1663055 -0.38237 8.082703
-6.221054 -0.3895111 7.68042
-6.2353363 -0.4894867 7.566162
-6.078232 -0.7132416 7.4852295
-6.021103 -0.8846283 7.2091064
-5.9425507 -1.1655121 7.673279
-6.118698 -0.99412537 8.349304
-6.3019867 -0.9560394 8.423096
-6.3972015 -0.7180023 8.273132
-6.2877045 -0.3561859 7.9589233
-6.0829926 -0.40379333 7.782776
-6.0425262 -0.59184265 7.482849
-6.3591156 -0.76322937 7.411438
-6.394821 -0.7275238 7.366211
-6.092514 -0.70610046 7.3757324
-5.9663544 -0.68229675 7.816101
-6.047287 -0.594223 8.123169
-6.228195 -0.5775604 8.061279
-6.2734222 -0.6799164 7.968445
-6.1282196 -0.7275238 7.8375244
-6.156784 -0.76560974 7.692322
-6.1472626 -0.67515564 7.623291
-6.099655 -0.6442108 7.661377
-6.0877533 -0.6632538 7.8065796
-6.1591644 -0.6108856 7.9993896
-6.247238 -0.67515564 8.016052
-6.2877045 -0.5537567 8.008911
-6.297226 -0.49186707 7.839905
-6.209152 -0.7465668 7.8065796
-6.0496674 -0.92033386 7.6375732
-6.016342 -0.9988861 7.539978
-6.0258636 -0.8608246 7.8375244
-6.0449066 -0.62516785 7.904175
-6.0044403 -0.67515564 7.713745
-6.104416 -0.63468933 7.7232666
-6.175827 -0.61564636 7.68042
-6.1139374 -0.88700867 7.770874
-6.099655 -0.8417816 7.904175
-6.1734467 -0.7441864 8.044617
-6.1329803 -0.8203583 8.156494
-6.1734467 -0.7465668 8.166016
-6.099655 -0.84654236 8.023193
-6.0829926 -0.8989105 7.9375
-6.054428 -0.89653015 7.6280518
-6.073471 -0.8822479 7.7042236
-6.0496674 -0.8036957 8.054138
-6.1067963 -0.8917694 8.070801
-6.1782074 -1.1417084 7.839905
-6.213913 -0.8274994 7.720886
-6.028244 -0.5775604 7.7803955
-5.771164 -0.7537079 8.00177
-5.7949677 -0.8536835 7.8827515
-6.118698 -0.844162 7.887512
-6.304367 -0.72514343 7.994629
-6.2186737 -0.7465668 7.911316
-6.0568085 -0.84654236 7.737549
-6.142502 -0.97984314 7.8065796
-6.080612 -1.1131439 7.7875366
-6.059189 -1.0655365 7.673279
-5.8759003 -1.036972 7.994629
-5.8259125 -0.7775116 8.149353
-5.956833 -0.6513519 8.13031
-6.1306 -0.63230896 7.868469
-6.1901093 -0.7013397 7.751831
-6.0306244 -0.75608826 7.801819
-5.9663544 -0.82987976 7.7732544
-5.949692 -0.97746277 7.623291
-6.0710907 -0.8084564 7.987488
-6.0710907 -0.6846771 8.06366
-6.0449066 -0.8917694 7.8256226
-6.0687103 -0.82273865 7.7661133
-6.0068207 -0.83940125 7.9375
-5.9877777 -0.9846039 7.8827515
-5.9877777 -0.9441376 7.8779907
-6.061569 -0.92271423 7.8184814
-6.1329803 -1.0012665 7.9993896
-6.1210785 -0.99412537 7.8970337
-6.1734467 -0.99650574 7.842285
-6.161545 -0.9417572 7.8779907
-6.080612 -0.8679657 8.089844
-6.00206 -0.8584442 8.056519
-6.0115814 -0.8417816 7.9398804
-5.994919 -0.92033386 8.075562
-5.9925385 -0.90605164 7.9327393
-6.0330048 -0.98698425 7.9589233
-6.123459 -0.94651794 7.8970337
-6.1329803 -0.7537079 7.797058
-6.047287 -0.7537079 7.7042236
-6.0258636 -0.8489227 7.782776
-6.021103 -0.8417816 7.970825
-6.0258636 -0.9417572 8.00177
-6.013962 -0.9417572 7.8970337
-6.0377655 -0.87034607 7.899414
-5.9877777 -1.0298309 7.8708496
-6.1067963 -1.0655365 7.861328
-6.168686 -1.0964813 7.9136963
-6.1591644 -1.0012665 8.073181
-6.097275 -0.86320496 7.956543
-5.9663544 -0.9441376 7.9017944
-5.9687347 -0.9655609 7.8518066
-6.0377655 -0.93699646 7.9422607
Time Stop = 724
