Time Start = 7206
-7.758774 -4.402817 3.7766113
-7.8278046 -4.4575653 3.7266235
-7.8849335 -4.3742523 3.7313843
-7.9825287 -4.3742523 3.7789917
-8.046799 -4.300461 3.7313843
-8.068222 -4.257614 3.7432861
-8.127731 -4.1909637 3.6599731
-8.122971 -4.1647797 3.6694946
-8.113449 -4.110031 3.6314087
-8.172958 -4.090988 3.531433
-8.149155 -4.03862 3.5100098
-8.115829 -3.9838715 3.479065
-8.103928 -3.97435 3.479065
-8.106308 -3.9505463 3.3695679
-8.108688 -4.012436 3.5195313
-8.1610565 -4.110031 3.717102
-8.320541 -4.2480927 3.729004
-8.413376 -4.307602 3.645691
-8.453842 -4.4599457 3.6742554
-8.453842 -4.545639 3.709961
-8.444321 -4.628952 3.7956543
-8.3919525 -4.783676 3.9956055
-8.434799 -4.9526825 4.212219
-8.513351 -5.143112 4.319336
-8.670456 -5.283554 4.4573975
-8.796616 -5.3882904 4.5930786
-8.894211 -5.4097137 4.716858
-8.979904 -5.685837 4.973938
-9.27269 -5.9405365 5.095337
-9.432175 -6.02861 4.9763184
-9.458359 -6.2690277 4.8573
-9.344101 -6.233322 4.890625
-9.372665 -5.9857635 4.9072876
-9.351242 -5.7929535 5.1643677
-9.417892 -5.6072845 5.647583
-9.346481 -5.32164 6.359314
-9.1679535 -5.0812225 6.942505
-8.818039 -4.93602 7.456665
-8.522873 -4.826523 7.7851563
-8.508591 -4.7146454 8.111267
-8.458603 -5.00029 8.744446
-8.384811 -5.623947 9.427612
-7.8730316 -6.5546722 10.110779
-6.868515 -7.6067963 10.6297
-6.0449066 -8.454208 10.924866
-5.5307465 -8.644638 10.482117
-4.392929 -8.632736 11.108154
-3.5169525 -8.573227 10.113159
-3.2336884 -8.213791 9.768005
-3.155136 -7.8972015 9.882263
-3.128952 -7.3259125 9.803711
-3.167038 -6.937912 9.7751465
-3.1717987 -6.699875 9.620422
-3.2146454 -6.5570526 9.551392
-3.340805 -6.442795 9.291931
-3.302719 -6.418991 8.749207
-3.2931976 -6.2095184 8.156494
-3.4074554 -5.9786224 7.5304565
-3.2194061 -5.4001923 6.802063
-3.1527557 -4.7598724 6.14032
-2.9766083 -4.533737 6.159363
-2.8885345 -4.23143 5.928467
-3.1527557 -3.9910126 5.7261353
-3.635971 -3.4768524 5.133423
-4.1406097 -3.2864227 4.652588
-4.347702 -3.024582 4.376465
-4.4786224 -2.339035 4.212219
-4.5571747 -1.5868378 4.1765137
-4.4072113 -1.0702972 4.164612
-4.4357758 -0.61564636 4.3812256
-4.745224 -0.122909546 4.3217163
-4.961838 -0.23478699 4.7335205
-5.290329 -0.3657074 4.9572754
-6.149643 -0.46806335 5.0620117
-7.130356 -0.49424744 5.0429688
-7.8968353 -0.48234558 5.2643433
-8.130112 -0.17289734 5.5547485
-8.099167 -0.19908142 6.2617188
-7.849228 -0.33000183 6.5164185
-7.784958 -0.41093445 6.65448
-7.568344 -0.69895935 6.821106
-7.3588715 -1.0226898 6.442627
-7.130356 -0.927475 5.814209
-7.0065765 -0.65849304 5.768982
-6.894699 -0.50138855 5.992737
-6.9542084 -0.27763367 6.4259644
-7.4160004 0.310318 6.756836
-8.972763 0.6554718 7.739929
-9.886826 0.8625641 9.249084
-7.9230194 1.0791779 9.203857
-5.578354 0.48646545 9.096741
-4.6143036 0.522171 9.125305
-4.181076 1.3743439 9.225281
-3.43602 1.6171417 9.67041
-2.6814423 1.1720123 10.013184
-2.3934174 0.9911041 10.334534
-2.724289 0.11512756 10.648743
-3.545517 -1.2083588 10.367859
-3.674057 -2.6770477 9.825134
-3.6050262 -3.7767792 9.698975
-4.309616 -3.2530975 10.156006
-4.2286835 -2.0795746 10.722534
-3.3884125 -1.620163 10.729675
-3.2146454 -0.91319275 10.50354
-3.2646332 0.31983948 10.122681
-3.2027435 1.1339264 9.637085
-3.1337128 1.2267609 9.241943
-3.102768 0.855423 9.365723
-3.0789642 0.45314026 9.275269
-3.1241913 0.12702942 9.406189
-3.2194061 0.057998657 9.339539
-3.193222 0.3007965 9.3776245
-3.0742035 0.0627594 9.679932
-2.9932709 -0.020553589 9.53949
-3.0289764 0.06990051 9.620422
-3.0051727 0.098464966 9.570435
-3.0599213 -0.056259155 9.577576
-3.0408783 -0.096725464 9.615662
-3.1765594 -0.06816101 9.672791
-3.3550873 0.1365509 9.656128
-3.2931976 0.43885803 9.698975
-3.2075043 0.7863922 9.587097
-3.1694183 1.022049 9.5442505
-3.2194061 1.1291656 9.620422
-3.205124 1.0077667 9.656128
-3.2598724 0.86494446 9.577576
-3.2408295 0.70069885 9.5442505
-3.3289032 0.4983673 9.73468
-3.405075 0.41267395 9.646606
-3.4764862 0.22938538 9.656128
-3.56456 0.26271057 9.501404
-3.5693207 0.38887024 9.237183
-3.571701 0.26271057 9.399048
-3.6788177 0.15083313 9.422852
-3.814499 0.24128723 9.382385
-3.931137 0.15559387 9.3776245
-3.9763641 0.18177795 9.244324
-4.0477753 0.24842834 9.244324
-4.097763 0.2603302 9.260986
-4.2215424 0.21748352 9.322876
-4.238205 0.04133606 9.380005
-4.359604 8.69751E-4 9.332397
-4.5905 0.10560608 9.391907
-4.564316 0.3507843 9.070557
-4.5690765 0.09132385 9.120544
-4.500046 0.25794983 8.70636
-4.419113 0.41981506 8.684937
-4.4333954 0.44361877 8.872986
-4.2739105 0.34126282 8.742065
-4.264389 0.16511536 8.57782
-4.878525 0.34840393 8.575439
-4.988022 0.12940979 8.5563965
-4.8142548 -0.42759705 8.394531
-4.802353 -0.71562195 8.423096
-4.816635 -0.72514343 8.332642
-4.790451 -0.64183044 8.223145
-4.771408 -0.6846771 8.375488
-4.764267 -0.7537079 8.318359
-4.8309174 -0.8774872 8.346924
-4.968979 -0.8846283 8.351685
-4.9785004 -0.9417572 8.570679
-4.949936 -0.9417572 8.737305
-4.8975677 -0.83940125 8.608765
-4.9285126 -0.7917938 8.753967
-4.9713593 -0.8036957 8.446899
-5.0832367 -0.9346161 8.227905
-5.090378 -0.9893646 8.104126
-5.137985 -1.0726776 7.925598
-5.2474823 -1.0917206 7.911316
-5.2165375 -1.1298065 8.00415
-5.2927094 -1.1607513 8.020813
-5.245102 -1.2964325 7.8970337
-5.16893 -1.5130463 8.089844
-4.9523163 -1.5344696 8.239807
-5.0499115 -1.2583466 8.375488
-5.2665253 -1.0869598 8.463562
-5.4426727 -1.1321869 8.339783
-5.816391 -1.4678192 7.8256226
-5.6711884 -2.1248016 8.039856
-5.5902557 -2.5746918 8.280273
-5.675949 -2.781784 8.508789
-5.790207 -2.8079681 8.996765
-5.5759735 -2.9698334 9.0896
-5.4783783 -2.865097 9.144348
-5.4355316 -2.7722626 8.922974
-5.3903046 -2.6032562 8.723022
-5.2617645 -2.3485565 8.573059
-5.237961 -2.1152802 8.332642
-5.1832123 -1.9224701 8.330261
-5.0570526 -1.8105927 8.439758
-4.8951874 -1.832016 8.411194
-4.835678 -1.9058075 8.244568
-4.8761444 -2.0272064 8.087463
-5.009445 -2.1628876 7.8946533
-5.123703 -2.2057343 7.7470703
-5.207016 -2.3723602 7.7280273
-5.173691 -2.5580292 7.7994385
-5.10466 -2.6675262 8.089844
-5.04039 -2.6103973 8.211243
-5.0618134 -2.5270844 8.056519
-5.2355804 -2.5556488 8.046997
-5.321274 -2.5842133 8.013672
-5.316513 -2.679428 7.899414
-5.264145 -2.5937347 7.8303833
-5.2117767 -2.6603851 7.8827515
-5.1641693 -2.6699066 7.949402
-5.135605 -2.7698822 8.089844
-5.0546722 -2.793686 8.318359
-5.0808563 -2.8746185 8.501648
-5.0760956 -2.986496 8.530212
-5.066574 -3.0721893 8.475464
-5.0118256 -3.2150116 8.413574
-4.8761444 -3.255478 8.313599
-4.733322 -3.1650238 8.218384
-4.6190643 -3.1364594 8.230286
-4.571457 -3.0388641 8.318359
-4.507187 -2.9983978 8.332642
-4.571457 -3.1459808 8.346924
-4.635727 -3.512558 8.358826
-4.7166595 -3.78154 8.318359
-4.8380585 -3.8053436 8.311218
-4.7690277 -3.8934174 8.470703
-4.628586 -4.0029144 8.568298
-4.514328 -4.0290985 8.511169
-4.5119476 -4.0029144 8.216003
-4.5905 -4.1957245 7.994629
-4.6333466 -4.3504486 7.8137207
-4.4738617 -4.352829 7.739929
-4.295334 -4.431381 8.032715
-4.2096405 -4.5504 8.225525
-4.1453705 -4.5670624 8.32074
-4.169174 -4.333786 8.370728
-4.321518 -4.3290253 8.827759
-4.4095917 -4.409958 8.925354
-4.3762665 -4.5742035 8.7682495
-4.3905487 -4.7075043 8.575439
-4.4095917 -4.7408295 8.12793
-4.2548676 -4.886032 7.6708984
-4.040634 -4.9598236 7.525696
-3.9025726 -4.993149 7.687561
-3.7335663 -4.7598724 7.866089
-3.8502045 -4.5599213 8.106506
-4.0287323 -4.48851 8.346924
-4.181076 -4.352829 8.313599
-4.264389 -4.5051727 8.394531
-4.116806 -4.5884857 8.463562
-4.002548 -4.609909 8.370728
-3.8621063 -4.590866 8.280273
-3.840683 -4.6575165 8.392151
-3.8811493 -4.5932465 8.377869
-3.9192352 -4.6003876 8.492126
-3.9549408 -4.564682 8.570679
-3.931137 -4.55278 8.701599
-3.9097137 -4.4647064 8.680176
-3.943039 -4.3694916 8.494507
-4.0168304 -4.3575897 8.358826
-4.1453705 -4.3433075 7.956543
-4.231064 -4.35997 7.661377
-4.283432 -4.3123627 7.6447144
-4.200119 -4.16716 7.6780396
-4.150131 -3.9505463 7.892273
-4.0930023 -3.9029388 8.299316
-4.0120697 -3.9124603 8.480225
-3.795456 -3.8838959 8.477844
-3.8121185 -3.8838959 8.375488
-3.9216156 -3.9338837 8.273132
-4.116806 -3.9410248 8.225525
-4.2215424 -3.9267426 8.270752
-4.2739105 -3.8577118 8.25647
-4.250107 -3.7410736 8.349304
-4.2858124 -3.6768036 8.463562
-4.264389 -3.557785 8.608765
-4.3072357 -3.6577606 8.613525
-4.3905487 -3.6696625 8.730164
-4.385788 -3.7410736 8.744446
-4.2024994 -3.814865 8.825378
-4.0739594 -3.7529755 8.875366
-4.1001434 -3.6696625 8.922974
-4.097763 -3.622055 8.977722
-4.169174 -3.512558 8.925354
-4.090622 -3.5077972 8.951538
-4.0049286 -3.512558 8.980103
-3.9549408 -3.5411224 8.882507
-3.9835052 -3.5292206 8.687317
-4.0882416 -3.467331 8.375488
-4.1715546 -3.3554535 8.296936
-4.1525116 -3.2673798 8.208862
-4.154892 -3.0531464 8.170776
-4.1191864 -2.876999 8.287415
-4.1572723 -2.7722626 8.282654
-4.276291 -2.6365814 8.251709
-4.354843 -2.486618 8.213623
-4.416733 -2.4889984 8.277893
-4.502426 -2.5104218 8.434998
-4.5952606 -2.5175629 8.420715
-4.6404877 -2.4913788 8.454041
-4.5952606 -2.5366058 8.461182
-4.5809784 -2.5223236 8.530212
-4.507187 -2.4889984 8.615906
-4.507187 -2.505661 8.765869
-4.483383 -2.5842133 8.658752
-4.566696 -2.6127777 8.604004
-4.5881195 -2.7246552 8.444519
-4.628586 -2.7222748 8.182678
-4.650009 -2.7151337 8.189819
-4.52861 -2.9269867 8.349304
-4.5190887 -2.910324 8.375488
-4.373886 -2.9317474 8.3255005
-4.3762665 -3.0102997 8.351685
-4.39769 -3.4244843 8.06366
-4.4072113 -3.9315033 7.911316
-4.507187 -4.379013 7.9779663
-4.564316 -4.788437 8.544495
-3.9025726 -4.9145966 8.922974
-4.354843 -4.7075043 8.784912
-4.7047577 -4.590866 8.922974
-4.2358246 -4.436142 8.696838
-3.7169037 -4.0624237 8.951538
-3.590744 -3.3411713 9.084839
-3.6764374 -2.793686 9.106262
-3.7145233 -2.653244 9.115784
-3.6407318 -2.8436737 8.987244
-3.5550385 -3.153122 8.849182
-3.4836273 -3.20549 8.637329
-3.6050262 -3.153122 8.506409
-3.750229 -3.1578827 8.480225
-3.738327 -3.1888275 8.454041
-3.731186 -3.2388153 8.382629
-3.7906952 -3.422104 8.354065
-3.7906952 -3.5792084 8.349304
-3.7740326 -3.667282 8.368347
-3.7430878 -3.8434296 8.413574
-3.731186 -3.898178 8.499268
-3.7716522 -3.8791351 8.4730835
-3.7478485 -3.8386688 8.596863
-3.6692963 -3.7743988 8.613525
-3.75737 -3.576828 8.558777
-4.052536 -3.5244598 8.880127
-3.88591 -3.5054169 8.865845
-3.731186 -3.6387177 8.8515625
-3.8073578 -3.7196503 8.756348
-3.897812 -3.7529755 8.853943
-3.8882904 -3.7029877 8.842041
-3.8240204 -3.595871 8.925354
-3.7407074 -3.6172943 9.1467285
-3.7240448 -3.6529999 9.018188
-3.7407074 -3.7029877 8.908691
-3.7240448 -3.7672577 8.90155
-3.6811981 -3.7006073 8.925354
-3.6716766 -3.7006073 8.975342
-3.6883392 -3.750595 8.89917
-3.6026459 -3.788681 8.856323
-3.5478973 -3.7101288 8.889648
-3.4645844 -3.538742 8.827759
-3.4336395 -3.384018 8.863464
-3.5121918 -3.3030853 8.799194
-3.5478973 -3.3602142 8.680176
-3.5621796 -3.4435272 8.573059
-3.6193085 -3.455429 8.396912
-3.6383514 -3.5101776 8.377869
-3.6859589 -3.5554047 8.396912
-3.6883392 -3.5006561 8.368347
-3.7145233 -3.512558 8.475464
-3.7478485 -3.4149628 8.44928
-3.7264252 -3.4173431 8.456421
-3.7692719 -3.4911346 8.563538
-3.8287811 -3.5268402 8.489746
-3.8930511 -3.6434784 8.534973
-3.8359222 -3.7553558 8.627808
-3.7787933 -3.762497 8.613525
-3.7240448 -3.679184 8.656372
-3.6835785 -3.5911102 8.756348
-3.5955048 -3.5435028 8.7682495
-3.5621796 -3.5363617 8.872986
-3.5407562 -3.493515 8.880127
-3.5169525 -3.4268646 8.920593
-3.4741058 -3.4006805 8.922974
-3.4550629 -3.3887787 9.022949
-3.4288788 -3.422104 8.980103
-3.4764862 -3.3483124 8.9991455
-3.5169525 -3.4601898 8.872986
-3.5502777 -3.403061 8.701599
-3.5574188 -3.410202 8.761108
-3.526474 -3.3792572 8.758728
-3.5859833 -3.2840424 8.663513
-3.5693207 -3.3435516 8.592102
-3.5859833 -3.3054657 8.601624
-3.5764618 -3.3054657 8.64447
-3.5574188 -3.3578339 8.737305
-3.5574188 -3.422104 8.711121
-3.5740814 -3.5268402 8.751587
-3.5859833 -3.467331 8.813477
-3.5217133 -3.5030365 8.918213
-3.4645844 -3.4792328 8.880127
-3.4598236 -3.4982758 8.925354
-3.4503021 -3.5863495 8.932495
-3.4407806 -3.6268158 8.815857
-3.4455414 -3.6577606 8.775391
-3.4717255 -3.7577362 8.761108
-3.4455414 -3.750595 8.8349
-3.378891 -3.686325 8.806335
-3.3479462 -3.6244354 8.906311
-3.3836517 -3.5458832 8.977722
-3.3503265 -3.5244598 8.939636
-3.4407806 -3.429245 8.89679
-3.4574432 -3.448288 8.8515625
-3.507431 -3.5030365 8.749207
-3.4955292 -3.5673065 8.663513
-3.4598236 -3.633957 8.715881
-3.4217377 -3.6934662 8.77301
-3.405075 -3.6839447 8.799194
-3.4074554 -3.6625214 8.868225
-3.4407806 -3.6006317 8.942017
-3.4003143 -3.5601654 9.006287
-3.4003143 -3.5458832 8.975342
-3.3836517 -3.486374 8.980103
-3.3717499 -3.455429 8.937256
-3.3836517 -3.4578094 8.977722
-3.3765106 -3.5173187 9.020569
-3.405075 -3.519699 8.937256
-3.4384003 -3.614914 8.865845
-3.4003143 -3.6101532 8.811096
-3.4669647 -3.6101532 8.822998
-3.4598236 -3.5458832 8.763489
-3.4288788 -3.5149384 8.792053
-3.43602 -3.4506683 8.789673
-3.4026947 -3.4530487 8.775391
-3.4288788 -3.448288 8.789673
-3.4193573 -3.4768524 8.846802
-3.397934 -3.4911346 8.89917
-3.4550629 -3.5268402 8.889648
-3.4026947 -3.531601 8.853943
-3.3646088 -3.5173187 8.89917
-3.302719 -3.4839935 8.958679
-3.3193817 -3.4244843 8.944397
-3.3074799 -3.3673553 9.046753
-3.4003143 -3.3602142 8.951538
-3.4312592 -3.4006805 8.887268
-3.4479218 -3.4958954 8.849182
-3.5169525 -3.569687 8.77301
-3.56456 -3.6315765 8.765869
-3.590744 -3.7148895 8.661133
-3.56456 -3.6315765 8.64209
-3.5788422 -3.6315765 8.701599
-3.5621796 -3.641098 8.70874
-3.583603 -3.557785 8.682556
-3.5407562 -3.5601654 8.627808
-3.5669403 -3.6529999 8.680176
-3.583603 -3.686325 8.625427
-3.5859833 -3.633957 8.596863
-3.56456 -3.614914 8.611145
-3.5145721 -3.569687 8.796814
-3.50029 -3.5482635 8.77301
-3.481247 -3.474472 8.872986
-3.5098114 -3.4697113 8.861084
-3.5050507 -3.4459076 8.849182
-3.5621796 -3.512558 8.803955
-3.6145477 -3.6053925 8.739685
-3.5574188 -3.603012 8.734924
-3.5574188 -3.6101532 8.720642
-3.5669403 -3.569687 8.737305
-3.5359955 -3.5863495 8.775391
-3.5693207 -3.5673065 8.746826
-3.5740814 -3.576828 8.799194
-3.6502533 -3.6244354 8.680176
-3.6026459 -3.686325 8.739685
-3.609787 -3.686325 8.634949
-3.5574188 -3.6315765 8.661133
-3.6026459 -3.6125336 8.732544
-3.6121674 -3.6268158 8.7039795
-3.609787 -3.595871 8.739685
-3.6216888 -3.5530243 8.739685
-3.6407318 -3.538742 8.758728
-3.6383514 -3.5530243 8.70874
-3.5764618 -3.6244354 8.746826
-3.5978851 -3.5792084 8.808716
-3.5431366 -3.5982513 8.853943
-3.519333 -3.5863495 8.842041
-3.5550385 -3.5673065 8.825378
-3.5693207 -3.583969 8.753967
-3.545517 -3.5934906 8.77301
-3.583603 -3.5435028 8.711121
-3.590744 -3.5292206 8.744446
-3.56456 -3.5220795 8.761108
-3.5693207 -3.4625702 8.8349
-3.5574188 -3.384018 8.775391
-3.56456 -3.493515 8.796814
-3.6240692 -3.4625702 8.694458
-3.5764618 -3.5363617 8.746826
-3.5788422 -3.5887299 8.711121
-3.6050262 -3.6077728 8.661133
-3.674057 -3.6720428 8.677795
-3.6645355 -3.6649017 8.677795
-3.5931244 -3.6101532 8.720642
-3.5693207 -3.5268402 8.818237
-3.5574188 -3.5054169 8.7682495
-3.583603 -3.5173187 8.884888
-3.6002655 -3.603012 8.884888
-3.655014 -3.686325 8.887268
-3.6621552 -3.7529755 8.763489
Time Stop = 7211
