Time Start = 1457234681
-8.963242 -3.929123 2.5673828
-9.517868 -3.5815887 2.6864014
-9.767807 -3.3554535 2.8268433
-9.717819 -3.2316742 2.953003
-9.341721 -3.3768768 2.9744263
-9.025131 -3.6077728 2.9125366
-8.860886 -3.769638 2.914917
-8.9561 -3.7267914 2.8982544
-9.129868 -3.5458832 2.8268433
-9.241745 -3.422104 2.8435059
-9.301254 -3.2983246 2.86969
-9.182236 -3.338791 2.888733
-9.08226 -3.3054657 2.9125366
-9.0203705 -3.2721405 2.888733
-9.08226 -3.3054657 2.9101563
-9.179855 -3.3221283 2.914917
-9.308395 -3.3887787 2.80542
-9.327438 -3.474472 2.7387695
-9.317917 -3.5054169 2.7649536
-9.189377 -3.5482635 2.6673584
-9.063217 -3.5077972 2.6673584
-8.994186 -3.4958954 2.7697144
-8.970383 -3.4078217 2.7982788
-8.95372 -3.486374 2.80542
-9.037033 -3.455429 2.876831
-9.110825 -3.4506683 2.8649292
-9.191757 -3.4911346 2.9006348
-9.179855 -3.5268402 2.850647
-9.198898 -3.5006561 2.8006592
-9.234604 -3.4197235 2.8078003
-9.172714 -3.3340302 2.774475
-9.113205 -3.3221283 2.7958984
-9.14415 -3.3364105 2.8030396
-9.094162 -3.2864227 2.8458862
-9.08226 -3.281662 2.8649292
-9.063217 -3.2340546 2.9172974
-9.089401 -3.2959442 2.8863525
-9.01561 -3.3483124 2.8863525
-8.941818 -3.3030853 2.7363892
-8.932297 -3.3887787 2.710205
-8.960861 -3.3768768 2.6435547
-9.003708 -3.3435516 2.6625977
-9.058456 -3.319748 2.6173706
-9.025131 -3.2507172 2.5792847
-8.996567 -3.2459564 2.5864258
-9.008469 -3.403061 2.8078003
-9.060837 -3.7482147 3.1362915
-9.284592 -4.1171722 3.2791138
-9.482162 -4.276657 3.0386963
-9.667831 -4.2718964 2.555481
-9.8415985 -4.262375 2.4578857
-9.822556 -4.371872 2.786377
-9.6940155 -4.590866 2.9958496
-9.555954 -5.0098114 3.4624023
-9.582138 -5.5477753 3.8051758
-9.753525 -6.2690277 4.0479736
-9.958237 -7.040268 4.231262
-10.091537 -7.554428 4.119385
-10.167709 -7.9233856 4.236023
-10.310532 -8.173325 4.390747
-10.281967 -8.620834 4.5359497
-10.272446 -9.101669 4.5526123
-10.248642 -9.339706 4.821594
-10.1082 -9.434921 4.773987
-9.870163 -9.49205 5.0167847
-9.539291 -9.444443 5.321472
-9.1489105 -9.027878 5.7142334
-8.646652 -8.478012 6.14032
-8.122971 -7.911484 6.5307007
-7.4921722 -7.2925873 7.0567627
-7.0446625 -6.873642 7.10437
-6.789963 -6.687973 7.1972046
-6.701889 -6.4594574 7.154358
-6.4019623 -6.5618134 6.8687134
-6.418625 -6.4927826 6.537842
-6.375778 -6.6022797 5.223877
-6.5638275 -7.0045624 4.0265503
-6.7613983 -7.206894 2.8458862
-6.559067 -7.5044403 3.12677
-6.606674 -7.5330048 3.0601196
-6.432907 -7.830551 3.338623
-6.251999 -7.925766 3.4885864
-6.137741 -7.7424774 3.300537
-5.952072 -7.452072 2.7530518
-5.766403 -7.399704 2.2888794
-5.68309 -7.3711395 2.267456
-5.5188446 -7.323532 2.1651
-5.3069916 -7.449692 2.1436768
-5.0570526 -7.4544525 2.4697876
-4.7428436 -7.0069427 2.8411255
-4.4357758 -6.4665985 3.2648315
-4.276291 -5.995285 3.5861816
-4.1453705 -5.431137 3.7456665
-4.0763397 -5.0859833 3.9979858
-4.0930023 -4.769394 4.21698
-4.052536 -4.659897 4.0408325
-3.9573212 -4.897934 3.9241943
-3.9644623 -5.1145477 3.9170532
-3.9597015 -4.828903 4.205078
-3.8335419 -3.864853 4.512146
-3.655014 -2.967453 4.645447
-3.7621307 -2.3485565 4.6168823
-4.135849 -2.4913788 4.954895
-4.78331 -3.4173431 5.2643433
-5.3379364 -4.909836 5.661865
-5.649765 -5.8834076 5.904663
-5.783066 -5.5358734 5.847534
-5.983017 -4.283798 5.69281
-6.330551 -2.8936615 5.257202
-6.7685394 -1.2012177 4.4121704
-7.3255463 0.5007477 3.671875
-7.9753876 1.426712 3.947998
-8.382431 1.4766998 4.40979
-8.275314 0.71736145 5.2453003
-8.199142 -0.4061737 6.6782837
-8.234848 -1.3440399 7.4471436
-8.344345 -1.8439178 7.6828003
-8.599045 -1.5677948 7.3519287
-8.687119 -1.203598 7.0805664
-8.522873 -1.1940765 6.6592407
-8.315781 -1.0393524 5.7546997
-8.325302 -0.7441864 4.5478516
-8.703781 -1.4178314 4.038452
-9.386948 -2.4770966 3.38385
-12.724228 -2.4199677 4.6882935
-14.490463 -1.094101 6.7592163
-11.550705 0.050857544 9.332397
-7.0446625 1.252945 11.972229
-4.7618866 1.4576569 11.779419
-3.9858856 -1.6273041 7.2495728
-9.153671 -5.226425 6.059387
-13.231247 -6.335678 6.7734985
-9.091782 -4.250473 8.653992
-6.016342 -1.8391571 9.620422
-5.573593 -1.9819794 9.084839
-5.9235077 -3.0650482 8.206482
-6.1591644 -3.1388397 7.3447876
-5.214157 -3.3625946 7.7542114
-5.180832 -3.6101532 8.877747
-7.2707977 -5.76915 8.484985
-4.4357758 -5.1931 9.763245
-4.500046 -2.8365326 9.384766
-4.7880707 -3.6125336 10.432129
-5.0356293 -3.3530731 10.793945
-4.938034 -1.9248505 10.584473
-5.1713104 -1.4559174 9.41571
-5.8711395 -1.5344696 7.340027
-6.4305267 -2.4104462 5.980835
-6.104416 -2.2319183 5.928467
-5.528366 -1.9534149 7.4661865
-5.1665497 -1.8153534 8.289795
-4.930893 -1.620163 9.101501
-4.5547943 -2.2604828 9.306213
-4.6785736 -2.3937836 9.487122
-4.9166107 -2.6413422 9.594238
-4.988022 -2.838913 9.791809
-4.714279 -2.2247772 9.737061
-4.6143036 -1.8724823 9.532349
-4.71904 -1.8820038 8.499268
-4.899948 -1.998642 8.413574
-4.8380585 -2.2271576 8.508789
-4.6214447 -2.8698578 8.70636
-4.295334 -3.0460052 9.194336
-4.2786713 -2.8698578 8.951538
-4.3358 -2.3104706 8.454041
-4.669052 -1.9319916 8.646851
-5.2284393 -1.8486786 8.994385
-5.1974945 -1.7963104 8.970581
-4.8761444 -1.6987152 8.670654
-4.816635 -2.081955 8.956299
-4.6262054 -2.0200653 8.765869
-4.673813 -2.2128754 8.623047
-5.071335 -2.762741 8.480225
-5.237961 -2.4889984 8.211243
-5.2332 -2.3795013 8.349304
-5.1451263 -2.2581024 8.649231
-4.802353 -1.3178558 8.427856
-4.961838 -2.0771942 7.987488
-5.4617157 -3.0793304 7.718506
-5.3141327 -3.01268 7.9779663
-5.157028 -2.8222504 8.423096
-5.0570526 -1.9867401 8.32312
-5.0808563 -2.0010223 8.489746
-5.385544 -2.2223969 8.45166
-5.5497894 -2.024826 8.4730835
-5.578354 -2.1105194 8.356445
-5.668808 -2.672287 7.982727
-5.6664276 -2.986496 7.847046
-5.373642 -2.8627167 8.166016
-5.149887 -2.781784 8.330261
-5.3331757 -2.4889984 8.304077
-5.5188446 -2.3033295 8.199341
-5.6926117 -2.524704 8.070801
-5.6926117 -2.838913 8.037476
-5.516464 -2.6484833 7.847046
-5.5426483 -2.7270355 7.880371
-5.623581 -2.8246307 7.8898926
-5.6402435 -2.8055878 7.630432
-5.74498 -2.8032074 7.770874
-5.847336 -2.7270355 8.175537
-5.866379 -2.4056854 8.1588745
-5.8378143 -2.467575 8.06842
-5.899704 -2.846054 8.051758
-5.80925 -2.8555756 7.9589233
-5.771164 -2.729416 7.906555
-5.8259125 -2.8555756 7.7994385
-5.7092743 -3.0198212 7.706604
-5.55455 -3.1174164 7.673279
-5.5426483 -3.0721893 7.6518555
-5.8140106 -3.134079 7.5494995
-5.949692 -3.0650482 7.42334
-5.944931 -2.993637 7.4590454
-5.9473114 -2.865097 7.5828247
-5.9044647 -2.8722382 7.668518
-5.9354095 -2.9055634 7.430481
-6.00206 -3.1388397 7.544739
-5.930649 -3.153122 7.6375732
-5.930649 -3.191208 7.8446655
-5.8401947 -3.20549 7.9089355
-5.797348 -3.2721405 8.070801
-5.952072 -3.243576 8.056519
-5.9925385 -3.319748 7.8637085
-5.790207 -3.1888275 7.9279785
-5.7164154 -3.0364838 7.923218
-5.8639984 -3.057907 7.923218
-5.9687347 -3.0364838 7.904175
-6.0425262 -2.8960419 7.7922974
-6.0710907 -2.903183 7.494751
-6.1282196 -3.191208 7.559021
-6.206772 -3.3792572 7.5542603
-6.0829926 -3.5220795 7.48999
-6.035385 -3.519699 7.5566406
-6.161545 -3.5363617 7.5233154
-6.2234344 -3.4649506 7.4328613
-6.104416 -3.3435516 7.2471924
-6.1853485 -3.2697601 7.1567383
-6.1924896 -3.1578827 7.2924194
-6.266281 -3.224533 7.0996094
-6.2948456 -3.5792084 7.059143
-6.361496 -3.6625214 7.0734253
-6.25914 -3.6053925 7.1853027
-6.2186737 -3.3625946 7.0686646
-6.3448334 -3.4459076 7.0758057
-6.3900604 -3.5482635 7.032959
-6.361496 -3.5435028 6.97583
-6.4210052 -3.455429 7.187683
-6.4924164 -3.3935394 7.2995605
-6.394821 -3.262619 7.3233643
-6.373398 -3.1388397 7.1710205
-6.459091 -3.2459564 7.0186768
-6.5328827 -3.4006805 6.9329834
-6.540024 -3.569687 6.9472656
-6.5186005 -3.6910858 6.813965
-6.547165 -3.993393 6.5759277
-6.509079 -4.219528 6.533081
-6.4543304 -4.647995 6.6949463
-6.406723 -4.776535 6.9067993
-6.3710175 -4.731308 6.935364
-6.399582 -4.686081 6.987732
-6.4424286 -4.4599457 7.0424805
-6.501938 -4.140976 6.9924927
-6.497177 -3.9267426 6.7282715
-6.64476 -3.800583 6.5806885
-6.637619 -3.8243866 6.473572
-6.5781097 -3.936264 6.7663574
-6.4471893 -3.929123 7.006775
-6.4995575 -3.898178 7.044861
-6.58049 -4.1314545 6.9020386
-6.6019135 -4.345688 7.1567383
-6.3829193 -4.48851 7.085327
-6.375778 -4.345688 6.768738
-6.3186493 -4.0148163 6.6520996
-6.354355 -3.852951 6.6378174
-6.3591156 -3.8053436 6.6259155
-6.3210297 -3.6744232 6.597351
-6.25914 -3.833908 6.71875
-6.2234344 -3.8481903 7.044861
-6.168686 -4.0171967 7.320984
-6.292465 -4.23143 7.1853027
-6.463852 -4.379013 7.0281982
-6.456711 -4.238571 6.9401245
-6.304367 -4.10289 6.756836
-6.32341 -4.0933685 6.642578
-6.4352875 -4.1076508 6.6711426
-6.356735 -4.1314545 6.7734985
-6.309128 -4.0933685 6.9544067
-6.375778 -4.0433807 7.0305786
-6.342453 -3.8886566 7.1829224
-6.163925 -3.724411 7.044861
-6.297226 -3.8934174 6.9972534
-6.3710175 -4.152878 6.9710693
-6.2234344 -3.9862518 7.1329346
-5.983017 -3.8957977 7.256714
-5.9163666 -3.9267426 7.0496216
-5.978256 -3.898178 6.8449097
-6.1710663 -3.9576874 6.7663574
-6.311508 -3.7648773 6.9067993
-6.470993 -3.8053436 6.8377686
-6.5781097 -4.076706 6.685425
-6.4543304 -4.383774 6.5878296
-6.175827 -4.1171722 6.7020874
-6.1663055 -3.8053436 6.7925415
-6.1972504 -3.6625214 6.8877563
-6.2567596 -3.8743744 7.1376953
-6.035385 -3.8696136 7.278137
-5.994919 -3.614914 7.5185547
-6.2615204 -4.005295 7.4519043
-6.470993 -4.4718475 7.4209595
-6.0330048 -4.007675 7.520935
-5.9877777 -3.6244354 7.4352417
-5.930649 -3.7458344 7.4804688
-6.0187225 -3.7863007 7.609009
-5.9592133 -3.6910858 7.4971313
-5.861618 -3.5149384 7.494751
-5.956833 -3.4982758 7.6399536
-5.933029 -3.4839935 7.5542603
-5.963974 -3.5673065 7.4352417
-5.8378143 -3.5720673 7.520935
-5.802109 -3.4601898 7.5161743
-5.7997284 -3.557785 7.5637817
-5.9092255 -3.6006317 7.5542603
-5.9235077 -3.391159 7.7280273
-5.802109 -3.3411713 7.7922974
-5.8401947 -3.3340302 7.630432
-5.861618 -3.448288 7.468567
-5.849716 -3.6363373 7.687561
-5.8187714 -3.5601654 7.8446655
-5.668808 -3.384018 7.8898926
-5.721176 -3.4125824 7.6828003
-5.9044647 -3.4697113 7.399536
-5.899704 -3.6363373 7.3638306
-5.783066 -3.5339813 7.4923706
-5.6521454 -3.4197235 7.520935
-5.6140594 -3.372116 7.528076
-5.7545013 -3.4387665 7.6447144
-5.828293 -3.410202 7.673279
-5.854477 -3.2769012 7.720886
-5.894943 -3.3959198 7.5756836
-5.8401947 -3.583969 7.4971313
-5.823532 -3.5268402 7.5994873
-5.7235565 -3.4197235 7.654236
-5.7045135 -3.4244843 7.6447144
-5.7497406 -3.5030365 7.687561
-5.7878265 -3.4982758 7.6470947
-5.7116547 -3.262619 7.720886
-5.6259613 -3.4316254 7.675659
-5.714035 -3.5458832 7.6708984
-5.797348 -3.429245 7.532837
-5.835434 -3.3054657 7.5804443
-5.8378143 -3.3530731 7.592346
-5.778305 -3.4459076 7.6280518
-5.733078 -3.5173187 7.7351685
-5.7354584 -3.4173431 7.706604
-5.7687836 -3.3245087 7.6637573
-5.7616425 -3.3102264 7.5685425
-5.687851 -3.4506683 7.6328125
-5.7497406 -3.576828 7.6018677
-5.8068695 -3.486374 7.6280518
-5.74498 -3.3316498 7.732788
-5.7616425 -3.3554535 7.692322
-5.7497406 -3.3983002 7.642334
-5.721176 -3.3935394 7.642334
-5.6735687 -3.3340302 7.6375732
-5.637863 -3.5720673 7.673279
-5.80925 -3.6101532 7.7661133
-5.8068695 -3.5173187 7.7423096
-5.7949677 -3.3054657 7.6589966
-5.8140106 -3.338791 7.6780396
-5.7997284 -3.2673798 7.5685425
-5.725937 -3.3506927 7.6470947
-5.6711884 -3.4387665 7.8065796
-5.7045135 -3.403061 7.8375244
-5.7925873 -3.3340302 7.7304077
-5.8782806 -3.3411713 7.6637573
-5.8592377 -3.2673798 7.7113647
-5.783066 -3.326889 7.6637573
-5.759262 -3.4197235 7.55188
-5.7235565 -3.493515 7.559021
-5.6545258 -3.4387665 7.5994873
-5.7354584 -3.403061 7.7089844
-5.816391 -3.4720917 7.692322
-5.861618 -3.3983002 7.597107
-5.823532 -3.3102264 7.6637573
-5.7759247 -3.3744965 7.5614014
-5.7949677 -3.4340057 7.5114136
-5.7735443 -3.5458832 7.4804688
-5.7235565 -3.5268402 7.4590454
-5.778305 -3.4149628 7.597107
-5.802109 -3.3221283 7.61615
-5.823532 -3.338791 7.6137695
-5.7759247 -3.3625946 7.604248
-5.8068695 -3.3935394 7.661377
-5.7878265 -3.4697113 7.675659
-5.847336 -3.391159 7.61615
-5.8259125 -3.326889 7.6280518
-5.8211517 -3.2507172 7.6066284
-5.8259125 -3.3578339 7.573303
-5.8140106 -3.5077972 7.5614014
-5.7306976 -3.5554047 7.720886
-5.7497406 -3.4625702 7.7232666
-5.804489 -3.3364105 7.6851807
-5.8401947 -3.3245087 7.609009
-5.7378387 -3.3173676 7.6280518
-5.7616425 -3.2792816 7.6828003
-5.7997284 -3.3316498 7.7684937
-5.7687836 -3.2507172 7.732788
-5.7687836 -3.243576 7.6708984
-5.7687836 -3.3102264 7.6899414
-5.764023 -3.4340057 7.654236
-5.759262 -3.4530487 7.55188
-5.74498 -3.3768768 7.544739
-5.759262 -3.4697113 7.525696
-5.7878265 -3.5149384 7.694702
-5.7735443 -3.288803 7.656616
-5.7759247 -3.2483368 7.7113647
-5.783066 -3.3863983 7.7470703
-5.8259125 -3.3983002 7.7161255
-5.7925873 -3.3316498 7.7018433
-5.7306976 -3.300705 7.673279
-5.7925873 -3.384018 7.61615
-5.8259125 -3.429245 7.6447144
-5.764023 -3.4506683 7.7113647
-5.804489 -3.436386 7.692322
-5.7568817 -3.4578094 7.706604
-5.766403 -3.364975 7.6899414
-5.721176 -3.2269135 7.642334
-5.7925873 -3.1864471 7.5542603
-5.8140106 -3.3149872 7.5352173
-5.8449554 -3.3364105 7.55188
-5.861618 -3.2959442 7.5828247
-5.8187714 -3.3126068 7.547119
-5.7759247 -3.3768768 7.5637817
-5.7997284 -3.3887787 7.611389
-5.7997284 -3.3245087 7.5875854
-5.849716 -3.3054657 7.6780396
-5.804489 -3.3292694 7.597107
-5.797348 -3.3221283 7.573303
-5.868759 -3.338791 7.6470947
-5.8116302 -3.2388153 7.661377
-5.759262 -3.2483368 7.6637573
-5.7925873 -3.3221283 7.6589966
-5.7949677 -3.3292694 7.649475
-5.7687836 -3.3173676 7.6137695
-5.8211517 -3.4601898 7.5756836
-5.7759247 -3.576828 7.694702
-5.766403 -3.4340057 7.758972
-5.7092743 -3.1888275 7.6708984
-5.797348 -3.2150116 7.7542114
-5.8068695 -3.3411713 7.5566406
-5.8378143 -3.4054413 7.61615
-5.783066 -3.2840424 7.7542114
-5.783066 -3.2340546 7.7684937
-5.790207 -3.300705 7.718506
-5.797348 -3.4316254 7.732788
-5.771164 -3.3578339 7.6209106
-5.7235565 -3.2769012 7.592346
-5.7568817 -3.403061 7.6066284
-5.797348 -3.4506683 7.623291
-5.759262 -3.345932 7.692322
-5.7925873 -3.2459564 7.7232666
-5.797348 -3.364975 7.7280273
-5.764023 -3.384018 7.6780396
-5.783066 -3.3102264 7.6637573
-5.7997284 -3.300705 7.5828247
-5.778305 -3.3435516 7.642334
-5.7878265 -3.5030365 7.623291
-5.740219 -3.3602142 7.6708984
-5.7925873 -3.3316498 7.6447144
-5.7949677 -3.3292694 7.6518555
-5.7925873 -3.3435516 7.597107
-5.7759247 -3.3506927 7.7161255
-5.80925 -3.3673553 7.6447144
-5.771164 -3.364975 7.6447144
-5.771164 -3.3625946 7.7018433
-5.725937 -3.3744965 7.770874
-5.7283173 -3.3578339 7.699463
-5.790207 -3.3506927 7.661377
-5.8140106 -3.3173676 7.55188
-5.8140106 -3.3102264 7.6828003
-5.8068695 -3.3602142 7.630432
-5.7759247 -3.326889 7.6399536
-5.694992 -3.455429 7.6589966
-5.706894 -3.3483124 7.68042
-5.7235565 -3.3792572 7.6399536
-5.8378143 -3.384018 7.6518555
-5.8401947 -3.3221283 7.6185303
-5.783066 -3.281662 7.573303
-5.8068695 -3.3530731 7.5352173
-5.740219 -3.422104 7.5875854
-5.7616425 -3.5006561 7.6970825
-5.764023 -3.531601 7.775635
-5.7806854 -3.4125824 7.68042
-5.835434 -3.3792572 7.720886
-5.797348 -3.4411469 7.6708984
-5.714035 -3.384018 7.706604
-5.7306976 -3.338791 7.739929
-5.8068695 -3.224533 7.654236
-5.802109 -3.2959442 7.611389
-5.7925873 -3.2983246 7.649475
-5.7378387 -3.2078705 7.6280518
Time Stop = 1457234686
