Time Start = 5490
-1.4198456 3.928482 8.601624
-0.6200409 3.5404816 8.630188
-0.41770935 3.4167023 8.696838
-0.7771454 3.5261993 8.9348755
-1.217514 3.569046 8.925354
-1.3246307 3.4500275 8.858704
-1.0794525 3.331009 8.825378
-0.7676239 3.20961 8.718262
-0.6605072 3.1620026 8.801575
-0.72953796 3.0929718 8.784912
-0.8652191 3.1286774 8.739685
-1.024704 3.2381744 8.665894
-1.0175629 3.2762604 8.677795
-0.91044617 3.2953033 8.715881
-0.7819061 3.2786407 8.713501
-0.83903503 3.3667145 8.658752
-0.89616394 3.2905426 8.663513
-0.9842377 3.183426 8.675415
-1.0675507 3.247696 8.475464
-1.0746918 3.133438 8.361206
-1.0627899 3.1096344 8.092224
-0.9485321 3.1143951 7.8375244
-0.92948914 3.1620026 7.694702
-0.7676239 3.1429596 7.6518555
-0.6343231 3.2262726 7.589966
-0.3653412 3.281021 7.7423096
-0.0011444092 3.4619293 7.885132
0.26783752 3.4952545 7.816101
0.50587463 3.3595734 7.9398804
0.6177521 3.2762604 7.7803955
0.61299133 2.940628 8.054138
0.49873352 2.0075226 8.311218
0.21308899 0.9292145 7.9732056
-0.051132202 0.4340973 7.525696
-0.07493591 0.4912262 7.180542
0.14881897 0.89112854 7.1638794
0.6486969 1.5433502 7.5042725
1.1819 2.2741241 7.3186035
1.6151276 2.804947 7.6256714
1.9531403 3.2405548 7.5947266
2.0293121 3.2500763 7.528076
1.9864655 2.6787872 7.2543335
1.5627594 1.4290924 6.9139404
0.83436584 0.19606018 7.0424805
0.003616333 -0.8941498 7.578064
-0.8890228 -1.5082855 7.8327637
-1.8554535 -1.3773651 8.037476
-2.7599945 -0.6703949 8.008911
-3.5217133 0.38172913 8.296936
-4.1382294 1.2053375 8.404053
-4.604782 1.5124054 8.634949
-5.154648 1.5528717 8.70636
-5.7378387 1.2291412 8.589722
-6.528122 0.5959625 8.992004
-7.2231903 -0.2086029 9.420471
-7.599289 -0.83226013 9.47522
-7.6230927 -1.139328 9.268127
-7.5135956 -1.3416595 9.177673
-7.3326874 -1.4083099 9.253845
-7.0137177 -1.2440643 9.2229
-6.5971527 -0.7275238 9.137207
-6.4091034 -0.14195251 9.051514
-6.3829193 0.32936096 9.518066
-6.51622 1.3338776 9.5442505
-6.7161713 1.3743439 10.094116
-6.5781097 1.2481842 9.241943
-7.227951 0.12464905 9.722778
-6.849472 1.7385406 7.3328857
-8.739487 1.5623932 7.7994385
-10.753281 1.8218536 8.908691
-9.491684 3.0072784 8.761108
-5.911606 3.035843 10.551147
-3.1717987 2.9906158 10.9938965
-3.3836517 3.004898 7.0543823
-7.0589447 -2.0010223 3.7337646
-9.046555 -2.6413422 6.256958
-6.0258636 1.8980255 11.619934
-2.2743988 3.247696 15.716553
-1.4317474 3.2048492 15.50946
-2.493393 3.2619781 13.693237
-3.8835297 1.5980988 14.124084
-3.1075287 0.33888245 13.102905
-2.8742523 -0.051498413 10.774902
-3.5407562 0.5650177 9.553772
-3.462204 1.112503 9.4776
-3.4122162 1.1482086 9.763245
-3.231308 1.3386383 9.817993
-2.5410004 2.1598663 10.05127
-2.4386444 2.5216827 10.272644
-2.5338593 2.1598663 10.258362
-2.429123 2.2503204 9.382385
-2.4957733 2.3407745 8.865845
-2.7338104 2.3098297 8.742065
-2.6266937 2.017044 8.613525
-2.6885834 1.9242096 8.906311
-2.7004852 2.228897 9.380005
-2.6623993 2.452652 9.325256
-2.8456879 2.6216583 9.075317
-2.8480682 2.5692902 9.022949
-2.788559 2.5669098 8.96344
-2.9789886 2.3407745 8.9991455
-3.0170746 2.0860748 8.925354
-3.026596 2.0075226 8.815857
-2.9004364 2.1146393 9.011047
-2.9885101 2.1884308 9.063416
-3.0670624 2.1146393 8.996765
-3.057541 1.9694366 8.96106
-3.1337128 1.9956207 8.89679
-3.1837006 2.0313263 8.811096
-3.2860565 1.9027863 8.801575
-3.443161 1.7956696 8.727783
-3.4574432 1.92659 8.632568
-3.3669891 1.9146881 8.8349
-3.424118 1.8266144 8.801575
-3.469345 1.805191 8.718262
-3.545517 1.6480865 8.870605
-3.6050262 1.6695099 9.015808
-3.6335907 1.6552277 9.21814
-3.6383514 1.6171417 9.210999
-3.6645355 1.6361847 9.206238
-3.6240692 1.6004791 8.996765
-3.6026459 1.6409454 8.958679
-3.6145477 1.5623932 8.894409
-3.6526337 1.5005035 8.96344
-3.700241 1.4433746 9.046753
-3.7335663 1.4386139 8.906311
-3.7430878 1.3457794 8.875366
-3.7668915 1.3481598 8.89679
-3.731186 1.3243561 8.903931
-3.7549896 1.3314972 9.061035
-3.8359222 1.2696075 9.037231
-3.8335419 1.1791534 9.061035
-3.9001923 1.0720367 8.953918
-4.026352 1.1839142 8.908691
-3.923996 1.4743195 8.996765
-3.9144745 1.5623932 8.982483
-3.9001923 1.4814606 9.018188
-3.8882904 1.2577057 9.310974
-3.7906952 1.2505646 9.551392
-4.0691986 1.3148346 9.729919
-4.2286835 1.1791534 9.951294
-4.0620575 0.7364044 10.003662
-3.931137 0.25794983 9.53949
-4.0049286 0.2603302 9.096741
-4.188217 0.624527 8.675415
-4.2858124 0.6649933 8.618286
-4.2096405 0.5792999 8.996765
-4.2239227 0.4245758 9.272888
-3.9930267 0.33650208 9.28479
-4.033493 0.541214 9.139587
-4.0168304 0.71022034 8.725403
-3.9525604 0.9625397 8.280273
-4.1834564 1.2005768 7.778015
-4.328659 1.1077423 7.354309
-4.3453217 0.98872375 7.2614746
-4.4476776 0.8220978 7.399536
-4.7023773 0.7483063 7.8303833
-4.730942 0.24842834 8.213623
-4.5928802 0.10084534 9.037231
-4.5381317 0.1532135 9.499023
-4.564316 0.23652649 9.675171
-4.4595795 0.17701721 9.594238
-4.419113 0.13417053 9.332397
-4.483383 0.04371643 9.02533
-4.540512 0.077041626 8.839661
-4.630966 0.08418274 8.792053
-4.6642914 0.15083313 8.808716
-4.676193 0.24604797 8.927734
-4.7047577 0.18891907 8.908691
-4.7737885 -0.025314331 8.51593
-4.802353 -0.1681366 8.420715
-4.778549 -0.11338806 8.346924
-4.7499847 -0.19908142 8.396912
-4.7357025 -0.23478699 8.594482
-4.6785736 -0.20622253 8.51593
-4.7238007 -0.24430847 8.3255005
-4.7404633 -0.27049255 8.1588745
-4.6904755 -0.37046814 8.273132
-4.695236 -0.45854187 8.44928
-4.733322 -0.4061737 8.775391
-4.802353 -0.33000183 8.932495
-4.8309174 -0.2585907 8.975342
-4.957077 -0.35856628 8.925354
-5.0237274 -0.36808777 9.037231
-5.0546722 -0.39189148 9.15387
-4.983261 -0.39189148 9.1467285
-5.007065 -0.4323578 9.1657715
-4.8904266 -0.36094666 8.677795
-4.8047333 -0.31333923 8.25647
-4.7404633 -0.28953552 7.8779907
-4.776169 -0.57518005 7.9279785
-4.7404633 -0.8584442 8.077942
-4.6666718 -0.93937683 8.38501
-4.6595306 -0.90367126 8.734924
-4.676193 -0.8536835 8.877747
-4.745224 -0.74180603 8.8349
-4.866623 -0.6608734 8.863464
-4.828537 -0.529953 8.872986
-4.752365 -0.55851746 8.730164
-4.78331 -0.5132904 8.765869
-4.78331 -0.6108856 8.713501
-4.688095 -0.6680145 8.811096
-4.711899 -0.7132416 8.872986
-4.676193 -0.6561127 8.815857
-4.6595306 -0.6465912 8.849182
-4.6000214 -0.66563416 8.7872925
-4.630966 -0.5775604 8.694458
-4.4476776 -0.50138855 8.570679
-4.46434 -0.35142517 8.51593
-4.411972 -0.33952332 8.373108
-4.46434 -0.26097107 8.180298
-4.6071625 -0.2823944 8.151733
-4.6785736 -0.2919159 8.061279
-4.7404633 -0.37522888 8.270752
-4.7214203 -0.41093445 8.608765
-4.692856 -0.43711853 8.89917
-4.8261566 -0.3895111 9.239563
-4.821396 -0.30381775 9.622803
-4.52623 -0.32286072 10.020325
-4.2881927 -0.40379333 10.156006
-4.0549164 -0.44664 10.001282
-3.8882904 -0.46568298 9.4609375
-3.9001923 -0.38475037 8.70636
-4.038254 -0.077682495 7.956543
-4.283432 0.2841339 7.7042236
-4.6452484 0.5912018 7.7875366
-4.8690033 1.1291656 7.694702
-5.137985 1.6266632 7.7684937
-5.335556 1.6052399 8.032715
-5.259384 1.4362335 8.296936
-5.1403656 1.0744171 8.742065
-5.0998993 0.64356995 9.237183
-5.0832367 0.27461243 9.720398
-4.988022 -0.077682495 9.951294
-4.8713837 -0.34428406 9.825134
-4.7428436 -0.33476257 9.591858
-4.6523895 -0.1348114 9.327637
-4.5881195 0.119888306 9.077698
-4.52623 0.27937317 8.7039795
-4.4738617 0.47694397 8.26123
-4.52623 0.6411896 7.9351196
-4.552414 0.6864166 7.801819
-4.6071625 0.5959625 7.68042
-4.711899 0.54597473 7.5804443
-4.968979 0.6745148 7.513794
-5.0237274 0.7887726 7.7494507
-5.007065 0.83161926 8.025574
-4.9332733 0.84828186 8.373108
-4.752365 0.79829407 8.653992
-4.7214203 0.68403625 8.799194
-4.6785736 0.57691956 9.020569
-4.6976166 0.57691956 9.122925
-4.7880707 0.5983429 8.889648
-4.778549 0.6150055 8.711121
-4.7428436 0.41267395 8.5802
-4.7666473 0.32221985 8.439758
-4.7499847 0.41267395 8.296936
-4.7357025 0.42219543 8.484985
-4.692856 0.63642883 8.70874
-4.676193 0.84114075 9.087219
-4.5928802 1.1267853 9.28241
-4.500046 1.4505157 9.246704
-4.5048065 1.483841 9.134827
-4.52861 1.3553009 9.032471
-4.431015 1.0744171 8.749207
-4.438156 0.60072327 8.658752
-4.5928802 0.40315247 8.592102
-4.628586 0.3007965 8.594482
-4.5500336 0.3912506 8.742065
-4.3191376 0.55311584 9.044373
-4.2239227 0.63404846 9.403809
-4.102524 0.7483063 9.644226
-4.2048798 0.6578522 9.465698
-4.2429657 0.5055084 9.382385
-4.352463 0.22224426 9.115784
-4.4976654 -0.015792847 8.70874
-4.5571747 -0.120529175 8.744446
-4.419113 -0.23478699 8.830139
-4.3715057 -0.3252411 8.875366
-4.3572235 -0.20146179 9.061035
-4.4738617 -0.0110321045 9.3966675
-4.4143524 0.08656311 9.629944
-4.46434 0.22224426 9.463318
-4.481003 0.1532135 9.449036
-4.533371 0.098464966 9.137207
-4.7214203 -0.0443573 8.70636
-4.8499603 -0.30381775 8.458801
-4.861862 -0.37522888 8.051758
-4.942795 -0.26811218 7.725647
-4.97612 -0.17527771 7.6209106
-4.926132 0.008010864 7.6447144
-4.8237762 0.1865387 7.694702
-4.8523407 0.23890686 8.0946045
-4.8832855 0.04371643 8.358826
-4.9142303 -0.2419281 8.45166
-4.880905 -0.54185486 8.470703
-4.907089 -0.6227875 8.525452
-4.9142303 -0.6061249 8.665894
-4.918991 -0.53471375 8.906311
-4.9142303 -0.38713074 9.0896
-4.988022 -0.2919159 9.149109
-5.214157 -0.16337585 9.113403
-5.218918 -0.08720398 9.051514
-5.2474823 -0.0015106201 9.034851
-5.340317 0.08656311 9.020569
-5.3331757 0.098464966 8.875366
-5.271286 0.06037903 8.808716
-5.2617645 0.015151978 8.592102
-5.252243 -0.037216187 8.361206
-5.237961 -0.10862732 8.016052
-5.173691 -0.058639526 7.737549
-5.187973 -0.10624695 7.597107
-5.290329 -0.15861511 7.5828247
-5.36174 0.005630493 7.642334
-5.283188 0.15083313 7.866089
-5.3069916 0.096084595 8.19696
-5.354599 0.08894348 8.420715
-5.445053 0.005630493 8.327881
-5.4855194 -0.077682495 8.249329
-5.5688324 -0.11576843 8.161255
-5.547409 -0.013412476 8.075562
-5.509323 0.14607239 7.9208374
-5.404587 0.3174591 7.880371
-5.4617157 0.5150299 7.789917
-5.3784027 0.60310364 7.6780396
-5.3379364 0.6150055 7.566162
-5.3379364 0.6316681 7.373352
-5.2808075 0.4674225 7.2733765
-5.1522675 0.2674713 7.213867
-5.0998993 -0.09434509 7.366211
-5.154648 -0.32286072 7.975586
-5.4236298 -0.34666443 8.908691
-5.4093475 -0.18003845 9.401428
-5.5259857 0.19129944 9.465698
-5.7616425 0.56025696 9.344299
-5.8520966 0.6483307 9.180054
-5.5807343 0.42695618 9.0824585
-5.509323 0.11274719 8.918213
-5.483139 -0.11338806 8.594482
-5.5450287 -0.19908142 8.358826
-5.464096 -0.23002625 8.246948
-5.4474335 -0.23240662 8.51355
-5.3641205 -0.23954773 8.951538
-5.259384 -0.35380554 9.022949
-5.4331512 -0.46568298 9.330017
-5.702133 -0.34666443 9.589478
-5.7806854 -0.21812439 9.939392
-5.790207 0.024673462 10.305969
-5.8401947 0.06990051 10.527344
-5.899704 0.2103424 10.548767
-5.8854218 0.37934875 10.548767
-5.675949 0.47218323 10.396423
-5.5759735 0.5078888 10.05127
-5.5045624 0.34840393 9.472839
-5.4593353 0.40315247 9.018188
-5.071335 0.70069885 8.075562
-5.328415 0.80067444 8.185059
-5.3950653 0.9601593 8.092224
-5.149887 1.2005768 7.694702
-4.878525 1.4386139 7.4400024
-4.6262054 1.8408966 7.116272
-4.7856903 2.081314 6.7782593
-5.176071 2.3193512 6.5092773
-5.559311 2.31221 6.430725
-5.8711395 2.1598663 6.435486
-6.2305756 2.0598907 6.52594
-6.3591156 1.9956207 6.2545776
-6.1401215 2.0337067 5.718994
-5.9425507 2.18367 5.519043
-5.925888 2.100357 5.4785767
-6.221054 1.8766022 5.416687
-6.523361 1.6623688 5.269104
-6.6614227 1.5600128 5.0096436
-6.792343 1.5671539 4.8311157
-6.937546 1.6909332 4.833496
-6.9684906 1.6623688 5.2095947
-6.8661346 1.7552032 5.704712
-6.606674 1.6742706 6.4521484
-6.3972015 1.6147614 7.301941
-6.009201 1.3981476 8.087463
-5.797348 1.2124786 8.173157
-6.040146 0.9458771 8.282654
-6.623337 0.7054596 8.45166
-7.0256195 0.6316681 8.480225
-7.1017914 0.688797 8.425476
-6.854233 0.7959137 8.337402
-6.5947723 0.8935089 8.135071
-6.4947968 1.0077667 7.732788
-6.4091034 1.0934601 7.597107
-6.497177 1.2719879 7.3305054
-6.5638275 1.3267365 7.1067505
-6.6161957 1.3648224 6.8187256
-6.5900116 1.2815094 6.8187256
-6.701889 1.7147369 6.6068726
-7.5397797 2.0218048 6.540222
-8.394333 2.0527496 6.371216
-8.779953 1.805191 6.199829
-8.101547 0.80067444 6.3188477
-7.213669 0.77211 5.7546997
-7.6421356 0.78163147 5.7213745
-8.18248 0.624527 6.121277
-7.60643 0.53645325 6.2402954
-6.5971527 0.5483551 6.897278
-5.8854218 1.0149078 6.980591
-6.175827 1.5195465 7.047241
-6.7042694 1.5362091 7.278137
-6.630478 1.5719147 7.1186523
-6.247238 1.0506134 7.2233887
-6.073471 0.79115295 6.9067993
-6.3472137 1.0791779 6.621155
-6.875656 1.1553497 6.8568115
-6.9113617 1.298172 6.9663086
-6.759018 1.1363068 6.923462
-6.789963 0.8697052 7.0496216
-6.811386 0.44599915 7.2662354
-6.6542816 -0.049118042 7.335266
-6.592392 -0.2919159 7.2162476
-6.7042694 0.008010864 7.135315
-7.0065765 0.5007477 7.1591187
-7.0708466 0.753067 7.2400513
-6.8470917 0.9434967 7.2662354
-6.6780853 0.67689514 7.2091064
-6.5305023 0.29841614 7.123413
-6.4924164 0.15559387 7.078186
-6.611435 0.19129944 7.2662354
-6.6661835 0.5055084 7.5637817
-6.811386 0.92445374 7.7470703
-6.854233 1.1720123 8.00415
-6.70903 1.2077179 7.904175
-6.6280975 0.8625641 7.7946777
-6.592392 0.48884583 7.4804688
-6.559067 0.18177795 7.3685913
-6.482895 0.17701721 7.2686157
-6.509079 0.4912262 7.0924683
-6.625717 0.85066223 7.206726
-6.7733 1.2243805 7.1781616
-6.754257 1.3886261 7.218628
-6.6519012 1.3267365 7.1376953
-6.444809 1.0982208 7.2352905
-6.3138885 0.89826965 7.10437
-6.3186493 0.8387604 7.16626
-6.497177 0.8625641 7.1257935
-6.687607 0.8601837 7.0948486
-6.804245 0.9292145 7.0615234
-6.9089813 0.8125763 7.0543823
-6.8780365 0.7625885 7.1781616
-6.83519 0.6150055 7.4328613
-6.6971283 0.6150055 7.501892
-6.587631 0.70783997 7.623291
-6.5447845 0.9173126 7.5685425
-6.625717 1.1648712 7.5114136
-6.675705 1.4314728 7.3685913
-6.6804657 1.5861969 7.2281494
-6.625717 1.5314484 7.0996094
-6.6590424 1.3672028 6.9972534
-6.5781097 1.0291901 6.9472656
-6.58049 0.8792267 6.9139404
-6.6471405 0.8601837 6.9972534
-6.7447357 0.96492004 6.9972534
-6.816147 1.112503 7.006775
-6.854233 1.2220001 7.199585
-6.8137665 1.2672272 7.16626
-6.7304535 1.0839386 7.1972046
-6.7185516 0.8292389 7.1186523
-6.728073 0.61024475 6.904419
-6.625717 0.69117737 6.809204
-6.6352386 0.7054596 6.8948975
-6.7114105 0.9363556 6.8710938
-6.7875824 1.0625153 7.116272
-6.83519 1.0434723 7.16864
-6.759018 0.91493225 7.2091064
-6.7185516 0.6792755 7.275757
-6.6733246 0.55311584 7.275757
-6.592392 0.55311584 7.2543335
-6.625717 0.69117737 7.3043213
-6.7161713 0.8459015 7.275757
-6.7756805 0.93873596 7.244812
-6.7875824 0.90541077 7.142456
-6.7637787 0.7959137 7.0924683
-6.637619 0.6578522 7.1853027
-6.6352386 0.5959625 7.192444
-6.6923676 0.7554474 7.1781616
-6.8899384 0.84114075 7.0091553
-7.0327606 0.89112854 6.980591
-7.008957 0.7649689 7.052002
-6.7042694 0.65309143 7.16626
-6.547165 0.669754 7.313843
-6.6399994 0.7483063 7.437622
-6.675705 0.8601837 7.559021
-6.547165 0.9101715 7.6851807
-6.463852 0.9530182 7.7113647
-6.604294 0.95539856 7.494751
-6.7994843 0.8792267 7.347168
-6.701889 0.6745148 7.3638306
-6.5447845 0.52693176 7.244812
-6.561447 0.6126251 7.111511
-6.6995087 0.8101959 7.1257935
-6.785202 0.9625397 7.142456
-6.7828217 1.0648956 7.225769
-6.739975 0.9434967 7.180542
Time Stop = 5495
