Time Start = 1457237322
-3.6145477 0.7649689 7.866089
-3.3622284 1.1482086 7.6447144
-3.193222 1.6052399 7.259094
-3.1146698 2.0456085 7.0948486
-2.917099 2.3860016 7.0162964
-2.8123627 2.4359894 6.980591
-2.7528534 2.2979279 6.937744
-3.2741547 2.3193512 5.6642456
-4.764267 1.0744171 4.3931274
-5.611679 -1.0821991 5.3619385
-5.221298 -1.3654633 5.378601
-4.9713593 -1.0441132 5.807068
-4.904709 -0.6299286 6.878235
-4.6904755 -0.11338806 7.449524
-4.7095184 0.35316467 7.7613525
-4.688095 0.65071106 7.828003
-4.6571503 0.76734924 7.775635
-4.521469 0.82447815 7.4352417
-4.3881683 0.8459015 6.9448853
-4.3191376 0.919693 6.5997314
-4.321518 1.0767975 6.4973755
-4.8951874 0.15559387 8.45166
-5.6854706 -2.3985443 9.79895
-6.5305023 -3.2721405 8.701599
-7.3279266 -3.6125336 7.3900146
-8.0325165 -3.7910614 6.7615967
-8.239609 -3.5435028 6.4283447
-7.868271 -3.1745453 6.3831177
-7.5445404 -2.3914032 6.2093506
-7.4350433 -1.4321136 5.9570313
-7.611191 -0.19432068 6.0046387
-7.8801727 1.0387115 6.3117065
-7.830185 1.7694855 6.2331543
-7.4921722 2.1289215 5.7332764
-6.8970795 2.0955963 4.902527
-6.554306 1.8028107 4.107483
-6.6519012 0.81495667 4.1574707
-7.363632 -0.013412476 3.967041
-8.458603 -1.2393036 3.7908936
-9.791611 -2.3152313 3.9170532
-10.948471 -3.0079193 3.7480469
-11.548325 -3.948166 3.8289795
-11.624496 -4.9407806 3.9432373
-11.319809 -5.881027 4.6692505
-10.743759 -6.3880463 5.121521
-10.165329 -6.6189423 5.121521
-9.72258 -5.96196 4.524048
-10.529526 -5.026474 5.859436
-8.815659 -7.194992 4.4002686
-7.875412 -8.504196 3.6932983
-7.6707 -8.059067 2.9910889
-8.130112 -8.682724 3.3981323
-8.744247 -9.403976 3.7766113
-8.960861 -9.68486 3.4505005
-8.927536 -9.482529 3.6433105
-8.7704315 -8.627975 4.0027466
-8.380051 -7.725815 4.2455444
-8.015854 -7.028366 4.0098877
-7.7444916 -7.085495 3.2386475
-8.039658 -7.516342 2.664978
-8.532394 -7.592514 3.5599976
-8.768051 -7.297348 4.743042
-8.715683 -6.7332 5.4452515
-8.734726 -6.4594574 6.0498657
-8.884689 -6.1262054 6.128418
-8.75853 -5.7429657 5.788025
-8.50621 -5.8238983 5.538086
-8.50621 -6.0928802 4.7382813
-8.929916 -6.911728 3.8408813
-9.3798065 -7.578232 3.274353
-9.713058 -7.778183 3.2219849
-9.641647 -7.5115814 3.5100098
-9.227463 -7.071213 4.031311
-8.779953 -6.6665497 4.5073853
-8.456223 -6.211899 4.819214
-8.251511 -5.8310394 4.9834595
-8.061081 -5.6644135 5.0786743
-8.0967865 -5.3454437 5.366699
-7.913498 -5.276413 5.1905518
-8.022995 -5.462082 4.640686
-8.284836 -5.9357758 4.421692
-8.808517 -5.995285 4.1955566
-9.127487 -5.8238983 4.1693726
-9.132248 -5.681076 4.5740356
-9.053696 -5.438278 5.128662
-8.977524 -5.45018 5.3476563
-9.113205 -5.4097137 5.7737427
-9.132248 -5.2978363 5.7594604
-9.139389 -5.288315 6.121277
-9.267929 -5.1573944 6.366455
-9.446457 -5.0050507 6.454529
-9.458359 -4.969345 6.1069946
-9.444077 -5.4906464 5.7927856
-9.517868 -5.859604 5.742798
-9.696396 -5.9357758 6.226013
-9.52977 -5.2549896 6.680664
-9.0013275 -4.6241913 7.0162964
-8.546677 -4.1766815 7.090088
-8.049179 -3.8957977 6.840149
-7.792099 -3.948166 6.556885
-7.4802704 -3.9862518 6.359314
-7.2255707 -4.031479 6.6782837
-7.087509 -3.8838959 6.7996826
-6.958969 -3.5435028 6.711609
-6.7828217 -3.5625458 6.602112
-6.625717 -3.5673065 6.3355103
-6.5305023 -3.5720673 5.961792
-6.6399994 -3.7006073 5.211975
-6.5638275 -3.4054413 4.9501343
-6.2948456 -2.876999 5.3738403
-6.1210785 -2.3533173 6.1069946
-6.32341 -2.1390839 7.2852783
-6.309128 -1.9058075 7.047241
-5.9734955 -2.1486053 7.313843
-5.861618 -2.2795258 7.078186
-5.718796 -2.5984955 6.2807617
-5.733078 -2.910324 5.9832153
-5.4855194 -2.4770966 5.390503
-5.0380096 -2.2819061 5.6380615
-5.0118256 -2.0914764 5.5547485
-4.450058 -1.4963837 5.923706
-4.3453217 -1.3868866 6.859192
-4.3500824 -1.0583954 6.704468
-4.3905487 -1.2274017 7.194824
-4.4786224 -1.5439911 6.935364
-4.3191376 -1.2988129 6.537842
-4.128708 -1.5463715 6.585449
-4.431015 -1.6987152 6.2141113
-4.5619354 -2.3223724 5.9784546
-4.676193 -2.7270355 5.8189697
-4.9999237 -2.4390106 5.9451294
-5.309372 -1.8058319 6.295044
-5.5616913 -1.1012421 6.616394
-5.547409 -0.36332703 6.854431
-5.3498383 -0.31333923 6.949646
-5.4998016 -0.8917694 6.7544556
-6.059189 -1.6035004 6.571167
-6.9803925 -1.9653168 6.371216
-7.323166 -1.8153534 6.2331543
-6.7256927 -1.5749359 6.609253
-6.054428 -0.6846771 6.835388
-5.6664276 0.17463684 6.7663574
-5.630722 0.5626373 7.052002
-5.933029 0.8292389 6.9472656
-6.440048 0.605484 7.4281006
-6.854233 0.46028137 7.868469
-7.1541595 0.5174103 8.085083
-7.1351166 0.26985168 8.104126
-6.939926 -0.096725464 7.718506
-6.482895 -0.23716736 7.1638794
-6.3019867 -0.17765808 6.430725
-6.373398 0.23176575 5.5166626
-6.51622 0.81733704 4.788269
-6.6352386 1.7647247 3.6385498
-6.8018646 1.5338287 3.145813
-7.0637054 2.2550812 1.5223999
-7.511215 1.6171417 -0.66278076
-9.415512 1.9146881 -1.7315674
-11.112717 -0.07292175 0.1560669
-10.74614 -2.7960663 3.993225
-10.10582 -2.9960175 5.461914
-10.919907 -1.979599 7.2733765
-9.708298 -1.6630096 9.322876
-6.932785 -1.6606293 12.029358
-5.304611 -1.60112 11.258118
-5.87352 -3.3102264 9.451416
-6.9732513 -1.7772675 9.770386
-7.504074 3.8951569 9.79895
-7.394577 6.687332 10.701111
-6.2639008 4.9496613 10.529724
-4.0691986 3.9594269 11.086731
-2.5100555 4.7520905 13.157654
-3.3122406 4.447403 10.748718
-5.304611 2.6145172 7.3043213
-4.7023773 3.4619293 6.416443
-5.764023 5.6447296 9.318115
-8.277695 -0.60136414 14.431152
-7.9563446 -3.595871 9.694214
-6.842331 -4.0219574 8.142212
-5.6140594 -4.9598236 7.0734253
-3.7716522 -1.094101 8.339783
-3.6502533 1.6100006 9.053894
-4.1191864 0.9530182 9.737061
-4.6024017 -0.51805115 9.175293
-4.4857635 0.14845276 9.1657715
-3.9930267 0.71736145 9.834656
-3.7097626 0.9744415 7.80896
-3.6835785 0.28889465 8.042236
-3.8811493 -1.241684 9.289551
-4.123947 0.49598694 9.810852
-4.257248 1.362442 10.920105
-4.2620087 0.96492004 10.541626
-4.547653 0.34126282 9.872742
-3.9525604 0.24604797 9.591858
-3.847824 0.2531891 9.522827
-3.795456 0.024673462 9.127686
-3.859726 0.5483551 8.57782
-3.9573212 0.7316437 8.38501
-4.0549164 -0.2823944 8.761108
-4.045395 -1.0203094 8.906311
-4.040634 -0.7751312 9.227661
-3.8644867 -0.53471375 9.520447
-3.962082 0.6792755 9.056274
-4.0287323 1.4766998 8.518311
-4.0287323 0.077041626 8.989624
-4.250107 -0.74180603 9.489502
-3.9382782 -0.5966034 9.251465
-3.88591 -0.59898376 8.846802
-3.814499 -0.72514343 8.315979
-4.045395 -0.5870819 8.713501
-4.3715057 0.49360657 9.915588
-4.5357513 1.1815338 10.113159
-4.3381805 0.08656311 10.11792
-4.033493 -0.42045593 9.537109
-3.9454193 -0.096725464 8.882507
-3.9454193 -0.14433289 8.213623
-4.128708 -0.6037445 7.9160767
-4.559555 -0.15861511 7.7994385
-4.4095917 0.074661255 8.884888
-4.385788 0.1698761 9.577576
-4.2786713 -0.7917938 9.277649
-4.2405853 -1.2988129 8.720642
-4.0930023 -1.2345428 8.458801
-4.2429657 -1.1512299 8.7682495
-4.514328 -0.6608734 9.09198
-4.585739 -0.21574402 9.7751465
-4.3453217 -0.09434509 9.568054
-4.250107 0.43647766 8.475464
-4.1191864 -0.3561859 8.313599
-4.2858124 -0.9155731 8.111267
-4.502426 -1.2940521 9.053894
-4.4857635 -0.94651794 9.627563
-4.378647 -0.78227234 9.234802
-4.3881683 -0.8846283 9.225281
-4.3881683 -0.008651733 8.96582
-4.3762665 0.2674713 8.582581
-4.714279 -0.5966034 8.461182
-4.8904266 -1.0679169 8.525452
-4.3834076 -1.2631073 8.830139
-4.4143524 -1.286911 8.7872925
-4.4905243 -1.6606293 9.132446
-4.5238495 -1.3845062 9.568054
-4.609543 -1.0345917 9.856079
-4.8523407 -0.8179779 9.770386
-4.9665985 -0.9893646 9.387146
-4.8690033 -1.1797943 9.120544
-4.692856 -1.2083588 8.830139
-4.6333466 -1.7177582 8.892029
-4.835678 -1.7820282 8.839661
-4.661911 -1.5082855 9.108643
-4.7499847 -1.6368256 9.380005
-4.904709 -2.0295868 9.046753
-4.8832855 -2.0724335 8.530212
-4.776169 -1.3773651 8.042236
-4.771408 -1.3964081 8.00177
-5.1974945 -1.6439667 7.2471924
-5.3117523 -1.4868622 6.642578
-5.137985 -1.6154022 7.013916
-5.559311 -1.5773163 7.456665
-5.635483 -1.4249725 7.6899414
-5.456955 -2.4532928 8.627808
-5.880661 -2.7889252 8.856323
-5.8520966 -2.217636 9.296692
-5.7306976 -2.0129242 9.275269
-6.059189 -1.6749115 8.558777
-5.7092743 -1.4654388 7.5161743
-5.385544 -1.6534882 7.4352417
-5.759262 -1.036972 7.525696
-5.4331512 -1.3559418 7.0877075
-5.6283417 -2.2081146 7.399536
-5.74498 -2.3080902 8.099365
-5.5188446 -1.8653412 8.075562
-5.2308197 -2.6032562 8.6206665
-5.956833 -2.6960907 8.677795
-6.061569 -2.774643 9.103882
-5.6592865 -2.8055878 9.0824585
-5.2950897 -2.7198944 7.737549
-4.6143036 -2.846054 6.5307007
-4.1763153 -3.1840668 6.6068726
-4.2096405 -3.667282 7.3495483
-5.052292 -3.1245575 7.7803955
-5.2427216 -2.8079681 8.216003
-5.418869 -2.6389618 8.799194
-5.61644 -2.6770477 9.306213
-5.971115 -2.5080414 9.532349
-6.0425262 -1.5606537 8.908691
-5.3593597 -1.6035004 8.546875
-5.066574 -1.6249237 7.8708496
-3.9216156 -1.8272552 7.5685425
-3.007553 -4.840805 6.1498413
-5.5902557 -3.160263 7.3709717
-5.161789 -3.4244843 8.251709
-5.073715 -3.3364105 8.363586
-5.566452 -1.5511322 9.787048
-5.4402924 -1.1107635 10.486877
-5.111801 -1.8653412 9.92749
-4.3643646 -3.1388397 8.554016
-4.3262787 -4.7598724 7.6637573
-4.9737396 -4.833664 7.366211
-4.4333954 -4.0624237 8.096985
-4.9665985 -2.8960419 9.072937
-5.7997284 -1.6511078 10.289307
-5.971115 -1.7177582 10.846313
-6.251999 -1.6749115 9.265747
-5.2927094 -2.3342743 7.649475
-4.4286346 -3.0483856 6.4592896
-4.347702 -4.007675 6.4402466
-4.5738373 -4.74321 6.9924927
-4.650009 -3.8124847 7.9136963
-5.16893 -2.2509613 9.784668
-5.9235077 -1.4678192 10.156006
-5.694992 -2.7841644 10.546387
-5.55455 -3.3816376 10.332153
-5.7425995 -3.9910126 9.589478
-6.316269 -4.6194305 8.425476
-5.649765 -5.212143 8.354065
-5.199875 -5.6572723 9.948914
-2.6957245 -6.066696 9.001526
-3.3646088 -6.1262054 7.589966
-5.1665497 -4.3385468 8.32074
-3.731186 -4.288559 10.353577
-3.7740326 -3.4435272 10.965332
-2.8694916 -3.5982513 10.741577
-2.686203 -1.812973 11.055786
-2.2006073 -2.4461517 9.960815
-2.224411 -2.5389862 8.922974
-2.85997 -1.7344208 8.189819
-2.66716 -2.203354 7.456665
-2.429123 -3.255478 7.347168
-3.0218353 -3.0745697 7.699463
-2.4886322 -2.1557465 8.382629
-1.3865204 -1.3964081 8.539734
-1.6912079 -1.075058 7.7732544
-1.5626678 -1.4678192 7.42334
-1.3055878 -1.4225922 7.3709717
-1.6888275 -1.324997 6.7401733
-1.6745453 -1.6820526 6.071289
-1.5602875 -2.3342743 5.7404175
-1.9435272 -2.653244 5.878479
-2.4148407 -2.4580536 6.0665283
-2.7100067 -2.0605316 6.456909
-3.167038 -1.7725067 7.1829224
-3.4217377 -1.4821014 7.1448364
-3.5098114 -1.2892914 7.0186768
-3.7978363 -1.3035736 6.963928
-4.3762665 -1.2274017 6.4188232
-5.085617 -0.991745 5.88562
-5.74498 -0.6442108 5.1643677
-6.3519745 0.2103424 3.8670654
-7.137497 1.5076447 2.196045
-7.8539886 1.8932648 0.7987671
-8.322922 1.7337799 -1.1745605
-9.203659 1.1743927 -3.3097534
-10.800888 0.16035461 -3.8619995
-11.686386 -1.2178802 -3.0859985
-11.6697235 -2.6580048 -1.4173584
-11.024643 -2.8722382 -0.8175049
-11.514999 -3.4078217 -0.3723755
-12.440964 -3.3102264 0.11798096
-13.166977 -2.9388885 0.3536377
-13.3502655 -2.646103 1.0653687
-13.526413 -2.2509613 1.1463013
-13.05986 -1.8629608 1.2938843
-12.812302 -1.4440155 0.95111084
-12.831345 -1.2321625 0.6321411
-12.590927 -1.056015 0.14892578
-12.367172 -1.0393524 -0.18670654
-12.176743 -0.908432 -0.51519775
-11.995834 -1.0274506 -0.8175049
-12.012497 -1.0417328 -0.5342407
-11.991074 -1.1298065 -0.5009155
-11.90538 -1.3130951 -0.060546875
-11.781601 -1.4249725 0.64404297
-11.405502 -1.5154266 1.1653442
-11.38884 -1.2797699 1.4224243
-11.086533 -1.0631561 1.5057373
-10.643784 -0.8179779 1.1463013
-10.305771 -0.6703949 0.18463135
-10.196274 -1.0798187 -0.9746094
-10.258163 -1.6344452 -1.5744629
-10.320053 -2.203354 -1.9767456
-10.308151 -2.6199188 -1.9386597
-10.079636 -2.922226 -1.7815552
-9.984421 -3.0412445 -1.0317383
-9.934433 -2.910324 0.2965088
-9.429794 -2.9626923 1.2438965
-9.058456 -2.781784 1.5414429
-8.820419 -2.5532684 1.2319946
-9.003708 -2.441391 0.81066895
-9.222702 -2.5104218 0.6321411
-9.244125 -2.62706 0.36315918
-9.353622 -2.7841644 0.2965088
-9.484543 -2.8222504 0.27508545
-9.598801 -2.7532196 0.32507324
-9.65593 -2.6508636 0.23461914
-9.801132 -2.5009003 0.24176025
-10.217697 -2.3795013 0.051330566
-10.819931 -2.3914032 -0.3961792
-11.750656 -2.3890228 -0.7103882
-12.636154 -2.396164 -1.2007446
-13.345505 -2.4532928 -1.600647
-13.559738 -2.6413422 -1.626831
-13.562119 -2.7127533 -1.7410889
-13.759689 -2.7436981 -1.7982178
-13.95726 -2.7151337 -1.895813
-13.916794 -2.800827 -1.9696045
-13.70018 -2.81987 -2.1314697
-12.947983 -2.8603363 -2.0791016
-11.960129 -2.7508392 -1.9481812
-10.948471 -2.634201 -1.6815796
-10.036789 -2.3795013 -1.6173096
-9.422653 -2.1747894 -1.8267822
-9.158432 -2.0795746 -1.6030273
-9.08226 -1.748703 -1.4816284
-9.091782 -1.5130463 -1.3435669
-9.267929 -1.3583221 -1.3221436
-9.377426 -1.3583221 -1.2983398
-9.665451 -1.3416595 -1.4411621
-9.901108 -1.3083344 -1.7077637
-10.255783 -1.3440399 -1.9172363
-10.603317 -1.3987885 -2.1314697
-10.972275 -1.3345184 -2.2266846
-11.267441 -1.2607269 -2.3695068
-11.2079315 -1.3297577 -2.3338013
-10.846115 -1.5582733 -2.2457275
-10.693771 -1.4249725 -1.7744141
-10.243881 -1.5677948 -1.8886719
-10.139145 -1.7439423 -1.6339722
-9.962997 -1.7082367 -1.8791504
-9.932053 -1.8010712 -1.729187
-9.689255 -1.5106659 -1.7434692
-9.539291 -1.5154266 -1.6577759
-9.256027 -1.434494 -1.6958618
-9.110825 -1.47258 -1.5554199
-8.708542 -1.4630585 -1.8267822
-8.589523 -1.7248993 -1.767273
-8.494308 -1.7010956 -1.4863892
-8.163437 -1.7510834 -1.5958862
-8.089645 -1.7772675 -1.581604
-8.037277 -1.7010956 -1.5006714
-8.270554 -1.7820282 -1.562561
-8.325302 -1.8439178 -1.68396
-8.480026 -1.8796234 -1.7268066
-8.679977 -1.7891693 -1.7601318
-8.868027 -1.7129974 -1.6506348
-8.870407 -1.646347 -1.5887451
-8.95134 -1.5987396 -1.5554199
-9.025131 -1.5796967 -1.4911499
-9.056076 -1.5582733 -1.4173584
-9.106064 -1.5677948 -1.3245239
-9.127487 -1.5487518 -1.2792969
-9.129868 -1.5416107 -1.2293091
-9.087021 -1.5035248 -1.1864624
-9.025131 -1.5249481 -1.1507568
-8.987045 -1.5225677 -1.0150757
-8.975143 -1.5035248 -0.94366455
-9.025131 -1.5249481 -0.9222412
-9.170334 -1.5463715 -0.8579712
-9.198898 -1.5606537 -0.8317871
-9.225082 -1.6630096 -0.8484497
-9.189377 -1.6273041 -0.79608154
-9.179855 -1.6415863 -0.7651367
-9.270309 -1.5725555 -0.84606934
-9.477402 -1.5654144 -0.8008423
-9.684494 -1.5677948 -0.77227783
-9.820175 -1.4916229 -0.6365967
-9.872543 -1.5249481 -0.65802
-9.779709 -1.5344696 -0.4628296
-9.765427 -1.5249481 -0.20098877
-9.613083 -1.5225677 0.30126953
-9.6297455 -1.4773407 0.31079102
-9.505966 -1.4654388 0.2798462
-9.451218 -1.3845062 0.1227417
-9.517868 -1.4511566 0.14654541
-9.565475 -1.4297333 -0.09387207
-9.765427 -1.5915985 -0.20574951
-10.279587 -1.5725555 -0.510437
-11.410263 -1.6606293 -0.91986084
-12.345749 -1.4416351 -1.0126953
-13.457382 -1.4035492 -1.6054077
-14.073898 -1.8391571 -1.6601563
-13.783493 -1.960556 -1.536377
-12.952744 -2.1866913 -1.4316406
-12.317184 -2.5128021 -1.2102661
-11.555466 -2.5984955 -0.907959
-10.922287 -2.5865936 -0.7270508
-10.410507 -2.7484589 -0.6246948
-9.974899 -2.8151093 -0.49139404
-9.793991 -2.800827 -0.33428955
-9.570236 -2.7460785 -0.29144287
-9.441696 -2.6580048 -0.46044922
-9.455978 -2.7675018 -0.50567627
-9.510727 -2.6175385 -0.67230225
-9.539291 -2.5389862 -0.86273193
-9.729721 -2.4104462 -0.991272
-9.996323 -2.2390594 -1.0079346
-10.310532 -2.0914764 -1.1126709
-10.536667 -1.9224701 -1.0579224
-10.55571 -1.7534637 -1.1102905
-10.42955 -1.6082611 -1.1364746
Time Stop = 1457237327
