Time Start = 4482
-1.7864227 3.14534 7.61615
-1.5626678 3.550003 7.7232666
-1.3674774 4.371231 8.146973
-1.2603607 4.768753 8.746826
-1.2627411 4.8235016 8.882507
-1.4103241 4.447403 8.822998
-1.4722137 4.126053 8.646851
-1.4626923 3.8499298 8.432617
-1.2794037 3.761856 8.408813
-1.1032562 3.7142487 8.349304
-0.97709656 3.8166046 8.361206
-0.89378357 3.9261017 8.382629
-0.8747406 4.10701 8.482605
-0.85569763 4.133194 8.415955
-0.91996765 4.0141754 8.282654
-0.97709656 3.8356476 8.211243
-1.0532684 3.5833282 8.208862
-1.1603851 3.645218 8.216003
-1.1437225 3.7332916 8.296936
-1.1746674 3.9427643 8.4730835
-1.2675018 3.9308624 8.546875
-1.2675018 3.973709 8.45166
-1.2722626 4.0475006 8.361206
-1.2984467 4.0665436 8.311218
-1.3222504 4.0213165 8.230286
-1.422226 3.7190094 8.073181
-1.3293915 3.5809479 8.020813
-1.3341522 3.6737823 7.906555
-1.3912811 3.973709 7.885132
-1.3936615 4.3688507 7.949402
-1.2127533 4.5664215 8.082703
-1.1627655 4.49263 7.758972
-1.2079926 4.2403107 7.5114136
-1.4127045 4.0855865 6.9853516
-1.5936127 3.9618073 6.8639526
-1.4579315 3.5666656 6.6520996
-1.0223236 3.3452911 6.3688354
-0.42008972 3.6023712 5.7927856
-0.4700775 4.023697 5.442871
-0.69859314 4.1927032 6.097473
-0.8652191 4.68544 6.521179
-0.543869 4.87825 6.249817
-0.2725067 4.666397 5.6951904
0.048843384 4.4902496 4.940613
0.032180786 4.799698 3.4528809
0.39161682 5.3947906 3.3076782
0.655838 6.2850494 4.166992
1.0438385 7.1372223 5.697571
1.4842072 7.668045 6.840149
2.0912018 7.084854 7.082947
2.4077911 5.294815 7.8946533
1.5127716 3.4881134 9.644226
-0.9009247 2.1931915 10.5321045
-2.2125092 1.5957184 10.670166
-3.0527802 1.0791779 10.272644
-3.2931976 -0.077682495 9.591858
-3.5169525 -1.6082611 8.573059
-3.7359467 -3.1245575 8.434998
-4.0096893 -4.821762 8.749207
-4.5738373 -6.4975433 9.253845
-4.283432 -7.6544037 8.858704
-3.2455902 -8.3137665 8.173157
-3.1646576 -8.423264 9.113403
-3.988266 -7.6591644 9.887024
-4.564316 -7.3401947 10.955811
-4.8451996 -6.111923 10.663025
-4.1263275 -5.3383026 10.013184
-2.8742523 -5.121689 9.365723
-2.4243622 -6.3261566 9.420471
-3.0527802 -6.252365 9.2300415
-3.1384735 -5.371628 9.587097
-3.2741547 -4.064804 10.296448
-4.135849 -2.5032806 10.741577
-4.3762665 -1.8201141 10.701111
-4.1572723 -2.6437225 10.022705
-4.411972 -4.2528534 8.3897705
-4.878525 -4.974106 7.3709717
-4.91185 -4.224289 7.4804688
-4.6571503 -2.6580048 7.5423584
-5.725937 -2.203354 7.6066284
-8.818039 -1.9129486 9.227661
-10.093918 -3.2911835 10.5321045
-9.032272 -4.7217865 13.240967
-6.2043915 -5.2216644 13.6432495
-4.2548676 -4.9526825 12.124573
-5.4926605 -4.257614 10.11554
-4.861862 -3.5054169 10.236938
-3.0742035 -1.7439423 10.667786
-2.1458588 -0.080062866 10.24884
-1.9911346 -0.89653015 9.810852
-1.6888275 -0.92271423 9.701355
-2.114914 -0.62516785 10.458313
-2.1934662 -1.2131195 10.989136
-1.9863739 -2.8531952 10.774902
-2.833786 -3.1221771 10.527344
-3.1122894 -2.7079926 10.601135
-2.8694916 -2.4318695 10.527344
-2.640976 -2.3366547 10.636841
-2.0720673 -1.8391571 10.31073
-2.038742 -1.6320648 9.710876
-2.4576874 -1.6249237 9.434753
-2.5862274 -1.8748627 9.7323
-2.5076752 -1.7963104 10.186951
-2.4648285 -1.1750336 10.222656
-2.198227 -0.7013397 9.977478
-2.1934662 -0.42759705 9.613281
-2.5624237 -0.45140076 9.582336
-2.7957 -0.56565857 9.41571
-3.057541 -0.4561615 9.358582
-2.3505707 -0.06816101 9.391907
-2.2458344 0.17225647 9.389526
-2.2410736 -0.28715515 9.696594
-2.429123 -0.82273865 9.8394165
-2.7385712 -0.8536835 9.7323
-2.4910126 -0.21574402 9.363342
-2.398178 0.19606018 9.465698
-2.2077484 0.9125519 9.463318
-1.4841156 1.5076447 9.665649
-3.0789642 -0.7299042 9.598999
-2.2767792 -1.2488251 9.210999
-2.679062 -1.0274506 9.225281
-2.4648285 -0.6299286 9.439514
-1.948288 0.5316925 9.787048
-2.4315033 0.56977844 9.958435
-2.712387 0.4674225 9.820374
-2.7385712 0.5174103 9.441895
-2.455307 0.9363556 8.9991455
-2.2672577 0.80067444 9.446655
-2.5600433 0.29127502 9.727539
-2.6171722 -0.04673767 9.570435
-2.5671844 0.10560608 9.363342
-2.4338837 0.41267395 9.563293
-2.5171967 0.69117737 9.622803
-2.6433563 0.6721344 9.646606
-2.7171478 0.6078644 9.520447
-2.6838226 0.6411896 9.713257
-2.621933 0.56977844 9.518066
-2.6766815 0.25556946 9.370483
-2.5909882 0.26985168 9.494263
-2.6981049 0.3341217 9.913208
-2.7957 0.42933655 9.848938
-2.8099823 0.61976624 9.675171
-2.833786 0.5626373 9.308594
-2.8552094 0.30317688 9.206238
-2.8123627 0.24604797 9.208618
-2.8433075 0.41505432 9.263367
-3.0337372 0.3007965 9.353821
-3.026596 0.5316925 9.358582
-2.9789886 0.63642883 9.422852
-3.174179 0.31507874 9.432373
-3.0670624 0.06990051 9.615662
-2.9837494 0.10798645 9.491882
-2.9670868 0.08418274 9.487122
-3.1813202 -0.056259155 9.332397
-3.340805 0.1532135 9.265747
-3.3170013 0.21510315 9.330017
-3.4574432 0.18415833 9.365723
-3.488388 0.25794983 9.449036
-3.3931732 0.25556946 9.53949
-3.4122162 0.055618286 9.613281
-3.2217865 -0.080062866 9.568054
-3.2836761 -0.09434509 9.41571
-3.4288788 -0.30381775 9.251465
-3.4145966 -0.17527771 9.330017
-3.397934 -0.061019897 9.358582
-3.488388 -0.151474 9.289551
-3.4741058 -0.30381775 9.182434
-3.616928 -0.299057 9.103882
-3.5240936 -0.21098328 9.101501
-3.5955048 -0.23954773 9.0896
-3.5407562 -0.33714294 9.044373
-3.6526337 -0.32048035 8.656372
-3.8002167 -0.46568298 8.558777
-3.9192352 -0.45378113 8.656372
-3.9716034 -0.14433289 8.918213
-3.8264008 0.14369202 9.132446
-3.8906708 0.13179016 9.375244
-4.097763 -0.22288513 8.989624
-3.9382782 -0.34666443 8.920593
-3.7050018 -0.22050476 8.839661
-3.655014 -0.24668884 8.949158
-3.7169037 -0.17527771 9.068176
-3.7073822 -0.14909363 9.403809
-3.878769 -0.051498413 9.508545
-3.9597015 -0.17765808 9.560913
-3.8882904 -0.46806335 9.622803
-3.7073822 -0.677536 9.149109
-3.5764618 -0.8655853 8.761108
-3.5597992 -1.1512299 8.756348
-3.616928 -1.3440399 8.825378
-3.6193085 -1.1345673 8.90155
-3.590744 -0.9179535 9.275269
-3.56456 -0.81559753 9.370483
-3.6264496 -0.7441864 9.03009
-3.8811493 -0.5156708 9.013428
-4.0930023 -0.19908142 9.161011
-3.9454193 -0.037216187 9.208618
-3.9025726 -0.09196472 9.1467285
-3.9977875 -0.4228363 9.022949
-3.9001923 -0.55137634 8.96106
-3.931137 -0.37522888 9.046753
-3.802597 -0.32286072 8.8515625
-3.9144745 -0.43473816 9.001526
-3.8359222 -0.56803894 9.003906
-3.700241 -0.53471375 9.277649
-3.7335663 -0.52519226 9.387146
-3.6907196 -0.5894623 9.451416
-3.7668915 -0.5704193 9.3966675
-3.7597504 -0.4061737 9.272888
-3.75737 -0.27049255 9.020569
-3.8454437 -0.24668884 9.122925
-3.7787933 -0.21336365 9.318115
-3.738327 -0.20622253 9.272888
-3.666916 -0.20146179 9.458557
-3.6216888 -0.11338806 9.601379
-3.6240692 0.072280884 9.634705
-3.719284 0.23890686 9.663269
-3.943039 0.33650208 9.308594
-4.0811005 -0.18003845 9.175293
-4.0168304 -0.42997742 9.122925
-3.9454193 -0.32048035 9.303833
-4.040634 -0.037216187 9.258606
-3.7978363 0.024673462 9.334778
-3.6931 -0.120529175 9.3776245
-3.6978607 -0.17527771 9.546631
-3.82164 0.053237915 9.560913
-3.923996 0.074661255 9.244324
-4.192978 -0.2657318 8.718262
-4.1572723 -1.1036224 8.5563965
-4.290573 -1.1893158 8.527832
-4.321518 -1.075058 8.70636
-4.109665 -0.9488983 8.811096
-4.0287323 -0.58470154 8.956299
-4.038254 0.10322571 9.022949
-4.121567 0.50312805 8.922974
-4.4357758 0.5673981 9.001526
-4.1001434 0.42933655 8.263611
-4.5500336 0.51979065 8.803955
-4.6833344 0.22224426 9.072937
-4.738083 0.13893127 9.34668
-4.583359 0.39839172 9.527588
-4.4714813 0.39363098 9.3133545
-4.6190643 -0.0038909912 9.21814
-4.9023285 -0.29667664 9.015808
-5.0998993 -0.33476257 8.958679
-5.1213226 -0.12767029 8.701599
-4.938034 0.29127502 8.299316
-4.5738373 -0.21098328 8.668274
-3.6264496 0.52693176 7.4995117
-3.712143 -0.056259155 7.9803467
-4.3119965 0.027053833 8.765869
-4.5500336 0.19367981 9.696594
-4.540512 0.46028137 9.8394165
-4.495285 1.0958405 9.622803
-4.714279 1.4362335 8.9348755
-5.014206 1.0291901 8.311218
-5.2950897 0.17463684 8.289795
-5.42601 -0.45378113 7.8779907
-5.7687836 -1.2274017 7.6399536
-6.0710907 -1.3035736 7.7994385
-5.87352 -0.77989197 8.139832
-5.6069183 -0.15861511 8.308838
-5.342697 0.6483307 8.285034
-4.6000214 0.69355774 8.527832
-4.4738617 0.71736145 8.625427
-4.3762665 0.7768707 8.694458
-4.611923 0.605484 8.877747
-4.842819 -0.008651733 8.782532
-4.7880707 -0.677536 8.382629
-4.78331 -0.5632782 7.847046
-4.7023773 -0.31809998 7.7661133
-4.892807 -0.015792847 7.7042236
-4.733322 0.31507874 8.185059
-4.97612 0.5078888 8.808716
-5.9925385 0.21986389 9.570435
-5.04039 -1.2131195 9.815613
-4.9142303 0.3912506 9.663269
-4.918991 0.72450256 9.137207
-4.8832855 0.6292877 8.715881
-5.073715 0.2936554 8.784912
-5.1189423 -0.04197693 9.049133
-4.7737885 -0.5894623 9.201477
-5.16893 -0.37760925 8.782532
-5.0165863 -0.15861511 8.523071
-4.730942 0.06990051 8.394531
-4.7023773 -0.096725464 7.8827515
-5.026108 -0.37998962 7.5352173
-5.0879974 -0.5323334 7.525696
-5.142746 -0.31333923 7.8256226
-4.930893 -0.19908142 8.187439
-5.0165863 0.15083313 8.427856
-4.8190155 -0.14195251 8.582581
-4.5809784 0.12702942 8.634949
-4.6190643 0.23176575 8.327881
-4.930893 0.13179016 8.375488
-4.945175 0.33650208 8.682556
-4.8071136 0.38887024 9.203857
-4.6666718 0.30793762 9.332397
-4.9094696 0.10798645 9.439514
-4.540512 -0.17527771 9.368103
-4.5119476 -0.38237 8.949158
-4.6857147 -0.27049255 8.511169
-4.5357513 8.69751E-4 8.299316
-4.4976654 -0.18241882 8.527832
-4.692856 -0.19432068 8.846802
-4.6642914 -0.1348114 9.02533
-4.578598 -0.027694702 9.106262
-4.5571747 0.14607239 8.949158
-4.5571747 0.14369202 8.649231
-4.5048065 0.11512756 8.408813
-4.604782 0.06752014 8.189819
-4.6785736 0.14131165 8.373108
-4.6214447 0.057998657 8.663513
-4.6571503 0.09132385 8.792053
-4.4714813 0.16273499 9.037231
-4.431015 0.39601135 9.02533
-4.4333954 0.44599915 8.803955
-4.507187 0.34126282 8.753967
-4.5357513 0.36506653 8.630188
-4.540512 0.2674713 8.725403
-4.5547943 0.2103424 8.539734
-4.5809784 0.19367981 8.606384
-4.373886 0.2936554 8.856323
-4.40007 0.17701721 8.9991455
-4.4143524 0.24128723 9.118164
-4.3500824 0.33888245 9.15625
-4.3358 0.4340973 8.880127
-4.4524384 0.34840393 8.680176
-4.4667206 0.21986389 8.432617
-4.488144 0.14131165 8.539734
-4.3643646 0.12226868 8.689697
-4.4405365 0.16035461 8.89917
-4.416733 0.34840393 8.992004
-4.3453217 0.4912262 9.182434
-4.245346 0.5150299 9.039612
-4.169174 0.58644104 8.623047
-4.212021 0.21510315 8.573059
-4.185837 0.16035461 8.8515625
-4.3000946 0.2032013 9.103882
-4.3905487 0.11274719 9.270508
-4.4405365 0.1865387 9.034851
-4.4286346 0.3841095 8.842041
-4.4024506 0.4412384 8.83252
-4.200119 0.55311584 8.7682495
-4.154892 0.55311584 8.830139
-4.231064 0.39839172 8.913452
-4.2477264 0.33650208 8.903931
-4.290573 0.21510315 8.89917
-4.373886 0.22462463 8.780151
-4.316757 0.3507843 8.806335
-4.352463 0.37220764 8.853943
-4.2167816 0.43885803 8.849182
-4.2739105 0.50312805 8.830139
-4.2739105 0.43885803 8.96582
-4.233444 0.39839172 8.884888
-4.340561 0.27461243 8.9158325
-4.2929535 0.3603058 8.906311
-4.3072357 0.26985168 8.944397
-4.366745 0.3007965 8.887268
-4.3191376 0.39601135 8.892029
-4.2144012 0.5245514 8.937256
-4.20726 0.5578766 8.799194
-4.3238983 0.5174103 8.813477
-4.1715546 0.64356995 8.558777
-4.3358 0.35792542 8.656372
-4.3191376 0.21748352 8.820618
-4.264389 0.32460022 8.822998
-4.2596283 0.21272278 8.880127
-4.2358246 0.16511536 9.015808
-4.173935 0.3674469 8.946777
-4.295334 0.39363098 9.003906
-4.316757 0.41505432 8.994385
-4.3429413 0.27461243 8.956299
-4.3834076 0.18177795 8.796814
-4.314377 0.27223206 8.732544
-4.2405853 0.51979065 8.720642
-4.238205 0.624527 8.794434
-4.2239227 0.42933655 9.039612
-4.2739105 0.4007721 9.020569
-4.33342 0.32221985 8.877747
-4.3572235 0.47218323 8.777771
-4.316757 0.47218323 8.892029
-4.3715057 0.3603058 8.77301
-4.3072357 0.22462463 8.877747
-4.250107 0.19129944 9.015808
-4.2786713 0.21986389 9.058655
-4.2786713 0.37696838 8.89917
-4.3381805 0.36506653 8.872986
-4.3905487 0.41505432 8.751587
-4.316757 0.43171692 8.665894
-4.3834076 0.30317688 8.594482
-4.3429413 0.17463684 8.799194
-4.321518 0.050857544 8.839661
-4.3881683 0.06990051 8.949158
-4.373886 0.20558167 9.061035
-4.3572235 0.27223206 9.02771
-4.2667694 0.3912506 8.792053
-4.4786224 0.3269806 8.732544
-4.4024506 0.22938538 8.765869
-4.2810516 0.2769928 8.870605
-4.366745 0.30555725 8.942017
-4.2858124 0.41981506 8.865845
-4.3429413 0.5912018 8.880127
-4.3429413 0.46266174 9.001526
-4.295334 0.4507599 8.889648
-4.4072113 0.38172913 8.815857
-4.295334 0.3341217 8.865845
-4.309616 0.33174133 8.811096
-4.2596283 0.22462463 8.89679
-4.309616 0.23414612 8.83252
-4.3691254 0.19606018 8.83252
-4.352463 0.2103424 8.877747
-4.373886 0.21986389 8.7872925
-4.3429413 0.3007965 8.727783
-4.328659 0.374588 8.820618
-4.2810516 0.41981506 8.856323
-4.328659 0.33888245 9.056274
-4.3310394 0.32936096 8.949158
-4.392929 0.25794983 8.784912
-4.4072113 0.2103424 8.803955
-4.4595795 0.29841614 8.763489
-4.3453217 0.41267395 8.794434
-4.3358 0.45314026 8.765869
-4.366745 0.4412384 8.761108
-4.3358 0.31507874 9.039612
-4.347702 0.2674713 9.065796
-4.373886 0.25794983 9.022949
-4.40007 0.32936096 8.913452
-4.4333954 0.30555725 8.756348
-4.3834076 0.13417053 8.720642
-4.3619843 0.17939758 8.684937
-4.423874 0.32460022 8.758728
-4.3500824 0.29841614 8.730164
-4.354843 0.19606018 8.813477
-4.4072113 0.09132385 8.856323
-4.3881683 0.098464966 8.827759
-4.3500824 0.21510315 8.794434
-4.4214935 0.2674713 8.8515625
-4.3715057 0.38172913 8.863464
-4.4286346 0.4412384 8.806335
-4.3905487 0.43647766 8.670654
-4.4214935 0.34840393 8.696838
-4.4405365 0.17463684 8.801575
-4.3762665 0.15797424 8.83252
-4.3953094 0.227005 8.96106
-4.2929535 0.3007965 8.977722
-4.3191376 0.35792542 8.875366
-4.3262787 0.2436676 8.922974
-4.3572235 0.34602356 8.911072
-4.4357758 0.22462463 8.872986
-4.3905487 0.20558167 8.777771
-4.366745 0.24604797 8.842041
-4.3453217 0.23890686 8.839661
-4.3429413 0.19129944 8.856323
-4.354843 0.26271057 8.842041
-4.3619843 0.2103424 8.825378
-4.416733 0.16273499 8.70874
-4.4262543 0.10084534 8.744446
-4.4548187 0.16273499 8.796814
-4.3000946 0.12940979 8.930115
-4.3453217 0.19606018 8.875366
-4.3381805 0.117507935 8.868225
-4.3643646 0.20796204 8.944397
-4.4024506 0.25080872 8.811096
-4.404831 0.20796204 8.801575
-4.4405365 0.18177795 8.696838
-4.4976654 -0.0062713623 8.744446
-4.4905243 -0.1181488 8.989624
-4.3762665 0.072280884 9.232422
-4.3048553 0.2769928 9.439514
-4.257248 0.34840393 9.256226
-4.354843 0.38648987 8.875366
-4.347702 0.3507843 8.756348
-4.3953094 0.35316467 8.589722
-4.416733 0.14607239 8.613525
-4.404831 0.09370422 8.432617
-4.5048065 -0.051498413 8.411194
-4.352463 0.02229309 8.523071
-4.328659 0.23414612 8.625427
-4.2929535 0.30555725 8.77063
-4.423874 0.3269806 8.89679
-4.3881683 0.3841095 9.061035
-4.378647 0.47932434 9.034851
-4.3643646 0.35316467 8.996765
-4.4143524 0.28889465 8.858704
-4.3619843 0.22224426 8.882507
-4.33342 0.31269836 8.811096
-4.3834076 0.24842834 9.018188
-4.381027 0.24604797 8.894409
-4.314377 0.17939758 9.011047
-4.309616 0.29127502 8.939636
-4.290573 0.3841095 8.877747
-4.276291 0.35554504 8.820618
-4.347702 0.29603577 8.751587
-4.328659 0.16749573 8.758728
-4.3691254 0.13417053 8.842041
-4.2881927 0.16511536 8.858704
-4.3262787 0.29127502 8.906311
-4.1905975 0.227005 9.02771
-4.233444 0.2769928 8.887268
Time Stop = 4487
