Time Start = 4502
-1.8435516 4.0903473 8.006531
-1.5650482 4.5140533 8.058899
-1.3436737 4.799698 8.356445
-1.2698822 4.852066 8.442139
-1.365097 4.5997467 8.442139
-1.4936371 4.4307404 8.418335
-1.4912567 4.42836 8.373108
-1.44841 4.409317 8.392151
-1.2460785 4.435501 8.358826
-1.0270844 4.4688263 8.311218
-0.88664246 4.549759 8.223145
-0.9580536 4.549759 8.101746
-1.0913544 4.5711823 8.146973
-1.1818085 4.575943 8.161255
-1.2151337 4.5283356 8.161255
-1.2936859 4.454544 8.19696
-1.281784 4.4188385 8.239807
-1.2889252 4.402176 8.220764
-1.281784 4.454544 8.142212
-1.2984467 4.530716 8.170776
-1.365097 4.561661 8.1779175
-1.4388885 4.6378326 8.244568
-1.4341278 4.6164093 8.211243
-1.403183 4.4712067 8.13031
-1.3531952 4.3236237 8.125549
-1.3055878 4.280777 8.137451
-1.3127289 4.311722 8.1588745
-1.274643 4.461685 8.170776
-1.2960663 4.6425934 8.237427
-1.2722626 4.640213 8.087463
-1.3127289 4.506912 8.044617
-1.2698822 4.4116974 7.906555
-1.2317963 4.3545685 7.8589478
-1.2389374 4.3664703 7.8446655
-1.2484589 4.3545685 7.775635
-1.2508392 4.447403 7.7351685
-1.2651215 4.4902496 7.692322
-1.4269867 4.5330963 7.373352
-1.4960175 4.8544464 7.0758057
-1.5602875 5.0282135 7.0353394
-1.3484344 5.3305206 6.835388
-1.338913 5.4971466 6.961548
-1.4555511 5.609024 6.935364
-1.6840668 5.4185944 6.9329834
-1.9078217 5.13533 6.706848
-1.7697601 4.923477 6.1117554
-1.5602875 4.7187653 5.3309937
-1.3246307 4.4973907 5.154846
-1.043747 4.68544 5.1429443
-0.6676483 5.0329742 5.004883
-0.3058319 5.0853424 5.11438
0.1131134 5.00679 5.269104
0.66773987 5.0091705 5.661865
1.0295563 5.2781525 6.128418
1.2318878 5.382889 6.616394
0.66773987 5.087723 7.161499
-0.26060486 4.330765 7.8565674
-0.8914032 3.164383 8.2421875
-0.7676239 2.3288727 7.8446655
-0.20109558 1.6528473 7.778015
0.2868805 1.1862946 7.944641
0.49397278 0.9506378 8.863464
0.6629791 1.252945 9.003906
0.31306458 1.317215 9.339539
-0.47721863 0.8220978 9.658508
-1.3365326 -0.594223 10.141724
-1.1032562 -1.6344452 10.136963
-0.21537781 -1.8201141 9.99176
0.52253723 -1.5344696 10.003662
0.8200836 -1.286911 10.322632
0.739151 -1.2988129 10.460693
0.3035431 -1.6296844 10.341675
-0.84617615 -2.2890472 10.103638
-1.8292694 -2.7556 9.339539
-1.7364349 -2.9531708 8.789673
-0.7533417 -2.653244 9.020569
-0.4058075 -2.217636 9.851318
-1.0199432 -2.0081635 10.574951
-2.0530243 -2.1486053 10.877258
-2.5362396 -2.5342255 10.717773
-2.4076996 -2.9079437 10.317871
-2.0411224 -3.2864227 9.910828
-2.4648285 -3.474472 9.532349
-3.6050262 -3.4078217 9.560913
-4.6595306 -3.3816376 10.089355
-5.302231 -2.88414 10.713013
-4.778549 -2.2890472 10.805847
-4.109665 -2.2319183 10.122681
-4.33342 -2.7079926 9.187195
-4.983261 -3.2792816 8.996765
-6.028244 -3.7577362 9.108643
-6.5781097 -3.5173187 9.1657715
-6.149643 -3.0460052 9.41571
-5.1903534 -2.2533417 9.484741
-4.8499603 -2.2842865 8.420715
-5.3141327 -3.1459808 7.5947266
-6.240097 -4.1957245 7.0877075
-7.023239 -4.4409027 6.763977
-7.2565155 -3.7101288 7.109131
-7.4731293 -2.4842377 7.820862
-10.091537 -1.6273041 9.380005
-10.246262 -3.4625702 9.79895
-7.5516815 -5.378769 11.277161
-4.7095184 -3.6696625 11.1414795
-5.418869 -3.3364105 10.591614
-5.55217 -2.7032318 8.701599
-5.0618134 -2.729416 8.208862
-3.8287811 -2.0724335 9.087219
-4.1001434 0.098464966 9.910828
-4.52861 0.58406067 10.617798
-4.3953094 -1.5106659 10.275024
-4.8499603 -3.2792816 10.186951
-4.745224 -2.7246552 11.177185
-4.026352 -2.0034027 12.126953
-3.4860077 -1.5725555 11.803223
-3.1765594 -1.4940033 10.817749
-2.814743 -1.1536102 9.446655
-2.5243378 -0.35856628 8.523071
-2.4124603 -0.14671326 8.406433
-2.9528046 -0.6680145 8.803955
-3.2265472 -0.91319275 9.375244
-3.3384247 -0.6204071 10.106018
-3.2098846 -0.35142517 10.75824
-2.9409027 -0.39665222 10.653503
-2.8456879 -0.72276306 10.075073
-3.0099335 -0.6632538 9.322876
-2.7909393 -0.10862732 8.956299
-2.8361664 0.62690735 8.925354
-2.73143 0.8673248 8.727783
-2.8385468 0.47218323 8.827759
-3.000412 0.18415833 9.244324
-2.9575653 0.25794983 9.482361
-2.7385712 0.33174133 9.54187
-2.7599945 0.5507355 9.308594
-2.7338104 0.46980286 9.330017
-2.5362396 1.7028351 9.096741
-2.890915 0.18177795 9.387146
-2.8671112 0.031814575 9.560913
-2.7480927 0.8268585 9.794189
-2.6957245 0.8673248 10.103638
-2.7004852 0.4007721 9.810852
-2.826645 0.18177795 9.682312
-2.6195526 0.21986389 9.694214
-2.705246 0.36268616 9.760864
-2.564804 0.69117737 9.744202
-2.5433807 0.80781555 9.439514
-2.8932953 0.9173126 9.427612
-2.9028168 0.9268341 9.589478
-2.871872 0.90779114 9.556152
-3.000412 0.6459503 9.265747
-3.0289764 0.60072327 9.177673
-2.955185 0.61738586 9.134827
-2.8290253 0.84828186 9.115784
-3.0361176 0.88160706 9.487122
-2.962326 0.9173126 9.672791
-3.0694427 0.88160706 9.706116
-3.0813446 0.76020813 9.306213
-3.1837006 0.63642883 9.241943
-3.269394 0.753067 9.372864
-3.231308 0.7792511 9.072937
-3.0932465 0.6126251 8.877747
-3.250351 0.522171 9.258606
-3.0051727 0.83399963 9.494263
-3.2455902 0.9744415 9.558533
-3.5621796 0.92207336 9.28717
-3.6407318 0.8101959 9.194336
-3.6002655 0.8530426 9.256226
-3.3717499 0.8673248 9.013428
-3.3003387 0.63642883 9.070557
-3.5026703 0.5650177 9.263367
-3.6907196 0.70783997 9.551392
-3.7906952 0.7863922 9.532349
-3.8763885 0.87446594 9.596619
-3.7359467 0.72688293 9.639465
-3.583603 0.42933655 9.487122
-3.4217377 0.14607239 9.339539
-3.4288788 0.13179016 8.975342
-3.6216888 0.30317688 8.906311
-4.1144257 0.2531891 9.22052
-3.6454926 -0.018173218 9.437134
-3.8454437 0.072280884 9.510925
-3.8240204 0.19606018 9.172913
-3.6954803 -0.056259155 9.09436
-3.8906708 -0.15623474 8.892029
-3.9739838 -0.15623474 8.677795
-3.8811493 -0.013412476 8.592102
-3.9025726 0.0627594 8.573059
-4.0096893 0.20796204 8.868225
-4.002548 0.3174591 9.072937
-4.2405853 0.16273499 9.210999
-4.2096405 0.23414612 9.28717
-4.1905975 0.25556946 9.275269
-4.250107 0.27461243 9.053894
-4.2620087 0.12226868 8.701599
-4.3191376 -0.18955994 8.44928
-4.1596527 -0.42521667 8.38739
-3.8763885 -0.55137634 8.922974
-3.9811249 -0.36808777 9.372864
-4.257248 -0.17765808 9.265747
-4.4214935 -0.1847992 9.044373
-4.5119476 -0.13243103 8.70874
-4.540512 -0.17051697 8.382629
-4.5309906 -0.12767029 8.020813
-4.502426 -0.19432068 8.175537
-4.3310394 -0.40379333 8.623047
-4.019211 -0.6870575 9.101501
-4.2548676 -0.5061493 9.301453
-4.212021 -0.08958435 9.3133545
-4.1977386 -0.07292175 9.182434
-4.297714 -0.24906921 8.715881
-4.4548187 -0.51805115 8.404053
-4.4714813 -0.4799652 8.456421
-4.314377 -0.41807556 8.723022
-4.0691986 -0.36808777 8.918213
-4.185837 -0.51805115 9.308594
-4.162033 -0.36332703 9.427612
-4.135849 -0.25144958 9.2229
-4.3358 -0.3085785 8.9991455
-4.33342 -0.27287292 8.83728
-4.476242 -0.04197693 8.342163
-4.4452972 -0.10386658 8.354065
-4.4072113 -0.039596558 8.801575
-4.507187 -0.08482361 9.127686
-4.4286346 -0.025314331 9.334778
-4.3238983 -0.018173218 9.527588
-4.1953583 0.024673462 9.358582
-4.154892 -0.037216187 8.956299
-4.2144012 -0.24906921 8.630188
-4.212021 -0.39665222 8.425476
-4.238205 -0.69181824 8.363586
-4.200119 -0.6108856 8.649231
-4.1596527 -0.21336365 9.196716
-4.154892 0.03895569 9.399048
-4.2405853 0.11512756 9.306213
-4.245346 -0.051498413 9.099121
-4.2096405 -0.21812439 8.956299
-4.219162 -0.5228119 8.739685
-4.3191376 -0.6442108 8.651611
-4.2215424 -0.27049255 8.846802
-4.0739594 0.15083313 9.106262
-4.059677 0.4079132 9.268127
-4.116806 0.51026917 9.363342
-4.2667694 0.04133606 8.987244
-4.4929047 -0.7037201 8.565918
-4.5167084 -1.1107635 8.380249
-4.5238495 -0.972702 8.463562
-4.3881683 -0.6870575 8.865845
-4.2239227 -0.48710632 9.449036
-4.021591 -0.35380554 9.744202
-3.8168793 -0.39665222 9.9227295
-3.7859344 -0.3990326 9.660889
-3.700241 -0.51091003 9.437134
-3.5669403 -0.33714294 9.137207
-3.6764374 -0.08720398 8.918213
-3.8240204 -0.032455444 8.806335
-4.066818 0.08180237 8.853943
-4.2929535 0.24604797 8.96344
-4.373886 0.41981506 9.020569
-4.3881683 0.28889465 8.968201
-4.3905487 -0.15623474 8.849182
-4.1834564 -0.61802673 8.725403
-3.7288055 -0.7917938 8.568298
-3.8502045 -0.8346405 8.570679
-4.116806 -0.677536 8.870605
-4.4524384 -0.17765808 9.28479
-4.4548187 0.26985168 9.553772
-4.7285614 0.7221222 9.556152
-4.552414 0.69117737 9.322876
-4.547653 0.44361877 9.244324
-4.714279 0.49598694 8.865845
-4.680954 0.09132385 8.406433
-4.9713593 -0.13957214 8.475464
-4.8523407 -0.26811218 8.7039795
-4.7047577 -0.17289734 8.763489
-4.8499603 0.18891907 8.77063
-4.904709 0.41267395 8.903931
-4.7690277 0.40315247 9.401428
-4.7880707 1.1743927 8.494507
-4.695236 1.0696564 8.64447
-4.797592 0.9268341 8.527832
-4.7047577 0.4983673 8.285034
-4.8975677 0.20082092 8.425476
-4.730942 0.13417053 8.625427
-4.616684 0.4007721 8.634949
-4.9142303 0.6459503 8.625427
-5.207016 0.83161926 8.727783
-4.9594574 0.23890686 8.375488
-5.29747 -0.099105835 8.046997
-5.495041 0.072280884 7.820862
-5.135605 0.15797424 7.9017944
-5.1594086 0.45552063 7.9017944
-5.3712616 0.33888245 8.146973
-5.4783783 0.3507843 8.168396
-5.5569305 0.4412384 8.208862
-5.5307465 0.5007477 8.430237
-5.4545746 0.75782776 8.523071
-5.3331757 0.96492004 8.51593
-5.354599 0.8792267 8.344543
-5.321274 0.7863922 8.404053
-5.2474823 0.7863922 8.430237
-5.2046356 0.85066223 8.554016
-5.0808563 0.9292145 8.670654
-4.945175 0.80067444 8.818237
-4.8451996 0.541214 8.825378
-4.7023773 0.30317688 8.570679
-4.880905 0.06513977 8.463562
-5.0046844 -0.33000183 8.561157
-5.0499115 -0.36332703 8.525452
-5.135605 -0.23954773 8.475464
-5.1189423 -0.10862732 8.361206
-5.0165863 0.29603577 8.189819
-4.635727 0.48646545 8.244568
-4.7095184 0.41505432 8.299316
-4.8761444 0.5316925 8.2421875
-4.797592 0.5816803 8.282654
-4.630966 0.8268585 8.116028
-4.9523163 1.1648712 7.9851074
-4.795212 0.81495667 7.994629
-4.6666718 -0.06578064 7.963684
-5.2689056 0.053237915 7.7470703
-4.7666473 -0.7275238 8.742065
-4.2477264 0.010391235 9.196716
-4.5881195 0.38648987 9.449036
-4.4929047 0.09370422 9.363342
-4.6595306 0.40553284 9.3133545
-4.880905 0.43171692 9.265747
-4.8523407 0.06752014 9.1467285
-4.52861 -0.10624695 8.913452
-4.3715057 -0.17289734 8.980103
-4.2620087 -0.025314331 9.041992
-4.2215424 0.11036682 9.303833
-4.2167816 0.28175354 9.394287
-4.27153 0.33888245 9.427612
-4.2215424 0.24604797 9.056274
-4.33342 0.23890686 8.865845
-4.2548676 0.3007965 8.868225
-4.2358246 0.16273499 8.865845
-4.3453217 0.1532135 8.846802
-4.276291 0.2603302 8.882507
-4.3453217 0.36506653 8.892029
-4.521469 0.43171692 8.765869
-4.469101 0.60072327 8.589722
-4.385788 0.66737366 8.713501
-4.2548676 0.52693176 8.844421
-4.3000946 0.2531891 8.951538
-4.354843 0.12464905 8.820618
-4.469101 0.16511536 8.756348
-4.4095917 0.310318 8.651611
-4.3762665 0.31983948 8.742065
-4.2096405 0.23414612 8.749207
-4.2786713 0.096084595 8.811096
-4.385788 0.06752014 8.763489
-4.366745 0.21986389 8.925354
-4.4286346 0.3603058 8.939636
-4.3429413 0.4174347 8.972961
-4.290573 0.3341217 8.968201
-4.2810516 0.36268616 8.918213
-4.321518 0.39839172 8.906311
-4.192978 0.46028137 8.8349
-4.257248 0.4507599 8.758728
-4.316757 0.41267395 8.789673
-4.283432 0.42695618 8.661133
-4.3619843 0.4174347 8.682556
-4.33342 0.37934875 8.630188
-4.3453217 0.27937317 8.627808
-4.366745 0.28651428 8.699219
-4.3238983 0.35316467 8.742065
-4.2620087 0.3912506 8.877747
-4.2048798 0.4007721 8.884888
-4.250107 0.43647766 8.813477
-4.1953583 0.39839172 8.922974
-4.231064 0.3174591 8.975342
-4.2429657 0.37934875 9.008667
-4.2144012 0.50312805 8.89679
-4.162033 0.51264954 8.822998
-4.154892 0.5721588 8.820618
-4.1453705 0.5150299 8.815857
-4.1786957 0.42219543 8.880127
-4.2144012 0.4079132 8.906311
-4.2096405 0.4507599 9.077698
-4.135849 0.5388336 9.172913
-4.1144257 0.45552063 9.118164
-4.102524 0.4340973 9.072937
-4.083481 0.47932434 9.011047
-4.1382294 0.3912506 9.02771
-4.1525116 0.42933655 8.942017
-4.20726 0.42933655 8.849182
-4.1406097 0.51264954 8.932495
-4.181076 0.39839172 9.003906
-4.212021 0.4174347 9.001526
-4.2239227 0.46028137 8.925354
-4.162033 0.54597473 9.041992
-4.1120453 0.55311584 8.939636
-4.181076 0.5078888 8.765869
-4.154892 0.47694397 8.665894
-4.2239227 0.43171692 8.744446
-4.2167816 0.42695618 8.818237
-4.1953583 0.44361877 8.863464
-4.1953583 0.522171 8.877747
-4.1644135 0.5174103 8.872986
-4.0882416 0.5340729 9.02771
-4.1715546 0.5150299 9.037231
-4.1786957 0.41981506 8.987244
-4.1834564 0.42695618 8.96582
-4.1453705 0.43171692 8.975342
-4.1905975 0.41267395 8.880127
-4.185837 0.49598694 9.034851
-4.097763 0.5792999 9.09436
-4.1120453 0.6292877 9.001526
-4.1191864 0.5316925 8.865845
-4.290573 0.33888245 8.853943
-4.2858124 0.15559387 8.825378
-4.3048553 0.17939758 8.96344
-4.188217 0.3269806 9.02771
-4.1834564 0.47694397 8.9158325
-4.121567 0.5650177 8.939636
-4.185837 0.522171 8.865845
-4.2429657 0.43171692 8.715881
-4.2881927 0.29841614 8.570679
-4.3072357 0.26509094 8.673035
-4.2810516 0.24604797 8.775391
-4.290573 0.18415833 8.911072
-4.252487 0.30555725 8.913452
-4.2048798 0.37934875 8.925354
-4.1715546 0.49598694 8.968201
-4.2239227 0.50312805 8.9348755
-4.295334 0.43171692 8.894409
-4.309616 0.457901 8.744446
-4.316757 0.43171692 8.887268
-4.250107 0.34840393 8.775391
-4.26915 0.24128723 8.803955
-4.226303 0.25080872 8.808716
-4.283432 0.31983948 8.996765
-4.226303 0.32221985 9.034851
-4.2239227 0.49360657 9.058655
-4.3000946 0.54359436 8.96344
-4.378647 0.5578766 8.882507
-4.2144012 0.39363098 8.922974
-4.231064 0.40315247 8.8515625
-4.2596283 0.25794983 8.89917
-4.1572723 0.17939758 8.811096
-4.276291 0.015151978 8.7682495
-4.3000946 -0.020553589 8.696838
-4.3119965 0.12464905 8.801575
-4.2810516 0.12464905 8.942017
-4.2548676 0.21748352 8.951538
-4.212021 0.26271057 8.96582
-4.231064 0.31983948 8.839661
-4.245346 0.28175354 8.96582
-4.2358246 0.36268616 8.946777
-4.1763153 0.32460022 8.930115
-4.2286835 0.23414612 8.827759
-4.290573 0.14369202 8.822998
-4.264389 0.17701721 8.987244
-4.238205 0.3174591 9.02771
-4.226303 0.38887024 8.932495
-4.276291 0.41981506 8.951538
-4.2429657 0.4079132 8.83252
-4.2810516 0.3674469 8.7872925
-4.3072357 0.32221985 8.737305
-4.2810516 0.35316467 8.825378
-4.2286835 0.2841339 8.911072
-4.2048798 0.16273499 8.944397
-4.2215424 0.02229309 8.977722
-4.166794 0.053237915 8.96582
-4.2144012 0.16273499 8.944397
-4.257248 0.1865387 8.868225
-4.2548676 0.12464905 8.720642
-4.2405853 0.12940979 8.730164
-4.2477264 0.17701721 8.784912
-4.264389 0.12940979 8.811096
-4.2215424 0.19129944 8.925354
-4.238205 0.19367981 8.9991455
-4.135849 0.19606018 9.099121
-4.135849 0.22462463 9.113403
-4.231064 0.25794983 8.96344
-4.2810516 0.31507874 8.942017
-4.252487 0.3674469 8.858704
-4.2358246 0.35554504 8.844421
-4.226303 0.26985168 8.882507
-4.252487 0.14131165 8.892029
-4.2881927 0.10560608 8.906311
-4.2358246 0.117507935 9.022949
-4.2048798 0.17463684 8.944397
-4.257248 0.17939758 8.784912
-4.2596283 0.19367981 8.761108
-4.1382294 0.1698761 8.646851
-4.007309 0.16511536 8.625427
-4.0311127 0.06037903 8.756348
-4.121567 0.055618286 9.02771
-4.2810516 0.10560608 9.103882
-4.3000946 0.22938538 9.28241
-4.2167816 0.3436432 9.3133545
-4.2786713 0.32221985 9.15387
-4.2810516 0.2674713 8.942017
-4.1786957 0.26271057 8.911072
-4.2358246 0.20796204 8.894409
-4.1905975 0.12464905 8.663513
-4.3000946 0.02229309 8.701599
-4.340561 0.06990051 8.796814
Time Stop = 4507
