Time Start = 1457235889
1.0485992 2.8644562 9.061035
0.6653595 2.88826 8.96344
0.3368683 2.857315 9.001526
0.277359 2.7049713 9.180054
0.22499084 2.5026398 9.320496
0.19880676 2.4859772 9.251465
0.06550598 2.4478912 9.077698
-0.1749115 2.2717438 8.889648
-0.43437195 2.176529 8.658752
-0.65812683 2.2765045 8.77301
-0.6628876 2.6549835 9.084839
-0.65812683 2.9906158 9.675171
-0.8104706 3.3095856 10.201233
-0.99375916 3.5476227 10.24884
-1.4365082 3.8142242 10.108398
-1.8625946 4.114151 9.322876
-2.2529755 3.876114 9.011047
-2.391037 3.376236 9.272888
-2.0458832 3.1953278 9.432373
-1.5983734 3.281021 9.872742
-1.5222015 3.2143707 10.294067
-1.826889 3.1858063 10.1345825
-2.3600922 2.9763336 10.001282
-2.7647552 2.7882843 9.34906
-2.9694672 2.6097565 8.32312
-2.8052216 1.9694366 8.663513
-2.7528534 1.5124054 9.4609375
-2.7718964 1.6028595 9.998901
-2.9956512 1.7433014 10.05127
-3.462204 1.6409454 9.941772
-4.3453217 1.445755 9.115784
-4.885666 0.56025696 9.794189
-4.483383 0.71736145 9.741821
-4.2024994 0.79115295 9.132446
-4.2144012 0.28889465 9.001526
-4.4857635 -0.299057 9.1467285
-4.442917 -0.57518005 9.09436
-4.3691254 -1.1464691 9.161011
-4.257248 -2.2842865 8.587341
-3.8430634 -2.8222504 8.5802
-3.62883 -2.3723602 8.244568
-3.6954803 -1.934372 8.26123
-4.052536 -1.9081879 7.649475
-3.9549408 -3.179306 7.5542603
-3.4336395 -4.531357 8.227905
-2.6838226 -5.1907196 8.744446
-2.7195282 -4.7741547 8.889648
-3.0742035 -3.7601166 9.208618
-3.3193817 -3.4316254 8.753967
-3.333664 -4.0362396 8.304077
-2.7933197 -5.1692963 8.401672
-2.3101044 -5.469223 8.373108
-2.4981537 -5.333542 8.689697
-2.564804 -4.897934 8.546875
-3.147995 -4.367111 7.052002
-2.4505463 -4.6956024 7.6399536
1.0033722 -5.654892 5.9070435
0.30116272 -5.4525604 6.84729
-1.0342255 -3.7529755 7.906555
-1.9173431 -3.4720917 8.658752
-0.26060486 -3.7315521 9.327637
-1.9554291 -5.116928 9.696594
-2.6719208 -5.7477264 10.18457
-1.2222748 -5.847702 9.917969
-2.7790375 -6.3309174 10.036987
-4.635727 -5.5620575 9.363342
-4.007309 -5.9214935 8.968201
-3.666916 -5.3573456 8.870605
-3.424118 -4.2338104 9.3966675
-3.0218353 -4.2409515 9.810852
-3.0956268 -4.7146454 9.698975
-3.866867 -5.1383514 8.811096
-4.9356537 -5.040756 7.823242
-5.6069183 -4.4599457 7.42334
-5.847336 -4.2290497 7.4019165
-5.9092255 -4.364731 7.354309
-5.675949 -4.512314 7.532837
-5.4593353 -4.628952 7.5947266
-5.380783 -4.667038 7.4542847
-5.483139 -4.5432587 7.4542847
-5.559311 -4.443283 7.335266
-5.5497894 -4.2409515 7.385254
-5.5640717 -4.0100555 7.335266
-5.604538 -4.148117 7.4161987
-5.573593 -4.2861786 7.373352
-5.6259613 -4.2528534 7.263855
-5.635483 -4.545639 7.1329346
-5.661667 -4.276657 7.2614746
-5.7306976 -4.402817 7.066284
-5.604538 -4.628952 7.109131
-5.509323 -4.3694916 7.282898
-5.7045135 -4.474228 7.1067505
-5.823532 -4.390915 7.173401
-5.906845 -4.48851 7.187683
-5.8259125 -4.531357 7.2210083
-5.930649 -4.5361176 7.211487
-5.854477 -4.402817 7.1853027
-5.952072 -4.333786 7.1900635
-5.956833 -4.3623505 7.1257935
-6.047287 -4.3361664 7.006775
-6.0258636 -4.6051483 7.2210083
-5.971115 -4.602768 7.085327
-6.059189 -4.4718475 7.0424805
-6.016342 -4.5599213 7.1638794
-5.9020844 -4.3575897 7.1567383
-5.9544525 -4.243332 7.1781616
-5.956833 -4.417099 7.013916
-5.8711395 -4.3885345 7.0234375
-5.887802 -4.398056 7.1067505
-5.8901825 -4.371872 7.1067505
-5.8901825 -4.262375 7.2233887
-5.906845 -4.3742523 7.1900635
-5.868759 -4.512314 6.982971
-6.0044403 -4.928879 7.116272
-5.783066 -4.757492 6.994873
-5.8449554 -4.2861786 7.1519775
-5.8330536 -4.193344 7.2400513
-5.7497406 -4.2909393 7.218628
-5.7925873 -4.405197 7.1186523
-5.7735443 -4.512314 6.918701
-5.764023 -4.493271 6.9591675
-5.771164 -4.4599457 7.0401
-5.9092255 -4.5027924 7.2400513
-5.828293 -4.80748 7.0305786
-5.8211517 -4.5170746 6.9710693
-5.906845 -4.5623016 7.2281494
-5.892563 -4.590866 7.0401
-6.078232 -4.712265 7.2805176
-5.868759 -4.931259 7.0186768
-5.8520966 -4.764633 6.9853516
-5.8449554 -4.6765594 7.025818
-5.802109 -4.6503754 7.025818
-5.8211517 -4.724167 6.9972534
-5.80925 -4.655136 6.8877563
-5.8068695 -4.6884613 7.0496216
-5.816391 -4.788437 7.082947
-5.797348 -4.697983 6.982971
-5.771164 -4.6432343 7.052002
-5.7806854 -4.9217377 7.213867
-5.8711395 -4.5027924 7.2686157
-6.0187225 -5.026474 6.730652
-6.0258636 -4.5504 6.8615723
-5.80925 -4.897934 6.930603
-6.0425262 -5.059799 6.6640015
-6.509079 -5.6382294 6.52594
-6.0520477 -4.61467 7.3638306
-5.514084 -5.238327 7.2924194
-5.3307953 -5.1193085 6.937744
-5.323654 -5.359726 6.956787
-5.3450775 -5.147873 7.002014
-5.161789 -5.076462 6.9544067
-5.502182 -5.0693207 6.9282227
-5.387924 -5.2145233 6.935364
-5.316513 -4.897934 7.278137
-5.611679 -5.5096893 6.775879
-5.3307953 -5.309738 7.3685913
-5.135605 -5.814377 6.999634
-4.9546967 -5.983383 6.6259155
-5.002304 -5.635849 6.725891
-4.9713593 -5.666794 7.021057
-5.173691 -5.6644135 7.025818
-5.207016 -5.5430145 7.090088
-5.0046844 -5.378769 7.128174
-4.8713837 -5.38591 7.0686646
-4.8190155 -5.4525604 6.949646
-4.885666 -5.5620575 6.9591675
-4.7404633 -5.5953827 7.1019897
-4.8951874 -5.7048798 7.1972046
-4.711899 -5.2621307 6.937744
-5.0618134 -4.7170258 7.842285
-4.5690765 -6.1452484 7.128174
-4.91185 -6.2928314 7.066284
-4.907089 -5.8310394 6.987732
-5.0832367 -6.609421 7.468567
-4.9023285 -7.0117035 7.456665
-4.483383 -6.0309906 7.251953
-4.6714325 -5.1954803 7.4352417
-4.6381073 -5.76915 7.320984
-4.745224 -5.9595795 7.16626
-4.688095 -5.8238983 7.2924194
-4.476242 -5.5882416 7.4471436
-4.328659 -5.5811005 7.218628
-4.381027 -5.7620087 6.9782104
-4.411972 -5.854843 7.059143
-4.3500824 -5.9548187 7.1519775
-4.226303 -5.96196 7.1448364
-4.2048798 -5.8453217 7.0567627
-4.2667694 -5.6263275 6.8639526
-4.1715546 -4.957443 6.635437
-4.3500824 -5.7739105 7.0924683
-4.169174 -5.931015 7.16626
-4.188217 -5.9476776 7.2805176
-4.2167816 -5.7786713 7.3447876
-4.290573 -5.540634 7.532837
-4.2405853 -5.9072113 7.48761
-3.9025726 -5.9548187 7.3043213
-4.1977386 -5.957199 7.525696
-4.007309 -6.2499847 7.2352905
-4.0763397 -5.852463 7.6899414
-4.0477753 -6.245224 7.725647
-3.9763641 -5.9786224 7.725647
-3.8097382 -5.9595795 7.539978
-3.738327 -5.77153 7.573303
-3.795456 -5.5953827 7.630432
-3.3765106 -4.8622284 7.16864
-3.814499 -5.6977386 7.7470703
-3.7454681 -5.840561 7.7018433
-3.5145721 -5.77153 7.642334
-3.4288788 -5.795334 7.559021
-3.8073578 -5.397812 7.5804443
-3.9216156 -5.7548676 7.7280273
-3.4550629 -5.3311615 6.980591
-3.8930511 -4.9479218 7.570923
-3.302719 -5.685837 7.142456
-3.5098114 -5.9548187 7.732788
-3.6621552 -6.4594574 8.249329
-3.904953 -6.7474823 8.508789
-3.4979095 -6.340439 7.3376465
-3.4550629 -5.5739594 7.149597
-3.5788422 -5.9524384 7.4090576
-3.5217133 -5.6834564 7.585205
-3.5955048 -5.4025726 7.720886
-3.4931488 -5.5501556 7.7494507
-3.3550873 -5.6072845 7.694702
-3.3455658 -5.473984 7.816101
-3.288437 -5.5501556 7.7922974
-3.3907928 -5.5811005 7.6280518
-3.4979095 -5.712021 7.692322
-3.469345 -5.6905975 7.7089844
-3.4336395 -5.673935 7.801819
-3.4384003 -5.604904 7.820862
-3.5574188 -5.564438 7.720886
-3.6454926 -5.6572723 7.61615
-3.666916 -5.623947 7.6899414
-3.7073822 -5.847702 8.446899
-3.3193817 -5.9024506 7.758972
-3.519333 -5.3811493 7.7232666
-3.719284 -5.7548676 7.6280518
-4.066818 -6.059555 8.051758
-3.2812958 -6.1666718 7.725647
-3.4003143 -5.90007 7.8565674
-2.9599457 -5.6334686 7.7661133
-3.545517 -5.873886 7.8946533
-3.6216888 -5.5882416 7.801819
-3.6835785 -5.4525604 7.87323
-3.7216644 -5.4406586 8.120789
-2.7623749 -4.993149 8.168396
-2.7980804 -4.8384247 8.201721
-2.9004364 -4.8003387 8.892029
-2.8694916 -4.7598724 9.21814
-2.621933 -4.219528 7.6185303
-3.2860565 -4.0433807 8.658752
-3.102768 -4.9788666 8.544495
-3.5788422 -4.697983 9.049133
-3.3289032 -4.474228 9.318115
-3.6788177 -5.052658 9.648987
-3.9382782 -4.9074554 9.725159
-3.9097137 -4.576584 9.15625
-3.7454681 -4.2147675 8.499268
-3.314621 -3.929123 8.587341
-3.1837006 -3.9076996 8.587341
-3.1646576 -3.9434052 8.594482
-3.0742035 -4.236191 8.511169
-3.2836761 -4.545639 8.699219
-2.936142 -4.609909 8.525452
-2.8766327 -4.7479706 8.239807
-2.8480682 -4.674179 8.042236
-2.9051971 -4.750351 7.8946533
-3.0123138 -4.783676 7.9136963
-3.231308 -4.795578 7.885132
-2.9313812 -4.897934 8.144592
-2.5671844 -4.7408295 8.38501
-2.6243134 -4.7408295 8.765869
-2.417221 -4.6075287 9.322876
-2.2482147 -4.6384735 9.21814
-2.0435028 -4.8812714 8.784912
-2.1768036 -5.188339 9.246704
-1.7221527 -4.8741302 9.053894
-1.7530975 -4.545639 9.041992
-1.8721161 -4.0624237 9.280029
-2.0101776 -3.7529755 9.437134
-1.9601898 -3.6768036 9.372864
-2.1506195 -3.4697113 9.420471
-2.103012 -3.172165 9.196716
-2.4648285 -3.0269623 9.108643
-2.712387 -2.7675018 9.096741
-2.6814423 -2.7127533 9.3133545
-2.5909882 -2.6651459 9.41095
-2.4053192 -2.8865204 9.303833
-2.2315521 -3.2792816 9.115784
-2.352951 -3.4839935 9.101501
-2.3243866 -3.6125336 8.994385
-2.4148407 -3.345932 8.882507
-2.4386444 -3.3411713 9.120544
-2.4005585 -3.3768768 9.249084
-2.2267914 -3.2507172 9.1657715
-2.2267914 -3.4958954 9.111023
-2.1910858 -3.2221527 8.953918
-2.0268402 -2.6103973 9.141968
-2.6885834 -3.2007294 9.579956
-2.1696625 -2.9198456 9.137207
-1.4150848 -2.8103485 8.8515625
-3.0480194 -3.5149384 9.149109
-2.7409515 -3.3863983 9.575195
-2.5338593 -3.686325 8.489746
-2.7100067 -3.762497 9.420471
-2.3791351 -2.9912567 9.332397
-2.2339325 -3.2959442 9.251465
-2.3553314 -2.9127045 9.330017
-2.3934174 -2.8365326 9.358582
-2.4124603 -3.0198212 9.299072
-2.5029144 -3.0293427 9.268127
-2.493393 -3.1221771 9.337158
-2.4029388 -3.0198212 9.403809
-2.5171967 -3.0293427 9.420471
-2.4029388 -3.0341034 9.429993
-2.4600677 -2.9341278 9.389526
-2.371994 -2.9150848 9.41095
-2.4148407 -2.8317719 9.341919
-2.4719696 -3.0412445 9.225281
-2.5076752 -3.0912323 9.199097
-2.557663 -2.8817596 9.182434
-2.6100311 -2.479477 9.130066
-3.019455 -2.7032318 9.656128
-3.0789642 -2.5746918 9.534729
-2.9385223 -2.6627655 8.230286
-2.9004364 -3.088852 8.101746
-3.635971 -3.0626678 9.994141
-3.0527802 -2.9555511 8.849182
-2.8694916 -3.5482635 9.084839
-2.1529999 -2.986496 9.301453
-2.6314545 -3.1364594 9.239563
-2.6504974 -3.07695 9.213379
-2.660019 -2.993637 9.294312
-2.8314056 -2.6199188 9.332397
-2.8171234 -2.7698822 9.277649
-2.8409271 -2.6437225 9.246704
-2.9004364 -2.6699066 9.34906
-2.7980804 -2.7389374 9.408569
-2.8575897 -2.6437225 9.380005
-2.8623505 -2.698471 9.382385
-2.8099823 -2.679428 9.332397
-2.879013 -2.672287 9.372864
-2.8028412 -2.8079681 9.3133545
-2.7814178 -2.812729 9.308594
-2.7718964 -2.7675018 9.296692
-2.7409515 -2.7484589 9.322876
-2.8242645 -2.7270355 9.28479
-2.7576141 -2.876999 9.215759
-2.743332 -2.6937103 9.318115
-2.679062 -2.672287 9.251465
-2.7028656 -2.5556488 9.256226
-2.6743011 -2.6127777 9.310974
-2.5862274 -2.6770477 9.241943
-2.6814423 -2.6556244 9.201477
-2.7361908 -2.6484833 9.270508
-2.7599945 -2.6389618 9.196716
-2.7837982 -2.5770721 9.172913
-2.776657 -2.6556244 9.144348
-2.7028656 -2.672287 9.189575
-2.6124115 -2.7341766 9.161011
-2.6909637 -2.7151337 9.161011
-2.6552582 -2.6818085 9.139587
-2.724289 -2.5413666 9.15863
-2.7219086 -2.5723114 9.182434
-2.629074 -2.7698822 9.258606
-2.6314545 -2.698471 9.332397
-2.4910126 -2.7579803 9.427612
-2.512436 -2.5675507 9.391907
-2.6147919 -2.5580292 9.399048
-2.5981293 -2.5842133 9.363342
-2.686203 -2.646103 9.330017
-2.640976 -2.7960663 9.244324
-2.6457367 -2.6889496 9.339539
-2.712387 -2.672287 9.3133545
-2.7290497 -2.6580048 9.263367
-2.7361908 -2.6508636 9.275269
-2.7266693 -2.6937103 9.199097
-2.7457123 -2.8960419 9.225281
-2.6647797 -2.8484344 9.180054
-2.712387 -2.7675018 9.275269
-2.640976 -2.793686 9.332397
-2.5719452 -2.6508636 9.368103
-2.5981293 -2.6389618 9.249084
-2.7219086 -2.6603851 9.334778
-2.7076263 -2.6841888 9.263367
-2.8052216 -2.736557 9.265747
-2.648117 -2.8508148 9.341919
-2.5719452 -2.7317963 9.34906
-2.6552582 -2.698471 9.353821
-2.7195282 -2.6960907 9.308594
-2.8123627 -2.69133 9.28241
-2.8575897 -2.8032074 9.203857
-2.8385468 -2.7079926 9.263367
-2.8409271 -2.6841888 9.210999
-2.7980804 -2.596115 9.256226
-2.7528534 -2.6127777 9.201477
-2.852829 -2.6865692 9.249084
-2.8409271 -2.6651459 9.215759
-2.8932953 -2.6865692 9.15625
-2.9051971 -2.7127533 9.239563
-2.8028412 -2.7056122 9.234802
-2.7528534 -2.672287 9.28241
-2.6838226 -2.762741 9.365723
-2.712387 -2.7484589 9.308594
-2.7171478 -2.7722626 9.291931
-2.7552338 -2.6651459 9.330017
-2.7980804 -2.6556244 9.28479
-2.7909393 -2.6770477 9.3133545
-2.7576141 -2.6556244 9.344299
-2.7742767 -2.6294403 9.301453
-2.7409515 -2.7556 9.263367
-2.833786 -2.7246552 9.272888
-2.7219086 -2.6960907 9.227661
-2.814743 -2.7341766 9.327637
-2.7552338 -2.8174896 9.28241
-2.724289 -2.7556 9.303833
-2.7361908 -2.7008514 9.294312
-2.712387 -2.646103 9.272888
-2.7457123 -2.6865692 9.337158
-2.7385712 -2.7056122 9.227661
-2.7195282 -2.6318207 9.237183
-2.7623749 -2.6770477 9.253845
-2.8028412 -2.6699066 9.22052
-2.7290497 -2.6580048 9.225281
-2.788559 -2.781784 9.22052
-2.66716 -2.7198944 9.170532
-2.686203 -2.6103973 9.263367
-2.705246 -2.6818085 9.249084
-2.73143 -2.7198944 9.28241
-2.7266693 -2.6318207 9.161011
-2.7837982 -2.581833 9.270508
-2.7290497 -2.6818085 9.187195
-2.743332 -2.6413422 9.249084
-2.6957245 -2.6675262 9.268127
-2.6695404 -2.8151093 9.332397
-2.6076508 -2.6960907 9.363342
-2.660019 -2.6413422 9.339539
-2.679062 -2.6841888 9.322876
-2.6981049 -2.6770477 9.28479
-2.7076263 -2.8032074 9.308594
-2.621933 -2.7794037 9.301453
-2.6552582 -2.7127533 9.372864
-2.6576385 -2.6937103 9.277649
-2.6743011 -2.6746674 9.244324
-2.6957245 -2.6508636 9.241943
-2.769516 -2.5746918 9.244324
-2.7599945 -2.729416 9.1657715
-2.7409515 -2.6960907 9.196716
-2.750473 -2.7151337 9.199097
-2.7861786 -2.6818085 9.28241
-2.6885834 -2.7270355 9.249084
-2.724289 -2.7341766 9.244324
-2.6909637 -2.679428 9.239563
-2.7219086 -2.62706 9.141968
-2.7718964 -2.634201 9.315735
-2.7361908 -2.646103 9.28479
-2.7338104 -2.7056122 9.253845
-2.7338104 -2.762741 9.263367
-2.6909637 -2.7865448 9.315735
-2.6885834 -2.7889252 9.215759
-2.6766815 -2.7436981 9.306213
-2.705246 -2.6294403 9.320496
-2.7266693 -2.7317963 9.303833
-2.724289 -2.710373 9.308594
-2.7219086 -2.7127533 9.225281
-2.7361908 -2.7651215 9.327637
-2.7552338 -2.7651215 9.246704
-2.7361908 -2.7984467 9.301453
-2.6766815 -2.7127533 9.241943
-2.7219086 -2.6484833 9.277649
-2.7933197 -2.5746918 9.291931
-2.7528534 -2.774643 9.241943
-2.6909637 -2.7317963 9.260986
-2.7409515 -2.7222748 9.308594
-2.693344 -2.781784 9.291931
-2.6743011 -2.7436981 9.303833
-2.73143 -2.6675262 9.310974
-2.7076263 -2.6580048 9.258606
-2.6981049 -2.736557 9.199097
-2.7100067 -2.7151337 9.237183
-2.712387 -2.729416 9.225281
-2.7671356 -2.827011 9.2300415
-2.6385956 -2.865097 9.277649
-2.6695404 -2.7508392 9.315735
-2.640976 -2.7246552 9.299072
-2.6552582 -2.736557 9.28717
-2.7219086 -2.7484589 9.325256
-2.6743011 -2.729416 9.234802
-2.7290497 -2.7317963 9.289551
-2.6885834 -2.7556 9.260986
-2.686203 -2.7436981 9.208618
-2.6695404 -2.698471 9.22052
-2.6838226 -2.7532196 9.327637
-2.6838226 -2.7222748 9.213379
-2.679062 -2.717514 9.258606
-2.7076263 -2.7436981 9.253845
-2.7004852 -2.7651215 9.246704
-2.6981049 -2.7341766 9.272888
-2.686203 -2.7151337 9.241943
Time Stop = 1457235894
