Time Start = 1457237219
2.0435944 1.0339508 8.265991
2.0388336 0.9768219 8.584961
1.8888702 0.7197418 8.820618
1.3247223 0.50312805 8.894409
0.81770325 0.59358215 8.868225
0.62727356 0.8054352 8.682556
0.822464 1.1529694 8.796814
1.3104401 1.3005524 9.268127
1.4246979 1.1910553 9.28241
0.91529846 0.73402405 9.28479
-0.32963562 0.7887726 8.7682495
-1.5983734 0.9125519 8.7039795
-1.365097 0.9625397 7.68042
-0.4867401 0.522171 6.937744
0.09883118 0.06990051 6.680664
0.24165344 -0.13719177 6.987732
-0.07017517 0.053237915 7.4709473
-0.54148865 0.227005 7.9208374
-1.1175385 0.08656311 8.235046
-1.5436249 0.22938538 7.970825
-1.7864227 0.35792542 7.6018677
-1.9316254 0.56025696 7.1257935
-2.0054169 0.9173126 6.5997314
-1.9911346 1.1196442 6.0355835
-1.8935394 1.2553253 5.257202
-1.8245087 1.3672028 4.750183
-1.7388153 1.4029083 4.1122437
-1.7102509 1.445755 3.5123901
-1.8768768 1.5243073 3.0720215
-2.1268158 1.7313995 2.8006592
-2.448166 1.9361115 2.4864502
-3.0861053 2.0765533 2.3150635
-3.8525848 2.0575104 2.1627197
-4.7809296 2.093216 2.119873
-5.468857 1.5052643 1.9984741
-6.2758026 0.7792511 1.5390625
-8.3919525 -2.1319427 4.9906006
-10.846115 -7.05217 10.655884
-13.12175 -7.463974 8.584961
-13.809677 -7.290207 6.6759033
-12.605209 -7.3330536 5.968933
-10.689011 -6.0571747 4.481201
-9.627365 -5.352585 3.2600708
-9.589279 -4.974106 2.4317017
-10.296249 -4.6646576 1.6866455
-11.027023 -4.198105 -0.25335693
-11.3936 -5.5882416 -2.607544
-12.99559 -7.790085 -3.7763062
-15.290268 -10.39183 -2.5789795
-16.378098 -11.61058 -1.8267822
-15.49498 -12.691269 -1.9386597
-13.4978485 -13.053085 -1.8339233
-11.845871 -12.093796 -1.0222168
-10.960373 -10.375168 -0.084350586
-10.639023 -9.694382 1.3938599
-10.11058 -8.973129 2.8220825
-9.510727 -8.447067 3.6052246
-8.658554 -9.049301 4.85968
-8.460983 -8.516098 4.4907227
-8.449081 -9.058823 3.2053223
-8.884689 -10.239487 1.5390625
-8.577621 -10.877426 0.013244629
-8.925156 -10.875046 -2.1100464
-9.113205 -10.920273 -1.7506104
-7.958725 -10.598923 -2.8336792
-7.216049 -10.889328 -3.2954712
-6.789963 -11.1940155 -3.9000854
-6.830429 -11.965256 -5.0093384
-7.4112396 -12.786484 -5.475891
-7.875412 -12.853134 -5.499695
-7.6707 -12.084274 -4.95697
-7.6921234 -11.272568 -3.769165
-8.168198 -10.786972 -2.376648
-8.31102 -10.332321 -1.9743652
-8.189621 -9.906235 -2.164795
-8.046799 -9.215927 -2.6503906
-8.039658 -9.111191 -3.3621216
-8.427658 -9.530136 -3.6453857
-9.013229 -9.275436 -3.512085
-9.113205 -8.894577 -2.7860718
-9.329819 -8.737473 -1.664917
-9.586899 -8.439926 -1.350708
-9.748764 -8.825546 -1.9362793
-10.039169 -10.022873 -2.7836914
-10.022507 -10.877426 -2.171936
-8.589523 -11.153549 -1.1126709
-8.944199 -9.572983 -1.2340698
-9.674973 -7.347336 -0.8651123
-9.503586 -6.3832855 -0.37475586
-9.225082 -6.964096 -0.08911133
-9.060837 -8.432785 0.008483887
-9.72258 -8.868393 0.14892578
-10.596176 -8.278061 1.022522
-10.872299 -7.37352 2.2650757
-10.296249 -6.7808075 2.3793335
-10.334335 -6.6974945 2.5697632
-10.346237 -6.526108 2.7554321
-10.260544 -6.340439 2.74115
-10.120102 -6.4785004 2.4436035
-10.3033905 -6.526108 2.2436523
-10.165329 -6.418991 2.5888062
-9.791611 -6.1452484 2.6292725
-9.370285 -6.0381317 2.407898
-9.01799 -5.8953094 2.8173218
-8.9561 -5.8072357 3.7837524
-8.230087 -4.847946 3.6623535
-8.139633 -4.9907684 4.114624
-7.92778 -4.6384735 3.736145
-8.125351 -4.667038 4.3431396
-8.075363 -4.371872 4.159851
-7.780197 -4.3552094 4.243164
-7.9182587 -4.069565 4.1384277
-7.9420624 -3.891037 4.4050293
-7.7635345 -4.1385956 4.5668945
-7.7254486 -4.431381 4.981079
-8.282455 -5.033615 6.199829
-7.1874847 -3.6363373 4.53833
-7.4493256 -3.7672577 6.211731
-6.818527 -3.0650482 5.69281
-6.7042694 -3.2959442 6.328369
-6.939926 -2.9079437 5.845154
-6.6090546 -2.8484344 5.7666016
-6.047287 -2.7484589 6.0046387
-5.4617157 -2.415207 5.968933
-5.0380096 -2.4080658 6.2402954
-4.983261 -2.1105194 5.742798
-4.854721 -2.0462494 5.730896
-4.8761444 -1.9843597 5.5785522
-5.009445 -1.5011444 5.82135
-4.8761444 -1.0060272 6.2141113
-4.752365 -0.7775116 6.5759277
-4.8880463 -0.6632538 6.65448
-5.0641937 -0.9560394 6.673523
-5.4022064 -1.0869598 6.3426514
-5.302231 -1.158371 5.8737183
-5.226059 -1.3392792 5.640442
-5.373642 -0.8679657 5.2643433
-5.6735687 -0.4633026 5.366699
-5.6140594 -0.4156952 5.314331
-5.404587 -0.5870819 5.338135
-5.290329 -0.8513031 5.4904785
-5.68309 -1.120285 5.730896
-6.2162933 -0.9250946 5.852295
-6.456711 -0.6537323 5.833252
-6.2639008 -0.37998962 6.3045654
-6.0044403 -0.31333923 7.0758057
-6.221054 -0.33714294 7.6518555
-6.432907 -0.38475037 7.5994873
-7.3326874 -0.21098328 7.3447876
-7.5564423 0.6459503 5.9832153
-7.913498 0.62690735 5.730896
-8.165817 1.6195221 5.3928833
-8.291977 1.8742218 6.0689087
-7.216049 1.8194733 4.833496
-8.996567 4.228409 5.045349
-8.627609 3.4071808 5.1762695
-7.318405 2.1336823 6.3688354
-7.632614 2.4026642 4.0789185
-9.132248 1.7813873 1.8818359
-9.59166 -0.8108368 2.6030884
-9.8606415 -1.1440887 4.333618
-9.189377 1.2196198 8.113647
-5.547409 1.740921 11.798462
-7.761154 0.027053833 10.748718
-6.8018646 -3.9672089 7.8137207
-8.670456 -6.9164886 5.6071167
-10.474777 -4.5218353 6.3307495
-12.191025 -6.142868 10.098877
-7.194626 -1.7748871 13.179077
-8.30864 4.590225 12.145996
-3.9716034 1.3600616 12.167419
-4.854721 -0.91319275 10.50592
-4.0430145 -3.20549 9.810852
-4.2144012 -1.8534393 10.529724
-3.9835052 -0.6680145 10.810608
-4.0430145 1.9146881 9.896545
-3.4407806 1.2458038 10.82251
-3.9477997 0.7221222 10.05127
-4.2215424 0.036575317 9.675171
-3.9406586 -1.222641 8.765869
-4.1905975 -0.844162 5.557129
-4.328659 -1.5773163 4.697815
-4.5881195 -2.331894 6.7996826
-4.3905487 -1.4011688 9.634705
-3.8954315 -0.7441864 11.672302
-3.7883148 -0.825119 11.067688
-3.8264008 -0.08958435 8.544495
-3.6454926 -0.9441376 8.70874
-3.666916 -1.2512054 9.2229
-3.545517 -0.8941498 9.034851
-3.7526093 -0.8822479 9.579956
-3.8240204 -0.3990326 10.341675
-3.7692719 -0.59184265 11.096252
-3.5621796 -0.19432068 9.784668
-3.5288544 0.08656311 8.530212
-3.764511 -1.0583954 8.987244
-3.647873 -0.8941498 8.206482
-3.7335663 -0.2086029 7.547119
-3.7216644 -1.075058 9.051514
-3.7978363 -1.1345673 9.832275
-3.6193085 -1.4773407 10.1536255
-3.3050995 -1.6891937 9.382385
-3.4074554 -1.5844574 8.656372
-3.5764618 -0.98698425 8.446899
-3.5788422 -1.1155243 9.594238
-3.8287811 -0.71562195 10.24646
-3.5788422 -1.036972 10.222656
-3.4955292 -1.0203094 8.920593
-3.3384247 -1.3130951 7.7803955
-3.5431366 -2.081955 8.64209
-3.4455414 -1.6296844 9.596619
-3.5621796 -0.8679657 10.129822
-3.62883 0.21510315 8.939636
-3.5145721 -1.1060028 9.960815
-3.3622284 -1.7391815 9.446655
-3.3812714 -2.615158 9.67041
-3.6145477 -1.8082123 8.96582
-3.4122162 -1.9581757 9.058655
-3.6788177 -2.2533417 9.551392
-3.6240692 -0.90367126 9.172913
-3.5883636 -0.33000183 9.256226
-3.7978363 -0.8536835 9.406189
-3.6383514 -2.0533905 8.570679
-3.8121185 -2.7532196 8.946777
-3.526474 -2.7865448 9.108643
-3.50029 -2.1295624 8.839661
-3.6050262 -1.998642 8.732544
-3.8049774 -1.1964569 8.870605
-3.7288055 -1.1107635 9.344299
-3.9073334 -2.0153046 9.615662
-3.904953 -2.5270844 9.456177
-3.4288788 -2.5556488 9.2229
-3.5812225 -2.596115 9.501404
-3.6692963 -2.0391083 9.21814
-3.333664 -1.7368011 8.825378
-3.6883392 -1.7368011 8.825378
-4.1191864 -1.9462738 9.196716
-4.2167816 -2.358078 9.825134
-3.7668915 -2.7079926 10.058411
-3.43602 -2.9841156 9.758484
-3.5931244 -3.115036 9.568054
-3.6573944 -3.0198212 9.201477
-3.674057 -2.4271088 8.815857
-3.7597504 -2.0081635 8.399292
-4.1120453 -2.2462006 8.211243
-4.438156 -2.3152313 8.204102
-4.354843 -2.1128998 9.077698
-4.1596527 -2.3057098 9.496643
-4.359604 -2.365219 8.989624
-4.3310394 -2.6365814 8.420715
-4.366745 -3.095993 8.404053
-4.3834076 -3.1459808 8.7039795
-4.1453705 -3.0341034 8.96344
-4.135849 -2.6365814 8.670654
-4.5309906 -2.5175629 8.484985
-4.764267 -2.3057098 8.392151
-4.8142548 -2.5223236 8.687317
-4.840439 -2.4556732 8.908691
-4.7476044 -2.3247528 9.289551
-4.661911 -2.229538 9.3776245
-4.7737885 -2.4651947 9.09198
-5.0641937 -2.5723114 8.592102
-4.926132 -3.1221771 8.313599
-4.854721 -3.7148895 7.925598
-4.9332733 -3.8934174 7.7089844
-4.8071136 -3.031723 7.0686646
-4.6143036 -3.050766 7.3947754
-5.316513 -2.827011 7.4995117
-5.237961 -2.7889252 7.9089355
-4.938034 -2.9079437 8.275513
-5.0427704 -2.69133 8.587341
-5.0451508 -2.9079437 8.958679
-5.1141815 -3.050766 8.892029
-4.957077 -2.3985443 7.7542114
-4.552414 -2.9269867 7.456665
-5.014206 -3.5030365 7.668518
-4.988022 -3.2530975 7.9922485
-4.9594574 -3.0007782 8.270752
-5.3784027 -2.6627655 8.287415
-5.4474335 -2.69133 8.232666
-5.3450775 -3.0007782 8.361206
-5.109421 -2.8555756 8.087463
-4.71904 -2.6389618 7.839905
-4.8571014 -2.9912567 7.6589966
-5.1332245 -3.1578827 7.9660645
-5.1141815 -3.0674286 8.5802
-5.16893 -2.876999 9.325256
-5.180832 -2.7675018 9.320496
-5.354599 -2.634201 8.956299
-5.257004 -2.5556488 8.70874
-5.2998505 -2.6603851 8.349304
-5.1284637 -3.0483856 8.120789
-4.9166107 -3.3316498 7.9398804
-4.9808807 -3.3792572 7.623291
-5.071335 -3.4530487 7.275757
-4.9475555 -3.603012 7.7113647
-5.2046356 -3.7720184 8.446899
-5.347458 -3.3149872 8.83728
-5.0998993 -2.7198944 8.596863
-4.961838 -2.986496 8.118408
-5.252243 -3.7553558 8.142212
-5.3760223 -3.7577362 8.506409
-5.2165375 -2.6365814 8.461182
-4.5690765 -2.6127777 7.6375732
-4.842819 -3.2649994 6.8258667
-5.4593353 -3.7743988 6.5616455
-5.4545746 -3.5268402 7.1591187
-5.3498383 -3.1697845 8.137451
-5.445053 -2.9912567 9.210999
-5.4926605 -3.2769012 9.66803
-5.611679 -3.2649994 9.60376
-5.5569305 -3.243576 9.244324
-5.5831146 -3.3983002 8.489746
-5.55217 -3.0031586 7.0353394
-4.39769 -3.9862518 6.0046387
-4.185837 -5.3121185 6.3355103
-5.097519 -5.019333 7.7042236
-5.259384 -4.052902 8.880127
-5.1213226 -3.557785 9.648987
-5.892563 -3.4720917 9.60376
-6.6280975 -3.2721405 8.856323
-6.8899384 -3.3364105 8.020813
-6.5305023 -3.0031586 7.48999
-6.675705 -1.767746 6.7235107
-5.930649 -1.3845062 6.3878784
-5.199875 -1.8653412 6.371216
-5.8449554 -2.2700043 6.328369
-7.054184 -2.781784 7.0115356
-7.86351 -3.6696625 6.4902344
-6.83757 -4.2933197 7.430481
-6.4281464 -5.288315 7.911316
-7.399338 -5.1121674 8.201721
-6.25914 -5.283554 7.8137207
-5.949692 -5.333542 8.339783
-6.206772 -4.450424 8.601624
-5.9687347 -4.3052216 9.318115
-4.942795 -3.743454 8.856323
-5.6711884 -4.386154 9.503784
-4.5571747 -3.7791595 8.761108
-4.6833344 -1.8343964 8.673035
-5.468857 -0.2752533 7.154358
-5.2808075 -0.49900818 7.668518
-6.149643 -1.72966 8.651611
-5.2950897 -2.2604828 10.729675
-4.2167816 -2.7675018 9.101501
-3.847824 -3.5982513 8.349304
-4.9999237 -2.2438202 8.956299
-4.8499603 -3.7291718 8.994385
-5.5045624 -6.366623 9.227661
-3.1003876 -8.256638 8.511169
-3.3907928 -7.463974 9.065796
-3.2598724 -5.7477264 8.573059
-2.314865 -5.2597504 7.994629
-1.9459076 -4.7336884 7.8637085
-1.615036 -3.5863495 7.6708984
-0.94615173 -2.6746674 7.7946777
-0.34629822 -2.2057343 8.0946045
-0.19871521 -1.7415619 8.756348
0.10835266 -1.1655121 9.118164
0.4416046 -0.97032166 9.122925
0.5106354 -1.0679169 8.565918
0.051223755 -1.2773895 8.146973
-0.49388123 -1.3440399 7.309082
-0.7081146 -1.1060028 6.5354614
-0.68907166 -0.94651794 6.4069214
-1.043747 -0.7703705 6.84729
-1.7983246 -0.6061249 7.4281006
-2.352951 0.050857544 7.2424316
-3.3050995 0.7149811 6.899658
-4.1382294 0.80781555 6.5426025
-4.3953094 0.18891907 5.764221
-4.147751 -0.28477478 4.383606
-3.8835297 -1.286911 3.5790405
-3.9097137 -2.4723358 2.922058
-4.33342 -3.2102509 1.9413452
-5.199875 -3.0531464 0.30126953
-6.463852 -3.20549 -0.80322266
-7.906357 -3.9005585 -1.2435913
-8.37291 -5.3002167 -2.7194214
-10.348618 -6.195236 -2.4004517
-12.314804 -6.4785004 -1.9767456
-13.18364 -7.4877777 -1.6411133
-14.457138 -8.618454 -0.07006836
-15.899643 -9.011215 -0.22479248
-16.085312 -8.992172 -0.66278076
-16.092453 -7.642502 0.7463989
-15.375961 -4.8574677 2.1270142
-14.7999115 -2.6222992 3.3981323
-14.711838 -1.0774384 4.357422
-14.561874 -0.76560974 4.9834595
-13.852524 -1.1012421 4.4383545
-13.112228 -1.9462738 3.4124146
-12.233871 -2.9888763 2.3412476
-11.403122 -3.8196259 1.465271
-10.68663 -4.4766083 0.68927
-10.077255 -4.7479706 0.12988281
-9.567856 -4.7027435 -0.06530762
-9.108444 -4.4599457 -0.12957764
-8.677597 -4.2219086 -0.08911133
-8.194382 -4.095749 0.032287598
-7.906357 -3.9791107 0.041809082
-7.651657 -3.917221 0.025146484
-7.5326385 -3.7743988 -0.084350586
-7.546921 -3.686325 -0.058166504
-7.79924 -3.5268402 -0.362854
-8.37767 -3.3744965 -0.55566406
-9.046555 -3.2221527 -0.7770386
-9.772568 -3.1102753 -0.96032715
-10.320053 -3.0817108 -1.0412598
-10.662827 -3.0150604 -0.72943115
-10.919907 -2.8936615 -0.7889404
-11.2912445 -3.1055145 -0.7151489
-11.707809 -3.1840668 -0.7579956
-11.950607 -3.1388397 -0.8008423
-12.102951 -3.0150604 -0.82940674
-12.064865 -2.9008026 -0.8079834
-11.9006195 -2.774643 -0.7817993
-11.634018 -2.7127533 -0.9151001
-11.343613 -2.653244 -1.1102905
-10.924667 -2.5366058 -1.1412354
-10.441452 -2.3342743 -1.2269287
-10.062973 -2.043869 -1.2911987
-9.770187 -1.9177094 -1.3388062
-9.639267 -1.7582245 -1.4840088
-9.574997 -1.7201385 -1.5530396
-9.313156 -1.79393 -1.8910522
-9.432175 -1.9010468 -1.7434692
-9.270309 -2.043869 -1.8005981
-9.386948 -2.1985931 -1.6887207
-9.451218 -2.350937 -1.8148804
-9.551193 -2.4175873 -1.7053833
-9.434555 -2.4271088 -1.6101685
-9.291733 -2.3937836 -1.4078369
-9.225082 -2.2842865 -1.1602783
-9.253647 -2.2200165 -1.0150757
-9.256027 -2.267624 -0.73657227
-9.289352 -2.203354 -0.5128174
-9.229843 -2.070053 -0.37713623
-9.177475 -2.0748138 -0.20812988
-9.067978 -2.017685 -0.09863281
-8.948959 -1.8153534 0.027526855
-9.029892 -1.5701752 0.053710938
-9.070358 -1.4678192 0.13464355
-9.184616 -1.3726044 0.089416504
-9.087021 -1.3273773 0.020385742
-9.444077 -1.3726044 0.03704834
-9.501205 -1.4106903 -0.14385986
-9.489304 -1.5059052 -0.015319824
-9.40123 -1.5439911 -0.05340576
-9.206039 -1.5463715 -0.05340576
-9.14653 -1.4297333 -0.215271
-9.306015 -1.3464203 -0.42474365
-9.682114 -1.3107147 -0.60565186
-10.331955 -1.2892914 -0.87939453
-10.94371 -1.3107147 -0.98413086
-11.448349 -1.4130707 -0.95318604
-11.71019 -1.5796967 -0.8555908
-11.71257 -1.877243 -0.72943115
-11.612595 -2.1152802 -0.6365967
-11.403122 -2.3675995 -0.5461426
-11.110336 -2.486618 -0.64611816
-10.936569 -2.396164 -0.86035156
-10.786606 -2.3461761 -0.95080566
-10.417648 -2.3247528 -0.9888916
-9.941574 -2.4128265 -0.9984131
-9.544052 -2.524704 -0.8413086
-9.396469 -2.4342499 -0.63183594
-9.194138 -2.5151825 -0.55804443
-8.998947 -2.460434 -0.53900146
-8.946579 -2.6127777 -0.96746826
-8.734726 -2.8341522 -0.94366455
-8.358627 -2.7436981 -0.91033936
-8.049179 -2.7960663 -0.9888916
-8.018234 -2.8793793 -1.0222168
-8.275314 -2.9531708 -1.017456
-8.489548 -2.941269 -1.2316895
-8.963242 -2.9460297 -1.1531372
-9.256027 -2.7698822 -0.86035156
-9.698776 -2.5223236 -0.81036377
-10.374802 -2.365219 -0.972229
-10.869919 -2.4889984 -1.2055054
-11.179367 -2.4532928 -1.350708
-11.403122 -2.358078 -1.248352
-11.600693 -2.2914276 -1.1626587
-11.77684 -2.2581024 -1.138855
-11.762558 -2.2128754 -1.0198364
-11.472153 -2.255722 -1.1626587
-11.160324 -2.569931 -1.1769409
-10.936569 -2.7222748 -1.0245972
-10.55809 -2.8484344 -0.91748047
-10.198654 -2.6699066 -0.79608154
-9.870163 -2.5080414 -0.5699463
-9.565475 -2.4009247 -0.28430176
-9.27507 -2.2985687 -0.15338135
-9.113205 -2.1700287 -0.24145508
-8.9370575 -2.2128754 -0.07006836
-8.491928 -2.120041 -0.20336914
-8.172958 -2.062912 -0.50567627
-8.415756 -1.851059 -0.75561523
-8.487167 -1.7844086 -0.9460449
Time Stop = 1457237224
