Time Start = 4460
-1.2056122 3.4428864 8.368347
-1.0199432 3.3548126 8.166016
-0.74620056 3.5000153 8.423096
-0.58909607 3.735672 8.727783
-0.6628876 3.864212 8.844421
-0.73905945 3.9522858 8.880127
-0.76286316 3.9118195 8.922974
-0.7985687 3.864212 9.011047
-0.71525574 3.780899 8.908691
-0.5462494 3.6095123 8.815857
-0.37486267 3.5523834 8.682556
-0.3796234 3.626175 8.684937
-0.5295868 3.7023468 8.694458
-0.5724335 3.6618805 8.7872925
-0.63194275 3.5642853 8.815857
-0.6938324 3.4619293 8.882507
-0.73191833 3.497635 8.780151
-0.7366791 3.671402 8.727783
-0.75572205 3.8927765 8.908691
-0.8318939 4.030838 8.911072
-0.78666687 4.0522614 8.975342
-0.7533417 3.780899 8.818237
-0.76524353 3.5547638 8.682556
-0.7842865 3.3357697 8.589722
-0.86283875 3.4167023 8.594482
-0.8271332 3.6356964 8.637329
-0.78666687 3.780899 8.792053
-0.6866913 3.7951813 8.720642
-0.77238464 3.8427887 8.668274
-0.81285095 3.8285065 8.589722
-0.80332947 3.826126 8.551636
-0.8723602 3.8999176 8.501648
-0.9080658 3.8094635 8.561157
-0.8080902 3.5857086 8.494507
-0.7819061 3.4619293 8.211243
-0.88664246 3.633316 8.161255
-1.0604095 3.8285065 8.227905
-1.2913055 4.0903473 8.046997
-1.6102753 4.485489 7.797058
-1.8292694 5.3233795 7.309082
-1.9244843 6.1898346 6.8425293
-1.4412689 6.3040924 6.8234863
-1.9673309 6.101761 6.583069
-2.5529022 5.2971954 6.1260376
-2.8813934 4.4640656 6.123657
-2.5410004 4.166519 5.7094727
-1.8959198 4.064163 5.4523926
-1.3222504 4.0141754 5.302429
-1.0651703 4.0403595 5.1500854
-0.83665466 4.1308136 5.0548706
-0.5795746 4.254593 4.9310913
-0.2582245 4.4688263 4.9763184
0.47254944 4.4902496 5.5285645
1.3318634 4.5711823 5.9070435
1.9888458 4.1355743 6.9282227
1.5008698 3.5166779 8.25885
0.7796173 2.3074493 8.799194
-0.08683777 0.97206116 8.977722
-1.0913544 0.23414612 8.803955
-0.9152069 -0.06816101 8.120789
0.0393219 -0.613266 8.373108
1.0914459 -1.177414 8.608765
1.2580719 -1.8272552 9.189575
1.0557404 -2.646103 9.546631
0.9533844 -2.986496 9.127686
0.9105377 -3.2530975 9.368103
0.30830383 -4.179062 10.367859
-0.44389343 -4.5027924 10.427368
-0.18681335 -4.9788666 10.1536255
0.13691711 -5.102646 10.001282
-0.40342712 -4.8503265 9.746582
-0.941391 -5.4644623 9.429993
-1.4198456 -5.7667694 8.96106
-1.6126556 -5.976242 9.275269
-2.3243866 -5.6763153 9.610901
-2.833786 -5.3430634 9.41333
-3.140854 -4.4599457 9.034851
-3.0218353 -3.5244598 9.465698
-3.386032 -2.774643 10.417847
-3.904953 -3.2221527 12.117432
-5.906845 -4.3623505 12.7387085
-7.168442 -4.8836517 11.217651
-7.130356 -5.212143 9.963196
-6.5757294 -5.3121185 9.075317
-5.9592133 -5.102646 8.727783
-6.092514 -5.2026215 8.7872925
-6.501938 -4.8574677 8.734924
-6.187729 -4.5218353 8.811096
-5.6854706 -4.1385956 8.639709
-5.445053 -3.8315277 8.151733
-5.5807343 -3.3863983 7.5233154
-5.2093964 -3.0983734 7.2543335
-5.1832123 -2.4937592 7.173401
-5.180832 -2.0938568 6.8258667
-6.8589935 -2.4937592 6.5116577
-9.370285 -2.8936615 7.839905
-9.78685 -3.4887543 9.099121
-6.9042206 -3.4649506 11.948425
-4.9285126 -3.3102264 10.520203
-6.3400726 -3.115036 10.474976
-5.7283173 -1.3154755 11.170044
-4.128708 1.676651 13.102905
-2.4386444 3.8475494 13.290955
-3.0146942 4.590225 11.865112
-2.917099 2.05513 9.170532
-2.962326 -1.7415619 6.276001
-4.328659 -1.7725067 6.7401733
-3.6383514 -1.0298309 9.677551
-2.9409027 -1.4844818 11.715149
-2.60289 -2.5675507 11.78418
-2.5505219 -2.396164 11.643738
-2.8433075 -2.3699799 11.46283
-1.845932 -2.974594 11.810364
-1.8935394 -2.2771454 11.469971
-2.167282 -1.6558685 11.317627
-2.5100555 -0.9822235 11.469971
-2.21727 -0.24430847 11.022461
-1.6055145 0.4817047 10.691589
-1.6412201 0.7054596 10.239319
-2.076828 -0.8013153 9.687073
-1.7078705 -0.68229675 9.770386
-1.6721649 -0.17051697 9.903687
-1.9221039 0.11274719 9.994141
-2.2148895 0.3674469 10.003662
-2.4124603 0.34840393 9.813232
-2.4838715 0.30793762 9.982239
-2.1482391 -0.2752533 9.706116
-2.0435028 -0.9846039 10.0060425
-2.0911102 -0.8608246 10.094116
-2.448166 -1.2345428 9.958435
-2.500534 -1.0393524 9.889404
-2.4862518 -0.6846771 9.979858
-2.2648773 -0.3085785 9.867981
-3.904953 -1.3964081 10.896301
-2.4053192 -1.0441132 9.651367
-2.4767303 -0.39427185 9.906067
-2.7004852 -0.5156708 9.739441
-2.4672089 -0.7775116 9.344299
-2.9218597 -0.613266 9.268127
-2.9861298 -0.6870575 8.806335
-3.1837006 -0.7275238 8.872986
-3.0551605 -0.6870575 8.753967
-2.9766083 -0.8751068 8.670654
-2.9075775 -0.7465668 8.822998
-3.090866 -0.4633026 9.006287
-3.1622772 -0.5537567 8.968201
-3.405075 -0.5204315 8.937256
-3.4026947 -0.47044373 8.806335
-3.2241669 -0.7013397 8.637329
-3.2289276 -0.92985535 8.784912
-3.4384003 -1.0131683 9.28717
-3.3360443 -0.7299042 9.891785
-3.4336395 -0.59184265 9.615662
-3.8359222 -0.87986755 9.215759
-3.6383514 -0.8584442 8.944397
-3.5812225 -0.6846771 8.801575
-3.469345 -0.68229675 8.970581
-3.647873 -0.6680145 9.196716
-3.5478973 -0.58470154 9.501404
-3.5359955 -0.5156708 9.418091
-3.6978607 -0.7537079 9.358582
-3.9216156 -0.40379333 9.170532
-3.8168793 -0.18955994 8.994385
-3.8383026 -0.35142517 8.77063
-3.7240448 -0.6799164 8.925354
-3.6573944 -0.5727997 8.699219
-3.859726 -0.6037445 8.937256
-3.7597504 -0.4633026 9.301453
-3.859726 -0.25144958 9.589478
-3.8264008 -0.44425964 9.458557
-3.8811493 -0.32048035 9.072937
-3.7930756 -0.3252411 9.008667
-3.7026215 -0.19670105 9.084839
-3.840683 -0.43711853 9.234802
-3.8073578 -0.40141296 9.206238
-3.8716278 -0.16337585 9.382385
-3.8454437 -0.37760925 9.130066
-4.0096893 -0.63230896 8.882507
-3.8906708 -0.7037201 9.180054
-3.7859344 -0.54185486 9.22052
-3.6193085 -0.32762146 9.258606
-3.6692963 -0.21574402 9.208618
-3.7240448 -0.15385437 8.637329
-3.616928 -0.18717957 8.470703
-4.121567 0.08180237 8.792053
-3.9144745 0.005630493 8.958679
-3.9525604 -0.075302124 9.325256
-4.0549164 0.03895569 9.694214
-3.9716034 -0.07054138 9.901306
-4.0358734 -0.099105835 9.66803
-4.0953827 -0.032455444 9.303833
-3.9668427 0.12226868 9.113403
-3.9525604 0.17701721 9.132446
-4.1406097 -0.04197693 8.987244
-4.0049286 -0.30381775 9.111023
-3.9335175 -0.013412476 9.79657
-4.002548 0.457901 10.160767
-4.01445 0.096084595 10.158386
-4.2929535 -0.55137634 9.79657
-4.3715057 -1.0226898 9.382385
-4.481003 -1.3083344 9.032471
-4.571457 -1.1345673 8.872986
-4.450058 -1.2321625 8.989624
-4.3119965 -0.9250946 8.83252
-3.9335175 -0.1181488 8.437378
-4.238205 0.3436432 8.846802
-4.3953094 0.8435211 9.072937
-4.899948 1.2315216 8.89679
-5.1260834 0.8101959 8.373108
-5.6259613 -0.09196472 7.820862
-5.4926605 -0.90367126 8.085083
-4.942795 -1.267868 8.32074
-4.1120453 -1.4606781 9.15625
-4.6904755 0.3603058 10.651123
-4.450058 1.0696564 10.236938
-4.809494 0.9601593 9.358582
-4.8380585 0.6078644 8.794434
-4.559555 0.45552063 8.208862
-4.5095673 0.52693176 8.046997
-4.419113 0.669754 8.32312
-4.6976166 0.72450256 8.627808
-4.8642426 0.78163147 8.889648
-4.7047577 0.9292145 8.489746
-4.7166595 0.76020813 8.277893
-5.0998993 0.6578522 8.025574
-5.3331757 0.55311584 7.661377
-5.1832123 0.41981506 7.544739
-4.778549 0.4245758 7.7803955
-5.3069916 1.086319 8.249329
-5.1594086 1.0601349 8.468323
-5.0308685 1.0696564 8.45166
-4.9975433 1.2481842 8.358826
-4.988022 1.2315216 8.139832
-4.988022 0.6578522 7.668518
-5.3569794 0.35554504 7.354309
-5.1832123 0.6554718 7.7470703
-5.026108 1.0434723 8.204102
-4.9999237 1.1577301 8.401672
-5.021347 1.1386871 8.480225
-4.854721 0.9268341 8.296936
-4.8523407 0.9292145 8.018433
-4.5809784 1.1601105 8.25885
-4.4548187 1.4862213 8.463562
-4.7618866 1.9408722 8.727783
-5.1141815 1.7956696 8.777771
-5.0380096 1.7361603 9.003906
-5.0570526 1.400528 8.758728
-5.0165863 1.0291901 8.332642
-4.84758 0.23652649 8.487366
-4.821396 0.68403625 8.801575
-4.661911 1.2362823 9.213379
-4.680954 1.214859 9.553772
-4.52623 1.2362823 9.834656
-4.6404877 1.252945 9.441895
-4.71904 0.8839874 8.777771
-4.680954 0.47932434 8.173157
-4.7999725 0.077041626 8.19696
-4.904709 0.374588 8.687317
-4.878525 0.74116516 8.794434
-4.7095184 0.7935333 8.420715
-4.564316 0.8054352 8.220764
-4.840439 1.3838654 7.970825
-4.7285614 1.2767487 8.080322
-4.545273 1.0101471 8.187439
-4.611923 0.57691956 8.235046
-4.630966 0.69355774 8.182678
-4.3953094 1.1220245 8.382629
-4.366745 1.5338287 8.430237
-5.1855927 1.4552765 8.83728
-4.8690033 0.5078888 8.568298
-4.2477264 0.33650208 8.8349
-4.340561 1.3672028 9.051514
-4.1382294 1.3338776 9.011047
-4.2786713 1.048233 9.163391
-4.2215424 0.69117737 9.368103
-4.2048798 0.7863922 9.325256
-4.2239227 0.92207336 9.227661
-4.212021 0.8839874 9.006287
-4.0953827 0.61024475 8.673035
-4.1310883 0.50312805 8.727783
-4.1953583 0.6745148 8.89917
-4.188217 0.95539856 8.975342
-4.169174 1.1482086 8.875366
-4.150131 1.2243805 8.932495
-4.0287323 1.298172 8.96344
-4.021591 1.0053864 8.649231
-4.116806 0.9696808 8.623047
-4.0953827 1.022049 8.630188
-4.1120453 0.9792023 8.83728
-4.0691986 0.92207336 8.937256
-4.0287323 0.93873596 8.882507
-3.8954315 0.98158264 8.801575
-3.82164 0.85780334 8.611145
-3.5597992 0.7030792 8.551636
-3.7716522 0.61738586 8.682556
-3.8264008 0.62690735 9.058655
-3.8264008 0.61024475 9.325256
-4.150131 0.8125763 9.315735
-3.9382782 0.59358215 9.177673
-4.128708 0.7625885 9.056274
-3.904953 0.54597473 8.927734
-3.7454681 0.46028137 9.022949
-3.750229 1.0363312 9.177673
-3.7811737 1.1720123 9.310974
-3.8287811 1.1529694 9.446655
-3.8692474 1.0363312 9.449036
-3.8549652 0.9458771 9.353821
-3.9168549 0.9696808 9.141968
-3.6907196 0.9101715 8.942017
-3.8097382 0.8268585 8.789673
-3.7145233 0.86494446 8.753967
-3.6954803 0.7863922 8.875366
-3.700241 0.6554718 9.172913
-3.7169037 0.7649689 9.420471
-3.7597504 0.94111633 9.327637
-3.7264252 0.9911041 9.122925
-3.738327 0.76020813 8.872986
-3.6573944 0.8625641 9.015808
-3.7264252 1.0506134 9.125305
-3.7621307 1.0339508 9.051514
-3.7335663 0.98158264 9.175293
-3.8240204 0.9458771 9.234802
-3.7811737 0.8125763 9.227661
-3.62883 0.8935089 9.170532
-3.647873 0.9434967 9.061035
-3.5597992 1.0363312 8.89679
-3.655014 0.95539856 9.02533
-3.719284 0.91493225 9.141968
-3.7240448 0.7768707 9.120544
-3.9549408 0.66737366 8.856323
-3.9668427 0.7316437 8.746826
-3.8763885 0.8720856 8.780151
-3.795456 1.067276 8.746826
-3.8359222 0.8935089 8.925354
-3.840683 0.7697296 9.137207
-3.7169037 0.6721344 9.227661
-3.7859344 0.65071106 9.15387
-3.8335419 0.84114075 9.056274
-3.7883148 1.0410919 8.892029
-3.776413 1.0601349 8.870605
-3.7978363 0.89826965 8.96582
-3.7859344 0.7054596 8.9348755
-3.8049774 0.6483307 8.96106
-3.814499 0.54597473 8.842041
-3.795456 0.79829407 8.761108
-3.7240448 0.8958893 9.080078
-3.8311615 0.88874817 9.132446
-3.802597 0.9101715 9.099121
-3.8359222 0.9792023 9.037231
-3.8906708 0.90065 8.903931
-3.847824 0.83161926 8.775391
-3.8264008 0.7054596 8.982483
-3.7216644 0.75782776 9.225281
-3.75737 0.8054352 9.294312
-3.7787933 0.8768463 9.246704
-3.82164 0.84828186 9.041992
-3.8383026 0.86494446 9.080078
-3.8502045 0.97206116 8.889648
-3.8644867 0.86494446 8.882507
-3.866867 0.81495667 8.753967
-3.8835297 0.7625885 8.870605
-3.8097382 0.79115295 9.061035
-3.6954803 1.0101471 9.006287
-3.7978363 0.9673004 8.989624
-3.814499 0.83638 9.065796
-3.847824 0.74116516 9.032471
-3.866867 0.669754 8.9158325
-3.897812 0.65309143 8.880127
-3.8454437 0.83638 9.065796
-3.8454437 0.98872375 9.02771
-3.814499 1.1291656 8.861084
-3.8430634 1.1220245 8.892029
-3.8383026 0.8935089 9.020569
-3.7621307 0.688797 9.161011
-3.8264008 0.7221222 9.130066
-3.814499 0.7625885 9.306213
-3.8692474 0.8601837 9.111023
-3.9406586 0.8268585 8.744446
-3.878769 0.9792023 8.711121
-3.8763885 0.983963 8.794434
-3.8502045 0.99586487 8.77301
-3.8430634 0.8673248 8.801575
-3.8573456 0.7054596 8.865845
-3.8097382 0.7768707 8.953918
-3.6026459 0.9363556 9.134827
-3.6312103 0.92445374 9.006287
-3.7216644 0.72688293 9.032471
-3.795456 0.6721344 9.106262
-3.8049774 0.7959137 9.177673
-3.814499 0.90541077 9.15863
-3.7930756 1.0149078 9.075317
-3.7930756 0.9792023 9.063416
-3.7668915 0.9458771 9.141968
-3.6835785 0.94825745 9.199097
-3.7478485 0.75782776 9.184814
-3.7811737 0.86494446 9.137207
-3.7930756 0.9434967 9.056274
-3.8287811 0.9292145 8.813477
-3.8740082 0.83161926 8.77063
-3.738327 0.90779114 9.056274
-3.7454681 0.9625397 9.237183
-3.7359467 0.919693 9.189575
-3.731186 0.94111633 9.051514
-3.7288055 0.91493225 9.063416
-3.7692719 0.85066223 9.011047
-3.764511 0.7792511 8.932495
-3.95018 0.6221466 8.763489
-3.840683 0.89826965 8.7872925
-3.7930756 1.0744171 8.939636
-3.814499 0.9696808 8.939636
-3.7407074 0.89112854 9.011047
-3.783554 0.8863678 9.108643
-3.8073578 0.82447815 9.125305
-3.8383026 0.83638 9.068176
-3.8954315 0.8197174 8.875366
-3.9525604 0.8220978 8.861084
-3.8264008 1.0363312 8.906311
-3.783554 1.0839386 9.015808
-3.8097382 0.9744415 9.049133
-3.847824 0.87446594 9.132446
-3.859726 0.7768707 9.122925
-3.8502045 0.81495667 9.032471
-3.8264008 0.79829407 8.789673
-3.783554 0.8673248 8.822998
-3.840683 0.8101959 8.975342
-3.8121185 0.8792267 9.065796
-3.7978363 0.88874817 9.0896
-3.8240204 0.8601837 9.032471
-3.8168793 0.83399963 9.061035
-3.8430634 0.84114075 9.070557
-3.8311615 0.83638 8.83728
-3.8906708 0.9696808 8.811096
-3.7740326 1.0387115 8.946777
-3.764511 0.99824524 9.0896
-3.8335419 0.85066223 9.099121
-3.8311615 0.8054352 9.077698
-3.9025726 0.84114075 9.001526
-3.8621063 0.82447815 8.956299
-3.7597504 0.92207336 8.839661
-3.783554 0.8697052 8.887268
-3.7716522 0.7935333 9.063416
-3.7883148 0.8958893 8.975342
-3.866867 0.88874817 9.063416
-3.8882904 0.8863678 9.111023
-3.8192596 0.919693 9.09436
-3.847824 0.8720856 9.149109
-3.8049774 0.8768463 9.034851
-3.795456 0.9030304 8.839661
-3.7430878 0.9101715 8.675415
-3.8002167 0.8768463 8.784912
-3.8121185 0.82447815 8.870605
-3.8525848 0.75068665 9.011047
-3.8097382 0.7554474 9.122925
-3.776413 0.7054596 9.225281
-3.731186 0.75068665 9.163391
-3.7145233 0.8459015 9.120544
-3.7454681 0.94111633 8.953918
-3.8073578 0.99824524 8.856323
-3.8097382 0.9744415 8.9158325
-3.8383026 0.78401184 9.068176
-3.840683 0.7792511 9.013428
-3.8168793 0.753067 9.068176
-3.8168793 0.74116516 8.989624
-3.7430878 0.75068665 9.141968
-3.6954803 0.855423 9.149109
-3.7597504 0.8435211 9.020569
-3.7883148 0.7959137 9.044373
-3.8335419 0.9030304 8.949158
-3.8311615 0.8768463 9.008667
-3.8335419 0.7887726 9.03009
-3.8264008 0.67689514 8.922974
-3.8549652 0.5912018 8.946777
-3.7359467 0.6649933 8.825378
-3.9073334 0.6649933 8.932495
-3.9263763 0.82447815 8.792053
-3.7097626 1.022049 8.927734
-3.795456 0.90541077 9.161011
-3.7692719 0.8387604 9.22052
-3.8359222 0.84114075 9.168152
-3.840683 0.78401184 9.020569
-3.8097382 0.8625641 8.987244
-3.764511 0.8792267 9.001526
-3.7621307 0.8958893 9.103882
-3.7597504 0.8792267 9.130066
-3.7288055 0.91493225 9.182434
-3.8002167 0.90541077 9.208618
-3.75737 0.9768219 9.041992
-3.7692719 0.88160706 9.037231
-3.7740326 0.8054352 8.856323
-3.8549652 0.75068665 8.808716
-3.7597504 0.79829407 8.927734
-3.7906952 0.80781555 9.063416
-3.719284 0.88160706 9.206238
-3.7145233 0.9530182 9.151489
-3.7906952 0.94111633 9.168152
-3.7169037 0.98872375 8.949158
-3.712143 0.80067444 8.782532
-3.8097382 0.58644104 8.803955
-3.7859344 0.7292633 8.799194
-3.7906952 0.83161926 9.032471
Time Stop = 4464
