Time Start = 2577
0.029800415 -1.8248749 9.92511
-0.23680115 -1.8558197 9.8394165
-0.74620056 -1.7986908 9.687073
-1.0342255 -1.812973 9.622803
-1.0009003 -1.7391815 9.644226
-0.83665466 -1.7915497 9.589478
-0.6795502 -1.8296356 9.453796
-0.66526794 -1.8843842 9.3966675
-0.7914276 -1.877243 9.446655
-0.88664246 -1.8582001 9.501404
-0.98661804 -1.8891449 9.499023
-0.92710876 -1.9819794 9.4776
-0.86997986 -2.062912 9.618042
-0.83903503 -1.7748871 9.596619
-0.9152069 -2.1605072 9.620422
-0.8080902 -2.2819061 9.489502
-0.9842377 -2.441391 9.534729
-1.0413666 -2.2247772 9.60376
-0.94377136 -2.0748138 9.6918335
-0.9794769 -1.8796234 9.679932
-0.9723358 -1.9534149 9.872742
-0.9651947 -1.998642 9.718018
-0.9080658 -2.1509857 9.618042
-0.9556732 -2.210495 9.558533
-0.9556732 -2.0914764 9.560913
-1.1246796 -1.9772186 9.503784
-1.2794037 -1.786789 9.546631
-1.4246063 -1.6677704 9.3776245
-1.5102997 -1.5939789 9.251465
-1.550766 -1.6082611 9.061035
-1.4888763 -1.582077 8.734924
-1.4269867 -1.6154022 8.518311
-1.4507904 -1.5535126 8.404053
-1.3746185 -1.4844818 8.25647
-1.38414 -1.3202362 8.151733
-1.5626678 -1.0250702 7.8708496
-1.8292694 -0.94651794 7.9351196
-2.167282 -0.972702 7.9089355
-2.4981537 -1.0322113 7.801819
-2.7861786 -1.3535614 7.6328125
-2.9194794 -1.5987396 7.392395
-3.0408783 -1.7248993 6.930603
-3.231308 -1.8010712 6.5473633
-3.3812714 -1.8153534 6.040344
-3.519333 -2.0486298 5.814209
-3.7716522 -2.7889252 6.2974243
-3.9216156 -3.6887054 6.8758545
-3.9835052 -4.5289764 7.763733
-3.9144745 -4.9264984 8.64447
-3.795456 -4.890793 9.115784
-3.4788666 -4.7146454 9.60614
-3.1884613 -4.250473 9.446655
-3.2075043 -4.1504974 9.482361
-3.4217377 -4.2909393 8.9991455
-3.655014 -5.0812225 8.96106
-3.5478973 -5.8358 8.913452
-3.2075043 -5.981003 8.889648
-2.9504242 -5.814377 8.911072
-2.7909393 -5.5049286 9.039612
-2.6909637 -5.2478485 8.96106
-2.7028656 -5.2478485 8.670654
-2.6909637 -5.538254 8.337402
-2.4505463 -6.0690765 7.9208374
-2.186325 -6.6070404 7.7732544
-1.9673309 -6.7760468 7.7280273
-1.8221283 -6.854599 7.589966
-1.8364105 -7.2687836 7.7351685
-1.993515 -8.118576 7.520935
-1.8625946 -8.761276 7.36145
-1.7602386 -8.882675 7.0877075
-1.6197968 -8.568466 7.2019653
-1.6697845 -8.3780365 7.378113
-1.7673798 -8.411362 7.6518555
-2.0482635 -8.542282 7.4019165
-2.3291473 -9.04216 7.55188
-2.481491 -9.442062 7.1638794
-2.545761 -9.461105 7.109131
-2.6266937 -9.55632 7.3043213
-2.6743011 -9.672958 7.5804443
-2.7028656 -9.887192 7.328125
-2.7552338 -10.203781 7.456665
-2.7004852 -10.110947 7.3709717
-2.6623993 -9.592026 6.9448853
-2.7599945 -8.423264 6.359314
-3.0742035 -7.8900604 6.064148
-3.2908173 -7.9305267 5.5856934
-3.5098114 -7.9805145 5.442871
-3.583603 -7.932907 5.6499634
-3.700241 -7.792465 6.1903076
-3.783554 -7.368759 6.540222
-3.6883392 -6.8498383 6.9020386
-3.7430878 -6.8379364 7.4995117
-3.4026947 -7.206894 7.052002
-3.519333 -7.3830414 6.918701
-3.7407074 -7.3449554 6.602112
-4.0239716 -7.2497406 6.5545044
-4.1644135 -7.266403 6.352173
-4.1310883 -7.347336 6.0998535
-4.083481 -7.6544037 5.94989
-4.002548 -7.937668 5.447632
-4.1263275 -8.368515 3.8099365
-4.026352 -8.382797 4.5288086
-4.7357025 -6.1642914 5.366699
-4.7547455 -5.481125 6.3117065
-4.8071136 -5.2549896 6.3997803
-4.752365 -5.583481 5.5476074
-4.8190155 -5.790573 5.7475586
-4.5881195 -5.288315 5.340515
-4.352463 -5.9262543 5.661865
-4.27153 -6.514206 5.261963
-5.4236298 -6.9783783 2.67688
-8.125351 -7.828171 4.4193115
-11.595932 -10.870285 4.66687
-11.574509 -14.307541 1.7509155
-12.576645 -13.588669 3.9456177
-9.910629 -9.094528 7.9089355
-6.804245 -4.5027924 10.808228
-4.500046 -3.3673553 10.981995
-4.661911 -4.512314 8.396912
-5.721176 -6.676071 6.2855225
-5.437912 -7.354477 5.0477295
-4.39769 -7.6472626 4.3431396
-3.4479218 -7.8638763 4.247925
-3.5431366 -7.637741 4.383606
-4.185837 -7.335434 4.626404
-4.7737885 -7.2378387 5.1643677
-5.0356293 -7.387802 5.321472
-5.0118256 -7.6710663 5.4833374
-4.9523163 -7.792465 5.6571045
-4.988022 -7.6591644 5.718994
-4.968979 -7.5258636 5.673767
-4.8880463 -7.497299 5.488098
-4.8642426 -7.302109 5.4571533
-4.8499603 -7.099777 5.4833374
-4.816635 -7.0426483 5.507141
-4.7285614 -6.975998 5.366699
-4.726181 -6.930771 5.447632
-4.7690277 -6.937912 5.469055
-4.949936 -7.085495 5.3762207
-5.157028 -7.30925 5.3500366
-5.142746 -7.430649 5.4714355
-5.052292 -7.4473114 5.640442
-4.983261 -7.3259125 5.738037
-4.861862 -7.149765 5.892761
-4.9023285 -6.9926605 5.935608
-4.9094696 -7.218796 5.6452026
-5.090378 -7.387802 5.4262085
-5.0380096 -7.2878265 5.3500366
-4.8571014 -7.028366 5.326233
-4.828537 -6.823654 5.254822
-4.835678 -6.880783 5.11438
-4.9713593 -7.0045624 5.05249
-5.0546722 -7.2045135 5.0429688
-5.0189667 -7.3592377 5.0596313
-4.8880463 -7.452072 5.0358276
-4.8951874 -7.5306244 5.2286377
-4.8571014 -7.509201 5.3119507
-5.028488 -7.713913 5.911804
-4.9142303 -7.8472137 5.4714355
-5.0427704 -7.8210297 5.492859
-5.1141815 -7.604416 5.6761475
-5.2117767 -7.3711395 5.6904297
-5.323654 -7.2497406 6.423584
-5.342697 -6.9141083 6.4450073
-5.4022064 -6.918869 6.435486
-5.4093475 -7.1069183 6.3117065
-5.321274 -7.1259613 6.3569336
-5.2427216 -6.721298 6.0427246
-5.0641937 -6.316635 5.840393
-5.578354 -6.5618134 5.409546
-5.804489 -7.2497406 4.9334717
-5.6640472 -7.2116547 4.814453
-5.6259613 -6.6403656 5.11438
-5.5640717 -6.0190887 5.192932
-5.656906 -5.969101 5.3286133
-5.6664276 -6.2404633 5.4452515
-5.706894 -6.5308685 5.4452515
-5.6331024 -6.714157 5.4214478
-5.611679 -6.823654 5.397644
-5.5616913 -6.8712616 5.514282
-5.592636 -6.949814 5.609497
-5.6092987 -6.892685 5.6499634
-5.6902313 -6.854599 5.761841
-5.7925873 -6.785568 5.635681
-5.9615936 -6.6832123 5.6642456
-6.0901337 -6.611801 5.576172
-6.232956 -6.5427704 5.5547485
-6.411484 -6.438034 5.56427
-6.6090546 -6.426132 5.640442
-6.7566376 -6.3761444 5.9855957
-6.9423065 -6.3642426 6.0998535
-6.9042206 -6.559433 6.1903076
-6.6923676 -6.6475067 6.328369
-6.4043427 -6.302353 6.0213013
-6.1139374 -6.02623 5.928467
-5.74736 -5.4073334 5.616638
-5.7759247 -4.6884613 5.864197
-6.0068207 -3.4197235 5.3095703
-6.5305023 -3.1816864 5.9070435
-6.8732758 -3.4887543 5.7737427
-7.246994 -4.1266937 5.7332764
-7.2422333 -4.4194794 5.783264
-6.989914 -4.719406 5.8499146
-6.623337 -5.0621796 5.7546997
-6.2377167 -5.38591 5.680908
-5.9877777 -5.431137 5.7713623
-5.8211517 -5.3002167 6.0308228
-5.899704 -5.219284 5.904663
-6.149643 -5.309738 6.1260376
-6.3186493 -5.1954803 5.7546997
-6.463852 -4.866989 6.0046387
-6.3900604 -4.769394 6.154602
-6.06633 -5.0217133 6.3188477
-5.842575 -5.2335663 6.5473633
-5.804489 -5.2859344 6.7211304
-6.123459 -5.469223 6.733032
-6.3376923 -5.9667206 6.666382
-6.4091034 -6.014328 6.1831665
-6.2305756 -5.9214935 6.1069946
-5.8449554 -5.8643646 6.0736694
-5.6926117 -5.6310883 6.01416
-5.7949677 -5.4858856 6.173645
-5.978256 -5.2621307 6.173645
-6.1067963 -5.1907196 6.3378906
-6.1734467 -5.102646 6.295044
-6.163925 -5.0740814 6.3807373
-6.0425262 -5.045517 6.5473633
-6.0234833 -5.0240936 6.540222
-6.016342 -5.102646 6.556885
-6.0710907 -5.124069 6.6711426
-6.1734467 -5.0693207 6.506897
-6.1901093 -5.0812225 6.4640503
-6.175827 -5.052658 6.4093018
-6.149643 -5.007431 6.3355103
-6.2043915 -4.916977 6.2664795
-6.1782074 -4.8122406 6.1498413
-6.1472626 -4.7598724 6.1641235
-6.092514 -4.7075043 6.26886
-6.047287 -4.68132 6.3307495
-6.163925 -4.788437 6.437866
-6.2734222 -4.7979584 6.347412
-6.316269 -4.7598724 6.340271
-6.309128 -4.8384247 6.404541
-6.2996063 -4.890793 6.328369
-6.3186493 -4.8836517 6.1307983
-6.3829193 -4.9193573 6.1522217
-6.418625 -5.135971 6.180786
-6.406723 -5.140732 5.9974976
-6.475754 -4.969345 5.890381
-6.5114594 -4.893173 6.0474854
-6.5114594 -5.0478973 6.2783813
-6.482895 -5.057419 6.1712646
-6.6542816 -5.0502777 6.1427
-6.9423065 -4.8955536 6.01416
-7.111313 -4.697983 6.0308228
-7.197006 -4.609909 6.064148
-6.9684906 -4.557541 6.245056
-6.58049 -4.68132 6.473572
-6.425766 -4.847946 6.597351
-6.5495453 -4.912216 6.571167
-6.830429 -4.9526825 6.411682
-6.9423065 -4.957443 6.437866
-6.713791 -4.912216 6.3807373
-6.4210052 -4.9598236 6.314087
-6.209152 -5.059799 6.1260376
-6.2377167 -5.140732 5.897522
-6.470993 -5.014572 5.802307
-6.7804413 -5.026474 5.9213257
-6.937546 -5.083603 5.7713623
-6.9161224 -5.2478485 5.614258
-6.8970795 -5.354965 5.466675
-6.854233 -5.340683 5.4119263
-6.861374 -5.288315 5.430969
-6.83757 -5.2668915 5.5618896
-6.759018 -5.295456 5.7070923
-6.701889 -5.185959 5.545227
-6.728073 -5.159775 5.647583
-6.739975 -5.159775 5.680908
-6.689987 -5.2597504 5.711853
-6.682846 -5.328781 5.6832886
-6.566208 -5.354965 5.640442
-6.4852753 -5.393051 5.5404663
-6.3519745 -5.283554 5.4714355
-6.342453 -5.347824 5.545227
-6.3781586 -5.521591 5.5666504
-6.4019623 -5.7286835 5.576172
-6.4686127 -5.8762665 5.549988
-6.547165 -5.8881683 5.5737915
-6.6471405 -5.7620087 5.6261597
-6.7114105 -5.752487 5.711853
-6.8066254 -5.76915 5.621399
-6.804245 -5.892929 5.6452026
-6.8090057 -5.9714813 5.685669
-6.7804413 -5.9143524 5.7999268
-6.689987 -5.8500824 5.9403687
-6.5757294 -5.795334 5.9213257
-6.418625 -5.8429413 5.9189453
-6.356735 -5.9286346 5.9332275
-6.2567596 -6.047653 5.871338
-6.2305756 -6.1452484 5.718994
-6.266281 -6.176193 5.4523926
-6.3186493 -6.047653 5.4452515
-6.349594 -5.9095917 5.409546
-6.3829193 -5.7929535 5.3167114
-6.3376923 -5.8048553 5.3881226
-6.3472137 -5.795334 5.3762207
-6.335312 -5.859604 5.3762207
-6.349594 -5.8500824 5.4071655
-6.335312 -5.8262787 5.447632
-6.2996063 -5.9072113 5.5785522
-6.2353363 -6.0357513 5.5214233
-6.3019867 -6.059555 5.5809326
-6.292465 -6.0167084 5.583313
-6.2567596 -5.89769 5.640442
-6.240097 -5.8881683 5.6761475
-6.209152 -5.981003 5.6118774
-6.1853485 -6.1333466 5.704712
-6.137741 -6.2856903 5.7070923
-6.1663055 -6.361862 5.5809326
-6.1853485 -6.3713837 5.5476074
-6.1710663 -6.3975677 5.4976196
-6.1710663 -6.507065 5.428589
-6.0948944 -6.5808563 5.4119263
-5.997299 -6.630844 5.3476563
-5.930649 -6.597519 5.409546
-5.892563 -6.630844 5.4761963
-5.8711395 -6.6022797 5.5238037
-5.7687836 -6.578476 5.423828
-5.702133 -6.566574 5.4595337
-5.6521454 -6.559433 5.366699
-5.6450043 -6.6260834 5.3928833
-5.6902313 -6.6022797 5.359558
-5.7806854 -6.5618134 5.485718
-5.771164 -6.495163 5.569031
-5.8068695 -6.445175 5.4904785
-5.759262 -6.4975433 5.6499634
-5.675949 -6.6332245 5.75708
-5.630722 -6.7617645 5.7094727
-5.5188446 -6.8641205 5.730896
-5.4283905 -6.9474335 5.7927856
-5.418869 -7.0950165 5.897522
-5.392685 -7.1473846 5.828491
-5.4879 -7.0069427 5.968933
-5.5069427 -6.885544 6.045105
-5.5878754 -6.823654 6.2807617
-5.5902557 -6.7022552 6.27124
-5.6140594 -6.4594574 6.502136
-5.8140106 -5.9286346 6.385498
-6.099655 -5.393051 6.9901123
-6.444809 -5.212143 6.7211304
-6.5566864 -5.135971 6.787781
-6.5305023 -4.68132 6.583069
-6.547165 -4.179062 6.6782837
-6.5828705 -4.155258 6.564026
-6.3852997 -4.8122406 6.3355103
-6.3019867 -4.8812714 5.5595093
-6.7613983 -5.207382 6.1141357
-6.611435 -4.667038 5.659485
-6.792343 -4.2957 4.269348
-6.7566376 -5.7548676 2.9101563
-6.3400726 -7.4235077 1.6628418
-5.1403656 -8.066208 2.3007813
-4.7238007 -0.64897156 -1.0650635
-6.9304047 1.9694366 2.407898
-6.470993 0.25080872 1.84375
-5.2165375 -3.2316742 -0.4366455
-5.4164886 -6.457077 -2.3338013
-5.6592865 -8.651779 -3.1074219
-5.828293 -9.446823 -3.1359863
-6.2996063 -9.015976 -2.4813843
-6.5114594 -8.280441 -1.6101685
-6.4614716 -7.6996307 -1.0269775
-6.354355 -7.411606 -0.7651367
-6.3972015 -7.2235565 -0.45568848
-6.5566864 -7.0117035 -0.062927246
-6.7114105 -7.2283173 -0.17242432
-6.8137665 -7.392563 -0.08673096
-7.085129 -7.4877777 0.42504883
-7.266037 -7.644882 1.0558472
-7.330307 -7.804367 1.2510376
-7.3898163 -7.8472137 1.2272339
-7.496933 -7.8019867 1.0106201
-7.632614 -7.528244 0.85827637
-7.7444916 -7.2806854 0.6178589
-7.92778 -7.0426483 0.33935547
-8.206284 -6.8974457 0.22509766
-8.453842 -6.840317 0.07513428
-8.768051 -6.809372 0.19415283
-9.125107 -6.8903046 0.31079102
-9.420273 -6.911728 0.5512085
-9.755905 -7.0616913 0.6845093
-10.082016 -7.2306976 1.0606079
-10.286728 -7.342575 1.2462769
-10.400986 -7.3401947 1.5128784
-10.436691 -7.3568573 1.8199463
-10.417648 -7.233078 1.7580566
-10.308151 -6.9736176 1.8461304
-10.348618 -6.7332 2.0841675
-10.279587 -6.4475555 2.2722168
-10.339096 -6.2023773 2.4864502
-10.336716 -5.9905243 2.6530762
-10.420029 -5.809616 2.9768066
-10.512863 -5.8643646 3.5980835
-10.560471 -5.6905975 3.857544
-10.539047 -5.559677 4.319336
-10.42717 -5.3954315 4.576416
-10.231979 -5.059799 4.5073853
-9.9891815 -4.802719 4.53833
-9.886826 -4.7170258 4.531189
-9.770187 -4.7670135 4.5740356
-9.741623 -4.847946 4.678772
-9.686874 -5.0502777 4.8477783
-9.644028 -5.200241 4.92157
-9.586899 -5.328781 5.05249
-9.515488 -5.378769 4.9786987
-9.444077 -5.4025726 5.019165
-9.405991 -5.3311615 4.98584
-9.451218 -5.2288055 5.023926
-9.472641 -5.3168793 4.883484
-9.479782 -5.423996 4.6026
-9.439316 -5.3882904 4.2574463
-9.353622 -5.1978607 4.0146484
-9.341721 -4.974106 3.9146729
-9.341721 -4.7908173 3.7908936
-9.3988495 -4.693222 3.6195068
-9.386948 -4.6694183 3.4124146
-9.389328 -4.5884857 3.300537
-9.405991 -4.500412 3.2434082
-9.491684 -4.3956757 3.1791382
-9.6297455 -4.3290253 3.0458374
-9.732101 -4.379013 2.876831
-9.801132 -4.4861298 2.6721191
-9.770187 -4.450424 2.562622
-9.805893 -4.467087 2.4483643
-9.739243 -4.4789886 2.3650513
-9.803513 -4.4837494 2.3079224
-9.78685 -4.481369 2.1293945
-9.8415985 -4.4599457 2.0222778
-9.884445 -4.429001 1.8556519
-9.846359 -4.436142 1.7342529
-9.810654 -4.4385223 1.6366577
-9.708298 -4.3290253 1.5247803
-9.634506 -4.2909393 1.4343262
-9.605942 -4.257614 1.3771973
-9.570236 -4.2671356 1.234375
-9.52739 -4.283798 1.189148
-9.455978 -4.2290497 1.1177368
-9.320297 -4.2219086 0.9939575
-9.2108 -4.1576385 0.99871826
-9.063217 -4.140976 0.9296875
-8.894211 -4.133835 0.89160156
-8.798996 -4.0933685 0.84161377
-8.722824 -4.024338 0.8868408
-8.594284 -4.031479 0.8963623
-8.468124 -3.9791107 0.87731934
-8.396713 -4.000534 0.93444824
-8.275314 -3.9457855 0.791626
-8.18486 -3.9124603 0.7749634
-8.046799 -3.9124603 0.81066895
-7.9349213 -3.917221 0.94158936
-7.887314 -3.9148407 0.95825195
-7.8516083 -3.955307 1.0439453
-7.792099 -3.9648285 1.1463013
-7.7254486 -4.024338 1.170105
-7.6921234 -4.050522 1.2248535
-7.6730804 -4.1385956 1.2200928
-7.663559 -4.16716 1.2105713
-7.7040253 -4.2290497 1.2724609
-7.723068 -4.2957 1.3295898
-7.7754364 -4.383774 1.3914795
-7.777817 -4.4908905 1.4390869
-7.8468475 -4.6051483 1.6033325
-7.8801727 -4.6908417 1.6199951
-7.932541 -4.7670135 1.7247314
-8.0134735 -4.826523 1.7532959
-8.084885 -4.9455414 1.7770996
-8.194382 -4.9788666 1.8175659
-8.2443695 -5.007431 1.8961182
-8.334824 -5.1074066 1.9342041
-8.43718 -5.121689 2.010376
-8.563339 -5.200241 2.1270142
-8.6228485 -5.2026215 2.2198486
-8.715683 -5.2668915 2.203186
-8.813278 -5.264511 2.2722168
-8.860886 -5.307358 2.312683
-8.913254 -5.3383026 2.3079224
-8.972763 -5.307358 2.3460083
-9.037033 -5.3644867 2.426941
-9.094162 -5.390671 2.4650269
-9.127487 -5.4287567 2.5221558
-9.2108 -5.3811493 2.5054932
-9.248886 -5.4025726 2.4935913
-9.263168 -5.4216156 2.5483398
-9.279831 -5.4454193 2.581665
-9.301254 -5.3882904 2.5650024
-9.33934 -5.438278 2.4959717
-9.308395 -5.4025726 2.479309
-9.325058 -5.404953 2.5150146
-9.317917 -5.397812 2.498352
-9.348862 -5.3835297 2.4293213
Time Stop = 2582
