Time Start = 1457238032
-0.4296112 1.7671051 7.899414
-1.2460785 1.6171417 7.835144
-1.3460541 1.8170929 8.439758
-1.134201 1.9741974 9.0896
-1.0508881 1.971817 9.3966675
-1.1270599 1.9860992 9.770386
-1.1246796 2.05513 10.036987
-1.0842133 2.176529 10.036987
-0.93663025 2.093216 9.853699
-0.8485565 2.0003815 9.406189
-0.7581024 1.8932648 9.03009
-0.7247772 1.9408722 8.83252
-0.7771454 2.1051178 8.842041
-0.82237244 2.1812897 8.980103
-0.8747406 2.2074738 9.144348
-0.9152069 2.2074738 9.289551
-1.0508881 2.0836945 9.401428
-1.0556488 2.0146637 9.358582
-1.0413666 1.9313507 9.272888
-1.0532684 1.9980011 9.125305
-1.0556488 1.9337311 9.111023
-1.0128021 1.9884796 9.051514
-0.9985199 2.0075226 9.049133
-0.9913788 2.1170197 8.920593
-0.86997986 2.1598663 8.784912
-0.8485565 2.138443 8.651611
-0.75572205 2.1432037 8.458801
-0.7200165 2.18367 8.289795
-0.59861755 2.1693878 8.00177
-0.54148865 2.2431793 7.839905
-0.44389343 2.369339 7.5828247
-0.32725525 2.4954987 7.29718
-0.20585632 2.524063 6.8687134
-0.079696655 2.581192 6.585449
-0.041610718 2.4835968 6.2141113
0.027420044 2.305069 5.890381
-0.02494812 2.1979523 5.6951904
-0.18443298 2.1860504 5.5880737
-0.43437195 1.8099518 5.4714355
-0.6771698 1.3195953 5.250061
-0.6938324 0.83638 4.9977417
-0.69621277 0.13417053 4.9263306
-0.6105194 -0.8989105 4.7192383
-0.43199158 -1.9724579 4.7001953
-0.26060486 -2.7008514 5.140564
-0.35105896 -2.6818085 5.6951904
-0.7509613 -2.081955 6.4640503
-1.4008026 -1.1702728 7.2091064
-2.0339813 -0.50852966 8.058899
-2.5886078 -0.8941498 8.420715
-3.1337128 -2.0986176 7.866089
-3.6074066 -5.045517 7.1400757
-3.674057 -8.061447 6.5616455
-3.2551117 -10.179977 7.130554
-2.8290253 -10.665573 8.727783
-3.0980072 -9.437302 10.415466
-3.9454193 -7.5068207 11.562805
-4.802353 -5.8238983 11.688965
-5.509323 -5.1002655 10.717773
-6.073471 -6.3261566 9.7561035
-6.4162445 -8.373276 8.599243
-6.316269 -10.189499 8.235046
-5.9211273 -10.803635 8.420715
-5.668808 -10.208542 8.89679
-5.8449554 -9.453964 9.558533
-6.232956 -8.732712 9.687073
-6.478134 -8.604172 9.296692
-6.413864 -8.870773 8.746826
-6.3781586 -9.55632 8.19696
-6.040146 -9.932419 7.9803467
-5.635483 -9.522995 8.180298
-5.535507 -8.682724 8.568298
-5.599777 -7.7734222 8.906311
-5.4879 -7.342575 9.032471
-5.2927094 -7.2759247 9.199097
-5.047531 -7.535385 9.111023
-4.885666 -7.899582 9.322876
-4.797592 -8.07811 9.577576
-4.8332977 -8.168564 9.7561035
-4.8380585 -8.068588 9.879883
-4.757126 -7.970993 9.906067
-4.628586 -7.9305267 9.73468
-4.502426 -8.201889 9.306213
-4.366745 -8.492294 9.175293
-4.4024506 -8.494675 9.0896
-4.46196 -8.351852 9.065796
-4.6833344 -8.1471405 9.0824585
-4.942795 -8.132858 8.972961
-5.0451508 -8.251877 8.880127
-5.033249 -8.251877 8.8515625
-5.0879974 -8.116196 8.784912
-5.130844 -7.9543304 8.949158
-5.3950653 -7.811508 8.799194
-5.599777 -7.9019623 8.423096
-5.849716 -7.918625 8.149353
-5.9925385 -7.7353363 8.073181
-6.0710907 -7.4020844 7.963684
-6.054428 -7.092636 8.030334
-6.3210297 -6.785568 8.187439
-6.687607 -6.442795 8.45166
-6.8066254 -5.866745 8.5802
-6.587631 -5.245468 8.606384
-6.244858 -4.67894 8.494507
-6.19487 -4.481369 7.9993896
-6.5257416 -4.319504 7.2281494
-6.982773 -4.174301 6.540222
-7.6016693 -4.4218597 5.5238037
-7.932541 -4.4575653 5.019165
-8.084885 -4.026718 5.257202
-8.187241 -3.7410736 5.3809814
-8.370529 -3.5911102 5.2453003
-8.727585 -3.7577362 4.4692993
-8.834702 -3.936264 3.729004
-8.856125 -4.1766815 3.2315063
-8.779953 -4.114792 3.3909912
-8.791855 -3.7148895 3.4814453
-8.687119 -3.1507416 3.3624268
-8.175339 -2.62706 3.088684
-7.7064056 -2.2200165 2.6744995
-7.561203 -1.8677216 2.3364868
-7.5183563 -1.7963104 2.03656
-7.3898163 -1.6392059 2.203186
-7.151779 -1.7629852 2.6721191
-7.130356 -2.0272064 3.0625
-7.439804 -2.108139 3.505249
-7.6040497 -1.8582001 3.671875
-7.5659637 -1.222641 3.755188
-7.773056 -0.74894714 3.9360962
-7.7111664 -0.6275482 3.7956543
-7.4493256 -0.30381775 3.8432617
-7.4088593 -0.053878784 4.038452
-6.9756317 -0.4490204 3.8789673
-6.9304047 -0.39189148 4.1312866
-7.2493744 -0.5799408 4.497864
-7.6016693 -0.5632782 4.4954834
-7.9801483 -0.73942566 4.440735
-8.251511 -1.1036224 4.395508
-8.420517 -1.0060272 4.197937
-8.468124 -0.5966034 4.3669434
-8.453842 -0.4228363 4.5716553
-8.668076 -0.077682495 4.4121704
-9.236984 -0.41807556 3.531433
-9.582138 -0.86320496 4.2026978
-9.710678 -3.7386932 -2.7884521
-9.577377 -6.6403656 1.8508911
-8.125351 -4.564682 2.1270142
-7.001816 -0.099105835 2.7982788
-7.60643 6.1636505 -11.191162
-13.000351 3.4095612 -10.693665
-16.46379 2.1289215 -0.24621582
-14.269089 5.973221 5.012024
-9.946335 4.147476 11.341431
-10.724716 -8.194748 19.603699
-12.088669 -20.091843 13.595642
-13.300278 -20.091843 11.934143
-16.411423 6.006546 4.2455444
-14.3381195 18.907562 11.343811
-9.7582855 6.551651 15.004822
-4.0811005 -6.059555 5.2476807
-4.585739 -5.495407 4.7192383
-6.5186005 -1.3964081 9.125305
-5.93779 -2.7056122 10.329773
-4.821396 -6.321396 7.4209595
-2.5719452 -5.969101 5.2024536
-3.2908173 -5.1526337 8.551636
-5.533127 -5.0169525 14.602539
-3.6121674 -20.091843 19.603699
4.683426 -10.237106 2.3650513
-4.2024994 14.725845 -2.5266113
-19.671936 -2.4390106 4.981079
-6.856613 -0.78227234 9.86084
-7.061325 -0.5466156 2.6530762
-8.765671 -2.460434 4.588318
-6.90184 -1.8248749 6.371216
-5.4879 -2.0771942 7.7994385
-5.8449554 -4.595627 6.930603
-5.9163666 -4.5289764 6.295044
-6.96373 -3.319748 6.790161
-7.5135956 -2.581833 7.047241
-7.4945526 -4.090988 6.6973267
-5.8140106 -4.257614 6.668762
-5.028488 -4.4718475 6.514038
-4.918991 -4.6503754 5.904663
-6.1139374 -5.4787445 6.9401245
-7.4231415 -4.493271 6.935364
-8.365768 -3.191208 6.7354126
-8.530014 -3.7410736 6.2974243
-8.003952 -3.1102753 6.1117554
-7.765915 -2.3057098 4.819214
-7.656418 -2.62706 5.1310425
-7.842087 -3.614914 6.2022095
-8.525253 -2.8222504 6.768738
-8.163437 -3.160263 6.1307983
-6.9803925 -3.1555023 5.8951416
-6.585251 -5.25737 6.1331787
-6.0758514 -6.5356293 5.6118774
-5.6545258 -5.6120453 6.6140137
-6.4352875 -6.238083 7.7280273
-6.6804657 -5.4025726 7.2471924
-6.944687 -4.6456146 6.3045654
-7.1422577 -4.802719 5.2714844
-7.4993134 -5.162155 4.609741
-7.1470184 -4.469467 3.7504272
-6.789963 -4.621811 3.8861084
-7.0256195 -6.495163 4.300293
-6.6280975 -5.7144012 4.6644897
-6.8708954 -5.8834076 5.11438
-7.144638 -6.161911 5.397644
-7.5588226 -5.454941 4.819214
-7.708786 -5.2526093 4.057495
-7.632614 -5.1835785 4.8358765
-7.7325897 -5.96196 5.5999756
-7.6921234 -5.5691986 4.7787476
-7.5850067 -5.109787 5.352417
-7.304123 -5.290695 4.928711
-7.6349945 -5.8310394 4.7144775
-7.401718 -5.5311127 4.5668945
-7.1041718 -5.8619843 4.53833
-6.663803 -6.9879 4.228882
-6.868515 -6.54039 4.4335938
-7.016098 -6.418991 4.3621826
-6.944687 -6.8831635 4.050354
-7.3207855 -6.309494 3.9527588
-7.792099 -5.166916 4.274109
-8.027756 -3.9791107 5.0334473
-8.063461 -4.6646576 4.524048
-7.637375 -5.2978363 4.7644653
-7.3969574 -5.731064 4.8096924
-7.170822 -5.8905487 4.7216187
-6.880417 -5.726303 3.524292
-7.277939 -5.3121185 3.5219116
-7.658798 -6.2737885 4.005127
-6.747116 -6.971237 3.357666
-6.406723 -6.695114 4.5716553
-6.4995575 -6.804611 4.9001465
-6.754257 -5.750107 5.2595825
-7.7944794 -5.2930756 4.9525146
-8.599045 -5.2097626 4.621643
-8.69664 -4.814621 4.0075073
-8.277695 -4.405197 6.0165405
-8.213425 -7.4401703 10.1203
-6.7447357 -7.394943 7.3114624
-5.271286 -6.2285614 5.654724
-4.9142303 -6.680832 3.9360962
-5.111801 -6.880783 2.5411987
-6.1210785 -6.4594574 2.2174683
-7.118454 -4.9860077 2.0889282
-7.8325653 -4.845566 2.7816162
-8.325302 -5.885788 2.1889038
-7.825424 -5.859604 1.612854
-7.4112396 -6.3523407 3.0267944
-7.427902 -6.866501 4.685913
-7.6611786 -6.335678 6.040344
-7.6088104 -5.2859344 5.7713623
-7.047043 -4.2742767 5.095337
-7.189865 -5.1788177 5.0739136
-6.868515 -5.5358734 3.3433838
-6.437668 -5.666794 3.7313843
-6.792343 -6.740341 4.512146
-7.004196 -7.259262 4.762085
-7.0946503 -7.1711884 5.4404907
-7.4112396 -6.6475067 6.07605
-7.6468964 -5.969101 5.738037
-7.2184296 -5.7024994 5.231018
-6.4352875 -6.0881195 5.026306
-6.0330048 -6.2476044 4.902527
-5.630722 -6.328537 5.5166626
-5.702133 -7.5187225 6.435486
-5.8401947 -8.085251 6.487854
-6.144882 -7.804367 6.468811
-6.687607 -7.5449066 6.0927124
-6.989914 -7.175949 5.616638
-7.2255707 -6.3380585 5.511902
-7.439804 -5.8691254 5.300049
-7.561203 -5.5549164 4.852539
-7.773056 -5.3502045 4.7478027
-8.144394 -5.7358246 5.3547974
-8.201523 -5.8619843 6.371216
-7.920639 -5.597763 6.930603
-7.425522 -5.155014 6.9544067
-6.830429 -4.448044 6.768738
-6.4424286 -4.1314545 6.2736206
-6.123459 -3.826767 4.904907
-6.144882 -3.4006805 3.9551392
-6.797104 -3.262619 3.0410767
-7.5373993 -2.762741 3.3148193
-8.320541 -2.217636 3.0625
-8.580002 -1.9010468 3.5957031
-8.389572 -1.139328 3.6242676
-7.9444427 -0.6941986 4.190796
-7.837326 -0.55137634 4.2193604
-7.9825287 -1.4273529 4.005127
-7.9991913 -2.5175629 3.8265991
-7.784958 -3.7077484 4.0551147
-7.60643 -4.462326 4.2860107
-7.4540863 -4.3575897 4.781128
-7.7064056 -3.2078705 5.385742
-8.261032 -1.4392548 5.257202
-8.801376 -0.33714294 5.300049
-9.248886 0.12940979 5.107239
-9.410751 0.41267395 4.762085
-9.503586 0.54597473 4.7406616
-9.6297455 0.6221466 4.583557
-9.744003 0.5554962 4.47406
-9.751144 -0.018173218 4.076538
-9.472641 -0.548996 4.069397
-9.198898 -0.9679413 4.114624
-8.9370575 -0.7346649 4.205078
-8.894211 -0.44664 4.4502563
-9.101303 -0.17527771 4.614502
-9.301254 -0.051498413 4.800171
-9.413132 -0.056259155 4.7668457
-9.429794 -0.025314331 4.543091
-9.453598 -0.080062866 4.357422
-9.444077 0.117507935 4.183655
-9.332199 0.048477173 3.9956055
-9.137009 0.15797424 3.9646606
-8.865646 0.35792542 3.7194824
-8.708542 0.7292633 3.6766357
-8.858505 0.85780334 3.4957275
-8.882309 0.76734924 3.202942
-8.665695 0.624527 2.960144
-8.261032 0.7364044 2.536438
-7.99205 0.67689514 2.5269165
-7.806381 0.9125519 2.350769
-7.7373505 1.6837921 2.9434814
-8.003952 2.407425 3.7837524
-8.303879 2.850174 4.414551
-8.556198 2.5312042 4.331238
-8.672836 1.9242096 4.435974
-8.577621 1.5028839 4.762085
-8.587143 1.4862213 5.038208
-8.425278 1.4528961 4.8287354
-8.401474 0.74354553 4.205078
-8.272934 0.36268616 4.331238
-8.199142 1.1053619 5.1453247
-8.818039 1.9956207 5.7023315
-9.098923 1.6004791 5.640442
-8.996567 0.5316925 4.743042
-8.560959 -0.5370941 3.614746
-8.008713 -1.0631561 2.8292236
-8.2443695 -1.6487274 2.979187
-9.067978 -1.4821014 3.7766113
-9.432175 -1.0131683 4.3431396
-9.615463 0.31507874 5.004883
-9.513107 1.3648224 5.4333496
-9.236984 -1.832016 3.993225
-7.777817 -4.386154 2.722107
-7.4183807 -5.3502045 3.2434082
-8.170578 -4.531357 4.307434
-9.179855 -4.0790863 4.2598267
-9.332199 -4.3099823 3.4909668
-9.191757 -3.788681 3.0101318
-9.253647 -3.9505463 1.9580078
-8.968002 -3.667282 1.2653198
-9.432175 -3.0626678 1.3034058
-9.941574 -2.9722137 1.8770752
-9.705917 -0.2919159 3.1481934
-9.7582855 -1.646347 2.1484375
-8.299118 -2.5746918 1.2891235
-8.370529 -2.4342499 2.6744995
-8.918015 -3.595871 2.4507446
-7.0756073 -5.4668427 1.5366821
-5.406967 -5.6191864 1.3486328
-5.2998505 -5.226425 1.3652954
-5.8639984 -5.3311615 1.0606079
-6.316269 -5.666794 0.51312256
-6.9756317 -5.8453217 -0.49853516
-7.8801727 -5.8572235 -1.9862671
-9.01561 -5.7620087 -3.6311035
-10.167709 -5.821518 -4.7094116
-11.469772 -5.8643646 -5.392578
-12.412399 -5.654892 -5.4068604
-13.043198 -5.352585 -5.578247
-13.716843 -5.0931244 -5.352112
-14.259567 -4.3885345 -4.749878
-14.5690155 -4.057663 -4.5546875
-14.673752 -3.7577362 -4.276184
-14.657089 -3.531601 -3.7358398
-14.645187 -3.0436249 -2.9765015
-14.914169 -2.4390106 -1.7648926
-15.271225 -1.8820038 -0.63897705
-15.5568695 -1.2654877 0.16558838
-15.671127 -0.6561127 0.5821533
-15.390244 -0.0443573 0.8725586
-14.680893 0.43171692 1.132019
-13.6978 0.47694397 1.4676514
-12.876572 0.32221985 1.8532715
-12.583786 -0.20622253 2.6102295
-13.174118 -0.972702 3.1624756
-14.185776 -1.4083099 2.8792114
-14.940353 -1.4083099 2.2055664
-15.0950775 -1.1464691 1.5271606
-14.709457 -0.9512787 0.9463501
-13.89061 -1.0536346 0.33935547
-12.976547 -1.4106903 -0.48187256
-12.088669 -1.8082123 -1.0793457
-11.238876 -2.1367035 -1.5054321
-10.553329 -2.4294891 -1.5578003
-10.2391205 -2.7556 -1.3626099
-10.101059 -2.960312 -1.2245483
-10.217697 -3.0341034 -1.2792969
-10.17247 -2.960312 -1.331665
-9.9891815 -2.812729 -1.2055054
-9.713058 -2.5461273 -1.1245728
-9.3798065 -2.5032806 -1.0722046
-9.0203705 -2.6675262 -1.0150757
-8.772812 -2.8960419 -1.1174316
-8.56572 -3.1816864 -1.222168
-8.401474 -3.4078217 -1.1102905
-8.275314 -3.5244598 -1.0079346
-8.158676 -3.5006561 -0.63897705
-8.139633 -3.4244843 -0.21289063
-8.05394 -3.2769012 0.15130615
-8.015854 -3.1459808 0.57025146
-7.8849335 -2.94841 0.89160156
-7.7064056 -2.793686 1.0344238
-7.5254974 -2.6127777 1.1582031
-7.363632 -2.4913788 1.1296387
-7.208908 -2.4889984 1.1010742
-7.047043 -2.5913544 1.0368042
-6.96611 -2.6960907 0.7416382
-6.951828 -2.8746185 0.61309814
-7.028 -3.1221771 0.246521
-7.085129 -3.3245087 0.070373535
-7.1470184 -3.5863495 -0.12719727
-7.304123 -3.9076996 -0.010559082
-7.5564423 -4.1433563 0.10131836
-7.9254 -4.2219086 0.38934326
-8.449081 -4.1005096 0.86065674
-8.941818 -3.9267426 1.1843872
-9.434555 -3.8791351 1.336731
-9.855881 -3.9672089 1.5462036
-10.305771 -4.110031 1.4962158
-10.624741 -4.2219086 1.5390625
-10.94133 -4.326645 1.593811
-11.167465 -4.345688 1.7223511
-11.317429 -4.2980804 1.7842407
-11.39122 -4.2457123 1.9818115
-11.4388275 -4.255234 2.407898
-11.660202 -4.219528 3.1862793
-11.986313 -4.03862 4.28125
-12.138657 -3.5054169 5.968933
-12.317184 -3.2507172 13.576599
-13.540695 0.65071106 18.863403
-14.064377 3.8427887 15.82605
-12.1315155 1.2362823 8.430237
-10.991318 -2.6484833 0.99871826
-12.145798 -7.456833 -0.6865845
-11.788742 -8.844589 -2.06958
-10.389084 -7.7567596 -3.3383179
-9.78447 -7.637741 -2.357605
-9.903488 -6.418991 -2.0529175
-9.827316 -5.481125 -1.5697021
-9.6297455 -5.0812225 -0.86987305
-9.363144 -4.795578 -0.8579712
-9.20842 -4.7479706 -0.6746826
-9.356003 -4.8550873 -0.31048584
-9.444077 -4.821762 0.053710938
-9.439316 -4.4766083 0.47265625
-9.429794 -4.257614 1.0010986
-9.436935 -3.97435 1.362915
-9.408371 -3.7029877 1.7199707
-9.382187 -3.486374 2.1674805
-9.441696 -3.2578583 2.4317017
-9.525009 -3.1031342 2.5245361
-9.501205 -2.9698334 2.324585
-9.541672 -2.8865204 2.286499
-9.574997 -2.7532196 2.331726
-9.713058 -2.531845 2.0627441
-9.891586 -2.4580536 1.6652222
-9.884445 -2.6294403 1.279602
-9.782089 -2.8674774 0.9868164
-9.617844 -3.1674042 0.64404297
-9.522629 -3.5244598 0.24890137
-9.5464325 -3.929123 -0.17242432
-9.422653 -4.3385468 -0.4033203
-9.346481 -4.538498 -0.5270996
-9.356003 -4.6075287 -0.59375
-9.453598 -4.448044 -0.48187256
-9.620224 -4.2076263 -0.25335693
-9.701157 -3.8743744 0.018005371
-9.774948 -3.6553802 0.40124512
-9.898727 -3.3435516 0.47503662
-10.124863 -3.115036 0.59643555
-10.151047 -2.9841156 0.6511841
-10.010605 -2.88414 0.72735596
-9.870163 -2.7913055 0.8868408
-9.746384 -2.7270355 1.0606079
-9.6940155 -2.7032318 1.1629639
-9.732101 -2.6437225 1.4105225
-9.822556 -2.5032806 1.612854
-9.865402 -2.3866425 1.6676025
-9.791611 -2.184311 1.7390137
-9.696396 -2.1295624 1.612854
-9.577377 -2.0605316 1.6104736
-9.444077 -2.1795502 1.4319458
-9.277451 -2.2961884 1.3462524
-9.227463 -2.5366058 1.4486084
-9.215561 -2.7460785 1.4628906
Time Stop = 1457238037
