Time Start = 2550
-0.31297302 -1.2559662 9.622803
-0.7676239 -1.3607025 9.584717
-1.2865448 -1.3226166 9.5442505
-1.5388641 -1.177414 9.6085205
-1.3912811 -1.0917206 9.708496
-1.1127777 -1.0536346 9.651367
-0.9390106 -1.0441132 9.534729
-1.0199432 -1.0988617 9.54187
-1.1318207 -1.1488495 9.41095
-1.2865448 -1.1345673 9.408569
-1.2032318 -1.1179047 9.432373
-1.1437225 -1.1012421 9.425232
-1.0723114 -1.1464691 9.422852
-1.069931 -1.1298065 9.368103
-1.1246796 -1.1702728 9.35144
-1.1675262 -1.3535614 9.137207
-1.2103729 -1.4654388 9.130066
-1.274643 -1.5320892 9.013428
-1.2770233 -1.5011444 8.944397
-1.2008514 -1.4035492 8.894409
-1.1246796 -1.3011932 9.006287
-1.069931 -1.139328 9.03009
-1.3174896 -0.7275238 9.022949
-1.3698578 -0.4894867 9.044373
-1.4698334 -0.2585907 9.013428
-1.467453 -0.17289734 8.763489
-1.4936371 0.005630493 8.568298
-1.5626678 -0.034835815 8.287415
-1.6935883 0.027053833 7.804199
-1.7983246 -0.013412476 7.7280273
-1.7911835 -0.037216187 7.4590454
-1.8292694 -0.008651733 7.2210083
-1.8340302 0.21272278 7.025818
-1.9649506 0.3341217 7.1972046
-2.0744476 0.25794983 7.532837
-2.2672577 -0.0443573 7.975586
-2.5243378 -0.39427185 8.32074
-2.8242645 -0.8417816 8.625427
-3.064682 -1.2059784 8.761108
-3.1313324 -1.6154022 8.868225
-3.205124 -2.236679 8.827759
-3.2336884 -2.5770721 9.034851
-3.155136 -2.653244 9.489502
-3.3193817 -3.0817108 10.1536255
-3.4979095 -3.5887299 10.284546
-3.738327 -4.071945 10.551147
-3.8002167 -4.6122894 10.6297
-3.8073578 -4.9264984 10.677307
-3.7359467 -5.033615 10.674927
-3.655014 -5.307358 10.5321045
-3.5121918 -5.552536 10.158386
-3.352707 -5.8310394 9.825134
-3.1527557 -6.0905 9.572815
-2.943283 -6.1904755 9.277649
-2.7219086 -6.1833344 8.942017
-2.429123 -6.1904755 8.608765
-2.1434784 -6.02861 8.299316
-1.9173431 -6.1190643 8.042236
-1.6555023 -5.90007 7.520935
-1.5222015 -6.2285614 8.118408
-1.3151093 -6.321396 6.752075
-1.6102753 -6.726059 6.533081
-1.5364838 -6.956955 6.3236084
-1.3341522 -6.7308197 6.2783813
-1.2675018 -6.373764 6.302185
-1.3412933 -6.4094696 6.7782593
-1.5840912 -6.8069916 7.2281494
-1.9411469 -6.9426727 7.4281006
-2.1291962 -6.7927094 7.42572
-2.250595 -6.509445 7.513794
-2.4505463 -6.366623 7.547119
-2.6814423 -6.1024017 7.2471924
-2.9266205 -6.040512 7.278137
-3.1646576 -6.373764 7.259094
-3.4336395 -6.404709 6.9329834
-3.8168793 -6.623703 7.0805664
-4.0691986 -7.123581 7.354309
-4.2810516 -7.2164154 7.282898
-4.3238983 -7.066452 7.418579
-4.1763153 -6.8522186 7.3447876
-4.1310883 -6.6903534 7.3328857
-4.188217 -6.4927826 7.3685913
-4.2548676 -6.199997 7.154358
-4.2620087 -6.040512 7.0924683
-4.2786713 -5.7048798 7.0234375
-4.378647 -5.328781 6.8187256
-4.4524384 -5.7167816 6.4212036
-4.892807 -5.159775 6.26886
-5.2284393 -4.7217865 6.083191
-5.4236298 -5.1121674 6.2974243
-5.4545746 -5.419235 6.668762
-5.4998016 -5.162155 6.787781
-5.5450287 -5.071701 6.4473877
-5.7378387 -5.64299 6.359314
-6.144882 -6.1190643 2.331726
-7.4612274 -9.782455 5.7737427
-8.560959 -11.2582855 5.2524414
-7.9825287 -10.979782 6.192688
-8.220566 -10.341843 5.6904297
-7.523117 -10.296616 6.3117065
-8.177719 -8.354233 7.404297
-7.9039764 -6.8260345 9.149109
-7.254135 -5.5120697 9.289551
-6.682846 -5.5358734 9.320496
-6.2353363 -6.0238495 8.270752
-6.061569 -6.4142303 7.3757324
-5.604538 -6.6022797 7.0401
-5.207016 -6.359482 6.473572
-5.0451508 -6.328537 5.9022827
-5.1260834 -6.430893 5.571411
-5.071335 -6.4594574 5.5880737
-5.0499115 -6.380905 5.616638
-5.090378 -6.418991 5.716614
-5.1855927 -6.4927826 5.7285156
-5.1974945 -6.552292 5.8189697
-5.3331757 -6.7689056 5.9189453
-5.4093475 -6.8641205 6.147461
-5.368881 -6.964096 6.3569336
-5.3260345 -7.0045624 6.480713
-5.187973 -6.949814 6.352173
-5.2284393 -6.8141327 6.3426514
-5.2927094 -6.6403656 6.411682
-5.385544 -6.5380096 6.4450073
-5.392685 -6.4808807 6.52594
-5.4402924 -6.514206 6.449768
-5.464096 -6.521347 6.4711914
-5.4593353 -6.4856415 6.499756
-5.387924 -6.502304 6.33313
-5.3379364 -6.47612 6.1974487
-5.316513 -6.4546967 6.0736694
-5.3498383 -6.4523163 6.0474854
-5.3950653 -6.3071136 6.033203
-5.385544 -6.2285614 6.095093
-5.4426727 -6.1666718 5.9213257
-5.4164886 -6.1785736 5.897522
-5.3760223 -6.207138 6.1260376
-5.3569794 -6.130966 5.961792
-5.533127 -6.328537 5.723755
-5.573593 -6.6594086 5.5
-5.771164 -6.442795 6.0046387
-5.702133 -6.052414 6.0498657
-5.7235565 -6.040512 5.94989
-5.804489 -6.130966 6.037964
-5.783066 -6.123825 5.661865
-5.816391 -6.4023285 5.6690063
-5.906845 -6.4975433 5.7213745
-5.975876 -6.502304 5.8308716
-5.8711395 -6.321396 6.2593384
-5.9592133 -6.0309906 6.3378906
-5.74498 -6.4356537 5.961792
-5.74736 -6.271408 6.0093994
-5.9925385 -6.014328 6.0546265
-6.156784 -5.8119965 6.180786
-6.2686615 -5.7739105 6.1307983
-6.2424774 -5.797714 6.0355835
-6.3329315 -5.854843 6.0689087
-6.213913 -5.923874 6.192688
-6.2996063 -5.8881683 5.7546997
-6.168686 -5.983383 5.6761475
-6.206772 -5.816757 5.7666016
-6.2639008 -5.6953583 5.9332275
-6.244858 -5.647751 5.8189697
-6.202011 -5.328781 5.9784546
-6.0306244 -4.969345 6.1522217
-5.847336 -4.788437 6.0617676
-5.7735443 -4.783676 6.0498657
-5.8639984 -4.8550873 6.185547
-5.978256 -5.026474 6.059387
-6.0639496 -5.0740814 5.992737
-6.175827 -5.019333 5.9213257
-6.1663055 -4.976486 5.878479
-6.2567596 -4.9145966 6.102234
-6.2948456 -4.8193817 6.2283936
-6.2567596 -4.7860565 6.1760254
-6.240097 -4.9074554 6.249817
-6.2234344 -5.083603 6.442627
-6.221054 -5.097885 6.5759277
-6.309128 -5.0693207 6.733032
-6.3400726 -5.0169525 6.78302
-6.3472137 -5.040756 6.8496704
-6.437668 -5.045517 6.9710693
-6.528122 -4.8693695 6.956787
-6.599533 -4.764633 6.852051
-6.606674 -4.6717987 6.7401733
-6.585251 -4.5694427 6.6520996
-6.6138153 -4.545639 6.537842
-6.759018 -4.6575165 6.518799
-6.9494476 -4.6694183 6.423584
-7.1470184 -4.6503754 6.468811
-7.277939 -4.526596 6.4283447
-7.34935 -4.443283 6.699707
-7.4421844 -4.4123383 6.5426025
-7.4231415 -4.386154 6.537842
-7.3326874 -4.064804 6.3236084
-7.1922455 -4.052902 6.226013
-6.818527 -4.0814667 6.07843
-6.444809 -3.7958221 6.340271
-6.06633 -3.4816132 6.5616455
-5.74736 -3.2792816 6.692566
-5.6402435 -3.1555023 6.8449097
-5.74736 -3.1697845 6.885376
-5.9473114 -3.3221283 6.692566
-6.2734222 -3.5173187 6.4402466
-6.694748 -3.8196259 6.173645
-6.9732513 -4.1243134 6.159363
-7.213669 -4.405197 5.776123
-7.2898407 -4.957443 5.7094727
-7.125595 -4.8431854 5.7404175
-7.008957 -4.5480194 5.9213257
-6.4947968 -4.255234 6.0022583
-6.080612 -4.114792 6.2331543
-5.835434 -4.045761 6.533081
-5.785446 -4.012436 6.5997314
-5.8378143 -4.088608 6.7925415
-6.0115814 -4.152878 6.706848
-5.9925385 -4.3123627 6.9782104
-6.0520477 -4.383774 6.97583
-6.092514 -4.621811 6.9544067
-6.1996307 -4.9407806 7.032959
-6.368637 -5.0502777 7.0305786
-6.425766 -5.0312347 6.8901367
-6.4091034 -4.924118 7.16864
-6.2877045 -4.7979584 7.259094
-6.0901337 -4.74559 7.397156
-6.0187225 -4.8312836 7.2019653
-5.9853973 -4.864609 6.897278
-6.078232 -4.7789154 6.873474
-6.123459 -4.578964 6.8615723
-6.0901337 -4.398056 6.859192
-6.0901337 -4.3385468 7.025818
-6.1401215 -4.212387 6.899658
-6.1734467 -4.2100067 6.8568115
-6.271042 -4.198105 6.71875
-6.342453 -4.174301 6.5687866
-6.394821 -4.064804 6.5235596
-6.4305267 -4.0100555 6.480713
-6.368637 -3.9910126 6.5092773
-6.3852997 -4.0029144 6.4592896
-6.4305267 -3.9981537 6.521179
-6.392441 -3.9315033 6.3188477
-6.373398 -3.9434052 6.4021606
-6.394821 -3.9457855 6.373596
-6.342453 -3.9267426 6.306946
-6.225815 -3.852951 6.352173
-6.206772 -3.8672333 6.2807617
-6.2305756 -3.948166 6.2355347
-6.309128 -4.03862 6.328369
-6.330551 -4.193344 6.325989
-6.3472137 -4.236191 6.371216
-6.3186493 -4.1957245 6.4283447
-6.368637 -4.321884 6.692566
-6.373398 -4.474228 6.8449097
-6.4495697 -4.571823 6.97583
-6.497177 -4.538498 7.063904
-6.5638275 -4.398056 7.0091553
-6.509079 -4.276657 6.8258667
-6.3829193 -4.200485 6.8449097
-6.3448334 -4.2599945 6.7163696
-6.440048 -4.35997 6.7211304
-6.875656 -4.4456635 6.7806396
-7.4374237 -4.455185 6.730652
-7.9349213 -4.345688 6.5116577
-7.913498 -4.238571 6.07605
-7.5326385 -4.1695404 6.0308228
-6.9280243 -4.129074 6.2593384
-6.375778 -4.200485 6.7235107
-6.0758514 -4.238571 6.923462
-6.06633 -4.6075287 6.899658
-5.9044647 -4.7908173 6.790161
-5.93779 -4.788437 6.8044434
-6.016342 -4.686081 6.276001
-6.1972504 -4.8503265 5.9974976
-6.4805145 -5.0883636 5.7856445
-6.759018 -5.2740326 5.661865
-6.925644 -5.116928 5.718994
-6.9232635 -4.7146454 5.840393
-6.9732513 -4.236191 5.9665527
-6.997055 -4.0814667 6.0355835
-7.0970306 -4.302841 5.9070435
-7.0827484 -4.5813446 5.8618164
-7.0303802 -4.6717987 5.897522
-6.8589935 -4.633713 5.9665527
-6.675705 -4.68132 6.0498657
-6.4733734 -4.738449 6.1188965
-6.361496 -4.821762 6.211731
-6.278183 -5.014572 6.3164673
-6.2234344 -5.0883636 6.423584
-6.206772 -5.0669403 6.3569336
-6.2115326 -5.0169525 6.390259
-6.2686615 -4.976486 6.287903
-6.3591156 -5.0098114 6.3188477
-6.4686127 -5.181198 6.20697
-6.501938 -5.314499 6.102234
-6.4876556 -5.3383026 6.052246
-6.4876556 -5.378769 5.9832153
-6.4543304 -5.3644867 5.768982
-6.4043427 -5.4097137 5.8380127
-6.4281464 -5.4787445 5.8308716
-6.4162445 -5.4406586 5.9213257
-6.3781586 -5.3692474 6.0046387
-6.411484 -5.155014 6.0808105
-6.4091034 -4.9860077 6.097473
-6.373398 -4.9717255 6.2593384
-6.3376923 -5.040756 6.309326
-6.356735 -5.0955048 6.3807373
-6.380539 -5.1002655 6.5045166
-6.38768 -5.097885 6.480713
-6.38768 -5.083603 6.3688354
-6.354355 -5.0288544 6.1950684
-6.32341 -5.0169525 6.0308228
-6.2758026 -5.2335663 5.9784546
-6.25914 -5.378769 5.9379883
-6.2639008 -5.3644867 5.9641724
-6.328171 -5.3954315 6.033203
-6.221054 -5.4287567 6.161743
-6.054428 -5.4263763 6.230774
-6.016342 -5.390671 6.473572
-6.0425262 -5.2597504 6.4973755
-6.0901337 -5.212143 6.6068726
-6.1210785 -5.1907196 6.6259155
-6.180588 -5.245468 6.6759033
-6.394821 -5.162155 6.71875
-6.5685883 -5.1788177 6.711609
-6.70665 -5.1264496 6.540222
-6.6138153 -5.097885 6.5116577
-6.6280975 -4.80986 6.3497925
-6.4614716 -4.4837494 6.6592407
-6.501938 -4.1433563 6.692566
-6.599533 -4.4266205 6.4259644
-6.482895 -5.602524 6.371216
-6.244858 -4.905075 5.718994
-6.0234833 -4.148117 6.007019
-6.2496185 -3.467331 6.7615967
-6.8280487 -2.7603607 7.2876587
-7.0137177 -3.050766 6.4212036
-6.2353363 -3.7410736 5.4452515
-6.047287 -1.1488495 4.6383057
-6.7804413 -1.1702728 5.1619873
-6.221054 -2.120041 4.083679
-6.1067963 -4.1814423 2.8268433
-6.2377167 -5.666794 1.7866211
-6.559067 -6.2690277 1.0058594
-6.856613 -6.6260834 0.8297119
-7.001816 -6.6213226 0.8820801
-7.0256195 -6.6403656 0.8892212
-6.8780365 -6.771286 0.8225708
-6.663803 -6.7808075 0.6916504
-6.587631 -6.6784515 0.55596924
-6.6209564 -6.5618134 0.56073
-6.8470917 -6.359482 1.0201416
-7.0399017 -6.238083 1.5081177
-7.111313 -6.1976166 1.7509155
-7.1208344 -6.252365 1.8508911
-7.1803436 -6.3332977 1.9984741
-7.2684174 -6.340439 1.9889526
-7.4421844 -6.276169 1.9175415
-7.632614 -6.252365 1.9389648
-7.73497 -6.259506 1.7866211
-7.8206635 -6.366623 1.5890503
-7.8397064 -6.5046844 1.4581299
-7.906357 -6.585617 1.3081665
-7.9444427 -6.699875 1.3652954
-8.092026 -6.8141327 1.4628906
-8.280075 -6.8331757 1.6199951
-8.491928 -6.92601 2.0056152
-8.658554 -6.880783 2.1889038
-8.834702 -6.783188 2.1936646
-8.927536 -6.7022552 2.1889038
-9.089401 -6.533249 2.248413
-9.217941 -6.3975677 2.2960205
-9.3798065 -6.278549 2.4245605
-9.52739 -6.230942 2.4935913
-9.646408 -6.1976166 2.5840454
-9.72258 -6.2214203 2.5673828
-9.810654 -6.302353 2.5888062
-9.886826 -6.34758 2.6102295
-9.936813 -6.354721 2.74115
-9.970139 -6.4094696 3.0101318
-9.91301 -6.3571014 2.99823
-9.870163 -6.3690033 2.888733
-9.734482 -6.3713837 2.767334
-9.7202 -6.359482 2.6292725
-9.772568 -6.426132 2.5340576
-9.763046 -6.495163 2.5864258
-9.858261 -6.60466 2.6054688
-9.905869 -6.654648 2.7125854
-9.967758 -6.7665253 2.7816162
-10.029648 -6.8069916 2.8006592
-9.965378 -6.854599 2.7601929
-9.936813 -6.86174 2.7459106
-9.846359 -6.866501 2.7839966
-9.72258 -6.8569794 2.7792358
-9.739243 -6.7998505 2.9077759
-9.674973 -6.7236786 2.9101563
-9.632126 -6.654648 2.9815674
-9.620224 -6.4975433 2.9553833
-9.565475 -6.385666 3.1505737
-9.484543 -6.211899 3.1934204
-9.515488 -6.0619354 3.2457886
-9.553574 -5.852463 3.2648315
-9.551193 -5.7167816 3.2434082
-9.52977 -5.4858856 3.2695923
-9.494064 -5.3168793 3.2219849
-9.432175 -5.2026215 3.145813
-9.372665 -5.033615 3.1410522
-9.455978 -4.886032 3.0934448
-9.472641 -4.686081 2.9887085
-9.558334 -4.6003876 2.7387695
-9.586899 -4.4266205 2.645935
-9.52977 -4.3123627 2.491211
-9.505966 -4.236191 2.4174194
-9.510727 -4.1171722 2.2888794
-9.515488 -4.0981293 2.2817383
-9.53215 -4.057663 2.2055664
-9.53215 -4.005295 1.9818115
-9.548813 -3.97435 1.8913574
-9.489304 -3.8600922 1.7199707
-9.4631195 -3.807724 1.65094
-9.4655 -3.6887054 1.658081
-9.425034 -3.5292206 1.5414429
-9.3798065 -3.4625702 1.5842896
-9.408371 -3.4006805 1.5414429
-9.434555 -3.4125824 1.3581543
-9.448837 -3.4387665 1.3319702
-9.429794 -3.5006561 1.1939087
-9.417892 -3.474472 1.1296387
-9.375046 -3.5077972 1.0106201
-9.317917 -3.5054169 0.9439697
-9.310776 -3.538742 0.9035034
-9.258408 -3.4316254 0.8820801
-9.279831 -3.4649506 0.791626
-9.325058 -3.4387665 0.85113525
-9.265549 -3.4435272 0.84399414
-9.2512665 -3.455429 0.8059082
-9.184616 -3.4625702 0.7749634
-9.158432 -3.4792328 0.68927
-9.096542 -3.4958954 0.7797241
-9.063217 -3.4982758 0.7797241
-9.053696 -3.5030365 0.7987671
-9.060837 -3.557785 0.8082886
-9.022751 -3.5887299 0.7654419
-9.008469 -3.6268158 0.77020264
-9.008469 -3.6696625 0.7654419
-8.972763 -3.686325 0.80114746
-8.944199 -3.7315521 0.84399414
-8.944199 -3.8053436 0.9035034
-8.972763 -3.8624725 0.99871826
-8.979904 -3.9053192 0.99871826
-8.946579 -3.9338837 1.0582275
-8.858505 -3.9410248 1.1105957
-8.820419 -4.005295 1.1177368
-8.746628 -4.0433807 1.1724854
-8.720444 -4.1076508 1.1962891
-8.765671 -4.095749 1.2748413
-8.810898 -4.2290497 1.336731
-8.8537445 -4.2909393 1.381958
-8.934677 -4.333786 1.3748169
-9.01799 -4.4385223 1.4938354
-9.032272 -4.4980316 1.5223999
-9.044174 -4.5623016 1.5842896
-9.037033 -4.6075287 1.6295166
-9.0013275 -4.6194305 1.6366577
-9.013229 -4.674179 1.6985474
-9.0203705 -4.667038 1.7509155
-8.996567 -4.6646576 1.8175659
-9.022751 -4.6765594 1.8818359
-9.0203705 -4.693222 1.97229
-9.046555 -4.7598724 1.9841919
-9.139389 -4.7860565 2.0389404
-9.182236 -4.7670135 2.1365356
-9.217941 -4.802719 2.1531982
-9.198898 -4.7789154 2.1484375
-9.194138 -4.8360443 2.1436768
-9.182236 -4.847946 2.2341309
-9.191757 -4.7931976 2.2103271
-9.186996 -4.859848 2.2127075
-9.165573 -4.8170013 2.2579346
-9.201279 -4.8622284 2.3531494
-9.220322 -4.8312836 2.3150635
-9.286972 -4.7931976 2.369812
-9.310776 -4.8312836 2.426941
-9.279831 -4.7717743 2.4507446
-9.229843 -4.7027435 2.434082
-9.227463 -4.6456146 2.4483643
-9.225082 -4.61705 2.4840698
-9.239365 -4.578964 2.4745483
-9.234604 -4.5218353 2.369812
-9.258408 -4.4861298 2.3793335
-9.294113 -4.4409027 2.434082
-9.265549 -4.4409027 2.3198242
-9.258408 -4.429001 2.369812
-9.289352 -4.4123383 2.2460327
-9.2512665 -4.4123383 2.2008057
-9.310776 -4.4004364 2.1341553
-9.217941 -4.340927 2.067505
-9.234604 -4.3766327 1.9413452
-9.201279 -4.367111 1.8508911
-9.141769 -4.383774 1.8723145
-9.14653 -4.383774 1.8389893
-9.110825 -4.3385468 1.8342285
Time Stop = 2555
