Time Start = 1457238004
-0.24394226 2.8287506 9.34668
0.21784973 2.3907623 8.206482
-0.6771698 2.2812653 7.8303833
-1.505539 2.3550568 8.111267
-1.4531708 2.3407745 8.582581
-0.96043396 2.2312775 8.682556
-0.78904724 2.1884308 8.592102
-0.86283875 2.3574371 8.499268
-0.89616394 2.4859772 8.525452
-0.8842621 2.5145416 8.57782
-0.8842621 2.5121613 8.463562
-0.9247284 2.5074005 8.308838
-0.9723358 2.4359894 7.968445
-0.99375916 2.4359894 7.6256714
-1.0294647 2.4740753 7.2852783
-1.1603851 2.6097565 6.930603
-1.2722626 2.6478424 6.8044434
-1.2794037 2.7359161 6.585449
-1.3103485 2.7978058 6.4212036
-1.3889008 2.8335114 6.2141113
-1.3960419 2.9287262 6.1379395
-1.2913055 2.876358 6.116516
-1.0723114 2.9358673 6.173645
-0.82951355 2.9477692 6.161743
-0.5224457 2.8358917 6.2545776
-0.24156189 2.721634 6.159363
-0.12968445 2.5883331 6.040344
-0.013046265 2.4574127 6.199829
0.06788635 2.3574371 6.556885
0.13691711 2.2241364 7.063904
0.18214417 1.9408722 7.5304565
0.02027893 1.2434235 8.154114
-0.49150085 -0.4156952 8.844421
-1.0842133 -1.9938812 9.272888
-1.5936127 -3.160263 10.222656
-2.1458588 -4.4718475 11.246216
-2.705246 -5.481125 11.807983
-3.026596 -5.476364 11.705627
-2.909958 -4.448044 11.450928
-2.9575653 -2.8032074 10.793945
-3.167038 -2.0557709 9.979858
-3.3907928 -2.3556976 9.184814
-3.481247 -3.436386 8.330261
-3.750229 -4.788437 7.6209106
-4.26915 -7.804367 8.035095
-4.942795 -10.544174 8.046997
-5.5688324 -12.319931 8.1922
-6.009201 -12.853134 9.008667
-6.3210297 -12.060471 9.913208
-6.4995575 -10.884567 10.8272705
-6.630478 -9.625351 11.020081
-6.7733 -8.697006 10.555908
-6.8280487 -8.404221 9.856079
-6.849472 -9.470627 8.932495
-6.656662 -11.017868 8.116028
-6.311508 -12.153305 7.9851074
-6.335312 -12.272324 8.70874
-6.45195 -11.108322 10.013184
-6.8447113 -9.765793 11.060547
-7.125595 -8.697006 11.262878
-6.811386 -8.458969 10.736816
-6.021103 -8.492294 9.601379
-5.157028 -8.413742 8.32074
-4.578598 -8.059067 7.16864
-4.0691986 -7.330673 6.8425293
-3.7906952 -6.707016 6.416443
-3.700241 -6.259506 6.116516
-3.7526093 -5.6763153 5.995117
-4.109665 -5.283554 5.6428223
-4.314377 -5.288315 5.095337
-4.185837 -5.3311615 4.7073364
-4.1334686 -5.604904 4.564514
-4.150131 -5.4668427 4.4645386
-4.6262054 -5.4858856 4.064636
-5.002304 -5.3121185 4.1170044
-5.456955 -5.097885 4.228882
-6.1520233 -4.950302 4.2455444
-6.70903 -5.174057 3.9432373
-6.8447113 -4.828903 3.486206
-6.96611 -4.4218597 3.2005615
-6.849472 -3.4649506 2.9101563
-6.637619 -2.505661 2.6554565
-6.5709686 -2.4628143 2.5459595
-6.735214 -2.8341522 2.407898
-6.939926 -3.5863495 2.593567
-7.151779 -3.9315033 3.0339355
-7.4493256 -3.8624725 3.5790405
-7.599289 -2.9317474 4.2384033
-6.970871 -0.39665222 5.0144043
-7.1613007 0.22462463 3.1934204
-6.6399994 0.73402405 2.8078003
-7.7563934 -2.089096 2.1912842
-10.908005 -8.925522 0.31079102
-10.127243 -11.7391205 3.0125122
-10.358139 -8.513718 4.6573486
-10.7651825 -4.0981293 4.595459
-10.696152 -1.9510345 5.530945
-11.960129 9.812759 9.356201
-19.671936 2.2360382 11.260498
-11.317429 -7.894821 5.3119507
-11.926804 -7.2116547 5.5809326
-13.174118 -6.9736176 9.189575
-11.650681 2.5526276 14.412109
-15.797287 6.5302277 10.841553
-13.033676 2.5645294 5.761841
-7.8587494 -0.9822235 5.9451294
-7.2255707 -3.1959686 5.7285156
-6.180588 -4.6003876 4.776367
-5.149887 -5.1264496 4.98584
-5.1022797 -4.8693695 5.75708
-4.8642426 -4.5432587 5.595215
-4.585739 -3.2864227 4.9382324
-5.1832123 -3.1507416 4.5740356
-5.6783295 -3.0793304 5.549988
-6.3472137 -3.3411713 6.2402954
-6.96611 -3.326889 6.923462
-7.568344 -3.2959442 7.763733
-7.906357 -2.7698822 8.551636
-8.039658 -2.7079926 8.318359
-7.535019 -1.9962616 7.968445
-6.83757 -1.8082123 7.597107
-7.0399017 -3.6387177 7.3495483
-7.0446625 -3.7982025 7.1138916
-7.3850555 -3.5673065 7.173401
-6.9875336 -3.8029633 6.552124
-6.535263 -3.3792572 6.287903
-6.356735 -2.5651703 6.33313
-6.9304047 -2.3818817 6.5687866
-7.60643 -2.6889496 6.775879
-7.3850555 -2.812729 6.7615967
-7.1422577 -3.3245087 6.4188232
-7.0827484 -3.8886566 6.1046143
-6.6423798 -3.6315765 6.2283936
-6.2805634 -3.2697601 6.385498
-6.4424286 -3.5339813 6.154602
-6.5685883 -3.8553314 6.4021606
-6.64476 -3.762497 6.680664
-7.0327606 -3.7601166 6.9448853
-7.2112885 -3.9267426 6.7782593
-7.1541595 -3.667282 6.878235
-6.9994354 -3.2507172 6.8425293
-7.194626 -3.2150116 6.366455
-7.3731537 -3.0626678 6.264099
-7.511215 -2.7984467 6.1950684
-7.554062 -2.8246307 6.1760254
-7.375534 -2.922226 5.9403687
-7.2565155 -3.0745697 6.037964
-7.144638 -3.2031097 6.026062
-7.125595 -3.1483612 6.242676
-7.235092 -3.6268158 6.5735474
-7.3065033 -3.4578094 6.621155
-7.4112396 -2.812729 6.609253
-7.4874115 -2.5270844 6.442627
-7.3850555 -3.01268 6.147461
-7.2184296 -3.0674286 6.20697
-7.277939 -3.1650238 6.65448
-7.4302826 -3.3602142 6.8115845
-7.304123 -3.107895 6.794922
-7.3279266 -2.941269 6.3497925
-7.344589 -2.857956 6.026062
-7.3326874 -2.550888 5.5880737
-7.2041473 -2.4580536 5.56427
-7.4302826 -2.9055634 5.673767
-7.508835 -2.7079926 6.0022583
-7.8468475 -2.5770721 6.354553
-8.015854 -2.4509125 6.1831665
-8.022995 -2.3556976 6.1903076
-7.8968353 -2.293808 5.9570313
-8.003952 -2.036728 6.064148
-8.1610565 -1.6677704 6.4592896
-8.196762 -1.2607269 6.5949707
-8.382431 -1.5392303 6.5735474
-8.44194 -2.0771942 6.3045654
-8.513351 -2.108139 6.0665283
-8.463364 -1.915329 5.954651
-8.149155 -2.0391083 5.654724
-7.784958 -1.9891205 5.4976196
-7.5064545 -2.4318695 5.261963
-7.3969574 -2.543747 5.4976196
-7.554062 -2.1509857 5.5357056
-7.73497 -2.49852 5.8427734
-7.644516 -2.88414 6.230774
-7.7635345 -2.7889252 6.456909
-7.8468475 -2.6365814 6.3497925
-7.958725 -2.846054 6.1831665
-8.31102 -2.7532196 6.173645
-8.463364 -2.6699066 5.9855957
-8.713303 -2.9008026 5.7927856
-8.532394 -2.9983978 4.7382813
-8.177719 -2.4437714 3.9622803
-7.9682465 -2.0557709 4.6002197
-8.187241 -1.6511078 5.5476074
-8.56572 -2.6365814 5.764221
-7.9872894 -2.9127045 5.7094727
-7.4374237 -2.5128021 6.040344
-7.739731 -2.4532928 5.968933
-8.05632 -1.8915253 6.3569336
-8.3276825 -1.8248749 6.666382
-8.563339 -2.384262 7.025818
-8.794235 -3.134079 6.2093506
-8.69426 -3.9338837 5.56427
-8.434799 -4.7170258 5.004883
-7.901596 -5.25737 5.133423
-7.504074 -4.864609 4.9906006
-7.0137177 -4.2290497 5.968933
-7.3469696 -4.0933685 6.2783813
-7.3517303 -4.205246 6.007019
-6.9423065 -4.007675 4.735901
-6.2996063 -4.6503754 3.7052002
-5.8830414 -5.3311615 3.7599487
-6.149643 -5.1145477 4.1241455
-7.254135 -4.436142 5.5856934
-8.784714 -3.300705 6.65448
-10.098679 -2.6056366 6.8234863
-10.343857 -2.4770966 5.776123
-8.577621 -2.974594 3.100586
-6.9756317 -3.9457855 2.4745483
-7.375534 -4.916977 3.2648315
-8.303879 -3.9957733 4.3931274
-8.718063 -3.519699 6.4093018
-8.798996 -4.0933685 6.794922
-7.6611786 -5.0502777 4.9977417
-6.290085 -4.5694427 3.664734
-6.361496 -5.3835297 4.333618
-7.1351166 -4.943161 4.0908203
-7.946823 -4.4147186 5.2024536
-8.125351 -5.097885 5.4262085
-7.5254974 -5.3573456 4.8668213
-7.6659393 -5.076462 5.333374
-8.587143 -4.764633 5.526184
-9.213181 -3.1388397 5.602356
-9.72258 -2.5175629 6.102234
-9.0203705 -2.3104706 5.519043
-7.4993134 -3.5149384 5.2667236
-6.2686615 -5.750107 5.0739136
-5.559311 -7.040268 5.083435
-6.047287 -6.7308197 5.383362
-7.3350677 -5.70726 5.3738403
-8.263412 -4.783676 5.321472
-8.639511 -4.6122894 4.9763184
-8.5395355 -4.2861786 4.5073853
-8.177719 -4.4266205 4.114624
-7.2065277 -3.6910858 3.6409302
-6.6542816 -4.4789886 4.1503296
-6.728073 -5.731064 4.564514
-7.1732025 -5.89769 5.0786743
-7.6016693 -5.1074066 5.466675
-7.5826263 -4.3314056 5.1453247
-7.4040985 -4.179062 5.0858154
-7.5659637 -5.038376 4.8858643
-7.8706512 -5.147873 4.5216675
-8.394333 -4.905075 4.459778
-7.761154 -3.3768768 4.190796
-7.1732025 -3.7315521 4.7668457
-6.9756317 -5.5239716 5.0358276
-6.7828217 -6.5641937 5.2714844
-7.0184784 -6.0190887 5.583313
-7.504074 -4.981247 5.8737183
-7.9682465 -4.026718 5.802307
-8.3276825 -3.8672333 5.5166626
-8.453842 -3.7529755 5.0786743
-8.194382 -3.1459808 4.723999
-8.130112 -3.319748 4.852539
-7.754013 -3.6553802 4.443115
-7.3469696 -3.8172455 4.5169067
-7.189865 -4.4528046 5.140564
-6.9304047 -4.283798 5.0025024
-6.8518524 -3.4982758 5.019165
-7.2707977 -4.262375 5.6713867
-7.5564423 -5.012192 6.687805
-7.8087616 -4.429001 6.325989
-8.065842 -3.5411224 6.059387
-8.134872 -2.8055878 5.685669
-7.739731 -2.1390839 4.9715576
-7.2707977 -2.3152313 4.954895
-7.246994 -3.0388641 4.9953613
-7.406479 -2.8817596 5.0596313
-7.849228 -2.6675262 5.6880493
-8.322922 -2.698471 6.514038
-8.69664 -2.4723358 6.756836
-9.056076 -2.3366547 7.3233643
-9.203659 -2.1771698 6.8377686
-8.963242 -1.8820038 5.8237305
-8.406235 -1.5963593 5.404785
-8.158676 -1.4178314 5.05249
-8.430038 -1.767746 4.98822
-8.89183 -1.9534149 4.897766
-9.222702 -1.5225677 5.17865
-9.201279 -1.241684 6.0689087
-9.346481 -1.5225677 6.3497925
-9.636887 -2.1152802 6.290283
-9.572617 -2.339035 5.742798
-9.308395 -2.5770721 5.6951904
-9.289352 -2.9246063 5.4714355
-9.405991 -2.6365814 5.4833374
-9.670212 -1.2631073 5.2857666
-9.810654 0.2936554 5.37146
-10.132004 0.7126007 4.2003174
-11.417404 -2.4509125 2.1103516
-10.705673 -0.8774872 3.0744019
-10.550949 -0.38237 4.378845
-10.888962 0.37696838 3.2315063
-9.577377 0.79829407 3.5028687
-9.52739 0.65071106 3.3600464
-9.486923 0.79115295 2.6602173
-8.982285 1.5623932 2.8839722
-8.875168 1.8956451 2.9268188
-8.801376 1.8194733 2.9196777
-8.563339 0.6292877 3.1743774
-8.030136 -0.06578064 3.2172241
-7.715927 0.18891907 3.8289795
-7.6992645 0.7887726 3.9813232
-7.573105 1.2743683 4.057495
-7.444565 2.0265656 4.212219
-7.5397797 2.7644806 4.8692017
-7.2231903 3.183426 5.295288
-6.618576 3.4690704 4.838257
-6.8518524 3.0406036 2.8292236
-6.5376434 2.471695 2.312683
-6.7256927 2.8739777 2.7435303
-7.363632 3.292923 3.2172241
-6.7494965 4.4116974 2.7363892
-7.001816 4.7830353 3.236267
-7.765915 3.478592 4.3479004
-8.6418915 1.2005768 5.557129
-9.156052 -0.039596558 5.697571
-9.798752 0.38648987 6.1569824
-9.770187 2.4502716 6.1760254
-10.391464 3.9118195 5.4071655
-10.520004 3.7880402 4.0860596
-9.029892 2.9763336 2.8458862
-8.196762 2.0075226 1.8699341
-7.9254 0.83399963 0.8392334
-8.265793 -1.0226898 0.57263184
-7.6159515 -0.5537567 0.97491455
-8.003952 1.0458527 1.3605347
-8.199142 2.3336334 1.8223267
-7.1851044 2.3383942 3.183899
-7.239853 4.209366 3.5718994
-7.342209 5.1805573 2.972046
-6.8399506 5.299576 0.9058838
-5.7687836 1.4600372 2.5054932
-3.4741058 1.9218292 1.1272583
-6.2186737 1.574295 0.60595703
-7.5778656 -0.47520447 -0.57470703
-7.9825287 -2.5556488 -1.4006958
-8.230087 -3.3221283 -1.4125977
-8.256271 -2.94841 -0.7770386
-8.556198 -1.6868134 0.3369751
-9.213181 -0.27049255 1.4914551
-10.177231 0.6126251 2.3460083
-10.988937 1.1053619 2.8030396
-11.395981 1.2410431 3.0601196
-11.569748 1.1791534 3.6885376
-11.626877 0.83638 4.0789185
-11.322189 0.26985168 4.2217407
-10.74852 -0.32048035 4.7716064
-10.477158 -1.0702972 5.107239
-10.615219 -1.8534393 5.038208
-10.49382 -1.9367523 4.693054
-10.569992 -1.9438934 4.7668457
-10.922287 -2.2081146 4.79303
-11.381699 -2.9150848 4.773987
-11.619736 -3.6815643 4.4335938
-11.822067 -3.9886322 3.9551392
-12.148178 -4.1195526 3.6837769
-12.471909 -4.000534 3.4885864
-12.667099 -3.7220306 3.1934204
-12.859909 -3.410202 2.7268677
-13.050339 -3.1269379 2.3531494
-13.255051 -2.9888763 1.9175415
-13.450241 -2.941269 1.420044
-13.600204 -3.1197968 0.99871826
-13.754929 -3.198349 0.55358887
-13.797775 -3.2721405 0.20605469
-13.82634 -3.236435 -0.06530762
-13.859665 -3.1197968 -0.039123535
-13.733505 -2.876999 -0.0914917
-13.621628 -2.7079926 0.06561279
-13.355026 -2.4937592 0.113220215
-13.028915 -2.2866669 0.22509766
-12.614731 -2.1509857 0.42266846
-12.2790985 -2.1033783 0.64404297
-11.888718 -2.0986176 0.78686523
-11.569748 -2.1414642 0.9058838
-11.350754 -2.165268 1.048706
-11.103195 -2.1962128 1.2438965
-10.922287 -2.2604828 1.3224487
-10.710434 -2.2604828 1.381958
-10.577133 -2.2819061 1.3938599
-10.405746 -2.3818817 1.4152832
-10.248642 -2.4080658 1.3581543
-9.996323 -2.5294647 1.3391113
-9.791611 -2.5746918 1.2438965
-9.634506 -2.646103 1.1177368
-9.410751 -2.679428 0.939209
-9.217941 -2.7389374 0.8392334
-9.01799 -2.7341766 0.6273804
-8.884689 -2.7079926 0.47265625
-8.656174 -2.7079926 0.35125732
-8.427658 -2.7127533 0.246521
-8.277695 -2.6865692 0.17749023
-8.075363 -2.6841888 0.17510986
-7.9182587 -2.6841888 0.3536377
-7.723068 -2.7341766 0.39648438
-7.5850067 -2.7198944 0.5654907
-7.4874115 -2.7317963 0.91778564
-7.470749 -2.6675262 1.0986938
-7.561203 -2.6056366 1.2510376
-7.568344 -2.4889984 1.317688
-7.592148 -2.4651947 1.4319458
-7.594528 -2.4437714 1.4581299
-7.5969086 -2.531845 1.4771729
-7.613571 -2.6246796 1.4700317
-7.656418 -2.646103 1.5319214
-7.758774 -2.7198944 1.612854
-7.8516083 -2.7556 1.6461792
-7.9753876 -2.6865692 1.7009277
-8.092026 -2.6508636 1.7818604
-8.201523 -2.653244 1.77948
-8.337204 -2.6960907 1.8318481
-8.43718 -2.7127533 1.6366577
-8.653793 -2.793686 1.529541
-8.846603 -2.967453 1.4248047
-9.010849 -3.1888275 1.4414673
-9.353622 -3.3768768 1.465271
-9.748764 -3.698227 1.6366577
-10.070114 -4.1957245 1.5271606
-10.348618 -4.80748 1.2557983
-10.512863 -5.090744 1.4486084
-10.479538 -5.0550385 2.0722656
-10.605698 -4.909836 2.9458618
-10.953232 -4.9003143 3.3076782
-11.203171 -4.957443 3.3052979
-11.172226 -5.00029 3.0006104
-10.946091 -4.9836273 2.7125854
-10.672348 -4.828903 2.6602173
-10.581894 -4.5361176 2.922058
-10.691391 -4.1766815 3.5528564
-10.927048 -3.9243622 4.100342
-11.1436615 -3.5792084 4.928711
-11.296005 -3.9695892 5.4071655
-11.767319 -4.1695404 6.1903076
-11.286484 -3.2292938 8.949158
-11.826828 -2.312851 11.415222
-12.467148 -1.6939545 8.139832
-11.238876 -3.4911346 3.0482178
-10.29863 -5.919113 0.48217773
-9.78685 -6.573715 -1.5839844
-9.203659 -7.033127 -1.5887451
-9.772568 -6.54039 -0.57232666
-10.274826 -5.9143524 -0.17718506
-10.267685 -5.8953094 0.67974854
-10.350998 -6.257126 0.6583252
-10.310532 -6.9593353 0.0013427734
-9.684494 -7.2806854 -0.5628052
-9.246506 -6.854599 -0.36999512
-9.070358 -6.0095673 0.13702393
-8.972763 -5.1074066 0.7392578
-8.95134 -4.333786 1.2581787
-8.927536 -3.5625458 1.6223755
-8.882309 -3.0936127 1.7485352
-8.868027 -3.1364594 1.6557007
-8.782333 -3.3554535 1.4700317
-8.69902 -3.6910858 1.0249023
-8.639511 -3.84581 0.70355225
-8.599045 -3.8672333 0.4179077
-8.7061615 -3.6910858 0.17272949
-8.882309 -3.538742 0.08703613
-8.994186 -3.4006805 -0.02722168
-9.0846405 -3.4387665 -0.015319824
-9.087021 -3.5554047 0.094177246
-9.122726 -3.6506195 0.14654541
-9.153671 -3.6649017 0.26794434
-9.279831 -3.724411 0.39648438
-9.429794 -3.7196503 0.55596924
-9.525009 -3.7863007 0.6178589
-9.651169 -3.807724 0.70355225
-9.753525 -3.800583 0.67974854
-9.746384 -3.8553314 0.6987915
-9.803513 -3.788681 0.76068115
-9.824936 -3.7196503 0.7987671
-9.870163 -3.5982513 0.78448486
-10.003464 -3.455429 0.791626
-10.098679 -3.3126068 0.8059082
-10.258163 -3.2269135 0.8320923
-10.329575 -3.0555267 0.89160156
-10.167709 -2.8436737 1.0582275
-9.970139 -2.339035 0.9772949
-9.891586 -1.9367523 1.2105713
-9.822556 -1.5535126 1.4414673
-9.736862 -1.2607269 1.631897
-9.663071 -1.1179047 1.6723633
-9.644028 -1.1821747 1.8413696
-9.667831 -1.2631073 1.9342041
-9.760666 -1.3678436 2.0198975
-9.879684 -1.4487762 2.0246582
-9.958237 -1.5487518 2.112732
-10.103439 -1.5773163 2.0532227
-10.093918 -1.5701752 2.0079956
Time Stop = 1457238009
