Time Start = 4521
-0.5224457 4.659256 8.244568
-0.7533417 4.8282623 8.427856
-0.9318695 4.792557 8.351685
-1.0032806 4.6949615 8.394531
-0.9842377 4.7140045 8.551636
-0.8675995 4.6687775 8.651611
-0.7676239 4.564041 8.7039795
-0.6700287 4.4878693 8.715881
-0.59861755 4.459305 8.568298
-0.6509857 4.4259796 8.456421
-0.7247772 4.4712067 8.335022
-0.774765 4.5211945 8.32312
-0.82237244 4.466446 8.349304
-0.8080902 4.499771 8.230286
-0.81999207 4.4331207 8.270752
-0.8104706 4.2855377 8.294556
-0.8009491 4.2831573 8.263611
-0.89378357 4.295059 8.2421875
-0.9675751 4.4331207 8.287415
-1.0270844 4.5545197 8.313599
-1.0128021 4.549759 8.282654
-0.91996765 4.4950104 8.251709
-0.94377136 4.4116974 8.13031
-0.9247284 4.3426666 8.020813
-0.9152069 4.247452 7.9779663
-0.8009491 4.216507 7.9351196
-0.71525574 4.223648 7.899414
-0.77952576 4.2902985 7.835144
-0.8271332 4.3926544 7.756592
-1.0128021 4.506912 7.6661377
-1.134201 4.42836 7.528076
-1.2794037 4.3617096 7.328125
-1.4626923 4.3807526 7.1972046
-1.7245331 4.390274 7.147217
-1.9054413 4.292679 6.918701
-2.0887299 4.3164825 6.5545044
-2.2458344 4.5021515 6.302185
-2.4410248 4.9449005 6.057007
-2.826645 5.2329254 5.847534
-3.231308 5.0591583 5.788025
-3.405075 5.1448517 5.5856934
-3.238449 5.090103 5.364319
-2.9290009 5.0329742 5.250061
-2.5052948 4.754471 5.319092
-1.9316254 4.3093414 5.454773
-1.2960663 4.228409 5.5547485
-0.85569763 4.306961 5.5547485
-0.78666687 4.0022736 5.4761963
-0.21061707 3.497635 5.454773
0.90815735 2.5454865 6.045105
1.9055328 1.6623688 7.071045
2.1864166 1.490982 7.725647
1.7793732 1.5623932 8.204102
0.60346985 1.8337555 8.394531
-0.248703 1.9884796 8.563538
-0.029708862 1.3529205 8.925354
0.7724762 0.21510315 9.777527
1.5722809 -0.72276306 10.215515
1.5722809 -0.76560974 10.251221
1.2437897 -0.61802673 10.203613
0.7867584 -0.6370697 10.360718
0.4178009 -1.2202606 10.6796875
-0.21061707 -1.1131439 10.646362
-0.543869 -1.3488007 10.724915
-0.57481384 -1.203598 10.732056
-0.20347595 -0.67515564 10.746338
0.4677887 -0.48472595 11.331909
1.2176056 -1.0226898 12.053162
1.1961823 -1.3392792 12.295959
0.0155181885 -1.434494 12.272156
-1.1675262 -0.8751068 11.489014
-1.0865936 -1.1916962 11.048645
-0.122543335 -1.2845306 10.584473
0.12025452 -0.8941498 10.106018
0.025039673 -0.677536 10.253601
-0.09635925 -0.54185486 10.341675
-0.80570984 -0.6061249 10.151245
-2.103012 -1.9438934 9.808472
-3.519333 -2.7151337 8.64209
-3.9097137 -3.01268 8.404053
-3.4955292 -2.8817596 8.83252
-3.8097382 -2.543747 8.908691
-4.647629 -2.3699799 8.468323
-5.1332245 -2.910324 7.7661133
-5.502182 -3.5411224 7.509033
-6.2805634 -3.8624725 7.7042236
-7.042282 -3.4149628 7.5114136
-8.339584 -4.2790375 7.597107
-9.753525 -6.316635 7.2162476
-7.6921234 -7.1069183 8.287415
-5.340317 -7.199753 9.044373
-6.0496674 -5.014572 7.989868
-7.708786 -5.8500824 6.0689087
-7.9039764 -6.373764 4.3621826
-7.765915 -5.5763397 5.128662
-7.599289 -3.262619 7.737549
-9.091782 -0.67515564 11.115295
-9.798752 -0.5442352 12.633972
-8.306259 -3.069809 13.469482
-6.823288 -5.200241 11.012939
-6.380539 -5.435898 8.106506
-6.7447357 -4.802719 7.9470215
-5.078476 -3.633957 8.396912
-3.8882904 -1.324997 8.994385
-3.0813446 -0.6204071 9.03009
-3.416977 -1.3107147 9.972717
-3.3312836 -0.95365906 9.994141
-3.405075 -0.48710632 10.720154
-3.7430878 -0.9512787 9.827515
-4.8309174 -2.94841 9.565674
-4.7476044 -4.598007 9.694214
-4.1453705 -4.4004364 10.534485
-3.6788177 -2.7389374 11.308105
-2.9956512 -1.4701996 11.072449
-2.8813934 -1.4844818 10.939148
-2.9385223 -1.6939545 10.220276
-3.0932465 -2.0272064 9.746582
-3.321762 -1.6511078 9.665649
-3.231308 -0.98698425 9.910828
-3.3360443 -0.4799652 9.98938
-3.3884125 -0.3419037 10.091736
-3.2931976 -0.4490204 9.570435
-3.526474 -0.8346405 8.980103
-3.4526825 -1.1964569 8.496887
-3.6240692 -1.2393036 8.64209
-3.443161 -1.1060028 8.744446
-3.288437 -0.72514343 8.953918
-3.1575165 -0.32762146 9.487122
-3.2336884 -0.33714294 9.470459
-3.3455658 -0.69181824 9.675171
-3.288437 -1.0084076 9.570435
-3.0861053 -1.1488495 9.403809
-3.1527557 -0.94651794 9.168152
-3.155136 -0.72514343 9.382385
-3.1908417 -0.56803894 9.496643
-3.3479462 -0.7703705 9.532349
-3.321762 -0.64183044 9.5252075
-3.2098846 -0.74180603 9.482361
-3.3074799 -1.1179047 9.020569
-3.3360443 -1.3368988 8.801575
-3.4026947 -1.1488495 8.90155
-3.3741302 -0.9679413 9.306213
-3.238449 -0.8536835 9.520447
-3.3503265 -0.8346405 9.725159
-3.257492 -0.6941986 9.7561035
-3.231308 -0.6608734 9.822754
-3.2789154 -0.7537079 9.579956
-3.462204 -1.0726776 9.306213
-3.4264984 -1.3226166 9.044373
-3.4717255 -1.0226898 9.251465
-3.3431854 -1.1036224 9.391907
-3.7335663 -0.85606384 9.434753
-3.4907684 -0.7703705 9.596619
-3.50029 -0.9346161 9.451416
-3.6621552 -1.0821991 9.280029
-3.635971 -1.2083588 9.032471
-3.7407074 -1.324997 9.182434
-3.62883 -1.3821259 9.384766
-3.583603 -1.2988129 9.558533
-3.6621552 -1.1631317 9.444275
-3.8430634 -1.0417328 9.306213
-4.052536 -1.1369476 8.913452
-4.104904 -1.2274017 8.89679
-4.212021 -1.0345917 9.053894
-4.104904 -1.2131195 9.260986
-4.097763 -1.3726044 9.194336
-3.95018 -1.6915741 9.22052
-3.712143 -1.8105927 9.115784
-3.6978607 -1.8439178 8.992004
-3.6716766 -2.0153046 8.894409
-3.7288055 -2.0986176 8.737305
-3.9787445 -1.9224701 8.584961
-4.121567 -1.7106171 8.401672
-4.438156 -1.7415619 8.592102
-4.5190887 -1.4297333 8.889648
-4.71904 -0.97984314 8.996765
-4.730942 -0.9988861 8.775391
-4.6976166 -1.1179047 8.354065
-4.628586 -1.3916473 8.170776
-4.552414 -1.7915497 8.64447
-4.4333954 -1.8082123 8.751587
-4.3453217 -1.7129974 9.141968
-4.2358246 -1.4821014 9.34906
-4.2024994 -1.3345184 9.28717
-4.250107 -1.4392548 9.075317
-4.5905 -1.6273041 8.244568
-4.661911 -1.8296356 8.168396
-4.5738373 -1.7748871 8.19696
-4.4143524 -1.7201385 8.456421
-4.3691254 -1.832016 8.806335
-4.4548187 -1.812973 8.920593
-4.6595306 -1.5487518 8.8349
-4.540512 -1.3535614 9.180054
-4.419113 -0.99412537 9.22052
-4.5500336 -1.0845795 9.180054
-4.7404633 -1.1678925 8.70874
-4.695236 -1.1797943 8.632568
-4.8261566 -1.094101 8.568298
-4.8951874 -1.0917206 8.356445
-4.7499847 -1.1655121 8.25885
-4.604782 -1.2440643 8.494507
-4.423874 -1.2083588 8.544495
-4.4262543 -1.2369232 8.701599
-4.5357513 -1.3821259 8.927734
-4.416733 -1.324997 9.106262
-4.3715057 -1.3202362 9.241943
-4.2881927 -1.324997 9.268127
-4.290573 -1.3107147 9.201477
-4.3048553 -1.3416595 9.049133
-4.571457 -1.2773895 8.7039795
-4.759506 -1.1988373 8.782532
-4.4143524 -1.3130951 8.994385
-4.1715546 -1.2845306 9.056274
-4.162033 -1.2845306 8.96344
-4.302475 -1.3416595 8.930115
-4.3191376 -1.389267 9.039612
-3.988266 -1.305954 9.265747
-4.0430145 -1.1321869 9.203857
-4.1834564 -0.9179535 8.911072
-4.5571747 -0.76322937 8.732544
-4.6523895 -0.7346649 8.465942
-4.7476044 -0.6632538 8.401672
-4.9785004 -0.7108612 8.38501
-5.073715 -0.8346405 8.299316
-4.816635 -1.1012421 8.423096
-4.52861 -1.0298309 8.668274
-4.2405853 -0.9608002 9.127686
-4.2024994 -0.88700867 9.532349
-4.1715546 -0.87034607 9.718018
-4.1310883 -0.8489227 9.870361
-4.0953827 -0.92033386 9.791809
-4.162033 -0.96318054 9.708496
-4.135849 -0.8774872 9.553772
-4.385788 -0.7941742 9.341919
-4.4905243 -0.74894714 9.087219
-4.650009 -0.80607605 8.70636
-4.7666473 -1.2083588 8.544495
-4.680954 -1.3107147 8.668274
-4.899948 -1.2654877 8.542114
-4.9665985 -1.2512054 8.230286
-5.007065 -1.370224 8.120789
-5.0046844 -1.1131439 7.923218
-4.661911 -0.80607605 7.4971313
-4.9856415 -0.65849304 7.3709717
-4.9142303 -0.5466156 7.9993896
-5.316513 -0.10386658 8.563538
-5.199875 0.29127502 8.587341
-5.3641205 0.39839172 8.454041
-5.404587 0.3841095 8.482605
-5.221298 0.31507874 8.720642
-5.328415 0.33888245 8.799194
-5.264145 0.13179016 8.813477
-5.2165375 0.03895569 8.868225
-5.1475067 -0.2252655 8.939636
-5.278427 -0.24430847 8.822998
-5.1855927 -0.27763367 9.041992
-4.9999237 -0.34666443 9.41095
-5.026108 -0.43473816 9.618042
-5.10466 -0.31809998 9.579956
-5.218918 -0.5323334 9.237183
-5.271286 -0.64897156 8.777771
-5.55217 -0.73228455 8.892029
-5.5426483 -1.010788 8.330261
-5.49028 -1.0203094 8.170776
-5.471237 -0.55851746 8.1922
-5.4212494 -0.34666443 8.185059
-5.335556 0.08180237 7.8637085
-5.373642 0.35792542 7.7542114
-5.3069916 0.4817047 7.4161987
-5.3331757 0.41981506 7.130554
-5.6069183 0.48884583 6.968689
-5.6473846 0.48408508 6.982971
-5.866379 0.5912018 7.047241
-5.887802 0.4674225 7.194824
-5.8759003 0.4245758 7.5828247
-5.816391 0.4912262 7.8708496
-5.573593 0.605484 8.313599
-5.4807587 0.8935089 8.570679
-5.6092987 1.0387115 8.477844
-5.918747 0.8387604 8.220764
-6.1163177 0.38648987 8.38501
-6.1329803 0.4007721 8.858704
-6.247238 0.6078644 8.894409
-5.93779 0.19367981 8.830139
-5.7425995 0.8863678 8.765869
-5.6735687 0.92207336 8.401672
-5.694992 0.6388092 8.13031
-5.6926117 0.6959381 8.06366
-5.6854706 0.9434967 7.949402
-5.702133 1.1672516 7.899414
-5.944931 1.6909332 7.7423096
-5.4331512 1.9361115 7.4352417
-5.123703 1.9932404 7.532837
-5.2808075 2.2312775 7.256714
-5.5950165 1.6861725 7.2162476
-5.8259125 1.112503 7.0043945
-6.3472137 0.8387604 6.885376
-5.997299 0.47218323 7.3233643
-5.783066 0.6126251 7.5614014
-5.687851 0.53645325 7.904175
-5.516464 0.56977844 7.9351196
-5.3522186 0.60310364 7.80896
-5.4236298 0.69117737 7.801819
-5.316513 0.93873596 8.19458
-5.290329 1.195816 8.19458
-5.335556 1.1077423 8.311218
-5.406967 1.2410431 8.149353
-5.4593353 1.4957428 8.096985
-5.4212494 1.426712 7.956543
-5.3593597 1.3600616 7.9851074
-5.347458 1.3243561 7.823242
-5.6640472 1.2743683 8.120789
-5.994919 0.7221222 8.013672
-5.2332 0.48646545 8.468323
-5.2332 1.2767487 8.696838
-5.3188934 1.4790802 8.682556
-5.2617645 1.3219757 8.653992
-5.192734 1.2291412 8.549255
-5.214157 1.2505646 8.484985
-5.335556 1.131546 8.627808
-5.2236786 1.0268097 8.563538
-5.264145 0.89112854 8.561157
-5.0760956 0.82447815 8.554016
-5.059433 0.81733704 8.554016
-4.9975433 0.8268585 8.504028
-5.0046844 0.7887726 8.520691
-5.014206 0.9268341 8.661133
-5.002304 1.0268097 8.32074
-5.0618134 0.92445374 8.1588745
-4.983261 1.0791779 8.175537
-4.8975677 0.98872375 8.213623
-5.0118256 0.7364044 8.38501
-5.073715 0.53645325 8.532593
-5.007065 0.63642883 8.38739
-5.0832367 0.74354553 8.335022
-5.0570526 0.8720856 8.263611
-4.988022 0.8101959 8.296936
-4.995163 0.7625885 8.275513
-4.9713593 0.71736145 8.404053
-4.885666 0.7792511 8.601624
-4.880905 0.82447815 8.673035
-4.8832855 0.7387848 8.668274
-4.899948 0.68403625 8.554016
-4.938034 0.7030792 8.396912
-4.968979 0.6578522 8.434998
-4.9332733 0.5959625 8.482605
-4.878525 0.5507355 8.508789
-4.8761444 0.56025696 8.480225
-4.8880463 0.6649933 8.601624
-4.8523407 0.77449036 8.732544
-4.795212 0.8673248 8.789673
-4.7499847 0.85066223 8.761108
-4.78331 0.73402405 8.589722
-4.816635 0.61976624 8.480225
-4.8761444 0.60310364 8.458801
-4.861862 0.5912018 8.458801
-4.8451996 0.71022034 8.418335
-4.8499603 0.72450256 8.5563965
-4.8523407 0.75782776 8.606384
-4.7618866 0.7292633 8.670654
-4.7238007 0.69117737 8.658752
-4.730942 0.7197418 8.663513
-4.714279 0.7792511 8.613525
-4.695236 0.8768463 8.625427
-4.764267 0.8197174 8.625427
-4.809494 0.7697296 8.592102
-4.8642426 0.78401184 8.499268
-4.759506 0.8030548 8.615906
-4.6452484 0.8530426 8.608765
-4.6523895 0.74354553 8.484985
-4.669052 0.7292633 8.454041
-4.7166595 0.68403625 8.332642
-4.816635 0.43647766 8.1588745
-4.8118744 0.4983673 8.318359
-4.692856 0.8601837 8.575439
-4.5547943 1.1839142 8.763489
-4.5619354 1.0958405 8.830139
-4.650009 0.7935333 8.830139
-4.692856 0.6126251 8.792053
-4.730942 0.5650177 8.806335
-4.604782 0.75068665 8.618286
-4.6262054 0.8054352 8.611145
-4.6666718 0.8030548 8.665894
-4.6785736 0.8935089 8.718262
-4.6523895 0.90065 8.715881
-4.642868 0.93873596 8.77301
-4.604782 0.98872375 8.777771
-4.5238495 0.94825745 8.720642
-4.6214447 0.80781555 8.661133
-4.5928802 0.7316437 8.694458
-4.5809784 0.76734924 8.727783
-4.635727 0.8625641 8.77063
-4.6595306 0.87446594 8.499268
-4.6262054 0.93873596 8.477844
-4.623825 0.8387604 8.406433
-4.6833344 0.7459259 8.44928
-4.6262054 0.6792755 8.549255
-4.616684 0.6483307 8.627808
-4.623825 0.7126007 8.701599
-4.5952606 0.7149811 8.682556
-4.6143036 0.7625885 8.630188
-4.676193 0.9101715 8.551636
-4.673813 0.95777893 8.575439
-4.6595306 0.9173126 8.639709
-4.578598 0.81495667 8.732544
-4.623825 0.7863922 8.751587
-4.623825 0.8601837 8.720642
-4.642868 0.8935089 8.604004
-4.6404877 0.89112854 8.523071
-4.6404877 0.9434967 8.57782
-4.6333466 0.9339752 8.558777
-4.6523895 0.91493225 8.608765
-4.6190643 0.8863678 8.696838
-4.623825 0.8792267 8.715881
-4.5905 0.9030304 8.639709
-4.647629 0.88874817 8.458801
-4.6523895 0.9339752 8.484985
-4.6642914 0.90779114 8.606384
-4.6071625 0.79829407 8.623047
-4.661911 0.77449036 8.663513
-4.5881195 0.89826965 8.711121
-4.5500336 0.95777893 8.720642
-4.5809784 0.99586487 8.713501
-4.6642914 0.91493225 8.64447
-4.688095 0.8958893 8.630188
-4.711899 0.91493225 8.561157
-4.695236 0.983963 8.463562
-4.707138 0.8435211 8.5802
-4.6666718 0.8673248 8.649231
-4.6190643 0.94825745 8.551636
-4.6642914 0.9673004 8.689697
-4.5738373 0.99586487 8.739685
-4.6333466 1.0125275 8.646851
-4.676193 0.98158264 8.506409
-4.6571503 0.8792267 8.487366
-4.6523895 0.8101959 8.499268
-4.661911 0.75068665 8.606384
-4.635727 0.8220978 8.720642
-4.6714325 0.90541077 8.584961
-4.6452484 0.8625641 8.663513
-4.6333466 0.9530182 8.777771
-4.6785736 1.0006256 8.732544
-4.635727 1.0363312 8.596863
-4.673813 0.98158264 8.558777
-4.673813 0.9173126 8.477844
-4.6714325 0.7959137 8.508789
-4.6976166 0.8792267 8.663513
-4.6904755 0.8839874 8.64447
-4.6404877 0.8720856 8.665894
-4.688095 0.9292145 8.670654
-4.7166595 0.99824524 8.518311
-4.6666718 1.0149078 8.627808
-4.6857147 1.0077667 8.639709
-4.680954 0.9625397 8.563538
-4.6452484 0.9696808 8.432617
-4.730942 0.89826965 8.520691
-4.699997 0.9101715 8.611145
-4.6523895 0.8697052 8.613525
-4.7023773 0.8530426 8.434998
-4.809494 0.88160706 8.270752
-4.7666473 0.70069885 8.349304
-4.733322 0.47932434 8.432617
-4.642868 0.541214 8.596863
-4.585739 0.61976624 8.692078
-4.5881195 0.75782776 8.870605
-4.5500336 0.85780334 8.927734
-4.65477 0.95539856 8.756348
-4.688095 0.99824524 8.694458
-4.7238007 0.94111633 8.623047
-4.778549 0.8030548 8.570679
-4.6833344 0.8101959 8.573059
-4.7214203 0.7459259 8.658752
-4.642868 0.8054352 8.656372
-4.711899 0.8030548 8.637329
-4.71904 0.9934845 8.477844
-4.733322 1.0648956 8.484985
-4.673813 1.0839386 8.432617
-4.71904 0.9673004 8.463562
-4.7023773 0.7863922 8.542114
-4.733322 0.6816559 8.561157
-4.71904 0.62690735 8.546875
-4.6404877 0.6792755 8.487366
-4.583359 0.7959137 8.511169
-4.616684 0.8101959 8.582581
-4.635727 0.73402405 8.658752
-4.6785736 0.6411896 8.83728
-4.623825 0.5650177 8.930115
-4.571457 0.6150055 8.9348755
-4.5619354 0.669754 8.8515625
-4.6143036 0.7649689 8.711121
-4.5881195 0.74354553 8.639709
-4.6452484 0.6411896 8.692078
-4.6642914 0.6578522 8.608765
-4.650009 0.66737366 8.639709
-4.6214447 0.72450256 8.656372
-4.604782 0.70069885 8.625427
-4.583359 0.7697296 8.575439
-4.623825 0.7054596 8.539734
-4.647629 0.6721344 8.596863
-4.7285614 0.6578522 8.637329
Time Stop = 4526
