Time Start = 5403
-0.4629364 4.6568756 8.463562
0.40351868 4.016556 8.594482
0.5844269 3.8237457 8.561157
0.21546936 3.7594757 8.675415
-0.0844574 3.550003 8.744446
0.04170227 3.3857574 8.668274
0.32496643 3.357193 8.651611
0.56062317 3.27388 8.789673
0.62965393 3.3690948 8.658752
0.48683167 3.4309845 8.623047
0.35829163 3.5285797 8.534973
0.21070862 3.6309357 8.582581
0.26307678 3.6833038 8.689697
0.3678131 3.633316 8.801575
0.41542053 3.5000153 8.858704
0.35829163 3.3976593 8.780151
0.21546936 3.3405304 8.730164
0.12739563 3.2953033 8.763489
0.13691711 3.3024445 8.763489
0.2202301 3.3809967 8.861084
0.24403381 3.4286041 8.820618
0.31544495 3.383377 8.784912
0.28211975 3.3405304 8.680176
0.37495422 3.2953033 8.446899
0.49873352 3.311966 8.3897705
0.63679504 3.1881866 8.437378
0.8486481 3.2143707 8.227905
1.0509796 3.1120148 8.32312
1.265213 2.9739532 8.125549
1.5199127 2.754959 8.0946045
1.7579498 2.4931183 7.778015
2.041214 2.2050934 7.5994873
2.3268585 2.138443 7.3685913
2.6529694 2.0146637 6.763977
2.9766998 2.1265411 6.7282715
3.4741974 2.4693146 6.623535
3.9859772 2.9049225 6.390259
4.3525543 2.9715729 6.430725
4.5644073 2.8811188 6.123657
4.7524567 2.4478912 5.780884
4.7334137 1.6409454 5.3500366
4.6501007 1.0958405 4.9525146
4.466812 0.1698761 5.2143555
4.145462 -1.7986908 5.7261353
3.4837189 -3.8220062 5.8570557
2.5434723 -5.231186 6.2212524
1.1319122 -5.4287567 6.1117554
-0.8818817 -4.217148 5.5737915
-3.1241913 -2.7246552 6.5687866
-4.4024506 -0.6061249 8.3897705
-4.6000214 0.95777893 10.31311
-3.507431 1.2100983 11.641357
-2.4862518 0.54359436 12.883911
-2.7623749 -1.158371 12.538757
-4.4595795 -2.7770233 11.922241
-6.3781586 -3.6244354 10.912964
-7.5659637 -3.531601 10.008423
-7.5516815 -3.1269379 9.470459
-6.463852 -2.422348 9.534729
-5.342697 -1.7891693 10.148865
-4.8332977 -1.1869354 10.282166
-4.4476776 -1.4059296 9.8394165
-4.6143036 -1.9034271 9.180054
-4.942795 -2.1628876 8.758728
-5.2689056 -2.2223969 8.984863
-5.285568 -1.9462738 9.180054
-4.907089 -1.1440887 9.794189
-5.0118256 -0.3990326 10.732056
-5.0451508 0.43885803 10.641602
-5.3117523 0.5816803 10.63208
-5.516464 0.20796204 10.355957
-5.8140106 -0.32286072 9.908447
-6.251999 -0.4061737 9.660889
-6.587631 -0.5037689 9.2229
-8.37767 -1.5392303 9.817993
-11.229355 -3.8815155 10.922485
-11.126999 -3.0745697 11.884155
-7.7897186 1.657608 16.428284
-4.46196 3.8523102 14.766785
-13.528793 -6.8593597 4.9001465
-17.380234 -5.462082 0.85827637
-8.532394 6.999161 7.775635
-0.7033539 3.6880646 12.143616
0.7962799 4.3022003 12.007935
1.136673 1.252945 12.543518
-0.9485321 -1.3726044 13.493286
-2.3315277 -4.564682 14.692993
-2.2767792 -5.64299 14.15741
-2.3505707 -4.912216 12.134094
-2.8361664 -4.42424 11.034363
-3.4312592 -2.646103 10.855835
-3.2336884 -0.17527771 11.158142
-2.500534 1.5338287 11.151001
-1.5840912 2.0979767 10.239319
-2.1196747 1.4433746 9.684692
-2.6385956 0.6745148 9.441895
-2.4910126 0.7221222 9.568054
-2.3672333 0.6078644 9.591858
-2.3862762 0.18177795 9.365723
-3.0337372 -0.42521667 9.363342
-2.7409515 -0.72276306 9.584717
-2.2863007 -0.57518005 9.963196
-2.621933 -0.60850525 10.236938
-3.0980072 -0.59898376 10.17981
-3.2670135 -0.49186707 9.5442505
-3.3003387 -0.47520447 8.861084
-3.3479462 -0.56565857 8.25885
-3.4574432 -0.6108856 7.801819
-3.8073578 -0.35142517 7.823242
-3.700241 0.08180237 8.237427
-3.6050262 0.54597473 8.761108
-3.7883148 0.669754 8.903931
-4.128708 0.32460022 8.777771
-4.40007 -0.13957214 8.5802
-4.469101 -0.36808777 8.358826
-4.423874 -0.33000183 8.523071
-4.3358 -0.13243103 8.663513
-4.347702 -0.080062866 8.889648
-4.381027 -0.032455444 8.863464
-4.4476776 -0.08244324 8.675415
-4.5952606 -0.16575623 8.504028
-4.6571503 -0.3561859 8.456421
-4.8761444 -0.34666443 8.565918
-4.757126 -0.11338806 8.665894
-4.6214447 0.034194946 8.675415
-4.6714325 0.17939758 8.337402
-4.7095184 0.227005 8.1588745
-4.8332977 0.21986389 8.382629
-5.002304 0.077041626 8.458801
-5.059433 -0.030075073 8.765869
-4.899948 0.08894348 8.677795
-4.7880707 0.098464966 8.689697
-4.8142548 0.06990051 8.573059
-4.961838 0.050857544 8.365967
-5.0499115 -0.1181488 8.173157
-5.16893 -0.299057 8.342163
-5.092758 -0.24906921 8.625427
-5.007065 -0.21336365 8.761108
-4.892807 -0.25382996 8.599243
-4.9094696 -0.15623474 8.630188
-4.930893 -0.19432068 8.658752
-4.8690033 -0.32048035 8.506409
-4.892807 -0.27287292 8.413574
-4.8761444 -0.19670105 8.26123
-5.1832123 -0.18003845 8.335022
-5.340317 -0.17765808 8.70636
-5.340317 -0.15623474 9.289551
-5.1784515 -0.37998962 9.965576
-4.97612 -0.5394745 10.036987
-4.988022 -0.6703949 9.934631
-4.8523407 -0.8417816 9.879883
-4.540512 -1.1226654 9.384766
-4.3834076 -1.3749847 8.975342
-4.469101 -1.4511566 8.618286
-4.7285614 -1.3821259 8.061279
-5.021347 -1.036972 7.411438
-5.2355804 -0.6632538 7.0758057
-5.3331757 -0.19194031 7.256714
-5.340317 -0.096725464 7.739929
-5.380783 -0.17289734 8.144592
-5.328415 -0.36332703 8.508789
-5.2617645 -0.7037201 8.846802
-5.1665497 -0.8846283 8.942017
-5.1284637 -1.0774384 8.692078
-5.1594086 -1.2559662 8.680176
-5.0689545 -1.3297577 8.432617
-5.0380096 -1.3011932 8.268372
-5.078476 -1.3464203 8.156494
-4.9785004 -1.1797943 8.19696
-4.8713837 -1.1107635 8.399292
-4.795212 -1.0274506 8.561157
-4.859482 -1.1321869 8.796814
-4.904709 -1.222641 8.822998
-4.97612 -1.2726288 8.889648
-4.957077 -1.2345428 8.794434
-4.9332733 -1.2131195 8.623047
-4.9927826 -1.184555 8.456421
-5.04039 -1.1083832 8.315979
-5.0641937 -1.0203094 8.237427
-5.028488 -1.0012665 8.142212
-5.0641937 -1.0203094 8.173157
-5.1451263 -0.88700867 8.149353
-5.085617 -0.89653015 8.354065
-5.0427704 -0.9822235 8.423096
-4.9523163 -1.0226898 8.563538
-4.9975433 -1.0464935 8.70874
-5.0380096 -1.0512543 8.877747
-4.8761444 -1.0488739 8.946777
-4.8690033 -1.0726776 8.858704
-4.8451996 -1.1155243 8.968201
-4.821396 -1.324997 8.89679
-4.904709 -1.4797211 8.801575
-4.861862 -1.3987885 8.808716
-4.790451 -1.1821747 8.734924
-4.797592 -0.88700867 8.680176
-4.8380585 -0.82987976 8.582581
-4.866623 -0.8751068 8.2421875
-4.8190155 -1.2988129 8.170776
-4.8904266 -1.66539 8.056519
-4.7809296 -1.7915497 7.975586
-4.604782 -1.7272797 8.042236
-4.514328 -1.555893 8.315979
-4.502426 -1.267868 8.742065
-4.5309906 -1.036972 9.201477
-4.469101 -0.84654236 9.322876
-4.4595795 -1.0322113 9.134827
-4.483383 -1.3678436 8.692078
-4.4333954 -1.517807 8.06842
-4.469101 -1.6035004 7.839905
-4.6452484 -1.4678192 8.049377
-4.7547455 -1.0488739 8.487366
-4.6523895 -0.58232117 9.2229
-4.6404877 -0.17289734 10.110779
-4.4857635 0.12940979 11.008179
-4.4143524 0.06037903 11.6675415
-4.404831 -0.16575623 11.805603
-4.40007 -0.5370941 11.493774
-4.5547943 -1.0084076 10.82251
-4.8237762 -1.3416595 9.829895
-5.2284393 -1.7248993 9.108643
-5.221298 -1.0631561 7.823242
-5.16893 -0.50852966 7.147217
-5.137985 0.227005 6.937744
-4.859482 1.1743927 6.0546265
-4.7618866 1.6837921 5.673767
-4.8761444 1.7694855 5.699951
-5.116562 1.7361603 5.9451294
-5.8401947 1.1815338 6.661621
-6.111557 0.54597473 7.3495483
-5.9473114 0.541214 8.139832
-5.495041 0.48884583 8.987244
-5.109421 0.4174347 9.360962
-5.066574 0.36982727 9.579956
-5.342697 0.13417053 9.698975
-5.3903046 -0.14433289 9.456177
-5.2355804 -0.17527771 8.875366
-5.1522675 0.01991272 8.51593
-5.149887 0.3841095 8.201721
-5.252243 0.6792755 8.046997
-5.4664764 1.0434723 7.854187
-5.630722 1.2934113 7.7018433
-5.714035 1.3505402 7.6185303
-5.706894 1.4600372 7.604248
-5.7045135 1.4195709 7.8327637
-5.718796 1.1720123 8.023193
-5.7616425 1.0149078 7.987488
-5.849716 0.90065 7.9327393
-5.7497406 0.8125763 7.7423096
-5.6926117 0.5745392 7.378113
-5.578354 0.35316467 7.0996094
-5.5426483 0.23176575 6.899658
-5.5878754 0.2436676 7.078186
-5.6402435 0.45314026 7.340027
-5.6283417 0.72450256 7.7922974
-5.623581 0.9744415 8.185059
-5.7497406 1.1172638 8.599243
-5.7235565 0.8625641 9.039612
-5.7997284 0.52931213 9.268127
-5.7306976 0.37220764 9.061035
-5.4736176 0.31269836 8.687317
-5.257004 0.4079132 8.454041
-5.1855927 0.73402405 8.337402
-5.180832 1.1172638 8.2421875
-5.2474823 1.3386383 8.277893
-5.302231 1.2862701 8.26123
-5.4736176 1.1101227 8.480225
-5.571213 0.9125519 8.51355
-5.623581 0.8387604 8.456421
-5.5378876 0.9934845 8.627808
-5.411728 1.2315216 8.780151
-5.2950897 1.2648468 8.951538
-5.380783 1.3862457 8.623047
-5.4355316 1.4029083 8.299316
-5.347458 0.9601593 8.096985
-5.4141083 0.33174133 8.142212
-5.354599 -0.15623474 8.420715
-5.192734 -0.10862732 8.461182
-5.226059 0.31983948 8.399292
-5.252243 0.5912018 8.7682495
-5.2950897 0.9125519 8.877747
-5.4664764 1.0886993 8.872986
-5.7497406 1.0458527 8.942017
-5.847336 0.8054352 9.075317
-5.7687836 0.37934875 8.992004
-5.4926605 0.23414612 8.477844
-5.304611 0.669754 7.87323
-5.3950653 0.96492004 7.3114624
-5.4426727 1.214859 6.6568604
-5.585495 1.6909332 6.295044
-5.5688324 1.721878 6.4783325
-5.7378387 1.5600128 6.9544067
-5.8973236 1.2196198 7.61615
-5.983017 0.85066223 8.058899
-5.930649 0.80067444 8.123169
-5.9615936 0.81733704 8.101746
-6.035385 0.9101715 8.00177
-6.009201 1.1220245 7.8637085
-5.952072 1.1244049 7.756592
-6.028244 0.9030304 7.8256226
-6.061569 0.72450256 8.06366
-6.0901337 0.7030792 7.9660645
-6.1520233 0.7697296 7.880371
-6.0901337 0.88874817 7.7613525
-5.9806366 1.0601349 7.5637817
-5.925888 1.3291168 7.437622
-5.913986 1.4624176 7.2686157
-6.0496674 1.4124298 7.3376465
-6.1901093 1.2910309 7.4590454
-6.3638763 1.1815338 7.4019165
-6.349594 0.9792023 7.4733276
-6.142502 0.81495667 7.3638306
-6.2877045 0.7625885 7.385254
-6.380539 0.93873596 7.2352905
-6.373398 1.1981964 7.0996094
-6.1782074 1.2838898 7.154358
-6.1520233 1.2458038 7.2876587
-6.247238 1.214859 7.444763
-6.2948456 1.131546 7.5637817
-6.437668 1.1363068 7.706604
-6.501938 1.298172 7.68042
-6.4233856 1.4386139 7.623291
-6.311508 1.4386139 7.559021
-6.271042 1.3600616 7.547119
-6.2805634 1.3243561 7.3043213
-6.4305267 1.2458038 7.044861
-6.528122 1.2053375 6.987732
-6.528122 1.2505646 7.052002
-6.523361 1.3672028 7.16864
-6.4019623 1.5647736 7.3757324
-6.3019867 1.5838165 7.461426
-6.187729 1.5147858 7.404297
-6.187729 1.5980988 7.225769
-6.2948456 1.7194977 7.006775
-6.4995575 1.9242096 6.9472656
-6.444809 1.657608 7.111511
-6.3638763 1.6266632 6.91156
-6.418625 1.676651 6.9924927
-6.5519257 1.5885773 7.116272
-6.559067 1.4790802 7.082947
-6.4210052 1.1815338 7.161499
-6.3781586 0.93159485 7.373352
-6.4947968 1.0053864 7.4328613
-6.6804657 0.97206116 7.3638306
-6.8399506 1.0553741 7.4590454
-6.8518524 1.2315216 7.449524
-6.751877 1.3862457 7.4519043
-6.6090546 1.5504913 7.2995605
-6.509079 1.6980743 7.192444
-6.4876556 1.888504 7.1067505
-6.5566864 2.0789337 7.082947
-6.5781097 2.1265411 7.0996094
-6.554306 2.028946 7.116272
-6.587631 2.1241608 7.0996094
-6.475754 1.9099274 7.085327
-6.5305023 1.7742462 7.1853027
-6.6399994 1.5980988 7.0115356
-6.732834 1.5885773 6.828247
-6.7613983 1.6338043 6.609253
-6.7304535 1.7623444 6.392639
-6.70665 1.9027863 6.1046143
-6.6471405 1.99086 5.928467
-6.540024 1.86232 6.057007
-6.4495697 1.7028351 6.211731
-6.413864 1.4171906 6.321228
-6.3900604 1.1743927 6.237915
-6.585251 0.8673248 6.544983
-6.8399506 0.96492004 7.366211
-6.8970795 1.4148102 7.649475
-6.96611 1.8218536 7.770874
-6.9684906 2.1313019 7.8708496
-6.9089813 2.266983 7.782776
-6.7637787 2.240799 7.597107
-6.7185516 2.0979767 7.2686157
-6.7233124 2.195572 6.9210815
-6.5828705 2.3621979 6.6401978
-6.4424286 2.5145416 6.8044434
-6.380539 2.7335358 6.9258423
-6.3591156 2.9453888 7.1519775
-6.3376923 3.0096588 7.1186523
-6.2805634 2.8858795 7.1329346
-6.38768 2.8739777 6.956787
-6.459091 2.6764069 6.8615723
-6.497177 2.4455109 6.9139404
-6.501938 2.3098297 6.8877563
-6.475754 2.2503204 6.840149
-6.5305023 2.1670074 7.0091553
-6.561447 2.1860504 6.937744
-6.5757294 2.2455597 6.787781
-6.587631 2.278885 6.6782837
-6.4876556 2.3360138 6.6330566
-6.475754 2.2836456 6.571167
-6.497177 2.2193756 6.435486
-6.5376434 2.1812897 6.4973755
-6.542404 2.1170197 6.6782837
-6.5685883 2.0717926 6.9091797
-6.6423798 2.009903 7.082947
-6.7256927 2.0122833 7.256714
-6.6971283 1.9884796 7.3043213
-6.668564 2.0218048 7.23291
-6.6090546 2.0241852 7.2281494
-6.6352386 2.1194 7.1567383
-6.504318 2.18367 6.987732
-6.399582 2.1074982 6.752075
-6.425766 2.1217804 6.6949463
-6.432907 2.1408234 6.78302
-6.4281464 2.2193756 6.7544556
-6.4210052 2.1670074 6.8758545
-6.4805145 2.1170197 6.961548
-6.520981 2.0218048 7.0186768
-6.4471893 1.9456329 7.0424805
-6.5305023 1.8313751 7.1710205
-6.5781097 1.8218536 7.211487
-6.5757294 1.7813873 7.2233887
-6.6328583 1.7861481 7.109131
-6.6328583 1.824234 7.1257935
-6.6019135 1.824234 7.1710205
-6.6090546 1.8504181 7.0996094
-6.587631 1.8075714 7.128174
-6.547165 1.8456573 7.078186
-6.4876556 1.8194733 7.0734253
-6.482895 1.8789825 7.0353394
-6.440048 1.9289703 7.044861
-6.4852753 1.9860992 6.963928
-6.459091 2.0408478 6.8187256
-6.4686127 2.1027374 6.7092285
-6.523361 2.0527496 6.8687134
-6.4733734 1.971817 6.84729
-6.504318 1.869461 6.9734497
-6.4686127 1.824234 7.0948486
-6.528122 1.7885284 7.23291
-6.5305023 1.8337555 7.2686157
-6.5566864 1.8718414 7.3328857
-6.5781097 1.8813629 7.320984
-6.5447845 1.8789825 7.3566895
-6.4733734 1.8361359 7.154358
-6.456711 1.8456573 7.1257935
-6.413864 1.8551788 7.0234375
-6.4876556 1.9027863 7.0115356
-6.5638275 1.8266144 6.994873
-6.490036 1.7932892 6.8877563
-6.470993 1.6885529 6.9520264
-6.497177 1.6528473 7.025818
-6.51622 1.6718903 7.047241
-6.4876556 1.7075958 7.085327
-6.4281464 1.7813873 7.1519775
-6.3638763 1.9575348 7.2471924
-6.4162445 1.9456329 7.187683
-6.373398 1.99086 7.0281982
-6.3448334 1.9860992 7.078186
-6.504318 2.0146637 7.2043457
-6.599533 2.0527496 7.2733765
-6.5328827 2.1217804 7.4019165
-6.2877045 2.0241852 7.4923706
-6.1329803 1.8266144 7.4733276
-6.2496185 1.6909332 7.547119
-6.4091034 1.6004791 7.399536
-6.5138397 1.5647736 7.354309
-6.6019135 1.6742706 7.1567383
-6.585251 1.5314484 7.173401
-6.1663055 1.1648712 7.090088
-6.1282196 1.381485 6.7235107
-6.38768 1.3933868 6.8044434
-6.3900604 1.6552277 6.918701
-6.2948456 1.8385162 7.0567627
-6.1591644 1.8813629 7.213867
-6.2829437 1.9289703 7.3067017
-6.297226 1.8194733 7.3043213
-6.3448334 1.7861481 7.461426
-6.3329315 1.7932892 7.509033
-6.413864 1.7504425 7.528076
-6.4233856 1.6599884 7.5114136
-6.368637 1.5695343 7.3328857
-6.3448334 1.5124054 7.2662354
-6.4091034 1.4981232 7.320984
-6.3829193 1.510025 7.2233887
-6.4495697 1.612381 7.2662354
-6.349594 1.7290192 7.251953
-6.2948456 1.7075958 7.2805176
-6.2615204 1.7290192 7.3233643
-6.32341 1.6885529 7.2495728
-6.418625 1.6695099 7.23053
-6.411484 1.6338043 7.2233887
-6.361496 1.6266632 7.237671
-6.3781586 1.6004791 7.199585
-6.4281464 1.6171417 7.23291
-6.418625 1.6457062 7.211487
-6.4471893 1.6599884 7.130554
-6.418625 1.6266632 7.2424316
-6.3972015 1.5838165 7.1638794
-6.375778 1.6219025 7.2233887
-6.45195 1.631424 7.206726
-6.444809 1.631424 7.2210083
-6.440048 1.6552277 7.29718
-6.456711 1.6266632 7.2995605
-6.444809 1.593338 7.2876587
-6.4424286 1.593338 7.2805176
-6.437668 1.5861969 7.2543335
-6.4043427 1.6147614 7.1067505
-6.3662567 1.6695099 7.0805664
-6.3448334 1.7028351 6.968689
Time Stop = 5408
