Time Start = 5426
0.26307678 4.280777 8.501648
-0.0844574 3.9879913 8.661133
-1.236557 3.8356476 8.632568
-2.103012 3.7380524 8.504028
-2.1006317 3.569046 8.268372
-1.5102997 3.2834015 8.330261
-0.74858093 3.2619781 8.425476
-0.41532898 3.3881378 8.534973
-0.58195496 3.5571442 8.456421
-0.9390106 3.7118683 8.534973
-1.31987 3.7475739 8.692078
-1.4079437 3.7856598 8.615906
-1.365097 3.8070831 8.665894
-1.217514 3.754715 8.689697
-1.1580048 3.7071075 8.618286
-1.1818085 3.6809235 8.613525
-1.2532196 3.6856842 8.504028
-1.3079681 3.697586 8.225525
-1.2317963 3.6475983 8.0946045
-1.0937347 3.5523834 7.842285
-0.9675751 3.4714508 7.442383
-0.85569763 3.46669 7.0496216
-0.71525574 3.5999908 6.7235107
-0.5700531 3.7880402 6.245056
-0.3224945 3.9713287 5.930847
0.048843384 3.9760895 5.7023315
0.5582428 4.190323 5.5785522
0.97480774 4.318863 5.7094727
1.2152252 4.209366 5.9594116
1.2437897 4.080826 6.2998047
1.367569 3.9594269 6.2355347
1.5532379 3.652359 5.840393
1.6484528 3.0382233 5.469055
1.6674957 2.671646 5.314331
1.6008453 2.7882843 5.749939
1.3128204 2.8787384 6.987732
0.9272003 2.8168488 8.25885
0.47254944 2.5764313 9.332397
-0.008285522 2.5883331 9.449036
-0.8247528 2.754959 8.951538
-1.7126312 2.4574127 8.623047
-2.5671844 1.740921 8.394531
-3.397934 1.0268097 8.480225
-4.2358246 -0.034835815 9.425232
-5.1832123 -0.908432 9.948914
-5.93779 -1.010788 10.020325
-6.2758026 -0.76560974 10.31073
-6.244858 -0.22764587 10.891541
-5.990158 0.30317688 10.981995
-5.8068695 0.5150299 10.88678
-5.823532 0.37696838 10.432129
-5.892563 0.27937317 9.751343
-6.080612 0.2103424 9.356201
-6.356735 0.20796204 9.168152
-6.5781097 0.37696838 8.9991455
-6.6971283 0.35792542 9.106262
-6.7161713 -0.02293396 9.41333
-6.554306 -0.5156708 9.577576
-6.5138397 -0.86320496 9.339539
-6.356735 -1.241684 8.892029
-6.2829437 -1.620163 8.673035
-6.3638763 -2.0224457 8.737305
-6.3186493 -1.9867401 8.418335
-6.6780853 -1.1321869 8.156494
-8.69664 -1.1179047 7.187683
-8.832321 -3.4530487 9.463318
-8.099167 0.22938538 7.4542847
-7.5826263 1.2934113 7.782776
-8.382431 -0.8013153 9.237183
-9.665451 0.71022034 7.316223
-10.798508 1.5909576 8.437378
-9.351242 0.5626373 8.335022
-6.8518524 0.69117737 8.784912
-4.4905243 0.3674469 9.134827
-3.1598969 0.6411896 9.810852
-2.871872 1.2410431 10.577332
-2.8361664 0.65309143 10.9938965
-2.436264 -0.30619812 12.5578
-1.9054413 -0.26335144 13.414734
-2.0815887 0.46266174 12.948181
-3.147995 1.1815338 11.84845
-3.6335907 0.753067 9.660889
-4.2858124 -1.1797943 8.615906
-5.3593597 -2.7460785 8.351685
-5.7997284 -3.3173676 8.330261
-4.597641 -2.5532684 8.187439
-4.381027 -1.2464447 9.1467285
-4.1191864 0.012771606 9.948914
-3.904953 0.43885803 10.872498
-3.9287567 0.43647766 11.0177
-4.0549164 0.76734924 10.617798
-3.5883636 1.6052399 9.853699
-3.6145477 2.0146637 9.251465
-3.6145477 1.3838654 9.044373
-3.5574188 0.77449036 8.920593
-3.6978607 0.45314026 8.863464
-3.8835297 0.624527 8.827759
-3.7978363 0.59358215 9.47522
-3.8335419 1.2291412 8.530212
-4.3905487 0.28889465 9.149109
-3.88591 0.012771606 8.394531
-4.4072113 0.2936554 8.542114
-4.0501556 0.7959137 8.932495
-3.9549408 1.1672516 9.056274
-4.1786957 1.0291901 8.89917
-4.381027 0.457901 8.651611
-4.495285 0.23652649 8.727783
-4.431015 0.5245514 8.753967
-4.2858124 0.7697296 8.920593
-4.3119965 0.8625641 8.880127
-4.404831 0.7792511 8.573059
-4.4214935 0.74116516 8.446899
-4.40007 0.6292877 8.420715
-4.438156 0.3841095 8.763489
-4.5762177 0.37696838 8.789673
-4.6143036 0.56025696 8.658752
-4.5738373 0.75068665 8.8515625
-4.46434 0.8292389 8.96582
-4.5809784 0.74354553 8.937256
-4.6452484 0.51026917 8.858704
-4.692856 0.2936554 8.825378
-4.688095 0.23176575 8.820618
-4.7023773 0.13417053 8.723022
-4.692856 0.13417053 8.892029
-4.6262054 0.37220764 8.880127
-4.6595306 0.44837952 8.77301
-4.7404633 0.38172913 8.775391
-4.842819 0.35316467 8.482605
-4.9166107 0.08180237 8.584961
-4.7928314 -0.18717957 8.413574
-4.7856903 -0.24430847 8.463562
-4.842819 -0.101486206 8.444519
-4.699997 0.034194946 8.332642
-4.5762177 0.24842834 8.44928
-4.7428436 0.25794983 8.784912
-4.771408 0.3269806 8.532593
-4.8571014 0.3507843 8.57782
-5.0308685 0.38648987 8.7872925
-5.1213226 0.23176575 8.849182
-5.002304 -0.10386658 8.980103
-4.9404144 -0.42759705 8.906311
-4.866623 -0.59898376 8.970581
-4.907089 -0.5394745 9.108643
-4.7476044 -0.32762146 9.137207
-4.5809784 -0.16337585 8.972961
-4.52861 -0.14671326 8.794434
-4.635727 -0.14671326 8.696838
-4.71904 -0.27763367 8.575439
-4.842819 -0.42045593 8.1588745
-4.9975433 -0.6108856 7.7684937
-5.2760468 -0.78227234 7.573303
-5.1189423 -1.1512299 7.7946777
-5.1784515 -1.3345184 7.6280518
-5.2950897 -1.5011444 7.842285
-5.192734 -1.5320892 8.144592
-5.059433 -1.1559906 8.765869
-4.964218 -0.6537323 9.2300415
-5.021347 -0.22288513 9.429993
-4.8880463 -0.20384216 9.268127
-4.861862 -0.36094666 8.953918
-5.0189667 -0.7370453 8.618286
-5.1022797 -1.0084076 8.525452
-4.990402 -1.094101 8.634949
-4.9475555 -1.0060272 8.713501
-4.961838 -0.8513031 8.653992
-4.9594574 -0.7037201 8.720642
-4.9213715 -0.7703705 8.561157
-4.9546967 -0.94651794 8.51355
-4.9285126 -1.1131439 8.418335
-4.9356537 -1.2726288 8.439758
-4.904709 -1.3107147 8.437378
-4.899948 -1.1893158 8.520691
-4.907089 -1.1083832 8.5373535
-4.8880463 -0.9322357 8.356445
-4.9737396 -0.9417572 8.230286
-4.995163 -1.0250702 8.327881
-5.0165863 -0.97984314 8.38739
-5.0546722 -1.0322113 8.408813
-5.0165863 -1.1179047 8.461182
-4.9713593 -1.1988373 8.699219
-4.880905 -1.2321625 8.756348
-4.8118744 -1.1726532 8.561157
-4.8380585 -1.0988617 8.544495
-4.8237762 -1.1678925 8.504028
-4.7737885 -1.267868 8.611145
-4.752365 -1.2821503 8.784912
-4.7285614 -1.1298065 8.737305
-4.764267 -1.0012665 8.737305
-4.7666473 -0.9893646 8.70874
-4.776169 -0.8489227 8.377869
-4.8523407 -0.8774872 8.406433
-4.8309174 -1.0464935 8.675415
-4.745224 -1.0226898 8.70874
-4.8190155 -0.908432 8.818237
-4.764267 -0.77989197 8.9991455
-4.6404877 -0.6608734 8.932495
-4.821396 -0.6941986 9.439514
-4.9142303 -0.78227234 9.615662
-4.854721 -0.9322357 9.596619
-4.711899 -1.0583954 9.127686
-4.5738373 -1.2512054 8.456421
-4.5619354 -1.6177826 8.289795
-4.502426 -1.8439178 8.227905
-4.481003 -1.896286 8.311218
-4.442917 -1.8582001 8.32312
-4.5309906 -1.7201385 8.446899
-4.5762177 -1.5701752 8.701599
-4.5738373 -1.3345184 8.815857
-4.661911 -1.139328 8.656372
-4.7428436 -1.0464935 8.589722
-4.8309174 -1.1060028 8.518311
-4.809494 -1.3345184 8.673035
-4.6976166 -1.4654388 8.815857
-4.7357025 -1.4749603 9.053894
-4.680954 -1.434494 9.111023
-4.5167084 -1.4773407 9.437134
-4.276291 -1.434494 9.513306
-3.9811249 -1.4059296 9.451416
-3.82164 -1.2797699 9.068176
-3.9073334 -1.1417084 8.554016
-4.238205 -1.0226898 7.9993896
-4.680954 -1.0607758 7.661377
-5.092758 -1.1369476 7.7470703
-5.221298 -1.0441132 7.8113403
-5.218918 -0.9441376 8.016052
-5.214157 -0.7703705 8.382629
-5.0689545 -0.69895935 8.858704
-4.8951874 -0.7513275 9.049133
-4.7499847 -0.91319275 9.077698
-4.7166595 -1.0536346 9.177673
-4.745224 -1.1155243 9.237183
-4.711899 -1.1417084 9.34906
-4.545273 -1.094101 9.420471
-4.3715057 -1.177414 9.444275
-4.290573 -1.1655121 9.294312
-4.3429413 -1.1179047 8.951538
-4.316757 -1.1869354 8.7682495
-4.233444 -1.0917206 8.606384
-4.4143524 -0.9750824 8.382629
-4.5928802 -0.82987976 8.415955
-4.6262054 -0.59184265 8.315979
-4.757126 -0.4323578 8.294556
-4.821396 -0.3323822 8.487366
-4.859482 -0.37998962 8.582581
-4.878525 -0.5442352 8.604004
-4.757126 -0.7870331 8.825378
-4.7357025 -0.8774872 9.180054
-4.6976166 -0.9512787 9.215759
-4.71904 -0.97032166 9.084839
-4.7809296 -0.9322357 9.120544
-4.6785736 -0.7941742 8.968201
-4.6857147 -0.677536 8.853943
-4.6404877 -0.696579 8.908691
-4.650009 -0.74894714 8.982483
-4.699997 -0.7584686 9.02533
-4.714279 -0.8679657 9.182434
-4.771408 -1.0488739 9.175293
-4.899948 -1.2702484 9.332397
-4.9594574 -1.4178314 9.532349
-5.021347 -1.5249481 9.451416
-4.611923 -1.9724579 9.808472
-4.5762177 -1.7772675 8.892029
-5.1832123 -1.4916229 8.413574
-5.3117523 -0.98698425 8.037476
-5.2165375 -0.9346161 8.32312
-4.8380585 -0.90367126 8.604004
-4.3500824 -0.77275085 8.796814
-3.9644623 -0.38713074 8.520691
-3.7145233 0.30555725 8.289795
-3.8240204 0.624527 8.263611
-4.0763397 0.098464966 8.168396
-4.3572235 -0.7108612 8.054138
-4.5428925 -1.3368988 7.9993896
-4.7023773 -1.7606049 8.370728
-4.926132 -1.8177338 8.813477
-4.9808807 -1.5844574 9.034851
-4.9546967 -1.3726044 9.6085205
-4.9094696 -1.1179047 9.718018
-4.9332733 -0.8989105 9.591858
-4.926132 -0.8108368 9.510925
-4.91185 -0.844162 9.337158
-4.795212 -0.8584442 9.039612
-4.6190643 -0.9655609 8.865845
-4.483383 -1.1417084 8.625427
-4.442917 -1.1678925 8.423096
-4.5905 -1.2059784 8.446899
-4.7047577 -1.1345673 8.434998
-4.680954 -0.88938904 8.111267
-4.771408 -0.6227875 7.987488
-4.8261566 -0.33000183 7.9327393
-4.854721 -0.42997742 7.9970093
-4.8880463 -0.5894623 7.899414
-4.9404144 -0.74894714 7.918457
-5.0165863 -0.7941742 8.146973
-5.085617 -0.7441864 8.608765
-4.9737396 -0.79655457 8.880127
-4.8523407 -0.8679657 9.1657715
-4.802353 -0.9750824 9.468079
-4.904709 -1.0655365 9.625183
-5.059433 -1.010788 9.518066
-5.192734 -0.87034607 9.537109
-5.259384 -0.79893494 9.320496
-5.2546234 -0.7465668 9.096741
-5.2689056 -0.7679901 8.661133
-5.36174 -0.8822479 8.501648
-5.309372 -0.84654236 8.273132
-5.2950897 -0.93699646 8.396912
-5.3307953 -0.6561127 8.294556
-5.3307953 -0.32048035 8.161255
-5.2736664 -0.151474 8.104126
-5.207016 -0.13719177 7.951782
-5.021347 -0.29667664 8.137451
-4.6857147 -0.21574402 7.9851074
-4.707138 -0.20384216 7.842285
-4.9166107 -0.19432068 7.925598
-4.8975677 -0.120529175 8.116028
-4.961838 -0.2657318 8.304077
-5.1855927 -0.59898376 8.668274
-5.285568 -0.64183044 8.725403
-5.2022552 -0.55851746 8.744446
-5.187973 -0.52519226 8.842041
-5.2474823 -0.40141296 8.742065
-5.2617645 -0.3990326 8.70874
-5.2093964 -0.5870819 8.606384
-5.2332 -0.6299286 8.342163
-5.2760468 -0.60850525 8.230286
-5.245102 -0.50138855 8.1779175
-5.2427216 -0.42997742 8.227905
-5.2927094 -0.25621033 8.315979
-5.29747 -0.21812439 8.51355
-5.2117767 -0.22288513 8.5373535
-5.309372 -0.34428406 8.523071
-5.342697 -0.44425964 8.418335
-5.3379364 -0.40855408 8.296936
-5.2736664 -0.47520447 8.1779175
-5.2165375 -0.31809998 7.9351196
-5.2879486 -0.2252655 7.911316
-5.290329 -0.19194031 7.968445
-5.3307953 -0.27049255 7.975586
-5.2022552 -0.4323578 8.06366
-5.2332 -0.7299042 8.408813
-5.449814 -0.7346649 8.89917
-5.2022552 -0.7513275 9.491882
-4.8832855 -0.92985535 9.682312
-4.8237762 -1.1559906 9.898926
-4.9332733 -1.7201385 10.63208
-4.219162 -1.8058319 10.210754
-5.7806854 -2.0533905 9.537109
-6.463852 -1.0917206 9.332397
-6.06633 -0.13243103 9.937012
-5.483139 0.12702942 10.420227
-4.990402 0.6126251 9.234802
-5.226059 1.0744171 7.668518
-5.8140106 0.9506378 7.6209106
-5.3831635 0.9434967 7.949402
-4.39769 0.9744415 7.9732056
-3.7621307 0.91493225 7.6018677
-3.8383026 1.2672272 6.840149
-4.6404877 1.4576569 6.223633
-5.302231 1.7242584 5.730896
-5.540268 1.971817 5.8570557
-5.4331512 1.971817 6.635437
-5.109421 1.9194489 7.256714
-5.1641693 1.6528473 7.7661133
-5.611679 1.233902 8.075562
-6.156784 0.90541077 8.175537
-6.304367 0.61738586 8.304077
-6.228195 0.42933655 8.399292
-6.013962 0.48884583 8.494507
-5.706894 0.60310364 8.5563965
-5.5236053 0.8958893 8.339783
-5.445053 1.1553497 8.13269
-5.4617157 1.2243805 8.294556
-5.237961 1.2124786 8.206482
-5.157028 1.2196198 8.275513
-5.10466 1.3053131 8.265991
-5.097519 1.3767242 8.246948
-5.1665497 1.3910065 8.265991
-5.285568 1.2672272 8.582581
-5.380783 1.2124786 8.489746
-5.4617157 1.0886993 8.342163
-5.5117035 0.90541077 8.156494
-5.6259613 0.7697296 7.956543
-5.74736 0.8220978 7.820862
-5.835434 0.8792267 7.623291
-5.8116302 0.9792023 7.5161743
-5.802109 0.9744415 7.4400024
-5.7354584 1.0529938 7.4161987
-5.771164 1.1672516 7.2852783
-5.8259125 1.2291412 7.4661865
-5.702133 1.260086 7.5875854
-5.6069183 1.2624664 7.649475
-5.585495 1.1767731 7.7232666
-5.675949 1.214859 7.74469
-5.7045135 1.1172638 7.8184814
-5.771164 1.0339508 7.8137207
-5.8068695 0.9625397 7.80896
-5.8449554 1.0339508 7.8303833
-5.8830414 0.98158264 8.104126
-5.8330536 0.9625397 8.173157
-5.790207 0.92445374 8.38501
-5.778305 0.90541077 8.465942
-5.8782806 0.85780334 8.534973
-5.830673 0.8768463 8.456421
-5.7545013 0.91493225 8.475464
-5.611679 0.9768219 8.392151
-5.623581 1.0268097 8.208862
-5.68309 1.0315704 8.06366
-5.6735687 1.003006 7.9398804
-5.80925 0.82447815 7.9732056
-5.9877777 0.6459503 8.077942
-6.175827 0.6649933 8.016052
-6.232956 0.6459503 8.042236
-6.2353363 0.69355774 8.213623
-6.0425262 0.85066223 8.046997
-5.80925 0.919693 7.987488
-5.592636 0.8768463 7.87323
-5.514084 0.9173126 7.6708984
-5.6331024 1.048233 7.532837
-5.7497406 1.1196442 7.3685913
-5.8711395 1.1862946 7.366211
-5.8401947 1.3553009 7.456665
-5.8782806 1.5861969 7.509033
-5.8854218 1.7766266 7.547119
-5.8449554 1.7837677 7.597107
-5.8259125 1.7052155 7.654236
-5.8854218 1.4029083 7.6185303
-5.906845 1.2196198 7.6661377
-5.975876 1.1053619 7.649475
-5.9615936 1.0791779 7.6280518
-5.911606 1.1624908 7.6708984
-5.9282684 1.2172394 7.7946777
-5.8901825 1.3695831 7.804199
-5.8330536 1.3910065 7.706604
-5.8639984 1.3338776 7.6375732
-5.930649 1.2029572 7.4590454
-6.0425262 0.9792023 7.444763
-5.9853973 0.9506378 7.3900146
-5.994919 1.0458527 7.397156
-5.9425507 1.0625153 7.513794
-5.892563 1.0791779 7.525696
-5.8449554 1.0958405 7.5637817
-5.766403 1.0315704 7.649475
-5.718796 0.93873596 7.5804443
-5.7354584 0.8054352 7.6066284
-5.7497406 0.81733704 7.656616
-5.847336 0.91493225 7.7232666
-5.8973236 1.0958405 7.982727
-5.8520966 1.2672272 8.313599
-5.783066 1.4148102 8.425476
-5.842575 1.343399 8.344543
-5.9425507 1.2029572 8.25885
-5.944931 1.0006256 8.087463
-5.8711395 0.81733704 8.0112915
-5.8140106 0.77449036 8.035095
-5.8259125 0.7863922 7.989868
-5.8187714 0.8601837 8.020813
-5.785446 1.0291901 7.989868
-5.7378387 1.0839386 8.049377
-5.771164 1.0839386 8.070801
-5.7925873 1.1434479 8.023193
-5.7759247 1.1339264 7.944641
-5.74736 1.0839386 7.904175
-5.702133 1.1624908 7.8446655
-5.764023 1.1601105 7.8898926
-5.7687836 1.1482086 7.87323
-5.7354584 1.1672516 7.9279785
-5.7545013 1.1363068 7.951782
-5.7806854 1.1244049 7.8637085
-5.7759247 1.0791779 7.904175
-5.8140106 1.0291901 7.8327637
-5.797348 1.0268097 7.758972
-5.790207 1.0434723 7.737549
-5.828293 1.0767975 7.775635
-5.7925873 0.9934845 7.770874
-5.766403 1.0744171 7.7042236
-5.7545013 1.1196442 7.8184814
-5.7616425 1.1648712 7.80896
-5.783066 1.2220001 7.8898926
-5.783066 1.2434235 7.956543
-5.766403 1.2553253 7.904175
-5.778305 1.2291412 7.9375
-5.816391 1.2243805 7.868469
-5.8140106 1.214859 7.880371
-5.8211517 1.2743683 7.8494263
-5.8187714 1.3219757 7.87323
-5.7878265 1.2957916 7.9351196
-5.7759247 1.2886505 7.8327637
-5.7925873 1.3291168 7.804199
-5.7735443 1.3076935 7.7494507
-5.7806854 1.2434235 7.7232666
-5.778305 1.2743683 7.7684937
-5.804489 1.2672272 7.74469
-5.804489 1.2910309 7.804199
-5.830673 1.2386627 7.7613525
-5.8116302 1.2005768 7.8256226
-5.8378143 1.2291412 7.854187
-5.8330536 1.1862946 7.823242
-5.7925873 1.2743683 7.7423096
-5.835434 1.2886505 7.699463
Time Stop = 5431
