Time Start = 784
-8.508591 -3.5220795 4.776367
-8.265793 -3.364975 4.6835327
-8.275314 -3.3054657 4.5026245
-8.306259 -3.2602386 4.4002686
-8.218185 -3.2411957 4.526428
-8.349106 -3.2507172 4.505005
-8.527634 -3.3887787 4.314575
-8.513351 -3.338791 4.3693237
-8.484787 -3.1650238 4.4692993
-8.480026 -3.0293427 4.5288086
-8.456223 -2.9912567 4.5740356
-8.446701 -3.14122 4.526428
-8.403854 -3.160263 4.5359497
-8.513351 -3.07695 4.4121704
-8.551437 -3.160263 4.459778
-8.665695 -3.372116 4.34552
-8.75853 -3.7196503 4.364563
-8.779953 -3.7958221 4.4074097
-8.782333 -3.686325 4.3621826
-8.791855 -3.5982513 4.338379
-8.741867 -3.5554047 4.338379
-8.668076 -3.5435028 4.357422
-8.618088 -3.4268646 4.5073853
-8.610947 -3.3768768 4.505005
-8.589523 -3.3863983 4.462158
-8.594284 -3.3435516 4.4312134
-8.577621 -3.3506927 4.326477
-8.470505 -3.338791 4.352661
-8.434799 -3.179306 4.357422
-8.425278 -3.172165 4.4121704
-8.3276825 -3.288803 4.493103
-8.387192 -3.3625946 4.5026245
-8.368149 -3.436386 4.4502563
-8.434799 -3.4268646 4.462158
-8.408615 -3.4387665 4.5145264
-8.420517 -3.4649506 4.526428
-8.451462 -3.4006805 4.5407104
-8.430038 -3.3292694 4.5787964
-8.384811 -3.2602386 4.53833
-8.444321 -3.1197968 4.4573975
-8.515732 -3.160263 4.478821
-8.546677 -3.4054413 4.478821
-8.584763 -3.512558 4.5169067
-8.544296 -3.364975 4.609741
-8.522873 -3.2221527 4.583557
-8.480026 -3.281662 4.562134
-8.444321 -3.2673798 4.5597534
-8.465744 -3.300705 4.576416
-8.460983 -3.3316498 4.652588
-8.458603 -3.4244843 4.750183
-8.225327 -3.4244843 4.878723
-8.208664 -3.0483856 4.852539
-8.0967865 -2.9008026 4.935852
-8.020615 -2.8698578 5.197693
-7.8801727 -2.9436493 5.533325
-7.7325897 -3.2411957 5.802307
-7.7873383 -3.486374 5.935608
-7.8730316 -3.3768768 6.178406
-7.575485 -2.9388885 7.3447876
-7.6230927 -1.8939056 7.340027
-7.630234 -2.081955 8.146973
-8.170578 -2.4366302 6.904419
-8.829941 -3.6839447 5.871338
-9.3155365 -4.6527557 4.224121
-9.056076 -5.821518 4.609741
-9.327438 -5.2526093 5.090576
-8.960861 -4.5623016 5.0096436
-8.080124 -4.474228 5.154846
-6.830429 -4.6432343 6.4140625
-7.2946014 -3.391159 3.709961
-8.082504 -5.597763 3.993225
-9.051315 -6.4546967 3.2148438
-9.422653 -6.4594574 3.2624512
-8.660934 -5.597763 3.883728
-7.8920746 -4.87175 5.0548706
-7.977768 -4.174301 5.204834
-8.637131 -4.090988 5.6761475
-8.984665 -3.9791107 5.450012
-8.422897 -4.4766083 5.3119507
-7.6207123 -4.8122406 5.635681
-7.2826996 -4.7360687 5.5285645
-7.5778656 -4.74321 5.9832153
-7.9111176 -4.386154 6.1903076
-7.946823 -4.467087 6.2022095
-7.6707 -4.828903 5.852295
-7.4493256 -5.1716766 5.5476074
-7.511215 -4.93602 5.1310425
-7.8397064 -4.5218353 4.7858887
-7.882553 -4.847946 4.4193115
-7.5373993 -5.4977875 3.9575195
-7.361252 -5.726303 4.0551147
-7.375534 -5.5930023 4.6121216
-7.087509 -5.3502045 4.981079
-6.7994843 -5.5739594 5.2405396
-6.8090057 -5.5691986 5.511902
-6.8280487 -5.2859344 5.4761963
-6.868515 -5.1454926 5.11438
-6.7161713 -5.033615 4.6383057
-6.7566376 -5.269272 4.3550415
-7.066086 -5.8310394 4.288391
-6.592392 -6.964096 3.857544
-6.585251 -5.1454926 6.2664795
-5.6592865 -5.245468 6.4140625
-5.571213 -6.0738373 5.8427734
-6.180588 -5.5572968 5.7332764
-6.1353607 -5.6406097 4.8120728
-6.0044403 -5.8453217 3.909912
-6.047287 -6.3261566 3.376709
-6.1544037 -7.0426483 3.1243896
-6.2162933 -7.1902313 3.7528076
-5.509323 -7.4044647 4.314575
-4.930893 -7.713913 4.800171
-4.957077 -7.5044403 5.2286377
-4.8832855 -7.2616425 5.428589
-5.0427704 -7.142624 5.385742
-5.111801 -7.347336 5.140564
-5.1855927 -7.252121 4.852539
-5.135605 -7.0069427 4.3169556
-4.995163 -7.1711884 4.274109
-5.3498383 -6.0190887 4.6835327
-5.1332245 -5.469223 5.0929565
-5.0356293 -4.647995 5.552368
-4.5928802 -5.6263275 5.8118286
-5.092758 -7.0878754 5.5357056
-5.142746 -7.6091766 5.6761475
-4.7666473 -7.4877777 5.8832397
-4.9546967 -7.4615936 5.909424
-6.0258636 -7.9471893 5.2405396
-5.404587 -7.9543304 5.9451294
-5.1594086 -7.8067474 6.211731
-5.4283905 -7.6020355 6.8687134
-5.718796 -6.892685 7.0353394
-5.61644 -7.009323 6.809204
-4.392929 -7.513962 6.9520264
-4.6666718 -7.30925 6.07843
-5.2165375 -7.021225 5.4143066
-5.5378876 -7.6520233 4.0527344
-5.0570526 -7.978134 3.1481934
-6.7994843 -6.804611 2.0603638
-6.9161224 -6.60466 3.3052979
-4.990402 -6.6903534 5.026306
-4.7404633 -5.8000946 6.680664
-4.988022 -5.571579 6.585449
-4.469101 -7.021225 7.147217
-4.347702 -6.971237 6.9853516
-4.378647 -6.5808563 6.7996826
-4.373886 -7.035507 5.466675
-5.014206 -7.097397 5.3738403
-3.9835052 -6.461838 6.6568604
-4.9927826 -5.476364 7.111511
-4.457199 -5.4716034 7.5161743
-4.5928802 -4.0600433 7.9398804
-5.092758 -3.5173187 7.756592
-4.5119476 -5.0098114 6.982971
-4.669052 -5.4858856 7.1210327
-4.578598 -5.7024994 7.2733765
-4.5095673 -5.866745 6.9782104
-4.661911 -5.9476776 6.687805
-4.52623 -4.462326 7.8589478
-4.381027 -3.281662 9.322876
-4.873764 -3.1174164 8.456421
-5.1022797 -4.1885834 7.7732544
-4.9927826 -4.557541 8.0112915
-4.507187 -5.057419 8.368347
-3.9930267 -5.9262543 7.623291
-4.7023773 -6.6522675 7.4971313
-3.6621552 -6.407089 8.12793
-3.719284 -4.609909 8.13269
-5.0808563 -3.338791 8.330261
-5.092758 -3.14122 7.675659
-5.2474823 -2.876999 7.4138184
-5.4783783 -2.8722382 7.149597
-5.7806854 -2.6508636 7.328125
-5.6592865 -3.217392 7.501892
-5.214157 -3.236435 7.9375
-4.8309174 -2.7151337 8.534973
-4.7047577 -2.4818573 8.9348755
-4.481003 -2.3223724 9.177673
-4.583359 -2.646103 8.811096
-5.090378 -2.8912811 8.180298
-5.173691 -2.986496 8.020813
-5.1855927 -3.3411713 8.356445
-4.730942 -3.7529755 8.482605
-4.885666 -3.5220795 8.530212
-5.130844 -3.1745453 8.877747
-4.873764 -3.198349 8.604004
-4.8261566 -3.2340546 8.251709
-5.021347 -3.0555267 8.016052
-5.1022797 -2.8055878 7.520935
-5.1475067 -2.6032562 7.404297
-5.142746 -2.0295868 7.3947754
-5.1403656 -1.9224701 7.7922974
-5.0451508 -2.2985687 7.1329346
-5.842575 -3.2864227 8.313599
-5.899704 -3.9624481 9.549011
-5.6521454 -3.281662 9.894165
-5.8639984 -2.5723114 9.86084
-5.9163666 -2.1676483 9.465698
-5.623581 -1.9010468 9.070557
-5.278427 -1.3630829 8.2421875
-5.2332 -1.4654388 7.925598
-5.3593597 -1.6582489 7.3328857
-5.6640472 -2.217636 6.6449585
-5.930649 -2.7794037 6.813965
-6.061569 -2.4056854 7.5994873
-5.9877777 -2.0748138 8.661133
-5.7687836 -2.0153046 8.761108
-5.7759247 -1.4463959 8.318359
-5.635483 -1.0893402 7.797058
-5.285568 -1.1083832 7.109131
-5.285568 -1.5344696 6.6949463
-5.8401947 -2.255722 6.9710693
-6.3781586 -2.5556488 7.2043457
-6.5447845 -2.6008759 7.5042725
-6.411484 -2.203354 7.782776
-6.297226 -2.339035 8.296936
-6.0687103 -2.1509857 7.9351196
-6.3210297 -1.9867401 7.801819
-6.3638763 -2.1985931 6.7163696
-6.470993 -2.1795502 6.2283936
-6.45195 -1.7510834 6.8377686
-6.244858 -1.2631073 7.6066284
-6.232956 -1.203598 8.463562
-6.3710175 -1.4059296 8.780151
-6.5328827 -1.2535858 8.670654
-6.6328583 -1.0274506 8.354065
-6.694748 -1.1012421 7.630432
-6.8923187 -2.081955 6.878235
-6.9232635 -2.1414642 6.5687866
-6.8209076 -1.7201385 7.6851807
-6.380539 -1.2750092 7.7946777
-6.6090546 -0.8774872 8.06366
-6.9042206 -0.83940125 8.492126
-6.854233 -0.81321716 8.308838
-6.7875824 -1.0607758 7.6780396
-6.906601 -1.2512054 6.306946
-7.1470184 -1.7272797 6.121277
-7.2707977 -1.7606049 6.8425293
-7.111313 -1.3559418 7.544739
-6.854233 -1.5344696 7.673279
-7.0375214 -0.88938904 7.1400757
-7.2684174 -0.48234558 7.013916
-7.0518036 -0.40379333 6.7973022
-6.668564 -1.2274017 5.7904053
-6.8018646 -2.236679 5.745178
-7.3541107 -1.7391815 6.340271
-7.5445404 -0.9488983 7.256714
-7.1017914 -0.64183044 7.1638794
-6.8328094 -0.7180023 6.7925415
-7.113693 -0.64897156 6.9091797
-7.2303314 -0.77275085 7.1448364
-7.1779633 -0.88938904 6.8901367
-7.2041473 -0.972702 6.3164673
-7.254135 -1.158371 6.1427
-7.3898163 -1.120285 6.5045166
-7.3065033 -1.2321625 6.813965
-7.2255707 -1.1916962 6.8115845
-7.163681 -0.90605164 6.4854736
-7.0303802 -0.73942566 6.647339
-6.96373 -0.73942566 6.854431
-7.0898895 -0.7037201 6.866333
-7.258896 -0.6204071 6.7592163
-7.2231903 -0.83226013 6.685425
-7.0637054 -1.0631561 6.514038
-7.1398773 -0.7846527 6.354553
-7.2065277 -0.66563416 6.6068726
-6.868515 -0.81559753 6.59021
-6.5328827 -0.5870819 6.9853516
-6.478134 -0.22288513 7.0567627
-6.5947723 -0.42997742 7.1376953
-6.7256927 -0.7846527 7.1710205
-6.958969 -1.1536102 6.982971
-7.5850067 -1.6035004 6.5664063
-8.365768 -1.6487274 6.8829956
-8.989426 -1.2583466 7.520935
-8.7894745 -1.0774384 7.816101
-7.682602 -1.0917206 7.42572
-6.475754 -1.2702484 7.063904
-5.8068695 -1.5273285 7.1638794
-5.785446 -1.7153778 7.5828247
-6.1139374 -1.8867645 7.7613525
-6.649521 -1.9438934 7.270996
-7.0827484 -1.7748871 6.9710693
-7.292221 -1.4963837 7.0115356
-7.2374725 -1.1988373 6.597351
-7.3707733 -1.3345184 6.3688354
-7.742111 -1.4821014 6.090332
-8.070602 -1.7153778 6.0546265
-8.103928 -1.8462982 6.411682
-7.8397064 -2.024826 6.668762
-7.5183563 -2.108139 6.8758545
-7.3779144 -1.3654633 6.968689
-7.2707977 -0.8608246 7.513794
-7.0256195 -0.8917694 7.2948
-6.939926 -1.2512054 7.342407
-7.066086 -1.4130707 7.2210083
-7.182724 -1.6749115 7.0567627
-7.3279266 -1.8082123 6.7782593
-7.5850067 -1.6368256 6.4212036
-7.5850067 -1.5773163 6.14032
-7.523117 -1.6630096 5.94989
-7.515976 -1.7844086 6.366455
-7.6230927 -1.6701508 6.692566
-7.6707 -1.4249725 6.642578
-7.73497 -1.5201874 6.790161
-7.8516083 -1.5749359 6.649719
-7.9420624 -1.7844086 6.185547
-7.946823 -2.0605316 5.942749
-7.932541 -1.8724823 5.890381
-7.823044 -1.6296844 5.6880493
-7.4921722 -1.6868134 5.507141
-7.132736 -1.4773407 5.94751
-7.163681 -0.9584198 6.6401978
-7.3660126 -0.99650574 7.025818
-7.266037 -1.563034 6.8377686
-7.047043 -2.0748138 6.518799
-6.918503 -2.203354 6.5235596
-7.0184784 -1.8391571 6.2521973
-7.1232147 -1.6820526 6.1141357
-7.2707977 -1.7510834 5.9832153
-7.4350433 -1.9367523 6.1450806
-7.4921722 -1.8820038 5.9189453
-7.4802704 -2.0153046 5.4523926
-7.3969574 -2.3080902 5.2476807
-7.3517303 -2.3747406 6.20459
-7.5135956 -2.3747406 6.859192
-7.5326385 -2.531845 7.1900635
-7.3469696 -2.3795013 6.6759033
-7.4826508 -2.1176605 6.0355835
-7.6873627 -1.960556 6.352173
-7.7135468 -1.9724579 6.2783813
-7.4493256 -2.2319183 6.2283936
-7.3898163 -2.4437714 6.128418
-7.4088593 -2.8341522 6.378357
-7.3969574 -2.7460785 6.597351
-7.363632 -2.460434 6.9972534
-7.2446136 -2.4937592 6.918701
-7.0779877 -2.4723358 6.647339
-7.3541107 -2.1581268 6.4902344
-7.489792 -2.1962128 6.5497437
-7.446945 -2.6318207 6.744934
-7.311264 -2.8436737 6.4640503
-7.3898163 -2.8960419 6.8710938
-7.361252 -2.6127777 7.0686646
-7.299362 -2.0581512 6.9591675
-7.2112885 -1.9534149 6.873474
-7.0065765 -1.9938812 6.494995
-6.937546 -2.0557709 6.27124
-7.035141 -2.384262 6.3807373
-7.0970306 -2.5366058 6.0689087
-7.137497 -2.6937103 6.1450806
-7.194626 -2.5294647 6.3640747
-7.0518036 -2.2842865 6.506897
-6.8637543 -2.1962128 6.5045166
-6.818527 -2.4271088 6.7663574
-6.989914 -2.4199677 6.809204
-7.125595 -2.3295135 6.6592407
-7.1779633 -2.4961395 6.5473633
-7.1089325 -2.7056122 6.666382
-7.004196 -2.910324 6.816345
-6.854233 -3.01268 7.0234375
-6.792343 -3.0388641 7.052002
-6.8589935 -3.057907 6.963928
-6.944687 -2.8912811 7.0305786
-6.830429 -2.8508148 6.9710693
-6.816147 -2.8746185 6.968689
-6.811386 -2.922226 7.128174
-6.939926 -2.8793793 7.2852783
-7.0446625 -2.865097 7.3186035
-7.0065765 -3.0626678 7.23291
-6.958969 -3.224533 7.301941
-6.8280487 -3.1364594 7.3685913
-6.7613983 -2.986496 7.642334
-6.7185516 -2.8103485 7.570923
-6.739975 -2.9888763 7.347168
-6.751877 -2.9269867 7.278137
-6.8780365 -2.6770477 7.192444
-6.7637787 -2.569931 7.2281494
-6.751877 -2.596115 7.213867
-6.6780853 -2.7032318 7.270996
-6.759018 -2.672287 7.3828735
-6.785202 -2.6960907 7.3376465
-6.6590424 -2.8793793 7.090088
-6.573349 -2.9912567 6.956787
-6.6138153 -2.8984222 6.8948975
-6.6614227 -2.8531952 6.866333
-6.478134 -2.9579315 6.8044434
-6.4210052 -3.0222015 6.9448853
-6.504318 -2.8531952 7.0377197
-6.5947723 -2.7032318 7.085327
-6.5900116 -2.6437225 6.885376
-6.440048 -2.672287 7.0924683
-6.3900604 -2.865097 7.142456
-6.463852 -3.0174408 7.082947
-6.618576 -3.0745697 7.0567627
-6.789963 -3.0150604 7.123413
-6.7828217 -2.8674774 7.237671
-6.604294 -2.781784 7.4995117
-6.470993 -2.7532196 7.449524
-6.4543304 -2.6294403 7.218628
-6.3519745 -2.7984467 6.8377686
-6.349594 -2.9793549 6.733032
-6.51622 -2.9365082 7.0091553
-6.5947723 -2.8817596 7.290039
-6.618576 -3.0555267 7.4161987
-6.604294 -2.9983978 7.2543335
-6.490036 -2.812729 7.1710205
-6.3591156 -2.7508392 7.0186768
-6.349594 -2.8055878 7.1900635
-6.3329315 -2.7960663 7.0758057
-6.418625 -2.960312 7.2424316
-6.4947968 -2.9769745 7.2233887
-6.540024 -3.0745697 7.3376465
-6.5376434 -2.9817352 7.3709717
-6.540024 -2.8341522 7.2495728
-6.4043427 -2.9008026 7.2091064
-6.311508 -3.0983734 7.1972046
-6.375778 -2.929367 7.404297
-6.399582 -2.9127045 7.4971313
-6.5066986 -2.8174896 7.4661865
-6.520981 -2.7889252 7.3685913
-6.5138397 -2.812729 7.147217
-6.4352875 -2.8960419 7.0186768
-6.2377167 -2.9341278 7.135315
-6.2377167 -2.9127045 7.23053
-6.232956 -3.024582 7.449524
-6.32341 -3.050766 7.4852295
-6.5066986 -3.0436249 7.5352173
-6.5495453 -3.0483856 7.573303
-6.6661835 -2.9127045 7.5875854
-6.6399994 -2.8365326 7.3257446
-6.444809 -2.8984222 7.0805664
-6.361496 -3.0412445 6.968689
-6.3638763 -2.903183 7.1972046
-6.330551 -2.7984467 7.3043213
-6.2162933 -2.993637 7.2614746
-6.1996307 -3.0364838 7.1972046
-6.251999 -3.0293427 7.256714
-6.4233856 -3.0293427 7.2614746
-6.4352875 -2.9817352 7.173401
-6.38768 -3.031723 7.025818
-6.459091 -3.0602875 7.123413
-6.520981 -3.0602875 7.251953
-6.478134 -2.967453 7.2043457
-6.3472137 -3.0364838 7.23291
-6.2162933 -3.01268 7.4019165
-6.2948456 -2.9888763 7.661377
-6.3472137 -2.88414 7.7684937
-6.3829193 -2.7722626 7.4590454
-6.3900604 -2.974594 7.335266
-6.361496 -3.0198212 7.0186768
-6.3257904 -2.9174652 6.930603
-6.187729 -2.9008026 6.9924927
-6.0115814 -2.7913055 6.9663086
-6.035385 -3.1174164 7.1972046
-6.168686 -3.262619 7.29718
-6.3710175 -3.3602142 7.482849
-6.444809 -3.307846 7.461426
-6.4947968 -3.1174164 7.4519043
-6.4686127 -2.8746185 7.3685913
-6.3662567 -2.7579803 7.2805176
-6.209152 -2.960312 7.3447876
-6.1710663 -3.0436249 7.3709717
-6.290085 -3.1935883 7.468567
-6.349594 -3.0817108 7.4661865
-6.3829193 -3.1245575 7.5161743
-6.3591156 -3.031723 7.42572
-6.3329315 -2.9127045 7.256714
-6.2567596 -3.0174408 7.1376953
-6.3638763 -3.0222015 7.2233887
-6.4662323 -3.2697601 7.513794
-6.456711 -3.3316498 7.604248
-6.4305267 -3.160263 7.4590454
-6.3210297 -3.1174164 7.5994873
-6.240097 -3.095993 7.589966
-6.3138885 -2.9507904 7.506653
-6.394821 -2.9127045 7.313843
-6.2877045 -2.9317474 7.1329346
-6.221054 -2.9507904 7.0996094
-6.1734467 -3.005539 7.1138916
-6.1663055 -3.1055145 6.897278
-6.2829437 -2.929367 6.935364
-6.3257904 -2.827011 7.0401
-6.309128 -2.8793793 7.135315
-6.2734222 -2.8531952 7.1448364
-6.3138885 -3.095993 7.3447876
-6.3781586 -2.9507904 7.161499
-6.3972015 -2.846054 7.180542
-6.32341 -2.8103485 7.0281982
-6.225815 -2.8531952 7.1853027
-6.1996307 -2.9579315 7.206726
-6.182968 -3.14122 7.509033
-6.2829437 -3.095993 7.6851807
-6.482895 -3.1745453 7.7851563
-6.509079 -3.172165 7.6375732
-6.566208 -3.024582 7.5828247
-6.5066986 -2.8889008 7.475708
-6.316269 -2.993637 7.251953
-6.240097 -3.0174408 7.142456
-6.1996307 -2.9150848 7.0686646
Time Stop = 789
