Time Start = 1457235961
-0.8152313 -1.0322113 8.618286
0.75819397 -0.36332703 8.042236
2.7172394 -0.33714294 8.639709
3.2052155 -0.59898376 9.072937
2.4553986 -1.0274506 9.522827
1.6770172 -1.1036224 10.072693
1.541336 -0.7013397 10.682068
1.7246246 -0.120529175 11.158142
1.8341217 0.35792542 11.008179
1.534195 0.7292633 10.434509
1.2033234 0.30555725 10.589233
0.99861145 0.017532349 10.643982
0.87483215 -0.12528992 10.877258
0.77485657 -0.18955994 11.14386
0.655838 0.17939758 10.920105
0.5439606 0.6316681 10.460693
0.40589905 0.58644104 10.63446
0.28926086 0.42933655 10.736816
0.19880676 0.72688293 10.467834
0.06312561 0.7197418 10.577332
-0.13206482 0.9339752 10.770142
-0.1915741 1.6671295 10.348816
-0.27012634 1.8028107 10.627319
-0.479599 1.5552521 10.972473
-0.8914032 1.4957428 11.01532
-1.3412933 0.8839874 10.896301
-1.4436493 -0.008651733 10.934387
-1.5745697 -0.8489227 11.046265
-1.7697601 -1.2083588 11.196228
-1.8387909 -0.96318054 11.096252
-2.0363617 -0.039596558 10.717773
-2.1839447 0.38172913 10.63446
-2.3196259 0.51026917 10.732056
-2.712387 0.60072327 10.472595
-2.5600433 0.5174103 10.474976
-2.1768036 0.25794983 10.358337
-1.9697113 0.119888306 9.5252075
-1.9316254 -0.12528992 9.272888
-1.9816132 -0.10862732 9.141968
-2.1744232 0.22224426 9.3133545
-2.3481903 0.7887726 9.034851
-2.545761 1.0625153 8.96344
-2.5410004 0.9601593 8.561157
-2.2720184 0.5507355 8.32074
-2.0863495 0.3341217 8.199341
-2.0554047 0.37220764 8.292175
-2.1553802 0.84828186 7.9160767
-2.1553802 1.3695831 7.5828247
-2.2553558 1.5957184 7.573303
-2.333908 1.5314484 7.739929
-2.3624725 1.5980988 7.7042236
-2.3243866 1.6742706 7.5756836
-2.4767303 1.7980499 7.2805176
-2.686203 1.8718414 7.4852295
-2.73143 1.9432526 7.475708
-2.6981049 2.0456085 6.9710693
-2.776657 2.009903 6.9067993
-2.9456635 2.2907867 6.8829956
-3.2098846 2.683548 6.8639526
-3.4098358 2.683548 6.942505
-3.8835297 2.702591 6.749695
-4.423874 2.7835236 6.7401733
-4.6000214 3.2762604 6.5759277
-4.650009 4.0332184 5.852295
-4.7214203 4.1046295 5.6880493
-5.0237274 3.4690704 5.980835
-5.8187714 2.6883087 6.982971
-6.4662323 2.2979279 8.213623
-6.9756317 2.721634 8.492126
-7.023239 3.0001373 8.846802
-6.925644 2.7621002 9.006287
-6.9280243 2.4193268 8.665894
-6.649521 2.202713 7.944641
-6.51622 2.1027374 6.552124
-6.64476 2.0694122 7.5185547
-6.4733734 2.509781 7.509033
-6.437668 1.5647736 6.980591
-6.3472137 0.057998657 7.263855
-7.099411 -0.64897156 7.589966
-7.4493256 -0.70848083 9.21814
-8.142014 -0.20146179 9.187195
-9.0846405 -1.010788 7.9803467
-6.8090057 -2.6246796 8.649231
-1.4888763 -3.3959198 8.1922
-0.46055603 -3.5911102 7.002014
-3.3050995 -2.1866913 7.9613037
-4.661911 -0.42521667 8.118408
-4.5571747 -0.46092224 7.899414
-3.712143 -1.832016 7.6447144
-3.212265 -3.4268646 7.55188
-3.4717255 -4.9860077 8.570679
-3.7169037 -5.352585 8.418335
-4.2477264 -4.8170013 7.6185303
0.76057434 -5.212143 7.16864
5.0333405 -4.931259 6.404541
7.8231354 -5.816757 14.721558
-1.1246796 -7.483017 14.347839
-5.802109 -4.7717743 12.638733
-0.30345154 -4.5480194 11.350952
0.5987091 -5.4906464 12.795837
-3.7906952 -1.1298065 10.096497
-8.070602 2.3740997 7.61615
-9.289352 -0.26811218 7.7280273
-7.5897675 -3.5649261 7.885132
-6.0115814 -3.936264 7.278137
-6.432907 -1.9129486 6.6711426
-6.83519 0.43171692 7.758972
-6.8732758 0.9434967 8.496887
-6.856613 -1.1012421 8.742065
-6.606674 -2.0391083 7.539978
-6.356735 -1.7844086 6.537842
-6.478134 -1.4678192 7.2400513
-6.9684906 -1.120285 7.5566406
-6.7233124 -0.7584686 7.1257935
-6.766159 -1.010788 7.3495483
-6.7613983 -1.0964813 7.2876587
-6.7185516 -1.1988373 7.2281494
-6.7161713 -1.2202606 7.380493
-6.9423065 -1.3321381 7.2876587
-6.9232635 -1.2964325 7.025818
-7.023239 -1.2154999 6.828247
-7.1732025 -1.2464447 7.29718
-7.3017426 -1.1869354 7.4590454
-7.0589447 -1.0917206 7.211487
-6.9994354 -0.88700867 7.2924194
-7.085129 -0.81321716 7.2805176
-7.028 -0.6204071 7.123413
-7.296982 -0.98698425 6.904419
-7.2755585 -1.241684 6.8306274
-7.254135 -1.6582489 7.1329346
-7.149399 -1.2440643 6.78302
-7.1779633 -1.158371 7.218628
-7.4564667 -1.203598 7.1853027
-7.0827484 -1.4273529 6.956787
-7.2041473 -1.389267 7.052002
-7.2231903 -1.2559662 6.892517
-7.1660614 -1.370224 6.956787
-7.137497 -1.4059296 6.7973022
-6.918503 -1.2059784 7.0115356
-7.0708466 -1.0726776 7.2233887
-7.0708466 -1.1702728 7.1448364
-7.020859 -1.2797699 7.0948486
-6.9113617 -1.3273773 6.897278
-7.0137177 -1.3345184 7.3186035
-7.22081 -1.2631073 7.3709717
-6.9351654 -1.3559418 7.256714
-6.8137665 -1.6106415 7.1591187
-6.8970795 -1.6344452 6.9329834
-6.6161957 -1.6154022 7.194824
-6.920883 -1.5273285 7.0353394
-6.751877 -1.415451 6.930603
-7.001816 -1.7986908 7.309082
-7.3660126 -2.4699554 7.725647
-7.470749 -2.9698334 7.699463
-6.687607 -2.4175873 7.0401
-6.587631 -1.786789 7.0924683
-6.894699 -1.8462982 7.4661865
-6.675705 -2.120041 7.237671
-6.606674 -2.2604828 7.2091064
-6.444809 -1.9938812 7.135315
-6.611435 -1.786789 7.456665
-6.7256927 -1.7248993 7.6899414
-6.5638275 -1.9391327 7.4281006
-6.380539 -2.1557465 7.2686157
-6.32341 -2.0843353 7.1591187
-6.478134 -2.365219 7.9279785
-6.413864 -2.236679 7.559021
-6.2639008 -2.2152557 7.4209595
-6.335312 -2.1295624 7.656616
-6.3329315 -2.0914764 7.559021
-6.1924896 -2.1128998 7.4709473
-6.0877533 -2.2723846 7.48999
-6.1472626 -2.1747894 7.373352
-6.125839 -2.0462494 7.4709473
-6.085373 -2.3937836 7.887512
-6.225815 -2.5104218 7.642334
-6.1210785 -2.5604095 7.9470215
-6.099655 -2.793686 7.6637573
-5.9663544 -2.7960663 7.597107
-6.061569 -2.3295135 7.525696
-6.0258636 -2.4366302 7.9613037
-5.816391 -2.5104218 7.4661865
-5.8854218 -2.3675995 7.604248
-6.0449066 -2.4580536 8.139832
-5.9211273 -2.7008514 7.5637817
-5.8973236 -3.2769012 7.842285
-5.892563 -2.9174652 7.589966
-5.7878265 -2.717514 7.699463
-5.8068695 -2.4009247 7.9541626
-5.759262 -2.3461761 7.713745
-5.956833 -2.3985443 7.789917
-5.9020844 -2.7032318 7.994629
-5.8759003 -2.8508148 7.7042236
-5.766403 -2.7341766 7.839905
-5.7616425 -2.596115 7.880371
-5.880661 -2.3556976 7.6661377
-5.925888 -2.5675507 8.008911
-5.835434 -2.9888763 7.975586
-5.718796 -3.0150604 7.8494263
-5.611679 -2.8793793 7.8494263
-5.7997284 -2.8746185 7.906555
-5.7306976 -2.9079437 7.604248
-5.6212006 -2.7341766 7.944641
-5.6331024 -2.812729 7.8518066
-5.2617645 -2.7484589 7.9208374
-5.637863 -2.8293915 7.673279
-5.452194 -2.5342255 8.454041
-5.4545746 -3.160263 8.161255
-5.335556 -2.9079437 7.720886
-5.3260345 -2.8674774 7.778015
-5.304611 -3.069809 8.38739
-5.283188 -3.0079193 8.206482
-5.4093475 -2.7675018 8.113647
-5.021347 -2.9507904 8.432617
-5.007065 -2.8246307 8.282654
-5.007065 -2.608017 8.565918
-4.91185 -2.4080658 8.856323
-4.8451996 -2.1747894 8.8349
-4.559555 -0.90605164 9.577576
-4.4452972 -1.1678925 9.3133545
-4.733322 -1.8034515 8.718262
-4.923752 -1.0726776 8.3255005
-7.1422577 -2.1795502 13.459961
-7.2112885 -0.6370697 9.956055
-4.7618866 -0.18241882 9.496643
-5.237961 -0.76560974 8.801575
-5.887802 -1.0464935 8.589722
-5.783066 -1.7844086 8.749207
-5.468857 -2.941269 9.044373
-6.432907 -2.0557709 10.444031
-5.8259125 -1.6320648 10.125061
-5.4164886 -2.2223969 9.967957
-5.4617157 -1.7320404 10.665405
-5.002304 -2.7056122 10.515442
-4.778549 -2.9722137 10.455933
-4.8332977 -2.9507904 10.110779
-4.9546967 -2.736557 9.784668
-4.8904266 -2.9365082 9.558533
-4.540512 -3.1816864 9.15863
-4.3381805 -3.224533 8.90155
-4.2215424 -3.550644 8.425476
-4.085861 -3.531601 8.06366
-3.8811493 -4.250473 8.06604
-3.7264252 -4.3433075 8.051758
-3.5621796 -4.3552094 7.692322
-3.2717743 -4.390915 7.4400024
-3.2003632 -4.4908905 7.1186523
-2.8623505 -4.7217865 6.9329834
-2.7671356 -4.5027924 6.7544556
-2.4267426 -4.1814423 6.78302
-2.3101044 -4.0981293 6.816345
-2.5029144 -3.936264 7.0734253
-2.8218842 -3.6625214 7.3328857
-2.8552094 -3.7410736 7.7042236
-2.8956757 -3.9719696 7.944641
-3.0670624 -4.340927 8.673035
-3.481247 -4.3314056 8.83728
-3.7787933 -3.7220306 8.715881
-4.2096405 -3.4697113 8.408813
-4.295334 -3.01268 8.346924
-4.366745 -2.3556976 8.604004
-4.4072113 -2.0081635 8.584961
-4.314377 -2.1438446 8.615906
-4.090622 -2.127182 8.673035
-4.121567 -2.0462494 8.739685
-4.233444 -2.2128754 8.953918
-4.2286835 -2.0510101 8.661133
-4.27153 -2.319992 8.608765
-4.481003 -3.0412445 8.656372
-4.021591 -2.774643 8.627808
-3.8359222 -2.9960175 8.442139
-3.481247 -3.134079 7.951782
-3.700241 -3.4173431 8.208862
-3.859726 -3.1650238 8.5373535
-3.6883392 -3.4197235 8.758728
-3.507431 -3.5625458 8.739685
-3.4074554 -2.88414 8.8515625
-3.5121918 -2.2771454 9.075317
-3.5550385 -1.9915009 9.03009
-3.5859833 -2.1700287 8.858704
-3.8835297 -2.165268 8.970581
-3.9382782 -2.3866425 8.763489
-3.9454193 -2.312851 8.753967
-4.166794 -1.9415131 8.584961
-4.4476776 -2.0295868 8.601624
-4.46196 -2.312851 8.589722
-4.3619843 -2.3914032 8.2421875
-4.166794 -2.69133 8.354065
-3.7978363 -2.717514 9.53949
-3.5050507 -2.5580292 9.787048
-3.2241669 -2.4056854 9.532349
-2.9980316 -2.0771942 9.489502
-2.8647308 -2.2533417 9.380005
-2.7195282 -2.441391 9.4609375
-2.8361664 -2.319992 9.518066
-2.8932953 -2.3747406 9.444275
-2.2934418 -2.5461273 9.28241
-2.8623505 -2.4580536 8.268372
-3.1337128 -2.3604584 8.501648
-3.416977 -2.403305 9.020569
-3.5288544 -1.7582245 8.801575
-3.82164 -1.5130463 8.504028
-3.8644867 -1.9058075 8.180298
-4.2786713 -1.6891937 8.668274
-4.442917 -1.4678192 8.844421
-4.2024994 -1.8153534 8.872986
-4.121567 -2.089096 9.003906
-4.045395 -2.1295624 9.356201
-3.897812 -1.9557953 9.456177
-4.2096405 -1.8724823 9.47522
-4.3834076 -2.217636 9.527588
-4.431015 -2.1605072 9.322876
-4.6595306 -1.9748383 9.332397
-4.688095 -1.8820038 9.67041
-5.0641937 -2.2652435 10.039368
-4.5167084 -2.0724335 10.05603
-3.8240204 -1.5082855 9.1467285
-3.7145233 -1.6368256 8.975342
-4.07872 -1.9177094 8.992004
-4.1525116 -1.9915009 8.863464
-4.40007 -1.9248505 8.7682495
-4.4738617 -1.8153534 8.820618
-4.423874 -1.72966 8.723022
-4.4405365 -1.7344208 8.680176
-4.5357513 -1.7082367 8.744446
-4.5762177 -1.7439423 8.5802
-4.359604 -2.0486298 8.618286
-3.5121918 -2.217636 8.439758
-3.6597748 -2.236679 8.661133
-3.7026215 -2.036728 9.15387
-3.783554 -1.8462982 9.175293
-3.8835297 -1.8701019 8.937256
-4.0930023 -1.8820038 8.83252
-4.3238983 -1.9510345 8.394531
-4.4476776 -2.2509613 8.665894
-4.6666718 -1.9319916 7.7994385
-4.3572235 -2.0462494 9.425232
-4.692856 -1.7629852 8.811096
-4.3262787 -2.172409 8.946777
-4.219162 -2.377121 9.199097
-4.2739105 -2.229538 8.7682495
-4.314377 -2.0986176 8.820618
-4.502426 -2.0319672 9.018188
-4.7880707 -1.8701019 8.561157
-5.0189667 -1.812973 8.442139
-5.4664764 -1.2559662 7.213867
-5.1641693 -2.0914764 9.28479
-5.4402924 -2.0295868 8.972961
-5.0046844 -1.960556 8.542114
-5.2689056 -1.5535126 7.9803467
-5.5236053 -1.5082855 8.080322
-5.399826 -1.6963348 9.199097
-5.521225 -2.3937836 8.7872925
-5.1141815 -2.793686 8.296936
-5.2689056 -2.1771698 8.542114
-5.354599 -1.8986664 8.625427
-5.2689056 -1.9676971 8.499268
-5.380783 -1.9867401 8.434998
-5.368881 -1.9819794 8.351685
-5.4402924 -1.8177338 8.370728
-5.483139 -1.6749115 8.396912
-5.4736176 -1.812973 8.406433
-5.4545746 -1.877243 8.330261
-5.3974457 -1.9510345 8.442139
-5.3331757 -1.8248749 8.382629
-5.3307953 -1.6582489 8.470703
-5.237961 -1.5487518 8.482605
-5.2236786 -1.7248993 8.480225
-5.2498627 -1.7963104 8.25885
-5.2355804 -1.8296356 8.446899
-5.176071 -1.786789 8.377869
-5.109421 -1.7344208 8.415955
-5.1284637 -1.8629608 8.373108
-5.149887 -1.9081879 8.339783
-5.142746 -1.8034515 8.292175
-5.1451263 -1.6939545 8.313599
-4.8904266 -1.7653656 8.375488
-5.1141815 -1.9700775 8.687317
-4.9166107 -1.8343964 8.361206
-5.1594086 -1.6796722 8.25885
-5.071335 -1.7891693 8.335022
-5.10466 -1.8201141 8.056519
-5.2355804 -1.9462738 8.3897705
-5.1784515 -1.6154022 8.254089
-5.2093964 -1.5796967 8.246948
-5.2308197 -1.6915741 8.339783
-5.2093964 -1.8558197 8.392151
-5.2046356 -1.7177582 8.396912
-5.2022552 -1.6915741 8.45166
-5.252243 -1.8867645 8.525452
-5.264145 -1.7772675 8.373108
-5.304611 -1.5844574 8.294556
-5.328415 -1.6939545 8.511169
-5.226059 -1.767746 8.551636
-5.1070404 -1.7129974 8.51355
-5.218918 -1.5654144 8.623047
-5.2046356 -1.6320648 8.494507
-5.2546234 -1.7891693 8.401672
-5.237961 -1.8082123 8.434998
-5.2236786 -1.8248749 8.375488
-5.2474823 -1.7391815 8.489746
-5.2093964 -1.9319916 8.508789
-5.192734 -1.8201141 8.430237
-5.2284393 -1.703476 8.446899
-5.2665253 -1.7772675 8.330261
-5.3141327 -1.8462982 8.189819
-5.304611 -1.748703 8.280273
-5.214157 -1.7201385 8.432617
-5.2046356 -1.8034515 8.337402
-4.990402 -1.9486542 8.720642
-5.1855927 -1.7463226 8.277893
-5.2332 -1.748703 8.189819
-5.302231 -1.5868378 8.235046
-5.3498383 -1.6725311 8.285034
-5.226059 -1.786789 8.301697
-5.283188 -1.7082367 8.208862
-5.264145 -1.8843842 8.758728
-5.3188934 -1.6725311 8.106506
-5.1855927 -1.9367523 8.304077
-5.559311 -1.7915497 8.563538
-5.073715 -1.7629852 8.32074
-5.142746 -1.6439667 8.45166
-5.176071 -1.7439423 8.499268
-5.1713104 -2.1033783 8.404053
-5.1832123 -1.9272308 8.292175
-5.55217 -1.5868378 7.887512
-6.3210297 -0.991745 8.401672
-5.2332 -1.8820038 8.420715
-5.3760223 -2.2771454 7.066284
-6.1282196 -2.4366302 9.206238
-5.566452 -1.7129974 8.872986
-5.7735443 -2.2438202 8.546875
-5.2093964 -2.0414886 7.756592
-5.3974457 -1.6368256 8.361206
-5.316513 -1.5868378 8.539734
-5.109421 -1.8343964 8.356445
-5.1713104 -1.7368011 8.399292
-5.2355804 -1.7439423 8.351685
-5.2332 -1.786789 8.38739
-5.218918 -1.8248749 8.375488
-5.214157 -1.8034515 8.342163
-5.2046356 -1.7915497 8.294556
-5.259384 -1.8201141 8.289795
-5.2665253 -1.8367767 8.351685
-5.252243 -1.8534393 8.354065
-5.240341 -1.8201141 8.304077
-5.237961 -1.786789 8.380249
-5.2998505 -1.7177582 8.270752
-5.323654 -1.8177338 8.373108
-5.2332 -1.9296112 8.358826
-5.3141327 -1.8486786 8.313599
-5.3331757 -1.8248749 8.358826
-5.321274 -1.8296356 8.399292
-5.323654 -1.79393 8.415955
-5.2665253 -1.7272797 8.418335
-5.252243 -1.7748871 8.423096
-5.3450775 -1.7629852 8.292175
-5.2998505 -1.9510345 8.377869
-5.245102 -1.9653168 8.411194
-5.285568 -1.8248749 8.492126
-5.240341 -1.8534393 8.375488
-5.2308197 -1.7629852 8.454041
-5.2546234 -1.6987152 8.356445
-5.29747 -1.8010712 8.346924
-5.240341 -1.8153534 8.26123
-5.2927094 -1.7796478 8.3255005
-5.2950897 -1.812973 8.404053
-5.2355804 -1.8605804 8.370728
-5.264145 -1.8677216 8.411194
-5.2546234 -1.8867645 8.430237
-5.2665253 -1.8272552 8.311218
-5.2665253 -1.8986664 8.361206
-5.2046356 -1.9129486 8.315979
-5.2236786 -1.7748871 8.375488
-5.2308197 -1.851059 8.375488
-5.2236786 -1.851059 8.370728
-5.257004 -1.8272552 8.32074
-5.2427216 -1.8010712 8.382629
-5.218918 -1.8153534 8.370728
-5.240341 -1.8820038 8.351685
-5.218918 -1.8248749 8.296936
-5.257004 -1.8177338 8.404053
-5.2332 -1.877243 8.377869
-5.221298 -1.8796234 8.311218
-5.1903534 -1.8653412 8.349304
-5.149887 -1.896286 8.444519
-5.123703 -1.851059 8.489746
-5.154648 -1.8177338 8.418335
-5.192734 -1.7963104 8.361206
-5.2474823 -1.8153534 8.432617
-5.221298 -1.8891449 8.263611
-5.176071 -1.9177094 8.299316
-5.1522675 -1.8677216 8.399292
-5.10466 -1.8105927 8.415955
-5.252243 -1.8296356 8.254089
-5.2808075 -1.9891205 8.330261
-5.3188934 -1.9058075 8.32074
-5.2165375 -1.8439178 8.358826
-5.187973 -1.877243 8.332642
-5.1141815 -1.9462738 8.456421
Time Stop = 1457235966
