Time Start = 4436
-1.1222992 4.6497345 8.527832
-0.82951355 4.3474274 8.465942
-0.8247528 3.985611 8.32312
-0.9723358 3.742813 8.304077
-1.0389862 3.799942 8.356445
-0.89616394 4.0332184 8.380249
-0.83665466 4.249832 8.304077
-0.7176361 4.29982 8.304077
-0.710495 4.276016 8.225525
-0.6843109 4.1355743 8.182678
-0.5605316 3.9499054 8.139832
-0.6438446 3.7904205 8.104126
-0.7676239 3.7880402 8.049377
-0.83665466 3.5714264 8.049377
-0.8414154 3.2595978 7.956543
-0.7676239 3.126297 7.9922485
-0.85331726 3.1239166 7.885132
-0.9747162 3.4452667 8.008911
-0.9961395 3.7951813 8.311218
-1.0199432 3.9760895 8.544495
-1.0413666 4.0665436 8.911072
-1.1461029 3.9141998 9.070557
-1.2984467 3.7380524 8.880127
-1.2579803 3.4095612 8.689697
-0.96281433 3.1548615 8.342163
-0.78666687 3.1405792 8.06842
-0.94615173 3.190567 8.042236
-1.2579803 3.3143463 8.142212
-1.1151581 3.2953033 8.292175
-0.91996765 3.4190826 8.139832
-0.6128998 3.3500519 8.318359
-0.40104675 2.7811432 7.313843
-0.35343933 2.7978058 7.0877075
-0.27964783 3.6761627 6.666382
0.0155181885 4.7973175 6.0474854
0.35353088 5.2924347 5.4642944
0.68440247 4.794937 5.43573
0.7462921 4.1236725 5.340515
1.0414581 3.5404816 5.3048096
1.4056549 3.27388 4.878723
1.8793488 3.2191315 5.4833374
2.7957916 3.4333649 6.3950195
3.7907867 3.228653 6.813965
3.6860504 2.619278 7.5042725
2.4220734 1.8028107 8.858704
0.8296051 1.3743439 9.963196
0.19880676 0.77449036 9.913208
0.57728577 -0.68229675 9.665649
1.2604523 -1.203598 9.09198
1.6508331 -1.5106659 9.875122
1.6912994 -1.4606781 10.463074
1.0224152 -1.9081879 11.227173
-0.70573425 -2.8174896 11.5842285
-2.9718475 -3.583969 11.051025
-3.4741058 -4.352829 10.029846
-2.391037 -4.8693695 9.865601
-1.7031097 -5.545395 10.05127
-2.5695648 -5.7620087 9.934631
-3.6859589 -4.9598236 9.6918335
-3.6050262 -4.198105 9.753723
-2.8694916 -3.0864716 9.98938
-2.2863007 -2.3342743 10.065552
-2.7028656 -1.620163 9.856079
-2.9051971 -1.7082367 9.825134
-3.333664 -2.2985687 9.151489
-3.4122162 -2.9983978 8.813477
-2.909958 -2.7960663 9.099121
-2.2601166 -1.9391327 9.803711
-2.6885834 -2.0034027 10.31311
-3.590744 -1.7272797 10.50116
-4.07872 -1.5059052 10.579712
-4.40007 -1.4701996 10.151245
-4.192978 -1.7844086 9.658508
-4.019211 -2.0034027 9.2229
-4.714279 -2.7841644 8.392151
-5.3712616 -3.1483612 7.55188
-5.192734 -3.2292938 7.539978
-4.957077 -2.6841888 7.835144
-4.752365 -2.543747 7.7613525
-5.1903534 -2.5223236 7.61615
-4.752365 -2.2819061 7.5947266
-6.4162445 -2.781784 7.8137207
-6.2043915 -2.6365814 7.275757
-6.078232 -1.5273285 8.853943
-6.0234833 -0.18003845 10.291687
-6.078232 0.21748352 11.086731
-3.2527313 -0.64183044 13.221924
-3.5121918 0.13179016 12.893433
-3.776413 0.11274719 12.434021
-5.6450043 -1.4130707 12.100769
-4.930893 -1.8034515 11.608032
-5.4283905 -2.0843353 11.389038
-5.971115 -1.6130219 10.041748
-5.283188 0.034194946 10.025085
-4.885666 2.2241364 9.368103
-4.46434 2.9668121 8.51355
-1.974472 1.8599396 9.330017
-0.38438416 0.8625641 10.103638
-0.8176117 -0.28477478 10.003662
-1.0604095 -1.4582977 10.360718
-0.59861755 -2.3033295 11.148621
-1.0865936 -2.3890228 11.581848
-0.8675995 -2.0938568 11.998413
-0.69859314 -1.8677216 11.59137
-1.2246552 -1.9772186 10.7439575
-1.3793793 -1.8748627 10.286926
-1.6436005 -0.90605164 9.439514
-1.0580292 -0.696579 9.21814
-0.9080658 -0.6037445 9.598999
-0.71287537 -0.93937683 10.029846
-1.0366058 -1.5320892 10.608276
-1.0175629 -1.3607025 11.001038
-0.80332947 -0.8370209 10.851074
-0.8652191 -0.2823944 10.513062
-0.7200165 0.72688293 9.598999
-0.7771454 0.42933655 9.470459
-1.1056366 -0.25382996 10.160767
-1.069931 -0.47044373 10.646362
-1.31987 -0.7941742 10.808228
-1.4603119 -1.0512543 11.369995
-1.5674286 -0.81559753 11.417603
-1.4436493 -0.42045593 11.062927
-1.2127533 -0.101486206 10.496399
-1.1770477 0.18891907 9.584717
-1.1699066 0.27937317 8.858704
-1.3984222 -0.16099548 9.382385
-1.6864471 -0.52519226 10.213135
-1.9435272 -0.7679901 10.589233
-1.9054413 -0.4894867 10.477356
-1.7269135 -0.08482361 10.367859
-2.5243378 -0.76322937 9.903687
-1.8673553 -0.6561127 9.432373
-2.4719696 -1.0226898 8.796814
-2.47435 -1.3916473 8.996765
-2.8123627 -1.0964813 9.422852
-2.7599945 -0.9822235 9.6918335
-2.66716 -0.88938904 9.651367
-2.6052704 -0.9012909 9.763245
-2.5719452 -0.8917694 9.684692
-2.6147919 -0.74180603 9.322876
-2.686203 -0.696579 8.7039795
-2.693344 -0.85606384 8.480225
-2.9313812 -1.056015 8.818237
-3.1337128 -1.0060272 9.111023
-3.167038 -0.8941498 9.389526
-3.1384735 -0.93699646 9.470459
-3.102768 -1.0988617 9.508545
-3.090866 -1.2916718 9.787048
-3.2622528 -1.1916962 9.563293
-3.3074799 -1.0464935 9.4609375
-3.443161 -0.81559753 9.675171
-3.462204 -0.6561127 9.503784
-3.3765106 -0.6442108 9.28479
-3.3170013 -0.77275085 9.265747
-3.2027435 -0.97746277 9.3966675
-3.1694183 -0.7917938 9.684692
-3.3646088 -0.43473816 9.779907
-3.5859833 -0.5632782 9.35144
-3.7454681 -0.677536 8.751587
-3.616928 -0.74180603 8.492126
-3.4574432 -0.8513031 8.263611
-3.4455414 -0.6299286 8.25647
-3.4741058 -0.39665222 8.408813
-3.6835785 -0.22288513 8.546875
-3.6716766 -0.20384216 8.608765
-3.8882904 -0.4799652 8.813477
-4.019211 -0.5370941 8.825378
-3.943039 -0.64897156 8.551636
-3.8930511 -0.7679901 8.5373535
-3.9549408 -0.7037201 8.627808
-3.9549408 -0.4061737 8.753967
-3.8549652 -0.26335144 8.944397
-3.995407 -0.27049255 8.930115
-3.878769 -0.27049255 9.130066
-3.943039 -0.28715515 9.170532
-3.897812 -0.28477478 9.199097
-3.82164 -0.42759705 9.334778
-3.931137 -0.33714294 9.246704
-3.8192596 -0.25382996 9.275269
-4.0168304 -0.17527771 9.189575
-3.9739838 -0.16575623 9.256226
-3.8121185 -0.049118042 9.163391
-3.764511 -0.18955994 8.96582
-3.635971 -0.24430847 8.980103
-3.6121674 -0.09196472 9.022949
-3.7145233 -0.04673767 9.125305
-3.840683 -0.11338806 9.132446
-3.8168793 -0.15861511 9.15625
-3.9406586 -0.18241882 9.09198
-3.8954315 0.036575317 8.844421
-3.8121185 0.10322571 8.970581
-3.6835785 0.30793762 9.306213
-3.666916 0.3007965 9.751343
-3.719284 0.21272278 10.015564
-3.7526093 -0.037216187 10.1203
-3.8383026 -0.20146179 9.846558
-3.814499 -0.02293396 9.789429
-3.8311615 0.10322571 9.537109
-3.8335419 0.3341217 9.051514
-3.8287811 0.18891907 8.994385
-3.8573456 -0.034835815 9.032471
-3.82164 -0.13243103 9.41333
-3.6597748 0.029434204 9.625183
-3.750229 0.17939758 9.358582
-3.8240204 -0.0110321045 8.689697
-3.7906952 -0.17051697 8.227905
-3.9263763 0.027053833 7.6661377
-4.0882416 0.25794983 7.532837
-4.2929535 0.6316681 7.699463
-4.3072357 0.72450256 8.282654
-4.1905975 0.6959381 8.865845
-4.295334 0.81733704 9.306213
-4.090622 0.8268585 9.4609375
-4.121567 0.8054352 9.372864
-4.2405853 0.5959625 9.032471
-4.1953583 0.5507355 8.937256
-4.1406097 0.75068665 9.044373
-4.219162 0.99824524 9.096741
-4.295334 0.84828186 9.151489
-4.4095917 0.8768463 9.439514
-4.314377 0.9530182 9.768005
-4.359604 0.84114075 9.701355
-4.3381805 0.6316681 9.439514
-4.354843 0.26509094 9.180054
-4.507187 0.15559387 8.939636
-4.507187 0.119888306 9.177673
-4.352463 0.23176575 9.489502
-4.4738617 0.12464905 9.639465
-4.583359 -0.06340027 9.591858
-4.611923 -0.077682495 9.360962
-4.6833344 0.024673462 9.151489
-4.46196 0.15797424 8.611145
-4.002548 0.37934875 8.06842
-3.962082 0.8935089 7.6899414
-4.123947 1.0958405 7.3685913
-4.2881927 1.0839386 7.16626
-4.7047577 0.90541077 6.956787
-4.6976166 0.34840393 7.1972046
-4.885666 0.4983673 7.525696
-4.8832855 0.5340729 7.880371
-4.5238495 0.6816559 8.32312
-4.481003 0.9673004 8.539734
-4.5547943 1.0839386 8.811096
-4.6857147 1.0625153 9.161011
-4.609543 0.99586487 9.470459
-4.680954 1.0125275 9.841797
-4.5119476 1.1482086 9.801331
-4.3381805 1.1339264 9.656128
-4.212021 0.7887726 9.35144
-4.2477264 0.57691956 8.942017
-4.1834564 0.48408508 8.582581
-4.238205 0.5078888 8.396912
-4.3429413 0.6292877 8.375488
-4.476242 0.65071106 8.582581
-4.597641 0.4745636 8.89917
-4.5381317 -0.06816101 8.744446
-4.5428925 -0.2086029 8.539734
-4.4738617 -0.0062713623 9.015808
-4.0430145 0.12940979 9.206238
-4.154892 0.0460968 8.996765
-4.2429657 0.08656311 8.687317
-4.2596283 0.19129944 8.335022
-4.3953094 0.40315247 8.339783
-4.3500824 0.82447815 8.573059
-4.476242 1.0839386 8.803955
-4.392929 1.1529694 8.756348
-4.3453217 1.0767975 8.213623
-4.347702 1.0601349 8.061279
-4.2144012 1.048233 8.292175
-4.411972 1.0387115 8.649231
-4.4738617 1.1910553 8.9991455
-4.347702 1.2124786 9.437134
-4.212021 1.0291901 9.575195
-4.2786713 0.9101715 9.594238
-4.212021 0.96492004 9.579956
-4.0501556 0.81495667 9.489502
-3.962082 0.7459259 9.327637
-4.0120697 0.8958893 9.182434
-4.109665 1.0077667 8.996765
-4.2739105 1.0363312 8.937256
-4.3643646 1.0053864 8.894409
-4.2667694 0.9363556 9.063416
-4.07872 0.89112854 8.944397
-4.128708 0.8935089 8.44928
-4.1120453 0.8530426 8.356445
-4.200119 0.9911041 8.508789
-4.2881927 1.0172882 8.739685
-4.3691254 1.1196442 8.922974
-4.2929535 1.2862701 9.044373
-4.2096405 1.2862701 8.913452
-3.988266 1.0815582 8.763489
-4.071579 1.067276 8.765869
-4.154892 1.214859 8.949158
-4.097763 1.1601105 9.077698
-4.2096405 1.195816 8.956299
-4.250107 1.2410431 8.725403
-4.250107 1.3505402 8.658752
-4.026352 1.3791046 8.713501
-4.0430145 1.2910309 8.618286
-4.0120697 1.2862701 8.718262
-4.07872 1.2386627 8.782532
-4.2429657 1.2957916 8.749207
-4.1263275 1.1624908 8.796814
-4.297714 1.4290924 8.83728
-4.1334686 1.6552277 9.013428
-4.1120453 1.9218292 9.139587
-3.9906464 2.017044 9.151489
-4.059677 1.6528473 8.83728
-4.0882416 1.4362335 8.782532
-4.07872 1.5647736 8.927734
-4.007309 1.7885284 8.913452
-4.0811005 1.9646759 8.668274
-4.123947 1.9741974 8.594482
-4.1310883 1.952774 8.496887
-4.154892 1.9123077 8.584961
-4.1382294 1.92659 8.780151
-4.0953827 1.6885529 8.992004
-4.045395 1.2838898 9.103882
-3.9263763 0.9625397 9.080078
-3.9073334 0.9792023 8.989624
-3.9144745 1.1934357 8.889648
-3.9477997 1.5719147 8.665894
-4.0549164 1.759964 8.687317
-4.173935 1.5147858 8.8515625
-4.1977386 1.0720367 8.951538
-3.9835052 0.76020813 8.972961
-3.7692719 0.8935089 8.7682495
-3.8644867 1.2696075 8.565918
-3.9477997 1.4695587 8.646851
-4.102524 1.5504913 8.818237
-4.2429657 1.3957672 9.051514
-4.2477264 0.9434967 9.106262
-4.102524 0.63642883 8.825378
-3.9739838 0.73402405 8.523071
-3.9716034 1.1458282 8.437378
-4.0049286 1.4171906 8.437378
-4.2858124 1.3767242 8.661133
-4.373886 0.97206116 8.775391
-4.359604 0.4817047 9.03009
-4.1263275 0.3841095 9.013428
-3.8621063 0.6388092 9.015808
-3.866867 1.0315704 8.9158325
-4.1120453 1.2767487 8.753967
-4.1977386 1.3767242 8.725403
-4.373886 1.0958405 8.663513
-4.3619843 1.0958405 8.64447
-4.1001434 1.2196198 8.687317
-4.102524 1.2362823 8.518311
-4.20726 1.1244049 8.499268
-4.1763153 0.99586487 8.506409
-4.166794 0.85066223 8.618286
-4.1001434 0.8935089 8.777771
-4.181076 0.93159485 8.911072
-4.3310394 0.8673248 8.868225
-4.1715546 0.753067 8.725403
-4.2096405 0.8101959 8.627808
-3.9668427 0.9530182 8.673035
-3.9644623 0.9173126 8.794434
-4.0763397 0.9363556 8.870605
-4.1382294 0.8054352 9.022949
-4.102524 0.8697052 9.115784
-4.0549164 0.9506378 9.196716
-4.083481 0.92445374 9.044373
-4.128708 0.93159485 8.868225
-4.097763 0.89112854 8.882507
-3.9716034 0.8673248 8.946777
-4.07872 0.8697052 8.90155
-4.1977386 0.90779114 8.918213
-4.192978 0.8054352 9.008667
-4.090622 0.74116516 8.822998
-4.083481 0.7768707 8.8349
-4.147751 1.0886993 8.887268
-4.123947 1.1196442 8.856323
-4.109665 1.0363312 8.811096
-4.0930023 0.95777893 8.856323
-4.188217 0.8768463 8.83728
-4.1263275 0.8125763 8.801575
-4.0501556 0.6983185 8.737305
-3.9858856 0.78163147 8.792053
-3.9906464 0.83399963 8.744446
-4.188217 0.87446594 8.792053
-4.116806 0.9363556 8.939636
-4.2048798 0.8935089 8.699219
-4.2144012 0.78401184 8.715881
-4.097763 0.66023254 8.820618
-4.1406097 0.6626129 8.849182
-4.1310883 0.7697296 9.039612
-4.128708 0.96492004 9.09198
-4.123947 1.0958405 8.953918
-4.1191864 1.0815582 8.887268
-4.135849 0.9792023 8.8515625
-4.147751 0.89826965 8.801575
-4.0501556 0.8435211 8.849182
-4.2024994 0.83399963 8.922974
-4.1525116 0.96492004 9.096741
-4.102524 1.1672516 9.09436
-4.147751 1.1267853 8.861084
-4.1453705 0.92207336 8.70874
-4.135849 0.80067444 8.646851
-4.1905975 0.77211 8.70874
-4.150131 0.77449036 8.789673
-4.185837 0.78163147 8.765869
-4.1453705 0.73402405 8.742065
-4.154892 0.77449036 8.701599
-4.26915 0.7935333 8.711121
-4.2048798 0.75782776 8.784912
-4.20726 0.72688293 8.782532
-4.1334686 0.7935333 8.846802
-4.0477753 0.9268341 8.808716
-4.135849 1.0053864 8.777771
-4.102524 1.0149078 8.689697
-4.238205 1.022049 8.680176
-4.2286835 0.85780334 8.749207
-4.1786957 0.6721344 8.892029
-4.1310883 0.6626129 8.9991455
-4.1453705 0.7649689 8.987244
-4.1310883 0.9601593 9.022949
-4.109665 1.0291901 8.994385
-4.0620575 1.0077667 8.89917
-4.1334686 0.8792267 8.982483
-4.135849 0.7697296 8.932495
-4.1572723 0.7768707 8.944397
-4.2215424 0.72450256 8.942017
-4.135849 0.77211 8.970581
-4.1572723 0.7649689 8.949158
-4.27153 0.7459259 8.870605
-4.2596283 0.79115295 8.882507
-4.1905975 0.7697296 8.89917
-4.2239227 0.7292633 8.875366
-4.2144012 0.8220978 8.889648
-4.1786957 1.0149078 8.911072
-4.1525116 1.0767975 8.718262
-4.1310883 0.9673004 8.561157
-4.169174 0.7792511 8.458801
-4.2881927 0.6578522 8.475464
-4.2215424 0.7459259 8.727783
-4.1786957 0.8101959 8.844421
-4.2167816 0.855423 8.908691
-4.1525116 1.003006 8.870605
-4.128708 0.9601593 8.856323
-4.1763153 0.8387604 8.796814
-4.212021 0.65309143 8.918213
-4.1572723 0.5912018 9.034851
-4.219162 0.6292877 9.020569
-4.2024994 0.78163147 9.137207
-4.181076 0.9268341 9.039612
-4.059677 0.9792023 8.953918
-4.123947 0.9792023 8.906311
-4.1715546 0.90065 8.920593
-4.1310883 0.79115295 8.83728
-4.147751 0.7649689 8.739685
-4.200119 0.753067 8.765869
-4.150131 0.8697052 8.723022
-4.166794 0.89826965 8.696838
-4.2429657 0.919693 8.668274
-4.290573 0.8697052 8.799194
-4.2048798 0.7149811 8.880127
-4.147751 0.7483063 8.970581
-4.2048798 0.74116516 9.003906
-4.212021 0.83161926 8.9158325
-4.162033 0.9601593 8.865845
-4.085861 0.9601593 8.856323
-4.188217 1.0767975 8.83252
-4.231064 0.98158264 8.77063
-4.2239227 0.7959137 8.723022
-4.2810516 0.753067 8.699219
-4.3381805 0.6792755 8.777771
-4.3238983 0.624527 8.763489
-4.219162 0.74116516 8.7872925
-4.1596527 0.77211 8.777771
-4.166794 0.80781555 8.744446
-4.097763 0.93159485 8.625427
-4.01445 0.9673004 8.5563965
-4.1644135 0.83161926 8.439758
-4.252487 0.80067444 8.546875
-4.2215424 0.81495667 8.730164
-4.181076 0.75068665 8.90155
-4.1715546 0.69117737 9.013428
-4.1334686 0.76734924 9.15387
-4.116806 0.8268585 9.232422
-4.07872 0.9268341 9.168152
-4.090622 0.9101715 9.0896
-4.200119 0.8697052 9.056274
-4.1144257 0.8697052 9.046753
-4.116806 0.7768707 8.9991455
-4.147751 0.7054596 8.996765
-4.1191864 0.73402405 9.058655
-4.0501556 0.84828186 8.996765
-4.0620575 0.79829407 8.96582
-4.128708 0.78163147 8.903931
-4.2096405 0.7768707 8.811096
-4.2096405 0.8101959 8.687317
-4.2096405 0.66737366 8.756348
-4.20726 0.63642883 8.887268
-4.1453705 0.7030792 8.939636
-4.0930023 0.78163147 8.882507
-4.1834564 0.85066223 8.889648
-4.14299 0.8673248 8.725403
-4.1834564 0.88874817 8.484985
-4.2810516 0.83638 8.520691
Time Stop = 4441
