Time Start = 1457237249
-2.679062 -0.3085785 7.1638794
-2.455307 0.33650208 7.539978
-1.9340057 0.13417053 7.9803467
-1.7054901 -0.058639526 8.0112915
-1.3722382 -0.151474 8.151733
-2.0363617 -0.0443573 8.3064575
-3.6859589 0.94111633 7.2424316
-7.689743 0.10084534 4.4264526
-7.580246 -1.66539 6.6711426
-4.8832855 -1.6796722 5.5618896
-2.4005585 -2.1605072 6.245056
-1.0199432 -2.1367035 7.718506
-0.8914032 -1.7106171 8.32074
-1.6697845 -0.7870331 8.813477
-1.024704 -0.844162 12.843445
-2.3743744 0.8530426 8.342163
-4.6262054 0.5816803 6.449768
-2.9480438 -1.2012177 10.75824
-3.1456146 -0.81321716 7.149597
-4.6071625 -1.2607269 2.3817139
-4.5048065 -2.8151093 4.0979614
-4.0572968 -3.679184 5.4952393
-4.071579 -5.8572235 8.027954
-5.29747 -6.0238495 6.899658
-6.9161224 -4.595627 5.231018
-8.225327 -4.462326 4.140808
-8.644272 -4.647995 3.1410522
-8.553818 -4.390915 2.1484375
-7.8730316 -4.348068 1.0534668
-7.432663 -4.3361664 0.7011719
-7.3850555 -3.84581 0.5440674
-7.575485 -3.1031342 0.37268066
-8.030136 -3.2697601 0.6916504
-9.522629 -5.604904 2.8482666
-12.28862 -7.3854218 3.9908447
-14.152451 -7.6853485 3.1791382
-14.492844 -7.911484 1.8009033
-13.374069 -7.8257904 0.27746582
-12.152939 -7.4806366 -0.42474365
-11.531662 -6.892685 -0.70562744
-11.436447 -6.0881195 -1.2983398
-11.331711 -5.4525604 -1.9505615
-11.046066 -4.9979095 -2.3076172
-10.479538 -4.924118 -2.3980713
-9.972519 -4.9217377 -2.5337524
-9.813034 -5.2145233 -2.13385
-9.991562 -5.3121185 -2.0957642
-10.3629 -5.207382 -2.19812
-10.422409 -5.38591 -2.0410156
-10.022507 -5.8429413 -2.1100464
-9.622604 -6.3261566 -1.9529419
-9.9891815 -6.264267 -2.7527466
-10.384323 -6.4475555 -3.5906372
-10.489059 -6.571335 -4.3356934
-10.222458 -6.54039 -4.4570923
-9.717819 -6.54039 -4.514221
-9.389328 -6.7236786 -4.5999146
-9.458359 -6.9926605 -4.5475464
-9.882065 -7.4020844 -4.0405273
-10.167709 -7.6329803 -3.6810913
-10.0082245 -7.6972504 -3.6263428
-9.617844 -7.399704 -4.026245
-9.472641 -6.6522675 -4.364258
-9.475021 -5.9072113 -4.749878
-9.470261 -5.4073334 -5.0617065
-9.570236 -5.4025726 -5.08313
-9.298874 -5.757248 -5.0736084
-10.003464 -5.77153 -4.8998413
-10.467636 -5.583481 -4.428528
-10.389084 -6.02861 -3.8239136
-10.358139 -6.488022 -3.0812378
-10.448593 -6.6665497 -2.3814087
-10.162949 -5.9333954 -2.5170898
-9.967758 -4.697983 -3.3049927
-9.998703 -3.898178 -4.083374
-10.23436 -3.8600922 -4.647522
-10.479538 -4.224289 -4.9474487
-10.705673 -4.931259 -4.76416
-10.869919 -5.4858856 -5.0093384
-11.126999 -5.9333954 -4.8379517
-11.514999 -5.83342 -4.949829
-12.09581 -5.290695 -5.27594
-12.283859 -4.9788666 -5.4854126
-12.281479 -4.571823 -6.0567017
-12.188644 -4.6003876 -6.009094
-12.324326 -4.640854 -5.7901
-12.455246 -4.7908173 -5.630615
-12.728989 -4.9384003 -5.6115723
-12.933701 -4.924118 -6.066223
-13.126511 -4.8550873 -6.123352
-12.778976 -4.576584 -5.666321
-12.100571 -4.2290497 -4.9069824
-11.19841 -4.050522 -3.9024658
-10.531906 -3.7839203 -3.0931396
-10.227219 -3.448288 -2.459961
-10.191513 -3.0626678 -1.7958374
-10.079636 -2.5580292 -1.5697021
-10.201035 -2.236679 -1.1769409
-10.255783 -2.127182 -0.87701416
-10.353378 -2.236679 -0.86987305
-10.627121 -2.581833 -1.1864624
-11.20079 -2.827011 -1.479248
-11.848251 -2.8912811 -1.8148804
-12.6575775 -2.5199432 -2.100525
-13.259811 -1.9296112 -2.4694824
-13.488327 -1.203598 -2.4313965
-13.152695 -0.60850525 -2.293335
-13.2026825 -0.7584686 -1.8815308
-13.438339 -1.3987885 -2.3171387
-13.995346 -1.748703 -2.652771
-13.990585 -1.2631073 -2.3861694
-13.190781 -0.91319275 -1.5339966
-12.2148285 -0.54185486 -0.4699707
-11.560226 -0.13719177 0.9534912
-10.74852 -0.24430847 2.1889038
-9.98204 -0.4966278 3.100586
-9.396469 -0.5537567 3.25531
-8.844223 -0.8536835 2.5007324
-8.560959 -1.4178314 1.6271362
-8.446701 -1.6487274 1.7294922
-7.8777924 -1.646347 2.1889038
-7.0708466 -1.5106659 2.7982788
-6.482895 -1.3154755 3.671875
-6.021103 -1.2059784 4.626404
-5.7997284 -0.8822479 4.6502075
-6.0068207 -0.7275238 3.9527588
-6.4210052 -0.6561127 4.2003174
-6.1353607 -0.48710632 4.5335693
-5.528366 -0.33952332 5.2214966
-4.9808807 -0.33000183 5.5785522
-4.661911 -0.48234558 5.364319
-4.790451 -0.64183044 5.1262817
-4.661911 -0.7346649 4.652588
-4.673813 -0.95365906 4.4454956
-4.4476776 -0.84654236 4.845398
-4.431015 -0.58232117 5.4761963
-4.6381073 0.04133606 5.8951416
-4.628586 0.49598694 6.040344
-4.2239227 0.72688293 5.4333496
-4.0120697 0.71736145 5.4904785
-4.038254 0.6388092 5.4714355
-4.0572968 0.6578522 5.711853
-4.3834076 -0.16099548 6.4592896
-4.9404144 -1.517807 6.752075
-5.3641205 -2.3818817 6.7592163
-5.5069427 -2.0081635 5.9189453
-5.456955 -1.1821747 5.764221
-5.437912 0.28175354 5.723755
-5.649765 1.2243805 5.9641724
-5.6021576 1.6242828 6.147461
-5.6283417 1.1482086 6.6449585
-5.1403656 0.8054352 6.3497925
-4.842819 -0.051498413 7.063904
-4.688095 -0.21098328 6.9853516
-4.676193 0.06990051 6.506897
-5.0308685 0.7197418 5.8951416
-5.4402924 1.169632 5.450012
-5.61644 1.3314972 5.2214966
-5.880661 1.5957184 4.519287
-6.4805145 1.6980743 4.081299
-6.778061 1.3505402 1.8270874
-10.477158 1.4957428 3.6242676
-13.476425 3.6571198 5.2214966
-11.945847 2.081314 1.6009521
-18.877487 -6.9736176 3.709961
-15.397385 -9.0516815 6.768738
-7.137497 -6.1523895 9.829895
-4.192978 -3.3483124 15.095276
-4.859482 0.57691956 12.576843
-13.643051 5.0615387 12.448303
-8.270554 -1.4011688 13.90271
-5.4664764 -2.0414886 11.477112
-3.3669891 1.3838654 14.590637
-4.33342 0.5316925 12.479248
-4.2929535 -3.6958466 10.843933
-4.4524384 -3.6244354 11.753235
-4.4024506 -1.915329 10.37738
-4.200119 1.0958405 6.916321
-4.0763397 0.47694397 7.4733276
-4.1310883 -1.3035736 9.065796
-4.116806 -1.1678925 8.492126
-4.1120453 -1.6630096 9.072937
-4.021591 -2.3628387 9.546631
-3.9168549 -2.2700043 8.813477
-4.245346 -2.377121 8.487366
-4.07872 -0.97746277 7.763733
-4.0358734 -0.9655609 8.292175
-3.962082 -2.396164 8.632568
-4.33342 -2.6056366 9.684692
-3.6716766 -1.9581757 10.424988
-3.6050262 -0.99650574 9.67041
-4.0049286 -0.6061249 8.789673
-4.116806 -0.18717957 8.70636
-4.052536 -0.7132416 9.763245
-3.988266 -0.84654236 9.503784
-3.9144745 -1.1702728 8.625427
-3.840683 -2.1509857 9.232422
-3.719284 -3.2411957 10.072693
-3.378891 -2.4437714 9.272888
-3.295578 -2.3533173 8.611145
-4.0120697 -1.9653168 8.7682495
-4.1263275 -1.3130951 9.151489
-3.9287567 -1.2726288 9.558533
-3.8835297 -2.108139 9.339539
-3.8192596 -2.3604584 8.368347
-3.802597 -1.9200897 7.816101
-3.795456 -1.748703 8.282654
-4.250107 -1.7796478 9.363342
-4.0549164 -0.71562195 9.772766
-3.912094 -1.6963348 10.015564
-3.8335419 -2.6556244 9.977478
-3.5312347 -2.5199432 9.889404
-3.4288788 -1.7344208 8.892029
-3.859726 -2.5294647 8.32312
-4.173935 -1.3607025 7.866089
-4.173935 -1.2345428 8.796814
-4.2477264 -1.8462982 9.320496
-3.847824 -2.2961884 9.122925
-3.9073334 -2.5675507 8.96106
-3.6573944 -2.7222748 8.508789
-3.56456 -3.0864716 8.811096
-3.9382782 -2.0771942 9.970337
-4.033493 -1.5963593 10.213135
-4.1786957 -1.6796722 9.137207
-3.9858856 -2.653244 8.701599
-3.9477997 -2.486618 8.715881
-3.6907196 -2.1367035 8.587341
-3.9763641 -2.3366547 8.239807
-4.2929535 -2.1486053 8.518311
-4.3500824 -1.7820282 9.491882
-4.302475 -1.9700775 10.048889
-4.302475 -2.4842377 9.920349
-3.9025726 -1.9819794 8.911072
-3.738327 -2.56279 8.1922
-4.359604 -3.262619 8.092224
-4.2667694 -2.5342255 8.454041
-4.135849 -1.9891205 9.013428
-4.431015 -1.8939056 9.065796
-4.5738373 -2.0748138 8.730164
-4.483383 -2.5937347 8.673035
-3.9644623 -2.6841888 8.508789
-3.9549408 -3.0150604 8.25647
-4.423874 -2.922226 8.189819
-4.52623 -2.608017 8.694458
-4.309616 -1.5582733 9.296692
-4.423874 -1.9105682 9.360962
-4.8832855 -2.6365814 8.584961
-4.438156 -2.4271088 7.8946533
-4.1310883 -2.6937103 7.8589478
-4.438156 -3.2007294 8.044617
-4.4667206 -2.8722382 8.6206665
-4.3310394 -2.319992 9.122925
-4.297714 -1.4368744 9.151489
-4.5500336 -2.3414154 8.889648
-4.8309174 -2.846054 8.394531
-4.26915 -2.7913055 8.677795
-4.4786224 -3.024582 9.101501
-4.521469 -2.7889252 9.137207
-4.6333466 -3.1364594 8.980103
-4.5547943 -3.2935638 8.994385
-4.1001434 -2.3247528 9.296692
-3.8097382 -1.6320648 9.529968
-4.583359 -2.6127777 8.825378
-4.6071625 -2.7032318 7.630432
-4.3762665 -3.1935883 8.039856
-4.6785736 -3.2459564 9.189575
-4.840439 -2.7913055 10.136963
-5.1022797 -2.4128265 10.517822
-5.047531 -2.081955 10.146484
-4.8118744 -1.979599 9.425232
-4.7357025 -2.4747162 8.725403
-4.78331 -1.3821259 8.144592
-4.4262543 -2.974594 7.854187
-5.6069183 -3.7267914 6.2402954
-5.8639984 -3.5363617 6.0213013
-5.468857 -2.7246552 6.559265
-5.4593353 -1.8082123 6.937744
-5.4545746 -2.4009247 7.4328613
-6.0187225 -2.8531952 7.578064
-5.8116302 -2.3699799 7.4161987
-5.2498627 -2.3914032 7.6708984
-5.7568817 -2.7460785 7.8898926
-5.913986 -2.7032318 8.058899
-5.702133 -2.6960907 8.237427
-5.933029 -2.672287 8.116028
-5.894943 -2.7246552 8.273132
-5.702133 -2.7079926 8.673035
-5.868759 -2.7698822 8.968201
-6.0877533 -2.0486298 8.653992
-5.6521454 -0.91319275 7.6447144
-5.252243 -2.017685 7.506653
-5.5807343 -3.2578583 7.48999
-5.142746 -3.1364594 8.075562
-4.7476044 -2.9460297 9.068176
-5.2498627 -2.6699066 9.213379
-5.309372 -2.3890228 8.968201
-5.7235565 -2.017685 8.732544
-6.2234344 -2.3104706 8.299316
-6.542404 -2.3890228 7.74469
-6.3852997 -2.4556732 7.982727
-6.247238 -2.6699066 8.25885
-6.240097 -2.7841644 7.9970093
-5.868759 -3.0364838 7.642334
-5.766403 -2.8317719 7.6828003
-5.9544525 -1.0488739 7.29718
-5.226059 -0.020553589 7.0353394
-5.2236786 -1.2345428 7.0401
-5.559311 -2.8746185 7.052002
-6.3376923 -3.4506683 8.282654
-7.163681 -3.1436005 9.401428
-7.087509 -2.3057098 9.9869995
-6.694748 -1.8677216 10.215515
-7.0970306 -1.3083344 9.92511
-7.3660126 -1.4654388 9.358582
-7.5397797 -1.7272797 9.068176
-6.70903 -1.5130463 8.508789
-3.8882904 -2.3795013 7.2543335
-5.328415 -1.8605804 8.83728
-5.8259125 -2.024826 9.325256
-7.746872 -3.9838715 9.701355
-8.541916 -4.2742767 8.918213
-7.6730804 -4.0981293 9.15387
-6.7233124 -4.5932465 9.718018
-6.668564 -5.290695 8.254089
-7.3541107 -4.9384003 6.578308
-7.2636566 -4.757492 7.313843
-6.728073 -5.7286835 9.296692
-7.277939 -4.5432587 10.56543
-7.4040985 -3.7410736 12.357849
-7.2231903 -2.569931 12.94104
-6.163925 -1.0631561 11.729431
-4.995163 -0.08720398 10.0703125
-4.942795 0.49360657 7.918457
-5.4164886 0.0460968 6.20459
-5.578354 -1.4225922 4.628784
-6.06633 -3.7958221 3.9122925
-2.7861786 -1.0131683 3.9384766
-2.4005585 -0.6608734 2.5792847
-4.1596527 0.10084534 6.0617676
-4.302475 0.4079132 9.063416
-3.507431 -2.0510101 11.512817
-3.9406586 -1.7344208 12.384033
-4.6642914 -0.049118042 11.681824
-4.252487 -0.18241882 11.267639
-4.238205 -0.45140076 11.40094
-5.116562 -0.4799652 11.186707
-5.7092743 -0.07292175 9.613281
-6.411484 1.003006 7.430481
-6.7423553 1.6695099 6.5307007
-4.650009 2.478836 7.173401
-3.5050507 0.8935089 8.842041
-2.269638 -2.6246796 5.7927856
-2.0030365 -4.5884857 3.7337646
-1.2936859 -6.514206 1.9127808
-1.6316986 -6.8117523 1.0177612
-1.5031586 -5.212143 0.9558716
-1.005661 -3.2673798 2.3412476
-0.21061707 -2.3604584 4.814453
0.10835266 -1.8343964 5.916565
0.35591125 -2.2604828 7.4352417
0.17024231 -2.3604584 8.027954
-0.31773376 -2.5556488 8.182678
-0.87950134 -2.69133 7.797058
-1.4555511 -1.8391571 6.352173
-1.7888031 -0.49900818 4.7454224
-1.531723 -0.06340027 4.6240234
-0.99375916 -1.5130463 6.0308228
-1.0532684 -2.653244 6.813965
-1.9316254 -2.993637 7.0401
-3.3622284 -4.7598724 8.32312
-4.9023285 -5.942917 7.904175
-6.0258636 -5.635849 5.716614
-6.561447 -6.097641 4.773987
-6.587631 -6.449936 4.0027466
-6.3710175 -6.2618866 3.5599976
-6.509079 -7.240219 4.569275
-7.375534 -7.9662323 4.6811523
-8.95134 -8.151901 5.404785
-11.146042 -10.594162 7.192444
-13.193161 -11.746262 6.290283
-14.511887 -11.310654 4.1431885
-14.285751 -10.891708 2.9291992
-12.648056 -9.782455 2.196045
-11.041306 -8.182846 1.5914307
-9.91539 -6.637985 0.8654175
-9.405991 -5.3049774 0.625
-8.875168 -4.1314545 0.26794434
-8.418137 -3.0793304 -0.039123535
-8.11821 -2.5080414 0.24176025
-8.149155 -2.8793793 1.3319702
-8.31102 -3.8767548 2.5150146
-8.651413 -5.892929 4.6311646
-9.20842 -7.9352875 4.255066
-10.669968 -7.9662323 2.184143
-11.724472 -7.9281464 1.5604858
-11.048447 -8.175705 2.0460815
-9.632126 -7.085495 1.6485596
-8.625229 -6.238083 1.7818604
-7.9753876 -5.519211 1.8151855
-7.4731293 -4.9003143 1.6366577
-7.085129 -4.4194794 1.3272095
-7.004196 -4.443283 1.6652222
-7.535019 -5.397812 2.6173706
-8.232468 -6.0309906 2.562622
-8.69426 -6.226181 1.9056396
-8.918015 -6.3047333 1.2724609
-8.875168 -6.0809784 0.90112305
-8.808517 -5.416855 0.9772949
-8.779953 -4.7931976 1.3748169
-8.88945 -4.160019 1.8366089
-9.408371 -3.7529755 2.6864014
-10.203415 -4.0219574 3.9813232
-10.615219 -4.493271 4.583557
-10.581894 -4.826523 4.140808
-10.6175995 -5.097885 3.7647095
-10.68663 -4.8836517 3.3933716
-11.091293 -4.4337616 3.1101074
-11.650681 -3.91008 2.9077759
-12.314804 -3.583969 2.7578125
-12.8242035 -3.4982758 2.8458862
-12.983688 -3.5101776 3.0839233
-12.814682 -3.4506683 3.9122925
-12.407639 -3.088852 4.743042
-11.855392 -3.0936127 5.9855957
-11.179367 -3.2697601 7.1757813
-10.29863 -3.519699 6.949646
-9.517868 -2.9698334 5.2095947
-9.563095 -2.6865692 4.5526123
-9.958237 -2.4509125 4.769226
-9.893967 -2.3866425 4.5526123
-9.553574 -2.5366058 4.243164
-9.0013275 -2.4294891 3.6218872
-8.496689 -2.4199677 3.1101074
-8.341965 -2.331894 2.7197266
-8.265793 -2.2200165 2.619751
-8.263412 -2.1176605 2.3293457
-8.50383 -2.5461273 2.619751
-9.170334 -2.9555511 3.0006104
-9.727341 -3.005539 2.8673096
-10.04155 -3.0840912 2.7435303
-10.032028 -3.1388397 2.6078491
-10.001083 -3.1364594 2.7601929
-9.993942 -3.3102264 3.31958
-9.867783 -3.1626434 3.7218628
-9.72496 -2.9341278 3.928955
-9.582138 -2.7389374 4.307434
-9.653549 -2.3437958 4.5978394
-9.703537 -1.9891205 4.4502563
-9.65593 -1.8224945 4.545471
-9.284592 -1.7653656 4.164612
-9.087021 -1.8415375 4.0408325
-8.601425 -1.812973 3.774231
-7.9111176 -1.6392059 3.3648071
-7.3517303 -1.5939789 3.3457642
-6.8780365 -1.5320892 3.1434326
-6.6399994 -1.620163 3.2886353
-6.309128 -1.812973 3.5290527
-6.1853485 -2.0129242 3.2196045
-6.080612 -2.5009003 3.164856
-5.899704 -2.9460297 3.1624756
-5.340317 -3.8053436 2.7506714
-5.471237 -3.6315765 4.102722
-5.68309 -3.7363129 3.7052002
-4.4357758 -4.2290497 2.9768066
-4.6976166 -3.8505707 2.691162
-5.925888 -4.019577 3.274353
-6.9089813 -4.250473 3.9194336
-7.2255707 -4.455185 2.914917
-7.0375214 -5.188339 2.876831
-6.96373 -5.124069 2.479309
-6.8851776 -5.0359955 2.619751
-6.918503 -4.974106 2.4697876
-6.7114105 -4.8431854 2.1531982
-6.406723 -4.571823 1.824707
-6.5186005 -4.8384247 1.7580566
-7.299362 -6.4975433 2.6554565
-8.353867 -7.680588 2.7649536
-9.044174 -8.358994 2.2079468
-8.625229 -8.801743 1.4152832
-8.008713 -8.832687 0.6416626
-7.8278046 -8.425644 0.24176025
-7.6421356 -7.6282196 0.2703247
-7.451706 -6.737961 0.6749878
-7.2231903 -6.021469 1.3914795
-6.944687 -5.5953827 2.0008545
-6.5495453 -5.488266 2.2626953
-6.3781586 -5.916733 2.6887817
-6.504318 -6.680832 3.312439
-6.997055 -7.0759735 3.3529053
-7.3898163 -7.304489 3.1243896
-7.4921722 -7.2687836 2.8149414
-7.380295 -6.956955 2.5269165
-7.2755585 -6.507065 2.4412231
-6.913742 -5.983383 1.991333
-6.887558 -5.89769 1.8104248
-7.6468964 -6.6451263 1.9318237
-8.563339 -7.5377655 1.3914795
-9.120346 -8.356613 0.51312256
-9.332199 -8.870773 0.13702393
-9.522629 -8.432785 -0.031982422
Time Stop = 1457237254
