Time Start = 5467
-1.1865692 3.497635 8.377869
-1.38414 3.5285797 8.506409
-1.6197968 3.523819 8.582581
-1.7245331 3.5023956 8.404053
-1.615036 3.383377 8.44928
-1.3032074 3.3214874 8.294556
-1.0128021 3.2762604 8.289795
-0.89616394 3.3333893 8.251709
-0.92710876 3.4238434 8.337402
-1.0746918 3.478592 8.335022
-1.1175385 3.5190582 8.311218
-1.0651703 3.5261993 8.301697
-0.98661804 3.4833527 8.211243
-0.9009247 3.3714752 8.273132
-0.87950134 3.311966 8.168396
-0.83665466 3.2238922 8.044617
-0.80332947 3.1739044 7.9351196
-0.7842865 3.1929474 7.820862
-0.7009735 3.1596222 7.589966
-0.64146423 3.1405792 7.5185547
-0.38676453 2.8977814 7.509033
-0.1582489 2.8454132 7.2924194
-0.13444519 2.509781 7.206726
-0.015426636 2.0075226 6.816345
0.008377075 1.8456573 6.366455
0.12263489 1.8575592 6.0355835
0.14167786 2.1265411 5.723755
0.12739563 2.3526764 5.590454
0.23213196 2.671646 5.5547485
0.443985 3.183426 5.5238037
0.62965393 3.395279 5.447632
0.88197327 3.0072784 5.3095703
0.9962311 2.8596954 5.17865
0.88435364 2.702591 4.9144287
0.58680725 2.2265167 5.1310425
0.053604126 1.0315704 6.161743
-0.8318939 -0.3561859 6.97583
-2.133957 -1.3130951 7.154358
-3.6121674 -2.0533905 7.335266
-5.0237274 -2.1128998 7.328125
-6.392441 -1.1131439 7.9089355
-7.439804 1.1767731 8.732544
-7.8706512 2.8477936 9.725159
-7.594528 3.266739 10.736816
-7.3541107 2.9049225 10.7630005
-7.504074 1.2910309 10.160767
-7.6873627 -0.6037445 9.760864
-7.5445404 -2.3437958 9.484741
-7.1613007 -3.538742 9.194336
-6.920883 -4.371872 8.737305
-7.1470184 -4.583725 8.5373535
-7.406479 -3.6839447 8.723022
-7.342209 -2.3866425 9.096741
-6.8399506 -1.2583466 9.406189
-6.5305023 -0.9750824 10.146484
-5.899704 -0.67515564 10.058411
-6.535263 -1.6273041 10.063171
-8.939438 -3.3054657 9.02771
-10.853256 -4.8312836 8.892029
-10.417648 -3.4149628 10.125061
-7.6992645 -1.203598 11.296204
-6.021103 0.2531891 11.836548
-5.340317 0.66023254 11.367615
-5.0832367 1.8218536 9.975098
-5.4212494 2.9263458 8.892029
-4.8761444 3.6952057 8.425476
-3.4122162 3.6642609 9.558533
-3.0670624 3.3286285 10.424988
-3.6026459 2.9834747 10.558289
-3.045639 1.5647736 11.7508545
-2.262497 0.88874817 12.122192
-2.595749 0.71736145 11.7508545
-2.8766327 0.36506653 11.389038
-2.3815155 -0.039596558 12.253113
-2.5481415 0.06990051 12.581604
-2.7361908 -1.0821991 13.252869
-3.2931976 -1.8915253 11.669922
-4.021591 -1.9748383 10.736816
-3.0527802 -0.20384216 10.198853
-3.238449 2.555008 9.127686
-3.6907196 3.1381989 8.542114
-3.1908417 2.914444 8.313599
-2.9194794 2.671646 8.808716
-2.5171967 2.426468 9.496643
-2.1934662 2.0860748 9.425232
-2.3386688 1.952774 9.425232
-2.307724 2.047989 9.579956
-2.2934418 2.3098297 9.318115
-2.5552826 2.5978546 9.141968
-2.4981537 2.8192291 8.953918
-2.5338593 2.4502716 8.839661
-2.5148163 2.2836456 9.1657715
-2.557663 2.388382 9.044373
-2.5695648 2.2836456 9.003906
-2.7004852 2.1789093 9.044373
-2.73143 2.278885 9.041992
-2.7909393 2.2098541 9.015808
-2.7909393 2.1241608 9.096741
-2.8195038 1.9123077 9.2300415
-2.8123627 1.9337311 9.0824585
-2.8314056 1.9313507 9.21814
-2.8575897 2.0003815 9.337158
-3.0051727 2.1074982 9.234802
-3.0361176 2.028946 9.208618
-3.1337128 2.0337067 9.170532
-3.1432343 2.062271 9.103882
-3.1527557 1.9361115 9.058655
-3.1622772 1.9099274 8.906311
-3.2931976 1.8837433 8.875366
-3.352707 1.8789825 8.739685
-3.4098358 1.740921 8.96344
-3.424118 1.6861725 8.956299
-3.5478973 1.5695343 8.884888
-3.6193085 1.5766754 8.83252
-3.6764374 1.4600372 8.89917
-3.7335663 1.3053131 8.968201
-3.8097382 1.1934357 8.939636
-3.7978363 1.0315704 9.032471
-3.8073578 0.9339752 9.072937
-3.8882904 0.83638 9.189575
-3.8121185 0.7649689 9.003906
-3.9216156 0.61024475 8.484985
-3.8525848 0.93873596 8.3255005
-3.571701 0.71736145 8.913452
-3.5812225 0.6578522 9.0896
-3.75737 0.5340729 9.184814
-3.8906708 0.28889465 9.375244
-3.9549408 0.3341217 9.291931
-4.0120697 0.4412384 9.3133545
-3.8930511 0.70069885 8.846802
-3.9906464 0.70783997 8.653992
-4.01445 0.5055084 8.499268
-4.2024994 0.35792542 8.570679
-4.521469 0.40315247 9.061035
-4.52623 0.31507874 9.739441
-4.27153 0.17463684 9.953674
-4.185837 0.01991272 10.101257
-4.0477753 -0.19908142 10.05365
-3.783554 -0.44425964 10.036987
-3.4312592 -0.66563416 10.025085
-3.0527802 -0.825119 9.613281
-2.943283 -0.8655853 9.1467285
-3.0551605 -0.7132416 8.477844
-3.4384003 -0.72276306 7.7161255
-3.9787445 -0.6370697 7.3638306
-4.571457 -0.34666443 7.316223
-4.880905 -0.19908142 7.444763
-5.033249 -0.075302124 7.8637085
-4.676193 -0.14195251 8.604004
-4.4286346 -0.3657074 9.1467285
-4.483383 -0.62516785 9.318115
-4.4214935 -0.8274994 9.013428
-4.1715546 -0.7941742 8.918213
-3.8525848 -0.55851746 8.984863
-3.8097382 -0.5132904 9.087219
-3.7335663 -0.5799408 9.408569
-3.5431366 -0.7441864 9.9227295
-3.397934 -0.7917938 10.067932
-3.3717499 -0.7775116 10.315491
-3.386032 -0.5870819 10.253601
-3.5955048 -0.4966278 9.979858
-3.776413 -0.50138855 9.484741
-3.9668427 -0.5394745 8.975342
-4.0501556 -0.4894867 8.632568
-4.0549164 -0.5228119 8.64209
-4.026352 -0.59898376 8.7039795
-4.038254 -0.59184265 8.806335
-4.0358734 -0.49900818 9.020569
-4.0501556 -0.51091003 9.013428
-4.1382294 -0.4894867 8.90155
-4.200119 -0.45854187 8.751587
-4.2596283 -0.46806335 8.549255
-4.33342 -0.5394745 8.494507
-4.411972 -0.53471375 8.32074
-4.483383 -0.66563416 8.370728
-4.309616 -0.66563416 8.5802
-4.4667206 -0.47758484 8.96106
-4.4452972 -0.49424744 9.21814
-4.135849 -0.93937683 9.280029
-3.7430878 -1.9105682 9.391907
-3.3836517 -2.4009247 9.299072
-3.109909 -2.2462006 9.370483
-2.9789886 -2.2604828 9.308594
-2.879013 -2.1033783 9.168152
-2.8694916 -1.8105927 9.35144
-3.1694183 -1.4130707 9.370483
-3.4669647 -1.120285 9.334778
-3.7359467 -0.8346405 9.308594
-3.9906464 -0.7465668 9.213379
-4.0430145 -0.8679657 9.103882
-3.9930267 -1.0607758 9.187195
-3.7097626 -1.2512054 9.168152
-3.519333 -1.3083344 9.439514
-3.359848 -1.1298065 9.715637
-3.3122406 -0.97746277 9.758484
-3.2241669 -1.0322113 9.682312
-3.1337128 -1.0441132 9.451416
-3.186081 -0.8536835 9.170532
-3.3289032 -0.8203583 9.001526
-3.4264984 -0.9179535 8.865845
-3.5597992 -0.9346161 8.801575
-3.6573944 -0.98698425 8.951538
-3.6050262 -0.91319275 9.444275
-3.443161 -0.78941345 10.077454
-3.3812714 -0.7441864 10.508301
-3.3717499 -0.81321716 10.958191
-3.3265228 -0.71562195 11.258118
-3.1956024 -0.7870331 11.136719
-3.250351 -0.9441376 10.551147
-3.302719 -1.2988129 9.718018
-3.340805 -1.5154266 8.634949
-3.397934 -1.6582489 7.6137695
-3.6645355 -1.4868622 6.7592163
-3.9811249 -1.075058 6.237915
-4.3715057 -0.6632538 6.430725
-4.5738373 -0.14195251 7.1829224
-4.4214935 0.5055084 8.123169
-4.252487 0.8054352 9.268127
-4.128708 0.80781555 10.05603
-4.276291 0.45314026 10.486877
-4.257248 -0.21336365 10.427368
-4.297714 -1.0702972 10.24646
-4.0691986 -1.6987152 10.003662
-3.9763641 -1.8415375 10.0703125
-3.9216156 -1.6082611 9.979858
-3.9454193 -1.3154755 9.663269
-4.0477753 -1.2345428 9.418091
-3.9906464 -1.2702484 9.339539
-3.9287567 -1.1893158 9.115784
-4.0311127 -1.1940765 8.9991455
-4.1191864 -1.177414 8.792053
-4.1334686 -1.158371 8.437378
-4.264389 -1.0869598 8.151733
-4.4524384 -1.075058 8.108887
-4.3881683 -1.1440887 8.123169
-4.404831 -1.0131683 8.168396
-4.4357758 -0.79893494 8.401672
-4.4714813 -0.5775604 8.584961
-4.442917 -0.50852966 8.618286
-4.481003 -0.65849304 8.594482
-4.4714813 -0.9250946 8.565918
-4.26915 -1.2631073 8.38739
-4.321518 -1.6273041 8.634949
-4.404831 -1.6701508 8.718262
-4.481003 -1.5225677 9.087219
-4.4286346 -1.3559418 9.437134
-4.378647 -1.120285 9.463318
-4.3619843 -0.9488983 9.449036
-4.150131 -1.0821991 9.434753
-4.002548 -1.1440887 9.122925
-4.1786957 -0.7941742 8.427856
-4.488144 -0.69181824 8.26123
-4.759506 -0.5228119 8.092224
-4.7214203 -0.36332703 8.13031
-4.5809784 -0.65849304 8.363586
-4.642868 -1.1869354 8.711121
-4.7809296 -1.5535126 8.849182
-4.8071136 -1.6701508 8.96106
-4.6000214 -1.7225189 9.28479
-4.1406097 -1.8034515 9.113403
-4.1596527 -1.9177094 9.041992
-4.3238983 -1.8629608 8.906311
-4.3429413 -1.9915009 8.887268
-4.354843 -2.2057343 8.692078
-4.2620087 -2.2842865 8.292175
-4.2286835 -1.9938812 8.237427
-4.3048553 -1.9486542 8.744446
-3.9763641 -1.9653168 9.056274
-3.7978363 -1.8915253 9.096741
-3.9335175 -1.9010468 9.251465
-4.123947 -1.7748871 9.2300415
-4.1953583 -1.5963593 8.984863
-4.2429657 -1.5487518 8.939636
-4.3048553 -1.5059052 8.996765
-4.3453217 -1.4844818 8.677795
-4.423874 -1.3488007 8.463562
-4.507187 -1.2988129 8.461182
-4.46434 -1.2250214 8.511169
-4.2215424 -1.0774384 8.96582
-4.0168304 -0.9250946 9.425232
-3.9811249 -0.81321716 9.879883
-4.021591 -0.7584686 10.101257
-4.128708 -0.84654236 10.017944
-4.2024994 -0.99650574 9.820374
-4.3715057 -1.1916962 9.60614
-4.552414 -1.158371 9.437134
-4.676193 -1.1321869 9.444275
-4.733322 -0.97984314 9.518066
-4.7618866 -0.8084564 9.653748
-4.7999725 -0.5799408 9.625183
-4.8499603 -0.5228119 9.28479
-4.757126 -0.72514343 8.932495
-4.7023773 -0.95365906 8.5563965
-4.6262054 -1.203598 8.213623
-4.7095184 -1.2940521 7.994629
-4.699997 -1.3464203 8.113647
-4.438156 -1.1440887 8.349304
-4.297714 -1.0893402 8.5563965
-4.352463 -1.2488251 8.699219
-4.521469 -1.3297577 8.565918
-4.635727 -1.3178558 8.38501
-4.7690277 -1.120285 8.211243
-4.9665985 -0.90605164 8.016052
-5.066574 -0.6394501 8.116028
-4.949936 -0.44187927 8.220764
-4.9546967 -0.36808777 8.434998
-4.9856415 -0.3728485 8.442139
-4.957077 -0.40141296 8.520691
-4.9166107 -0.529953 8.587341
-4.949936 -0.5537567 8.646851
-4.9975433 -0.47044373 8.487366
-5.1189423 -0.37522888 8.346924
-5.1784515 -0.27763367 8.3064575
-5.1594086 -0.1847992 8.332642
-5.1260834 -0.25621033 8.380249
-5.137985 -0.34666443 8.454041
-5.195114 -0.53471375 8.518311
-5.157028 -0.74894714 8.525452
-5.1594086 -0.760849 8.627808
-5.2284393 -0.6703949 8.727783
-5.180832 -0.6442108 8.661133
-5.111801 -0.76560974 8.594482
-5.1189423 -0.7679901 8.444519
-5.142746 -0.8417816 8.411194
-5.387924 -0.7513275 8.423096
-5.392685 -0.37760925 8.346924
-5.1665497 -0.21336365 8.551636
-5.073715 8.69751E-4 8.611145
-5.1141815 0.46980286 8.480225
-4.990402 0.605484 8.658752
-5.014206 0.6792755 8.532593
-5.2093964 0.53645325 8.382629
-5.2046356 0.38648987 8.230286
-5.5259857 0.0627594 8.106506
-5.8378143 0.19844055 7.732788
-5.978256 -0.28953552 8.037476
-5.4545746 -1.0607758 8.085083
-5.911606 -1.3845062 7.8256226
-6.470993 -1.0226898 8.701599
-5.7306976 -0.23716736 9.582336
-5.195114 -0.058639526 10.010803
-5.161789 -0.23240662 9.3776245
-5.2665253 -0.29429626 8.758728
-5.3260345 -0.122909546 8.294556
-5.135605 0.2769928 8.039856
-5.218918 0.6649933 8.125549
-5.4093475 0.9863434 8.139832
-5.4426727 1.6361847 7.48999
-6.373398 1.7956696 7.1138916
-6.89946 1.5576324 6.828247
-6.9875336 1.1601105 7.1376953
-6.3138885 0.5626373 7.501892
-6.6971283 0.89112854 6.8496704
-7.7135468 0.8530426 7.194824
-7.175583 0.25556946 8.00415
-6.221054 -0.3157196 8.599243
-5.8854218 -0.33000183 8.246948
-6.504318 -0.096725464 7.9208374
-6.5947723 0.2936554 7.9541626
-6.232956 0.08894348 8.375488
-5.4879 0.01991272 8.1588745
-5.675949 0.0460968 7.654236
-6.028244 0.38172913 7.128174
-6.1996307 0.8863678 7.0353394
-6.111557 1.5861969 7.1638794
-5.323654 1.2172394 7.3757324
-5.437912 1.3053131 7.142456
-6.187729 1.381485 6.840149
-6.2305756 0.9458771 7.0543823
-5.752121 0.66737366 7.354309
-5.7735443 0.59358215 7.5614014
-6.182968 0.86494446 7.5828247
-6.475754 1.1006012 7.804199
-6.2186737 1.1648712 7.8946533
-6.0687103 1.317215 8.016052
-6.0449066 1.5814362 7.8256226
-6.028244 1.5719147 7.801819
-5.8782806 1.5005035 7.611389
-5.8782806 1.5147858 7.4400024
-5.9925385 1.6695099 7.270996
-6.228195 1.7885284 7.1519775
-6.356735 1.7813873 7.130554
-6.1996307 1.4481354 7.2876587
-6.38768 1.2862701 7.199585
-6.587631 1.1148834 7.2210083
-6.478134 0.9601593 7.5542603
-6.349594 1.0434723 7.713745
-6.316269 1.1291656 7.539978
-6.5685883 1.260086 7.347168
-6.7375946 1.3481598 7.194824
-6.6852264 1.2910309 7.1519775
-6.5257416 1.2553253 7.1067505
-6.470993 1.1767731 7.1376953
-6.316269 1.0601349 7.149597
-6.3972015 1.1386871 7.0234375
-6.501938 1.2434235 7.0162964
-6.4424286 1.426712 7.021057
-6.6209564 1.5600128 7.128174
-6.5947723 1.7290192 7.044861
-6.459091 1.6718903 7.097229
-6.4043427 1.4290924 7.078186
-6.444809 1.2196198 6.982971
-6.4686127 1.1363068 6.937744
-6.4424286 1.1791534 7.047241
-6.587631 1.4171906 7.16626
-6.689987 1.6195221 7.1972046
-6.670944 1.7099762 7.290039
-6.611435 1.6242828 7.2662354
-6.6019135 1.4100494 7.259094
-6.5900116 1.2648468 7.1757813
-6.4947968 1.2100983 7.244812
-6.540024 1.2243805 7.0686646
-6.5566864 1.3576813 6.8568115
-6.535263 1.4695587 6.771118
-6.623337 1.4814606 6.8710938
-6.735214 1.5766754 7.0877075
-6.8708954 1.7313995 7.463806
-6.766159 1.8147125 7.6185303
-6.459091 1.8266144 7.597107
-6.501938 1.8813629 7.463806
-6.535263 2.0027618 7.3376465
-6.470993 2.0670319 7.052002
-6.478134 1.9765778 6.961548
-6.490036 1.8099518 6.752075
-6.4947968 1.6171417 6.7854004
-6.437668 1.6219025 6.78302
-6.509079 1.6837921 6.9091797
-6.6399994 1.805191 6.9520264
-6.7566376 2.0884552 6.9472656
-6.6661835 2.164627 7.0496216
-6.6209564 1.9575348 7.0115356
-6.6471405 1.7813873 6.9924927
-6.713791 1.6242828 7.0091553
-6.687607 1.6814117 7.0186768
-6.668564 1.7837677 7.044861
-6.747116 1.9123077 6.9139404
-6.7994843 1.8480377 6.6949463
-6.7494965 1.8575592 6.6520996
-6.739975 1.8742218 6.6759033
-6.816147 1.9813385 6.6592407
-6.7756805 2.0122833 6.7806396
-6.592392 1.8932648 6.91156
-6.5971527 1.824234 6.8615723
-6.6090546 1.8194733 6.8306274
-6.6138153 1.9289703 6.6949463
-6.7828217 2.0003815 6.685425
-6.7613983 1.9837189 6.6568604
-6.732834 2.0313263 6.692566
-6.6614227 1.9956207 6.7806396
-6.6733246 2.0194244 6.8877563
-6.637619 2.0860748 6.8829956
-6.656662 2.138443 6.84729
-6.7114105 2.0503693 6.661621
-6.70903 2.0075226 6.518799
-6.6995087 1.9503937 6.564026
-6.7613983 1.869461 6.6901855
-6.7042694 1.7575836 6.809204
-6.7185516 1.7099762 6.8948975
-6.7685394 1.6433258 6.949646
-6.830429 1.7504425 6.942505
-6.8470917 1.8647003 6.963928
-6.7685394 1.9027863 7.0543823
-6.778061 1.9027863 6.852051
-6.804245 1.8837433 6.771118
-6.778061 1.8527985 6.733032
-6.7613983 1.9123077 6.7544556
-6.6733246 1.8908844 6.794922
-6.668564 1.9789581 6.7806396
-6.675705 1.9503937 6.711609
-6.694748 1.9194489 6.6973267
-6.7566376 1.9551544 6.744934
-6.7185516 1.8980255 6.7782593
-6.618576 1.7671051 6.78302
-6.6804657 1.805191 6.775879
-6.7756805 1.8908844 6.816345
-6.6923676 1.8147125 6.813965
-6.7233124 1.8028107 6.8496704
-6.7947235 1.7980499 6.930603
-6.759018 1.8861237 7.1210327
-6.747116 1.9599152 7.16864
-6.6923676 1.8980255 7.187683
-6.6780853 1.869461 7.025818
-6.6971283 1.8194733 6.9972534
-6.670944 1.7885284 6.8615723
-6.6852264 1.7885284 6.816345
-6.663803 1.9099274 6.8829956
-6.6614227 1.8575592 6.8187256
-6.7233124 1.8837433 6.8496704
-6.6519012 1.8789825 6.8710938
-6.6423798 1.888504 6.9924927
-6.592392 1.8170929 6.9591675
-6.604294 1.8123322 6.949646
-6.592392 1.8813629 6.9972534
-6.623337 1.8742218 6.9782104
-6.64476 1.8361359 6.9782104
-6.6995087 1.8599396 7.0234375
-6.656662 1.8504181 7.0401
-6.623337 1.8385162 7.1376953
-6.6328583 1.8337555 7.1400757
-6.6519012 1.8408966 7.1257935
Time Stop = 5472
