Time Start = 1457237158
-4.547653 -0.38713074 8.446899
-4.957077 -0.42759705 8.368347
-5.0689545 -0.7275238 8.856323
-5.2236786 -1.1060028 9.829895
-5.342697 -1.3130951 10.658264
-5.452194 -1.3559418 10.855835
-5.464096 -1.1250458 10.5963745
-5.4331512 -1.0821991 10.132202
-5.3522186 -1.3345184 9.587097
-5.2617645 -1.7106171 9.291931
-4.9094696 -2.1866913 9.084839
-4.5119476 -2.2866669 9.006287
-4.07872 -2.081955 9.487122
-3.923996 -2.1795502 10.541626
-4.1072845 -2.300949 11.174805
-4.4072113 -2.3271332 11.029602
-4.547653 -2.0153046 10.320251
-4.416733 -1.3630829 9.565674
-4.219162 -1.2845306 9.529968
-3.7145233 -1.0393524 9.634705
-3.109909 -0.76560974 9.827515
-2.60289 -0.14433289 10.203613
-2.167282 0.11512756 11.053406
-2.0149384 0.027053833 11.686584
-2.0625458 0.015151978 11.829407
-2.167282 -0.1348114 11.65802
-2.2267914 -0.17289734 11.001038
-2.0220795 -0.08482361 10.472595
-1.5412445 0.22224426 10.232178
-0.9961395 0.64356995 10.410706
-0.41532898 1.0172882 10.446411
0.0155181885 1.1791534 10.401184
0.23213196 0.81733704 10.75824
0.18928528 0.78401184 10.682068
0.14167786 0.8720856 10.896301
0.21784973 1.1767731 11.174805
0.46302795 1.5362091 11.036743
0.77485657 1.631424 10.924866
0.97242737 1.6052399 11.067688
0.9867096 1.7433014 11.162903
0.6153717 2.3193512 11.101013
0.17738342 2.8144684 11.227173
0.013137817 3.1239166 10.867737
-0.029708862 3.292923 10.24408
0.17500305 3.14534 9.879883
0.2940216 2.9501495 9.929871
0.508255 2.6859283 10.008423
0.6415558 2.8477936 10.029846
0.7153473 3.1358185 9.894165
0.6391754 3.709488 9.227661
0.46302795 4.1617584 8.575439
0.57014465 4.2569733 8.301697
0.89863586 4.2664948 8.201721
1.0414581 4.378372 8.304077
0.94862366 4.3045807 8.342163
0.96528625 4.2212677 8.3255005
1.3009186 4.049881 8.282654
1.3318634 4.1236725 7.8184814
0.97242737 4.3617096 7.3828735
0.5749054 4.421219 7.078186
0.46064758 4.4521637 6.65448
0.49873352 4.5735626 6.7401733
0.85816956 4.6687775 6.692566
1.0747833 4.8092194 6.7592163
1.1104889 4.9520416 6.518799
1.2128448 4.8473053 6.533081
1.3580475 4.833023 6.6140137
0.99147034 4.8115997 5.9379883
1.3366241 4.999649 6.0689087
1.4794464 5.056778 5.6690063
1.1652374 5.320999 5.4642944
0.95814514 5.6375885 5.3952637
0.9224396 5.749466 5.2738647
0.9129181 5.589981 5.2667236
0.9105377 5.3686066 5.4262085
0.99147034 5.2091217 5.4404907
1.0581207 5.2710114 5.4642944
1.0509796 5.4709625 5.1762695
0.886734 5.5209503 5.24292
0.85102844 5.461441 4.326477
1.3128204 6.0017853 4.4954834
1.2699738 5.9851227 4.557373
0.92481995 6.4921417 3.729004
0.71058655 6.570694 3.081543
0.7153473 6.396927 2.7982788
0.62965393 6.2517242 2.8649292
0.5891876 6.4016876 2.9458618
0.803421 6.558792 3.0982056
1.0128937 6.7730255 3.1767578
1.1295319 6.975357 3.4624023
1.1271515 7.263382 3.300537
0.99147034 7.384781 3.088684
1.155716 7.2205353 3.31958
1.1699982 7.191971 3.5195313
1.1914215 7.237198 3.6932983
1.0628815 7.3109894 3.838501
1.0009918 7.3514557 4.107483
0.85102844 7.4918976 4.376465
0.9295807 7.558548 4.524048
0.9557648 7.7918243 4.647827
0.8772125 8.094131 4.5859375
0.76771545 8.251236 4.4764404
0.73677063 8.248856 4.34552
0.7891388 8.015579 4.497864
0.8296051 7.82753 4.807312
0.78437805 7.7537384 4.9644165
0.80104065 7.675186 4.940613
0.75819397 7.6966095 4.8930054
0.63679504 7.860855 4.762085
0.59394836 8.034622 4.4954834
0.46302795 8.108414 4.1122437
0.37257385 7.879898 3.9694214
0.3368683 7.815628 3.7242432
0.35353088 7.6132965 3.8980103
0.42494202 7.525223 4.114624
0.6082306 7.4966583 4.4240723
0.73439026 7.584732 4.6502075
0.803421 7.718033 4.781128
0.9105377 7.846573 4.716858
0.8629303 7.9917755 4.7835083
0.9224396 8.125076 4.826355
1.0747833 8.120316 5.0786743
1.0843048 8.120316 5.147705
1.2271271 8.056046 5.3619385
1.2937775 8.08223 5.454773
1.3818512 8.115555 5.576172
1.3199615 8.270279 5.654724
1.3532867 8.153641 5.7856445
1.1938019 8.039383 5.8737183
1.1795197 7.9584503 5.859436
1.200943 7.951309 5.8427734
1.1795197 7.8489532 6.01178
1.2033234 7.8370514 6.192688
1.1652374 7.82753 6.199829
1.1485748 7.8894196 6.2212524
1.1152496 8.044144 6.026062
1.1057281 8.058426 6.0689087
0.951004 8.1584015 5.738037
0.82722473 8.110794 5.6523438
0.7153473 8.106033 5.30719
0.64393616 8.115555 5.3476563
0.59394836 8.1393585 5.250061
0.7296295 7.9394073 5.3048096
0.803421 7.675186 5.5285645
0.8129425 7.6466217 5.447632
0.9200592 7.5871124 5.2976685
0.9295807 7.5490265 5.140564
0.905777 7.3443146 5.0286865
0.9962311 7.2086334 4.9691772
0.9557648 7.213394 4.966797
0.78437805 7.372879 4.776367
0.5177765 7.5442657 4.2003174
0.739151 7.2919464 4.2574463
0.88435364 7.096756 4.524048
1.0795441 7.115799 4.9144287
1.2556915 7.051529 5.012024
1.303299 7.2467194 5.057251
1.3413849 7.3681183 5.019165
1.3747101 7.275284 5.0215454
1.0962067 7.463333 5.045349
1.2723541 7.3514557 3.8908691
1.162857 7.6466217 4.6359253
1.4651642 7.4847565 4.750183
1.515152 7.5561676 4.9382324
1.3723297 7.513321 4.92157
1.7222443 7.4776154 4.9191895
1.5746613 7.739456 4.807312
1.5246735 7.801346 4.6502075
1.5056305 7.872757 4.3740845
1.4627838 7.7227936 4.4645386
1.5246735 7.808487 4.526428
1.5199127 7.7942047 4.6026
1.5818024 7.777542 4.481201
1.6270294 7.584732 4.5549927
1.7174835 7.4847565 4.6573486
1.9674225 7.3752594 4.8549194
2.0745392 7.353836 4.904907
2.1102448 7.194351 4.9691772
2.003128 7.1062775 5.023926
2.1530914 7.039627 4.981079
2.1340485 7.172928 5.0405884
2.0888214 7.3109894 5.0025024
2.1768951 7.172928 4.9644165
2.1602325 7.103897 4.92395
2.253067 7.0991364 5.140564
2.3197174 7.211014 5.019165
2.2816315 7.4014435 4.79541
2.2316437 7.3133698 4.7192383
2.2578278 7.077713 4.7073364
2.3863678 6.8825226 5.0429688
2.4054108 6.86586 5.1167603
2.5791779 6.8563385 5.283386
2.5577545 7.013443 5.223877
2.7029572 6.8706207 5.1167603
2.6720123 6.7658844 5.1119995
2.6743927 6.744461 5.2405396
2.522049 6.892044 4.959656
2.4530182 6.8491974 4.8049316
2.426834 6.794449 4.9644165
2.4792023 6.794449 5.2143555
2.631546 6.9586945 5.402405
2.688675 6.8039703 5.4761963
2.7100983 6.661148 5.404785
2.6910553 6.646866 5.416687
2.733902 6.7016144 5.716614
2.7315216 7.0753326 5.492859
2.5387115 7.1824493 5.0977173
2.3697052 7.0919952 4.9382324
2.329239 6.8253937 5.133423
2.3506622 6.782547 5.390503
2.445877 6.8111115 5.538086
2.4506378 6.7992096 5.5785522
2.4625397 6.751602 5.6237793
2.5125275 6.7206573 5.621399
2.6029816 6.627823 5.954651
2.6743927 6.6706696 6.2617188
2.631546 6.980118 6.454529
2.445877 7.532364 5.031067
2.2578278 7.487137 4.6359253
1.9174347 7.3371735 4.293152
1.5437164 7.218155 3.9908447
1.3699493 7.0681915 4.1289063
1.3366241 6.827774 4.6192627
1.5579987 6.7468414 5.2976685
1.662735 6.8872833 5.8618164
1.7222443 7.1657867 5.992737
1.8722076 7.289566 6.052246
1.8674469 7.353836 6.0046387
1.7508087 7.2419586 5.930847
1.6413116 7.296707 5.718994
1.329483 7.3871613 4.7454224
1.1342926 7.1848297 4.6835327
1.1200104 6.982498 5.0429688
1.3318634 6.9515533 5.5214233
1.4794464 7.111038 5.7523193
1.431839 7.2990875 5.795166
1.5127716 7.3133698 5.745178
1.4627838 7.2086334 5.704712
1.3199615 7.1015167 5.3619385
1.1699982 7.1062775 5.2976685
1.162857 7.2490997 5.064392
1.162857 7.3562164 5.1810303
1.1771393 7.463333 5.171509
1.2271271 7.4847565 5.3119507
1.2295074 7.5371246 5.428589
1.2152252 7.6442413 5.571411
1.2080841 7.756119 5.647583
1.3390045 7.725174 5.595215
1.2247467 7.784683 5.514282
1.1676178 8.013199 5.3928833
1.0771637 8.186966 5.219116
0.99147034 8.253616 5.026306
0.90815735 8.1465 4.9120483
0.8462677 8.01796 4.981079
0.87483215 8.032242 5.133423
0.94862366 8.0750885 5.3095703
0.98194885 8.08461 5.3048096
0.9795685 8.039383 5.4452515
0.8795929 8.01796 5.2262573
0.8319855 7.9584503 5.2095947
0.7224884 7.8489532 5.173889
0.62965393 7.841812 5.0429688
0.52253723 7.9156036 5.219116
0.58680725 8.02272 5.2214966
0.6344147 7.9608307 5.37146
0.62013245 7.884659 5.480957
0.5391998 7.951309 5.4904785
0.5249176 7.982254 5.507141
0.5011139 7.951309 5.4333496
0.5582428 7.9394073 5.2262573
0.61299133 8.072708 5.133423
0.60346985 8.177444 4.800171
0.56062317 8.217911 4.723999
0.54634094 8.206009 4.845398
0.6463165 8.198868 4.942993
0.71058655 8.15126 4.9001465
0.7320099 8.129837 4.904907
0.6486969 8.129837 4.9263306
0.7153473 8.015579 4.902527
0.85102844 7.865616 5.004883
0.89149475 7.879898 4.6882935
0.803421 7.782303 4.4312134
0.7248688 7.6371 4.08844
0.7129669 7.430008 4.15271
0.8319855 7.2610016 4.455017
0.9867096 7.168167 4.821594
1.0890656 7.12294 5.026306
1.200943 7.1062775 5.071533
1.3175812 7.1134186 5.0620117
1.4175568 7.1205597 5.026306
1.477066 7.0539093 4.878723
1.3961334 7.1324615 4.5073853
1.3271027 7.2490997 4.416931
1.2176056 7.44429 4.2003174
1.2794952 7.4133453 4.4264526
1.4080353 7.282425 4.7025757
1.6175079 7.1657867 5.0786743
1.7412872 7.232437 5.088196
1.8436432 7.2157745 4.973938
1.8436432 7.194351 4.928711
1.7127228 7.3562164 5.012024
1.6508331 7.3871613 4.845398
1.6984406 7.2800446 4.7716064
1.6936798 7.168167 4.935852
1.5841827 7.115799 5.057251
1.4556427 7.12294 4.9763184
1.4151764 7.0991364 4.92157
1.3604279 7.153885 4.8168335
1.3271027 7.2157745 4.7716064
1.3199615 7.0824738 4.9310913
1.2913971 6.975357 4.769226
1.2580719 6.820633 4.7025757
1.24617 6.8063507 4.626404
1.3152008 6.8063507 4.6311646
1.3009186 6.8634796 4.819214
1.3009186 7.134842 4.300293
1.2057037 7.0872345 4.4526367
1.0819244 7.108658 4.3431396
0.9295807 6.93013 4.0075073
0.8296051 6.873001 4.190796
0.79389954 6.8063507 4.395508
0.9033966 6.832535 4.5549927
0.95814514 6.9586945 4.7216187
1.0914459 6.999161 4.8025513
1.1247711 7.0372467 4.871582
1.0962067 7.051529 4.9786987
1.1652374 7.063431 5.121521
1.1271515 7.237198 5.0286865
1.0509796 7.2681427 4.709717
0.88197327 7.1181793 4.6430664
0.7296295 6.9944 4.53833
0.72010803 6.9325104 4.5549927
0.8058014 7.0729523 4.9501343
0.96528625 6.9729767 5.338135
1.0081329 7.0110626 5.673767
1.0462189 7.141983 5.288147
0.8629303 6.911087 5.321472
0.655838 6.5944977 5.4761963
0.61299133 6.301712 5.685669
0.5511017 6.256485 5.9641724
0.44874573 6.5159454 6.4592896
0.39875793 6.570694 7.066284
0.43922424 6.558792 7.2352905
0.57014465 6.6754303 6.9782104
0.57966614 6.770645 6.5426025
0.42256165 6.7158966 5.8427734
0.22261047 6.730179 5.5856934
0.28926086 6.692093 5.840393
0.47969055 6.7920685 6.083191
0.6058502 6.9467926 6.321228
0.739151 7.084854 6.404541
0.89149475 6.949173 6.5354614
0.9462433 6.680191 6.6711426
0.8391266 6.3993073 6.7401733
0.6463165 6.2588654 6.9972534
0.4749298 6.3231354 6.7592163
0.28450012 6.5921173 5.6237793
0.12501526 6.6778107 4.7216187
0.08216858 6.442154 4.7597046
0.10359192 6.1136627 5.1191406
0.20594788 5.866104 6.033203
0.4511261 5.8184967 6.859192
0.88435364 5.806595 7.3519287
1.1247711 5.787552 7.573303
1.1104889 5.949417 7.756592
0.8462677 6.1184235 7.8303833
0.3939972 6.4278717 6.0879517
-0.23918152 6.4278717 5.88562
-0.646225 6.501663 5.871338
-0.5700531 6.1707916 6.692566
0.10359192 5.9636993 7.544739
0.89149475 5.7470856 8.294556
1.3604279 5.911331 8.913452
1.072403 6.1945953 8.863464
0.4677887 6.570694 8.673035
0.3273468 6.911087 8.668274
0.66059875 6.7158966 9.077698
0.89863586 6.173172 9.046753
0.6153717 6.058914 8.268372
-0.11064148 5.820877 7.3947754
-0.77238464 5.5161896 6.821106
-1.0580292 5.178177 7.2471924
-0.62242126 4.992508 8.32074
0.075027466 4.999649 9.070557
0.38209534 4.9591827 9.34906
0.30592346 4.9901276 9.341919
0.22261047 5.07106 8.946777
0.31782532 4.935379 8.777771
0.3939972 4.697342 8.618286
0.40827942 4.378372 8.632568
0.1464386 4.247452 8.718262
-0.25346375 4.3736115 7.828003
-0.7985687 4.480728 6.9067993
-1.0508881 4.17128 6.9710693
-0.9056854 3.864212 7.482849
-0.57481384 3.7332916 8.12793
-0.25584412 3.8618317 8.611145
-0.21775818 3.8689728 8.761108
-0.33439636 3.7451935 8.582581
-0.59861755 3.5404816 8.413574
-0.81285095 3.0096588 9.22052
-0.9889984 2.5788116 9.358582
-1.172287 2.4883575 9.061035
-1.1603851 2.8858795 8.668274
-0.9675751 3.2500763 8.337402
-0.55101013 3.633316 7.8589478
-0.26060486 3.8999176 7.7042236
0.0155181885 4.2522125 7.5494995
0.22975159 4.3664703 7.468567
0.22499084 4.3878937 7.654236
0.06074524 4.7211456 7.668518
-0.3224945 4.8163605 7.2733765
-0.73905945 4.518814 7.3638306
-1.088974 4.1308136 7.42572
-1.281784 3.678543 7.3328857
-1.3293915 3.5547638 7.544739
-1.3508148 3.3357697 7.6851807
-1.338913 2.7811432 7.718506
-1.2436981 2.1598663 7.589966
-0.9651947 1.8908844 8.032715
-0.7914276 2.3383942 8.075562
-0.69621277 2.497879 8.951538
-0.7009735 2.6859283 10.239319
-0.8176117 2.8001862 11.807983
-1.1056366 2.709732 12.49115
-1.4603119 3.0406036 12.631592
-1.8483124 3.2072296 12.522095
-2.1458588 3.3714752 12.405457
-2.3696136 3.2905426 12.136475
-2.455307 3.0144196 11.558044
-2.5695648 2.766861 10.774902
-2.6814423 2.2979279 9.489502
-3.0789642 1.4243317 8.646851
-3.50029 0.30555725 8.396912
-3.7430878 -0.4799652 8.604004
-3.9906464 -0.9584198 9.249084
-3.9811249 -0.87034607 9.887024
-3.7692719 -0.529953 10.396423
-3.2860565 0.1698761 10.6796875
-2.7361908 0.77211 10.586853
-2.3838959 0.8792267 10.770142
-2.3101044 0.6459503 10.784424
-2.512436 0.15083313 10.265503
-2.7647552 -0.5466156 9.601379
-2.8813934 -1.1536102 9.015808
-2.8575897 -1.2393036 8.57782
-2.724289 -1.0131683 8.027954
-2.769516 -0.47758484 8.035095
-2.943283 -0.16575623 8.189819
-3.0146942 -0.23240662 8.849182
-3.0432587 -0.3419037 9.182434
-3.0313568 -0.61564636 9.210999
-3.0503998 -0.77989197 9.058655
-3.0361176 -0.90367126 9.001526
-3.0289764 -0.9346161 8.951538
-3.0742035 -0.7441864 8.839661
-3.155136 -0.49424744 8.530212
-3.2860565 -0.31333923 8.227905
-3.4098358 -0.2823944 7.8898926
-3.5288544 -0.54185486 8.125549
-3.4098358 -1.4321136 9.891785
-3.3693695 -3.0531464 13.717041
-4.090622 -5.2169037 16.230713
-4.9356537 -2.7317963 13.605164
-4.6381073 -0.21098328 10.691589
-4.1001434 -0.5966034 10.420227
-3.1979828 0.18891907 9.337158
-2.2767792 0.16035461 9.846558
-1.9054413 -0.56565857 10.344055
-2.1649017 -1.1250458 10.494019
-2.750473 -1.3821259 10.446411
-3.269394 -1.4011688 10.125061
-3.3812714 -0.92985535 9.822754
-3.1146698 -0.51805115 9.782288
-2.7671356 -0.25382996 9.841797
-2.53862 -0.032455444 9.956055
-2.6266937 0.03895569 9.932251
-3.0765839 0.08656311 9.770386
-3.6121674 -0.037216187 9.465698
-4.038254 -0.23478699 9.006287
-4.2620087 -0.3895111 8.394531
-4.231064 -0.6037445 8.046997
-4.2215424 -0.696579 7.6661377
-4.1596527 -0.80607605 7.6375732
-4.302475 -0.9655609 7.9613037
-4.4072113 -1.0655365 8.523071
-4.5428925 -1.1179047 9.039612
-4.699997 -1.0084076 9.499023
-4.7285614 -0.88938904 9.791809
-4.630966 -0.8846283 9.92749
-4.4524384 -0.9179535 9.872742
-4.3262787 -0.87986755 9.639465
-4.2596283 -0.844162 9.35144
-4.1120453 -0.7037201 9.194336
-3.9287567 -0.66563416 9.013428
-3.7216644 -0.69181824 9.011047
-3.424118 -0.7751312 9.063416
-3.302719 -0.96318054 9.232422
-3.2622528 -0.9179535 9.644226
-3.43602 -0.825119 9.825134
Time Stop = 1457237162
