Time Start = 1457235917
1.5127716 -0.70848083 8.951538
0.10121155 0.57691956 9.420471
-0.02494812 1.3910065 9.98938
0.6248932 1.5028839 10.267883
1.1961823 1.1029816 10.267883
1.3128204 0.41981506 10.103638
1.1580963 -0.11576843 9.86322
0.8367462 -0.35856628 9.687073
0.7129669 -0.36332703 9.696594
0.7058258 -0.29667664 9.632324
0.77485657 -0.025314331 9.610901
0.74391174 0.19367981 9.625183
0.674881 0.37934875 9.577576
0.69392395 0.46980286 9.565674
0.7653351 0.44599915 9.496643
1.0105133 0.4912262 9.3776245
1.1485748 0.5816803 9.356201
1.1819 0.94825745 9.432373
1.1699982 1.3695831 9.499023
1.072403 1.7099762 9.127686
0.7700958 1.612381 9.09436
0.58680725 1.3291168 9.115784
0.57966614 1.2410431 9.125305
0.66773987 1.2624664 9.182434
0.57728577 1.1624908 9.515686
0.2035675 0.6816559 9.994141
-0.248703 0.46028137 10.446411
-0.5272064 0.35316467 10.489258
-0.9318695 0.3341217 10.265503
-1.3865204 0.06513977 10.451172
-1.6459808 -0.3657074 11.008179
-2.2767792 -0.99412537 11.941284
-2.8171234 -1.4773407 12.479248
-3.3431854 -1.3559418 11.677063
-3.6764374 -1.4844818 11.158142
-4.188217 -2.0986176 11.322388
-3.8097382 -2.3461761 10.95105
-3.6193085 -2.7056122 10.739197
-4.116806 -3.5815887 10.836792
-5.071335 -4.0100555 9.896545
-6.3972015 -4.6265717 10.096497
-6.099655 -5.390671 11.024841
-6.156784 -5.790573 10.551147
-5.8378143 -6.426132 10.344055
-6.187729 -6.6594086 9.629944
-5.585495 -6.4475555 8.430237
-5.452194 -6.4213715 8.061279
-5.4736176 -6.4999237 9.001526
-5.3117523 -5.25737 8.639709
-4.7856903 -4.776535 7.649475
-3.4455414 -4.988388 6.91156
-3.167038 -5.559677 6.302185
-4.1786957 -5.726303 6.5426025
-4.9999237 -4.9193573 6.1760254
-4.854721 -4.6503754 6.904419
-4.5190887 -3.981491 7.3900146
-4.6666718 -3.2221527 7.366211
-5.2546234 -3.0388641 6.4331055
-5.373642 -3.1055145 6.033203
-5.04039 -2.7127533 5.6951904
-4.6381073 -2.6865692 6.180786
-4.3715057 -2.49852 6.711609
-4.257248 -2.3914032 6.685425
-4.3953094 -3.2292938 6.7592163
-3.7621307 -3.898178 7.0996094
-3.045639 -4.019577 7.3186035
-3.2360687 -3.936264 7.5542603
-3.3836517 -3.7767792 7.642334
-3.276535 -3.7006073 7.244812
-3.1265717 -3.9053192 6.585449
-3.2336884 -4.2100067 4.3479004
-1.8483124 -4.276657 3.312439
5.2951813 -6.111923 3.5671387
4.6501007 -6.8260345 6.6830444
5.511795 -5.590622 13.364746
0.6986847 -7.3711395 14.552551
-4.0120697 -7.4996796 14.612061
-1.7078705 -5.821518 10.517822
-3.3050995 -3.8934174 9.172913
-6.213913 -2.5842133 7.782776
-6.1401215 -2.6651459 7.0877075
-5.9544525 -2.9198456 7.718506
-5.8140106 -3.2221527 8.225525
-5.047531 -3.4625702 8.446899
-4.8237762 -3.2269135 8.554016
-4.8309174 -3.3578339 8.57782
-5.3450775 -3.7934418 8.230286
-5.847336 -3.8862762 7.925598
-5.6711884 -4.2219086 7.835144
-5.706894 -4.2861786 7.5875854
-5.952072 -4.2861786 7.6399536
-6.021103 -4.35997 7.461426
-6.0877533 -4.3552094 7.2162476
-6.2829437 -4.1576385 7.025818
-6.2186737 -4.1457367 6.9710693
-6.0877533 -4.03862 7.111511
-6.047287 -3.622055 7.320984
-6.1139374 -3.410202 7.328125
-6.1472626 -3.9029388 7.2043457
-6.4043427 -4.533737 7.071045
-6.342453 -4.250473 6.354553
-6.792343 -4.507553 7.161499
-6.1710663 -3.7743988 7.237671
-6.2805634 -3.3554535 7.2495728
-6.290085 -3.864853 7.1781616
-6.278183 -4.121933 6.9210815
-6.392441 -4.0410004 6.961548
-6.3019867 -4.069565 7.0567627
-6.373398 -3.9767303 7.2876587
-6.361496 -3.948166 7.211487
-6.2615204 -3.8672333 7.0686646
-6.1972504 -4.2219086 6.9520264
-6.1091766 -3.97435 6.7139893
-6.251999 -4.1076508 7.1400757
-6.209152 -4.257614 7.142456
-6.221054 -4.1623993 7.0758057
-6.247238 -4.2028656 6.930603
-6.1972504 -4.193344 6.802063
-6.2996063 -4.3123627 6.9520264
-6.3019867 -4.319504 7.0353394
-6.0948944 -4.2409515 7.123413
-6.1472626 -4.288559 7.0305786
-6.054428 -4.3099823 6.885376
-6.1782074 -4.2957 7.052002
-6.0377655 -4.3123627 6.8187256
-6.1282196 -4.1052704 6.935364
-6.1853485 -4.2599945 6.9734497
-6.0639496 -4.3314056 7.0353394
-6.2115326 -4.4647064 6.8449097
-6.2353363 -4.7598724 6.9591675
-6.1329803 -4.7098846 6.9472656
-6.3257904 -4.7146454 7.085327
-6.2234344 -4.659897 7.078186
-6.013962 -4.4575653 6.9329834
-5.9925385 -4.383774 6.9710693
-6.125839 -4.769394 6.9782104
-5.9473114 -4.659897 6.78302
-6.0044403 -4.7598724 7.0615234
-5.80925 -4.6194305 6.8306274
-5.9425507 -4.700363 6.8496704
-5.8401947 -5.0859833 6.854431
-5.740219 -4.757492 6.7282715
-6.0115814 -4.897934 7.161499
-5.623581 -4.912216 6.885376
-5.7759247 -4.9407806 6.9520264
-5.623581 -5.1002655 6.9710693
-5.649765 -5.007431 7.0043945
-5.514084 -4.845566 6.9853516
-5.528366 -4.74321 7.116272
-5.456955 -4.6646576 6.737793
-5.452194 -4.8693695 6.9591675
-5.2165375 -4.9003143 7.1138916
-5.55455 -4.7075043 7.199585
-5.5069427 -4.80748 7.482849
-5.2760468 -4.6646576 7.002014
-5.411728 -4.7527313 7.3305054
-5.340317 -5.097885 7.2162476
-5.445053 -5.1954803 7.2495728
-5.2879486 -5.2978363 7.3566895
-5.1784515 -5.2359467 7.111511
-5.1832123 -5.1573944 7.3186035
-4.695236 -5.026474 6.8449097
-5.2736664 -5.0169525 7.206726
-5.5259857 -5.109787 7.528076
-5.026108 -5.2621307 7.282898
-5.090378 -5.4263763 7.437622
-5.221298 -5.604904 7.418579
-5.0308685 -5.8358 7.397156
-4.764267 -5.538254 7.1829224
-4.840439 -5.135971 7.085327
-5.0046844 -5.109787 7.002014
-4.9404144 -5.4977875 7.071045
-3.9668427 -5.0859833 7.482849
-5.3307953 -6.02861 7.649475
-4.776169 -5.5811005 7.109131
-4.873764 -5.1716766 7.23291
-4.688095 -5.462082 7.0924683
-4.8071136 -5.878647 6.661621
-4.585739 -6.3451996 7.0543823
-4.5881195 -5.809616 7.244812
-4.6785736 -5.57872 7.1972046
-4.6714325 -5.6072845 7.130554
-4.6785736 -5.5930023 6.97583
-4.752365 -5.5287323 7.0496216
-4.559555 -5.3763885 6.6330566
-5.0118256 -5.5168304 8.027954
-4.507187 -6.3261566 6.7854004
-4.7404633 -5.507309 6.4902344
-4.5809784 -5.9286346 6.7806396
-4.764267 -5.938156 6.982971
-4.4976654 -6.0428925 6.7615967
-4.816635 -6.1452484 7.282898
-4.5500336 -6.4356537 6.91156
-4.5619354 -6.278549 7.1567383
-4.5357513 -6.1404877 6.9329834
-4.7285614 -5.931015 6.899658
-4.585739 -6.1523895 7.021057
-4.514328 -6.4356537 7.109131
-4.411972 -6.2880707 7.006775
-4.404831 -6.2404633 6.963928
-4.431015 -6.1214447 6.963928
-4.4024506 -6.0881195 6.46167
-3.50029 -5.1645355 7.6518555
-4.5547943 -5.916733 6.3117065
-3.4193573 -5.4025726 6.583069
-4.0572968 -6.0619354 7.013916
-4.250107 -6.9807587 7.320984
-4.52861 -7.073593 6.7163696
-4.500046 -7.135483 7.5233154
-4.4262543 -7.7948456 7.4519043
-3.8192596 -6.60466 7.0496216
-3.9216156 -5.6644135 7.2043457
-3.8740082 -6.2047577 7.021057
-3.7621307 -6.4523163 7.0686646
-3.9644623 -6.2999725 7.085327
-4.0311127 -6.083359 7.2091064
-4.0501556 -6.085739 7.192444
-4.116806 -6.0500336 7.3186035
-4.071579 -6.1714325 7.301941
-3.8835297 -6.2690277 7.1972046
-3.8430634 -6.3261566 7.16626
-3.6931 -6.573715 7.282898
-3.6716766 -6.552292 7.2210083
-3.6621552 -6.4094696 7.29718
-3.6002655 -6.4594574 7.213867
-3.6454926 -6.457077 7.1757813
-3.6050262 -6.483261 7.1591187
-3.616928 -6.4475555 7.0758057
-3.590744 -6.297592 7.0924683
-3.7621307 -6.192856 7.278137
-3.3098602 -6.064316 7.1853027
-3.5955048 -6.426132 7.2233887
-3.378891 -6.6594086 7.0996094
-3.4955292 -6.5499115 7.2352905
-3.50029 -6.5546722 7.3257446
-3.359848 -6.54039 7.342407
-3.302719 -6.4332733 7.4352417
-3.3003387 -6.533249 7.3876343
-3.2479706 -6.521347 7.482849
-3.1075287 -6.430893 7.456665
-3.090866 -6.3880463 7.5042725
-3.2360687 -6.2690277 7.442383
-3.302719 -6.2999725 7.509033
-3.2931976 -6.276169 7.4733276
-3.2717743 -6.2428436 7.585205
-3.1622772 -6.28331 7.611389
-2.9575653 -6.188095 7.5542603
-2.9789886 -6.2047577 7.763733
-2.9051971 -6.2499847 7.6637573
-2.8575897 -6.1214447 7.5423584
-2.9956512 -6.1642914 8.135071
-2.6695404 -6.104782 7.7470703
-2.871872 -6.0357513 7.6209106
-2.7837982 -6.0762177 7.6447144
-2.8932953 -6.123825 7.6637573
-2.8837738 -6.233322 7.7042236
-2.8885345 -6.264267 7.539978
-3.0242157 -5.96434 7.42572
-3.1694183 -5.6310883 7.5114136
-3.3931732 -5.6644135 7.6399536
-3.3812714 -5.9024506 7.6375732
-3.121811 -6.2095184 7.623291
-2.9075775 -6.2880707 7.566162
-2.8171234 -6.238083 7.597107
-2.6766815 -6.3142548 7.6018677
-2.679062 -6.040512 7.778015
-2.814743 -6.1785736 8.06366
-2.6838226 -6.3071136 7.8375244
-2.6385956 -6.366623 7.9279785
-2.3957977 -6.552292 7.8565674
-2.3291473 -6.445175 7.930359
-2.3696136 -6.1571503 8.0112915
-2.4648285 -5.981003 8.296936
-2.3886566 -6.0619354 8.354065
-2.1839447 -6.192856 8.3064575
-2.0744476 -6.3380585 8.232666
-2.0006561 -6.385666 8.151733
-2.1815643 -6.3642426 8.111267
-1.8673553 -5.783432 7.906555
-2.0292206 -5.231186 8.461182
-2.1934662 -5.9072113 8.794434
-2.0649261 -5.5811005 8.463562
-1.9887543 -5.6072845 8.418335
-1.9387665 -5.9262543 8.549255
-1.6626434 -6.169052 8.718262
-1.5293427 -6.2928314 8.751587
-1.3698578 -6.321396 8.558777
-1.3531952 -6.0547943 8.489746
-1.4841156 -5.7477264 8.563538
-1.5626678 -5.692978 8.51355
-1.4960175 -5.559677 8.606384
-1.4722137 -5.412094 8.570679
-1.3293915 -5.416855 8.434998
-1.1889496 -5.3692474 8.496887
-0.9747162 -5.340683 8.365967
-0.7009735 -5.2478485 8.249329
-0.40818787 -5.2787933 8.232666
0.029800415 -5.4335175 7.9351196
-0.3224945 -5.712021 8.456421
-0.30345154 -5.397812 8.561157
-0.5034027 -5.5239716 8.9991455
-0.37486267 -5.45018 8.96106
-0.17729187 -4.9836273 8.687317
-0.09397888 -4.6717987 8.699219
-0.124923706 -4.2790375 7.9660645
-0.33439636 -3.7910614 9.008667
-1.0746918 -4.2647552 9.044373
-1.0913544 -3.9624481 9.434753
-1.3246307 -3.7648773 9.253845
-1.2627411 -4.064804 9.080078
-1.0366058 -4.507553 8.799194
-1.1484833 -4.429001 8.380249
-0.68907166 -4.7408295 9.15387
-0.3391571 -4.8955536 9.251465
-0.48197937 -4.74321 9.275269
-0.38438416 -5.238327 9.151489
0.1464386 -5.443039 8.977722
0.4178009 -5.4525604 9.056274
0.360672 -5.4977875 9.011047
0.25593567 -5.2407074 8.922974
0.14881897 -4.6265717 8.932495
0.1464386 -4.179062 9.02771
0.11073303 -3.9576874 8.908691
0.14167786 -3.800583 8.820618
0.129776 -3.6649017 8.763489
-0.12968445 -3.538742 8.922974
-0.16300964 -3.5744476 8.968201
0.094070435 -3.622055 8.977722
0.12025452 -3.5268402 8.739685
0.051223755 -3.4506683 8.554016
0.008377075 -3.3530731 8.5373535
-0.17015076 -3.3221283 8.627808
-0.21537781 -3.512558 8.730164
-0.09159851 -3.6768036 8.675415
-0.2820282 -4.0933685 8.499268
0.029800415 -4.5242157 8.780151
0.3368683 -4.200485 8.680176
0.053604126 -3.8624725 8.658752
-0.103500366 -3.7148895 8.808716
0.053604126 -3.7672577 8.830139
0.04170227 -4.205246 9.103882
-0.055892944 -4.8503265 9.515686
0.48207092 -5.0169525 9.763245
0.62013245 -4.8741302 9.846558
0.70106506 -4.526596 9.806091
1.200943 -4.179062 9.784668
1.3318634 -3.5792084 9.591858
1.0414581 -3.2197723 9.946533
0.6582184 -3.2769012 10.0703125
0.39637756 -3.5744476 10.275024
0.37495422 -3.493515 10.113159
0.34638977 -3.4173431 9.865601
0.360672 -3.2697601 9.589478
0.25117493 -3.1102753 9.249084
0.04408264 -2.967453 9.080078
-0.45341492 -3.0674286 9.251465
-0.53196716 -3.1483612 9.263367
-0.46531677 -3.4839935 9.234802
-0.33677673 -3.7125092 9.22052
-0.120162964 -3.5720673 9.099121
-0.039230347 -3.107895 8.730164
-0.27964783 -3.1697845 8.96106
-0.49388123 -3.1745453 9.09436
-0.6009979 -3.236435 9.184814
-0.627182 -3.410202 9.365723
-0.49388123 -3.5101776 9.451416
-0.11778259 -3.4816132 9.344299
0.08454895 -3.172165 9.356201
-0.08683777 -3.024582 9.634705
-0.25108337 -3.2102509 9.79657
-0.21537781 -3.3483124 9.946533
-0.08683777 -3.338791 10.017944
0.07740784 -2.986496 9.665649
-0.098739624 -2.8246307 9.813232
-0.42723083 -3.134079 10.065552
-0.27012634 -3.0174408 9.701355
-0.43437195 -3.1031342 9.748962
-0.42723083 -3.255478 9.718018
-0.3558197 -3.3530731 9.429993
-0.4224701 -3.3816376 9.458557
-0.4462738 -3.0840912 9.275269
-0.70573425 -3.1626434 9.7323
-0.5391083 -3.2578583 9.665649
-0.48197937 -3.20549 9.549011
-0.39390564 -3.115036 9.532349
-0.31773376 -3.1316986 9.5442505
-0.43199158 -2.7770233 9.232422
-0.91996765 -2.9317474 9.794189
-0.77952576 -3.095993 9.713257
-0.60575867 -3.14122 9.54187
-0.54862976 -3.300705 9.687073
-0.3391571 -3.1816864 9.620422
-0.35343933 -2.876999 9.634705
-0.46769714 -2.8936615 9.675171
-0.6033783 -2.8984222 9.73468
-0.4724579 -2.8936615 9.584717
-0.49864197 -2.81987 9.572815
-0.5272064 -2.7889252 9.79657
-0.45817566 -2.8698578 9.677551
-0.53196716 -2.717514 9.648987
-0.5771942 -2.6960907 9.708496
-0.5034027 -2.717514 9.601379
-0.5200653 -2.762741 9.515686
-0.6200409 -2.8627167 9.653748
-0.58195496 -2.8365326 9.503784
-0.64146423 -2.974594 9.639465
-0.50102234 -2.6841888 9.627563
-0.5462494 -2.6032562 9.501404
-0.543869 -2.6389618 9.622803
-0.50816345 -2.5556488 9.60614
-0.5034027 -2.8222504 9.687073
-0.48435974 -2.672287 9.53949
-0.6009979 -2.596115 9.646606
-0.6295624 -2.403305 9.656128
-0.64146423 -2.1438446 9.6918335
-0.7604828 -2.319992 9.872742
-0.646225 -2.2961884 9.777527
-0.5224457 -2.165268 9.582336
-0.5605316 -2.1390839 9.613281
-0.6605072 -2.2342987 9.565674
-0.7176361 -2.1152802 9.468079
-1.1008759 -2.8079681 10.003662
-0.6438446 -2.5984955 9.665649
-0.60813904 -2.5151825 9.572815
-0.37724304 -2.4556732 9.587097
-0.48912048 -2.396164 9.725159
-0.36772156 -2.1866913 9.527588
-0.53196716 -2.2271576 9.598999
-0.60575867 -2.339035 9.572815
-0.6343231 -2.486618 9.644226
-0.6295624 -2.4723358 9.641846
-0.5272064 -2.350937 9.529968
-0.627182 -2.588974 9.801331
-0.48197937 -2.5223236 9.682312
-0.5200653 -2.4294891 9.677551
-0.4867401 -2.550888 9.7561035
-0.3391571 -2.3342743 9.656128
-0.31773376 -2.3057098 9.701355
-0.30821228 -2.229538 9.644226
-0.43675232 -2.3342743 9.718018
-0.47721863 -2.274765 9.589478
-0.78904724 -2.3223724 9.629944
-0.7914276 -2.6865692 9.846558
-0.60813904 -2.7317963 9.784668
-0.36772156 -2.646103 9.67041
-0.3153534 -2.3247528 9.646606
-0.29631042 -2.120041 9.625183
-0.5057831 -2.1509857 9.7323
-0.55815125 -2.331894 9.722778
-0.6128998 -2.3866425 9.556152
-0.6843109 -2.800827 9.841797
-0.4391327 -2.479477 9.684692
-0.43199158 -2.2533417 9.565674
-0.6509857 -2.4699554 9.889404
-0.5272064 -2.4770966 9.7751465
-0.43199158 -2.448532 9.675171
-0.3724823 -2.3437958 9.672791
-0.4224701 -2.2914276 9.739441
-0.43199158 -2.1938324 9.682312
-0.59147644 -2.2914276 9.515686
-0.74858093 -2.3461761 9.848938
-0.7366791 -2.384262 9.758484
-0.6367035 -2.5746918 9.677551
-0.5367279 -2.596115 9.682312
-0.43199158 -2.588974 9.696594
-0.35820007 -2.3271332 9.644226
-0.56529236 -2.2342987 9.687073
-0.5462494 -2.2961884 9.679932
-0.5795746 -2.365219 9.665649
-0.5462494 -2.4175873 9.687073
-0.48435974 -2.4175873 9.639465
-0.5700531 -2.3485565 9.641846
-0.65812683 -2.6103973 9.720398
-0.5962372 -2.62706 9.637085
-0.5367279 -2.6651459 9.570435
-0.57481384 -2.5175629 9.746582
-0.40818787 -2.3985443 9.751343
-0.32487488 -2.415207 9.715637
-0.38676453 -2.2509613 9.675171
-0.48197937 -2.1486053 9.601379
-0.6747894 -2.2771454 9.67041
-0.76286316 -2.396164 9.708496
-0.7842865 -2.7770233 9.817993
-0.5533905 -2.672287 9.665649
-0.47483826 -2.460434 9.529968
-0.46531677 -2.403305 9.634705
-0.5129242 -2.300949 9.610901
-0.5962372 -2.2961884 9.515686
-0.65812683 -2.3033295 9.501404
-0.84617615 -2.5485077 9.770386
-0.6176605 -2.6746674 9.618042
-0.5272064 -2.717514 9.7751465
-0.40104675 -2.4770966 9.60614
-0.49388123 -2.4080658 9.787048
-0.46531677 -2.2961884 9.658508
-0.5272064 -2.3461761 9.629944
-0.627182 -2.3866425 9.741821
-0.6128998 -2.403305 9.639465
-0.63908386 -2.7151337 9.875122
-0.5057831 -2.6056366 9.725159
Time Stop = 1457235922
