Time Start = 6771
0.56062317 -1.1702728 9.875122
0.06550598 -1.4487762 9.615662
-0.31059265 -1.4868622 9.644226
-0.44865417 -1.6772919 9.453796
-0.47721863 -1.8724823 9.275269
-0.54148865 -2.0034027 9.120544
-0.5867157 -2.0914764 9.120544
-0.5224457 -2.0034027 9.02771
-0.36058044 -1.7915497 9.244324
-0.28678894 -1.9319916 9.537109
-0.31059265 -2.0748138 9.932251
-0.39866638 -2.172409 10.1203
-0.62242126 -2.0748138 10.282166
-0.7985687 -1.9772186 10.396423
-0.7914276 -1.8867645 10.472595
-0.68193054 -1.8296356 10.391663
-0.46531677 -1.8582001 10.201233
-0.38676453 -1.8391571 10.110779
-0.44389343 -1.7177582 10.11554
-0.50816345 -1.6511078 10.165527
-0.5224457 -1.5892181 10.18219
-0.45817566 -1.6225433 10.201233
-0.35105896 -1.5463715 10.170288
-0.23918152 -1.3583221 10.091736
-0.18919373 -1.2512054 10.075073
-0.2582245 -1.2297821 9.848938
-0.26298523 -1.5154266 9.765625
-0.21775818 -1.6154022 9.615662
-0.18205261 -1.767746 9.515686
-0.24156189 -1.8677216 9.620422
-0.33439636 -1.6677704 9.584717
-0.2653656 -1.6320648 10.086975
-0.21299744 -1.6392059 10.284546
-0.16062927 -1.5392303 9.725159
-0.16062927 -2.0010223 8.853943
-0.23442078 -2.0748138 7.8946533
-0.37486267 -1.8034515 7.2948
-0.039230347 -1.6368256 7.0924683
0.83436584 -1.1274261 6.828247
2.3982697 -1.7915497 11.374756
2.5529938 -1.4463959 12.062683
2.1840363 -2.8817596 11.479492
1.9459991 -4.171921 10.691589
1.1985626 -3.8196259 9.1467285
0.8724518 -3.0531464 9.234802
0.7700958 -2.0295868 9.651367
0.5844269 -2.0605316 9.553772
0.27497864 -2.88414 9.182434
0.07026672 -3.5482635 8.763489
-0.20347595 -4.1433563 8.863464
-0.83903503 -3.519699 8.637329
-1.2675018 -3.2983246 8.792053
-1.505539 -2.8293915 8.632568
-0.7176361 -2.800827 10.4487915
-0.43437195 -2.331894 10.843933
-0.96995544 -2.8984222 9.137207
-0.2082367 -3.7196503 10.144104
-0.18681335 -2.7460785 10.348816
-0.6033783 -3.217392 10.427368
-0.46531677 -3.8243866 10.322632
-0.21537781 -3.7267914 10.458313
-0.52482605 -3.1031342 10.065552
-0.7247772 -2.9817352 9.820374
-0.63908386 -2.986496 9.587097
-0.5700531 -3.115036 9.372864
-0.45103455 -2.7984467 9.058655
-0.15110779 -2.69133 9.301453
-0.17729187 -2.9436493 9.806091
-0.37724304 -2.793686 9.846558
-0.40342712 -2.6865692 9.844177
-0.3724823 -2.7198944 9.929871
-0.31059265 -2.7794037 9.975098
0.022659302 -2.9698334 10.405945
-0.13682556 -2.7698822 9.872742
-0.59861755 -2.781784 8.868225
-0.7033539 -2.6508636 9.672791
-0.62242126 -1.9058075 10.555908
-0.76524353 -1.7082367 10.646362
-0.774765 -2.0105438 9.772766
-0.479599 -2.7151337 8.777771
-0.17967224 -3.0364838 8.335022
0.0012359619 -3.088852 8.584961
-0.04399109 -2.8674774 9.601379
-0.13206482 -2.2152557 9.910828
-0.017807007 -1.370224 9.020569
0.96528625 -1.8534393 8.689697
1.6579742 -2.2604828 9.449036
2.0197906 -2.3461761 10.065552
2.4696808 -3.2340546 12.084106
2.3863678 -2.9388885 11.796082
1.912674 -2.9388885 10.653503
1.662735 -2.9579315 9.967957
1.4389801 -2.9198456 9.653748
1.0747833 -2.9579315 9.260986
0.9200592 -2.9555511 9.3133545
0.89149475 -2.838913 9.09436
0.99861145 -2.762741 9.2300415
1.0962067 -2.8079681 8.761108
1.0676422 -2.4342499 8.280273
1.0843048 -2.9365082 8.877747
0.91529846 -3.14122 8.699219
0.30592346 -3.6125336 8.085083
0.30116272 -3.7767792 8.146973
0.29640198 -3.5982513 8.763489
0.04408264 -3.1935883 9.182434
-0.3486786 -2.5794525 9.384766
-0.5676727 -2.5080414 9.28241
-0.57481384 -2.8674774 9.208618
-0.36772156 -2.922226 9.387146
-0.5105438 -2.672287 9.698975
-1.0199432 -2.146225 10.298828
-1.0842133 -1.851059 10.553528
-0.5962372 -2.2462006 10.265503
-0.32011414 -2.5032806 9.882263
-0.2653656 -2.8698578 9.644226
-0.12968445 -2.9388885 9.956055
-0.04399109 -2.8484344 9.939392
-0.18919373 -2.6841888 9.308594
-0.43199158 -2.4366302 8.539734
-0.6795502 -2.3937836 7.8827515
-0.3058319 -2.4818573 8.349304
0.37257385 -2.922226 9.277649
-0.25346375 -3.5625458 8.968201
-0.79618835 -3.2316742 9.046753
-1.2556 -3.0983734 9.387146
-1.6221771 -3.0293427 9.948914
-1.7864227 -2.9626923 9.917969
-1.8078461 -2.6580048 10.18457
-1.8435516 -2.4747162 10.260742
-2.0887299 -2.5604095 9.79657
-1.974472 -3.172165 8.749207
-1.2460785 -3.1888275 9.582336
-1.2460785 -3.7220306 9.677551
-1.5364838 -3.6744232 9.529968
-1.4055634 -3.7743988 9.641846
-1.595993 -3.3435516 9.420471
-1.5888519 -3.1555023 9.275269
-1.4793549 -2.4818573 9.437134
-0.7914276 -1.4273529 10.613037
-0.89378357 -0.7441864 10.498779
-1.8887787 -1.1678925 8.799194
-0.82951355 -1.8296356 11.022461
-0.7081146 -0.77275085 10.965332
-1.088974 -1.1821747 10.417847
-1.0318451 -2.203354 9.951294
-0.4296112 -2.7413177 9.875122
-0.14634705 -2.7222748 10.546387
-0.3796234 -2.7698822 10.815369
-0.30345154 -2.9198456 10.513062
-0.62242126 -3.3602142 10.032227
-0.61528015 -3.6934662 9.551392
-0.36058044 -2.9650726 9.35144
-0.34629822 -2.5199432 9.382385
-0.70573425 -2.3080902 9.15625
-0.69859314 -2.6175385 9.441895
-0.43437195 -2.7389374 9.41571
-0.18681335 -2.9317474 9.47522
0.05836487 -2.8722382 9.601379
0.28926086 -3.153122 10.167908
-0.0844574 -3.236435 9.263367
-0.2320404 -3.6649017 8.542114
-0.02494812 -3.698227 9.02771
0.12501526 -3.0388641 9.472839
-0.08921814 -2.967453 9.491882
-0.2820282 -3.031723 9.294312
-0.33439636 -2.9079437 9.315735
-0.26298523 -2.6508636 9.439514
-0.103500366 -2.4651947 9.463318
-0.09159851 -2.5199432 9.4609375
-0.23918152 -2.6937103 9.499023
-0.27488708 -2.6508636 9.5442505
-0.18443298 -2.6437225 9.453796
-0.07493591 -2.5485077 9.584717
-0.14396667 -2.4080658 9.434753
-0.2725067 -2.3628387 9.296692
-0.396286 -2.319992 9.215759
-0.34629822 -2.4009247 9.201477
-0.30345154 -2.3104706 9.227661
-0.22251892 -2.3223724 9.425232
-0.396286 -2.1890717 9.463318
-0.3891449 -1.7701263 9.463318
-0.08207703 -1.0203094 9.318115
-0.14396667 -1.9319916 10.522583
-0.18443298 -3.3506927 8.684937
0.31782532 -2.5651703 9.898926
1.0009918 -3.2721405 9.737061
0.99147034 -3.9267426 10.701111
1.1961823 -3.826767 11.2247925
0.97242737 -3.8029633 11.360474
0.6820221 -3.4601898 10.870117
0.5987091 -3.8743744 10.379761
0.8629303 -4.1314545 9.610901
0.9200592 -3.936264 9.330017
0.66059875 -3.9624481 8.992004
0.40351868 -4.300461 9.044373
0.277359 -4.0171967 9.151489
0.19404602 -3.7791595 8.711121
0.027420044 -3.391159 9.21814
-0.4867401 -3.7577362 8.606384
-0.29631042 -2.8531952 8.756348
-0.53196716 -2.8293915 8.83728
-0.9794769 -3.557785 8.5802
-0.95329285 -3.955307 8.315979
-0.91996765 -3.7339325 8.201721
-1.0961151 -3.2959442 8.061279
-0.7247772 -2.9341278 8.64209
-0.9675751 -2.7770233 9.013428
-1.717392 -2.5485077 9.401428
-1.0175629 -2.108139 8.508789
-0.45341492 -2.6294403 9.034851
-0.44389343 -3.1031342 10.9105835
-1.2936859 -3.4649506 10.034607
-0.9913788 -4.2028656 9.587097
-0.78904724 -4.916977 9.451416
-0.7342987 -4.121933 9.213379
-0.6367035 -3.2697601 11.458069
-1.4198456 -2.505661 11.293823
-1.4055634 -3.2673798 10.336914
-0.7700043 -3.557785 9.951294
-0.6295624 -3.403061 9.741821
-0.5795746 -3.0531464 9.977478
-0.7247772 -3.01268 9.856079
-0.710495 -3.1221771 9.353821
-0.5938568 -3.4316254 10.008423
-0.6866913 -3.7363129 8.932495
-0.79618835 -3.4316254 8.596863
-0.45341492 -3.3340302 8.799194
-0.20347595 -3.0388641 8.913452
-0.25346375 -3.1102753 8.858704
-0.16539001 -3.2673798 9.015808
-0.06541443 -3.84581 9.791809
-0.52482605 -4.0362396 8.380249
-0.10826111 -4.4766083 9.2300415
-0.039230347 -3.2769012 9.508545
-0.6843109 -2.191452 9.7561035
-1.1294403 -2.024826 9.551392
-1.236557 -2.6580048 9.468079
-1.0223236 -2.9127045 9.041992
-0.7009735 -2.7675018 8.646851
-0.19395447 -2.7127533 8.339783
0.277359 -3.0412445 8.663513
0.53681946 -4.069565 9.22052
0.8367462 -4.405197 8.651611
1.0557404 -3.3578339 10.541626
1.11763 -4.571823 11.448547
1.2318878 -5.250229 10.896301
1.3199615 -3.9219818 10.789185
0.9533844 -3.0674286 10.717773
0.19880676 -3.3245087 10.341675
-0.09635925 -3.6434784 9.337158
0.096450806 -4.0362396 9.032471
0.52967834 -4.2528534 8.968201
0.5558624 -4.0624237 8.96106
0.21308899 -3.7101288 8.920593
-0.20109558 -2.9841156 9.380005
-0.49388123 -3.6077728 9.180054
-0.16539001 -3.198349 8.723022
0.117874146 -3.4792328 8.9348755
0.04408264 -3.6625214 8.775391
-0.0677948 -3.7743988 8.968201
-0.07017517 -3.6815643 9.141968
-0.0035247803 -3.5887299 9.122925
0.12025452 -3.5792084 8.970581
-0.027328491 -3.4387665 8.868225
-0.11540222 -3.4625702 8.830139
-0.15348816 -3.5077972 8.737305
-0.22489929 -3.5673065 8.90155
-0.40342712 -3.667282 8.6206665
-0.46055603 -3.5863495 8.439758
-0.58195496 -3.5458832 8.437378
-0.71287537 -3.3221283 8.51355
-1.0818329 -2.5009003 8.101746
-0.61528015 -2.0986176 10.410706
-0.6605072 -1.3916473 10.24408
-0.9889984 -2.0652924 10.041748
-1.2032318 -2.6556244 9.2229
-0.877121 -2.7246552 9.001526
-0.38438416 -2.146225 10.934387
-0.8080902 -1.877243 10.50116
-0.7366791 -2.94841 10.460693
-0.17253113 -3.4768524 10.651123
0.14881897 -3.6815643 10.803467
0.051223755 -3.4006805 10.50116
-0.04875183 -3.557785 10.201233
-0.09159851 -3.3340302 9.748962
-0.017807007 -2.8698578 9.66803
-0.07017517 -2.5080414 9.582336
-0.17729187 -2.56279 9.54187
0.013137817 -2.800827 9.546631
0.25593567 -2.8293915 9.463318
0.47969055 -2.9317474 9.546631
0.3773346 -2.56279 9.3966675
0.44874573 -2.710373 10.101257
0.16786194 -2.5532684 10.063171
-0.15110779 -2.9269867 9.175293
-0.13206482 -3.3506927 9.515686
0.16786194 -3.0840912 9.706116
0.20118713 -3.0174408 9.867981
0.06312561 -2.941269 9.779907
0.03694153 -2.922226 9.618042
0.08216858 -2.8032074 9.613281
0.11073303 -2.5651703 9.508545
0.07740784 -2.4699554 9.439514
-0.034469604 -2.4104462 9.15863
-0.0844574 -2.479477 9.02771
-0.055892944 -2.4651947 8.939636
0.10359192 -2.6556244 9.080078
0.21070862 -2.4294891 9.28241
0.19166565 -2.255722 9.358582
-0.04399109 -2.2652435 9.434753
-0.26298523 -2.2271576 9.618042
-0.34391785 -2.331894 9.491882
-0.4129486 -2.4247284 9.496643
-0.61528015 -2.5984955 9.330017
-0.7271576 -2.596115 9.458557
-0.69621277 -2.5128021 9.399048
-0.627182 -2.9841156 9.537109
-0.60575867 -3.2745209 9.715637
-0.64860535 -3.0602875 9.653748
-0.4629364 -2.8698578 9.951294
-0.5272064 -2.8984222 9.953674
-0.774765 -3.0626678 9.906067
-0.85331726 -3.107895 9.977478
-0.8104706 -3.0983734 10.3012085
-0.7533417 -3.1888275 10.327393
-0.6843109 -3.3364105 10.220276
-0.7009735 -3.1245575 10.091736
-0.6533661 -2.9507904 10.029846
-0.5676727 -2.846054 9.865601
-0.28440857 -3.07695 9.889404
-0.24394226 -3.2911835 9.6918335
-0.18681335 -3.4435272 9.984619
-0.38676453 -3.0412445 9.629944
-0.7271576 -2.7698822 9.687073
-1.0818329 -2.4842377 9.301453
-1.1175385 -2.229538 9.018188
-0.91996765 -2.062912 9.15387
-0.83665466 -2.2700043 9.356201
-0.85331726 -2.5675507 9.234802
-0.7271576 -2.8079681 8.984863
-0.9056854 -2.3414154 8.684937
-1.3722382 -2.2604828 9.061035
-1.7530975 -2.4199677 8.884888
-1.7649994 -2.7865448 8.796814
-1.3579559 -2.9436493 8.442139
-0.8723602 -2.5223236 8.401672
-0.40104675 -1.3392792 7.29718
1.5818024 -1.7748871 10.336914
1.9293365 -1.8224945 11.198608
1.3580475 -2.7222748 11.131958
2.4363556 -5.1788177 12.588745
1.874588 -4.383774 11.439026
1.3199615 -3.9243622 11.01532
0.93196106 -3.1007538 10.786804
0.64393616 -2.4532928 10.470215
0.6915436 -2.0557709 10.110779
0.9272003 -2.2652435 9.639465
1.1461945 -2.5342255 9.044373
1.265213 -2.5746918 8.549255
1.0962067 -2.6580048 9.225281
0.3678131 -3.0912323 9.020569
-0.2986908 -2.9365082 9.068176
-0.7033539 -2.339035 8.427856
-0.8890228 -2.3937836 8.651611
-1.0318451 -2.7460785 8.489746
-0.691452 -2.5366058 8.008911
-0.27012634 -2.127182 8.365967
0.03694153 -2.2319183 8.994385
0.06312561 -2.6508636 9.275269
0.08692932 -3.3364105 9.4609375
0.10835266 -4.0029144 9.558533
0.17262268 -4.129074 9.47998
-0.0011444092 -3.84581 9.496643
-0.055892944 -3.7363129 9.998901
0.15357971 -3.0983734 9.872742
0.7629547 -1.9629364 9.782288
1.0224152 -4.924118 9.653748
1.3747101 -5.0478973 9.932251
1.7555695 -6.1714325 10.470215
1.7127228 -3.8957977 10.582092
1.7341461 -3.1174164 11.5271
1.5841827 -3.3602142 9.727539
1.6389313 -4.219528 8.492126
1.8007965 -4.2742767 8.332642
1.9198151 -3.2935638 8.45166
1.477066 -3.3126068 8.501648
0.73439026 -3.9838715 8.439758
-0.029708862 -3.5720673 8.254089
-0.7700043 -3.5934906 8.439758
-1.467453 -3.0483856 8.506409
-1.550766 -2.6580048 9.579956
-1.1389618 -2.365219 8.8515625
-1.6912079 -2.210495 8.632568
-2.5600433 -2.5294647 9.084839
-2.92424 -2.4294891 9.170532
-2.7457123 -1.6963348 9.215759
-2.429123 -1.2988129 9.34668
-1.531723 -1.1607513 9.746582
-1.9530487 -1.8629608 10.125061
-2.4981537 -1.5463715 8.89917
-0.6509857 -1.8605804 10.965332
-0.2082367 -2.3080902 11.001038
-0.46769714 -3.1316986 11.548523
-0.6771698 -4.10289 11.255737
-0.63194275 -3.7196503 10.677307
-0.78666687 -3.4435272 10.474976
-1.0294647 -3.6077728 10.577332
-1.1841888 -3.4197235 9.917969
-0.90330505 -2.865097 9.270508
-0.28678894 -2.5223236 8.9348755
0.06074524 -3.3887787 8.665894
0.30830383 -3.5625458 8.732544
0.48683167 -2.8674774 9.370483
0.277359 -2.2723846 10.05365
-0.0059051514 -2.1128998 9.901306
-0.04637146 -2.5270844 10.370239
0.4178009 -3.5173187 9.563293
0.7867584 -3.2126312 9.577576
0.8700714 -2.441391 10.3012085
0.49635315 -2.4556732 10.075073
0.24641418 -2.7770233 9.687073
0.3106842 -2.9722137 9.015808
0.52967834 -2.9079437 9.291931
0.53681946 -3.1459808 9.358582
0.10359192 -2.358078 9.213379
-0.13920593 -1.7796478 10.113159
-0.077316284 -2.0343475 9.663269
-0.013046265 -2.2890472 9.28241
-0.103500366 -2.800827 9.072937
0.01789856 -2.7436981 8.587341
0.17500305 -3.0269623 8.51355
0.072647095 -3.1650238 8.270752
0.08454895 -3.1935883 8.532593
0.04170227 -2.910324 8.849182
-0.0844574 -2.4770966 9.394287
-0.25346375 -2.0962372 9.844177
-0.35105896 -1.9724579 9.98938
-0.4391327 -2.081955 9.7561035
-0.44389343 -2.312851 9.487122
-0.5105438 -2.6294403 9.418091
-0.562912 -2.8412933 9.15863
-0.627182 -3.0721893 8.932495
-0.64860535 -3.134079 9.106262
-0.7200165 -2.8555756 8.882507
-0.40818787 -2.729416 9.8394165
-0.12968445 -2.184311 10.617798
-0.31773376 -2.3628387 10.360718
-0.44865417 -3.024582 10.046509
-0.4557953 -2.922226 9.715637
-1.1103973 -2.4509125 8.653992
-0.4129486 -2.5913544 10.591614
-0.9675751 -2.0224457 9.901306
-0.68193054 -2.479477 9.434753
-0.2582245 -2.838913 10.3845215
-0.2082367 -2.486618 10.765381
-0.22966003 -2.172409 10.829651
-0.26060486 -2.4128265 10.401184
-0.22013855 -3.1555023 9.982239
-0.45341492 -3.5887299 9.589478
-0.4462738 -3.2840424 9.489502
-0.47721863 -2.6580048 9.887024
-0.48197937 -2.0081635 10.127441
-0.5391083 -1.7201385 10.37262
-0.38676453 -1.6630096 10.546387
-0.7200165 -1.6177826 9.3776245
-0.96043396 -2.986496 9.099121
0.05836487 -3.898178 8.135071
1.2080841 -4.1052704 8.725403
2.0745392 -3.7291718 9.301453
1.7841339 -3.493515 10.127441
1.3104401 -3.1697845 10.63446
0.9962311 -3.1888275 10.320251
0.67012024 -3.281662 9.820374
0.5749054 -3.5054169 9.751343
0.5153961 -3.364975 9.310974
0.36543274 -3.217392 9.099121
0.21070862 -3.1102753 8.784912
0.1631012 -2.7794037 9.22052
0.1131134 -3.0150604 8.918213
0.2035675 -2.1248016 9.113403
0.094070435 -2.2509613 9.256226
-0.17729187 -2.7579803 9.099121
-0.18681335 -3.1697845 9.177673
-0.098739624 -3.07695 9.303833
-0.07493591 -2.8032074 9.503784
0.0012359619 -2.3699799 9.513306
0.094070435 -2.2223969 9.358582
0.20118713 -2.467575 9.2229
0.37495422 -2.8912811 9.249084
0.6058502 -3.1578827 9.244324
0.60346985 -3.2459564 9.47998
0.45588684 -3.1221771 9.563293
0.14881897 -2.8984222 9.748962
-0.098739624 -2.7865448 9.739441
-0.124923706 -2.827011 9.706116
-0.077316284 -2.9436493 9.506165
-0.098739624 -3.0531464 9.320496
-0.1749115 -3.0650482 9.353821
-0.2986908 -2.9174652 9.344299
-0.2891693 -2.781784 9.375244
Time Stop = 6776
