Time Start = 6712
-0.46531677 -0.5442352 9.92511
-0.23442078 -0.65849304 9.867981
-0.5771942 -1.0464935 9.794189
-0.6533661 -1.2631073 9.751343
-0.56529236 -1.1655121 9.698975
-0.5129242 -1.0821991 9.768005
-0.5795746 -1.0655365 9.808472
-0.62242126 -1.1869354 9.703735
-0.54862976 -1.2059784 9.708496
-0.5700531 -1.1702728 9.765625
-0.5962372 -1.139328 9.822754
-0.6176605 -1.0964813 9.856079
-0.6747894 -0.9822235 9.727539
-0.76286316 -0.9512787 9.8394165
-0.7985687 -0.97984314 9.758484
-0.81999207 -0.92985535 9.896545
-0.81999207 -0.86320496 9.934631
-0.79618835 -0.8751068 9.920349
-0.7509613 -1.0964813 9.791809
-0.66526794 -1.1655121 9.770386
-0.55101013 -1.2535858 9.73468
-0.59861755 -1.3583221 9.720398
-0.59147644 -1.3987885 9.725159
-0.53196716 -1.3035736 9.7561035
-0.5771942 -1.1988373 9.6918335
-0.5605316 -1.2559662 9.7751465
-0.50102234 -1.2726288 9.779907
-0.44865417 -1.203598 9.827515
-0.543869 -1.0536346 9.882263
-0.5843353 -1.0631561 9.834656
-0.66526794 -1.0679169 9.822754
-0.55815125 -1.1036224 9.891785
-0.48197937 -1.1298065 9.779907
-0.52482605 -1.0131683 9.801331
-0.5224457 -0.9893646 9.958435
-0.5700531 -0.93699646 9.7561035
-0.5295868 -0.97746277 9.844177
-0.6128998 -1.1321869 9.825134
-0.63194275 -1.4178314 9.817993
-0.5129242 -1.5511322 9.73468
-0.46769714 -1.3940277 9.841797
-0.627182 -1.1012421 9.815613
-0.8318939 -0.8489227 10.020325
-0.86283875 -0.70610046 10.086975
-0.8723602 -0.73228455 10.077454
-0.7247772 -0.9679413 9.948914
-0.5034027 -1.2131195 9.794189
-0.3558197 -1.4582977 9.837036
-0.22727966 -1.5154266 9.579956
-0.18681335 -1.5249481 9.596619
-0.13682556 -1.5439911 9.651367
-0.17729187 -1.47258 9.618042
-0.19633484 -1.453537 9.629944
-0.22489929 -1.3297577 9.6918335
-0.22251892 -1.241684 9.744202
-0.17967224 -1.2845306 9.763245
-0.15348816 -1.2535858 9.710876
-0.0035247803 -1.1083832 9.727539
0.13453674 -1.1345673 9.53949
0.15596008 -1.1916962 9.637085
0.07978821 -1.2773895 9.722778
0.10835266 -1.4940033 9.829895
0.115493774 -1.5154266 9.791809
-0.022567749 -1.3321381 9.946533
-0.0677948 -1.1750336 10.234558
-0.26774597 -1.0583954 10.1345825
-0.46531677 -0.83226013 10.094116
-0.47721863 -0.8513031 9.956055
-0.6938324 -0.41331482 9.975098
-1.2008514 1.3219757 9.072937
-1.8483124 -1.6320648 7.861328
-0.35820007 -3.7410736 8.794434
0.3368683 -3.3554535 8.494507
0.18452454 -3.262619 9.168152
-0.27964783 -2.1938324 7.8494263
0.6058502 -2.2342987 7.887512
2.3792267 -1.7391815 12.61969
2.2744904 -0.49900818 13.5789795
0.89863586 1.5885773 13.374268
-0.81285095 1.0577545 9.470459
-1.1222992 -0.44664 7.2948
-0.27012634 -2.9174652 6.4259644
1.3342438 -3.800583 6.423584
2.5577545 -3.5934906 9.15625
2.3506622 -2.274765 9.47998
1.5318146 -2.2223969 10.148865
0.591568 -2.6437225 10.665405
-0.6343231 -2.974594 10.508301
-1.3055878 -2.7484589 9.951294
-1.1603851 -1.6582489 10.2178955
-0.37010193 -1.6344452 10.379761
-0.11064148 -2.043869 10.084595
-0.4629364 -1.389267 9.901306
-0.9318695 -0.75608826 9.353821
-1.1603851 -1.0131683 9.620422
-1.1413422 -1.6677704 9.882263
-1.1365814 -2.2795258 9.846558
-1.0651703 -2.7770233 9.915588
-1.0413666 -1.9391327 9.039612
-0.39390564 -3.2983246 10.008423
-0.6509857 -2.8484344 9.772766
-0.84617615 -2.1295624 9.708496
-0.53196716 -2.6770477 9.708496
-0.34391785 -2.4842377 9.622803
-0.3058319 -2.1224213 9.568054
-0.562912 -2.153366 9.644226
-0.58195496 -1.6939545 9.789429
-0.59861755 -1.7391815 9.891785
-0.6533661 -1.8915253 9.794189
-0.6343231 -1.6963348 9.920349
-0.77952576 -1.9034271 9.687073
-0.877121 -2.2414398 9.789429
-0.77952576 -2.5294647 9.615662
-0.55101013 -2.6556244 9.763245
-0.48912048 -2.9579315 9.744202
-0.61528015 -2.441391 9.249084
-0.23442078 -2.646103 9.432373
-0.07017517 -2.922226 10.079834
0.10359192 -2.596115 9.975098
0.055984497 -2.4318695 9.867981
-0.06541443 -2.2771454 9.677551
-0.8247528 -3.0650482 12.843445
-0.017807007 -1.351181 6.3497925
0.3273468 -2.5080414 11.003418
1.200943 -2.229538 9.879883
0.7462921 -1.960556 9.365723
0.32258606 -2.2223969 9.8394165
0.4344635 -1.555893 9.813232
1.1485748 -1.0345917 9.058655
1.8388824 -1.1155243 9.741821
2.0078888 -1.3273773 10.158386
1.3437653 -1.6058807 10.415466
0.79151917 -1.1488495 9.739441
0.30592346 -1.8058319 10.474976
0.14881897 -2.4366302 9.870361
0.6058502 -2.153366 9.468079
1.2295074 -1.9272308 8.951538
0.53681946 -1.8748627 9.813232
2.1768951 -2.3556976 9.070557
1.8007965 -2.698471 9.5442505
1.329483 -2.2319183 9.660889
0.9676666 -2.3461761 9.332397
0.76057434 -2.62706 9.4609375
0.53681946 -2.9079437 10.18219
0.15119934 -3.5649261 10.624939
-0.25346375 -3.6053925 9.382385
-0.26298523 -2.7865448 9.175293
-0.09635925 -2.615158 8.627808
0.67012024 -2.2533417 9.315735
1.1152496 -2.1367035 9.706116
1.2509308 -1.9724579 9.703735
1.1866608 -1.8891449 9.47998
1.1390533 -1.2750092 9.394287
0.7320099 -1.7010956 10.003662
-0.1415863 -2.3342743 10.094116
-0.6843109 -2.377121 9.763245
-0.68193054 -3.3673553 9.870361
0.2868805 -5.0478973 9.272888
1.4175568 -4.367111 9.180054
0.6725006 -3.5054169 9.527588
-0.5557709 -2.3057098 10.263123
-0.8818817 -1.9724579 9.529968
-0.543869 -3.4316254 9.201477
-0.8485565 -4.469467 8.9158325
-1.0818329 -4.1457367 8.937256
-1.4174652 -2.596115 9.141968
-2.0363617 -0.9322357 9.301453
-2.1577606 -0.4061737 9.408569
-2.0101776 -1.1440887 9.689453
-1.0556488 -2.2652435 10.420227
-1.1794281 -2.8365326 10.379761
-1.1008759 -2.0462494 10.524963
-1.9006805 -0.8489227 9.846558
-0.92948914 -1.010788 9.127686
-1.4436493 -1.4463959 9.894165
-0.72953796 -1.7272797 9.66803
-1.2056122 -1.8534393 9.387146
-0.83903503 -2.248581 9.568054
-0.91996765 -2.5651703 9.453796
-1.2841644 -2.8222504 8.801575
-1.1008759 -2.8865204 9.227661
-0.8509369 -2.3223724 10.017944
-0.49864197 -2.2414398 10.674927
-0.9485321 -1.5249481 9.844177
-0.87950134 -2.0010223 9.358582
-0.99375916 -2.6603851 9.15625
-0.6533661 -2.9008026 9.679932
-0.7414398 -3.2769012 10.139343
-0.24632263 -2.7960663 9.2229
-0.7581024 -2.6699066 9.182434
-0.8080902 -2.8293915 9.549011
-0.4962616 -2.467575 10.034607
-0.39866638 -2.1962128 9.872742
-0.5938568 -2.486618 9.482361
-0.80570984 -2.7389374 9.532349
-0.77238464 -2.7579803 9.682312
-0.71287537 -2.5913544 9.41333
-0.646225 -2.9841156 9.372864
-0.51768494 -3.326889 9.449036
-0.3486786 -3.20549 9.344299
-0.34153748 -3.1269379 9.817993
-0.2820282 -2.6413422 9.737061
-0.32487488 -2.8889008 9.768005
-0.7676239 -2.2200165 9.422852
-0.6747894 -2.7698822 9.546631
-0.5962372 -3.0721893 9.518066
-0.54862976 -3.0602875 9.353821
-0.6105194 -3.0222015 9.510925
-0.73905945 -3.024582 9.570435
-0.73191833 -2.9698334 9.41095
-0.6009979 -2.8222504 9.565674
-0.53196716 -2.69133 9.499023
-0.4724579 -2.5937347 9.941772
-0.64860535 -2.4342499 9.527588
-0.6367035 -2.1319427 9.848938
-0.68193054 -2.3057098 9.67041
-0.5676727 -2.4770966 9.546631
-0.48435974 -2.7960663 9.648987
-0.43675232 -2.9555511 9.575195
-0.60575867 -2.7603607 9.54187
-0.5962372 -2.596115 9.646606
-0.54148865 -2.588974 9.834656
-0.43199158 -2.710373 9.565674
-0.47483826 -2.7865448 9.689453
-0.5962372 -2.7198944 9.789429
-0.63908386 -2.6056366 9.677551
-0.562912 -2.646103 9.639465
-0.49388123 -2.7436981 9.598999
-0.32487488 -2.800827 9.499023
-0.30107117 -3.0174408 9.425232
-0.4391327 -3.0388641 9.518066
-0.51530457 -2.8365326 9.620422
-0.45341492 -2.5175629 9.777527
-0.50816345 -2.3604584 9.594238
-0.40342712 -2.422348 10.025085
-0.6128998 -2.4390106 9.634705
-0.42485046 -2.8293915 9.689453
-0.2725067 -2.9198456 9.694214
-0.022567749 -2.7056122 9.09436
0.022659302 -2.524704 9.634705
-0.07493591 -2.9436493 9.549011
-0.020187378 -3.3340302 9.425232
0.022659302 -3.864853 9.4776
0.22737122 -4.0148163 9.444275
0.3511505 -3.686325 9.270508
0.28211975 -3.01268 9.406189
0.18928528 -2.5128021 9.241943
0.06312561 -3.0150604 9.439514
0.0393219 -3.6768036 9.820374
0.33924866 -3.3364105 11.108154
0.70106506 -4.000534 8.1779175
0.74391174 -2.6175385 9.427612
0.115493774 -2.081955 9.251465
-0.85569763 -2.4937592 9.439514
-0.7247772 -2.505661 9.456177
-0.93663025 -2.550888 9.47998
-1.217514 -2.6675262 9.760864
-1.2960663 -2.5842133 9.508545
-1.3341522 -2.5556488 9.620422
-1.3817596 -2.524704 9.822754
-1.4293671 -2.4747162 9.720398
-1.3531952 -2.3533173 9.727539
-1.6126556 -2.736557 9.908447
-1.7959442 -2.5842133 9.610901
-1.7769012 -2.422348 9.532349
-1.8673553 -2.4390106 9.484741
-1.1389618 -2.172409 9.322876
-0.5129242 -3.1888275 9.791809
-0.93663025 -2.8055878 9.706116
-0.6509857 -2.9769745 9.563293
-0.88664246 -2.9198456 9.251465
-0.8176117 -3.0864716 8.946777
-0.53196716 -3.633957 9.130066
-0.9080658 -3.7958221 9.28717
-1.4055634 -3.4268646 8.918213
-0.079696655 -2.6937103 10.482117
-0.25346375 -2.7270355 9.8394165
-0.50816345 -2.0843353 9.446655
-0.83665466 -2.1700287 9.791809
-0.5605316 -2.5080414 9.832275
-0.7081146 -2.6651459 9.434753
-0.78666687 -2.646103 9.858459
-0.84617615 -2.9555511 9.496643
-0.86997986 -2.4770966 9.370483
-0.7247772 -2.543747 9.427612
-0.7914276 -2.9198456 9.760864
-0.877121 -2.929367 9.577576
-0.85569763 -3.3506927 9.277649
-0.7581024 -3.3792572 9.615662
-0.7914276 -3.2864227 9.637085
-0.95329285 -3.0793304 9.34906
-0.96043396 -3.0817108 9.653748
-0.8271332 -2.8698578 9.703735
-0.84617615 -3.2769012 9.725159
-1.1580048 -2.3366547 9.187195
-1.0151825 -2.62706 9.613281
-0.8152313 -2.9055634 9.715637
-0.6605072 -2.7484589 9.632324
-0.691452 -2.4913788 9.684692
-0.7366791 -2.5485077 9.744202
-0.710495 -2.4889984 9.696594
-0.58195496 -2.6222992 9.484741
-0.55101013 -3.1293182 9.568054
-0.4296112 -3.3221283 9.641846
-0.5129242 -2.857956 9.546631
-0.60575867 -2.467575 9.627563
-0.62480164 -2.3485565 9.620422
-0.5938568 -2.3985443 9.584717
-0.4557953 -2.6675262 9.696594
-0.5057831 -2.7270355 9.634705
-0.41056824 -2.7246552 9.594238
-0.5034027 -2.8103485 9.589478
-0.5771942 -2.8174896 9.632324
-0.6771698 -2.7603607 9.318115
-0.6938324 -2.679428 9.529968
-0.7914276 -2.7556 9.472839
-0.8890228 -2.6508636 9.644226
-1.005661 -2.5032806 9.827515
-0.9723358 -2.3556976 9.7323
-0.9080658 -2.3057098 9.817993
-0.9723358 -2.3080902 9.806091
-1.0984955 -2.4056854 9.718018
-0.9913788 -2.5675507 9.582336
-0.6747894 -2.8793793 9.330017
-0.30345154 -3.467331 9.184814
-0.08683777 -4.114792 9.318115
-0.22966003 -3.7410736 9.1657715
-0.16777039 -3.095993 10.067932
-0.24632263 -2.4080658 9.837036
-0.11778259 -2.7865448 8.3255005
0.90101624 -2.5223236 9.491882
1.4223175 -3.20549 9.280029
1.2818756 -4.262375 9.66803
1.1914215 -4.431381 9.358582
0.970047 -3.5720673 9.370483
0.45588684 -2.8555756 9.2300415
0.034561157 -2.7246552 9.872742
-0.18919373 -2.3747406 9.66803
-0.14872742 -2.0105438 9.934631
0.051223755 -2.0724335 9.620422
0.443985 -2.1605072 10.739197
0.13215637 -2.6746674 9.008667
0.508255 -2.403305 9.98938
0.21546936 -2.5009003 9.941772
0.28926086 -3.5792084 9.127686
-0.122543335 -3.864853 9.201477
-0.16539001 -3.8243866 9.206238
-0.5771942 -3.2935638 9.318115
-0.9675751 -2.781784 9.456177
-1.1199188 -2.5366058 9.546631
-1.2484589 -2.49852 9.53949
-1.2127533 -2.7341766 9.456177
-1.1937103 -2.9793549 9.587097
-1.1889496 -3.153122 9.47522
-1.3293915 -3.255478 9.568054
-1.365097 -3.2745209 9.463318
-1.2056122 -3.2959442 9.453796
-1.1151581 -3.1316986 9.458557
-1.0199432 -3.0650482 9.47522
-0.877121 -2.88414 9.5442505
-0.73905945 -2.9817352 9.653748
-0.6843109 -3.153122 9.54187
-0.52482605 -3.391159 9.363342
-0.5200653 -3.5934906 9.15387
-0.58909607 -3.5363617 9.41333
-0.6176605 -3.2102509 9.487122
-0.63908386 -2.8793793 9.508545
-0.6105194 -2.7198944 9.632324
-0.6128998 -2.679428 9.660889
-0.6676483 -2.5794525 9.703735
-0.69621277 -2.5080414 9.665649
-0.72953796 -2.4366302 9.727539
-0.7700043 -2.3342743 9.610901
-0.8247528 -2.3176117 9.665649
-0.8414154 -2.608017 9.582336
-0.8723602 -2.857956 9.422852
-1.1984711 -3.1197968 9.249084
-0.54862976 -3.345932 10.148865
-0.46055603 -3.2697601 10.015564
-0.7438202 -2.331894 9.527588
-0.82951355 -2.3295135 9.403809
-1.0461273 -2.4747162 9.125305
-0.10588074 -2.6556244 10.05603
-0.14396667 -3.2269135 9.875122
-0.22013855 -2.4294891 9.575195
-0.5105438 -2.4009247 9.449036
-0.5557709 -2.929367 9.353821
-0.27012634 -2.762741 9.551392
-0.2082367 -3.1007538 9.491882
-0.479599 -3.2459564 9.491882
-0.6771698 -3.1316986 9.384766
-0.7604828 -3.095993 9.622803
-0.8176117 -2.7056122 9.696594
-0.8818817 -2.2200165 9.789429
-0.8176117 -1.7201385 9.939392
-0.6700287 -1.7225189 9.901306
-0.7914276 -2.6484833 9.841797
-1.005661 -2.3104706 9.408569
-0.9342499 -2.672287 9.844177
-1.1508636 -2.7698822 10.017944
-1.2865448 -2.4532928 9.575195
-1.2389374 -2.2723846 9.391907
-0.8247528 -2.403305 9.3966675
-0.21775818 -2.9888763 9.703735
-0.015426636 -3.4530487 9.494263
-0.08683777 -3.614914 9.601379
-0.4296112 -3.5673065 9.7751465
-0.7842865 -2.6413422 8.356445
0.28926086 -2.6675262 9.982239
0.4844513 -3.1840668 9.54187
-0.0011444092 -3.024582 9.701355
-0.42485046 -3.1174164 9.917969
-0.6676483 -3.2102509 9.672791
-0.3058319 -2.581833 8.982483
0.39637756 -2.3247528 9.049133
0.70106506 -2.6365814 9.294312
0.5558624 -2.800827 9.449036
0.26545715 -2.5675507 9.303833
0.2940216 -2.7127533 10.624939
0.19880676 -2.1605072 10.408325
-0.13920593 -2.4318695 9.763245
-0.055892944 -2.6199188 9.648987
0.17262268 -1.998642 9.677551
0.005996704 -2.2509613 9.251465
0.9224396 -2.6175385 9.182434
1.6127472 -2.9555511 10.089355
1.136673 -3.4792328 9.682312
0.9557648 -3.3221283 10.320251
0.44636536 -2.8222504 9.444275
0.7082062 -1.7748871 8.680176
1.2556915 -1.3107147 9.4609375
1.3009186 -2.0962372 9.7323
0.6582184 -2.8603363 9.915588
0.07978821 -2.974594 9.637085
0.2535553 -2.5842133 9.453796
0.7867584 -3.0174408 9.696594
0.9367218 -3.7101288 10.658264
0.40351868 -3.2078705 10.893921
0.87483215 -3.5911102 10.460693
1.6865387 -3.8553314 8.365967
-0.543869 -2.9960175 9.02771
-2.4196014 -2.588974 9.163391
-2.2648773 -1.9510345 8.425476
-3.2670135 -2.1985931 8.530212
-2.5981293 -2.5080414 9.389526
-2.73143 -3.6268158 9.720398
-3.0242157 -2.9793549 9.867981
-1.4127045 -2.415207 10.034607
-1.6316986 -4.4647064 10.458313
-1.9982758 -1.5249481 9.725159
-1.6007538 -1.8462982 9.577576
-1.6912079 -2.5199432 9.518066
-1.550766 -2.6937103 9.303833
-0.9913788 -3.4792328 8.825378
-1.5412445 -3.9957733 9.032471
-1.653122 -3.1555023 9.458557
-1.7459564 -2.5270844 9.727539
-1.615036 -1.9772186 9.791809
-1.6078949 -1.9700775 9.701355
-1.5888519 -2.5199432 9.444275
-1.3555756 -2.0652924 9.510925
-0.8985443 -1.832016 9.79657
-0.44151306 -2.2057343 9.744202
-0.3391571 -2.8746185 10.020325
-0.0844574 -3.8838959 10.096497
0.02027893 -4.9264984 9.003906
0.10597229 -5.1573944 9.163391
0.08930969 -4.5670624 9.099121
0.12025452 -3.7934418 9.177673
-0.039230347 -3.1126556 9.032471
0.005996704 -2.4056854 9.344299
-0.036849976 -2.2842865 9.656128
-0.16777039 -2.3890228 9.632324
-0.28440857 -2.415207 9.591858
-0.2820282 -2.479477 9.972717
-0.14634705 -2.4628143 10.225037
-0.43675232 -2.2914276 8.949158
-0.2653656 -2.5485077 10.0060425
-0.22251892 -2.6246796 9.967957
-0.2582245 -2.698471 9.970337
-0.29393005 -3.0840912 9.6085205
-0.37724304 -3.455429 9.3966675
-0.42485046 -3.557785 9.439514
-0.4629364 -3.2483368 9.35144
-0.5700531 -2.8960419 9.334778
-0.76286316 -2.8103485 9.449036
-0.76286316 -3.115036 9.337158
-0.68193054 -3.6363373 9.337158
-0.5724335 -3.6196747 9.337158
-0.5224457 -3.4459076 9.418091
-0.7366791 -3.576828 9.322876
-0.7200165 -3.7529755 9.418091
-0.72239685 -3.5887299 9.399048
-0.91044617 -3.2769012 9.534729
-1.0556488 -2.8627167 9.551392
-1.0794525 -2.5723114 9.515686
-1.1222992 -2.4342499 9.537109
-1.1770477 -2.2509613 9.47522
-1.3341522 -2.0343475 9.560913
-0.6938324 -2.229538 10.241699
Time Stop = 6717
