Time Start = 2138
-0.35820007 -1.5463715 9.929871
-0.4391327 -1.5344696 9.86322
-0.9651947 -1.4892426 9.822754
-1.3817596 -1.2726288 9.834656
-1.3555756 -0.8655853 9.879883
-1.2341766 -0.82987976 10.036987
-1.0604095 -0.8846283 9.98938
-0.9723358 -1.1631317 10.022705
-0.8675995 -1.3011932 10.084595
-0.8509369 -1.4011688 10.275024
-0.71525574 -1.2369232 10.213135
-0.6700287 -1.2083588 10.329773
-0.646225 -1.1488495 10.227417
-0.6866913 -0.95365906 10.2178955
-0.7676239 -0.83940125 10.258362
-0.79618835 -0.6370697 10.241699
-0.8342743 -0.43473816 10.265503
-0.8437958 -0.28715515 10.196472
-0.8271332 -0.10386658 10.3012085
-0.7200165 -0.04673767 10.401184
-0.60575867 -0.15385437 10.434509
-0.5295868 -0.23240662 10.465454
-0.54862976 -0.23002625 10.398804
-0.52482605 -0.11338806 10.558289
-0.6128998 0.031814575 10.539246
-0.5533905 0.15559387 10.667786
-0.5224457 0.20796204 10.746338
-0.35105896 0.30555725 10.872498
-0.17253113 0.26509094 10.943909
-0.04875183 0.25080872 11.070068
-0.07017517 0.1698761 11.315247
-0.09635925 0.015151978 11.084351
-0.027328491 -0.19670105 11.077209
0.22499084 -0.25144958 10.970093
0.41542053 -0.058639526 10.858215
0.4178009 0.40315247 10.905823
-0.07493591 0.7364044 11.027222
-0.44389343 1.1053619 10.851074
-0.34629822 1.4124298 11.077209
-0.0844574 1.4790802 11.446167
0.1131134 1.6338043 11.581848
0.1464386 1.6004791 11.367615
-0.04875183 1.529068 11.041504
-0.3058319 1.5052643 10.69873
-0.41056824 1.5171661 10.4487915
-0.36058044 1.6933136 10.096497
-0.28440857 1.9551544 10.101257
-0.19395447 2.1812897 10.158386
-0.16300964 2.6359406 10.132202
-0.31297302 2.9834747 10.163147
-0.4058075 3.2643585 10.11792
-0.4629364 3.3595734 9.939392
-0.5272064 3.292923 9.725159
-0.55815125 3.1953278 9.501404
-0.60575867 3.1358185 9.446655
-0.6343231 3.1239166 9.399048
-0.7581024 3.2786407 9.391907
-0.81999207 3.3214874 9.280029
-0.8723602 3.4286041 9.168152
-0.9247284 3.3928986 8.982483
-0.90330505 3.2881622 8.784912
-0.9080658 3.2453156 8.601624
-0.8009491 3.3405304 8.520691
-0.6795502 3.5000153 8.551636
-0.646225 3.7666168 8.615906
-0.6771698 4.0451202 8.818237
-0.8271332 4.152237 8.861084
-0.93663025 4.29982 8.853943
-1.0485077 4.5783234 8.732544
-1.0984955 4.923477 8.608765
-1.1056366 5.049637 8.630188
-1.1246796 5.230545 8.468323
-1.2103729 5.235306 8.213623
-1.2722626 5.1948395 8.06366
-1.2794037 5.192459 7.706604
-1.3341522 5.235306 7.468567
-1.3032074 5.178177 7.2162476
-1.3151093 5.0662994 6.9329834
-1.2913055 4.961563 6.685425
-1.3032074 4.9568024 6.3164673
-1.3293915 4.9901276 6.0808105
-1.31987 4.9258575 5.788025
-1.3436737 4.9377594 5.416687
-1.3246307 4.9258575 5.223877
-1.2127533 4.904434 5.0620117
-1.1008759 4.8806305 4.954895
-1.1413422 4.916336 4.788269
-1.1294403 4.9829865 4.7073364
-1.1294403 5.00679 4.524048
-1.0080414 4.9306183 4.378845
-0.91044617 4.9829865 4.269348
-0.9009247 4.9591827 4.47406
-0.8818817 4.968704 4.626404
-0.9580536 5.0472565 4.6192627
-0.90330505 5.282913 4.5811768
-0.77952576 5.4852448 4.414551
-0.62480164 5.8351593 4.3217163
-0.39152527 6.0303497 4.414551
-0.12730408 6.1065216 4.640686
0.07026672 6.268387 4.864441
0.1797638 6.4516754 5.147705
0.2868805 6.6397247 5.352417
0.37971497 6.7920685 5.5357056
0.4677887 6.942032 5.6452026
0.62965393 7.18721 5.7023315
0.6248932 7.3681183 5.909424
0.5153961 7.487137 6.1379395
0.36543274 7.5561676 6.199829
0.21546936 7.418106 6.4592896
0.15596008 7.2800446 6.359314
0.23451233 7.051529 6.26886
0.34162903 6.892044 6.230774
0.4273224 7.0301056 6.27124
0.41542053 7.1776886 6.371216
0.30592346 7.2919464 6.5735474
0.28926086 7.2276764 6.6116333
0.31782532 7.2229156 6.5116577
0.3273468 6.9920197 6.3188477
0.37971497 6.903946 6.192688
0.42494202 6.877762 6.095093
0.42970276 6.7016144 6.090332
0.42256165 6.73732 6.0165405
0.37495422 6.763504 5.9974976
0.30830383 6.8515778 5.9260864
0.25831604 6.853958 5.935608
0.21070862 6.7992096 5.9070435
0.2368927 6.6302032 5.890381
0.26307678 6.461197 5.8999023
0.3106842 6.3374176 5.8356323
0.27497864 6.2398224 5.866577
0.23927307 6.22316 5.7737427
0.17262268 6.282669 5.7737427
0.16548157 6.468338 5.7142334
0.10359192 6.6778107 5.9522705
0.17738342 6.775406 5.976074
0.24165344 6.8063507 5.9594116
0.277359 6.67305 5.8427734
0.2868805 6.5683136 5.9641724
0.34638977 6.6183014 5.9784546
0.25831604 6.646866 5.961792
0.3511505 6.6563873 5.94989
0.37019348 6.730179 6.154602
0.34877014 6.944412 6.26886
0.17262268 7.153885 6.46167
0.1131134 7.3133698 6.5235596
-0.029708862 7.4466705 6.5664063
-0.07017517 7.5347443 6.5878296
-0.008285522 7.50618 6.52594
0.09883118 7.437149 6.4473877
0.23213196 7.301468 6.449768
0.21070862 7.130081 6.494995
0.34162903 6.911087 6.347412
0.35591125 6.903946 6.2474365
0.34877014 6.808731 6.1831665
0.4749298 6.7468414 6.192688
0.49397278 6.680191 6.147461
0.4749298 6.565933 6.1522217
0.4749298 6.468338 5.9379883
0.49397278 6.411209 5.826111
0.5820465 6.4826202 5.9022827
0.5820465 6.494522 5.928467
0.5106354 6.584976 5.871338
0.46064758 6.713516 5.890381
0.37971497 6.858719 5.904663
0.33924866 7.020584 6.0617676
0.31306458 7.168167 6.1641235
0.32496643 7.2610016 6.283142
0.4416046 7.2467194 6.256958
0.48207092 7.1134186 6.1331787
0.49873352 7.0681915 6.1141357
0.37257385 7.103897 6.1641235
0.34638977 7.2157745 6.2617188
0.22975159 7.320511 6.3188477
0.22975159 7.4085846 6.314087
0.27259827 7.38002 6.2807617
0.33448792 7.168167 6.20697
0.33448792 6.968216 6.102234
0.30830383 6.853958 6.1046143
0.30830383 6.8039703 6.1498413
0.28450012 6.7349396 6.1141357
0.29640198 6.744461 6.0879517
0.2702179 6.763504 6.0236816
0.32496643 6.813492 6.01416
0.277359 6.820633 5.928467
0.23451233 6.80159 5.8689575
0.2606964 6.7277985 5.8760986
0.25117493 6.5992584 5.942749
0.23451233 6.5421295 6.0927124
0.2868805 6.48024 6.097473
0.22261047 6.582596 6.1903076
0.010757446 6.7468414 6.2807617
-0.14396667 6.9396515 6.3307495
-0.34391785 7.230057 6.2545776
-0.45341492 7.610916 6.314087
-0.3891449 7.7656403 6.306946
-0.17967224 7.8299103 6.2617188
0.08692932 7.694229 6.218872
0.28450012 7.3752594 6.1450806
0.5415802 7.0919952 6.033203
0.68440247 6.7849274 5.9784546
0.66773987 6.5802155 5.9784546
0.6486969 6.4207306 5.9451294
0.6225128 6.3612213 6.057007
0.6225128 6.2993317 6.1498413
0.5344391 6.2398224 6.2022095
0.50587463 6.249344 6.166504
0.42018127 6.2779083 6.147461
0.35591125 6.392166 6.173645
0.3511505 6.4707184 6.230774
0.29640198 6.5730743 6.2855225
0.24879456 6.623062 6.378357
0.21308899 6.6897125 6.283142
0.117874146 6.8182526 6.2664795
0.04170227 6.9896393 6.314087
0.01789856 7.1324615 6.2593384
-0.029708862 7.275284 6.166504
-0.010665894 7.418106 5.9522705
0.10121155 7.4776154 5.768982
0.2940216 7.513321 5.723755
0.4915924 7.577591 5.647583
0.69392395 7.44191 5.62854
0.8391266 7.146744 5.7285156
0.86769104 6.975357 5.673767
0.84150696 6.8491974 5.8118286
0.6986847 6.903946 6.01416
0.5177765 6.975357 6.2664795
0.33210754 7.027725 6.4283447
0.08216858 7.0919952 6.435486
-0.07493591 6.9896393 6.423584
-0.22489929 6.9777374 6.46167
-0.22013855 6.9063263 6.473572
-0.13920593 6.8706207 6.366455
-0.13444519 6.9467926 6.325989
-0.13206482 6.944412 6.1427
-0.17253113 6.982498 5.9903564
-0.12968445 7.013443 5.9141846
-0.07255554 7.0824738 5.826111
-0.0011444092 7.025345 5.647583
0.08692932 6.9325104 5.3357544
0.19404602 6.853958 5.1762695
0.26307678 6.7087555 5.0286865
0.37257385 6.67305 4.7977905
0.42970276 6.7039948 4.685913
0.50349426 6.6563873 4.7668457
0.57014465 6.6135406 4.735901
0.67726135 6.5540314 4.7858887
0.822464 6.4826202 4.8953857
0.8772125 6.3445587 4.9453735
0.8938751 6.230301 5.05249
0.8534088 6.127945 5.128662
0.6891632 6.1945953 5.159607
0.49635315 6.2422028 5.338135
0.3440094 6.2088776 5.5737915
0.27973938 6.1945953 5.711853
0.29878235 6.0470123 5.795166
0.2868805 5.825638 5.847534
0.28211975 5.7161407 5.7356567
0.21784973 5.6375885 5.6951904
0.117874146 5.808975 5.840393
-0.013046265 6.0422516 5.892761
-0.18443298 6.199356 6.0617676
-0.26060486 6.301712 6.07843
-0.24632263 6.301712 6.0808105
-0.06303406 6.0351105 6.1712646
0.16786194 5.7542267 6.2212524
0.26545715 5.435257 6.256958
0.24165344 5.13295 6.3164673
0.051223755 4.761612 6.3974
-0.09159851 4.5021515 6.3450317
-0.08207703 4.326004 6.552124
0.06550598 4.2212677 6.7020874
0.29164124 4.1427155 7.032959
0.48921204 4.0522614 7.290039
0.58680725 3.9879913 7.4352417
0.7224884 3.9689484 7.7018433
0.85816956 3.8975372 8.00177
1.0033722 3.697586 8.051758
1.0057526 3.4262238 7.9851074
1.0009918 3.3048248 8.080322
0.91767883 3.40242 8.363586
0.86769104 3.7570953 8.646851
0.8153229 4.209366 8.977722
0.6963043 4.68544 9.139587
0.39161682 4.9449005 9.534729
0.18928528 4.8877716 9.622803
0.096450806 4.852066 9.508545
0.1797638 4.525955 9.615662
0.35829163 4.242691 9.54187
0.5011139 3.909439 9.249084
0.41304016 3.6761627 9.187195
0.33924866 3.4524078 9.101501
0.19880676 3.3595734 9.177673
0.055984497 3.4571686 9.241943
-0.14872742 3.5381012 9.244324
-0.34153748 3.4571686 9.258606
-0.49388123 3.4000397 9.075317
-0.4962616 3.2048492 9.013428
-0.33677673 2.8906403 8.953918
-0.17015076 2.5954742 8.927734
-0.1582489 2.2884064 8.944397
-0.2891693 2.100357 9.058655
-0.31773376 2.0384674 9.072937
-0.28440857 2.0456085 9.106262
-0.3486786 1.805191 9.227661
-0.40104675 1.7242584 9.068176
-0.40818787 1.6100006 9.072937
-0.18681335 1.4766998 9.175293
0.053604126 1.4148102 9.253845
0.117874146 1.298172 9.4776
0.12739563 1.1862946 9.808472
0.04170227 1.1529694 10.027466
-0.09159851 1.2100983 10.165527
-0.22489929 1.2410431 10.3012085
-0.2320404 1.1553497 10.317871
0.01789856 0.9101715 10.370239
0.2202301 0.7149811 10.239319
0.36305237 0.49360657 10.255981
0.33924866 0.31269836 10.375
0.25117493 0.18415833 10.513062
0.13691711 0.15559387 10.667786
0.055984497 0.14131165 10.767761
-0.032089233 0.036575317 10.829651
-0.032089233 0.04133606 10.7439575
-0.122543335 -0.032455444 10.736816
-0.27964783 -0.2086029 10.636841
-0.4296112 -0.2657318 10.382141
-0.5843353 -0.2919159 10.272644
-0.5676727 -0.3728485 10.303589
-0.50816345 -0.40379333 10.358337
-0.42485046 -0.6108856 10.30835
-0.5295868 -0.80607605 10.265503
-0.6128998 -0.90605164 10.277405
-0.77952576 -0.8679657 10.317871
-0.8271332 -0.79893494 10.341675
-0.79618835 -0.77989197 10.334534
-0.7842865 -0.8274994 10.325012
-0.78904724 -0.97984314 10.208374
-0.8509369 -1.0893402 10.077454
-0.91044617 -1.2202606 10.072693
-0.9580536 -1.2750092 9.994141
-1.0366058 -1.3011932 9.994141
-0.9913788 -1.2773895 10.096497
-0.9152069 -1.1797943 10.486877
-0.8009491 -1.1464691 10.793945
-0.76286316 -1.2464447 10.979614
-0.80332947 -1.5011444 11.041504
-0.8604584 -1.7177582 10.941528
-0.78666687 -1.9200897 10.836792
-0.7342987 -2.017685 10.782043
-0.6938324 -2.0843353 10.643982
-0.73905945 -2.165268 10.601135
-0.8342743 -2.2581024 10.467834
-0.89616394 -2.3080902 10.156006
-0.9342499 -2.3890228 9.98938
-0.9723358 -2.4556732 9.822754
-0.9651947 -2.5342255 9.696594
-0.9485321 -2.5723114 9.582336
-0.9842377 -2.6508636 9.551392
-1.005661 -2.7532196 9.560913
-0.9485321 -2.7651215 9.629944
-0.92948914 -2.7532196 9.553772
-0.9152069 -2.8151093 9.582336
-0.93663025 -2.8555756 9.646606
-0.9556732 -3.01268 9.713257
-1.0818329 -3.2031097 9.891785
-1.1556244 -3.3173676 9.808472
-1.172287 -3.338791 9.829895
-1.1270599 -3.3411713 9.825134
-1.1556244 -3.3221283 9.944153
-1.2008514 -3.2269135 9.996521
-1.2651215 -3.1459808 9.92511
-1.3412933 -3.0436249 9.906067
-1.3817596 -3.0626678 9.727539
-1.422226 -3.1197968 9.60376
-1.4008026 -3.1055145 9.420471
-1.4103241 -3.1364594 9.34668
-1.3793793 -3.0817108 9.249084
-1.4388885 -3.0364838 9.277649
-1.5174408 -3.057907 9.363342
-1.6293182 -3.1507416 9.258606
-1.6055145 -3.262619 9.306213
-1.5102997 -3.3483124 9.241943
-1.5364838 -3.3411713 9.28717
-1.4769745 -3.3578339 9.34668
-1.5198212 -3.3340302 9.363342
-1.5436249 -3.3483124 9.451416
-1.5793304 -3.3483124 9.439514
-1.5198212 -3.3364105 9.427612
-1.4936371 -3.2721405 9.446655
-1.4769745 -3.2769012 9.4609375
-1.4603119 -3.2031097 9.453796
-1.4983978 -3.14122 9.463318
-1.4936371 -3.1221771 9.472839
-1.505539 -3.1269379 9.549011
-1.4983978 -3.1316986 9.537109
-1.505539 -3.107895 9.506165
-1.5102997 -3.1245575 9.506165
-1.5222015 -3.107895 9.529968
-1.5579071 -3.1245575 9.527588
-1.5793304 -3.1007538 9.534729
-1.5721893 -3.1293182 9.47522
-1.5626678 -3.1031342 9.425232
-1.5626678 -3.0460052 9.522827
-1.5745697 -2.986496 9.534729
-1.5745697 -2.986496 9.4776
-1.634079 -3.0007782 9.463318
-1.6269379 -2.986496 9.401428
-1.6269379 -2.9983978 9.429993
-1.5555267 -2.8936615 9.382385
-1.5364838 -2.8793793 9.375244
-1.5602875 -2.8412933 9.441895
-1.6126556 -2.8103485 9.449036
-1.615036 -2.7770233 9.5252075
-1.5626678 -2.8055878 9.496643
-1.5888519 -2.7960663 9.446655
-1.5769501 -2.8032074 9.47522
-1.5674286 -2.7984467 9.468079
-1.6078949 -2.81987 9.456177
-1.6459808 -2.8508148 9.406189
-1.6864471 -2.876999 9.441895
-1.6650238 -2.8722382 9.332397
-1.6674042 -2.8817596 9.3133545
-1.7888031 -2.857956 9.456177
-1.7530975 -2.8674774 9.518066
-1.7316742 -2.8531952 9.529968
-1.7411957 -2.8603363 9.615662
-1.7364349 -2.9008026 9.675171
-1.7007294 -2.9269867 9.665649
-1.6769257 -2.9841156 9.587097
-1.6293182 -2.9769745 9.549011
-1.6031342 -2.9960175 9.534729
-1.4722137 -2.9817352 9.694214
-1.4293671 -2.941269 9.679932
-1.3579559 -2.9983978 9.463318
-1.3484344 -3.0364838 9.420471
-1.2556 -3.069809 9.389526
-1.2008514 -3.0840912 9.358582
-1.1556244 -3.0721893 9.380005
-1.1437225 -3.0269623 9.487122
-1.1603851 -3.0483856 9.529968
-1.1603851 -3.0936127 9.584717
-1.1318207 -3.115036 9.598999
-1.0842133 -3.2292938 9.618042
-1.0485077 -3.262619 9.594238
-1.0009003 -3.3149872 9.601379
-0.9723358 -3.319748 9.501404
-0.9985199 -3.3364105 9.54187
-1.0009003 -3.262619 9.532349
-1.0199432 -3.2483368 9.499023
-1.0604095 -3.20549 9.468079
-1.134201 -3.2078705 9.34906
-1.088974 -3.2221527 9.353821
-1.108017 -3.2483368 9.244324
-1.1294403 -3.1626434 9.249084
-1.1699066 -3.1436005 9.34906
-1.2103729 -3.0531464 9.537109
-1.2508392 -2.941269 9.613281
-1.236557 -2.8936615 9.508545
-1.1675262 -2.8246307 9.451416
-1.172287 -2.7675018 9.360962
-1.0865936 -2.6651459 9.365723
-1.1246796 -2.5461273 9.322876
-1.1484833 -2.3890228 9.389526
-1.1365814 -2.267624 9.515686
-1.1818085 -2.203354 9.589478
-1.1865692 -2.1866913 9.556152
-1.2413177 -2.2723846 9.515686
-1.1699066 -2.3437958 9.620422
-1.1699066 -2.3247528 9.598999
-1.2436981 -2.3414154 9.598999
-1.2984467 -2.300949 9.658508
-1.3103485 -2.3342743 9.694214
-1.3865204 -2.339035 9.739441
-1.403183 -2.3628387 9.710876
-1.422226 -2.4271088 9.618042
-1.3627167 -2.5223236 9.60376
-1.3912811 -2.569931 9.568054
-1.4269867 -2.5984955 9.503784
-1.4341278 -2.5532684 9.47522
-1.4365082 -2.5604095 9.484741
-1.4269867 -2.5413666 9.403809
-1.4460297 -2.581833 9.458557
-1.4983978 -2.5032806 9.563293
-1.5245819 -2.5199432 9.549011
-1.5626678 -2.5461273 9.577576
-1.5579071 -2.6103973 9.453796
-1.5198212 -2.6675262 9.534729
-1.5198212 -2.6318207 9.629944
-1.5817108 -2.5794525 9.687073
-1.6578827 -2.5556488 9.675171
-1.6697845 -2.5984955 9.746582
-1.5912323 -2.5580292 9.806091
-1.4912567 -2.5675507 9.825134
-1.4579315 -2.5294647 9.870361
-1.4293671 -2.5151825 9.79895
-1.3603363 -2.5128021 9.715637
-1.31987 -2.5842133 9.653748
-1.2127533 -2.5865936 9.549011
-1.172287 -2.653244 9.598999
-1.1246796 -2.6651459 9.584717
Time Stop = 2143
