Time Start = 2116
0.04170227 -0.27049255 10.18457
0.055984497 -0.33476257 10.167908
0.022659302 -0.4228363 10.136963
0.027420044 -0.47520447 10.1345825
-0.04637146 -0.47044373 10.091736
-0.022567749 -0.3419037 10.139343
-0.010665894 -0.23716736 10.189331
0.08692932 -0.23716736 10.127441
0.17500305 -0.3561859 10.05603
0.20832825 -0.4728241 9.848938
0.1631012 -0.5394745 9.79895
0.42970276 -0.5727997 9.948914
0.4178009 -0.4966278 10.127441
0.3678131 -0.46568298 10.344055
0.15357971 -0.38713074 10.474976
-0.101119995 -0.28477478 10.5321045
-0.29631042 -0.015792847 10.486877
-0.24632263 0.22462463 10.677307
-0.06303406 0.35554504 10.8272705
0.12739563 0.30317688 10.665405
0.50349426 -0.13957214 10.574951
0.7129669 -0.23478699 10.524963
1.0438385 -0.36332703 10.477356
1.3009186 -0.19194031 10.872498
1.1580963 0.5721588 11.2057495
0.31544495 1.2505646 11.20813
-0.39866638 1.6814117 10.808228
-0.07493591 1.7647247 10.548767
0.7962799 1.6361847 10.510681
1.1819 1.4981232 10.734436
1.0747833 1.3719635 10.989136
0.6153717 1.2172394 11.024841
0.3106842 1.0101471 11.112915
0.24165344 0.9530182 10.972473
0.3202057 1.0506134 10.7630005
0.29640198 1.2100983 10.605896
0.28450012 1.4743195 10.5321045
0.1631012 1.6885529 10.465454
0.1464386 1.9218292 10.351196
0.2202301 2.0717926 10.267883
0.20118713 2.1551056 10.194092
0.1797638 2.1217804 10.065552
0.21784973 2.0908356 10.034607
0.2702179 2.1408234 9.915588
0.31782532 2.1789093 9.844177
0.31306458 2.2074738 9.820374
0.29164124 2.1812897 9.827515
0.35353088 2.266983 9.698975
0.360672 2.1979523 9.594238
0.3678131 2.2622223 9.427612
0.32258606 2.3098297 9.360962
0.25831604 2.3550568 9.272888
0.22737122 2.3526764 9.246704
0.27497864 2.4407501 9.280029
0.3035431 2.5716705 9.289551
0.28450012 2.7978058 9.258606
0.27259827 2.921585 9.28717
0.2368927 2.997757 9.306213
0.12025452 3.0120392 9.210999
0.01789856 3.0263214 9.189575
-0.04399109 3.0763092 9.0896
-0.060653687 3.1096344 9.032471
-0.08207703 3.042984 8.927734
-0.09397888 3.0977325 8.942017
-0.06541443 3.1572418 8.913452
-0.12968445 3.2024689 8.799194
-0.21061707 3.3262482 8.70636
-0.2582245 3.4762115 8.658752
-0.19395447 3.5381012 8.601624
-0.20347595 3.7856598 8.465942
-0.16300964 3.9594269 8.382629
-0.24156189 4.037979 8.237427
-0.26298523 4.0355988 8.13269
-0.2320404 4.0260773 7.9136963
-0.16539001 3.973709 7.8184814
-0.036849976 4.076065 7.7161255
0.005996704 4.209366 7.6018677
0.02027893 4.3212433 7.6708984
-0.041610718 4.4640656 7.6185303
-0.11778259 4.62117 7.461426
-0.0844574 4.673538 7.313843
-0.122543335 4.716385 7.3043213
-0.101119995 4.8115997 7.16864
-0.036849976 4.8806305 7.0686646
0.025039673 4.94014 7.002014
0.13691711 5.0210724 6.9091797
0.10121155 5.0353546 6.7973022
0.1464386 5.0401154 6.7996826
0.13215637 4.9829865 6.711609
0.1631012 4.9258575 6.6592407
0.18928528 5.0353546 6.5616455
0.12739563 5.1424713 6.635437
0.09883118 5.2472076 6.642578
0.10359192 5.370987 6.604492
0.17738342 5.4114532 6.621155
0.24403381 5.4757233 6.5616455
0.2702179 5.4900055 6.5497437
0.29164124 5.4828644 6.4331055
0.2606964 5.3805084 6.4069214
0.2035675 5.3757477 6.4069214
0.14405823 5.4709625 6.430725
0.17262268 5.5590363 6.390259
0.23927307 5.654251 6.473572
0.3273468 5.7661285 6.487854
0.31544495 5.8637238 6.59021
0.3273468 5.9898834 6.5616455
0.21308899 6.108902 6.59021
0.20118713 6.154129 6.533081
0.17738342 6.0946198 6.616394
0.17024231 6.154129 6.635437
0.277359 6.1065216 6.564026
0.22975159 6.1898346 6.533081
0.28926086 6.1684113 6.5545044
0.31544495 6.070816 6.5235596
0.32496643 6.0803375 6.480713
0.37495422 6.044632 6.5092773
0.41542053 6.166031 6.5116577
0.46540833 6.2350616 6.5759277
0.49397278 6.2588654 6.6640015
0.43208313 6.256485 6.5878296
0.4344635 6.1374664 6.6520996
0.43684387 6.1112823 6.5925903
0.4749298 6.025589 6.597351
0.49635315 6.0279694 6.666382
0.5249176 6.063675 6.699707
0.56300354 6.120804 6.775879
0.52015686 6.22554 6.768738
0.40827942 6.313614 6.8258667
0.48207092 6.3993073 6.9139404
0.51301575 6.392166 6.8306274
0.508255 6.320755 6.84729
0.5987091 6.230301 6.802063
0.6820221 6.1327057 6.897278
0.6225128 6.104141 6.873474
0.56300354 6.146988 6.9329834
0.54634094 6.2088776 6.91156
0.5177765 6.187454 6.8568115
0.5415802 6.22316 6.8068237
0.5153961 6.244583 6.859192
0.51301575 6.2398224 6.8758545
0.50587463 6.1303253 6.916321
0.5153961 6.2136383 6.873474
0.47016907 6.1707916 6.8234863
0.4749298 6.1565094 6.873474
0.5177765 6.1517487 6.7615967
0.52253723 6.2469635 6.752075
0.50349426 6.346939 6.7282715
0.5653839 6.4659576 6.794922
0.62013245 6.461197 6.8115845
0.64393616 6.389786 6.7092285
0.6796417 6.346939 6.7163696
0.6725006 6.3445587 6.621155
0.68678284 6.332657 6.730652
0.68678284 6.365982 6.7282715
0.67726135 6.4850006 6.852051
0.7248688 6.404068 6.8901367
0.7891388 6.3445587 6.8568115
0.83436584 6.2612457 6.852051
0.7415314 6.192215 6.787781
0.69392395 6.2350616 6.885376
0.6820221 6.327896 6.7663574
0.6082306 6.4588165 6.949646
0.6082306 6.48024 7.066284
0.57728577 6.4016876 7.066284
0.5749054 6.423111 6.9520264
0.50349426 6.4088287 6.91156
0.5582428 6.3945465 6.8306274
0.57014465 6.313614 6.880615
0.655838 6.180313 6.8615723
0.7486725 6.051773 6.7925415
0.7653351 6.006546 6.749695
0.72010803 6.0089264 6.711609
0.6653595 6.051773 6.699707
0.6082306 6.1565094 6.752075
0.57966614 6.306473 6.763977
0.52015686 6.385025 6.756836
0.5320587 6.3683624 6.7401733
0.52967834 6.3159943 6.6259155
0.50349426 6.392166 6.628296
0.5344391 6.48024 6.46167
0.5344391 6.525467 6.473572
0.52015686 6.596878 6.5426025
0.5415802 6.6373444 6.52594
0.57728577 6.6063995 6.4592896
0.6320343 6.539749 6.475952
0.70106506 6.5302277 6.423584
0.7867584 6.4730988 6.475952
0.8200836 6.35408 6.5497437
0.72010803 6.339798 6.5806885
0.6177521 6.3755035 6.4854736
0.5820465 6.4326324 6.564026
0.62965393 6.4397736 6.602112
0.74391174 6.3826447 6.621155
0.79389954 6.294571 6.6330566
0.72724915 6.282669 6.506897
0.6177521 6.237442 6.556885
0.52967834 6.335037 6.597351
0.5106354 6.3302765 6.5925903
0.5249176 6.3302765 6.59021
0.5582428 6.35408 6.602112
0.63679504 6.3612213 6.6140137
0.6320343 6.3636017 6.5806885
0.6653595 6.4207306 6.4854736
0.6486969 6.4088287 6.559265
0.6486969 6.3493195 6.5426025
0.6725006 6.3517 6.649719
0.6986847 6.3374176 6.556885
0.61299133 6.320755 6.642578
0.6153717 6.2969513 6.6592407
0.5677643 6.3374176 6.6640015
0.52253723 6.392166 6.6949463
0.4844513 6.3445587 6.680664
0.50587463 6.3612213 6.8377686
0.60346985 6.3802643 6.854431
0.6582184 6.3612213 6.7925415
0.62965393 6.365982 6.7139893
0.5677643 6.4088287 6.771118
0.4749298 6.4445343 6.8425293
0.4749298 6.4516754 6.821106
0.4416046 6.392166 6.763977
0.42494202 6.3421783 6.7615967
0.52015686 6.3159943 6.71875
0.46302795 6.2921906 6.6759033
0.41542053 6.275528 6.6306763
0.42018127 6.301712 6.65448
0.46064758 6.442154 6.7734985
0.4677887 6.4778595 6.7734985
0.48683167 6.506424 6.9091797
0.52253723 6.5540314 6.8877563
0.52015686 6.558792 6.9258423
0.49397278 6.4730988 6.854431
0.4178009 6.435013 6.8639526
0.43922424 6.430252 6.802063
0.508255 6.389786 6.873474
0.57728577 6.4135895 6.878235
0.6510773 6.3302765 6.852051
0.6391754 6.313614 6.8639526
0.57728577 6.2779083 6.763977
0.47731018 6.2731476 6.666382
0.44874573 6.2398224 6.628296
0.4273224 6.332657 6.6640015
0.4273224 6.3493195 6.5664063
0.5511017 6.385025 6.6068726
0.6463165 6.327896 6.649719
0.6725006 6.2279205 6.583069
0.6320343 6.139847 6.480713
0.6058502 6.104141 6.4592896
0.5844269 6.15889 6.468811
0.5320587 6.187454 6.5735474
0.591568 6.2279205 6.456909
0.5820465 6.218399 6.5307007
0.6486969 6.2326813 6.5664063
0.62727356 6.2541046 6.502136
0.66059875 6.244583 6.4783325
0.7058258 6.127945 6.4331055
0.72010803 6.127945 6.411682
0.77723694 6.058914 6.4402466
0.8296051 5.9851227 6.4854736
0.81770325 5.956558 6.4711914
0.7700958 5.9517975 6.475952
0.68440247 5.956558 6.499756
0.6725006 6.0232086 6.537842
0.739151 5.942276 6.602112
0.76057434 5.889908 6.6711426
0.7486725 5.828018 6.649719
0.66773987 5.813736 6.7092285
0.64393616 5.889908 6.6901855
0.5749054 5.973221 6.71875
0.46302795 6.0232086 6.7401733
0.37971497 5.935135 6.7663574
0.28926086 5.9256134 6.6949463
0.19404602 5.8494415 6.6330566
0.094070435 5.761368 6.423584
-0.04875183 5.680435 6.354553
-0.20109558 5.6375885 6.2783813
-0.25346375 5.468582 6.20697
-0.18205261 5.26149 6.123657
-0.12730408 5.0805817 6.0046387
-0.11540222 4.787796 5.871338
-0.07493591 4.511673 5.7856445
0.10835266 4.2331696 5.814209
0.27259827 3.9808502 5.8737183
0.35829163 3.728531 5.9974976
0.47254944 3.6547394 6.0213013
0.36305237 3.5381012 6.283142
0.31782532 3.5547638 6.3759766
0.31306458 3.485733 6.5878296
0.39637756 3.542862 6.9258423
0.674881 3.4238434 7.4542847
0.88197327 3.3333893 7.8565674
1.1128693 3.107254 8.237427
1.1580963 2.8596954 8.496887
1.0319366 2.721634 8.623047
0.8462677 2.6335602 8.668274
0.6725006 2.6335602 8.96344
0.70106506 2.5335846 9.263367
0.7629547 2.4812164 9.648987
0.886734 2.4693146 9.813232
0.8938751 2.433609 9.9869995
0.83436584 2.3479156 10.101257
0.78437805 2.2265167 10.294067
0.7867584 2.176529 10.3012085
0.803421 2.0265656 10.3012085
0.8438873 1.8575592 10.232178
0.9033966 1.6433258 10.286926
0.94862366 1.4790802 10.315491
1.0176544 1.3505402 10.37738
0.9843292 1.1196442 10.260742
0.9771881 1.0982208 10.205994
0.9438629 0.99586487 10.222656
0.87483215 0.93873596 10.234558
0.92481995 0.81495667 10.108398
0.90815735 0.7459259 10.167908
0.9391022 0.69355774 10.122681
0.9295807 0.69117737 10.077454
0.9605255 0.522171 10.0060425
0.9938507 0.36268616 9.884644
0.9224396 0.2032013 9.751343
0.9129181 0.077041626 9.746582
1.034317 -0.020553589 9.846558
1.1390533 -0.13243103 10.046509
1.1461945 -0.30143738 10.220276
1.11763 -0.3157196 10.279785
0.99861145 -0.23478699 10.2178955
0.95814514 -0.025314331 10.227417
0.9295807 0.072280884 10.458313
0.8724518 0.19844055 10.420227
0.78437805 0.1532135 10.515442
0.71058655 0.079422 10.541626
0.7248688 -0.06578064 10.57019
0.72724915 -0.11100769 10.486877
0.7320099 -0.19432068 10.432129
0.7153473 -0.33952332 10.363098
0.7058258 -0.43711853 10.260742
0.6225128 -0.5370941 10.177429
0.4915924 -0.6513519 10.3012085
0.42494202 -0.7441864 10.125061
0.3035431 -0.78227234 10.165527
0.3035431 -0.87272644 10.082214
0.35591125 -0.9441376 9.996521
0.41304016 -1.0179291 9.956055
0.42018127 -1.0583954 10.089355
0.3939972 -1.1702728 10.101257
0.33210754 -1.1559906 10.063171
0.2035675 -1.1488495 10.11554
0.12739563 -1.1060028 10.082214
0.1131134 -1.0607758 9.996521
0.013137817 -1.1179047 10.067932
-0.09635925 -1.2464447 10.141724
-0.13920593 -1.3678436 10.060791
-0.1915741 -1.3297577 10.029846
-0.20109558 -1.3368988 10.032227
-0.25346375 -1.3607025 10.089355
-0.30821228 -1.3845062 10.108398
-0.36772156 -1.5487518 10.215515
-0.4224701 -1.5725555 10.236938
-0.41532898 -1.7082367 10.3654785
-0.48197937 -1.7725067 10.291687
-0.51530457 -1.8082123 10.260742
-0.54862976 -1.8058319 10.1536255
-0.6128998 -1.8558197 10.010803
-0.6605072 -1.9105682 9.829895
-0.72953796 -1.9438934 9.901306
-0.8342743 -1.9700775 9.865601
-0.9247284 -1.9819794 9.856079
-0.9747162 -2.0605316 9.808472
-1.0199432 -2.0771942 10.003662
-1.0842133 -2.1890717 10.086975
-1.1556244 -2.1985931 10.129822
-1.1627655 -2.2009735 10.106018
-1.1246796 -2.1557465 10.177429
-1.153244 -2.0986176 10.286926
-1.069931 -2.005783 10.401184
-1.0461273 -1.9081879 10.4487915
-1.0080414 -1.9248505 10.460693
-0.9961395 -1.9534149 10.422607
-0.96995544 -1.998642 10.351196
-1.0984955 -2.1795502 10.253601
-1.0794525 -2.2842865 10.044128
-1.0794525 -2.3604584 9.982239
-1.0842133 -2.3937836 9.834656
-1.1318207 -2.4532928 9.675171
-1.1770477 -2.5604095 9.625183
-1.2032318 -2.62706 9.558533
-1.2436981 -2.5984955 9.370483
-1.2246552 -2.5556488 9.365723
-1.2079926 -2.5151825 9.289551
-1.2436981 -2.4532928 9.380005
-1.2698822 -2.4651947 9.401428
-1.2532196 -2.3747406 9.41095
-1.2484589 -2.415207 9.344299
-1.3055878 -2.4723358 9.337158
-1.2770233 -2.5461273 9.330017
-1.236557 -2.6056366 9.358582
-1.2460785 -2.7436981 9.446655
-1.2651215 -2.8365326 9.47522
-1.3055878 -2.8817596 9.598999
-1.3889008 -2.8984222 9.47998
-1.3460541 -2.910324 9.584717
-1.3865204 -2.9079437 9.653748
-1.3960419 -2.9127045 9.751343
-1.3889008 -2.8698578 9.722778
-1.403183 -2.8151093 9.801331
-1.4269867 -2.8151093 9.86084
-1.4579315 -2.793686 9.908447
-1.4531708 -2.7317963 10.0060425
-1.3722382 -2.6818085 9.915588
-1.4841156 -2.6556244 9.851318
-1.4365082 -2.6318207 9.846558
-1.5150604 -2.6413422 9.777527
-1.5602875 -2.6651459 9.741821
-1.5531464 -2.6199188 9.625183
-1.6102753 -2.653244 9.598999
-1.6412201 -2.7079926 9.646606
-1.653122 -2.7151337 9.577576
-1.6745453 -2.7008514 9.499023
-1.7031097 -2.698471 9.563293
-1.6864471 -2.7079926 9.47522
-1.7102509 -2.6818085 9.520447
-1.6959686 -2.7032318 9.563293
-1.6816864 -2.698471 9.549011
-1.743576 -2.7484589 9.634705
-1.7031097 -2.7127533 9.558533
-1.679306 -2.698471 9.53949
-1.6935883 -2.6937103 9.572815
-1.7221527 -2.736557 9.534729
-1.7031097 -2.69133 9.582336
-1.7007294 -2.6651459 9.53949
-1.6507416 -2.6008759 9.560913
-1.6245575 -2.6008759 9.546631
-1.5840912 -2.6199188 9.682312
-1.6578827 -2.6056366 9.625183
-1.6055145 -2.634201 9.594238
-1.6269379 -2.5770721 9.537109
-1.6174164 -2.6127777 9.553772
-1.6031342 -2.6056366 9.534729
-1.6174164 -2.5746918 9.47522
-1.6412201 -2.5675507 9.5252075
-1.6483612 -2.569931 9.499023
-1.6174164 -2.5723114 9.463318
-1.6364594 -2.5770721 9.482361
-1.6269379 -2.62706 9.491882
-1.6174164 -2.608017 9.503784
-1.634079 -2.5675507 9.510925
-1.6316986 -2.6175385 9.494263
-1.5888519 -2.62706 9.553772
-1.5817108 -2.6508636 9.520447
-1.5817108 -2.6484833 9.529968
-1.5840912 -2.569931 9.5442505
-1.6555023 -2.6318207 9.54187
-1.6174164 -2.608017 9.565674
-1.6364594 -2.6413422 9.60614
-1.6650238 -2.608017 9.591858
-1.6221771 -2.615158 9.565674
-1.6197968 -2.6556244 9.47998
-1.6197968 -2.698471 9.482361
-1.5864716 -2.6127777 9.506165
-1.5674286 -2.6032562 9.551392
-1.5721893 -2.5746918 9.577576
-1.5674286 -2.5746918 9.553772
-1.5198212 -2.5151825 9.501404
-1.5293427 -2.569931 9.558533
-1.5483856 -2.5366058 9.527588
-1.5579071 -2.5366058 9.510925
-1.5269623 -2.5199432 9.522827
-1.4960175 -2.5175629 9.522827
-1.4936371 -2.5104218 9.546631
-1.5102997 -2.5175629 9.556152
-1.5198212 -2.4889984 9.598999
-1.5388641 -2.5128021 9.508545
-1.5817108 -2.5294647 9.591858
-1.5817108 -2.4818573 9.610901
-1.5793304 -2.5223236 9.520447
-1.5888519 -2.5128021 9.560913
-1.5936127 -2.49852 9.532349
-1.5983734 -2.5366058 9.482361
-1.5460052 -2.5080414 9.427612
-1.5745697 -2.5294647 9.54187
-1.5793304 -2.479477 9.527588
-1.5674286 -2.5032806 9.596619
-1.6221771 -2.486618 9.522827
-1.6578827 -2.524704 9.5252075
-1.6483612 -2.5413666 9.491882
-1.6436005 -2.5770721 9.482361
-1.6388397 -2.6127777 9.558533
-1.595993 -2.5746918 9.579956
-1.6388397 -2.5937347 9.632324
-1.653122 -2.5651703 9.5442505
-1.653122 -2.5984955 9.582336
-1.6388397 -2.5770721 9.587097
-1.6031342 -2.543747 9.618042
-1.5364838 -2.4937592 9.6085205
-1.5579071 -2.4080658 9.677551
-1.5293427 -2.3914032 9.615662
-1.5293427 -2.3461761 9.618042
-1.5102997 -2.3795013 9.584717
-1.5222015 -2.3604584 9.549011
-1.4626923 -2.3985443 9.568054
-1.4269867 -2.4247284 9.506165
-1.3960419 -2.415207 9.41095
Time Stop = 2121
