Time Start = 2182
-0.9152069 -0.60136414 9.722778
-1.1032562 -0.7370453 9.551392
-1.6483612 -0.825119 9.6085205
-1.9863739 -0.64183044 9.634705
-2.0863495 0.031814575 9.646606
-2.069687 0.029434204 10.086975
-1.7483368 -0.16337585 10.139343
-1.5936127 -0.5204315 10.101257
-1.5674286 -0.63230896 10.201233
-1.3960419 -0.46092224 10.351196
-1.2317963 -0.3157196 10.489258
-1.1413422 -0.25621033 10.6154175
-1.1151581 -0.34666443 10.527344
-0.9961395 -0.44664 10.539246
-0.8342743 -0.5442352 10.453552
-0.8152313 -0.5394745 10.320251
-0.72239685 -0.47044373 10.4487915
-0.646225 -0.22050476 10.408325
-0.7009735 -0.11576843 10.367859
-0.75572205 -0.013412476 10.508301
-0.8342743 -0.0062713623 10.82489
-0.8080902 0.04371643 10.741577
-0.8414154 0.08180237 10.939148
-0.73905945 0.3674469 11.200989
-0.6700287 0.38887024 11.246216
-0.6628876 0.41505432 11.350952
-0.52482605 0.56025696 11.405701
-0.54148865 0.8601837 11.636597
-0.5129242 1.343399 11.793701
-0.65574646 1.7552032 11.993652
-0.6866913 1.907547 12.29834
-0.6747894 1.9503937 12.393555
-0.627182 1.9741974 12.272156
-0.5272064 2.1670074 12.148376
-0.54862976 2.3003082 12.086487
-0.69621277 2.3598175 11.6604
-0.774765 2.4193268 11.40332
-0.479599 2.6407013 11.393799
-0.1749115 2.7811432 11.65564
-0.19633484 2.8787384 11.8984375
-0.5129242 2.9073029 11.474731
-0.5795746 2.766861 11.153381
-0.47721863 2.6145172 10.755859
-0.29393005 2.4502716 10.396423
-0.14634705 2.4812164 10.015564
-0.13444519 2.4764557 9.7751465
-0.11540222 2.5335846 9.596619
-0.3153534 2.6240387 9.441895
-0.4462738 2.793045 9.337158
-0.5057831 2.8073273 9.225281
-0.44151306 2.8525543 9.037231
-0.4129486 2.9168243 8.815857
-0.3653412 2.8811188 8.506409
-0.3558197 2.8787384 8.368347
-0.33439636 2.9549103 7.968445
-0.4962616 3.062027 7.8303833
-0.61528015 3.088211 7.668518
-0.62242126 3.0834503 7.4995117
-0.59861755 3.1786652 7.275757
-0.52482605 3.3333893 7.1900635
-0.41056824 3.5000153 7.082947
-0.32725525 3.6285553 7.025818
-0.37486267 3.845169 6.7854004
-0.43437195 3.9356232 6.6949463
-0.45341492 3.9975128 6.6116333
-0.39390564 3.9499054 6.628296
-0.3058319 3.9975128 6.585449
-0.26774597 4.087967 6.6759033
-0.2320404 4.114151 6.668762
-0.22489929 4.2593536 6.6830444
-0.2986908 4.36409 6.623535
-0.3891449 4.561661 6.733032
-0.4058075 4.74971 6.7401733
-0.35105896 4.81398 6.673523
-0.29154968 4.859207 6.6520996
-0.20347595 4.9306183 6.6592407
-0.12730408 4.9782257 6.7615967
-0.041610718 5.0543976 6.6592407
-0.053512573 5.2210236 6.6901855
-0.0844574 5.3543243 6.623535
-0.13206482 5.4185944 6.661621
-0.14872742 5.549515 6.564026
-0.15348816 5.5590363 6.59021
-0.08921814 5.5923615 6.556885
-0.09397888 5.525711 6.556885
-0.039230347 5.4828644 6.456909
0.003616333 5.513809 6.3450317
0.01789856 5.613785 6.276001
0.003616333 5.6447296 6.26886
0.025039673 5.7851715 6.2164917
0.12739563 5.878006 6.2212524
0.09883118 5.975601 6.27124
0.19404602 5.9851227 6.2783813
0.18928528 6.013687 6.128418
0.1869049 6.006546 6.2093506
0.21784973 6.0946198 6.1498413
0.22737122 6.1493683 6.0736694
0.18452454 6.256485 6.1498413
0.075027466 6.301712 6.14032
0.053604126 6.346939 6.178406
0.046463013 6.389786 6.161743
0.12263489 6.4659576 6.064148
0.08930969 6.475479 6.173645
0.094070435 6.4516754 6.185547
0.08216858 6.411209 6.3188477
0.06550598 6.468338 6.211731
0.053604126 6.518326 6.135559
0.12263489 6.539749 6.1379395
0.15834045 6.570694 6.1450806
0.16548157 6.627823 6.147461
0.16072083 6.620682 6.1117554
0.15596008 6.5802155 6.033203
0.15596008 6.5802155 6.07605
0.08930969 6.518326 6.1069946
0.129776 6.537369 6.20697
0.15119934 6.623062 6.1522217
0.22499084 6.6111603 6.226013
0.30592346 6.7039948 6.159363
0.28211975 6.775406 6.159363
0.29640198 6.796829 6.283142
0.2868805 6.796829 6.3640747
0.29878235 6.858719 6.287903
0.22261047 6.7730255 6.245056
0.21784973 6.7777863 6.223633
0.22737122 6.7801666 6.2093506
0.26307678 6.7277985 6.242676
0.3035431 6.665909 6.1903076
0.30830383 6.649246 6.1712646
0.32972717 6.5944977 6.178406
0.34877014 6.5302277 6.0855713
0.3844757 6.6135406 6.1688843
0.38685608 6.601639 6.180786
0.35353088 6.642105 6.1331787
0.35829163 6.6944733 6.1950684
0.29878235 6.692093 6.2355347
0.38685608 6.6587677 6.3307495
0.4273224 6.577835 6.2212524
0.38209534 6.5611725 6.1569824
0.37257385 6.520706 6.1450806
0.3511505 6.558792 6.2022095
0.32496643 6.6254425 6.2736206
0.29164124 6.7087555 6.3759766
0.3368683 6.7277985 6.521179
0.28926086 6.7658844 6.4069214
0.2535553 6.8515778 6.390259
0.29878235 6.832535 6.435486
0.38685608 6.832535 6.3640747
0.42494202 6.827774 6.435486
0.36543274 6.8944244 6.3807373
0.31306458 6.942032 6.4402466
0.23927307 6.896805 6.321228
0.28450012 6.8444366 6.354553
0.3368683 6.713516 6.328369
0.37019348 6.642105 6.256958
0.3939972 6.6563873 6.226013
0.35591125 6.6968536 6.242676
0.21546936 6.789688 6.3426514
0.15596008 6.9087067 6.392639
0.22975159 6.9515533 6.475952
0.22737122 6.975357 6.4521484
0.37019348 6.9896393 6.4926147
0.43922424 7.006302 6.416443
0.41542053 7.0086823 6.4259644
0.33924866 7.044388 6.4212036
0.27259827 7.0824738 6.52594
0.2535553 7.1062775 6.5092773
0.30116272 7.1848297 6.583069
0.3202057 7.070572 6.4783325
0.33448792 6.9087067 6.4402466
0.3202057 6.789688 6.2998047
0.30592346 6.615921 6.1712646
0.30116272 6.5611725 6.0927124
0.32496643 6.577835 5.992737
0.34162903 6.646866 5.9522705
0.39637756 6.7420807 5.9570313
0.39637756 6.7420807 5.9713135
0.39637756 6.7420807 5.847534
0.41304016 6.6825714 5.845154
0.44636536 6.665909 5.69281
0.47016907 6.6302032 5.697571
0.42970276 6.7087555 5.7023315
0.3678131 6.725418 5.7737427
0.29878235 6.7016144 5.7285156
0.21784973 6.6754303 5.738037
0.20832825 6.7468414 5.8737183
0.21546936 6.7730255 5.923706
0.19642639 6.8111115 5.911804
0.21784973 6.775406 5.9141846
0.17262268 6.7777863 6.026062
0.21784973 6.8039703 6.026062
0.33210754 6.8182526 6.071289
0.35591125 6.7730255 6.1641235
0.35591125 6.756363 6.161743
0.35353088 6.815872 6.1069946
0.34638977 6.8301544 6.161743
0.35591125 6.956314 6.2664795
0.4106598 7.0086823 6.2998047
0.46302795 7.0919952 6.2855225
0.5177765 7.191971 6.3307495
0.5487213 7.191971 6.373596
0.57728577 7.1396027 6.359314
0.6510773 7.063431 6.3497925
0.6725006 6.9705963 6.3569336
0.6582184 6.8491974 6.3497925
0.591568 6.8301544 6.2974243
0.4844513 6.8444366 6.325989
0.41304016 6.896805 6.340271
0.39637756 6.980118 6.4188232
0.3773346 6.9539337 6.4973755
0.40827942 6.944412 6.46167
0.29164124 6.9277496 6.366455
0.22261047 6.834915 6.340271
0.12025452 6.7611237 6.3878784
0.07026672 6.7349396 6.3450317
0.12501526 6.6563873 6.290283
0.20832825 6.6302032 6.2022095
0.2368927 6.5349884 6.180786
0.27497864 6.454056 6.102234
0.31306458 6.437393 6.026062
0.32972717 6.3945465 6.0284424
0.31782532 6.4326324 6.01178
0.34638977 6.4469147 6.0808105
0.42018127 6.4707184 6.07843
0.43922424 6.4635773 6.27124
0.4106598 6.5349884 6.392639
0.3106842 6.7206573 6.416443
0.25593567 6.9134674 6.5735474
0.19166565 7.032486 6.749695
0.22975159 7.206253 6.752075
0.22737122 7.3133698 6.8234863
0.20832825 7.3752594 6.833008
0.28450012 7.384781 6.661621
0.3773346 7.320511 6.597351
0.43922424 7.1634064 6.5164185
0.527298 7.0991364 6.3497925
0.53681946 7.0562897 6.302185
0.5011139 7.0872345 6.352173
0.48683167 7.168167 6.306946
0.49397278 7.175308 6.3974
0.46540833 7.051529 6.3759766
0.46302795 6.8896637 6.3688354
0.42494202 6.7206573 6.2355347
0.30592346 6.584976 6.1188965
0.29640198 6.520706 6.1379395
0.21070862 6.487381 6.1641235
0.23213196 6.4897614 6.109375
0.24165344 6.506424 6.0498657
0.23213196 6.468338 5.9451294
0.2702179 6.468338 5.7904053
0.3368683 6.48024 5.826111
0.3368683 6.620682 5.6904297
0.3678131 6.6444855 5.6880493
0.35353088 6.6516266 5.640442
0.40827942 6.730179 5.6071167
0.46540833 6.789688 5.697571
0.527298 6.7801666 5.764221
0.6248932 6.7587433 5.878479
0.7082062 6.775406 6.0284424
0.6582184 6.915848 6.1427
0.48683167 6.9705963 6.2402954
0.36543274 7.1205597 6.3117065
0.2368927 7.1967316 6.4021606
0.19166565 7.2229156 6.475952
0.27973938 7.2467194 6.416443
0.35829163 7.244339 6.385498
0.4582672 7.1515045 6.242676
0.56300354 7.039627 6.2212524
0.66059875 6.9705963 6.1641235
0.5749054 6.961075 6.07605
0.47969055 6.961075 6.1688843
0.45350647 7.001541 6.2164917
0.44874573 7.0158234 6.27124
0.43208313 7.0110626 6.3236084
0.36305237 7.020584 6.264099
0.19880676 6.9467926 6.2283936
0.13215637 6.915848 6.180786
0.07978821 6.858719 6.211731
0.18452454 6.8563385 6.0927124
0.27497864 6.7206573 6.0689087
0.360672 6.563553 5.9594116
0.3844757 6.449295 5.890381
0.3368683 6.404068 5.7713623
0.30830383 6.385025 5.718994
0.23213196 6.3231354 5.780884
0.2606964 6.320755 5.6713867
0.26545715 6.187454 5.6380615
0.22975159 6.0803375 5.5
0.24165344 6.0017853 5.488098
0.23927307 5.8994293 5.366699
0.1869049 5.8375397 5.383362
0.08930969 5.7970734 5.3167114
-0.013046265 5.8161163 5.261963
-0.14396667 5.8113556 5.185791
-0.25108337 5.7661285 5.0429688
-0.4129486 5.737564 4.826355
-0.55101013 5.7542267 4.7192383
-0.73905945 5.6185455 4.505005
-0.7676239 5.499527 4.3550415
-0.62242126 5.39003 4.319336
-0.3224945 5.0662994 4.3288574
-0.032089233 4.8925323 4.288391
0.2535553 4.697342 4.416931
0.3440094 4.6640167 4.5906982
0.29878235 4.6425934 4.8168335
0.1797638 4.647354 5.128662
0.16548157 4.602127 5.4523926
0.27497864 4.5854645 5.795166
0.3202057 4.4259796 6.147461
0.39637756 4.2069855 6.585449
0.35591125 3.9879913 6.8710938
0.36305237 3.792801 7.173401
0.32972717 3.7785187 7.385254
0.28926086 3.7213898 7.7922974
0.33210754 3.607132 8.185059
0.3844757 3.5285797 8.373108
0.39875793 3.40242 8.587341
0.44636536 3.3405304 8.734924
0.35591125 3.1667633 8.944397
0.27497864 3.1024933 9.215759
0.117874146 3.0644073 9.41333
-0.11302185 2.985855 9.760864
-0.20109558 2.7787628 9.941772
-0.058273315 2.4312286 10.11554
0.26545715 2.074173 10.156006
0.5320587 1.7456818 10.317871
0.72724915 1.4981232 10.422607
0.73677063 1.3695831 10.479736
0.68678284 1.3314972 10.582092
0.52967834 1.4695587 10.755859
0.4011383 1.6242828 10.891541
0.38923645 1.7718658 11.103394
0.44874573 1.8170929 11.179565
0.5844269 1.8289948 11.041504
0.56300354 1.6695099 11.012939
0.51301575 1.5314484 10.986755
0.527298 1.2410431 10.846313
0.59632874 1.0934601 10.782043
0.70106506 0.98158264 10.720154
0.7248688 0.83161926 10.682068
0.72010803 0.68403625 10.56543
0.7224884 0.58406067 10.584473
0.7462921 0.5626373 10.527344
0.655838 0.6554718 10.520203
0.60346985 0.7649689 10.451172
0.61299133 0.7554474 10.50592
0.62013245 0.6078644 10.420227
0.5415802 0.5721588 10.108398
0.5011139 0.43171692 9.998901
0.5487213 0.25794983 9.994141
0.59394836 0.15797424 10.113159
0.6463165 0.14369202 10.167908
0.59632874 0.23176575 10.103638
0.41304016 0.31983948 10.220276
0.19166565 0.374588 10.272644
0.1131134 0.25794983 10.403564
0.115493774 0.28651428 10.339294
0.06074524 0.2603302 10.177429
0.032180786 0.12226868 10.196472
-0.034469604 -0.018173218 10.227417
-0.055892944 -0.11338806 10.348816
-0.08207703 -0.23716736 10.496399
-0.2082367 -0.30143738 10.563049
-0.24632263 -0.34666443 10.713013
-0.2653656 -0.3728485 10.798706
-0.31059265 -0.3657074 10.95343
-0.35105896 -0.38475037 10.986755
-0.43675232 -0.49900818 10.932007
-0.5938568 -0.60136414 10.841553
-0.6795502 -0.7941742 10.665405
-0.8318939 -1.0250702 10.491638
-0.9247284 -1.2297821 10.270264
-0.9747162 -1.4701996 10.010803
-1.0865936 -1.5939789 9.841797
-1.2079926 -1.66539 9.741821
-1.3769989 -1.7344208 9.618042
-1.5198212 -1.79393 9.682312
-1.6293182 -1.9367523 9.677551
-1.8483124 -2.1057587 9.648987
-2.0411224 -2.4509125 9.960815
-2.2386932 -2.88414 10.363098
-2.3743744 -3.2388153 10.627319
-2.5909882 -3.5744476 10.839172
-2.7385712 -3.9838715 11.181946
-2.5814667 -4.1195526 11.2724
-2.2482147 -3.7386932 11.350952
-2.0077972 -3.115036 11.386658
-1.9459076 -2.3271332 11.136719
-2.0173187 -1.5130463 10.76062
-2.2029877 -1.0036469 10.432129
-2.3172455 -0.77989197 10.11554
-2.2315521 -0.71562195 9.694214
-2.0554047 -0.81559753 9.463318
-1.9125824 -0.93937683 9.308594
-1.8625946 -1.1417084 9.134827
-1.8126068 -1.4011688 9.120544
-1.8054657 -1.5130463 9.058655
-1.7649994 -1.5701752 9.132446
-1.7483368 -1.5892181 9.256226
-1.8102264 -1.6368256 9.344299
-1.845932 -1.6582489 9.622803
-1.864975 -1.6772919 9.73468
-1.8530731 -1.6701508 9.791809
-1.8959198 -1.6415863 9.820374
-1.8935394 -1.6987152 9.739441
-1.8673553 -1.748703 9.729919
-1.7769012 -1.7320404 9.763245
-1.7983246 -1.7534637 9.689453
-1.8030853 -1.7629852 9.720398
-1.7721405 -1.8724823 9.729919
-1.8364105 -1.896286 9.729919
-1.7959442 -1.9438934 9.751343
-1.7792816 -1.8986664 9.684692
-1.7316742 -1.8605804 9.677551
-1.6364594 -1.7748871 9.73468
-1.6555023 -1.7748871 9.60376
-1.6816864 -1.7534637 9.613281
-1.6864471 -1.703476 9.556152
-1.7078705 -1.7582245 9.53949
-1.7150116 -1.7463226 9.620422
-1.698349 -1.7796478 9.582336
-1.7007294 -1.7820282 9.610901
-1.7031097 -1.7272797 9.591858
-1.679306 -1.6987152 9.575195
-1.7197723 -1.7320404 9.639465
-1.7150116 -1.7439423 9.687073
-1.7102509 -1.7725067 9.577576
-1.7364349 -1.7725067 9.5442505
-1.7078705 -1.8248749 9.6085205
-1.7221527 -1.8891449 9.579956
-1.7507172 -1.8820038 9.620422
-1.7340546 -1.9177094 9.648987
-1.7245331 -1.9486542 9.665649
-1.6888275 -1.9534149 9.60614
-1.7792816 -1.9581757 9.625183
-1.8054657 -1.9010468 9.715637
-1.781662 -1.8177338 9.941772
-1.7483368 -1.7391815 10.022705
-1.762619 -1.7177582 9.913208
-1.7388153 -1.832016 9.784668
-1.6483612 -2.043869 9.706116
-1.5650482 -2.229538 9.6918335
-1.3531952 -2.3247528 9.67041
-1.2389374 -2.4056854 9.737061
-1.0842133 -2.3723602 9.665649
-1.108017 -2.4056854 9.687073
-1.1699066 -2.3866425 9.577576
-1.1151581 -2.2581024 9.534729
-1.0199432 -1.9938812 9.508545
-0.9556732 -1.8439178 9.546631
-0.9842377 -1.7463226 9.439514
-0.9509125 -1.7225189 9.363342
-0.89378357 -1.6582489 9.491882
-0.89378357 -1.646347 9.4609375
-0.85331726 -1.5249481 9.677551
-0.88664246 -1.6273041 9.787048
-0.9794769 -1.8248749 9.7561035
-1.0318451 -1.9391327 9.748962
-1.1175385 -2.1414642 9.67041
-1.1699066 -2.236679 9.658508
-1.2770233 -2.210495 9.613281
-1.3936615 -2.127182 9.60614
-1.5460052 -1.9438934 9.463318
-1.6269379 -1.8724823 9.408569
-1.6483612 -1.7558441 9.446655
-1.6745453 -1.7986908 9.3966675
-1.6555023 -1.7320404 9.394287
-1.6031342 -1.6439667 9.353821
-1.531723 -1.7129974 9.384766
-1.4841156 -1.60112 9.3133545
-1.4365082 -1.5796967 9.451416
-1.486496 -1.4678192 9.439514
-1.550766 -1.4178314 9.577576
-1.7150116 -1.582077 9.779907
-1.7959442 -1.555893 10.063171
-1.9244843 -1.4440155 10.082214
-2.0101776 -1.555893 10.05365
-2.0554047 -1.6130219 9.753723
-2.1910858 -1.6772919 9.627563
-2.3196259 -1.812973 9.427612
-2.4386444 -1.8248749 9.34668
-2.5552826 -1.7748871 9.21814
-2.6314545 -1.7986908 9.03009
-2.6719208 -1.748703 9.037231
-2.73143 -1.5201874 9.1467285
-2.8671112 -1.3964081 9.237183
-3.0884857 -1.3345184 9.434753
-3.1622772 -1.2512054 9.596619
-3.3312836 -1.222641 9.718018
-3.4550629 -1.3083344 9.770386
-3.4931488 -1.3987885 9.906067
-3.526474 -1.4749603 9.944153
-3.416977 -1.563034 9.810852
-3.3312836 -1.6296844 9.765625
-3.1337128 -1.7820282 9.587097
-2.8885345 -1.877243 9.380005
-2.6528778 -1.8462982 9.420471
-2.5100555 -1.7963104 9.432373
-2.3196259 -1.7201385 9.456177
-2.2267914 -1.6677704 9.615662
-2.3101044 -1.582077 9.684692
Time Stop = 2187
