Time Start = 704
-8.415756 -3.5863495 4.0098877
-8.225327 -2.781784 4.2598267
-8.820419 -3.07695 4.145569
-9.108444 -3.6244354 3.467163
-9.067978 -4.238571 3.2529297
-8.682358 -4.3813934 2.93396
-8.468124 -4.321884 3.3743286
-7.739731 -4.095749 2.8673096
-8.463364 -3.9457855 3.3743286
-8.765671 -3.9624481 3.0744019
-9.006088 -4.5432587 3.0220337
-9.201279 -4.826523 2.8268433
-8.965622 -4.8574677 2.80542
-8.868027 -4.590866 3.2005615
-8.884689 -4.0100555 3.7313843
-8.934677 -3.84581 3.9789429
-8.772812 -4.019577 3.838501
-8.76329 -3.981491 3.5599976
-8.972763 -3.6696625 3.5528564
-9.003708 -3.345932 3.6837769
-8.896591 -3.0912323 3.4695435
-8.6418915 -2.960312 3.5528564
-8.860886 -2.4818573 3.967041
-8.6228485 -2.762741 4.0979614
-8.532394 -3.050766 4.2145996
-8.668076 -2.6675262 4.4883423
-8.596664 -2.7698822 4.7001953
-8.57048 -2.9198456 4.8096924
-8.7061615 -3.0174408 4.85968
-8.8228 -3.1245575 4.904907
-8.794235 -3.3768768 4.9834595
-8.89183 -3.5625458 4.9644165
-8.979904 -3.6553802 4.7216187
-9.1679535 -3.686325 4.8025513
-9.127487 -3.743454 5.0596313
-9.022751 -4.0671844 5.1762695
-8.934677 -4.3694916 5.102478
-9.01561 -4.450424 5.088196
-9.037033 -4.4599457 4.9453735
-9.027512 -4.4647064 5.004883
-8.977524 -4.340927 4.9691772
-8.829941 -4.6051483 4.757324
-8.832321 -5.0550385 4.443115
-8.808517 -5.469223 3.717102
-8.841843 -5.8191376 3.1505737
-8.879929 -5.7215424 2.8863525
-8.848984 -5.5358734 2.914917
-8.8228 -5.3430634 2.8435059
-8.832321 -5.5501556 2.7649536
-8.784714 -5.9738617 2.722107
-8.739487 -6.3523407 2.543579
-8.779953 -6.592758 2.2507935
-8.560959 -6.3904266 1.9865723
-8.206284 -6.4523163 1.7866211
-7.9682465 -6.8069916 1.3795776
-7.8087616 -6.9593353 0.97491455
-7.818283 -7.3520966 0.43218994
-7.632614 -7.706772 -0.1081543
-7.6849823 -7.7805634 -0.022460938
-7.599289 -7.944809 0.029907227
-7.4945526 -8.125717 0.16796875
-7.2303314 -7.7948456 0.27508545
-6.9946747 -7.6353607 0.19177246
-6.7733 -7.706772 -0.18432617
-6.599533 -8.020981 -0.34857178
-6.4543304 -8.130478 -0.8151245
-6.3519745 -8.099533 -1.0722046
-6.2543793 -8.101913 -1.2626343
-6.2353363 -8.299484 -1.4244995
-6.19487 -8.71843 -1.2388306
-6.1139374 -8.661301 -1.0864868
-6.0425262 -8.449448 -1.2293091
-5.783066 -8.428024 -1.5458984
-5.5307465 -8.330429 -1.8696289
-5.323654 -8.163803 -2.152893
-5.2927094 -8.135239 -2.4552002
-5.271286 -8.482773 -2.6694336
-5.2950897 -8.528 -2.4647217
-5.240341 -8.282822 -2.1409912
-4.995163 -7.9947968 -1.6815796
-4.7999725 -7.925766 -1.2293091
-4.65477 -8.01622 -1.4768677
-4.540512 -8.330429 -1.7172852
-4.552414 -8.551804 -1.9005737
-4.635727 -8.844589 -2.0148315
-4.7547455 -9.030258 -1.7339478
-4.907089 -9.1349945 -1.3626099
-4.968979 -9.001694 -1.3197632
-4.926132 -8.130478 -1.2769165
-5.073715 -7.342575 -0.8413086
-5.2474823 -6.8784027 -0.7151489
-5.3331757 -6.8498383 -1.4102173
-5.1475067 -7.366379 -2.229065
-5.1713104 -7.8781586 -2.8289185
-5.694992 -8.404221 -1.010315
-6.047287 -8.420883 -0.6437378
-5.87352 -8.675583 -0.99365234
-5.604538 -8.611313 -0.81274414
-5.7378387 -8.006699 -1.5744629
-5.802109 -7.3211517 -2.1029053
-5.952072 -6.361862 -2.1052856
-7.2565155 -4.9836273 -1.0793457
-7.9301605 -3.0341034 1.3581543
-8.684738 0.16273499 1.0915527
-9.332199 -3.4578094 1.3391113
-9.234604 -7.8852997 -0.15338135
-7.823044 -11.722458 0.58929443
-5.449814 -13.045944 1.8056641
-3.7930756 -13.712448 2.9863281
-3.6240692 -11.903366 3.4885864
-5.1784515 -8.0828705 3.8623047
-6.3257904 -6.7022552 4.852539
-6.206772 -7.3711395 5.254822
-5.4926605 -8.91124 5.1381836
-5.2736664 -9.772934 4.043213
-5.9877777 -9.006454 4.3550415
-6.0306244 -7.6853485 5.783264
-4.926132 -7.2378387 5.718994
-4.316757 -6.854599 4.928711
-5.0237274 -6.9617157 4.9763184
-5.6212006 -8.27092 3.6599731
-6.587631 -8.704147 3.2124634
-6.8256683 -7.785324 3.774231
-6.0187225 -7.225937 3.8337402
-5.725937 -7.1259613 3.5742798
-6.0877533 -7.2616425 3.421936
-5.7616425 -7.11644 2.7197266
-5.4283905 -6.1214447 4.466919
-5.1855927 -5.071701 5.8094482
-4.9285126 -5.5358734 6.4140625
-5.8520966 -6.3904266 6.6259155
-6.789963 -7.3449554 5.069153
-7.0708466 -7.804367 3.9646606
-6.4043427 -7.1259613 4.493103
-5.0689545 -5.840561 4.8358765
-5.4998016 -4.9526825 5.62854
-5.847336 -4.348068 6.192688
-6.278183 -5.1454926 6.540222
-5.725937 -5.5572968 6.1522217
-5.8378143 -4.667038 7.585205
-5.6973724 -4.2219086 8.382629
-5.4926605 -4.152878 7.7922974
-5.785446 -4.6646576 6.5307007
-6.2115326 -3.871994 8.294556
-5.328415 -3.07695 7.2805176
-6.016342 -3.512558 7.385254
-5.9401703 -3.7672577 7.2019653
-6.080612 -2.7722626 8.116028
-6.085373 -1.8867645 8.7039795
-6.0044403 -2.184311 8.554016
-6.0639496 -2.1747894 8.558777
-6.247238 -1.5011444 8.7039795
-6.2543793 -1.5106659 8.268372
-6.1853485 -2.0914764 7.225769
-6.290085 -1.4797211 7.3233643
-6.1067963 -1.1797943 7.7232666
-5.93779 -1.0917206 8.1922
-6.0234833 -1.1179047 7.797058
-6.035385 -1.5439911 7.520935
-5.892563 -1.4440155 7.739929
-6.1306 -1.3916473 8.082703
-6.0901337 -1.286911 7.192444
-6.240097 -1.2583466 6.749695
-6.059189 -1.075058 6.8425293
-5.771164 -0.13005066 7.392395
-5.7735443 0.30317688 7.404297
-5.7045135 0.44837952 7.547119
-5.6926117 0.47218323 6.9734497
-6.2377167 0.16511536 6.892517
-6.271042 -0.19194031 6.4711914
-6.1091766 -0.32286072 6.2807617
-6.206772 -0.613266 6.737793
-6.3400726 -0.6703949 6.4402466
-5.804489 -0.760849 7.482849
-5.823532 -0.06578064 7.282898
-5.6212006 1.0529938 7.5637817
-5.6021576 2.5121613 7.7232666
-5.49028 2.850174 7.6018677
-5.785446 1.6361847 7.820862
-6.1139374 1.2648468 8.120789
-5.8211517 0.9601593 8.939636
-5.9663544 1.4171906 10.305969
-5.7735443 1.3576813 9.429993
-5.949692 0.9292145 8.96344
-5.592636 1.4981232 9.018188
-5.847336 0.7768707 8.182678
-5.4593353 1.0434723 7.642334
-5.2927094 1.5838165 7.5685425
-4.930893 1.8385162 7.887512
-5.259384 1.3767242 7.861328
-4.7404633 1.6504669 7.789917
-5.483139 2.2265167 7.4733276
-5.475998 2.6121368 7.739929
-5.2879486 3.3143463 8.282654
-5.3831635 3.9618073 8.518311
-4.8571014 3.7380524 8.663513
-4.995163 3.5023956 9.515686
-4.8523407 3.2119904 9.270508
-4.961838 2.869217 8.737305
-5.0879974 2.7597198 8.863464
-4.988022 3.1143951 8.575439
-4.9023285 2.8097076 8.358826
-4.842819 2.6930695 8.342163
-4.8571014 2.9311066 8.506409
-4.647629 3.216751 7.9089355
-4.8571014 1.6861725 6.2593384
-5.2689056 2.145584 7.1519775
-4.840439 3.0001373 7.4209595
-5.1332245 2.4169464 6.8615723
-5.2308197 2.4764557 6.7235107
-5.014206 2.5193024 7.0281982
-5.109421 2.7430573 7.656616
-5.0499115 2.7002106 7.6661377
-5.137985 2.2836456 7.378113
-5.092758 2.4931183 7.5804443
-4.9856415 2.8620758 8.061279
-5.1260834 2.4407501 7.8184814
-5.3784027 2.638321 7.9422607
-5.2879486 3.0025177 7.87323
-5.130844 3.0144196 8.008911
-5.0760956 2.8430328 7.9279785
-4.957077 2.7406769 7.2948
-4.842819 2.876358 7.2924194
-4.9475555 2.914444 7.5375977
-5.1451263 2.5692902 7.8756104
-4.9713593 2.7906647 8.123169
-5.4593353 2.516922 7.7946777
-5.514084 2.638321 8.313599
-5.4617157 2.4502716 8.818237
-5.5069427 2.4002838 8.830139
-5.3903046 2.6811676 8.875366
-5.1784515 3.2072296 8.368347
-5.0189667 3.164383 7.7994385
-5.1022797 3.3286285 7.4281006
-4.8880463 3.228653 7.668518
-5.052292 3.08107 7.592346
-5.4236298 2.9311066 7.5304565
-5.74498 2.857315 6.880615
-5.778305 2.5193024 7.078186
-5.502182 2.664505 7.6708984
-5.245102 2.6930695 7.8184814
-5.221298 2.3098297 7.61615
-5.237961 2.157486 7.3114624
-5.3760223 2.3145905 7.725647
-5.4164886 2.7430573 7.956543
-5.535507 3.1429596 7.923218
-5.861618 2.997757 7.6637573
-6.137741 2.471695 7.9470215
-6.085373 2.2955475 8.070801
-6.085373 2.221756 7.8184814
-5.963974 2.164627 7.6851807
-5.6664276 2.452652 7.642334
-5.42601 2.600235 7.4995117
-5.347458 2.5978546 6.968689
-5.566452 2.5074005 6.649719
-5.6854706 2.4478912 6.763977
-5.861618 2.1812897 6.9710693
-6.0877533 2.240799 7.3876343
-6.2496185 2.5335846 7.8065796
-6.2639008 2.4383698 7.7875366
-6.1282196 2.4669342 7.578064
-5.8854218 2.5050201 6.9710693
-5.7425995 2.1884308 6.354553
-5.6521454 1.9575348 6.7473145
-5.649765 2.1408234 7.066284
-5.9044647 2.331253 7.911316
-5.87352 2.157486 8.149353
-6.0710907 2.3717194 8.054138
-6.19487 2.3003082 7.7542114
-6.009201 2.5193024 7.313843
-6.035385 2.3621979 7.085327
-5.93779 2.331253 7.063904
-5.9425507 2.2503204 7.3233643
-5.8973236 2.1146393 7.2924194
-5.7925873 2.0646515 7.36145
-5.7568817 2.2431793 7.23291
-5.842575 2.2241364 7.2614746
-5.849716 2.2336578 7.192444
-5.8401947 2.3621979 7.3495483
-5.880661 2.4931183 7.373352
-5.9544525 2.478836 7.2091064
-5.8973236 2.3264923 7.063904
-5.752121 2.4098053 7.42572
-5.7545013 2.2812653 7.6399536
-5.733078 2.1360626 7.770874
-5.5878754 2.3003082 7.7113647
-5.6140594 2.3026886 7.801819
-5.759262 2.1265411 7.570923
-5.7616425 2.157486 7.68042
-5.8973236 2.2741241 7.789917
-5.9282684 2.1408234 7.8184814
-5.868759 2.017044 7.9089355
-5.7283173 1.8956451 7.8518066
-5.656906 1.612381 7.8898926
-5.4736176 1.5838165 7.868469
-5.464096 1.9575348 7.6828003
-5.471237 2.497879 7.6661377
-5.675949 2.5669098 7.4471436
-5.802109 2.4240875 7.4661865
-5.759262 2.3621979 7.751831
-5.7378387 2.3788605 7.74469
-5.6473846 2.278885 7.6137695
-5.6926117 1.9884796 7.7351685
-5.571213 1.7528229 7.9613037
-5.4926605 1.9432526 8.018433
-5.599777 2.164627 7.904175
-5.637863 2.2074738 7.720886
-5.61644 2.2074738 7.6018677
-5.6545258 2.145584 7.528076
-5.5616913 2.1265411 7.6470947
-5.4474335 2.0337067 7.892273
-5.547409 1.9694366 7.7042236
-5.5259857 2.0337067 7.918457
-5.4474335 2.240799 8.104126
-5.5378876 2.2384186 7.737549
-5.6259613 2.221756 7.630432
-5.559311 2.0598907 7.520935
-5.4974213 1.9408722 7.4661865
-5.4617157 1.9099274 7.5994873
-5.3903046 1.9741974 7.887512
-5.4212494 2.0265656 7.982727
-5.5307465 2.1503448 8.027954
-5.5117035 2.2717438 8.00415
-5.411728 2.1527252 7.906555
-5.452194 2.0646515 7.8779907
-5.4617157 2.017044 7.951782
-5.411728 2.157486 7.725647
-5.42601 2.157486 7.8756104
-5.4545746 2.062271 7.854187
-5.471237 1.971817 7.9589233
-5.347458 2.0694122 8.077942
-5.3522186 2.1360626 7.9160767
-5.328415 2.0955963 7.899414
-5.2808075 2.1503448 7.951782
-5.3569794 2.0765533 7.7089844
-5.3117523 2.0218048 7.775635
-5.278427 2.028946 7.956543
-5.237961 1.9551544 8.056519
-5.2427216 1.8813629 8.113647
-5.1974945 2.1027374 7.835144
-5.2950897 2.2360382 7.7684937
-5.278427 2.1146393 7.770874
-5.2022552 2.0979767 7.8589478
-5.252243 2.1979523 7.8137207
-5.207016 2.1241608 7.956543
-5.214157 2.05513 8.199341
-5.2498627 1.9599152 8.035095
-5.092758 2.0265656 8.223145
-5.180832 2.0241852 8.13269
-5.116562 2.0122833 8.080322
-5.1475067 2.081314 8.26123
-5.1665497 2.0694122 8.00415
-5.2950897 1.8551788 7.885132
-5.137985 1.9765778 7.8708496
-5.090378 2.0241852 8.139832
-5.1332245 1.952774 8.356445
-5.1260834 1.9123077 8.337402
-5.142746 1.9123077 8.380249
-5.073715 1.9837189 8.220764
-5.0499115 1.9670563 8.113647
-5.021347 1.8504181 8.166016
-5.04039 2.0051422 8.082703
-5.0165863 2.047989 7.854187
-5.0879974 1.9980011 7.892273
-4.9785004 2.259842 8.139832
-4.97612 2.0122833 7.9803467
-5.033249 1.805191 8.180298
-5.10466 1.7861481 8.292175
-5.1070404 1.8123322 8.19696
-5.0427704 2.0527496 8.123169
-5.026108 2.1812897 8.089844
-5.0237274 2.1884308 8.19458
-5.0641937 2.1194 8.12793
-5.0689545 1.9242096 8.151733
-5.073715 1.8837433 8.2421875
-5.111801 1.8408966 8.244568
-4.9594574 1.888504 8.096985
-4.97612 1.8861237 7.9470215
-4.8571014 2.0575104 8.173157
-4.9737396 2.0408478 8.268372
-5.1260834 1.9956207 8.277893
-5.1522675 2.0313263 8.277893
-5.199875 1.9123077 8.292175
-5.173691 1.9599152 7.899414
-5.0046844 2.1336823 7.720886
-4.8904266 2.2646027 7.8113403
-4.9142303 2.0598907 7.8898926
-5.007065 1.9408722 8.182678
-5.0451508 2.0194244 8.051758
-5.0689545 1.907547 8.19696
-5.073715 1.8670807 8.113647
-4.97612 1.9432526 8.125549
-4.9546967 2.0789337 8.00415
-5.021347 2.0337067 7.8589478
-4.926132 1.9575348 7.904175
-4.964218 2.0456085 8.151733
-5.052292 2.0194244 8.299316
-4.9594574 2.0241852 8.396912
-4.9975433 2.0337067 8.318359
-4.97612 1.9622955 8.106506
-4.9332733 1.8480377 8.199341
-4.97612 1.9408722 8.13269
-4.995163 2.0432281 8.137451
-4.9975433 2.0218048 8.19696
-4.9808807 2.112259 8.154114
-4.904709 2.1598663 8.2421875
-4.9023285 2.0860748 8.199341
-4.904709 1.907547 8.230286
-4.8880463 1.9980011 8.368347
-4.926132 2.009903 8.285034
-4.9142303 2.0194244 8.208862
-4.923752 2.0646515 8.199341
-4.9213715 1.9670563 8.137451
-4.923752 2.0027618 8.118408
-4.968979 1.9051666 8.206482
-4.873764 1.952774 8.327881
-4.854721 1.9670563 8.246948
-4.873764 1.9456329 8.125549
-4.8832855 1.9170685 8.120789
-4.8713837 1.99086 8.265991
-4.957077 2.0860748 8.1922
-4.938034 1.9146881 8.166016
-4.964218 1.9456329 8.327881
-4.84758 2.112259 8.534973
-4.8761444 1.9670563 8.263611
-4.8118744 1.9408722 8.185059
-4.8332977 2.0575104 8.304077
-4.923752 2.0384674 8.296936
-4.995163 2.028946 8.318359
-4.9213715 2.05513 8.116028
-4.9665985 1.8742218 8.120789
-4.880905 1.7885284 8.213623
-4.9094696 1.8075714 8.332642
-4.854721 1.7932892 8.3897705
-4.8261566 1.8170929 8.38739
-4.873764 1.9670563 8.311218
-4.949936 1.9170685 8.092224
-4.885666 1.907547 8.044617
-4.930893 1.9765778 8.185059
-4.961838 1.9694366 8.168396
-4.923752 1.9218292 8.135071
-4.923752 1.869461 8.049377
-4.885666 1.8504181 8.173157
-4.880905 1.7885284 8.394531
-4.9523163 1.7075958 8.570679
-5.026108 1.9361115 8.51593
-4.983261 2.0194244 8.299316
-4.918991 1.9004059 7.8779907
-4.938034 1.8575592 8.054138
-4.885666 1.8289948 8.216003
-4.968979 1.9408722 8.294556
-4.9356537 1.8551788 8.480225
-5.047531 1.6004791 8.396912
-5.0879974 1.548111 8.361206
-4.9975433 1.9242096 8.294556
-4.968979 1.99086 8.06366
-4.9737396 1.8813629 8.006531
-4.926132 1.9599152 7.9327393
-4.9546967 1.907547 8.123169
-4.9546967 1.9051666 8.175537
-4.9785004 1.8123322 8.220764
-5.0165863 1.7004547 8.330261
-5.135605 1.8599396 8.225525
-5.092758 1.8289948 8.32074
-5.130844 1.8861237 8.244568
-5.0546722 1.9170685 8.013672
-5.033249 1.8718414 8.154114
-5.0237274 1.8647003 8.173157
-5.0951385 1.7623444 8.275513
-5.2427216 1.5671539 8.292175
-5.259384 1.5885773 8.216003
-5.2093964 1.5457306 8.415955
-5.1403656 1.6171417 8.315979
-5.047531 1.7242584 8.061279
-5.111801 1.6028595 8.180298
-5.218918 1.7528229 8.373108
-5.316513 1.9480133 8.673035
-5.335556 1.9956207 8.677795
-5.4783783 2.0337067 8.794434
-5.4807587 2.0836945 8.742065
-5.3760223 2.293167 8.456421
-5.2355804 2.4859772 7.6899414
-4.945175 2.3455353 7.6137695
-4.7047577 2.2527008 7.4471436
-4.964218 1.6528473 7.5685425
-5.1665497 0.96492004 8.046997
-4.7023773 0.76734924 8.689697
-4.776169 0.7126007 8.70874
-5.2474823 0.82447815 8.723022
-5.385544 0.84114075 8.639709
-5.137985 1.233902 8.268372
-5.1284637 1.1244049 7.673279
-5.7759247 1.1910553 7.4328613
-5.347458 1.2362823 8.227905
-4.8332977 1.0196686 7.9017944
-5.218918 0.55311584 7.963684
-5.733078 -0.120529175 8.00415
-5.816391 -1.177414 7.4661865
-5.718796 -1.60112 7.532837
-5.6473846 -0.9179535 8.38501
Time Stop = 709
