Time Start = 1457237627
-1.2770233 0.09370422 8.70874
-2.0054169 0.44599915 8.784912
-2.2267914 0.54359436 9.075317
-2.133957 0.17463684 9.149109
-2.0173187 -0.17051697 9.172913
-1.9982758 -0.28477478 9.215759
-2.1363373 -0.1681366 9.508545
-2.1458588 0.10084534 9.708496
-2.1553802 0.20082092 9.656128
-2.0554047 0.26985168 9.501404
-1.9268646 0.2531891 9.1657715
-1.891159 0.25794983 9.008667
-1.8744965 0.34126282 8.801575
-1.910202 0.34840393 8.749207
-1.8983002 0.27461243 8.730164
-1.9816132 0.098464966 8.677795
-1.9054413 0.008010864 8.625427
-1.9649506 0.031814575 8.5802
-1.9792328 0.22462463 8.51355
-1.9768524 0.30317688 8.285034
-1.9720917 0.21986389 7.775635
-1.9697113 0.23890686 7.23291
-2.0435028 0.2674713 6.904419
-2.1815643 0.4817047 6.499756
-2.3767548 0.624527 6.052246
-2.512436 0.75068665 5.5880737
-2.5529022 0.61738586 5.1429443
-2.6576385 0.36982727 4.762085
-2.7552338 0.057998657 4.269348
-2.909958 -0.37998962 3.7480469
-3.2146454 -0.7679901 3.1743774
-3.4979095 -1.1298065 2.6364136
-3.7978363 -1.3749847 2.203186
-4.185837 -1.60112 1.7485352
-4.5309906 -1.8224945 1.2248535
-4.8713837 -2.0224457 0.7749634
-5.271286 -2.2890472 0.24414063
-5.7235565 -2.4723358 -0.22717285
-6.244858 -2.6699066 -0.5770874
-6.9113617 -2.8412933 -0.8841553
-7.644516 -3.1697845 -1.017456
-8.468124 -3.4697113 -1.0269775
-9.774948 -4.2718964 -0.5675659
-11.51976 -5.5953827 -0.22717285
-13.224106 -6.8069916 -0.11053467
-14.987961 -8.199509 0.6011963
-16.90654 -10.203781 1.5652466
-17.775375 -11.3535 2.4412231
-17.703964 -10.489426 3.1958008
-17.832504 -8.9040985 4.197937
-18.163376 -7.3901825 4.333618
-18.539474 -6.8522186 4.114624
-18.608505 -6.8069916 3.793274
-18.534714 -7.0188446 3.5671387
-18.170517 -7.3401947 3.4719238
-17.451645 -7.5258636 3.2053223
-16.39238 -7.478256 2.645935
-15.375961 -7.0640717 1.4557495
-14.611862 -6.649887 0.45599365
-14.154831 -6.380905 -0.17242432
-13.738266 -6.211899 -0.27478027
-13.4335785 -5.988144 -0.055786133
-13.178879 -6.1452484 -0.039123535
-12.702805 -6.033371 -0.079589844
-12.421921 -5.7810516 0.2536621
-12.412399 -5.378769 0.67736816
-12.567123 -4.9074554 0.9368286
-12.793259 -4.4147186 0.95825195
-13.147934 -3.936264 1.0820313
-13.643051 -3.5077972 1.234375
-14.188156 -3.2388153 1.4367065
-14.561874 -3.1245575 1.6485596
-14.7165985 -3.1459808 1.8937378
-14.768967 -3.4268646 2.048462
-14.373825 -3.6315765 2.2936401
-13.966782 -3.9767303 2.4317017
-13.528793 -4.3623505 2.4650269
-13.155075 -4.6646576 2.4102783
-12.600449 -5.014572 2.1151123
-12.155319 -5.269272 1.7961426
-11.745895 -5.45018 1.3272095
-11.593552 -5.666794 0.87731934
-11.465012 -5.6834564 0.47027588
-11.031784 -5.6382294 0.07751465
-9.946335 -5.495407 -0.103393555
-8.444321 -5.3002167 -0.041503906
-6.8328094 -5.0812225 -0.024841309
-5.630722 -4.633713 -0.17718506
-4.904709 -4.1076508 -0.45806885
-4.8571014 -3.6720428 -0.82702637
-5.5688324 -3.134079 -1.0626831
-6.804245 -2.7770233 -1.1531372
-8.075363 -2.6580048 -1.0603027
-9.039413 -2.486618 -0.8484497
-9.627365 -1.8177338 -0.6413574
-9.936813 -1.1750336 -0.37713623
-10.003464 -0.35380554 -0.20574951
-10.067734 0.36268616 0.025146484
-10.096298 0.65309143 0.16320801
-10.082016 0.53645325 0.17272949
-9.97728 0.16511536 0.20367432
-9.748764 -0.48234558 0.23699951
-9.613083 -0.8846283 0.4940796
-9.453598 -1.1726532 0.7749634
-9.346481 -1.0583954 1.1391602
-9.156052 -0.53471375 1.6033325
-8.929916 0.09132385 1.9437256
-8.618088 0.71736145 2.267456
-8.213425 1.0339508 2.3364868
-7.92778 1.0291901 2.2912598
-7.677841 0.7768707 2.1174927
-7.496933 0.3912506 1.97229
-7.511215 -0.099105835 1.8604126
-7.6016693 -0.59184265 1.7699585
-7.7325897 -0.8346405 1.8294678
-7.8087616 -1.0155487 1.9865723
-7.8587494 -1.0679169 1.9389648
-8.037277 -1.1464691 2.055603
-8.344345 -1.4321136 2.2555542
-8.818039 -1.7582245 2.2507935
-9.294113 -2.2438202 2.2460327
-9.882065 -2.6508636 2.1793823
-10.462875 -2.8603363 2.222229
-10.972275 -3.0531464 2.4578857
-11.405502 -2.9912567 2.5840454
-11.750656 -2.8817596 2.8173218
-12.193405 -2.5270844 3.1315308
-12.771835 -1.7439423 3.645691
-13.4335785 -1.0131683 4.3407593
-14.009628 -0.18241882 5.000122
-14.516647 0.19606018 5.238159
-14.7285 0.050857544 5.1572266
-14.759445 -0.5228119 4.8477783
-14.47142 -1.1321869 4.0670166
-14.223862 -1.7701263 3.5909424
-14.026291 -2.319992 3.2219849
-13.640671 -2.5651703 2.960144
-13.221725 -2.7008514 2.8673096
-12.845627 -3.057907 2.8101807
-12.633774 -3.4958954 2.619751
-12.340988 -3.9243622 2.434082
-11.555466 -4.186203 2.1460571
-10.460495 -4.005295 2.2174683
-9.639267 -3.7672577 2.2341309
-9.306015 -3.5244598 2.1365356
-9.189377 -3.0483856 2.3912354
-9.682114 -2.5294647 2.4031372
-10.589035 -2.6365814 1.888977
-11.343613 -3.0602875 1.317688
-11.614975 -3.3792572 0.7630615
-11.760178 -3.6077728 0.4845581
-12.007736 -3.7125092 0.2631836
-12.371933 -3.6696625 0.4036255
-12.583786 -3.4387665 0.35601807
-12.621872 -3.2459564 0.33459473
-12.376694 -3.1007538 0.4202881
-11.829208 -3.0864716 0.55596924
-10.93895 -2.9174652 0.5988159
-9.948715 -2.865097 0.7630615
-9.008469 -2.800827 0.920166
-8.263412 -2.7079926 1.0629883
-7.523117 -2.6175385 1.0772705
-6.8589935 -2.5223236 0.95111084
-6.413864 -2.4842377 0.82733154
-6.0377655 -2.5080414 0.6583252
-5.849716 -2.4818573 0.6011963
-5.849716 -2.4247284 0.5845337
-6.0234833 -2.3795013 0.5654907
-6.4305267 -2.2819061 0.5678711
-6.8780365 -2.1676483 0.55596924
-7.3326874 -2.1248016 0.44171143
-7.523117 -2.1224213 0.3774414
-7.4731293 -2.1486053 0.246521
-7.273178 -2.2985687 0.089416504
-6.9994354 -2.486618 -0.08673096
-6.823288 -2.698471 -0.11767578
-6.8589935 -2.8436737 -0.062927246
-7.099411 -2.9507904 0.06323242
-7.511215 -3.0602875 0.25842285
-8.0967865 -3.0412445 0.2965088
-8.684738 -3.0483856 0.29888916
-9.203659 -3.0864716 0.18463135
-9.605942 -3.1316986 0.14178467
-9.836838 -3.2221527 0.09893799
-9.910629 -3.3578339 0.008483887
-9.8415985 -3.4839935 0.0037231445
-9.865402 -3.8172455 0.18225098
-9.934433 -3.7363129 0.32269287
-9.903488 -3.686325 0.5988159
-10.027267 -3.5435028 0.8725586
-10.322433 -3.3530731 0.9463501
-10.898483 -3.217392 0.92492676
-11.495956 -3.172165 0.72735596
-11.8363495 -3.2697601 0.52264404
-11.672104 -3.5077972 0.44647217
-11.281723 -3.698227 0.6345215
-11.034164 -3.8600922 0.76068115
-11.100815 -3.9576874 0.9225464
-11.224594 -3.9981537 1.1558228
-11.331711 -3.9600677 1.3391113
-11.369797 -3.9719696 1.5366821
-11.505478 -4.012436 1.5842896
-11.576889 -3.9791107 1.8961182
-11.674484 -4.0338593 2.1460571
-11.614975 -4.045761 2.4412231
-11.5864105 -4.007675 2.774475
-11.4388275 -3.8957977 2.8625488
-11.124619 -3.641098 2.9482422
-10.729477 -3.3030853 2.9053955
-10.217697 -2.9983978 2.80542
-9.517868 -2.7460785 2.703064
-8.88945 -2.5770721 2.593567
-8.220566 -2.486618 2.638794
-7.6421356 -2.4437714 2.6792603
-7.0827484 -2.4009247 2.7054443
-6.587631 -2.396164 2.7554321
-6.202011 -2.3890228 2.6530762
-5.8901825 -2.4509125 2.4483643
-5.721176 -2.5389862 2.1912842
-5.6402435 -2.7270355 1.9699097
-5.675949 -2.9055634 1.9675293
-5.835434 -2.9008026 2.0079956
-6.1544037 -2.762741 2.0508423
-6.45195 -2.5913544 1.9008789
-6.766159 -2.4818573 1.8580322
-7.0946503 -2.467575 1.8056641
-7.4350433 -2.7127533 1.696167
-7.9420624 -3.0341034 1.6176147
-8.422897 -3.4340057 1.6199951
-8.925156 -3.7529755 1.8604126
-9.394089 -4.0029144 2.0651245
-9.865402 -4.179062 2.3460083
-10.153427 -4.2742767 2.5721436
-10.36528 -4.3361664 2.895874
-10.474777 -4.319504 3.055359
-10.315292 -4.276657 3.1553345
-10.184372 -4.4456635 3.2791138
-10.30101 -4.5623016 3.3719482
-10.610458 -4.5932465 3.3052979
-11.105576 -4.448044 3.2576904
-11.745895 -4.2147675 3.2910156
-12.338608 -3.9529266 3.236267
-12.621872 -3.7339325 3.1386719
-12.764694 -3.6887054 2.9649048
-12.919418 -3.7220306 2.824463
-13.333603 -3.8386688 2.6554565
-13.788254 -4.000534 2.5673828
-13.942978 -4.200485 2.5388184
-13.707321 -4.307602 2.5292969
-13.57164 -4.405197 2.4745483
-13.676376 -4.5742035 2.388855
-14.02153 -4.6717987 2.279358
-14.071518 -4.5884857 2.1103516
-13.776352 -4.348068 1.8961182
-13.269333 -4.148117 1.593811
-12.798019 -3.9124603 1.3081665
-12.455246 -3.7672577 1.0368042
-12.248154 -3.6291962 0.86779785
-12.181503 -3.4958954 0.6511841
-12.114853 -3.3959198 0.6559448
-11.848251 -3.236435 0.8059082
-11.32695 -3.0745697 1.067749
-10.74852 -2.8984222 1.2510376
-10.136765 -2.7127533 1.4105225
-9.505966 -2.5651703 1.5557251
-8.9370575 -2.486618 1.6104736
-8.380051 -2.4199677 1.7080688
-7.8730316 -2.441391 1.7056885
-7.527878 -2.384262 1.6461792
-7.2374725 -2.3795013 1.6342773
-7.1470184 -2.2771454 1.5866699
-6.982773 -2.229538 1.593811
-6.925644 -2.1295624 1.4057617
-6.8827972 -2.120041 1.3581543
-6.83519 -2.165268 1.2081909
-6.8018646 -2.2628632 1.0606079
-6.751877 -2.3366547 0.9439697
-6.7637787 -2.4628143 0.8725586
-6.8661346 -2.569931 0.8487549
-7.0065765 -2.588974 0.75354004
-7.1017914 -2.6437225 0.6488037
-7.125595 -2.6818085 0.60357666
-7.132736 -2.7151337 0.57977295
-7.106552 -2.7865448 0.5988159
-7.1851044 -2.9507904 0.6226196
-7.182724 -3.0293427 0.61309814
-7.3017426 -3.1959686 0.5583496
-7.4183807 -3.2150116 0.5155029
-7.523117 -3.2221527 0.45837402
-7.6992645 -3.191208 0.5155029
-7.8658905 -3.2102509 0.46313477
-8.256271 -3.2269135 0.4678955
-8.76329 -3.172165 0.56073
-9.341721 -3.1007538 0.6107178
-9.920151 -3.0031586 0.5654907
-10.146286 -2.9269867 0.47027588
-10.203415 -2.9555511 0.45599365
-10.084396 -3.057907 0.62976074
-10.270065 -3.1745453 0.6583252
-10.843735 -3.2197723 0.5988159
-11.58165 -3.3102264 0.6226196
-12.074387 -3.403061 0.56073
-12.22673 -3.4411469 0.53930664
-12.126755 -3.4768524 0.48217773
-12.069626 -3.436386 0.53930664
-12.081528 -3.410202 0.477417
-12.252914 -3.5149384 0.49169922
-12.405258 -3.6815643 0.7487793
-12.707565 -3.7791595 0.9606323
-12.976547 -3.8624725 1.1724854
-13.105087 -3.8291473 1.5604858
-12.99321 -3.6744232 1.9841919
-12.721848 -3.512558 2.2745972
-12.436203 -3.3959198 2.5483398
-11.993454 -3.281662 2.7387695
-11.498337 -3.2221527 2.9101563
-10.779465 -2.9912567 2.9196777
-9.91539 -2.8412933 2.9268188
-8.925156 -2.6175385 2.9196777
-7.9611053 -2.396164 2.7316284
-6.9994354 -2.1628876 2.7363892
-6.2115326 -1.8915253 2.9649048
-5.6926117 -2.0034027 2.9030151
-5.3141327 -1.5915985 3.0101318
-5.078476 -0.97032166 3.7647095
-5.173691 -0.69181824 3.9908447
-5.187973 -0.84654236 3.7885132
-5.002304 -1.286911 3.2005615
-5.009445 -1.8058319 2.729248
-4.9523163 -1.7582245 2.657837
-5.2736664 -1.8415375 2.8435059
-5.830673 -2.1224213 2.7768555
-6.4852753 -2.7151337 2.267456
-7.0565643 -3.4911346 1.5366821
-7.5564423 -4.205246 0.9772949
-8.142014 -4.7789154 0.6107178
-8.925156 -5.1145477 0.6178589
-9.870163 -5.0669403 0.82733154
-10.94371 -4.909836 1.2962646
-11.764938 -4.750351 1.7104492
-12.238632 -4.5027924 2.081787
-12.686142 -4.576584 2.6126099
-12.705185 -4.3123627 2.922058
-12.552841 -4.186203 3.2457886
-12.726608 -3.9648285 3.4195557
-13.107468 -3.7410736 3.6195068
-13.521652 -3.614914 3.7028198
-13.800156 -3.5673065 3.6028442
-13.754929 -3.5815887 3.614746
-13.328842 -3.4911346 3.6052246
-12.9075165 -3.338791 3.5980835
-12.843246 -3.2340546 3.4743042
-13.162216 -3.1507416 3.3624268
-13.164597 -3.1364594 3.3862305
-12.374313 -3.0840912 3.3076782
-11.312668 -3.0555267 3.1815186
-10.738998 -3.0793304 2.9363403
-10.94133 -3.1483612 2.6340332
-11.657822 -3.3149872 2.2555542
-12.260056 -3.3863983 1.8080444
-12.421921 -3.3411713 1.6057129
-12.269577 -3.3364105 1.3510132
-12.102951 -3.493515 1.0772705
-12.119614 -3.660141 0.63690186
-12.436203 -3.769638 0.24414063
-12.86467 -3.8101044 -0.00579834
-13.181259 -3.814865 -0.02960205
-13.164597 -3.6910858 0.094177246
-12.707565 -3.5792084 0.39648438
-11.867294 -3.4459076 0.58691406
-10.893723 -3.2507172 1.0058594
-9.97728 -3.0983734 1.3652954
-9.108444 -2.812729 1.6914063
-8.403854 -2.653244 1.9865723
-7.7111664 -2.5199432 2.2127075
-7.1470184 -2.4271088 2.3007813
-6.6923676 -2.3485565 2.286499
-6.3210297 -2.3675995 2.203186
-6.013962 -2.3437958 2.055603
-5.8568573 -2.3366547 2.0079956
-5.7235565 -2.2533417 1.8342285
-5.759262 -2.1962128 1.6199951
-5.816391 -2.1319427 1.362915
-5.8401947 -2.153366 1.0606079
-5.8449554 -2.248581 0.71307373
-5.9354095 -2.403305 0.5440674
-6.123459 -2.543747 0.43933105
-6.4352875 -2.729416 0.32507324
-6.751877 -2.8793793 0.29888916
-6.9803925 -2.9793549 0.36791992
-7.246994 -3.024582 0.32507324
-7.4564667 -3.1174164 0.36315918
-7.60643 -3.2031097 0.4107666
-7.758774 -3.1745453 0.28460693
-7.9801483 -3.191208 0.2536621
-8.239609 -3.1555023 0.19415283
-8.658554 -3.0936127 0.12750244
-9.20842 -3.1197968 0.11798096
-9.91777 -3.0269623 0.10369873
-10.81041 -2.967453 0.08703613
-11.514999 -2.9246063 0.015625
-11.950607 -2.865097 -0.11291504
-12.105331 -3.0555267 0.025146484
-11.657822 -3.057907 0.16320801
-11.112717 -3.1650238 0.41552734
-11.100815 -3.1816864 0.67974854
-11.500717 -3.2292938 0.772583
-11.600693 -3.3030853 0.8463745
-11.415024 -3.326889 1.0344238
-11.51976 -3.172165 0.9963379
-12.069626 -3.1102753 0.79400635
-12.776596 -3.1293182 0.54644775
-13.164597 -3.2745209 0.38934326
-13.18364 -3.4768524 0.32983398
-12.99321 -3.6458588 0.4440918
-12.900375 -3.7648773 0.77020264
-12.783737 -3.71727 1.3057861
-12.702805 -3.7006073 2.0032349
-12.6766205 -3.5863495 2.626892
-12.586166 -3.3149872 3.1124878
-12.238632 -2.88414 3.286255
-11.681625 -2.4818573 3.2053223
-10.9127655 -1.9938812 2.9672852
-9.922531 -1.6558685 2.5340576
-8.844223 -1.4606781 2.3745728
-7.7325897 -1.3916473 2.119873
-6.8209076 -1.351181 2.3269653
-6.123459 -1.3273773 2.517395
-5.6735687 -1.3535614 2.657837
-5.4331512 -1.3987885 2.7054443
-5.2498627 -1.4249725 2.8363647
-5.1451263 -1.563034 2.74115
-5.047531 -1.6772919 2.5888062
-5.0165863 -1.960556 2.4364624
-5.066574 -2.1438446 2.22937
-5.304611 -2.2414398 2.3174438
-5.880661 -2.120041 2.4507446
-6.713791 -2.0724335 2.638794
-7.611191 -2.4509125 2.6054688
-8.553818 -3.024582 2.305542
-9.351242 -3.743454 1.9508667
-9.803513 -4.533737 1.5604858
-9.8606415 -4.890793 1.8413696
-9.796371 -4.826523 2.7720947
-9.996323 -4.7479706 3.236267
-10.484299 -4.48851 3.4838257
-10.648544 -4.2028656 3.6480713
-10.465256 -3.8172455 3.7432861
-10.331955 -3.2935638 3.729004
-10.560471 -2.8436737 3.6480713
-10.893723 -2.5199432 3.5385742
-11.2912445 -2.2795258 3.357666
-11.791122 -2.2009735 3.1172485
-12.400497 -2.2581024 2.9482422
-12.900375 -2.3247528 2.8101807
-13.193161 -2.4556732 2.6697388
-13.043198 -2.7008514 2.6173706
-12.695663 -2.9769745 2.7125854
-12.681381 -3.2673798 2.7006836
-12.981308 -3.6053925 2.6316528
-13.212204 -3.8815155 2.5673828
-13.274094 -4.114792 2.5316772
-13.209824 -4.281418 2.3721924
-13.224106 -4.283798 2.2269897
-13.276474 -4.276657 2.048462
-13.295517 -4.2076263 1.7913818
-13.236008 -4.114792 1.4890747
-13.238388 -3.8934174 1.0891724
-13.331223 -3.6887054 0.72735596
-13.412155 -3.5006561 0.4607544
-13.4978485 -3.3483124 0.2536621
-13.533554 -3.2102509 0.21557617
-13.490707 -3.14122 0.39886475
-13.166977 -3.0388641 0.79400635
-12.614731 -2.9008026 1.003479
-11.833969 -2.7389374 1.3748169
-10.946091 -2.588974 1.5842896
-10.058212 -2.4509125 1.6676025
-9.229843 -2.467575 1.8699341
-8.356247 -2.486618 1.9532471
-7.54216 -2.5151825 1.9223022
-6.8447113 -2.4770966 1.8056641
-6.285324 -2.3866425 1.7175903
-5.93779 -2.2771454 1.612854
-5.7545013 -2.1057587 1.5200195
-5.6902313 -2.0034027 1.3724365
-5.766403 -1.8796234 1.1915283
-5.8639984 -1.9129486 1.067749
-6.0068207 -1.998642 0.8392334
-6.142502 -2.0272064 0.625
-6.213913 -2.1700287 0.6178589
-6.278183 -2.3057098 0.51312256
-6.3210297 -2.5032806 0.46313477
-6.32341 -2.6865692 0.4845581
-6.475754 -2.865097 0.5250244
-6.675705 -2.9460297 0.58929443
-6.887558 -3.0864716 0.6987915
-7.004196 -3.1745453 0.6226196
-7.0184784 -3.1816864 0.6154785
-6.9684906 -3.2126312 0.63690186
Time Stop = 1457237632
