Time Start = 1457237585
-0.6033783 1.1363068 9.103882
-0.47483826 1.0434723 9.322876
-0.30821228 0.8125763 9.391907
-0.38676453 0.71022034 9.384766
-0.40818787 0.65309143 9.408569
-0.44151306 0.6554718 9.470459
-0.45817566 0.5912018 9.337158
-0.37724304 0.457901 9.332397
-0.19871521 0.39839172 9.151489
-0.0844574 0.5150299 9.15625
-0.09397888 0.71022034 9.137207
-0.13682556 0.8697052 9.15625
-0.2082367 0.8720856 9.237183
-0.3796234 0.75068665 9.187195
-0.562912 0.5721588 9.149109
-0.646225 0.5316925 9.099121
-0.7604828 0.8030548 9.02771
-0.9342499 1.0958405 9.049133
-0.96995544 1.2267609 8.861084
-0.88664246 1.2767487 8.711121
-0.74620056 1.260086 8.570679
-0.62242126 1.3076935 8.492126
-0.5105438 1.3148346 8.484985
-0.4700775 1.2267609 8.458801
-0.4962616 1.0553741 8.077942
-0.44151306 0.9696808 7.654236
-0.5200653 1.2386627 7.135315
-0.6771698 1.5719147 6.5616455
-1.0461273 1.4433746 5.6571045
-1.2389374 1.2719879 4.5978394
-1.2056122 1.3100739 3.5838013
-1.2865448 1.631424 2.3769531
-1.1627655 1.6004791 1.2438965
-1.1746674 1.2124786 0.65356445
-1.8744965 0.80781555 0.048950195
-2.712387 -0.17765808 -0.56518555
-3.3312836 -1.5106659 -1.1079102
-3.8192596 -2.120041 -1.1888428
-4.3643646 -2.3533173 -0.8484497
-5.0237274 -2.4104462 -0.57232666
-5.797348 -2.3866425 -0.22955322
-6.618576 -2.550888 -0.20812988
-7.258896 -2.8889008 -0.3890381
-7.720688 -3.3292694 -0.6604004
-8.230087 -4.205246 -0.2962036
-9.691635 -6.2856903 0.37982178
-11.13176 -8.292343 0.77734375
-12.650436 -10.168076 1.1343994
-13.385971 -11.962875 2.5197754
-13.862045 -12.748398 3.7004395
-14.354782 -12.577011 4.609741
-14.309555 -10.939316 4.7192383
-14.457138 -8.999313 3.993225
-15.299789 -7.880539 3.0648804
-15.987717 -7.5187225 1.9127808
-16.635178 -6.8712616 1.9318237
-17.763474 -6.276169 3.0006104
-19.389267 -5.9524384 4.017029
-19.671936 -6.34758 4.9334717
-19.671936 -7.740097 5.295288
-19.671936 -9.503952 4.178894
-18.934616 -10.429916 2.0889282
-17.565903 -10.472763 0.33459473
-16.51854 -10.406113 0.27746582
-15.821091 -9.887192 0.96539307
-15.233139 -8.075729 0.26080322
-14.8641815 -7.811508 -1.0960083
-14.416672 -8.137619 -2.4575806
-13.714462 -8.604172 -3.981018
-13.2669525 -9.753891 -3.8596191
-13.145554 -9.668198 -3.1098022
-13.274094 -9.013596 -2.036255
-13.495468 -8.01622 -1.0841064
-13.70256 -6.937912 -0.3223877
-13.726364 -6.238083 0.33459473
-13.395493 -5.802475 0.81781006
-12.798019 -5.6406097 1.2772217
-12.171982 -5.597763 1.9223022
-11.743515 -5.4097137 2.5221558
-11.593552 -5.0359955 3.286255
-11.767319 -4.469467 3.7385254
-12.045822 -3.8029633 3.9456177
-12.295761 -3.2745209 3.607605
-12.500473 -3.050766 3.0672607
-12.464767 -3.3959198 2.203186
-12.124374 -3.9767303 1.420044
-11.510239 -4.4956512 0.7059326
-10.5985565 -4.8765106 0.30126953
-9.5464325 -4.995529 0.091796875
-8.50145 -4.9836273 -0.02960205
-7.5183563 -4.7598724 -0.2390747
-6.8827972 -4.402817 -0.36047363
-6.459091 -3.9505463 -0.5842285
-6.3900604 -3.512558 -0.77941895
-6.585251 -3.20549 -0.9151001
-6.8899384 -3.0388641 -1.017456
-7.3469696 -3.0983734 -1.1745605
-7.901596 -3.1697845 -1.2816772
-8.553818 -3.0864716 -1.3649902
-9.191757 -2.7889252 -1.4435425
-9.770187 -2.2009735 -1.3935547
-10.353378 -1.3583221 -1.203125
-10.753281 -0.5228119 -0.96984863
-10.853256 0.21748352 -0.57232666
-10.796127 0.41267395 -0.17004395
-10.374802 0.21986389 0.27508545
-9.846359 -0.21812439 0.66070557
-9.3798065 -0.9560394 0.8082886
-9.056076 -1.6082611 0.88446045
-8.95134 -2.191452 0.84161377
-8.846603 -2.5842133 0.8225708
-8.777573 -2.7270355 0.836853
-8.779953 -2.6675262 0.95825195
-8.787094 -2.3795013 1.4152832
-9.01799 -1.7225189 1.7723389
-9.322678 -0.8751068 1.7628174
-9.460739 -0.14195251 1.7628174
-9.396469 1.3600616 2.2722168
-9.451218 2.4550323 3.6052246
-9.670212 2.9430084 4.493103
-9.663071 3.08107 4.2407837
-9.534531 2.331253 4.2907715
-9.179855 1.067276 3.4814453
-8.491928 0.44599915 3.0672607
-8.3276825 -0.2657318 3.088684
-8.5395355 -0.74894714 2.7958984
-8.668076 -0.85606384 2.555481
-8.846603 -0.6680145 2.8030396
-9.186996 -0.6061249 3.2434082
-9.7773285 -0.972702 3.3481445
-10.279587 -1.8343964 2.9815674
-10.793747 -2.8603363 2.5078735
-11.484055 -3.833908 1.9532471
-12.207687 -4.4385223 1.1867676
-12.919418 -4.628952 0.541687
-13.6454315 -4.943161 0.18463135
-14.195297 -4.788437 0.38934326
-14.507126 -4.402817 0.71069336
-14.545212 -4.2028656 0.89398193
-14.326218 -4.257614 1.0820313
-14.111984 -4.6384735 1.1867676
-14.000107 -4.80748 1.2653198
-13.681137 -4.8884125 1.362915
-12.707565 -4.7336884 1.5961914
-11.274582 -4.2933197 1.8580322
-9.867783 -3.9434052 2.1889038
-8.972763 -3.750595 2.3745728
-8.932297 -3.633957 2.510254
-9.484543 -3.6006317 2.2888794
-10.146286 -3.550644 2.0317993
-10.729477 -3.5149384 1.71521
-11.077011 -3.6006317 1.3557739
-11.241257 -3.7839203 1.0391846
-11.26506 -3.9791107 0.69403076
-11.236496 -4.171921 0.3703003
-11.272202 -4.1814423 0.115600586
-11.505478 -4.2147675 -0.081970215
-11.719711 -4.1957245 -0.19622803
-11.681625 -4.0933685 -0.24383545
-11.167465 -4.0219574 -0.2723999
-10.229599 -3.8553314 -0.09387207
-9.182236 -3.6363373 0.094177246
-8.280075 -3.4697113 0.39886475
-7.5445404 -3.3697357 0.77734375
-6.9113617 -3.1816864 1.1439209
-6.5114594 -3.0840912 1.3557739
-6.1067963 -2.993637 1.4628906
-5.899704 -2.8627167 1.4795532
-5.771164 -2.7960663 1.5009766
-5.7497406 -2.7460785 1.3462524
-5.854477 -2.7794037 1.3200684
-6.013962 -2.7603607 1.1986694
-6.2043915 -2.7889252 1.1748657
-6.470993 -2.7913055 1.1772461
-6.7304535 -2.7413177 0.9963379
-6.9684906 -2.6675262 0.8701782
-7.1422577 -2.6580048 0.6345215
-7.375534 -2.736557 0.42504883
-7.5707245 -2.8103485 0.29412842
-7.689743 -2.9960175 0.094177246
-7.842087 -3.1316986 -0.008178711
-7.8992157 -3.243576 -0.081970215
-8.020615 -3.326889 -0.00579834
-8.1610565 -3.4435272 0.10131836
-8.389572 -3.4316254 0.16796875
-8.739487 -3.4506683 0.21557617
-9.196518 -3.3983002 0.31079102
-9.78923 -3.3625946 0.26080322
-10.336716 -3.319748 0.24414063
-10.850876 -3.3102264 0.14892578
-11.212692 -3.3054657 0.027526855
-11.217453 -3.3744965 0.07989502
-10.991318 -3.4411469 0.25128174
-10.643784 -3.5458832 0.4940796
-10.403366 -3.538742 0.6559448
-10.567612 -3.4578094 0.76068115
-10.81279 -3.3935394 0.80352783
-10.81517 -3.3625946 0.8249512
-10.539047 -3.4720917 0.82733154
-10.648544 -3.5911102 0.7154541
-11.498337 -3.6744232 0.541687
-12.698044 -3.8696136 0.23937988
-13.628769 -4.069565 0.16320801
-14.095322 -4.2409515 0.3274536
-14.076279 -4.379013 0.6011963
-13.624008 -4.3123627 0.94873047
-12.874191 -4.262375 1.3533936
-12.145798 -4.250473 1.7723389
-11.462631 -4.288559 2.1222534
-10.988937 -4.3290253 2.4317017
-10.517624 -4.257614 2.6887817
-10.167709 -3.9243622 2.8339844
-9.7582855 -3.338791 2.9839478
-9.282211 -2.588974 3.088684
-8.701401 -1.7010956 3.0077515
-8.022995 -0.43711853 2.3745728
-7.182724 -0.6870575 1.9818115
-6.425766 0.10798645 3.1505737
-6.059189 0.6078644 4.0789185
-5.7425995 0.6816559 3.9884644
-5.528366 -0.025314331 3.9765625
-5.5950165 -0.75608826 3.6361694
-5.706894 -1.8224945 3.1220093
-5.790207 -2.7341766 2.684021
-6.0258636 -3.5173187 2.203186
-6.2353363 -4.2266693 1.4700317
-6.4424286 -4.8765106 0.7749634
-6.77092 -5.4906464 0.05847168
-7.137497 -5.9595795 -0.39141846
-7.689743 -6.083359 -0.5128174
-8.189621 -5.9905243 -0.33428955
-8.627609 -5.5430145 0.10131836
-9.308395 -5.2621307 0.5321655
-9.753525 -4.8836517 1.0772705
-9.955856 -4.4766083 1.4985962
-9.91777 -4.129074 1.8151855
-9.739243 -3.7982025 2.1793823
-9.477402 -3.4387665 2.5007324
-9.422653 -3.107895 2.7173462
-9.501205 -2.8960419 2.8101807
-9.741623 -2.8032074 2.9649048
-10.141525 -2.7032318 3.0029907
-10.565231 -2.7484589 3.0458374
-11.238876 -2.8674774 2.9625244
-11.96727 -3.0555267 2.8625488
-12.61235 -3.2578583 2.6530762
-13.105087 -3.3578339 2.3793335
-13.31694 -3.4697113 2.2008057
-13.550217 -3.5554047 1.824707
-14.047714 -3.7529755 1.5557251
-14.707077 -4.031479 1.4509888
-15.092697 -4.250473 1.381958
-14.9832 -4.429001 1.4129028
-14.526169 -4.6575165 1.381958
-13.981064 -4.7075043 1.5152588
-13.407394 -4.42424 1.6747437
-12.862289 -4.2718964 1.7437744
-12.379074 -4.045761 1.612854
-11.888718 -3.9434052 1.3890991
-11.550705 -3.9719696 1.0915527
-11.488815 -4.057663 0.71069336
-11.562607 -4.0433807 0.39648438
-11.707809 -3.9600677 0.33459473
-12.012497 -3.750595 0.34649658
-12.09819 -3.5292206 0.5440674
-11.822067 -3.3959198 0.6583252
-11.167465 -3.326889 0.7821045
-10.229599 -3.224533 1.0320435
-9.308395 -3.1483612 1.2224731
-8.470505 -3.0341034 1.401001
-7.60643 -2.9579315 1.4390869
-6.8637543 -2.8936615 1.4700317
-6.168686 -2.8174896 1.6176147
-5.6711884 -2.800827 1.5795288
-5.3450775 -2.7008514 1.5057373
-5.2022552 -2.634201 1.529541
-5.195114 -2.4842377 1.5057373
-5.3712616 -2.300949 1.4057617
-5.5259857 -2.1795502 1.2629395
-5.661667 -2.1676483 0.9963379
-5.790207 -2.2247772 0.8130493
-5.9163666 -2.3485565 0.5274048
-6.0568085 -2.5009003 0.4107666
-6.266281 -2.6603851 0.3036499
-6.4495697 -2.7865448 0.21557617
-6.7375946 -2.8412933 0.19415283
-6.997055 -2.8793793 0.20367432
-7.2255707 -2.9793549 0.2298584
-7.508835 -3.0840912 0.28936768
-7.632614 -3.1626434 0.20129395
-7.7563934 -3.2792816 0.24890137
-7.7635345 -3.4197235 0.3036499
-7.761154 -3.5363617 0.23937988
-8.022995 -3.788681 0.4607544
-8.370529 -3.7148895 0.4202881
-8.76329 -3.6887054 0.40600586
-9.117966 -3.6077728 0.40124512
-9.534531 -3.5601654 0.36315918
-9.896347 -3.5482635 0.33221436
-10.253403 -3.5720673 0.34173584
-10.600937 -3.6053925 0.4607544
-10.979416 -3.6720428 0.7011719
-11.600693 -3.7267914 0.80352783
-12.552841 -3.6744232 0.8201904
-13.704941 -3.6649017 0.6416626
-14.542831 -3.6244354 0.20843506
-14.545212 -3.705368 0.013244629
-13.752548 -3.807724 -0.12719727
-12.636154 -3.9624481 0.09893799
-11.907761 -3.9910126 0.47027588
-11.681625 -3.9791107 0.72021484
-11.77446 -4.0290985 0.9630127
-11.981552 -3.955307 1.3200684
-12.310043 -3.8101044 1.6104736
-12.643295 -3.7006073 1.9151611
-12.774216 -3.6625214 2.2388916
-12.640915 -3.603012 2.2912598
-12.338608 -3.5363617 2.415039
-11.929184 -3.4054413 2.4126587
-11.3936 -3.2316742 2.3793335
-10.719955 -2.9388885 2.3364868
-9.884445 -2.5556488 2.2579346
-8.88707 -2.1605072 2.1555786
-7.9158783 -1.3749847 2.3650513
-7.1660614 -1.8724823 1.6461792
-6.3829193 -1.620163 1.8485107
-5.9473114 -1.2988129 3.376709
-5.8520966 -0.7870331 3.9075317
-5.675949 -0.62516785 4.2455444
-5.68309 -0.9679413 4.005127
-5.5450287 -1.5344696 3.1934204
-5.3903046 -2.569931 2.3674316
-5.323654 -3.3935394 1.7842407
-5.3450775 -3.9862518 1.3676758
-5.430771 -4.3766327 1.3200684
-5.6021576 -4.7027435 1.4033813
-5.9877777 -4.7717743 1.2915039
-6.392441 -4.533737 1.4105225
-6.7447357 -4.1266937 1.5771484
-7.099411 -3.9029388 1.4724121
-7.644516 -3.852951 1.6437988
-8.084885 -3.8957977 1.6914063
-8.5585785 -4.057663 1.90802
-9.0203705 -3.9957733 2.3198242
-9.394089 -3.5482635 2.395996
-9.805893 -3.2078705 2.112732
-10.474777 -3.512558 1.97229
-11.091293 -3.7315521 1.7747192
-11.507858 -3.8315277 1.7485352
-11.929184 -4.0433807 1.4295654
-12.319565 -4.5170746 0.9439697
-12.6575775 -5.1526337 0.7654419
-13.009872 -5.3502045 0.85827637
-13.226486 -5.25737 1.0130005
-13.278854 -5.012192 1.2772217
-13.131271 -4.814621 1.5842896
-13.112228 -4.769394 1.6533203
-13.514511 -4.659897 1.8389893
-13.95726 -4.500412 2.1936646
-13.981064 -4.538498 2.331726
-13.2669525 -4.450424 2.222229
-12.2981415 -4.2909393 2.1079712
-11.634018 -4.1623993 1.946106
-11.186508 -3.993393 1.612854
-10.846115 -3.7529755 1.2891235
-10.646164 -3.4149628 1.253418
-10.800888 -3.3602142 1.067749
-11.20079 -3.5435028 0.57977295
-11.58165 -3.8434296 0.27508545
-11.922043 -4.0362396 -0.022460938
-12.360031 -4.1052704 -0.29144287
-12.831345 -4.03862 -0.47473145
-13.086044 -3.9576874 -0.5175781
-13.112228 -3.9338837 -0.34381104
-12.702805 -3.8410492 -0.14624023
-11.912521 -3.7791595 0.12750244
-10.846115 -3.6887054 0.4274292
-9.72496 -3.5482635 0.72735596
-8.684738 -3.4816132 1.022522
-7.7135468 -3.3530731 1.2367554
-6.9089813 -3.2935638 1.5771484
-6.285324 -3.2935638 1.760437
-5.802109 -3.1864471 1.8746948
-5.535507 -3.1126556 1.9246826
-5.3569794 -2.94841 1.7818604
-5.3522186 -2.7556 1.5557251
-5.4402924 -2.5366058 1.2962646
-5.5497894 -2.4580536 1.0915527
-5.7759247 -2.5151825 0.7821045
-5.9925385 -2.6199188 0.4345703
-6.266281 -2.7127533 0.20367432
-6.5757294 -2.717514 0.027526855
-6.880417 -2.7556 -0.0748291
-7.137497 -2.812729 -0.20336914
-7.3207855 -2.846054 -0.36047363
-7.5445404 -2.9388885 -0.39141846
-7.6921234 -3.0650482 -0.41760254
-7.901596 -3.153122 -0.36761475
-8.206284 -3.2197723 -0.4699707
-8.465744 -3.2911835 -0.48187256
-8.69426 -3.3316498 -0.44854736
-8.837082 -3.300705 -0.3723755
-8.982285 -3.372116 -0.39855957
-9.225082 -3.3245087 -0.36999512
-9.410751 -3.319748 -0.29144287
-9.679733 -3.3530731 -0.19622803
-10.089157 -3.3792572 -0.084350586
-10.4700165 -3.4173431 -0.020080566
-10.87706 -3.3935394 0.1560669
-11.160324 -3.3245087 0.34887695
-11.507858 -3.307846 0.26080322
-12.019638 -3.243576 0.21081543
-12.41478 -3.3054657 0.044189453
-12.54808 -3.4078217 -0.060546875
-12.207687 -3.6101532 0.013244629
-11.786362 -3.7410736 0.20605469
-11.479294 -3.826767 0.47979736
-11.32933 -3.8505707 0.80352783
-11.353134 -3.917221 1.1296387
-11.510239 -3.8838959 1.2367554
-11.695908 -3.9624481 1.3057861
-12.017258 -3.9838715 1.3795776
-12.319565 -4.136215 1.5343018
-12.486191 -4.2480927 1.8413696
-12.462387 -4.2338104 2.177002
-12.262436 -4.0624237 2.6173706
-11.898239 -3.6958466 2.7720947
-11.422165 -3.1245575 2.857788
-10.834213 -2.5770721 2.7792358
-10.248642 -2.1819305 2.5959473
-9.570236 -1.877243 2.279358
-8.841843 -1.703476 2.2079468
-8.296738 -1.5939789 1.97229
-7.342209 -1.8082123 1.3295898
-6.8137665 -1.3749847 3.0625
-6.5519257 -0.677536 3.819458
-6.137741 -0.72514343 3.7028198
-5.933029 -1.3107147 3.4433594
-5.766403 -2.0914764 2.9744263
-5.604538 -2.7865448 2.4816895
-5.4807587 -3.281662 1.9056396
-5.6259613 -3.557785 1.6604614
-5.759262 -3.7672577 1.6033325
-6.009201 -3.7982025 1.5557251
-6.25914 -3.9005585 1.6295166
-6.5900116 -3.9053192 1.5747681
-6.875656 -3.9838715 1.5247803
-7.2565155 -4.0981293 1.4438477
-7.625473 -4.148117 1.4057617
-7.9753876 -4.2219086 1.4390869
-8.272934 -4.1885834 1.6557007
-8.449081 -4.1266937 1.8794556
-8.480026 -3.9791107 2.1865234
-8.520493 -3.7601166 2.343628
-8.656174 -3.5458832 2.5411987
-9.01561 -3.4340057 2.517395
-9.494064 -3.3411713 2.453125
-10.096298 -3.300705 2.4317017
-10.660446 -3.3768768 2.055603
-11.267441 -3.7410736 1.5747681
-11.883957 -4.1695404 1.3057861
-12.550461 -4.4218597 1.215332
-13.231247 -4.5170746 1.1915283
-13.909653 -4.493271 1.105835
-14.623764 -4.3885345 1.0796509
-15.418808 -4.348068 0.96777344
-16.06865 -4.3956757 0.9154053
-16.39476 -4.4456635 1.0748901
-16.07103 -4.4599457 1.3771973
-15.116501 -4.4266205 1.6485596
-13.907272 -4.243332 1.9389648
-12.745651 -4.0029144 2.0032349
-11.812546 -3.8481903 1.8270874
-11.155563 -3.698227 1.4319458
-10.8484955 -3.5815887 1.0082397
-10.969894 -3.4816132 0.5916748
-11.353134 -3.410202 0.34173584
-11.714951 -3.281662 0.10369873
-11.764938 -3.2388153 -0.012939453
-11.672104 -3.1935883 -0.022460938
-11.514999 -3.2292938 0.0013427734
-11.091293 -3.3245087 0.06323242
-10.527145 -3.4268646 0.13702393
-9.732101 -3.5292206 0.33459473
-8.908493 -3.595871 0.4607544
-8.163437 -3.6506195 0.6226196
-7.41362 -3.84581 0.75115967
-6.7304535 -3.7196503 0.939209
-6.2615204 -3.3625946 1.3272095
-5.971115 -2.9555511 1.658081
-5.759262 -3.1221771 1.3034058
-5.4998016 -3.0150604 1.2010498
-5.36174 -2.7127533 1.4390869
-5.509323 -2.7770233 1.2510376
-5.6854706 -2.531845 1.0701294
-5.892563 -2.5080414 0.9154053
-6.080612 -2.6032562 0.6654663
-6.251999 -2.6008759 0.36791992
-6.5828705 -2.7127533 0.15844727
-6.8923187 -2.7722626 0.029907227
Time Stop = 1457237590
