Time Start = 7321
-9.7202 -5.038376 3.081543
-10.398605 -4.9455414 3.1553345
-10.512863 -5.0883636 3.0958252
-10.903244 -5.4644623 1.2700806
-11.243637 -6.971237 2.6364136
-11.4388275 -7.0688324 3.3029175
-11.479294 -6.528488 3.4314575
-11.667343 -6.3261566 3.8789673
-11.745895 -6.4166107 3.6052246
-11.933945 -6.7927094 3.5718994
-11.755417 -7.2283173 4.08844
-11.317429 -7.1140594 3.9837036
-10.800888 -7.002182 4.481201
-10.10582 -6.906967 4.685913
-9.579758 -6.9617157 4.3550415
-9.229843 -7.5449066 6.514038
-7.906357 -7.4544525 5.000122
-7.132736 -7.932907 4.807312
-6.097275 -8.154282 5.3881226
-5.0427704 -7.7948456 5.045349
-4.3310394 -7.7758026 5.4071655
-3.647873 -7.830551 5.4833374
-2.724289 -7.7234344 5.614258
-1.9316254 -6.9545746 5.390503
-1.2198944 -6.2023773 4.773987
-0.58909607 -6.252365 4.4050293
-0.12730408 -6.680832 4.0146484
0.7867584 -7.849594 3.300537
1.3413849 -9.10643 3.3743286
1.6294098 -9.846725 4.0741577
2.1340485 -9.608688 4.8311157
2.5506134 -8.627975 5.3690796
2.8695831 -7.5710907 5.583313
2.8338776 -7.0902557 5.6190186
2.4625397 -7.2616425 5.1762695
2.1721344 -7.6163177 3.9599
1.7317657 -7.8448334 2.6887817
1.5103912 -8.056686 2.2103271
1.2628326 -8.028122 2.0508423
1.0914459 -7.778183 1.7247314
0.6891632 -7.661545 1.7723389
0.1797638 -7.585373 1.7770996
-0.4296112 -7.932907 1.9960938
-0.8318939 -8.554184 1.8128052
-1.108017 -9.215927 1.484314
-1.2794037 -9.611069 0.91778564
-1.5769501 -9.287338 0.47265625
-1.7007294 -8.937424 0.541687
-1.8483124 -8.837448 0.6916504
-2.0792084 -8.889816 0.4607544
-2.3243866 -9.151657 0.6559448
-2.1934662 -9.151657 1.0296631
-1.9816132 -9.227829 1.3295898
-1.910202 -9.451584 1.6795044
-1.9411469 -9.411118 1.6699829
-2.2743988 -9.261154 1.4866943
-2.5624237 -9.465866 1.5819092
-2.545761 -9.87767 1.7580566
-2.2791595 -10.2894745 1.6676025
-2.0292206 -10.503708 1.6080933
-1.8744965 -10.482285 1.7056885
-1.6745453 -10.401352 1.9104004
-1.467453 -10.408493 1.9484863
-1.4008026 -10.610825 2.1079712
-1.3055878 -10.625107 1.8699341
-1.5531464 -10.427536 1.3581543
-2.019699 -10.472763 1.0439453
-2.0220795 -10.801254 0.95111084
-1.743576 -11.198776 0.9796753
-1.486496 -11.41301 1.0010986
-1.51268 -11.429672 1.1653442
-1.3769989 -11.301132 1.215332
-1.3936615 -11.010727 2.2936401
-1.3484344 -9.944321 3.2910156
-1.1746674 -9.653915 3.6480713
-0.36296082 -9.965744 3.145813
-0.7842865 -10.9631195 3.286255
-0.23442078 -11.491562 2.850647
0.38209534 -11.54155 2.9006348
0.42494202 -11.47966 2.6506958
0.45350647 -10.946457 2.7768555
0.46540833 -10.620346 2.8411255
-0.034469604 -10.684616 2.4221802
-0.26298523 -10.944077 2.0437012
-0.101119995 -11.248764 1.8175659
-0.27012634 -11.020248 1.1415405
-0.18205261 -10.717941 1.105835
-0.103500366 -10.872665 1.465271
-0.122543335 -11.570114 1.6342773
0.2868805 -12.238998 1.888977
0.47969055 -12.453232 2.3150635
0.7653351 -12.150925 2.7792358
1.1747589 -11.92717 3.402893
1.2771149 -11.893845 3.762329
1.348526 -12.274704 3.4885864
1.4627838 -12.917404 3.2077026
1.6579742 -13.08165 3.0744019
1.7174835 -12.943588 2.86969
1.746048 -13.057846 2.6625977
2.0174103 -12.986435 2.4055176
2.1388092 -12.862656 2.4293213
2.2602081 -12.838852 2.4007568
2.3054352 -12.884079 2.6364136
2.4244537 -12.922165 2.729248
2.548233 -12.82933 2.8435059
2.631546 -12.617477 2.812561
2.7481842 -11.953354 2.6792603
2.8338776 -11.686752 2.7816162
2.9124298 -11.601059 2.6864014
3.093338 -11.751022 2.331726
3.1980743 -11.80101 2.1674805
3.2004547 -11.8033905 1.9627686
3.2171173 -11.6082 1.7890015
3.1266632 -11.008347 1.7890015
3.1361847 -10.027634 1.71521
3.1671295 -9.265915 2.0079956
3.3147125 -8.437546 1.9818115
3.5408478 -8.130478 2.4031372
3.7193756 -8.347092 2.7459106
3.8455353 -8.620834 2.6721191
4.0716705 -8.751755 2.2841187
4.3858795 -9.068344 2.2745972
4.5168 -9.192123 2.2888794
4.588211 -9.061203 2.0841675
4.592972 -8.965988 2.215088
4.659622 -8.487534 2.0127563
4.766739 -7.5568085 1.7199707
4.9690704 -7.002182 1.927063
5.0785675 -6.86174 2.1174927
5.102371 -6.904587 2.1603394
5.3808746 -6.866501 2.0437012
5.5903473 -6.8593597 2.3674316
5.73555 -6.5618134 2.248413
5.8022003 -6.2047577 2.1889038
5.7379303 -5.8643646 2.1293945
5.959305 -5.4716034 2.1079712
6.171158 -5.1454926 2.3936157
6.3020782 -4.8884125 2.3460083
6.321121 -4.5813446 2.2936401
6.216385 -4.2100067 2.0246582
6.2663727 -4.050522 1.8865967
6.273514 -4.10289 2.0151367
6.292557 -4.193344 1.9151611
6.461563 -4.3123627 1.9675293
6.704361 -4.3314056 2.222229
6.780533 -4.0743256 2.2888794
6.8090973 -4.0362396 2.3745728
6.9447784 -4.03862 2.4864502
7.070938 -3.9576874 2.3936157
7.0995026 -3.8815155 2.3531494
7.097122 -3.679184 2.3912354
7.1637726 -3.448288 2.498352
7.089981 -3.1483612 2.5007324
7.325638 -2.910324 2.415039
7.4208527 -2.8817596 2.5245361
7.487503 -2.8222504 2.6483154
7.627945 -2.6818085 2.710205
7.65889 -2.479477 2.8030396
7.72316 -2.3176117 2.9030151
7.7731476 -2.2961884 3.0196533
7.8231354 -2.1962128 2.9268188
7.877884 -2.1438446 2.8839722
7.9850006 -2.2462006 2.8292236
8.008804 -2.2890472 2.7839966
7.9730988 -2.300949 2.9958496
8.094498 -2.3366547 3.0458374
8.308731 -2.2723846 3.331482
8.353958 -2.153366 3.5147705
8.327774 -1.9962616 3.4933472
8.30397 -1.9200897 3.4052734
8.294449 -1.9224701 3.5076294
8.249222 -1.7606049 3.4957275
8.2730255 -1.6630096 3.440979
8.353958 -1.6868134 3.376709
8.320633 -1.7606049 3.3719482
8.361099 -1.7201385 3.421936
8.475357 -1.53685 3.581421
8.520584 -1.3964081 3.5980835
8.549149 -1.2773895 3.626648
8.62294 -1.1940765 3.7052002
8.658646 -1.120285 3.6195068
8.613419 -1.1964569 3.4719238
8.672928 -1.2393036 3.5409546
8.808609 -1.2916718 3.7075806
8.799088 -1.1369476 3.5219116
8.839554 -0.9750824 3.5909424
8.853836 -0.8774872 3.6504517
8.8181305 -1.0131683 3.6004639
8.822891 -1.0488739 3.6837769
8.832413 -1.0226898 3.5361938
8.88002 -1.0798187 3.5338135
8.841934 -0.97032166 3.6599731
8.863358 -0.8751068 3.7147217
8.875259 -0.78227234 3.909912
8.9014435 -0.70848083 3.7980347
8.925247 -0.8179779 3.736145
8.918106 -1.0464935 3.7766113
8.908585 -1.1417084 3.7194824
8.856216 -1.0679169 3.6623535
8.903824 -1.010788 3.6314087
8.956192 -1.0345917 3.7599487
8.918106 -1.0488739 3.7528076
8.899063 -1.0060272 3.6123657
8.875259 -0.89653015 3.5647583
8.837173 -0.70610046 3.6480713
8.87764 -0.49186707 3.7456665
8.934769 -0.5442352 3.7528076
9.013321 -0.51805115 3.793274
8.960953 -0.52757263 3.819458
8.922867 -0.44425964 3.8408813
8.853836 -0.40141296 3.6575928
8.820511 -0.35380554 3.6028442
8.789566 -0.48472595 3.581421
8.725296 -0.41807556 3.4957275
8.694351 -0.3157196 3.3552856
8.756241 -0.3490448 3.5838013
8.737198 -0.22050476 3.5028687
8.801468 -0.1847992 3.5076294
8.772903 -0.31809998 3.4838257
8.808609 -0.45854187 3.5076294
8.949051 -0.21574402 3.581421
9.001419 -0.018173218 3.8075562
8.9657135 0.1532135 3.8075562
8.9014435 0.17701721 3.845642
8.7491 -0.053878784 3.9789429
8.758621 0.15797424 3.7385254
8.920486 0.33174133 3.9122925
9.07283 0.26271057 4.107483
8.975235 0.119888306 3.876587
8.794327 0.012771606 3.8504028
8.701492 0.027053833 3.7194824
8.784805 0.098464966 3.6361694
8.789566 0.15083313 3.7409058
8.756241 0.14131165 3.5838013
8.763382 0.08180237 3.569519
8.6515045 0.074661255 3.6314087
8.661026 0.1698761 3.7266235
8.730057 0.19606018 3.6385498
8.784805 0.20558167 3.5766602
8.761002 0.21510315 3.6171265
8.739578 0.17225647 3.755188
8.756241 0.17463684 3.7242432
8.722916 0.21986389 3.7242432
8.7348175 0.29603577 3.7837524
8.727676 0.39363098 3.812317
8.732437 0.3841095 3.8075562
8.727676 0.41505432 3.7337646
8.741959 0.4412384 3.781372
8.68959 0.4340973 3.7599487
8.708633 0.43171692 3.6813965
8.732437 0.48646545 3.7385254
8.696732 0.39601135 3.6433105
8.656265 0.25080872 3.7123413
8.580093 0.12940979 3.6218872
8.68721 0.19844055 3.543335
8.644363 0.15797424 3.8265991
8.546768 0.19367981 3.6314087
8.853836 0.541214 3.8170776
8.989517 0.58406067 4.02417
8.958572 0.6792755 3.8599243
8.699112 0.6578522 3.9718018
8.511063 0.541214 3.928955
8.601517 0.46028137 3.781372
8.682449 0.44361877 3.7242432
8.775284 0.46028137 3.7028198
8.799088 0.41267395 3.7028198
8.756241 0.36506653 3.864685
8.658646 0.4912262 3.8170776
8.618179 0.5745392 3.7504272
8.68959 0.55311584 3.7789917
8.656265 0.47694397 3.781372
8.68959 0.37934875 3.7480469
8.718155 0.38172913 3.6218872
8.791946 0.4650421 3.6575928
8.789566 0.60072327 3.6028442
8.694351 0.6221466 3.607605
8.596756 0.6150055 3.679016
8.603897 0.6554718 3.7575684
8.475357 0.44599915 3.9051514
8.43251 0.61976624 3.7766113
8.718155 0.8387604 3.838501
8.925247 0.80781555 4.0289307
8.960953 0.61976624 3.8718262
8.720535 0.4245758 3.7504272
8.527725 0.43171692 3.6361694
8.518204 0.5483551 3.6409302
8.601517 0.6959381 3.6409302
8.665787 0.6959381 3.6861572
8.715775 0.688797 3.6885376
8.6705475 0.73402405 3.6956787
8.601517 0.6554718 3.6099854
8.603897 0.6459503 3.7028198
8.632462 0.5792999 3.6123657
8.68721 0.6078644 3.6361694
8.637222 0.6078644 3.6433105
8.591995 0.6388092 3.5933228
8.565811 0.5554962 3.5980835
8.539627 0.54359436 3.7028198
8.537247 0.5245514 3.7528076
8.606277 0.5792999 3.7885132
8.618179 0.54359436 3.7266235
8.615799 0.5673981 3.6552124
8.513443 0.4412384 3.6480713
8.55629 0.374588 3.690918
8.489639 0.4174347 3.6742554
8.477737 0.45314026 3.6409302
8.5229645 0.42695618 3.698059
8.596756 0.4174347 3.7337646
8.644363 0.31269836 3.7766113
8.703873 0.24604797 3.8075562
8.720535 0.25794983 3.876587
8.706253 0.28175354 3.8337402
8.665787 0.24128723 3.838501
8.570572 0.24128723 3.7313843
8.553909 0.15559387 3.8242188
8.644363 0.06037903 3.8408813
8.6515045 0.02229309 3.9146729
8.711014 0.005630493 3.9265747
8.782425 -0.11100769 3.9122925
8.7491 -0.24430847 3.9979858
8.701492 -0.28001404 3.9432373
8.632462 -0.36332703 3.9170532
8.656265 -0.38237 3.9003906
8.596756 -0.37998962 3.9527588
8.515823 -0.36332703 3.9694214
8.515823 -0.46568298 3.9813232
8.475357 -0.46568298 3.8718262
8.380142 -0.5228119 3.8480225
8.327774 -0.6632538 3.8218384
8.337296 -0.56565857 3.7313843
8.306351 -0.55137634 3.7980347
8.227798 -0.5466156 3.8289795
8.180191 -0.61802673 3.8027954
8.156387 -0.56565857 3.9241943
8.094498 -0.4633026 3.993225
8.04689 -0.4728241 4.100342
8.013565 -0.55137634 4.1289063
8.008804 -0.7108612 4.133667
7.975479 -0.80607605 3.8146973
7.999283 -0.99412537 3.3624268
8.006424 -1.2440643 3.0601196
7.885025 -1.3678436 2.8554077
7.718399 -1.498764 2.8839722
7.601761 -1.6130219 2.9839478
7.5208282 -1.8296356 3.1553345
7.511307 -2.024826 3.3529053
7.4446564 -2.165268 3.433838
7.389908 -2.312851 3.5671387
7.33992 -2.4532928 3.5671387
7.320877 -2.6103973 3.4171753
7.313736 -2.7722626 3.3243408
7.1899567 -2.9246063 3.2814941
7.063797 -3.0555267 3.1672363
6.8543243 -3.1364594 3.043457
6.737686 -3.2078705 2.99823
6.704361 -3.4887543 3.1862793
6.6258087 -3.7648773 3.3291016
6.5163116 -3.9886322 3.338623
6.3496857 -4.129074 3.5219116
6.109268 -4.4456635 3.6361694
5.9831085 -4.7146454 3.6361694
5.978348 -4.9407806 3.2124634
6.1354523 -5.2359467 2.972046
6.0997467 -5.314499 2.6102295
5.921219 -5.4977875 2.4197998
5.697464 -5.654892 2.0341797
5.402298 -6.059555 1.6818848
5.126175 -6.378525 1.4438477
4.90242 -6.8307953 1.2843628
4.8809967 -7.444931 1.2819824
4.947647 -7.7305756 1.1962891
5.03096 -7.7758026 1.1796265
4.997635 -7.892441 1.4795532
4.914322 -7.8900604 1.4343262
4.792923 -8.139999 1.4057617
4.664383 -8.835068 1.3724365
4.4549103 -9.699142 1.2915039
4.2716217 -10.375168 1.1820068
4.0978546 -10.613205 1.1343994
3.9383698 -10.32756 1.0558472
3.9359894 -10.015732 1.3034058
3.7765045 -9.522995 1.3438721
3.7241364 -9.304001 1.151062
3.5789337 -9.534897 1.2891235
3.528946 -9.442062 1.2557983
3.5003815 -9.6610565 1.7247314
3.2266388 -10.344223 2.0913086
2.8029327 -10.522751 1.7294922
2.6363068 -10.822678 1.7033081
2.5982208 -11.122604 2.1103516
2.4125519 -10.853622 1.888977
2.2602081 -11.039291 1.8223267
1.8864899 -11.562973 1.71521
1.7151031 -11.612961 1.2462769
1.6912994 -11.632004 1.317688
1.9007721 -11.596298 1.741394
2.003128 -11.946213 2.5340576
2.0078888 -12.227097 2.8863525
1.912674 -12.600815 2.9649048
1.5532379 -13.043564 2.9387207
1.0747833 -13.091171 2.395996
1.0676422 -13.117355 1.9580078
1.1057281 -12.738876 1.84375
0.99147034 -12.177109 1.8556519
0.79389954 -11.955734 2.0841675
0.7462921 -12.062851 2.1555786
0.8557892 -12.050949 2.1412964
0.88435364 -11.9509735 2.286499
0.91529846 -11.905746 2.3364868
0.9200592 -12.024765 2.4197998
0.8534088 -12.010483 2.3269653
0.8962555 -11.879562 2.184143
0.8486481 -11.758163 2.1246338
0.89149475 -11.582016 2.1222534
0.88197327 -11.296371 2.081787
0.8557892 -11.048813 2.0770264
0.8534088 -10.920273 2.067505
0.7986603 -10.875046 2.0532227
0.77723694 -10.917892 1.9556274
0.78437805 -10.886948 1.9651489
0.8391266 -10.720322 2.0270386
0.7248688 -10.494186 2.0532227
0.7700958 -10.320419 2.0151367
0.8438873 -10.2704315 2.1222534
0.7891388 -10.208542 2.131775
0.80104065 -10.187119 2.1555786
0.22975159 -10.044296 2.3150635
0.95814514 -11.646286 2.3555298
1.1319122 -11.534409 2.2841187
0.82722473 -9.991928 2.600708
0.83436584 -9.737228 2.460266
0.8557892 -10.413254 2.581665
0.970047 -10.541794 2.5197754
0.88435364 -10.427536 2.6364136
0.8438873 -10.337082 2.5197754
0.9105377 -10.334702 2.6435547
0.7796173 -10.256149 2.3555298
0.6820221 -10.225204 2.3150635
0.7653351 -9.982407 2.4364624
0.7700958 -9.8134 2.5697632
0.7462921 -9.980026 2.5459595
0.7486725 -10.103806 2.574524
0.75105286 -10.175217 2.6435547
0.6986847 -10.080002 2.5864258
0.7700958 -10.018112 2.6221313
0.739151 -10.00145 2.6435547
0.6915436 -9.903854 2.6483154
0.68440247 -9.899094 2.562622
0.67726135 -9.999069 2.4388428
0.5391998 -9.984787 2.4436035
0.49635315 -9.984787 2.4840698
0.5439606 -10.00383 2.4578857
0.5106354 -10.0395355 2.4555054
0.54634094 -10.156174 2.5316772
0.6153717 -10.179977 2.555481
0.66059875 -10.103806 2.6887817
0.76057434 -10.082382 2.7006836
0.7082062 -10.146652 2.9006348
0.7462921 -10.113327 2.9672852
0.71058655 -10.046677 2.9672852
0.54634094 -9.991928 2.895874
0.49635315 -9.963364 2.6816406
0.47731018 -9.853867 2.6887817
0.45350647 -9.851486 2.6435547
0.49873352 -9.903854 2.472168
0.5439606 -9.846725 2.5531006
0.45588684 -9.865768 2.6102295
0.3678131 -9.853867 2.5411987
0.31306458 -9.825302 2.555481
0.115493774 -9.675339 2.5697632
0.055984497 -9.7443695 2.6864014
0.1869049 -9.8919525 2.74115
0.2940216 -10.108566 2.93396
0.21070862 -10.082382 2.9649048
0.17500305 -10.032394 2.9863281
0.15357971 -10.00383 3.0958252
0.14881897 -9.972885 3.1029663
0.13929749 -9.94194 3.1577148
0.05836487 -9.999069 3.2386475
-0.0011444092 -10.075241 3.0791626
-0.015426636 -10.144272 3.1148682
0.029800415 -10.308517 3.2338867
0.022659302 -10.296616 3.2243652
0.08216858 -10.268051 3.3148193
0.046463013 -10.294235 3.3362427
0.08930969 -10.315659 3.4909668
0.05836487 -10.220444 3.6123657
0.046463013 -10.1418915 3.6932983
0.027420044 -10.087143 3.6932983
-0.015426636 -9.958603 3.6218872
-0.017807007 -9.863388 3.6123657
-0.041610718 -9.81102 3.588562
-0.020187378 -9.770554 3.6290283
-0.07255554 -9.727707 3.5457153
0.0155181885 -9.732468 3.4528809
0.04170227 -9.775314 3.4528809
0.010757446 -9.751511 3.4695435
-0.0059051514 -9.753891 3.5123901
-0.034469604 -9.753891 3.4743042
0.06312561 -9.794357 3.5385742
Time Stop = 7326
