Time Start = 7238
-9.510727 -5.2026215 1.6080933
-9.191757 -5.181198 1.7294922
-9.108444 -5.481125 1.7675781
-9.294113 -5.885788 1.8723145
-9.646408 -6.188095 2.1651
-9.898727 -6.3071136 2.324585
-9.941574 -6.3713837 2.6483154
-9.9891815 -6.3832855 3.1315308
-10.027267 -6.276169 3.498108
-10.279587 -6.2404633 3.8932495
-10.872299 -6.342819 4.247925
-11.443588 -6.3832855 4.459778
-11.77446 -6.3690033 4.300293
-11.51976 -6.6332245 4.395508
-11.07225 -6.7760468 4.79303
-10.291489 -6.9141083 5.1810303
-9.815414 -7.2378387 5.602356
-9.563095 -7.430649 5.6071167
-8.920395 -7.8019867 5.595215
-8.072983 -8.180466 5.890381
-7.4302826 -8.185226 5.5666504
-6.792343 -8.616074 5.3048096
-6.2615204 -9.058823 5.257202
-4.8451996 -9.320663 5.0167847
-3.7978363 -9.246872 5.4785767
-3.0051727 -8.920761 5.7070923
-1.993515 -8.918381 6.128418
-1.31987 -8.935043 6.180786
-0.6676483 -8.737473 5.847534
-0.23918152 -8.554184 5.7070923
0.09883118 -8.27092 5.2643433
0.43922424 -8.004318 5.0739136
0.7724762 -7.9210052 4.8096924
0.95814514 -7.925766 4.481201
1.0414581 -8.135239 4.3217163
1.0890656 -8.254257 4.350281
1.1295319 -8.111435 4.145569
1.2390289 -7.856735 4.159851
1.4008942 -7.6853485 4.1384277
1.329483 -7.6663055 3.8504028
1.2437897 -7.7829437 3.6314087
1.1319122 -8.030502 3.2529297
0.7891388 -7.709152 2.5792847
0.07026672 -6.983139 2.0603638
-0.710495 -6.2238007 1.8485107
-1.2936859 -6.0119476 1.7033081
-1.6102753 -6.5380096 1.7294922
-1.7673798 -7.6163177 1.6747437
-1.6650238 -8.854111 1.6437988
-1.550766 -10.087143 1.8199463
-1.4412689 -10.610825 1.5438232
-1.7483368 -10.253769 1.0510864
-2.0411224 -9.520615 0.7487793
-2.4338837 -8.830307 0.9772949
-2.686203 -8.420883 1.5509644
-2.5790863 -8.468491 1.9627686
-2.4410248 -8.97789 2.2698364
-2.352951 -9.601547 2.1651
-2.2720184 -10.099045 1.7770996
-2.1696625 -10.346603 1.760437
-2.057785 -10.172836 1.7247314
-2.1649017 -9.74913 1.7390137
-2.2553558 -9.42778 1.927063
-2.2006073 -9.23735 2.2722168
-2.0482635 -9.208786 2.2365112
-2.1291962 -9.249252 1.8984985
-2.2934418 -9.392075 2.0079956
-2.1910858 -9.62059 1.9865723
-1.974472 -9.949081 2.0079956
-1.6388397 -10.191879 2.1222534
-1.4103241 -10.222824 2.4864502
-1.2032318 -10.008591 2.4388428
-1.1508636 -9.851486 2.4674072
-1.2484589 -9.830063 2.8220825
-1.1603851 -9.727707 2.8815918
-0.9318695 -9.972885 2.7340088
-0.6700287 -10.489426 2.6792603
-0.36058044 -10.884567 2.4317017
-0.0844574 -10.989304 2.343628
0.07978821 -11.03215 2.7554321
0.33924866 -10.784592 3.4362183
0.022659302 -10.2061615 3.2077026
-0.248703 -10.617966 3.0672607
0.3511505 -11.124985 2.6292725
0.37495422 -11.148788 2.953003
0.61061096 -10.863144 2.6959229
0.053604126 -10.094284 3.274353
0.14167786 -9.606308 3.5933228
0.8200836 -9.5325165 3.4695435
0.5891876 -9.775314 3.248169
0.15119934 -10.127609 2.9006348
0.33924866 -10.310898 2.67688
0.23927307 -10.32518 2.5888062
-0.19395447 -11.067856 2.0151367
-0.10588074 -12.424667 2.215088
-0.12730408 -12.8936 3.2505493
0.04170227 -13.150681 3.9170532
0.42256165 -13.198288 4.2788696
0.74391174 -12.779343 4.4526367
1.1152496 -12.741257 4.531189
1.4627838 -12.922165 4.7263794
1.7793732 -12.855515 5.023926
1.9698029 -12.491318 5.2072144
2.2506866 -12.300888 5.4000244
2.2625885 -12.210434 5.5357056
2.4815826 -12.079514 5.5095215
2.59346 -12.105698 5.3952637
2.7386627 -12.091415 5.159607
2.8338776 -11.791489 4.833496
2.8862457 -11.820053 4.645447
2.9338531 -11.6082 4.1574707
3.0338287 -11.227341 3.8980103
3.119522 -10.908371 4.0075073
3.2694855 -10.596542 4.1622314
3.350418 -10.432297 4.519287
3.4575348 -10.201401 4.545471
3.657486 -9.722946 4.421692
3.728897 -9.356369 4.288391
3.7550812 -9.208786 4.1360474
3.805069 -9.096909 3.7528076
3.6931915 -8.727951 3.460022
3.7741241 -8.582748 3.433838
3.8598175 -7.978134 3.1767578
3.9574127 -7.3639984 3.0006104
3.997879 -7.0759735 3.005371
4.112137 -6.8903046 3.1553345
4.2192535 -6.9141083 3.3171997
4.4311066 -6.9926605 3.3862305
4.671524 -7.0759735 3.664734
4.788162 -6.8307953 3.5171509
4.8857574 -6.528488 3.2005615
4.9262238 -6.302353 3.0720215
4.9762115 -6.0571747 2.9101563
5.0452423 -6.0571747 3.024414
5.0071564 -5.816757 2.9577637
5.0904694 -5.6191864 2.93396
5.311844 -5.5430145 3.1624756
5.497513 -5.328781 3.1886597
5.7260284 -4.976486 2.9863281
5.9307404 -4.7931976 3.2434082
6.064041 -4.6837006 3.524292
6.0092926 -4.481369 3.505249
6.018814 -4.5742035 3.6004639
6.1640167 -4.6051483 3.350525
6.359207 -4.6051483 3.3529053
6.4591827 -4.276657 3.2957764
6.590103 -3.9053192 3.248169
6.5996246 -3.5601654 3.274353
6.711502 -3.4578094 3.357666
6.7900543 -3.6434784 3.3862305
6.8805084 -3.8172455 3.433838
6.947159 -3.7529755 3.3100586
6.9400177 -3.7029877 3.5338135
6.9709625 -3.6053925 3.755188
7.094742 -3.3316498 3.6290283
7.3494415 -3.2697601 3.8861084
7.499405 -3.1840668 3.986084
7.6184235 -3.0293427 3.8670654
7.5803375 -2.9841156 3.9741821
7.5803375 -2.941269 3.89563
7.6945953 -2.8508148 3.8813477
7.8421783 -2.7079926 4.1360474
7.935013 -2.543747 4.2265015
8.054031 -2.3866425 4.2860107
8.184952 -2.3675995 4.326477
8.29921 -2.3890228 4.435974
8.242081 -2.4509125 4.3598022
8.139725 -2.4556732 4.197937
8.082596 -2.49852 4.1741333
8.1064 -2.4104462 4.0860596
8.246841 -2.3485565 4.1051025
8.320633 -2.2723846 4.050354
8.36824 -2.2009735 4.1384277
8.332535 -1.9629364 4.0717773
8.282547 -1.8629608 3.9813232
8.306351 -1.9891205 4.076538
8.30397 -1.8653412 4.0336914
8.315872 -1.6987152 4.100342
8.36586 -1.5892181 4.1574707
8.36824 -1.4416351 4.02417
8.392044 -1.4940033 4.0932007
8.337296 -1.5130463 3.967041
8.311111 -1.5249481 3.9599
8.36824 -1.4606781 4.119385
8.330154 -1.3083344 4.1931763
8.408707 -1.2393036 4.171753
8.43251 -1.2131195 4.1170044
8.453934 -1.2274017 4.1051025
8.465836 -1.2892914 4.250305
8.487259 -1.222641 4.15271
8.472977 -1.0988617 3.9241943
8.442032 -0.991745 3.793274
8.465836 -0.9560394 3.8408813
8.342056 -0.78941345 3.7480469
8.370621 -0.7299042 3.7718506
8.425369 -0.7132416 4.0027466
8.461075 -0.7275238 3.9194336
8.482498 -0.5537567 4.0217896
8.434891 -0.40141296 4.0336914
8.434891 -0.4394989 4.0289307
8.446793 -0.46806335 3.993225
8.475357 -0.52519226 3.8742065
8.501541 -0.54185486 3.8884888
8.56105 -0.62516785 4.043213
8.572952 -0.41331482 3.9503784
8.565811 -0.3085785 4.043213
8.572952 -0.18003845 4.1241455
8.508682 -0.08958435 4.1431885
8.515823 -0.1348114 4.121765
8.534866 -0.20384216 4.057495
8.539627 -0.4228363 3.9170532
8.596756 -0.52757263 3.8408813
8.62056 -0.49900818 3.8504028
8.691971 -0.41093445 3.8099365
8.746719 -0.4061737 3.9789429
8.727676 -0.25144958 4.019409
8.632462 -0.12528992 4.0979614
8.756241 -0.0110321045 4.133667
8.846695 -0.039596558 4.0670166
8.851456 -0.020553589 3.9384766
8.730057 -0.061019897 3.9908447
8.637222 -0.26335144 3.8932495
8.668167 -0.38475037 3.8361206
8.761002 -0.32286072 3.8884888
8.696732 -0.21812439 3.993225
8.639603 -0.034835815 4.2265015
8.615799 -0.049118042 4.183655
8.589615 0.017532349 4.140808
8.7348175 0.14845276 4.126526
8.87764 0.20082092 4.3812256
8.870499 0.28651428 4.3693237
8.737198 0.2674713 4.0289307
8.568192 0.10798645 3.986084
8.5039215 -0.17051697 3.9622803
8.582474 -0.17051697 3.9622803
8.665787 -0.077682495 4.0741577
8.639603 0.13179016 4.1574707
8.589615 0.16511536 4.2003174
8.603897 0.12226868 4.0908203
8.584854 0.055618286 4.140808
8.62294 0.01991272 4.0860596
8.56105 -0.04197693 4.043213
8.446793 -0.080062866 3.9979858
8.382523 0.027053833 3.8718262
8.461075 -0.061019897 3.883728
8.549149 -0.13005066 3.845642
8.646744 -0.020553589 3.9813232
8.803848 0.2032013 4.166992
8.7491 0.41029358 4.2860107
8.62294 0.41981506 4.1384277
8.534866 0.310318 4.0146484
8.477737 0.29603577 4.0075073
8.551529 0.4174347 3.9551392
8.615799 0.522171 3.9813232
8.639603 0.5745392 4.0075073
8.589615 0.4650421 3.9813232
8.532486 0.35316467 3.993225
8.534866 0.29603577 3.8813477
8.506302 0.28889465 3.9575195
8.499161 0.29603577 4.0598755
8.511063 0.35792542 4.100342
8.603897 0.3174591 4.1312866
8.646744 0.31269836 4.069397
8.615799 0.28889465 3.9384766
8.611038 0.28175354 4.0075073
8.611038 0.35554504 4.064636
8.627701 0.41029358 4.1241455
8.618179 0.4340973 3.9979858
8.649124 0.40315247 3.9718018
8.672928 0.5483551 3.9360962
8.630081 0.5721588 4.000366
8.5872345 0.51264954 3.993225
8.544388 0.5007477 3.9146729
8.596756 0.5340729 3.876587
8.603897 0.48646545 3.838501
8.582474 0.4340973 3.9551392
8.549149 0.4507599 3.8504028
8.596756 0.37934875 3.8861084
8.653885 0.3674469 3.9051514
8.68721 0.4983673 3.921814
8.661026 0.5959625 3.993225
8.553909 0.5792999 4.0789185
8.530106 0.52693176 4.050354
8.539627 0.48646545 3.9837036
8.599136 0.44599915 3.9765625
8.663406 0.47932434 3.9575195
8.6515045 0.46266174 3.8932495
8.62056 0.46028137 3.9884644
8.549149 0.55311584 3.845642
8.549149 0.52931213 3.8861084
8.532486 0.54359436 3.9551392
8.603897 0.5055084 3.9765625
8.62294 0.4745636 3.8504028
8.665787 0.39839172 3.8813477
8.589615 0.4007721 3.781372
8.49202 0.42219543 3.7409058
8.472977 0.43647766 3.7837524
8.472977 0.3674469 3.857544
8.475357 0.457901 3.7766113
8.563431 0.49598694 3.9075317
8.584854 0.5174103 3.9265747
8.575333 0.46980286 3.7670898
8.513443 0.3269806 3.6314087
8.43013 0.19367981 3.5742798
8.434891 0.015151978 3.6837769
8.415848 0.036575317 3.709961
8.539627 -0.0062713623 3.838501
8.542007 -0.039596558 3.967041
8.55629 -0.061019897 4.186035
8.608658 -0.17527771 4.1550903
8.656265 -0.24906921 4.0551147
8.665787 -0.3323822 4.0336914
8.656265 -0.38713074 4.031311
8.62532 -0.3728485 3.9051514
8.62294 -0.46092224 3.5647583
8.589615 -0.6061249 3.300537
8.563431 -0.77275085 3.2910156
8.563431 -0.8370209 3.3981323
8.632462 -0.87034607 3.5147705
8.675308 -0.6037445 3.6575928
8.618179 -0.44664 3.9503784
8.608658 -0.35380554 4.1384277
8.549149 -0.37760925 4.186035
8.527725 -0.46568298 4.1098633
8.451553 -0.5870819 3.9003906
8.425369 -0.6870575 3.6671143
8.256363 -0.7441864 3.3624268
8.063553 -0.71562195 3.248169
7.8231354 -0.66563416 3.2576904
7.737442 -0.6465912 3.4385986
7.6707916 -0.67515564 3.4814453
7.72554 -0.87034607 3.6813965
7.7469635 -1.1083832 3.8170776
7.642227 -1.3726044 3.8170776
7.4470367 -1.66539 3.5147705
7.308975 -1.8177338 3.229126
7.159012 -1.8653412 3.164856
6.9185944 -2.172409 2.9887085
6.9519196 -2.6627655 2.8149414
6.9519196 -3.0817108 2.8625488
6.9519196 -3.2507172 3.0315552
6.968582 -3.1959686 3.1958008
7.154251 -3.2078705 3.2791138
7.263748 -3.2126312 3.4171753
7.1756744 -3.4340057 3.395752
6.9400177 -3.622055 3.0125122
6.6234283 -3.9767303 2.5840454
6.31398 -4.340927 2.4412231
6.1235504 -4.8765106 2.5507202
6.1759186 -5.3502045 2.5983276
6.261612 -5.5168304 2.6221313
6.2592316 -5.6406097 2.8530273
6.261612 -5.790573 2.9672852
6.287796 -5.8643646 2.793518
6.3687286 -5.942917 2.7697144
6.190201 -6.0238495 2.5411987
5.9497833 -6.1214447 2.2722168
5.5927277 -6.342819 2.4197998
5.35231 -6.840317 2.7316284
5.3142242 -7.2425995 2.9291992
5.454666 -7.713913 3.300537
5.395157 -7.982895 3.357666
5.4570465 -8.104294 3.1696167
5.338028 -8.328049 3.2600708
5.0857086 -8.389938 3.0029907
4.8857574 -8.280441 2.6959229
4.7834015 -8.180466 2.6126099
4.638199 -8.168564 2.4959717
4.592972 -8.356613 2.7244873
4.5858307 -8.930283 3.3790894
4.421585 -9.732468 3.9884644
4.13356 -9.999069 3.800415
4.176407 -9.772934 3.5195313
4.171646 -9.944321 3.6480713
3.8645782 -9.882431 3.2529297
3.6098785 -9.696762 3.0267944
3.5670319 -9.275436 3.005371
3.5979767 -9.201645 3.3100586
3.581314 -9.437302 3.6694946
3.657486 -9.949081 3.9527588
3.7503204 -10.306137 4.0479736
3.6194 -10.218063 4.1550903
3.536087 -10.030014 4.224121
3.2123566 -10.291855 4.2598267
3.029068 -10.427536 3.9551392
3.048111 -10.496567 3.9694214
2.817215 -10.734604 4.076538
2.6434479 -10.77507 3.7313843
2.7029572 -10.872665 3.7718506
2.6720123 -11.017868 3.9646606
2.7362823 -10.922653 3.9170532
2.7434235 -10.851242 3.9956055
2.5815582 -10.736984 4.0908203
2.5886993 -10.653671 4.0098877
2.3649445 -10.641769 4.0289307
2.27211 -10.829819 4.1693726
2.3197174 -10.986923 3.9194336
2.1864166 -10.896469 3.7432861
2.1102448 -10.641769 3.6242676
1.9888458 -10.537033 3.6694946
1.9650421 -10.372787 3.6575928
2.0102692 -10.587021 3.7337646
2.0769196 -10.672714 3.7052002
2.2292633 -10.527512 3.7789917
2.298294 -10.358505 3.9384766
2.1364288 -10.284714 3.864685
2.1673737 -10.315659 3.9075317
2.2221222 -10.356125 3.8718262
1.976944 -10.372787 3.7575684
1.9436188 -10.110947 3.607605
1.8365021 -9.934799 3.607605
1.7793732 -9.922897 3.7266235
1.8412628 -9.968124 3.7694702
1.8484039 -9.956223 3.993225
1.9150543 -10.008591 4.126526
2.0245514 -10.018112 4.15271
2.048355 -10.07048 4.2384033
1.9817047 -10.0395355 4.212219
1.9936066 -9.913376 4.0789185
1.8460236 -9.951462 3.9622803
1.7008209 -9.908615 3.8694458
1.7674713 -9.696762 3.7670898
1.6722565 -9.575363 3.7480469
1.6865387 -9.563461 3.8408813
1.7246246 -9.55394 3.845642
1.7055817 -9.499191 3.857544
1.7127228 -9.458725 3.7837524
1.8150787 -9.392075 3.7147217
1.7198639 -9.456345 3.7432861
1.7055817 -9.48967 3.5790405
1.6127472 -9.594406 3.5718994
1.5508575 -9.791977 3.5576172
1.477066 -9.81102 3.4766846
1.4437408 -9.720566 3.4909668
1.4865875 -9.627731 3.6385498
1.4437408 -9.74675 3.6742554
1.4818268 -9.861008 3.7385254
1.4532623 -9.739609 3.7599487
1.3985138 -9.653915 3.7004395
0.905777 -9.5325165 5.057251
2.0626373 -10.189499 4.0217896
1.348526 -10.332321 3.1553345
1.5937042 -9.537277 3.8670654
1.5127716 -9.192123 3.7837524
1.4342194 -9.915756 3.7528076
1.5484772 -10.063339 3.645691
1.4794464 -9.668198 3.8027954
1.4913483 -9.520615 3.7028198
1.5008698 -9.615829 3.626648
1.4818268 -9.665817 3.6552124
1.3985138 -9.696762 3.6480713
1.2913971 -9.634872 3.550476
1.3128204 -9.503952 3.614746
1.2128448 -9.480148 3.6623535
1.2723541 -9.387314 3.671875
1.2913971 -9.29924 3.8480225
1.2794952 -9.306381 3.909912
1.2437897 -9.480148 3.864685
1.2390289 -9.473007 3.762329
1.2223663 -9.370651 3.8718262
1.3009186 -9.330185 3.9051514
1.2295074 -9.377792 3.8408813
1.2080841 -9.332565 3.8361206
1.1985626 -9.3016205 3.9384766
1.2937775 -9.251633 3.8742065
1.2580719 -9.251633 3.8432617
1.155716 -9.270676 3.8932495
1.1271515 -9.442062 3.89563
1.3913727 -10.1418915 3.7337646
1.3318634 -10.268051 3.652832
1.3413849 -9.761032 3.7599487
1.2913971 -9.446823 3.928955
1.3056793 -9.534897 3.8432617
1.1819 -9.761032 3.7432861
1.1676178 -9.713425 3.8051758
1.1795197 -9.444443 3.7147217
1.1509552 -9.349228 3.8242188
1.1081085 -9.401596 3.8599243
1.1319122 -9.434921 3.8551636
1.1271515 -9.539658 3.993225
1.1390533 -9.518234 4.0336914
1.1795197 -9.522995 4.0598755
1.136673 -9.5134735 4.1622314
1.0890656 -9.577744 4.209839
1.0247955 -9.570602 4.2455444
0.9605255 -9.630112 4.2455444
0.8462677 -9.856247 4.228882
0.7724762 -9.93718 4.288391
0.73439026 -9.9109955 4.319336
0.7224884 -9.768173 4.3621826
0.7415314 -9.592026 4.3598022
0.5987091 -9.342087 4.4764404
0.38685608 -9.244492 4.3812256
0.16786194 -9.304001 4.255066
0.22261047 -9.373032 4.3407593
0.28926086 -9.377792 4.224121
0.22737122 -9.399216 4.1955566
0.08930969 -9.380173 4.0336914
-0.058273315 -9.373032 3.9694214
-0.6747894 -9.199265 4.1360474
Time Stop = 7243
