Time Start = 502
0.0012359619 1.0958405 9.558533
-0.0059051514 1.0387115 9.715637
-0.15348816 0.9863434 9.508545
-0.46531677 0.7697296 9.258606
-0.6343231 0.6221466 8.939636
-0.8247528 0.46266174 8.670654
-0.7533417 0.35316467 8.865845
0.3844757 0.0460968 8.166016
-0.08683777 -0.39665222 8.506409
-1.7745209 0.3912506 8.980103
-1.6507416 0.26271057 8.32074
-1.2913055 -0.23954773 8.030334
-1.108017 -0.4728241 8.251709
-0.76286316 -0.5394745 8.308838
-0.5843353 -0.6037445 8.1779175
-0.8890228 -0.6846771 7.925598
-1.2936859 -1.010788 8.054138
-1.550766 -1.3845062 8.156494
-1.7292938 -1.5249481 8.139832
-1.8149872 -1.5963593 8.427856
-1.8721161 -1.6415863 8.446899
-1.9221039 -1.6273041 8.289795
-2.0673065 -1.7534637 8.175537
-2.21727 -1.8224945 7.918457
-2.3672333 -1.8605804 7.706604
-2.545761 -1.9819794 7.673279
-2.724289 -2.1700287 7.5423584
-2.8623505 -2.384262 7.5994873
-2.8861542 -2.69133 7.7875366
-2.9028168 -2.8484344 7.963684
-2.9218597 -2.9460297 7.7232666
-3.0123138 -2.781784 7.5494995
-3.026596 -2.4318695 7.335266
-2.981369 -2.4128265 6.9901123
-3.0099335 -2.5556488 6.7854004
-3.102768 -2.7436981 6.7854004
-3.1908417 -3.095993 6.923462
-3.3241425 -3.6934662 7.237671
-3.5883636 -4.186203 7.5375977
-3.7930756 -4.602768 7.868469
-3.9406586 -5.462082 8.082703
-4.1953583 -5.854843 7.9351196
-4.481003 -5.9333954 7.5614014
-4.9023285 -5.764389 7.128174
-5.2093964 -5.776291 6.59021
-5.5497894 -6.0357513 5.8999023
-5.9806366 -6.276169 5.390503
-6.3257904 -6.423752 4.871582
-6.4352875 -6.8260345 4.3740845
-6.271042 -7.361618 4.069397
-6.0425262 -7.682968 3.7789917
-5.8711395 -7.9233856 4.0289307
-5.956833 -8.023361 4.243164
-6.309128 -8.059067 4.3859863
-6.8137665 -8.256638 4.3859863
-7.299362 -8.432785 4.186035
-7.777817 -8.735092 3.7432861
-8.1610565 -8.768417 2.9125366
-8.353867 -8.956467 2.1555786
-8.103928 -8.901718 1.5795288
-8.122971 -9.653915 1.2891235
-8.025375 -9.708664 0.6154785
-8.137253 -9.668198 0.23937988
-8.1800995 -9.608688 0.35601807
-8.156296 -9.4254 0.69403076
-8.134872 -9.182602 1.0986938
-8.039658 -8.773178 1.3938599
-7.882553 -8.411362 1.4724121
-7.689743 -8.163803 0.8701782
-7.6611786 -8.832687 -0.017700195
-7.754013 -9.970505 -0.70562744
-7.804001 -10.756027 -1.4935303
-8.227707 -11.215439 -1.434021
-8.532394 -11.3535 -0.84368896
-8.563339 -10.858383 -0.7817993
-8.434799 -10.315659 -0.46759033
-8.208664 -9.794357 -0.15814209
-8.030136 -9.458725 0.25604248
-7.894455 -9.434921 0.6107178
-7.754013 -9.551559 0.82733154
-7.6016693 -9.989548 0.9868164
-7.5897675 -10.339462 1.0986938
-7.708786 -10.441818 0.8963623
-7.8611298 -10.51799 0.69403076
-8.042038 -10.448959 0.52264404
-8.208664 -10.39183 0.6726074
-8.270554 -10.432297 1.3081665
-8.206284 -10.246628 1.8389893
-7.965866 -10.089523 2.0794067
-7.4183807 -9.887192 1.8913574
-7.001816 -9.858627 1.888977
-6.944687 -9.863388 1.7651978
-7.22081 -10.049057 1.7556763
-7.5564423 -10.125229 1.8009033
-7.6921234 -10.177597 2.0008545
-7.3898163 -10.018112 2.1651
-6.675705 -9.613449 2.4007568
-5.8901825 -9.284958 2.664978
-5.502182 -8.937424 2.6744995
-5.468857 -8.542282 2.2341309
-5.578354 -8.556564 2.3222046
-5.55217 -8.575607 2.1341553
-5.392685 -8.749374 2.2936401
-5.071335 -8.827927 2.593567
-4.776169 -8.601791 3.2267456
-4.726181 -7.9852753 3.2600708
-4.6523895 -7.8210297 3.421936
-4.583359 -7.9995575 3.3529053
-4.4476776 -8.244736 2.8911133
-4.3834076 -8.349472 2.7625732
-4.4333954 -8.08049 3.088684
-4.481003 -7.56633 3.3814697
-4.46434 -7.18309 3.8170776
-4.5119476 -7.099777 3.7313843
-4.611923 -7.452072 3.2624512
-4.711899 -7.875778 2.6816406
-4.821396 -8.287582 2.2174683
-4.880905 -8.435165 2.112732
-5.0427704 -8.194748 2.2246094
-5.221298 -7.740097 2.3460083
-5.240341 -7.37352 2.5864258
-5.207016 -7.1926117 2.657837
-5.014206 -7.221176 2.184143
-4.8332977 -7.6020355 2.10083
-4.6857147 -7.8781586 1.4152832
-4.611923 -8.516098 1.3081665
-4.4738617 -8.0828705 2.0532227
-4.5952606 -7.1902313 2.6625977
-4.688095 -7.1711884 3.569519
-4.5119476 -7.24736 3.5909424
-4.507187 -7.4996796 2.9315796
-4.5428925 -7.990036 2.1865234
-4.328659 -8.454208 2.1484375
-4.3310394 -8.585129 2.4221802
-4.469101 -8.706528 2.914917
-4.5809784 -8.504196 3.3886108
-4.500046 -8.297104 3.581421
-4.3191376 -8.216171 3.6837769
-4.135849 -8.492294 3.5385742
-4.20726 -8.732712 3.414795
-4.392929 -8.956467 3.1291504
-4.52861 -9.144516 3.0863037
-4.5095673 -9.089767 3.1124878
-4.3119965 -8.863632 3.107727
-4.147751 -8.613693 3.2981567
-4.0882416 -8.423264 3.12677
-4.1191864 -8.618454 3.0625
-4.3191376 -8.668442 3.0720215
-4.5547943 -8.949326 2.9696655
-4.757126 -9.475388 2.7982788
-4.809494 -9.870529 2.5959473
-4.7666473 -9.799118 3.017273
-4.5381317 -9.715805 3.3100586
-4.4738617 -9.932419 4.2003174
-4.945175 -8.539902 5.019165
-4.9546967 -8.161423 4.7835083
-4.3905487 -8.482773 4.319336
-4.0501556 -8.706528 4.288391
-3.8692474 -9.144516 3.940857
-3.9763641 -9.611069 3.729004
-4.181076 -9.55394 3.5933228
-3.9477997 -10.441818 3.5742798
-4.1715546 -10.396591 3.9241943
-4.4357758 -9.806259 3.9122925
-4.4976654 -9.077866 4.0908203
-4.4262543 -8.611313 3.5957031
-4.392929 -8.5256195 2.914917
-4.411972 -9.089767 2.4174194
-4.4905243 -9.927658 1.6795044
-4.5357513 -11.017868 1.3986206
-4.771408 -11.641525 1.6485596
-4.9356537 -11.8676605 2.1912842
-4.8761444 -11.7200775 2.8934937
-4.564316 -11.598679 3.402893
-4.3691254 -12.060471 3.562378
-4.392929 -12.5603485 3.3029175
-4.4024506 -12.550827 3.0577393
-4.33342 -12.346115 2.7792358
-4.1715546 -12.241379 3.2124634
-4.147751 -12.069992 3.440979
-4.166794 -11.974777 3.6575928
-3.9930267 -12.327072 3.4171753
-3.666916 -12.388962 3.2576904
-3.416977 -12.422287 3.357666
-3.314621 -12.191391 3.7337646
-3.2027435 -12.05571 3.9170532
-3.0146942 -11.753403 3.9741821
-2.8028412 -11.548691 4.331238
-2.493393 -11.4249115 4.5978394
-1.9530487 -11.365402 4.7858887
-1.3412933 -11.517746 4.9001465
-1.0104218 -11.16069 4.4764404
-0.8985443 -10.427536 4.0598755
-0.67240906 -10.158554 4.1693726
-0.48435974 -10.177597 4.2645874
-0.14634705 -10.010971 4.1098633
0.17500305 -9.799118 4.3431396
0.30116272 -9.4301605 4.147949
0.49397278 -9.289719 3.8551636
0.6344147 -9.715805 3.781372
0.75105286 -9.527756 4.0336914
0.78437805 -8.97551 4.2836304
0.886734 -8.65654 4.3931274
1.1295319 -8.33757 4.2907715
1.1914215 -7.9662323 4.2598267
1.3604279 -7.6901093 3.6195068
1.4104156 -7.842453 4.100342
1.5008698 -8.480392 4.2026978
1.4699249 -9.013596 4.209839
1.4651642 -8.97789 4.3098145
1.4865875 -8.4423065 4.6692505
1.7674713 -7.842453 4.992981
2.234024 -7.6329803 4.678772
2.8672028 -8.030502 4.614502
3.286148 -8.332809 4.7525635
3.4099274 -8.504196 5.0810547
3.2480621 -8.275681 5.283386
3.1814117 -8.189987 5.5285645
3.093338 -8.170944 5.4143066
3.1909332 -6.9164886 4.750183
3.81221 -7.4163666 4.819214
3.8526764 -7.433029 4.5930786
3.9383698 -7.014084 4.8573
4.1097565 -7.0307465 5.076294
4.1049957 -7.033127 4.595459
4.0121613 -7.394943 4.652588
3.7622223 -7.2925873 4.4121704
3.664627 -6.899826 5.159607
3.9645538 -7.161667 4.916809
3.8788605 -5.5882416 4.7906494
4.0002594 -4.7027435 5.3309937
4.3715973 -4.7479706 5.1048584
4.7143707 -5.1312103 4.8668213
4.831009 -5.7096405 5.1810303
4.7714996 -6.059555 5.321472
4.6620026 -5.9476776 5.549988
4.64534 -5.5120697 5.7523193
4.664383 -5.1788177 6.059387
4.7524567 -4.826523 6.3307495
4.9000397 -4.955063 6.3188477
5.1595 -4.981247 6.226013
5.34993 -4.852707 6.242676
5.4237213 -4.6503754 6.3997803
5.4903717 -4.5670624 6.242676
5.5355988 -4.6241913 6.1688843
5.4641876 -4.712265 6.2141113
5.4380035 -4.8765106 6.373596
5.5974884 -4.9669647 6.328369
5.704605 -4.8574677 6.6306763
5.856949 -4.4647064 6.775879
5.959305 -4.076706 6.6592407
5.9640656 -3.9838715 6.371216
5.8617096 -3.9005585 6.0879517
5.730789 -3.7482147 6.0236816
5.647476 -3.5649261 6.178406
5.628433 -3.3816376 6.2783813
5.640335 -3.4625702 6.3640747
5.664139 -3.4601898 6.5092773
5.7188873 -3.422104 6.692566
5.730789 -3.2721405 6.7211304
5.8402863 -3.236435 6.7806396
5.909317 -3.1269379 6.685425
5.947403 -3.0460052 6.673523
6.004532 -2.9365082 6.430725
5.978348 -2.7722626 6.123657
5.940262 -2.5746918 5.995117
5.833145 -2.396164 5.9213257
5.8045807 -2.3271332 5.973694
5.818863 -2.3271332 6.27124
5.954544 -2.2438202 6.4473877
6.068802 -2.3342743 6.5116577
6.1878204 -2.2723846 6.5045166
6.211624 -1.9748383 6.59021
6.268753 -1.9486542 6.3426514
6.197342 -1.979599 6.223633
6.1354523 -2.1033783 6.306946
5.978348 -2.2081146 6.494995
5.959305 -2.0938568 6.59021
6.030716 -1.7796478 6.559265
6.1830597 -1.7510834 6.411682
6.294937 -1.6249237 6.264099
6.280655 -1.5773163 6.2736206
6.223526 -1.7058563 6.3236084
6.2211456 -1.9557953 6.2474365
6.2021027 -2.0771942 6.449768
6.223526 -2.1128998 6.7973022
6.3235016 -1.7796478 7.1519775
6.5020294 -1.896286 7.4090576
6.5424957 -1.9653168 7.4328613
6.518692 -1.8082123 7.397156
6.5210724 -1.3773651 7.456665
6.5591583 -0.9988861 7.1329346
6.582962 -0.8489227 6.787781
6.582962 -1.0012665 6.5426025
6.5543976 -1.1559906 6.442627
6.640091 -1.4416351 6.578308
6.7662506 -1.6487274 6.692566
6.775772 -1.8415375 6.904419
6.8114777 -1.6891937 7.1210327
6.718643 -1.3178558 7.385254
6.6805573 -1.056015 7.4995117
6.7257843 -1.0417328 7.2091064
6.685318 -1.0179291 6.794922
6.6686554 -0.825119 6.642578
6.654373 -0.8013153 6.556885
6.621048 -0.8679657 6.7996826
6.628189 -0.9846039 7.0186768
6.6067657 -0.83940125 7.449524
6.6829376 -0.9655609 7.61615
6.782913 -0.90605164 7.206726
6.8114777 -0.80607605 6.9282227
6.730545 -0.60850525 6.916321
6.6829376 -0.21812439 6.9258423
6.6876984 -0.08244324 6.873474
6.6377106 0.10322571 6.6640015
6.640091 0.34126282 7.0615234
6.780533 0.17701721 6.961548
6.8305206 -0.38237 6.930603
6.8424225 -0.5561371 6.9258423
6.8995514 -0.3728485 7.0948486
6.878128 -0.14909363 7.1138916
6.801956 -0.039596558 7.0091553
6.749588 -0.0110321045 6.7973022
6.6067657 0.13179016 6.6116333
6.6186676 0.18177795 6.366455
6.5424957 0.098464966 6.4331055
6.5734406 0.25080872 6.5949707
6.6757965 0.17939758 6.787781
6.6615143 -0.08958435 6.6401978
6.556778 -0.25382996 6.71875
6.3687286 -0.034835815 6.813965
6.2401886 0.25794983 6.918701
6.256851 0.34126282 6.7615967
6.3687286 0.39839172 6.6830444
6.5234528 0.457901 6.564026
6.5353546 0.5007477 6.6520996
6.461563 0.6626129 6.8115845
6.2830353 0.7292633 6.9663086
6.133072 0.8220978 7.147217
6.1116486 0.78163147 7.130554
6.1544952 0.5078888 6.968689
6.242569 0.5745392 6.8710938
6.2282867 1.0506134 6.84729
6.3354034 0.8625641 6.854431
6.3473053 0.72450256 6.437866
6.2639923 0.55311584 6.430725
6.273514 0.5340729 6.52594
6.237808 0.6745148 6.609253
6.3115997 0.8935089 6.5949707
6.3615875 1.0387115 6.7163696
6.468704 1.0458527 6.790161
6.5020294 0.8387604 6.813965
6.435379 0.87446594 6.7592163
6.3806305 0.87446594 6.685425
6.2449493 0.9458771 6.5925903
6.2711334 1.1529694 6.737793
6.4258575 1.1220245 6.602112
6.4948883 0.99824524 6.725891
6.537735 0.95777893 6.816345
6.466324 1.1529694 6.6711426
6.3163605 1.298172 6.7354126
6.2330475 1.4671783 6.680664
6.2782745 1.5147858 6.71875
6.3925323 1.4505157 6.7806396
6.473465 1.2815094 6.7592163
6.50679 1.1672516 6.7615967
6.4377594 1.1815338 6.7282715
6.3734894 1.2124786 6.668762
6.337784 1.2243805 6.552124
6.273514 1.1886749 6.649719
6.2282867 1.214859 6.692566
6.2401886 1.1862946 6.6759033
6.2830353 1.1101227 6.6711426
6.275894 1.2910309 6.635437
6.256851 1.4766998 6.7425537
6.3020782 1.4386139 6.7996826
6.333023 1.3076935 6.756836
6.2211456 1.4671783 6.980591
6.1878204 1.6790314 6.994873
6.2520905 1.5600128 6.949646
6.359207 1.3529205 6.499756
6.3354034 1.1172638 6.359314
6.287796 1.0339508 6.4521484
6.2973175 0.9339752 6.537842
6.344925 0.753067 6.5806885
6.340164 0.688797 6.642578
6.268753 0.9863434 6.7235107
6.2782745 1.1053619 6.866333
6.2830353 0.9601593 6.763977
6.3235016 0.7697296 6.642578
6.3020782 0.5007477 6.661621
6.356827 0.46028137 6.7092285
6.5091705 0.4174347 6.5878296
6.6686554 0.61024475 6.5806885
6.6829376 0.53645325 6.6378174
6.6638947 0.61976624 6.666382
6.5424957 0.51026917 6.794922
6.5472565 0.30317688 6.9401245
6.4187164 -0.07292175 6.790161
6.337784 -0.18717957 6.8187256
6.318741 -0.077682495 6.7544556
6.4187164 -0.2086029 6.6378174
6.4972687 -0.37760925 6.4402466
6.4258575 -0.43711853 6.556885
6.44252 -0.38475037 6.8639526
6.5210724 -0.2752533 7.032959
6.5020294 -0.2252655 7.206726
6.525833 0.005630493 7.192444
6.5734406 -0.12528992 7.16626
6.50441 -0.10862732 7.063904
6.4306183 -0.32286072 6.8187256
6.383011 -0.7108612 6.616394
6.3044586 -0.91319275 6.5497437
6.325882 -1.0702972 6.456909
6.2973175 -1.1678925 6.468811
6.2639923 -1.203598 6.540222
6.2711334 -1.1226654 6.768738
6.223526 -1.0631561 6.9258423
6.1544952 -1.1440887 6.6520996
6.0569 -1.5059052 6.480713
5.942642 -1.5892181 6.3164673
5.7712555 -1.6249237 6.4402466
5.8498077 -1.8201141 6.559265
5.9378815 -2.0034027 6.6759033
5.9497833 -1.9058075 6.597351
5.9878693 -1.8248749 6.494995
5.9712067 -1.703476 6.371216
5.8617096 -1.767746 6.2736206
5.67128 -2.1128998 6.1260376
5.497513 -2.4104462 6.0879517
5.34993 -2.422348 6.3807373
5.47847 -2.5294647 6.4283447
5.6879425 -2.6508636 6.4664307
5.837906 -2.69133 6.4188232
5.837906 -2.7460785 6.283142
5.787918 -2.7460785 6.090332
5.5974884 -2.8746185 5.845154
5.492752 -3.20549 5.911804
5.5022736 -3.3578339 6.1188965
5.626053 -3.4792328 6.249817
5.666519 -3.4268646 6.4140625
5.8474274 -3.698227 6.5092773
5.9188385 -3.9910126 6.3164673
5.780777 -4.0410004 6.0808105
5.5070343 -4.095749 6.180786
5.311844 -4.2338104 6.0022583
5.2404327 -4.390915 5.75708
5.4237213 -4.602768 5.633301
5.614151 -4.719406 5.7261353
5.8022003 -4.8170013 5.4143066
5.7664948 -5.0098114 5.30719
5.614151 -5.1454926 5.3762207
5.2190094 -5.359726 5.3928833
4.869095 -5.5763397 5.4571533
4.7786407 -5.662033 5.3952637
4.8405304 -5.7881927 5.552368
5.204727 -5.752487 5.4904785
5.5022736 -5.6905975 5.3738403
5.583206 -5.4930267 5.1262817
5.492752 -5.7620087 4.8692017
5.0142975 -6.2547455 4.92157
4.5144196 -6.783188 5.0786743
4.0383453 -7.130722 5.0620117
3.9407501 -7.2687836 5.3119507
4.1740265 -7.2045135 5.519043
4.554886 -6.9283905 5.576172
4.8214874 -6.5832367 5.6832886
4.807205 -6.4737396 5.352417
4.607254 -6.5046844 4.8668213
4.297806 -6.79747 4.466919
3.907425 -7.3759003 4.4193115
3.5884552 -8.228073 4.7073364
3.5003815 -8.599411 4.9382324
3.5860748 -8.554184 5.2143555
3.926468 -8.354233 5.5880737
4.126419 -7.918625 5.5880737
4.0716705 -7.24498 5.3619385
3.8264923 -6.692734 5.204834
3.5527496 -6.609421 4.6621094
3.2123566 -7.0616913 4.4121704
2.9671783 -7.9233856 4.350281
2.9029083 -8.806503 4.5811768
2.8933868 -9.273056 4.7406616
2.926712 -9.4492035 5.3357544
2.8124542 -8.289963 5.4952393
2.6220245 -7.1283417 5.7261353
2.4982452 -7.071213 5.4000244
2.1673737 -8.194748 5.261963
1.6270294 -9.263535 4.754944
1.3223419 -9.701523 4.524048
1.2342682 -9.756271 4.840637
1.2699738 -9.984787 5.288147
1.0605011 -9.870529 5.6071167
0.8534088 -9.968124 5.530945
0.57728577 -10.184738 4.928711
0.19404602 -10.303757 4.543091
-0.04399109 -10.153793 4.2598267
-0.14872742 -10.127609 3.993225
-0.2082367 -10.037155 3.7432861
-0.36296082 -9.713425 3.6671143
Time Stop = 507
