Time Start = 7145
-8.960861 -4.8312836 3.2148438
-8.50383 -4.719406 3.8170776
-8.527634 -4.402817 4.147949
-8.779953 -4.2457123 4.2003174
-8.88945 -4.398056 4.390747
-8.794235 -4.8193817 4.6549683
-8.722824 -5.0431366 4.7977905
-8.668076 -5.1121674 5.1953125
-8.806137 -5.1454926 5.4214478
-8.932297 -5.3430634 5.485718
-8.975143 -5.4835052 5.557129
-8.960861 -5.521591 5.595215
-8.834702 -5.5311127 5.859436
-8.69902 -5.4454193 6.2355347
-8.487167 -5.3954315 6.904419
-8.294357 -5.431137 7.649475
-8.113449 -5.621567 8.120789
-7.9872894 -5.957199 8.3064575
-7.8587494 -6.509445 7.9470215
-7.844467 -7.0616913 7.399536
-7.7968597 -7.873398 7.187683
-7.4183807 -8.347092 6.9853516
-7.2303314 -7.997177 6.4902344
-7.0779877 -7.725815 6.6973267
-6.7185516 -7.6401215 7.1210327
-6.225815 -7.680588 7.4471436
-5.623581 -8.044785 7.8113403
-5.033249 -8.699387 8.282654
-4.776169 -8.735092 7.982727
-4.373886 -8.508957 7.7851563
-3.95018 -8.087631 7.42334
-3.62883 -7.682968 7.192444
-3.397934 -7.5187225 7.1448364
-3.0742035 -7.5187225 6.9329834
-2.9908905 -7.5710907 7.0948486
-3.0694427 -7.561569 6.999634
-2.8837738 -7.18071 6.878235
-2.5790863 -6.6855927 6.9020386
-2.3172455 -6.2166595 6.8496704
-2.0339813 -6.064316 6.892517
-1.8245087 -6.033371 6.7235107
-1.9387665 -5.7286835 6.480713
-1.8078461 -5.6382294 6.378357
-1.9625702 -5.423996 6.2093506
-1.9649506 -4.893173 6.1331787
-1.8959198 -4.3052216 6.2355347
-1.8364105 -3.4530487 6.2141113
-1.9054413 -2.6484833 5.9189453
-1.7078705 -2.5770721 5.999878
-1.781662 -2.448532 5.7332764
-1.7054901 -1.620163 4.5073853
-1.6078949 -1.0226898 4.5930786
-1.8078461 -0.47758484 5.038208
-2.4386444 -0.24430847 5.3309937
-3.2860565 -0.122909546 5.9141846
-4.1001434 -0.37760925 6.0427246
-4.5619354 -0.68943787 6.237915
-4.8071136 -1.0655365 6.514038
-5.002304 -1.0774384 6.3974
-5.149887 -0.7203827 6.6068726
-5.259384 -0.122909546 6.9520264
-5.521225 0.8387604 7.0877075
-5.6902313 1.0053864 7.4328613
-5.9925385 0.7221222 7.6447144
-6.6804657 0.30317688 7.0091553
-7.28508 0.08894348 6.768738
-7.5445404 -0.4966278 6.6306763
-7.6849823 -1.2440643 6.597351
-7.3279266 -1.4368744 6.6187744
-6.8209076 -1.286911 6.6592407
-6.413864 -1.3368988 6.7092285
-6.687607 -1.1869354 6.6782837
-7.1041718 -1.0131683 6.802063
-7.842087 -0.26811218 7.180542
-8.746628 0.9934845 8.225525
-7.7444916 1.6671295 9.09436
-6.5495453 1.1006012 10.060791
-5.2474823 0.9792023 10.877258
-3.8954315 1.4219513 11.710388
-3.609787 2.31221 12.110291
-3.4145966 2.895401 11.665161
-3.3669891 2.8739777 11.865112
-4.585739 1.2886505 9.937012
-4.91185 -1.4630585 8.670654
-4.01445 -2.4913788 7.278137
-3.9382782 -1.9319916 8.434998
-3.6621552 -0.6394501 9.320496
-3.0337372 -0.79893494 10.56543
-2.34581 -0.8941498 10.4487915
-2.531479 -0.7108612 10.198853
-2.3624725 -0.70848083 10.091736
-2.2339325 -0.7132416 9.837036
-2.3862762 -0.38713074 9.848938
-2.1839447 -0.018173218 9.718018
-2.5552826 -0.6394501 9.784668
-2.243454 -0.88938904 9.634705
-2.3386688 -0.49186707 9.658508
-2.3386688 -0.21812439 10.167908
-2.4124603 -0.16575623 10.789185
-2.2196503 -0.12528992 10.667786
-2.243454 0.31269836 10.31311
-2.3838959 0.5554962 9.977478
-2.2529755 0.66737366 10.077454
-2.167282 0.7959137 10.110779
-2.2767792 0.9030304 10.05365
-2.2958221 0.80067444 9.965576
-2.3672333 0.6554718 9.86322
-2.364853 0.54597473 9.996521
-2.2934418 0.38648987 9.9869995
-2.3600922 0.25794983 10.046509
-2.4386444 0.2103424 9.939392
-2.4624481 0.32221985 9.687073
-2.5433807 0.3603058 9.698975
-2.6719208 0.23890686 9.689453
-2.73143 0.16749573 9.596619
-2.7861786 0.19367981 9.408569
-2.7552338 0.17939758 9.389526
-2.9075775 0.0460968 9.746582
-3.0861053 0.09370422 9.620422
-3.0932465 0.11274719 9.601379
-3.2217865 0.17701721 9.439514
-3.1265717 0.20558167 9.429993
-3.2194061 0.053237915 9.589478
-3.4455414 -0.16575623 9.629944
-3.5240936 -0.38713074 9.679932
-3.6454926 -0.49900818 9.610901
-3.878769 -0.7703705 9.729919
-3.7740326 -0.9250946 9.575195
-3.6883392 -0.7370453 9.34668
-3.8430634 -0.59898376 9.189575
-3.878769 -0.6561127 8.884888
-3.943039 -0.89653015 8.794434
-4.033493 -0.9155731 8.818237
-4.019211 -0.81321716 8.811096
-4.104904 -0.8489227 8.77301
-4.040634 -0.96318054 8.813477
-4.0430145 -1.0607758 8.765869
-4.0477753 -0.98698425 8.894409
-4.064438 -0.7775116 9.0824585
-4.169174 -0.6608734 9.03009
-4.0739594 -0.8036957 9.2300415
-4.302475 -0.92271423 8.987244
-4.4262543 -0.92033386 8.83252
-4.3762665 -0.8417816 8.632568
-4.2024994 -0.9417572 8.656372
-4.123947 -0.89653015 8.423096
-4.169174 -0.8989105 8.1779175
-4.0739594 -1.2845306 8.370728
-4.104904 -1.3083344 8.45166
-4.250107 -1.1940765 8.599243
-4.3119965 -1.1512299 8.77063
-4.264389 -1.2464447 8.749207
-4.2548676 -1.2916718 8.670654
-4.381027 -1.3821259 8.830139
-4.39769 -1.5677948 8.975342
-4.154892 -1.684433 9.141968
-4.162033 -1.6939545 9.439514
-4.2667694 -1.7772675 9.722778
-4.3310394 -2.0962372 9.960815
-4.4405365 -2.267624 10.036987
-4.3643646 -2.4390106 10.17981
-4.3381805 -2.6032562 10.167908
-4.52861 -2.6675262 10.001282
-4.6666718 -2.7032318 9.689453
-4.7047577 -2.6770477 9.291931
-4.771408 -2.6699066 8.96106
-4.7166595 -2.5913544 8.799194
-4.6452484 -2.293808 8.45166
-4.52623 -2.1438446 8.461182
-4.4714813 -2.1866913 8.170776
-4.46434 -2.3485565 7.930359
-4.3500824 -2.6841888 7.854187
-4.4286346 -2.7984467 7.706604
-4.5500336 -2.838913 7.642334
-4.545273 -2.781784 7.5828247
-4.630966 -2.8603363 7.68042
-4.861862 -2.7675018 7.623291
-4.9332733 -2.6651459 7.8113403
-5.1475067 -2.6056366 7.756592
-5.3974457 -2.6746674 7.604248
-5.3784027 -2.88414 7.532837
-5.3069916 -3.095993 7.48999
-5.406967 -3.1888275 7.6018677
-5.2760468 -2.9127045 7.6185303
-5.2236786 -2.7460785 7.885132
-5.157028 -2.922226 7.918457
-5.002304 -3.1269379 8.154114
-5.0189667 -2.974594 8.394531
-5.1189423 -2.8032074 8.613525
-5.109421 -2.698471 8.634949
-5.207016 -2.646103 8.454041
-5.218918 -2.5651703 8.45166
-5.1974945 -2.5032806 8.554016
-5.259384 -2.3890228 8.480225
-5.3760223 -2.608017 8.539734
-5.535507 -2.8222504 8.361206
-5.8854218 -3.0674286 8.013672
-5.8140106 -3.5030365 7.6375732
-5.5759735 -3.871994 7.309082
-5.411728 -4.000534 7.116272
-5.4426727 -3.917221 7.0115356
-5.2927094 -3.8029633 7.0996094
-5.16893 -3.7410736 7.1757813
-4.9856415 -3.5911102 7.199585
-4.795212 -3.614914 7.509033
-4.6571503 -3.9219818 7.847046
-4.7499847 -4.071945 8.092224
-4.878525 -3.9910126 8.296936
-5.0641937 -3.6387177 8.282654
-5.285568 -3.4649506 8.230286
-5.509323 -3.262619 8.19458
-5.578354 -3.2007294 8.025574
-5.4974213 -3.134079 7.756592
-5.2689056 -3.0912323 7.585205
-5.1284637 -3.0936127 7.475708
-5.0380096 -3.191208 7.4066772
-4.990402 -3.3983002 7.5828247
-4.8832855 -3.7148895 7.778015
-4.8690033 -3.84581 8.049377
-4.802353 -3.8315277 8.232666
-4.771408 -3.6387177 8.294556
-4.6666718 -3.4506683 8.201721
-4.4095917 -3.2935638 8.163635
-4.3643646 -3.2221527 8.120789
-4.4024506 -3.191208 8.144592
-4.476242 -3.2340546 8.246948
-4.500046 -3.300705 8.335022
-4.5309906 -3.3364105 8.489746
-4.583359 -3.3983002 8.649231
-4.6333466 -3.5554047 8.8349
-4.6642914 -3.7196503 9.015808
-4.6523895 -3.6744232 9.130066
-4.6333466 -3.7125092 9.122925
-4.4262543 -3.7196503 8.83728
-4.188217 -3.519699 8.454041
-4.0239716 -3.281662 8.461182
-4.026352 -3.2221527 8.518311
-4.1263275 -3.2340546 8.670654
-4.1144257 -3.2388153 8.949158
-4.1406097 -3.172165 9.058655
-4.162033 -3.0079193 9.310974
-4.1953583 -2.922226 9.384766
-4.2620087 -2.812729 9.265747
-4.3310394 -2.9246063 9.208618
-4.352463 -3.1055145 8.906311
-4.366745 -3.391159 8.539734
-4.257248 -3.5292206 8.0946045
-4.219162 -3.622055 7.751831
-4.097763 -3.6101532 7.532837
-4.166794 -3.4816132 7.5685425
-4.2239227 -3.300705 7.9017944
-4.2358246 -3.2411957 8.151733
-4.231064 -3.0674286 8.265991
-4.4214935 -3.1174164 8.442139
-4.46196 -3.300705 8.342163
-4.500046 -3.5625458 8.275513
-4.552414 -3.8553314 7.987488
-4.552414 -3.9505463 7.9136963
-4.442917 -3.6768036 8.0946045
-4.3453217 -2.9841156 8.511169
-4.2810516 -2.2509613 9.068176
-4.352463 -1.7344208 9.434753
-4.290573 -1.5606537 9.610901
-4.373886 -1.6606293 9.598999
-4.4072113 -1.9676971 9.682312
-4.3715057 -2.1486053 9.765625
-4.2739105 -2.2700043 9.758484
-4.2596283 -2.3485565 9.710876
-4.3381805 -2.3461761 9.549011
-4.450058 -2.3628387 9.28241
-4.438156 -2.3271332 9.130066
-4.3453217 -2.2271576 8.930115
-4.2786713 -2.0676727 8.875366
-4.264389 -1.9581757 8.732544
-4.3238983 -1.8534393 8.477844
-4.4095917 -1.8582001 8.330261
-4.4095917 -1.8629608 8.246948
-4.4095917 -1.9534149 8.38501
-4.4452972 -2.0843353 8.484985
-4.5809784 -2.1819305 8.70636
-4.630966 -2.2795258 8.777771
-4.7547455 -2.229538 8.830139
-4.8571014 -2.146225 8.784912
-4.828537 -1.9081879 8.699219
-4.854721 -1.7963104 8.625427
-4.752365 -1.6225433 8.475464
-4.7499847 -1.4821014 8.354065
-4.745224 -1.4083099 8.335022
-4.726181 -1.3368988 8.204102
-4.733322 -1.3797455 8.180298
-4.6714325 -1.434494 8.085083
-4.802353 -1.4940033 8.1588745
-4.7928314 -1.5463715 8.254089
-4.78331 -1.66539 8.270752
-4.7357025 -1.7963104 8.327881
-4.707138 -1.7368011 8.332642
-4.650009 -1.7415619 8.423096
-4.6523895 -1.7344208 8.584961
-4.65477 -1.7368011 8.646851
-4.6595306 -1.7891693 8.634949
-4.65477 -1.9438934 8.784912
-4.6857147 -2.0272064 8.784912
-4.669052 -2.0319672 8.839661
-4.647629 -2.1176605 8.946777
-4.7023773 -2.1890717 9.187195
-4.6666718 -2.2842865 9.458557
-4.5809784 -2.2914276 9.601379
-4.5547943 -2.1605072 9.4609375
-4.5619354 -2.0414886 9.1467285
-4.5619354 -2.0295868 8.777771
-4.5690765 -2.1128998 8.484985
-4.366745 -2.1033783 8.285034
-4.2167816 -2.0748138 8.204102
-4.109665 -2.1390839 8.166016
-4.0882416 -2.300949 8.282654
-4.0549164 -2.3152313 8.370728
-4.021591 -2.2723846 8.465942
-3.9930267 -2.2533417 8.539734
-3.931137 -2.274765 8.751587
-4.002548 -2.2604828 8.913452
-4.0691986 -2.3176117 8.972961
-4.1144257 -2.3866425 9.111023
-4.2739105 -2.4437714 9.208618
-4.3715057 -2.4437714 9.187195
-4.40007 -2.422348 9.170532
-4.3238983 -2.3342743 9.053894
-4.1953583 -2.236679 8.863464
-3.9906464 -2.3104706 8.594482
-4.0287323 -2.384262 8.25885
-4.39769 -2.2914276 8.1588745
-4.381027 -2.0867157 8.3255005
-3.969223 -2.1486053 8.570679
-3.8621063 -2.2604828 8.7872925
-3.9977875 -2.2890472 8.913452
-4.1001434 -2.2271576 8.875366
-3.995407 -2.274765 8.863464
-3.988266 -2.203354 8.942017
-3.9716034 -2.0462494 9.006287
-3.9811249 -1.9510345 9.099121
-3.9216156 -1.9891205 9.03009
-3.9168549 -2.024826 9.039612
-3.904953 -2.1057587 8.989624
-3.9382782 -2.2795258 9.018188
-3.8882904 -2.4556732 9.353821
-3.776413 -2.5199432 9.41333
-3.7549896 -2.550888 9.446655
-3.712143 -2.6246796 9.437134
-3.7811737 -2.6508636 9.310974
-3.82164 -2.7056122 9.246704
-3.8311615 -2.6294403 9.049133
-3.783554 -2.4842377 8.932495
-3.7787933 -2.331894 8.77063
-3.75737 -2.2795258 8.696838
-3.814499 -2.2581024 8.546875
-3.8073578 -2.2319183 8.539734
-3.7597504 -2.2152557 8.511169
-3.7621307 -2.229538 8.475464
-3.666916 -2.3033295 8.680176
-3.62883 -2.4128265 8.839661
-3.6264496 -2.5746918 8.939636
-3.6383514 -2.7008514 9.039612
-3.635971 -2.7556 9.02771
-3.5955048 -2.7675018 9.09198
-3.5693207 -2.7436981 9.206238
-3.5788422 -2.717514 9.22052
-3.583603 -2.653244 9.270508
-3.6240692 -2.467575 9.3966675
-3.5478973 -2.3414154 9.558533
-3.4860077 -2.2509613 9.582336
-3.4931488 -2.203354 9.403809
-3.4860077 -2.312851 9.115784
-3.4455414 -2.358078 8.844421
-3.3360443 -2.5746918 8.930115
-3.276535 -2.81987 8.89917
-3.3003387 -3.057907 8.944397
-3.2194061 -3.1197968 9.106262
-3.2908173 -3.217392 9.325256
-3.3122406 -3.2150116 9.387146
-3.3455658 -3.1816864 9.425232
-3.3384247 -3.005539 9.28241
-3.321762 -2.865097 9.253845
-3.3741302 -2.7865448 9.108643
-3.3812714 -2.6746674 8.96106
-3.378891 -2.6032562 8.89917
-3.352707 -2.56279 8.842041
-3.3503265 -2.6127777 8.796814
-3.2979584 -2.6246796 8.820618
-3.269394 -2.6675262 8.887268
-3.250351 -2.781784 8.972961
-3.288437 -2.7341766 9.013428
-3.302719 -2.800827 9.018188
-3.3265228 -2.8508148 8.989624
-3.2812958 -2.993637 9.022949
-3.2170258 -2.9841156 9.177673
-3.2075043 -2.8508148 9.244324
-3.1194305 -2.8341522 9.149109
-3.1979828 -2.8365326 9.044373
-3.2455902 -2.876999 9.018188
-3.231308 -2.812729 9.056274
-3.2408295 -2.781784 9.115784
-3.2789154 -2.774643 9.270508
-3.288437 -2.7579803 9.239563
-3.2646332 -2.7841644 9.296692
-3.212265 -2.8865204 9.325256
-3.193222 -2.8436737 9.34906
-3.2170258 -2.838913 9.330017
-3.2075043 -2.8341522 9.208618
-3.2265472 -2.781784 9.127686
-3.2360687 -2.7794037 9.108643
-3.212265 -2.7484589 9.061035
-3.2146454 -2.69133 8.958679
-3.1884613 -2.7913055 8.918213
-3.2075043 -2.827011 9.02771
-3.231308 -2.865097 9.0896
-3.2098846 -2.8174896 9.049133
-3.2098846 -2.7508392 9.101501
-3.1622772 -2.736557 9.120544
-3.2170258 -2.6699066 9.044373
-3.186081 -2.672287 9.127686
-3.2527313 -2.6413422 9.063416
-3.2146454 -2.6675262 9.103882
-3.2551117 -2.6413422 9.130066
-3.2455902 -2.6699066 9.113403
-3.2789154 -2.6937103 9.134827
-3.269394 -2.774643 9.015808
-3.2598724 -2.774643 9.161011
-3.212265 -2.7841644 9.070557
-3.2170258 -2.827011 9.127686
-3.2527313 -2.827011 9.172913
-3.231308 -2.8103485 9.087219
-3.2551117 -2.8746185 9.013428
-3.2860565 -2.7865448 9.037231
-3.2551117 -2.653244 9.0896
-3.2598724 -2.6508636 9.0824585
-3.2622528 -2.6246796 9.056274
-3.2646332 -2.6818085 9.141968
-3.295578 -2.7698822 9.168152
-3.2908173 -2.7675018 9.380005
-3.3003387 -2.7675018 9.280029
-3.2432098 -2.7460785 9.206238
-3.2455902 -2.7913055 9.068176
-3.257492 -2.81987 9.003906
-3.250351 -2.8151093 9.011047
-3.2527313 -2.7389374 8.922974
-3.2670135 -2.69133 8.994385
-3.2551117 -2.6865692 8.83252
-3.2360687 -2.7032318 8.942017
-3.1956024 -2.646103 8.944397
-3.1908417 -2.7056122 8.96106
-3.2146454 -2.710373 9.020569
-3.238449 -2.7579803 9.044373
-3.2027435 -2.7484589 9.115784
-3.1622772 -2.7675018 9.210999
-3.2432098 -2.6937103 9.270508
-3.2432098 -2.7056122 9.28479
-3.250351 -2.717514 9.272888
-3.2241669 -2.717514 9.251465
-3.2146454 -2.717514 9.253845
-3.2241669 -2.6603851 9.241943
-3.2098846 -2.6127777 9.151489
-3.205124 -2.62706 9.041992
-3.1337128 -2.5770721 9.108643
-3.1646576 -2.5865936 9.068176
-3.1527557 -2.608017 9.077698
-3.1146698 -2.6365814 9.125305
-3.1146698 -2.6699066 9.187195
-3.1146698 -2.7246552 9.15387
-3.1456146 -2.7460785 9.213379
-3.1979828 -2.8317719 9.251465
-3.155136 -2.9198456 9.199097
-3.1789398 -3.0007782 9.180054
-3.2217865 -3.0388641 9.053894
-3.2336884 -3.0031586 9.09198
-3.2336884 -2.9507904 9.09436
-3.205124 -2.9127045 9.101501
-3.1765594 -2.903183 9.02771
-3.1789398 -2.8960419 9.077698
-3.1765594 -2.8984222 9.070557
-3.1646576 -2.8793793 9.046753
-3.167038 -2.846054 9.037231
-3.1646576 -2.8555756 9.056274
-3.1717987 -2.81987 9.037231
-3.1646576 -2.812729 9.046753
-3.1503754 -2.812729 9.149109
-3.1717987 -2.910324 9.213379
-3.1837006 -2.9198456 9.189575
-3.2241669 -2.9531708 9.189575
-3.1765594 -2.8936615 9.127686
-3.1979828 -2.8722382 9.051514
-3.205124 -2.8508148 9.144348
-3.1837006 -2.827011 9.120544
-3.1956024 -2.8222504 9.077698
-3.186081 -2.846054 9.044373
-3.205124 -2.81987 9.087219
-3.2170258 -2.812729 9.063416
-3.1765594 -2.846054 9.063416
-3.1694183 -2.9079437 9.001526
-3.1908417 -2.929367 9.022949
-3.2194061 -2.8627167 8.996765
-3.1884613 -2.8698578 8.977722
Time Stop = 7150
