Time Start = 5346
0.7296295 3.190567 8.623047
0.9272003 3.107254 8.639709
0.3939972 3.3452911 8.796814
-0.31773376 3.4643097 8.818237
-0.50816345 3.3738556 8.811096
-0.20585632 3.2714996 8.77301
0.1797638 3.133438 8.784912
0.37257385 3.0858307 8.796814
0.38685608 3.1429596 8.775391
0.24165344 3.1881866 8.803955
0.094070435 3.2048492 8.751587
0.0155181885 3.2595978 8.761108
0.06788635 3.3024445 8.813477
0.18928528 3.228653 8.808716
0.19404602 3.2834015 8.884888
0.15357971 3.2048492 8.920593
0.04170227 3.2500763 8.9158325
-0.010665894 3.2453156 8.861084
-0.010665894 3.2619781 8.894409
0.013137817 3.3238678 8.949158
0.06074524 3.4524078 8.882507
0.10121155 3.4762115 8.892029
0.0393219 3.523819 8.865845
-0.0059051514 3.5190582 8.875366
0.005996704 3.5214386 8.677795
-0.032089233 3.4738312 8.623047
-0.0059051514 3.4333649 8.454041
0.0393219 3.4333649 8.401672
0.10835266 3.440506 8.425476
0.117874146 3.5142975 8.408813
0.055984497 3.4928741 8.26123
0.034561157 3.5000153 8.12793
0.005996704 3.4833527 8.049377
0.022659302 3.485733 7.804199
0.05836487 3.5023956 7.5828247
0.075027466 3.542862 7.328125
0.10121155 3.5547638 7.0567627
0.1464386 3.5452423 6.768738
0.15834045 3.5404816 6.4283447
0.17024231 3.459549 6.059387
0.26307678 3.4167023 5.7023315
0.25831604 3.3405304 5.288147
0.1464386 2.7454376 5.083435
0.1797638 2.305069 4.864441
0.25831604 2.0527496 4.9525146
0.47969055 2.1194 4.712097
0.68678284 2.0432281 4.3621826
0.75819397 1.4052887 3.9884644
0.76771545 0.5507355 3.5861816
0.7415314 -0.08720398 3.3886108
0.57728577 -1.0131683 3.9694214
0.26307678 -1.9415131 4.545471
-0.103500366 -2.127182 4.8501587
-0.46531677 -1.8582001 5.211975
-1.0508881 -2.2866669 5.764221
-1.6388397 -2.267624 5.75708
-1.9768524 -1.7582245 5.461914
-2.21727 -1.0155487 5.0667725
-2.4695892 -0.099105835 4.9382324
-2.6243134 0.93159485 4.569275
-3.0742035 1.676651 4.2217407
-3.5026703 1.8456573 3.9622803
-4.07872 1.7861481 3.4576416
-4.6904755 1.5052643 2.8411255
-5.516464 1.1648712 2.2507935
-6.309128 0.83161926 1.77948
-7.2446136 0.54359436 1.4390869
-8.015854 0.36982727 0.71307373
-8.882309 0.17939758 -0.8079834
-10.508102 -0.0062713623 -2.9598389
-13.236008 -0.23240662 -4.973633
-15.956772 -0.9560394 -7.0231323
-17.468307 -2.5461273 -7.8467407
-17.818222 -4.6432343 -7.39447
-18.044357 -6.1666718 -7.2111816
-19.136948 -6.945053 -7.4158936
-19.671936 -7.418747 -7.387329
-19.671936 -8.235214 -6.8184204
-19.671936 -9.880051 -5.4068604
-19.671936 -11.962875 -3.92865
-19.671936 -14.083786 -3.9667358
-19.671936 -16.218979 -4.616577
-19.671936 -17.292526 -6.918396
-18.51329 -17.178268 -8.448975
-17.061264 -15.616745 -8.770325
-15.354538 -12.584152 -7.732483
-13.431198 -8.487534 -6.1138306
-12.488571 -4.436142 -5.540161
-12.724228 -1.5963593 -4.7998657
-13.804916 0.13893127 -3.897705
-15.156967 1.0077667 -2.9074707
-15.490219 0.9744415 -2.1790771
-15.140305 -0.09196472 -1.4078369
-14.709457 -1.6035004 -0.4033203
-14.088181 -3.0840912 0.67736816
-13.383591 -4.152878 1.3034058
-12.890854 -4.833664 1.529541
-12.367172 -5.45018 1.4509888
-12.050583 -6.021469 0.85113525
-11.941086 -6.423752 -0.05102539
-12.007736 -6.630844 -1.1126709
-12.264816 -6.783188 -2.1243286
-12.524277 -6.885544 -2.883667
-12.681381 -6.904587 -3.4073486
-12.531418 -6.8950653 -3.7548828
-12.026779 -6.8593597 -3.7644043
-11.119858 -6.880783 -3.6620483
-9.97728 -6.9236298 -3.4144897
-8.62999 -6.842697 -3.0479126
-7.4802704 -6.6332245 -2.5194702
-6.5757294 -6.116684 -1.9505615
-6.0520477 -5.419235 -1.3292847
-5.997299 -4.6717987 -0.6080322
-6.5781097 -3.7743988 0.30126953
-7.5254974 -3.0531464 0.9606323
-8.606186 -2.4556732 1.2415161
-9.691635 -2.2771454 1.2415161
-10.515244 -2.396164 0.939209
-11.0603485 -2.6365814 0.43933105
-11.298386 -3.0483856 -0.25335693
-11.474533 -3.5149384 -0.8317871
-11.698288 -3.8481903 -1.3340454
-12.0672455 -3.9243622 -1.7220459
-12.198166 -4.179062 -1.5244751
-11.822067 -4.576584 -0.7889404
-10.862778 -5.0740814 0.15368652
-9.8606415 -5.359726 0.68688965
-9.14415 -5.3763885 0.7178345
-8.894211 -4.878891 0.6559448
-8.839462 -4.2671356 0.64404297
-8.69664 -3.724411 0.6011963
-8.44194 -3.243576 0.5940552
-8.24913 -2.88414 0.6178589
-8.089645 -2.6008759 0.7987671
-8.115829 -2.377121 0.8630371
-8.301498 -2.2271576 0.7178345
-8.544296 -2.1771698 0.5250244
-8.875168 -2.1890717 0.21795654
-9.165573 -2.1866913 -0.06768799
-9.417892 -2.0295868 -0.16290283
-9.470261 -1.8582001 -0.081970215
-9.498825 -1.7653656 0.10369873
-9.608322 -1.7391815 0.34649658
-9.929672 -1.8391571 0.3774414
-10.422409 -2.0319672 0.32269287
-10.900864 -2.3461761 0.10131836
-11.431686 -2.6746674 -0.2652588
-11.77446 -3.107895 -0.7008667
-12.019638 -3.5673065 -1.1531372
-12.041061 -3.9600677 -1.6125488
-12.164841 -4.257614 -2.0981445
-12.302902 -4.467087 -2.4885254
-12.576645 -4.5242157 -2.8408203
-13.088425 -4.4075775 -3.1621704
-13.483566 -4.300461 -3.4978027
-13.624008 -4.3813934 -3.4787598
-13.335983 -4.6456146 -3.2716675
-12.650436 -4.962204 -2.8479614
-11.729233 -5.390671 -2.4385376
-10.646164 -5.7167816 -2.1933594
-9.408371 -5.983383 -2.0005493
-8.37529 -6.0095673 -1.8553467
-7.656418 -5.795334 -1.7529907
-7.311264 -5.354965 -1.7553711
-7.463608 -4.697983 -1.6696777
-8.001572 -4.007675 -1.6339722
-8.668076 -3.4887543 -1.6934814
-9.165573 -3.1840668 -1.94104
-9.505966 -3.1816864 -2.0600586
-9.705917 -3.300705 -1.9434204
-9.84874 -3.429245 -1.7387085
-9.953476 -3.4792328 -1.6411133
-10.096298 -3.486374 -1.4364014
-10.201035 -3.5339813 -1.3411865
-10.217697 -3.4887543 -1.2531128
-10.139145 -3.3292694 -1.138855
-10.020126 -3.2031097 -1.0245972
-9.829697 -2.9555511 -0.91986084
-9.6940155 -2.7056122 -0.73895264
-9.46788 -2.5175629 -0.5913696
-9.191757 -2.3152313 -0.37713623
-8.894211 -2.2009735 -0.17956543
-8.513351 -2.1628876 -0.0914917
-8.018234 -2.1866913 -0.031982422
-7.613571 -2.1152802 -0.14624023
-7.3660126 -2.1248016 -0.18432617
-7.137497 -2.0867157 -0.11529541
-6.997055 -2.1890717 0.25604248
-6.823288 -2.3295135 0.86065674
-6.478134 -2.5675507 1.3676758
-6.1782074 -2.7841644 1.7461548
-6.104416 -2.7389374 1.8675537
-6.1853485 -2.4175873 1.7556763
-6.440048 -2.120041 1.6818848
-6.7637787 -1.8153534 1.484314
-7.168442 -1.5868378 1.2605591
-7.6873627 -1.4606781 1.0939331
-8.127731 -1.324997 0.9939575
-8.527634 -1.2440643 0.9154053
-8.9561 -1.2393036 0.84161377
-9.405991 -1.1250458 0.81781006
-9.955856 -1.1417084 0.7487793
-10.474777 -1.2107391 0.5321655
-11.0056 -1.351181 0.28936768
-11.448349 -1.5963593 0.21081543
-11.972031 -1.915329 0.2131958
-12.5457 -2.3295135 0.115600586
-13.302658 -2.6818085 -0.11529541
-14.366684 -2.9555511 -0.59375
-15.649704 -3.1935883 -1.4935303
-16.794662 -3.5363617 -2.5551758
-17.265976 -4.171921 -3.2716675
-16.778 -5.071701 -3.1574097
-15.161728 -6.2499847 -2.6932373
-13.3502655 -7.675827 -1.9458008
-11.745895 -9.161179 -1.4721069
-10.94371 -10.429916 -1.0793457
-10.679489 -11.020248 -1.1031494
-10.439072 -10.448959 -1.453064
-9.943954 -8.166183 -1.7458496
-9.158432 -5.519211 -1.4935303
-8.746628 -3.2197723 -1.434021
-8.732346 -1.5297089 -1.4054565
-9.070358 -0.7441864 -1.3554688
-9.639267 -0.72276306 -1.5316162
-10.17247 -1.0226898 -2.0076904
-10.320053 -1.7153778 -2.524231
-10.103439 -2.8603363 -2.6194458
-9.798752 -3.8053436 -2.5765991
-9.460739 -4.390915 -2.319519
-8.998947 -4.7551117 -1.9910278
-8.230087 -4.8812714 -1.562561
-7.530258 -5.0550385 -1.1864624
-6.9042206 -5.12883 -0.9960327
-6.4210052 -5.181198 -0.9746094
-6.0758514 -5.0883636 -1.1412354
-5.8187714 -4.8241425 -1.2340698
-5.6735687 -4.436142 -1.3840332
-5.4736176 -4.0029144 -1.3935547
-5.3450775 -3.6577606 -1.5244751
-5.328415 -3.4601898 -1.5030518
-5.387924 -3.3744965 -1.4697266
-5.6902313 -3.4173431 -1.2840576
-5.975876 -3.5911102 -1.074585
-6.180588 -3.800583 -0.9317627
-6.349594 -4.064804 -0.3461914
-6.3638763 -4.4718475 0.31793213
-6.349594 -4.719406 0.7225952
-6.5328827 -4.5932465 0.791626
-7.0184784 -4.3742523 0.6559448
-7.818283 -4.057663 0.35125732
-8.684738 -3.852951 0.06323242
-9.6107025 -3.8410492 -0.13671875
-10.384323 -3.9672089 -0.06530762
-11.00798 -4.3052216 0.010864258
-11.600693 -4.500412 0.30126953
-12.062485 -4.878891 0.22033691
-12.564743 -5.2549896 0.067993164
-13.128891 -5.5811005 -0.3795166
-13.859665 -5.8453217 -1.2721558
-14.897507 -6.199997 -2.1505127
-16.01152 -6.828415 -2.6218262
-16.551865 -7.9995575 -2.5599365
-16.123398 -9.615829 -1.9124756
-14.830856 -11.127365 -1.5078125
-13.595444 -11.931931 -1.3626099
-12.460007 -11.034531 -2.0148315
-11.981552 -9.161179 -1.9029541
-12.141037 -6.7998505 -1.5744629
-12.431442 -4.750351 -1.2340698
-12.410019 -3.467331 -0.7579956
-11.869675 -3.107895 -0.2319336
-11.122238 -3.4768524 0.14416504
-10.655685 -4.383774 0.28936768
-10.658066 -5.0478973 -0.0034179688
-11.027023 -4.6956024 -0.65802
-11.531662 -5.1954803 -0.67944336
-11.493576 -5.5882416 -1.157898
-11.624496 -5.564438 -1.479248
-11.436447 -5.5430145 -1.7053833
-11.229355 -5.5953827 -1.8291626
-10.867538 -5.354965 -2.0600586
-10.605698 -5.0478973 -2.126709
-10.460495 -4.6694183 -2.293335
-10.255783 -4.3290253 -2.3528442
-9.953476 -4.0600433 -2.3147583
-9.708298 -3.84581 -2.1743164
-9.375046 -3.686325 -2.0314941
-9.163193 -3.5268402 -1.8339233
-8.896591 -3.3554535 -1.7339478
-8.710922 -3.1555023 -1.68396
-8.57048 -2.9912567 -1.6530151
-8.396713 -2.9008026 -1.5292358
-8.24675 -2.7317963 -1.4887695
-8.046799 -2.6246796 -1.536377
-7.8397064 -2.56279 -1.4364014
-7.715927 -2.5151825 -1.4078369
-7.527878 -2.3866425 -1.369751
-7.439804 -2.300949 -1.350708
-7.399338 -2.248581 -1.2840576
-7.439804 -2.1962128 -1.2650146
-7.5778656 -2.1176605 -1.286438
-7.811142 -2.062912 -1.2697754
-7.9991913 -1.8629608 -1.3816528
-8.172958 -1.6820526 -1.3269043
-8.3134 -1.4916229 -1.3364258
-8.303879 -1.3987885 -1.3578491
-8.134872 -1.4011688 -1.3007202
-7.9825287 -1.5654144 -1.1459961
-7.7516327 -1.8701019 -1.1269531
-7.651657 -2.2200165 -0.91033936
-7.7897186 -2.5128021 -0.760376
-8.3276825 -2.5580292 -0.68182373
-9.206039 -2.4342499 -0.8008423
-10.179611 -2.1700287 -1.1602783
-11.00798 -1.9629364 -1.5292358
-11.434067 -1.9415131 -1.6315918
-11.160324 -2.49852 -1.350708
-10.339096 -3.1483612 -1.055542
-9.501205 -3.9386444 -0.4533081
-8.89183 -4.693222 0.13226318
-8.63475 -5.359726 0.56311035
-8.596664 -5.7810516 0.7749634
-8.806137 -6.0881195 0.7654419
-9.2108 -6.2214203 0.76782227
-9.748764 -6.2238007 0.5988159
-10.439072 -6.0095673 0.27508545
-11.088913 -5.5477753 -0.2390747
-11.798264 -5.06456 -0.7341919
-12.5933075 -4.5813446 -1.4578247
-13.355026 -3.9862518 -2.100525
-13.721603 -3.512558 -2.6384888
-13.502609 -3.1959686 -2.826538
-12.964645 -2.8960419 -2.6051636
-12.236252 -2.5580292 -1.9767456
-11.462631 -2.4532928 -1.0936279
-10.629501 -2.441391 -0.41760254
-9.91539 -2.5342255 0.10369873
-9.360764 -2.7794037 0.53692627
-8.927536 -3.160263 0.9296875
-8.499069 -3.4268646 1.2510376
-7.9349213 -3.6244354 1.0344238
-7.561203 -3.641098 0.32507324
-7.7040253 -3.474472 -0.59851074
-8.253891 -3.4125824 -1.5673218
-8.834702 -3.5744476 -2.448059
-9.141769 -3.8505707 -2.9645996
-9.077499 -4.4194794 -3.1859741
-8.860886 -5.1121674 -2.7979736
-8.753769 -5.9143524 -2.1766968
-8.718063 -6.5951385 -1.5839844
-9.041794 -7.130722 -1.3459473
-9.4631195 -7.56633 -1.1697998
-9.865402 -7.8210297 -1.1126709
-10.143906 -8.001938 -1.0698242
-10.310532 -8.247116 -0.8984375
-10.486679 -8.456589 -0.7984619
-10.827072 -8.625595 -0.86987305
-11.39122 -8.7565155 -1.1364746
-11.933945 -8.746994 -1.4649658
-12.281479 -8.406601 -1.7601318
-12.28624 -7.7805634 -2.0291138
-12.129135 -6.8903046 -2.0862427
-12.1957855 -5.8905487 -2.0005493
-12.707565 -5.1454926 -1.8839111
-13.269333 -4.833664 -1.8363037
-13.802536 -5.1050262 -1.7886963
-13.990585 -5.6786957 -1.6220703
-13.459763 -6.2285614 -1.4078369
-12.438583 -6.4665985 -1.0793457
-11.379318 -6.2404633 -0.9412842
-10.691391 -5.752487 -1.2435913
-10.660446 -5.188339 -1.6173096
-11.041306 -4.7217865 -2.0767212
-11.179367 -4.5694427 -2.3409424
-11.017502 -4.886032 -2.3457031
-10.719955 -5.288315 -2.0410156
-10.5985565 -5.621567 -1.8339233
-10.905624 -5.9595795 -1.5292358
-11.424545 -5.919113 -1.7553711
-11.9839325 -5.64299 -2.0981445
-12.281479 -5.25737 -2.2861938
-12.360031 -4.7741547 -2.2957153
-12.219589 -4.307602 -1.9910278
-12.081528 -3.852951 -1.581604
-11.819687 -3.5744476 -1.2531128
-11.574509 -3.2483368 -0.82940674
-11.26268 -3.0864716 -0.49853516
-10.886581 -2.9531708 -0.47711182
-10.731857 -2.8889008 -0.50805664
-10.643784 -2.8412933 -0.63897705
-10.660446 -2.857956 -0.9055786
-10.589035 -2.9269867 -1.0460205
-10.603317 -3.0436249 -1.2721558
-10.522385 -3.1221771 -1.4078369
-10.448593 -3.14122 -1.7339478
-10.408127 -2.9888763 -1.9743652
-10.270065 -2.8698578 -1.9338989
-10.053452 -2.7508392 -1.9767456
-9.744003 -2.6841888 -1.9957886
-9.413132 -2.49852 -1.9005737
-9.127487 -2.3080902 -1.9124756
-8.89183 -2.0914764 -1.7006226
-8.76091 -1.8724823 -1.5982666
-8.675217 -1.6939545 -1.4697266
-8.756149 -1.5392303 -1.4173584
-8.88707 -1.4892426 -1.3530884
-9.108444 -1.4273529 -1.3554688
-9.40123 -1.4106903 -1.4483032
-9.646408 -1.3607025 -1.6101685
-9.805893 -1.2321625 -1.7529907
-9.97966 -1.0821991 -1.8791504
-9.984421 -1.184555 -1.8053589
-10.003464 -1.3107147 -1.7910767
-10.255783 -1.5249481 -1.8505859
-10.900864 -1.5606537 -2.036255
-11.524521 -1.4773407 -2.3504639
-11.991074 -1.4059296 -2.626587
-12.22435 -1.5439911 -2.83844
-12.038681 -1.8367767 -2.857483
-11.3745575 -2.3414154 -2.550415
-10.327194 -2.9269867 -2.0791016
-9.213181 -3.6196747 -1.2983398
-7.965866 -4.3361664 -0.57470703
-6.854233 -4.976486 -0.05340576
-5.9282684 -5.443039 0.3131714
-5.2474823 -5.6596527 0.5155029
-4.9404144 -5.7405853 0.84399414
-5.154648 -5.6525116 1.6366577
-5.642624 -5.5620575 2.5078735
-6.2424774 -5.3454437 3.3671875
-6.701889 -5.166916 3.5909424
-6.7423553 -4.5861053 2.5292969
-7.3088837 -3.429245 0.9035034
-9.117966 -1.582077 -1.1150513
-12.09819 0.7649689 -3.3954468
-14.671371 2.266983 -5.071228
-15.061752 1.7956696 -3.9048462
-13.019394 0.13893127 -2.4266357
-11.481674 -1.0155487 -1.2364502
-11.238876 -1.5915985 -0.07006836
-11.381699 -1.8082123 0.8249512
-11.13176 -2.1128998 1.427185
-10.734238 -2.8722382 2.22937
-10.279587 -3.603012 2.7887573
-9.689255 -4.0862274 2.80542
-8.896591 -5.224045 2.767334
-8.208664 -6.6522675 2.645935
-8.072983 -6.8188934 1.6390381
-8.425278 -6.430893 0.15368652
-8.927536 -6.150009 -1.4673462
-9.3798065 -5.983383 -2.9955444
-9.553574 -6.1666718 -3.9476929
-9.153671 -6.5499115 -4.0857544
-8.453842 -6.892685 -3.8358154
-7.913498 -7.002182 -3.5073242
-7.8206635 -6.809372 -3.2002563
-8.211044 -6.423752 -2.793213
-8.929916 -6.0167084 -2.1433716
-9.329819 -5.700119 -1.4364014
-9.3155365 -5.488266 -0.91748047
-9.258408 -5.2026215 -0.62231445
-9.451218 -4.781296 -0.6080322
-9.98204 -4.2338104 -0.7984619
-10.529526 -3.788681 -0.9293823
-11.086533 -3.4816132 -1.0412598
-11.338852 -3.5435028 -0.9746094
-11.4388275 -3.9862518 -0.98651123
-11.379318 -4.5504 -0.8651123
-11.229355 -5.2335663 -1.0460205
-11.124619 -5.8881683 -1.2435913
-11.243637 -6.2809296 -1.6934814
-11.831589 -6.5308685 -2.2457275
-12.8242035 -6.7284393 -2.6575317
-13.769211 -7.1711884 -2.9241333
-14.280991 -8.173325 -2.7456055
-13.971542 -9.499191 -2.1433716
-12.786118 -10.613205 -1.4173584
-11.241257 -10.784592 -1.0436401
-9.91301 -9.715805 -1.036499
-8.989426 -7.9947968 -1.2626343
-8.729965 -6.2023773 -1.6982422
-8.989426 -4.4266205 -2.2457275
-9.691635 -3.1102753 -2.3218994
-10.322433 -2.3033295 -2.217163
-10.42955 -2.0676727 -1.9481812
-10.148666 -2.4770966 -1.6625366
-9.939194 -3.0436249 -1.3007202
-10.101059 -3.5220795 -1.1936035
-10.696152 -3.9719696 -1.2269287
-11.51976 -4.3694916 -1.4863892
-12.260056 -4.757492 -1.8839111
-12.695663 -5.1764374 -2.024353
-12.650436 -5.2478485 -2.062439
-12.490952 -5.1645355 -1.5649414
-12.200546 -4.928879 -1.1864624
-11.976791 -4.609909 -1.1412354
-11.888718 -4.379013 -1.3102417
-11.860153 -4.2076263 -1.4459229
-11.676865 -4.0171967 -1.6672974
Time Stop = 5351
