Time Start = 5797
-8.858505 -2.793686 4.2860107
-8.841843 -2.7603607 4.2645874
-8.872787 -2.717514 4.2336426
-8.803757 -2.729416 4.319336
-8.784714 -2.6865692 4.2336426
-8.772812 -2.7651215 4.243164
-8.749008 -2.781784 4.1574707
-8.791855 -2.7198944 4.100342
-8.76091 -2.7413177 4.076538
-8.734726 -2.7151337 4.0741577
-8.69426 -2.6675262 4.0860596
-8.646652 -2.7246552 4.119385
-8.649033 -2.774643 4.190796
-8.63475 -2.7556 4.2074585
-8.679977 -2.6841888 4.300293
-8.718063 -2.6175385 4.3098145
-8.658554 -2.531845 4.383606
-8.701401 -2.4699554 4.376465
-8.751389 -2.4937592 4.390747
-8.801376 -2.5770721 4.314575
-8.863266 -2.6222992 4.274109
-8.88707 -2.679428 4.3479004
-8.89183 -2.6699066 4.319336
-8.932297 -2.646103 4.4074097
-8.863266 -2.6056366 4.326477
-8.846603 -2.7008514 4.338379
-8.860886 -2.6246796 4.383606
-8.832321 -2.6246796 4.3883667
-8.82518 -2.5937347 4.383606
-8.834702 -2.6222992 4.376465
-8.806137 -2.634201 4.2598267
-8.772812 -2.6032562 4.2717285
-8.787094 -2.5937347 4.197937
-8.784714 -2.6484833 4.274109
-8.910873 -2.6818085 4.4454956
-9.048935 -2.422348 4.819214
-8.877548 -2.0486298 5.2143555
-8.989426 -1.9319916 5.768982
-9.327438 -1.9748383 6.1379395
-9.779709 -2.4342499 6.6949463
-10.151047 -3.2649994 7.328125
-10.258163 -4.200485 8.454041
-10.17247 -4.890793 9.456177
-10.146286 -5.1145477 10.146484
-10.400986 -4.931259 10.701111
-10.648544 -4.2671356 11.174805
-10.74852 -3.3935394 11.567566
-10.6175995 -2.7127533 11.946045
-10.17009 -2.5485077 12.564941
-9.605942 -2.679428 12.94104
-9.363144 -2.7270355 12.950562
-9.291733 -2.812729 12.860107
-9.14415 -2.9531708 12.581604
-9.0203705 -3.0840912 12.243591
-8.82756 -3.4792328 11.838928
-8.722824 -3.8101044 11.389038
-8.746628 -4.0790863 11.212891
-8.577621 -4.23143 10.820129
-8.299118 -4.2457123 10.320251
-8.0325165 -4.16716 9.825134
-7.8539886 -4.076706 9.7323
-7.580246 -3.97435 9.625183
-7.239853 -3.6744232 9.251465
-6.9042206 -3.2911835 8.972961
-6.604294 -3.0341034 8.789673
-6.2734222 -2.8436737 8.658752
-5.930649 -2.7127533 8.434998
-5.495041 -2.5984955 8.101746
-5.078476 -2.49852 7.7042236
-4.7737885 -2.422348 7.7851563
-4.4262543 -2.2795258 7.8065796
-4.116806 -2.229538 7.8446655
-3.8002167 -2.0533905 7.758972
-3.5669403 -1.8058319 7.725647
-3.3503265 -1.6368256 8.1588745
-2.9932709 -1.5130463 8.125549
-2.6528778 -1.2464447 8.008911
-2.2720184 -0.95365906 8.211243
-1.9530487 -0.62516785 8.061279
-1.6745453 -0.3490448 8.118408
-1.550766 -0.17051697 8.299316
-1.5245819 -0.008651733 8.532593
-1.5031586 0.14131165 8.465942
-1.3508148 0.31507874 8.454041
-1.1508636 0.5007477 8.342163
-0.8890228 0.6411896 8.282654
-0.562912 0.5745392 8.765869
-0.48197937 0.624527 8.101746
-0.2891693 0.54359436 7.887512
-0.18443298 0.89826965 7.475708
-0.14634705 1.2100983 7.1019897
-0.041610718 1.3600616 7.2091064
0.10121155 1.5695343 7.1567383
0.2035675 1.7718658 7.1376953
0.22737122 1.9860992 7.1400757
0.22975159 2.24794 7.0496216
0.23451233 2.562149 6.8758545
0.23451233 2.8906403 6.642578
0.26783752 3.133438 6.533081
0.3440094 3.3214874 6.499756
0.40827942 3.6595001 6.287903
0.46064758 3.8975372 6.1712646
0.48683167 4.10701 6.0927124
0.50349426 4.345047 5.890381
0.44636536 4.4569244 5.761841
0.49873352 4.4902496 5.8237305
0.46064758 4.5473785 5.661865
0.5011139 4.609268 5.4452515
0.59632874 4.7187653 5.30719
0.59632874 4.7639923 5.364319
0.674881 4.8473053 5.321472
0.66059875 4.8687286 5.390503
0.57014465 4.8758698 5.2738647
0.50349426 4.909195 5.3095703
0.43922424 4.9591827 5.37146
0.44636536 5.1377106 5.4262085
0.42970276 5.3995514 5.1905518
0.4011383 5.787552 5.012024
0.36543274 5.9018097 4.557373
0.31544495 5.8542023 4.735901
0.3511505 6.1327057 4.7216187
0.54634094 6.5492706 4.6359253
0.5439606 6.8039703 4.7335205
0.572525 6.961075 4.9120483
0.6582184 7.1562653 4.92395
0.739151 7.258621 4.79303
0.7724762 7.2538605 4.7216187
0.75105286 7.232437 4.6359253
0.68440247 7.282425 4.762085
0.6320343 7.2919464 4.8549194
0.6486969 7.2395782 4.940613
0.5558624 7.346695 5.083435
0.508255 7.3514557 5.397644
0.5177765 7.2276764 5.4976196
0.56062317 6.853958 5.6237793
0.6629791 6.411209 5.6499634
0.8534088 6.2398224 5.633301
1.0652618 6.4207306 5.62854
1.0795441 6.796829 5.526184
0.97480774 7.1062775 5.545227
0.7986603 7.3514557 5.654724
0.68440247 7.4585724 5.5285645
0.6891632 7.610916 5.488098
0.69392395 7.5990143 5.5357056
0.674881 7.5299835 5.4000244
0.67726135 7.296707 5.300049
0.6963043 7.191971 5.480957
0.68678284 7.046768 5.5856934
0.71772766 7.063431 5.6523438
0.7867584 7.0753326 5.7546997
0.80104065 7.046768 5.892761
0.82484436 7.0729523 5.9213257
0.8129425 7.1134186 5.878479
0.76771545 7.0943756 5.8308716
0.72010803 7.0991364 5.807068
0.75819397 7.146744 5.8189697
0.81056213 7.2086334 5.7927856
0.7224884 7.25148 5.8999023
0.69392395 7.2086334 6.040344
0.66059875 7.1776886 6.07605
0.6820221 7.1015167 6.0736694
0.7058258 7.046768 6.2164917
0.73677063 6.9896393 6.097473
0.82484436 6.9325104 6.109375
0.89149475 6.8111115 6.1450806
0.9462433 6.782547 6.007019
1.0295563 6.768265 5.595215
1.0485992 6.732559 5.780884
1.0700226 7.025345 5.6571045
0.9795685 7.230057 5.6380615
0.93434143 7.372879 5.7261353
0.8200836 7.494278 5.6832886
0.7462921 7.44429 5.519043
0.6463165 7.2086334 5.5023804
0.72724915 7.063431 5.597595
0.75105286 7.0086823 5.69281
0.7819977 7.0039215 5.911804
0.822464 6.86586 6.064148
0.8534088 6.789688 5.9665527
0.85102844 6.6706696 6.052246
0.8319855 6.718277 5.9570313
0.8486481 6.8063507 5.8499146
0.8296051 6.9277496 5.828491
0.81770325 6.999161 5.7713623
0.8772125 7.0681915 5.6713867
0.93434143 7.115799 5.6761475
0.93196106 7.1015167 5.6642456
0.9795685 7.0539093 5.7666016
1.0224152 7.025345 5.704712
1.0747833 6.937271 5.788025
1.1009674 6.9015656 5.909424
1.0557404 6.8872833 5.987976
1.0581207 6.8230133 5.9713135
1.0628815 6.7158966 5.980835
1.1509552 6.654007 6.018921
1.1509552 6.680191 6.0165405
1.1652374 6.7611237 5.9665527
1.1247711 6.80159 5.968933
1.1271515 6.8563385 5.9379883
1.1223907 7.0110626 5.9522705
1.0652618 7.0539093 5.9641724
1.1033478 7.108658 5.8737183
1.098587 7.134842 5.814209
1.136673 7.161026 5.8880005
1.1342926 7.168167 5.8689575
1.155716 7.149124 5.8165894
1.1819 7.077713 5.7856445
1.2176056 7.0086823 5.7737427
1.2604523 7.0182037 5.7475586
1.2509308 6.9348907 5.7856445
1.2580719 6.963455 5.716614
1.219986 6.980118 5.7356567
1.2104645 7.032486 5.704712
1.2152252 7.0800934 5.764221
1.1676178 7.12294 5.8499146
1.1890411 7.1205597 5.8237305
1.1699982 7.046768 5.795166
1.1580963 6.9586945 5.8356323
1.1747589 6.820633 5.82135
1.1795197 6.7730255 5.8737183
1.1652374 6.8111115 5.9713135
1.1914215 6.853958 5.9332275
1.2271271 6.877762 6.0165405
1.2366486 6.93013 5.9974976
1.2128448 6.9586945 6.01178
1.2080841 7.039627 6.0213013
1.1723785 7.032486 5.904663
1.1390533 7.046768 5.847534
1.155716 7.0943756 5.802307
1.1438141 7.0610504 5.8189697
1.1795197 7.0539093 5.7475586
1.2485504 7.0539093 5.699951
1.2390289 7.1253204 5.764221
1.219986 7.1705475 5.814209
1.1771393 7.149124 5.7546997
1.2128448 7.1634064 5.7070923
1.1676178 7.1205597 5.7666016
1.2176056 7.1515045 5.7713623
1.2604523 7.12294 5.7142334
1.2771149 7.065811 5.833252
1.2866364 7.0539093 5.716614
1.303299 6.9705963 5.7594604
1.348526 7.025345 5.764221
1.303299 7.0158234 5.7856445
1.2723541 6.961075 5.764221
1.2390289 6.937271 5.7523193
1.2437897 6.9253693 5.7142334
1.2080841 6.942032 5.6761475
1.2271271 6.968216 5.62854
1.2271271 7.0420074 5.6190186
1.1985626 7.161026 5.5928345
1.1414337 7.256241 5.723755
1.1271515 7.2919464 5.673767
1.155716 7.263382 5.685669
1.1747589 7.172928 5.761841
1.1485748 7.1015167 5.7713623
1.1652374 6.987259 5.716614
1.1604767 6.911087 5.6951904
1.1938019 6.9348907 5.699951
1.2152252 6.922989 5.745178
1.2414093 7.0229645 5.745178
1.2533112 7.051529 5.716614
1.2509308 7.065811 5.6380615
1.3318634 7.108658 5.640442
1.4246979 7.006302 5.609497
1.3985138 6.9467926 5.5428467
1.4080353 6.9253693 5.5095215
1.4627838 7.046768 5.616638
1.4913483 7.149124 5.6713867
1.5032501 7.199112 5.647583
1.4937286 7.2276764 5.6832886
1.4532623 7.199112 5.685669
1.3985138 7.161026 5.6499634
1.2295074 6.9705963 5.6118774
1.0866852 6.9325104 5.6499634
0.93434143 6.961075 5.609497
0.8462677 6.8944244 5.7594604
0.8200836 6.903946 5.828491
0.79151917 6.949173 5.833252
0.7248688 6.942032 5.8808594
0.674881 6.9206085 5.7666016
0.6153717 6.9063263 5.764221
0.52253723 6.8610992 5.633301
0.42970276 6.815872 5.397644
0.35353088 6.73732 5.404785
0.30592346 6.6754303 5.302429
0.26307678 6.6397247 5.171509
0.2535553 6.6254425 5.1000977
0.2606964 6.5802155 5.004883
0.32496643 6.577835 4.9977417
0.35353088 6.634964 4.9334717
0.4273224 6.7039948 4.8953857
0.42970276 6.6325836 4.9001465
0.39875793 6.634964 4.6573486
0.30116272 6.4445343 4.671631
0.22499084 6.3493195 4.5811768
0.13453674 6.256485 4.562134
-0.0011444092 6.0803375 4.5216675
-0.22966003 5.8494415 4.659729
-0.42008972 5.5852203 4.7644653
-0.65574646 5.2971954 4.5169067
-0.83903503 4.890152 4.2979126
-0.9175873 4.306961 4.255066
-0.89378357 3.8737335 4.2455444
-0.64860535 3.4309845 4.269348
-0.36772156 3.152481 4.526428
-0.09635925 2.9311066 4.8120728
0.0155181885 2.6526031 5.0739136
-0.1915741 2.8216095 5.3690796
-0.42008972 2.6240387 5.552368
-0.5843353 2.2169952 5.4976196
-0.89378357 1.7980499 5.366699
-1.236557 1.490982 4.959656
-1.3508148 1.0744171 4.440735
-1.3222504 0.75068665 3.9360962
-1.3079681 0.42695618 3.1672363
-1.2603607 -0.027694702 2.3602905
-1.38414 -0.73942566 1.8580322
-1.8245087 -1.6963348 1.8032837
-2.1553802 -2.5913544 1.9032593
-2.5148163 -3.0412445 2.3531494
-3.0789642 -3.4887543 3.1291504
-3.3907928 -3.7482147 4.0146484
-3.2908173 -4.42424 5.6190186
-2.8195038 -5.205002 7.7113647
-2.0625458 -5.3454437 8.118408
-1.762619 -5.669174 7.6828003
-2.3791351 -6.2428436 7.994629
-3.9477997 -6.021469 7.8898926
-5.835434 -5.495407 7.6399536
-7.3969574 -5.2668915 7.192444
-8.132492 -5.488266 6.7163696
-8.37291 -5.911972 6.449768
-8.787094 -6.5832367 6.982971
-9.344101 -7.059311 7.10437
-9.943954 -7.3187714 6.8187256
-10.543808 -7.5496674 6.8115845
-10.979416 -7.5901337 6.8449097
-11.224594 -7.4044647 7.085327
-11.272202 -7.4401703 7.309082
-11.319809 -7.5044403 7.4066772
-11.503098 -7.3711395 7.4138184
-11.610214 -7.199753 7.5352173
-11.676865 -7.099777 7.5542603
-11.760178 -6.8950653 7.48761
-11.957748 -6.740341 7.442383
-12.176743 -6.4023285 7.392395
-12.3624115 -5.9976654 7.3828735
-12.360031 -5.604904 7.411438
-12.276718 -5.352585 7.237671
-12.148178 -5.250229 6.9782104
-12.02916 -5.347824 6.6068726
-11.886337 -5.4287567 6.223633
-11.614975 -5.521591 6.07605
-11.26268 -5.340683 5.647583
-10.900864 -5.00029 5.2595825
-10.641403 -4.750351 4.716858
-10.458115 -4.640854 4.4383545
-10.331955 -4.5432587 4.0527344
-10.227219 -4.5884857 3.7504272
-10.124863 -4.886032 3.3291016
-10.11058 -5.2549896 2.831604
-10.177231 -5.5882416 2.2531738
-10.222458 -6.0048065 1.9151611
-10.222458 -6.378525 1.5247803
-10.205795 -6.687973 1.132019
-10.181992 -6.918869 0.71307373
-10.186752 -7.0450287 0.34173584
-10.181992 -7.1092987 0.12750244
-10.191513 -7.0640717 0.18463135
-10.005844 -6.9283905 0.57263184
-9.708298 -6.7308197 0.9725342
-9.432175 -6.464218 1.1677246
-9.365524 -6.278549 1.2581787
-9.3155365 -6.0619354 1.1534424
-9.327438 -5.809616 0.8963623
-9.441696 -5.5477753 0.7154541
-9.522629 -5.3311615 0.65356445
-9.436935 -5.423996 0.53930664
-9.40123 -5.4930267 0.47979736
-9.382187 -5.6310883 0.39648438
-9.396469 -5.8048553 0.23461914
-9.348862 -5.923874 -0.0034179688
-9.344101 -5.795334 0.018005371
-9.298874 -6.021469 0.18463135
-9.113205 -6.0381317 0.10131836
-8.977524 -5.911972 0.070373535
-8.994186 -5.76915 -0.010559082
-8.996567 -5.673935 -0.105773926
-9.006088 -5.673935 0.015625
-9.013229 -5.6905975 0.20843506
-8.968002 -5.6953583 0.39172363
-8.772812 -5.757248 0.57977295
-8.839462 -5.7786713 0.8868408
-8.841843 -5.7358246 1.1248779
-8.882309 -5.700119 1.2772217
-8.989426 -5.685837 1.2891235
-9.110825 -5.5477753 1.1463013
-9.306015 -5.390671 0.9891968
-9.460739 -5.243088 0.8630371
-9.505966 -5.0740814 0.8796997
-9.486923 -4.9455414 0.93444824
-9.451218 -4.826523 1.0082397
-9.517868 -4.7027435 1.067749
-9.603561 -4.6122894 1.1391602
-9.717819 -4.5408783 1.1772461
-9.805893 -4.398056 1.1534424
-9.78923 -4.2980804 1.0725098
-9.72496 -4.129074 1.0320435
-9.679733 -3.9838715 0.9296875
-9.634506 -3.8791351 0.8320923
-9.579758 -3.8410492 0.7059326
-9.491684 -3.8362885 0.5583496
-9.441696 -3.9505463 0.4845581
-9.439316 -4.0100555 0.31079102
-9.448837 -4.057663 0.18939209
-9.453598 -4.1433563 0.027526855
-9.498825 -4.243332 -0.105773926
-9.482162 -4.2647552 -0.081970215
-9.441696 -4.2861786 -0.084350586
-9.394089 -4.288559 -0.060546875
-9.346481 -4.269516 -0.12005615
-9.2512665 -4.283798 -0.043884277
-9.196518 -4.224289 -0.015319824
-9.222702 -4.1576385 0.0061035156
-9.2322235 -4.0362396 0.0037231445
-9.258408 -3.9695892 0.07751465
-9.220322 -3.871994 0.041809082
-9.14653 -3.7791595 -0.124816895
-9.067978 -3.743454 -0.18432617
-9.08226 -3.9124603 -0.32476807
-9.098923 -4.1838226 -0.34381104
-9.048935 -4.3099823 -0.33190918
-9.0203705 -4.179062 -0.1819458
-9.027512 -4.0219574 0.029907227
-9.01799 -3.9410248 0.048950195
-9.067978 -3.8029633 0.23223877
-9.065598 -3.6363373 0.3036499
-9.07988 -3.5911102 0.38220215
-9.113205 -3.4720917 0.5250244
-9.0846405 -3.512558 0.57025146
-9.151291 -3.4911346 0.5821533
-9.137009 -3.512558 0.62023926
-9.151291 -3.5934906 0.60357666
-9.191757 -3.6315765 0.62023926
-9.20842 -3.6910858 0.53692627
-9.191757 -3.7910614 0.46313477
-9.248886 -3.8243866 0.3369751
-9.289352 -3.8672333 0.39648438
-9.306015 -3.9029388 0.30126953
-9.322678 -3.9695892 0.3036499
-9.313156 -4.0481415 0.27508545
-9.220322 -4.0433807 0.3536377
-9.189377 -4.140976 0.3274536
-9.298874 -4.160019 0.3774414
-9.3155365 -4.2147675 0.4179077
-9.358383 -4.276657 0.4678955
-9.436935 -4.348068 0.4179077
-9.517868 -4.319504 0.36791992
-9.59642 -4.352829 0.35601807
-9.603561 -4.314743 0.35839844
-9.603561 -4.307602 0.394104
-9.627365 -4.276657 0.2965088
-9.65593 -4.2480927 0.21081543
-9.698776 -4.409958 0.20605469
-9.667831 -4.5884857 0.25128174
-9.644028 -4.4837494 0.35839844
-9.544052 -4.2742767 0.47979736
-9.539291 -4.110031 0.6488037
-9.472641 -3.97435 0.8796997
-9.453598 -3.7767792 0.9558716
-9.439316 -3.5720673 1.1534424
-9.4655 -3.4435272 1.234375
-9.410751 -3.4387665 1.3605347
-9.40361 -3.4601898 1.3272095
-9.396469 -3.4601898 1.3605347
-9.377426 -3.448288 1.2415161
-9.491684 -3.5911102 1.2581787
-9.494064 -3.6172943 1.0844116
-9.494064 -3.7601166 0.9058838
-9.460739 -3.8767548 0.8297119
-9.396469 -3.91008 0.7654419
-9.351242 -4.0148163 0.75115967
-9.322678 -3.981491 0.7297363
-9.317917 -3.9957733 0.7225952
-9.279831 -3.9267426 0.6107178
-9.341721 -3.9076996 0.6273804
-9.325058 -3.9219818 0.6178589
-9.346481 -3.8957977 0.6345215
-9.363144 -3.9695892 0.47265625
-9.33934 -3.9624481 0.57025146
-9.377426 -3.97435 0.45361328
-9.33934 -4.050522 0.44885254
-9.346481 -4.095749 0.46551514
-9.33934 -4.1076508 0.3703003
-9.296494 -4.1243134 0.394104
-9.306015 -4.10289 0.24890137
-9.372665 -4.1504974 0.31079102
-9.375046 -4.186203 0.2965088
-9.325058 -4.179062 0.30126953
Time Stop = 5802
