Time Start = 5692
-9.429794 -3.0483856 2.6483154
-9.296494 -3.2530975 2.7078247
-9.184616 -3.2578583 2.8173218
-9.239365 -3.1888275 3.017273
-9.241745 -3.1626434 3.0601196
-9.158432 -3.1935883 3.0958252
-9.177475 -3.2721405 3.1172485
-9.129868 -3.3506927 2.9934692
-9.14415 -3.5054169 2.8982544
-9.170334 -3.576828 2.857788
-9.129868 -3.557785 2.895874
-9.141769 -3.4601898 2.9577637
-9.14653 -3.3863983 3.0410767
-9.177475 -3.3863983 3.017273
-9.256027 -3.4435272 3.0839233
-9.265549 -3.4125824 3.0601196
-9.298874 -3.4197235 3.0982056
-9.344101 -3.4340057 3.119629
-9.306015 -3.4387665 3.1243896
-9.279831 -3.4697113 3.1934204
-9.2512665 -3.4530487 3.2576904
-9.256027 -3.410202 3.286255
-9.306015 -3.4078217 3.3219604
-9.413132 -3.4839935 3.4314575
-9.520248 -3.486374 3.6052246
-9.736862 -3.5077972 3.7313843
-9.991562 -3.7196503 3.9075317
-10.127243 -3.9576874 4.4264526
-10.193893 -4.2266693 5.0739136
-10.231979 -4.2290497 5.250061
-10.589035 -4.1766815 4.9572754
-11.312668 -4.0410004 4.685913
-11.891098 -4.276657 5.2643433
-11.724472 -4.455185 6.1879272
-11.184128 -4.7265472 7.987488
-10.162949 -4.519455 8.137451
-9.470261 -5.0026703 8.844421
-8.868027 -5.7048798 9.387146
-8.065842 -6.1714325 9.584717
-7.3279266 -6.823654 9.341919
-6.739975 -7.471115 8.858704
-6.3019867 -8.004318 8.199341
-6.0044403 -8.251877 7.592346
-5.718796 -8.306625 7.475708
-5.699753 -8.056686 7.506653
-5.7116547 -7.5901337 7.256714
-5.740219 -7.1783295 6.9924927
-5.6902313 -7.0378876 7.0877075
-5.5188446 -6.8641205 7.0758057
-5.3712616 -6.7117767 7.2400513
-5.2998505 -6.5356293 7.090088
-5.278427 -6.354721 6.873474
-5.29747 -6.2809296 6.5116577
-5.2736664 -6.359482 6.2998047
-5.449814 -6.321396 5.6428223
-5.571213 -6.3690033 5.378601
-5.483139 -6.5046844 5.6261597
-5.1974945 -6.5546722 5.890381
-5.0570526 -6.502304 6.0165405
-5.021347 -6.4475555 6.14032
-4.9546967 -6.3451996 6.102234
-4.790451 -6.176193 5.6428223
-4.635727 -6.0905 5.654724
-4.3381805 -5.931015 5.6571045
-3.9097137 -5.7620087 5.678528
-3.4217377 -5.8715057 5.6190186
-3.057541 -6.033371 5.250061
-2.8480682 -6.226181 5.0096436
-2.5338593 -6.6403656 5.295288
-1.948288 -6.7165375 5.05011
-1.44841 -6.66893 5.0286865
-1.069931 -6.5546722 4.776367
-0.7033539 -6.785568 4.92395
-0.36296082 -6.887924 4.935852
-0.13920593 -6.757004 4.85968
0.046463013 -6.5118256 4.773987
0.27973938 -6.449936 4.5740356
0.4273224 -6.3975677 4.140808
0.66059875 -6.3713837 3.8861084
0.7415314 -6.573715 3.7837524
0.7700958 -7.0117035 3.2053223
0.83436584 -7.5449066 3.0863037
0.66059875 -8.092392 3.1410522
0.39875793 -8.130478 2.8101807
0.003616333 -8.275681 2.8030396
-0.50816345 -8.711288 3.0482178
-1.3103485 -9.011215 3.0101318
-2.4076996 -9.10405 3.5076294
-3.1527557 -8.780319 4.2265015
-3.174179 -8.551804 4.7335205
-3.064682 -8.6089325 4.807312
-3.193222 -9.096909 4.3098145
-3.2931976 -10.13237 4.000366
-3.2408295 -11.139267 3.3029175
-3.321762 -11.858139 2.8934937
-3.3836517 -11.73436 3.0791626
-3.1813202 -10.984543 3.0958252
-3.1384735 -10.39183 3.5718994
-3.2527313 -9.758652 3.6671143
-2.9718475 -9.351608 3.6694946
-2.7909393 -8.999313 3.5790405
-2.5552826 -8.818405 3.6480713
-2.2410736 -8.65892 3.8361206
-1.800705 -8.616074 4.095581
-1.2770233 -8.687485 4.3359985
-1.0389862 -8.856491 4.493103
-0.96995544 -8.84697 4.300293
-0.8675995 -9.037399 4.3098145
-0.8247528 -8.861252 5.197693
-0.9747162 -8.4613495 4.7597046
-0.38676453 -9.658676 3.9503784
-0.4962616 -9.62059 3.1148682
-0.396286 -9.627731 3.2077026
-0.23680115 -9.277817 3.5933228
-0.37724304 -8.963608 3.7694702
-0.46769714 -9.4301605 3.8623047
-0.029708862 -9.418259 6.230774
-0.43437195 -8.920761 6.2664795
-0.9175873 -9.346848 6.0927124
-1.0865936 -10.091904 4.85968
-1.0961151 -11.039291 3.9575195
-0.8818817 -11.770065 3.7385254
-0.69859314 -12.141403 3.7599487
-0.82951355 -12.150925 4.069397
-1.2913055 -11.962875 4.633545
-1.7602386 -11.54155 4.773987
-1.7031097 -11.54393 4.981079
-1.4960175 -11.648666 5.1691284
-1.1270599 -12.1818695 5.3119507
-1.043747 -12.903122 5.3048096
-0.86283875 -13.436325 5.552368
-0.46055603 -13.472031 5.4404907
-0.22251892 -13.476791 5.404785
-0.015426636 -13.650558 5.05249
0.32496643 -13.802902 4.819214
0.5320587 -13.793381 4.512146
0.6725006 -13.500595 4.34552
0.93196106 -13.407761 4.500244
1.1795197 -13.014999 4.6121216
1.4032745 -12.5056 4.7597046
1.7222443 -11.705795 4.545471
2.0174103 -11.034531 4.531189
2.181656 -10.663193 4.6383057
2.2935333 -10.522751 4.6549683
2.4030304 -10.137131 4.428833
2.676773 -9.9109955 4.526428
2.8695831 -9.6800995 4.5740356
3.0266876 -9.29924 4.697815
3.1219025 -8.887436 4.8430176
3.3385162 -8.420883 4.883484
3.5503693 -7.873398 5.102478
3.7003326 -7.2735443 5.1619873
3.766983 -6.9617157 4.9334717
3.850296 -6.571335 4.5169067
4.031204 -6.3880463 4.402649
4.300186 -6.040512 4.3859863
4.402542 -5.57872 4.659729
4.5072784 -5.2097626 4.871582
4.7000885 -4.655136 4.690674
4.990494 -4.3052216 4.723999
5.1285553 -3.698227 4.512146
5.3404083 -3.050766 4.3407593
5.6569977 -2.8817596 4.709717
5.9188385 -2.8960419 4.645447
6.1045074 -2.7222748 4.5906982
6.275894 -2.6246796 4.609741
6.4829865 -2.486618 4.690674
6.590103 -2.4175873 4.871582
6.7210236 -2.5389862 5.0025024
6.7281647 -2.6580048 5.1834106
6.82576 -2.5128021 5.102478
6.9376373 -2.5151825 5.283386
7.025711 -2.2533417 5.0096436
7.1256866 -2.0295868 5.0358276
7.225662 -1.9272308 5.0977173
7.2732697 -1.7344208 5.038208
7.306595 -1.7177582 5.1048584
7.2780304 -1.5297089 4.904907
7.3494415 -1.5677948 4.9786987
7.347061 -1.4463959 5.038208
7.3113556 -1.370224 4.962036
7.3232574 -1.241684 4.92395
7.230423 -0.92033386 4.79303
7.204239 -0.73228455 4.735901
7.351822 -0.6204071 4.4883423
7.5422516 -0.5966034 4.4883423
7.5160675 -0.58470154 4.371704
7.411331 -0.46568298 4.228882
7.332779 -0.14195251 3.902771
7.370865 0.08418274 3.8694458
7.597 0.26271057 3.8789673
7.639847 0.5626373 3.864685
7.7326813 0.63404846 4.312195
7.5493927 0.5888214 4.1289063
7.518448 0.59358215 4.34552
7.7469635 0.9911041 4.5073853
8.049271 1.1053619 4.5359497
8.182571 1.0648956 4.455017
8.149246 1.112503 4.607361
8.04689 1.2910309 4.6692505
7.923111 1.3457794 4.7073364
6.292557 1.169632 6.6592407
7.094742 1.86232 3.6599731
8.149246 0.7316437 4.6121216
8.482498 0.91493225 4.3050537
8.23494 1.3457794 3.9837036
8.054031 1.1720123 4.2145996
7.7731476 1.4862213 4.1693726
7.749344 1.7528229 4.1622314
7.6826935 1.907547 4.3931274
7.5232086 2.1812897 4.397888
7.597 2.331253 4.212219
7.680313 2.3336334 4.378845
7.7802887 2.395523 4.1360474
7.685074 2.4621735 4.019409
7.5993805 2.426468 4.000366
7.635086 2.3931427 3.800415
7.6136627 2.5050201 3.607605
7.639847 2.5788116 3.531433
7.5993805 2.562149 3.4909668
7.5684357 2.581192 3.5004883
7.575577 2.6240387 3.5171509
7.558914 2.7002106 3.6385498
7.6136627 2.7121124 3.6314087
7.5993805 2.8287506 3.736145
7.6112823 2.933487 3.7432861
7.5850983 2.9739532 3.7409058
6.866226 2.9263458 4.674011
6.949539 3.4381256 2.9768066
7.7350616 3.1215363 3.498108
7.6636505 3.4452667 3.3743286
7.2280426 3.300064 2.9910889
6.5020294 3.1667633 3.2172241
6.4901276 3.5666656 2.6697388
6.8995514 3.281021 2.9934692
7.3423004 3.2905426 3.0625
7.6684113 3.3048248 3.152954
7.8183746 3.3500519 3.229126
7.9826202 3.4095612 3.5028687
7.968338 3.542862 3.7718506
7.949295 3.742813 3.5361938
7.9397736 3.728531 3.4885864
7.6255646 3.6856842 3.614746
7.389908 3.6428375 3.3243408
7.2994537 3.3500519 3.4266968
7.366104 3.3048248 3.3219604
7.454178 3.440506 3.4243164
7.6565094 3.5571442 3.581421
7.72316 3.6428375 3.7004395
7.737442 3.6404572 3.588562
7.616043 3.5785675 3.7147217
7.5041656 3.5666656 3.671875
7.4375153 3.5476227 3.5933228
7.4065704 3.523819 3.5671387
7.313736 3.3286285 3.4743042
7.223282 3.357193 3.4100342
7.1518707 3.2595978 3.3171997
7.0852203 3.1762848 3.2505493
6.9781036 3.1167755 3.1124878
6.935257 3.0215607 3.1148682
6.897171 2.9715729 3.107727
6.909073 3.0501251 3.3100586
6.947159 3.2000885 3.5147705
6.973343 3.3476715 3.312439
6.930496 3.3214874 3.338623
6.923355 3.2691193 3.4433594
6.9757233 3.069168 3.479065
7.025711 2.8715973 3.5147705
7.1304474 2.6549835 3.4695435
7.1947174 2.5216827 3.626648
7.199478 2.5478668 4.0455933
7.1233063 2.516922 4.505005
6.994766 2.5074005 4.674011
6.89003 2.266983 4.543091
6.587723 1.9551544 4.5407104
6.5662994 1.779007 4.4264526
6.6115265 1.5362091 4.395508
6.8043365 1.381485 4.5787964
7.0852203 1.2910309 4.79303
7.2518463 1.343399 4.9334717
7.27565 1.4409943 4.954895
7.1256866 1.4029083 5.1881714
6.8352814 1.3457794 5.2786255
6.5543976 1.0458527 5.3476563
6.3877716 0.85780334 5.2000732
6.2140045 0.52931213 5.1119995
6.211624 0.25556946 5.2929077
6.4329987 0.18177795 5.428589
6.563919 0.117507935 5.5023804
6.640091 -0.09196472 5.8427734
6.628189 -0.24668884 6.0855713
6.4068146 -0.40141296 5.9665527
6.0807037 -0.7299042 6.0427246
5.8498077 -0.89653015 6.052246
5.6760406 -1.3297577 5.859436
5.621292 -1.8439178 5.916565
5.6427155 -2.2819061 6.1117554
5.7902985 -2.729416 6.3997803
5.878372 -3.0626678 6.3997803
5.8807526 -3.2292938 6.290283
5.811722 -3.2935638 6.283142
5.6355743 -3.3340302 6.411682
5.5974884 -3.486374 6.468811
5.5594025 -3.800583 6.7211304
5.5355988 -3.9410248 6.7806396
5.54274 -4.121933 6.859192
5.4070587 -4.5694427 7.290039
5.2309113 -4.7265472 7.1519775
5.016678 -5.109787 7.2019653
4.8286285 -5.731064 7.3757324
4.697708 -6.2428436 7.16864
4.6286774 -6.509445 6.733032
4.5144196 -6.7093964 6.416443
4.2906647 -7.3401947 6.763977
4.081192 -7.573471 6.5759277
3.8074493 -7.849594 6.6759033
3.4813385 -8.192368 6.802063
3.240921 -8.199509 6.6830444
3.055252 -7.975754 6.4592896
2.8862457 -8.2114105 7.013916
2.771988 -8.332809 7.525696
2.8100739 -7.8257904 7.0281982
2.6862946 -7.644882 6.706848
2.4982452 -7.7758026 6.6068726
2.457779 -8.044785 6.430725
2.317337 -8.458969 6.1569824
2.234024 -9.149277 6.1974487
2.2221222 -9.55632 5.942749
2.1102448 -9.775314 6.128418
2.0459747 -9.8276825 6.20697
1.9269562 -9.415878 6.2593384
1.8722076 -8.816025 6.1950684
1.829361 -8.306625 6.245056
1.765091 -8.311386 6.4854736
1.6365509 -8.613693 6.2593384
1.3580475 -9.032639 5.847534
1.1104889 -9.258774 5.4904785
1.0676422 -9.239731 5.511902
1.1295319 -8.935043 5.661865
1.1509552 -8.632736 6.0165405
1.2128448 -8.499435 6.0879517
1.3175812 -8.406601 5.9213257
1.2390289 -8.454208 5.654724
1.0747833 -8.616074 5.4976196
0.8200836 -8.587509 5.352417
0.59632874 -9.177841 5.892761
0.47731018 -9.534897 5.897522
0.31306458 -9.475388 5.609497
0.2535553 -9.463486 5.833252
0.22499084 -9.351608 6.0355835
0.13691711 -9.225449 6.052246
-0.029708862 -9.384933 5.9832153
-0.23442078 -9.551559 5.911804
-0.29154968 -9.511093 5.8165894
-0.3391571 -9.304001 5.9332275
-0.31059265 -9.180222 6.0998535
-0.21061707 -9.227829 6.237915
-0.20347595 -9.23735 6.1903076
-0.332016 -9.161179 6.0427246
-0.396286 -9.175461 5.8880005
-0.45817566 -9.154037 5.8999023
-0.4391327 -9.192123 5.845154
-0.49388123 -9.254013 5.916565
-0.48912048 -9.325424 5.8737183
-0.5105438 -9.29686 5.8308716
-0.543869 -9.342087 5.7023315
-0.6295624 -9.480148 5.7546997
-0.71287537 -9.5967865 5.8737183
-0.6771698 -9.613449 6.0046387
-0.6533661 -9.42778 5.826111
-0.72239685 -9.384933 5.776123
-0.774765 -9.453964 5.6642456
-0.8723602 -9.508713 5.730896
-0.858078 -9.42778 5.62854
-0.86997986 -9.342087 5.514282
-0.81999207 -9.342087 5.321472
-0.8437958 -9.23735 5.326233
-1.8435516 -8.111435 7.213867
-0.9889984 -10.677475 5.9213257
0.23451233 -10.356125 4.421692
-0.6795502 -9.03978 5.416687
-1.3222504 -9.056442 5.69281
-1.2579803 -9.156418 5.7666016
-0.5724335 -9.2183075 5.4595337
-0.5129242 -9.073105 5.281006
-0.7604828 -8.91362 5.3095703
-0.98661804 -8.830307 5.257202
-1.0508881 -8.887436 5.2714844
-1.0627899 -8.65416 5.223877
-1.0485077 -8.6922455 5.223877
-1.1889496 -8.8207855 5.216736
-1.467453 -9.194504 5.24292
-1.6078949 -9.49205 5.0858154
-1.6436005 -9.563461 5.402405
-1.5102997 -9.549179 5.302429
-1.6221771 -9.527756 5.1500854
-2.0101776 -9.715805 5.4714355
-2.0077972 -9.077866 5.121521
-2.0458832 -8.7565155 5.095337
-2.1387177 -8.925522 5.107239
-2.0815887 -9.023117 5.031067
-2.0435028 -8.823166 5.1834106
-2.1482391 -8.799362 5.295288
-2.288681 -8.992172 5.321472
-2.3600922 -9.151657 5.7475586
-2.1649017 -9.392075 3.5671387
-2.3434296 -10.049057 4.916809
-2.5338593 -8.14476 5.530945
-3.1908417 -6.533249 5.7999268
-4.002548 -5.8715057 5.8118286
-4.692856 -5.623947 5.1500854
-5.0308685 -6.1190643 4.8311157
-4.926132 -6.790329 4.1931763
-4.714279 -7.5068207 3.6171265
-4.609543 -7.6853485 3.524292
-4.4452972 -7.561569 4.1289063
-3.962082 -7.1926117 4.773987
-3.4122162 -6.7474823 4.9572754
-2.9337616 -6.457077 5.000122
-2.5624237 -6.418991 4.7406616
-2.5219574 -6.483261 4.178894
-2.6909637 -6.5998993 3.645691
-2.9313812 -6.8307953 3.395752
-3.000412 -6.7474823 3.2838745
-2.833786 -6.7879486 3.6480713
-2.300583 -6.8903046 3.9575195
-1.8602142 -7.002182 4.2407837
-1.6483612 -7.11882 4.4264526
-1.8959198 -7.05217 4.364563
-2.057785 -7.285446 4.4240723
-1.8935394 -7.4925385 4.357422
-1.7792816 -7.842453 4.5097656
-1.7340546 -8.46611 4.4312134
-1.6507416 -8.892197 4.164612
-1.8625946 -9.061203 3.8146973
-2.21727 -9.10405 3.6028442
-2.6885834 -9.132614 3.5338135
-3.007553 -9.382553 3.479065
-3.167038 -9.687241 3.7432861
-3.1789398 -9.839584 3.9813232
-3.1313324 -9.861008 4.2836304
-3.0670624 -9.55394 4.6763916
-3.1717987 -9.177841 5.0215454
-3.3765106 -8.768417 5.4190674
-3.6811981 -8.094772 5.5476074
-4.0358734 -7.4354095 5.364319
-4.5048065 -6.9474335 4.954895
-5.014206 -6.4142303 4.478821
-5.5236053 -6.1785736 3.8075562
-5.868759 -6.15477 3.1862793
-6.3400726 -6.2238007 2.4245605
-6.8066254 -6.3047333 1.6366577
-7.41362 -6.4023285 1.0939331
-8.087265 -6.161911 0.3703003
-8.582382 -5.7786713 0.07989502
-8.815659 -5.5620575 0.28936768
-9.170334 -5.0955048 0.15844727
-9.52739 -4.8622284 0.3203125
-9.829697 -4.87175 0.5773926
-10.134384 -4.8241425 1.0272827
-10.408127 -4.950302 1.4938354
-10.793747 -5.090744 1.7437744
-11.138901 -5.288315 1.760437
-11.436447 -5.5311127 1.5723877
-11.741135 -5.8643646 1.2891235
-12.083908 -6.078598 0.8630371
-12.336227 -6.2476044 0.49645996
-12.436203 -6.366623 0.113220215
-12.469528 -6.4594574 0.018005371
-12.410019 -6.5380096 -0.17956543
-12.312424 -6.592758 -0.40570068
-12.212448 -6.502304 -0.4937744
-12.081528 -6.2238007 -0.6365967
-11.888718 -5.9929047 -0.5794678
-11.655441 -5.654892 -0.5270996
-11.415024 -5.307358 -0.46520996
-11.124619 -5.0478973 -0.28668213
-10.853256 -4.8384247 -0.20812988
-10.653305 -4.693222 -0.0914917
-10.462875 -4.5670624 -0.008178711
-10.267685 -4.469467 0.17749023
-10.134384 -4.3694916 0.4607544
-9.97966 -4.2290497 0.7416382
-9.820175 -4.1504974 1.1177368
-9.636887 -4.0814667 1.5390625
-9.477402 -4.1195526 1.6676025
-9.306015 -4.088608 1.8865967
-9.27507 -4.0481415 1.7247314
-9.258408 -3.9124603 1.6009521
-8.998947 -3.9410248 2.0579834
-8.9561 -3.8124847 2.1936646
-9.708298 -2.9246063 2.9553833
-10.146286 -1.6749115 2.581665
-10.339096 -1.2631073 2.5245361
-10.455734 -1.2154999 2.331726
-10.524765 -0.9346161 2.2555542
-10.167709 -0.76560974 2.3174438
-9.472641 -1.4011688 2.203186
-9.153671 -2.1628876 2.1341553
-9.489304 -2.8484344 1.9627686
Time Stop = 5697
