Time Start = 5726
-8.042038 -3.4982758 5.5023804
-7.965866 -3.1221771 5.923706
-7.9230194 -2.8079681 6.1974487
-7.8397064 -2.698471 6.2521973
-7.818283 -2.9127045 6.1307983
-7.868271 -3.0674286 5.992737
-7.8777924 -3.281662 5.807068
-7.837326 -3.2864227 5.716614
-7.86351 -3.243576 5.659485
-7.7968597 -3.1626434 5.6904297
-7.765915 -3.107895 5.6499634
-7.811142 -3.0745697 5.742798
-7.825424 -3.0531464 5.8094482
-7.758774 -3.0412445 5.8308716
-7.7944794 -3.031723 5.7737427
-7.8777924 -3.095993 5.7737427
-7.9230194 -3.1197968 5.8118286
-7.984909 -3.2411957 5.897522
-8.044418 -3.384018 5.9403687
-8.089645 -3.3768768 5.9070435
-8.149155 -3.3625946 6.018921
-8.201523 -3.4506683 6.178406
-8.280075 -3.5792084 6.154602
-8.353867 -3.6363373 6.20459
-8.380051 -3.5792084 6.2545776
-8.358627 -3.5268402 6.6449585
-8.30864 -3.5339813 7.130554
-8.418137 -3.5292206 7.3067017
-8.646652 -3.84581 7.437622
-8.870407 -4.23143 7.968445
-9.201279 -4.9193573 8.90155
-9.446457 -5.3644867 9.253845
-9.727341 -5.538254 9.180054
-9.960617 -5.366867 9.244324
-10.077255 -5.0693207 9.822754
-9.839218 -4.514694 10.6154175
-9.565475 -4.024338 11.060547
-9.356003 -3.7101288 11.091492
-9.094162 -3.519699 11.051025
-8.88707 -3.5292206 11.215271
-8.50383 -3.3959198 11.003418
-8.172958 -3.3554535 10.855835
-7.86351 -3.3816376 10.882019
-7.554062 -3.3602142 10.37738
-7.182724 -3.255478 9.67041
-6.9803925 -3.0341034 9.265747
-6.8470917 -2.986496 9.058655
-6.8256683 -3.160263 9.408569
-6.6614227 -3.2031097 8.887268
-6.559067 -3.3292694 9.006287
-6.5709686 -3.3435516 9.034851
-6.356735 -3.2459564 8.727783
-5.9544525 -3.0007782 8.563538
-5.471237 -2.5342255 8.358826
-5.052292 -2.1367035 8.806335
-4.571457 -1.9557953 9.318115
-4.1977386 -1.9534149 9.720398
-3.9001923 -2.0962372 9.779907
-3.700241 -1.998642 9.008667
-3.4645844 -1.9534149 8.734924
-3.2670135 -1.9415131 8.689697
-3.0099335 -2.1438446 8.903931
-2.8647308 -2.3628387 8.813477
-2.6243134 -2.267624 8.1779175
-2.4076996 -1.9486542 7.8637085
-2.2029877 -1.6249237 7.804199
-2.0173187 -1.1726532 8.13269
-1.7745209 -0.9441376 8.730164
-1.5269623 -0.7299042 8.792053
-1.3793793 -0.4228363 8.670654
-1.2460785 -0.28953552 8.792053
-1.2079926 0.06990051 8.461182
-1.172287 0.2841339 8.539734
-1.1461029 0.40553284 8.665894
-1.1008759 0.31983948 8.730164
-1.0413666 0.2436676 8.677795
-1.0342255 0.17463684 8.327881
-0.9889984 0.2531891 7.989868
-0.8747406 0.35792542 8.232666
-0.74858093 0.4912262 8.25885
-0.61528015 0.6792755 8.039856
-0.48197937 0.9768219 7.9208374
-0.31773376 1.1648712 7.9589233
-0.13444519 1.4433746 7.668518
0.005996704 1.631424 7.597107
0.09169006 1.9503937 7.442383
0.1464386 2.195572 7.35907
0.18214417 2.4455109 7.1519775
0.19880676 2.721634 7.090088
0.26307678 2.9311066 6.980591
0.32972717 3.0596466 6.8568115
0.41304016 3.190567 6.763977
0.50587463 3.2834015 6.749695
0.5582428 3.3881378 6.5473633
0.59394836 3.459549 6.3974
0.61299133 3.4357452 6.6711426
0.5011139 3.5071564 6.480713
0.4677887 3.8118439 6.1712646
0.40589905 3.8665924 6.321228
0.3939972 3.9784698 6.3378906
0.5011139 4.254593 6.20697
0.59632874 4.4973907 6.007019
0.6653595 4.633072 5.826111
0.71772766 4.844925 5.616638
0.6796417 5.1186676 5.621399
0.63679504 5.178177 5.8380127
0.6344147 5.3233795 5.8546753
0.655838 5.287674 5.995117
0.7320099 5.428116 6.2141113
0.8129425 5.4757233 6.411682
0.8700714 5.5233307 6.454529
0.905777 5.613785 6.454529
0.9676666 5.616165 6.533081
0.90101624 5.692337 6.373596
0.8129425 5.780411 6.347412
0.7486725 5.9256134 6.3117065
0.6915436 6.0303497 6.2521973
0.67726135 6.082718 6.2355347
0.7129669 6.1826935 6.328369
0.7153473 6.313614 6.237915
0.7058258 6.4088287 6.1141357
0.6915436 6.5111847 6.20459
0.74391174 6.5421295 6.185547
0.78437805 6.487381 6.147461
0.7486725 6.3183746 6.180786
0.7724762 6.3802643 6.0736694
0.87483215 6.60878 6.1950684
0.9200592 6.5992584 6.26886
0.9843292 6.7230377 6.2664795
1.0295563 6.7730255 6.173645
1.072403 6.7920685 6.223633
1.0819244 6.815872 6.2617188
1.0295563 6.8896637 6.2617188
1.0271759 6.915848 6.230774
1.0652618 6.961075 6.1331787
1.0747833 6.8706207 6.1569824
1.0605011 6.782547 6.0213013
1.0414581 6.718277 5.9641724
1.0890656 6.7349396 5.94989
1.1081085 6.839676 5.9070435
1.0438385 6.918228 5.9070435
0.98908997 6.9277496 5.8618164
0.9938507 6.949173 5.828491
0.9129181 6.8682404 5.742798
0.98194885 6.8682404 5.852295
1.072403 6.7587433 5.954651
1.0962067 6.718277 5.9213257
1.1509552 6.718277 5.9570313
1.1104889 6.770645 5.94751
1.1342926 6.8634796 5.8046875
1.0700226 6.949173 5.802307
1.0247955 6.9705963 5.8380127
1.1033478 6.944412 5.8570557
1.1271515 6.9467926 5.9141846
1.1795197 6.922989 5.980835
1.1723785 6.8706207 6.102234
1.155716 6.8706207 6.0498657
1.1485748 6.93013 6.059387
1.1104889 7.051529 6.0046387
1.1057281 7.172928 5.976074
1.0581207 7.2276764 5.9832153
1.0295563 7.2538605 5.976074
1.0247955 7.277664 6.095093
1.0366974 7.2086334 6.1760254
1.0747833 6.9539337 6.2022095
1.0628815 6.582596 6.2283936
1.1533356 6.127945 6.1903076
1.1985626 5.806595 6.1903076
1.2699738 5.7589874 6.2593384
1.329483 5.9470367 6.302185
1.4342194 6.1707916 6.378357
1.477066 6.577835 6.3950195
1.4461212 6.8872833 6.4331055
1.3866119 7.1253204 6.456909
1.3390045 7.3109894 6.4331055
1.3604279 7.294327 6.46167
1.3271027 7.225296 6.340271
1.3366241 7.0182037 6.3355103
1.2818756 6.789688 6.230774
1.2414093 6.5278473 6.097473
1.162857 6.275528 6.102234
1.1985626 6.249344 5.961792
1.1795197 6.339798 5.9022827
1.1604767 6.4135895 6.018921
1.1533356 6.642105 6.095093
1.1795197 6.815872 6.161743
1.1390533 6.8682404 6.26886
1.1319122 6.8634796 6.295044
1.1652374 6.8111115 6.2283936
1.1795197 6.6944733 6.264099
1.200943 6.537369 6.223633
1.2033234 6.525467 6.2617188
1.1795197 6.461197 6.0998535
1.1938019 6.454056 6.173645
1.2485504 6.5421295 6.192688
1.2580719 6.6563873 6.178406
1.2818756 6.732559 6.178406
1.2771149 6.744461 6.3378906
1.2818756 6.794449 6.256958
1.3009186 6.768265 6.3236084
1.3080597 6.668289 6.1903076
1.3509064 6.634964 6.1331787
1.3080597 6.680191 6.123657
1.3247223 6.67305 6.230774
1.3509064 6.7230377 6.1117554
1.3461456 6.6968536 6.0736694
1.3628082 6.706375 6.1069946
1.3913727 6.768265 6.1069946
1.3842316 6.7920685 6.057007
1.3532867 6.7539825 6.0879517
1.3342438 6.763504 6.199829
1.2985382 6.7539825 6.109375
1.2247467 6.751602 6.226013
1.1938019 6.8182526 6.295044
1.1676178 6.7920685 6.3997803
1.1676178 6.763504 6.4331055
1.1961823 6.7230377 6.4450073
1.1961823 6.692093 6.473572
1.1723785 6.5944977 6.46167
1.1723785 6.582596 6.3164673
1.1771393 6.5492706 6.3164673
1.2152252 6.5492706 6.2402954
1.2437897 6.684952 6.449768
1.2628326 6.684952 6.4711914
1.2437897 6.684952 6.3831177
1.2057037 6.6516266 6.3188477
1.1390533 6.7158966 6.295044
1.1580963 6.751602 6.3640747
1.1747589 6.7420807 6.359314
1.1938019 6.6254425 6.352173
1.2390289 6.6302032 6.3117065
1.2152252 6.563553 6.3188477
1.2342682 6.5302277 6.3307495
1.2414093 6.513565 6.3355103
1.2104645 6.604019 6.328369
1.1985626 6.680191 6.242676
1.2366486 6.67305 6.3117065
1.1723785 6.7158966 6.325989
1.1485748 6.7777863 6.3236084
1.1200104 6.796829 6.3164673
1.1295319 6.763504 6.2474365
1.1223907 6.661148 6.256958
1.0914459 6.5730743 6.3497925
1.1152496 6.5611725 6.328369
1.0843048 6.539749 6.340271
1.11763 6.5873566 6.352173
1.1295319 6.601639 6.473572
1.1342926 6.67305 6.468811
1.1819 6.7087555 6.4283447
1.1652374 6.7468414 6.435486
1.1771393 6.7039948 6.4283447
1.1485748 6.6587677 6.430725
1.1319122 6.6635284 6.352173
1.1128693 6.6063995 6.302185
1.1604767 6.5683136 6.3807373
1.1604767 6.5349884 6.3236084
1.1128693 6.4850006 6.242676
1.0938263 6.487381 6.2093506
1.1533356 6.5921173 6.302185
1.1223907 6.6135406 6.3355103
1.1295319 6.6135406 6.3569336
1.1652374 6.565933 6.3450317
1.1128693 6.5921173 6.245056
1.1009674 6.582596 6.27124
1.1295319 6.6063995 6.2664795
1.0795441 6.5873566 6.2212524
1.0605011 6.539749 6.276001
1.0200348 6.41835 6.3188477
1.0247955 6.373123 6.295044
1.0128937 6.404068 6.211731
1.0628815 6.475479 6.1903076
1.0224152 6.5159454 6.1760254
1.0200348 6.5040436 6.1903076
1.0652618 6.5754547 6.2212524
1.0224152 6.5278473 6.2022095
1.0319366 6.5492706 6.20459
1.0057526 6.5873566 6.1260376
1.0200348 6.582596 6.083191
0.99147034 6.5944977 6.0093994
0.91767883 6.563553 5.904663
0.86769104 6.506424 5.9713135
0.7248688 6.5040436 6.0617676
0.70344543 6.654007 5.780884
0.63679504 6.532608 5.992737
0.5844269 6.5683136 5.8165894
0.5415802 6.5302277 5.807068
0.54634094 6.4826202 5.6190186
0.50587463 6.4969025 5.5095215
0.42018127 6.456436 5.4952393
0.31306458 6.377884 5.321472
0.1797638 6.3231354 5.364319
0.072647095 6.2422028 5.219116
-0.055892944 6.0803375 5.069153
-0.098739624 5.828018 5.0810547
-0.17253113 5.609024 4.909668
-0.15110779 5.301956 4.833496
-0.16777039 4.9901276 4.6192627
-0.13444519 4.5854645 4.4764404
-0.14872742 4.1879425 4.421692
-0.19633484 3.6237946 4.485962
-0.35820007 2.7716217 5.012024
-0.6438446 1.8670807 5.595215
-0.98661804 1.252945 5.7261353
-1.236557 0.90065 6.0284424
-1.4055634 0.6745148 6.347412
-1.5174408 0.753067 6.366455
-1.5579071 0.84828186 6.435486
-1.5388641 0.9792023 6.6401978
-1.6459808 1.5076447 6.468811
-1.7959442 1.4766998 6.430725
-1.8625946 1.4100494 6.2807617
-1.9411469 1.0506134 6.26886
-2.1720428 0.7364044 6.2783813
-2.6385956 0.6221466 6.1688843
-3.007553 0.13417053 6.033203
-3.1884613 -0.40141296 5.780884
-3.2455902 -0.6442108 5.5476074
-3.205124 -0.67277527 5.635681
-3.2146454 -0.6537323 5.9379883
-3.2075043 -0.47758484 6.2474365
-3.257492 -0.18241882 6.6378174
-3.2717743 -0.33000183 6.892517
-3.6240692 -1.2250214 7.225769
-4.1334686 -2.0319672 7.154358
-4.6904755 -2.524704 6.649719
-5.257004 -3.2459564 6.1450806
-5.7806854 -4.024338 5.511902
-6.142502 -4.5361176 4.821594
-6.5971527 -5.0098114 4.4050293
-7.0565643 -5.4525604 4.6240234
-7.4350433 -6.0738373 5.2857666
-7.6802216 -6.316635 5.609497
-7.754013 -6.5546722 5.533325
-8.061081 -7.233078 5.6951904
-8.62999 -7.5758514 5.447632
-9.286972 -7.625839 4.7144775
-9.736862 -7.4473114 4.0789185
-10.146286 -7.059311 3.6385498
-10.334335 -6.521347 3.569519
-10.543808 -5.8834076 3.6409302
-11.077011 -5.5287323 4.0289307
-11.495956 -5.500168 4.140808
-11.850632 -5.7596283 4.3050537
-12.231491 -6.211899 4.314575
-12.498093 -6.623703 4.481201
-12.681381 -6.783188 4.414551
-12.724228 -7.085495 4.3550415
-12.793259 -7.547287 4.2907715
-12.874191 -7.8067474 4.050354
-12.988449 -7.9924164 3.671875
-13.005112 -8.092392 3.3148193
-12.9717865 -8.168564 3.0601196
-12.771835 -8.128098 2.7792358
-12.600449 -8.173325 2.6554565
-12.343369 -8.087631 2.684021
-12.0482025 -7.911484 2.6554565
-11.831589 -7.6996307 2.8220825
-11.58165 -7.3830414 2.9077759
-11.331711 -6.975998 2.8554077
-11.124619 -6.7022552 2.6292725
-10.910385 -6.423752 2.3769531
-10.710434 -6.1904755 2.0079956
-10.472397 -5.9452972 1.7628174
-10.179611 -5.8643646 1.5771484
-9.898727 -5.8119965 1.3010254
-9.72496 -5.7810516 1.105835
-9.503586 -5.7858124 0.93444824
-9.317917 -5.802475 0.76782227
-9.234604 -5.7810516 0.8154297
-9.010849 -5.7810516 0.8630371
-8.856125 -5.776291 0.77020264
-8.858505 -5.752487 0.9534912
-8.782333 -5.647751 1.0058594
-8.727585 -5.5477753 1.1677246
-8.784714 -5.4001923 1.1653442
-8.898972 -5.307358 0.99871826
-9.096542 -5.185959 0.8059082
-9.2322235 -5.121689 0.5654907
-9.427414 -5.1335907 0.46551514
-9.517868 -5.045517 0.3774414
-9.470261 -5.078842 0.32507324
-9.429794 -5.0288544 0.2965088
-9.444077 -5.0669403 0.33935547
-9.384567 -5.078842 0.246521
-9.52739 -5.0955048 0.053710938
-9.832077 -5.32164 -0.45568848
-10.731857 -5.6406097 -0.29382324
-11.298386 -4.8241425 0.40124512
-10.674728 -3.9243622 1.9603882
-9.501205 -3.5649261 4.1955566
-9.056076 -3.5149384 5.4143066
-8.872787 -3.5054169 5.840393
-9.203659 -2.8436737 5.9522705
-9.627365 -2.0867157 5.300049
-9.901108 -2.0272064 4.5930786
-10.034409 -2.0748138 4.0908203
-9.884445 -2.081955 3.5385742
-9.636887 -2.0581512 3.1624756
-9.498825 -2.1390839 2.9815674
-9.501205 -2.4199677 2.7340088
-9.417892 -2.7841644 2.4674072
-9.46788 -3.0602875 2.157959
-9.505966 -3.262619 1.9127808
-9.377426 -3.4649506 1.7128296
-9.160812 -3.5815887 1.5414429
-9.241745 -3.667282 1.3057861
-9.296494 -3.7196503 1.0844116
-9.422653 -3.7006073 0.95825195
-9.558334 -3.6006317 0.8535156
-9.663071 -3.5530243 0.81781006
-9.52739 -3.531601 0.772583
-9.458359 -3.5625458 0.8201904
-9.40361 -3.5744476 0.7321167
-9.408371 -3.6268158 0.6916504
-9.382187 -3.705368 0.6583252
-9.372665 -3.750595 0.56073
-9.33696 -3.8957977 0.46551514
-9.310776 -3.993393 0.35839844
-9.344101 -4.0552826 0.2703247
-9.303635 -4.0338593 0.22747803
-9.217941 -4.114792 0.20843506
-9.260788 -4.140976 0.1798706
-9.277451 -3.9981537 0.19177246
-9.253647 -4.090988 0.18939209
-9.2108 -4.2671356 0.12750244
-9.182236 -4.2957 0.20129395
-9.213181 -4.326645 0.2703247
-9.267929 -4.1909637 0.35839844
-9.303635 -4.140976 0.46313477
-9.363144 -4.1052704 0.45837402
-9.334579 -4.0671844 0.49884033
-9.477402 -4.031479 0.5155029
-9.686874 -3.8053436 0.6987915
-9.891586 -3.474472 0.9130249
-9.832077 -3.2269135 1.3129272
-9.627365 -3.069809 1.6890259
-9.429794 -2.9841156 2.0627441
-9.258408 -2.960312 2.2984009
-9.246506 -2.8936615 2.2507935
-9.365524 -2.9698334 2.2269897
-9.4631195 -3.0341034 2.0960693
-9.522629 -3.1055145 1.9675293
-9.570236 -3.1769257 1.9104004
-9.503586 -3.2078705 1.9389648
-9.455978 -3.198349 2.0056152
-9.408371 -3.1840668 1.9437256
-9.439316 -3.1197968 1.9294434
-9.436935 -3.1935883 1.8818359
-9.441696 -3.2197723 1.8128052
-9.479782 -3.2840424 1.7390137
-9.446457 -3.372116 1.65094
-9.453598 -3.429245 1.5771484
-9.453598 -3.5720673 1.5747681
-9.446457 -3.6172943 1.4414673
-9.377426 -3.6720428 1.3843384
-9.417892 -3.6625214 1.3581543
-9.455978 -3.7196503 1.2748413
-9.432175 -3.7220306 1.2367554
-9.446457 -3.7125092 1.2296143
-9.425034 -3.8124847 1.1867676
-9.451218 -3.84581 1.1296387
-9.40123 -3.8243866 1.1653442
-9.427414 -3.8172455 1.1296387
-9.436935 -3.7220306 1.1248779
-9.422653 -3.6458588 1.0986938
-9.363144 -3.5411224 1.1486816
-9.351242 -3.4316254 1.2677002
-9.317917 -3.3483124 1.3652954
-9.310776 -3.3506927 1.317688
-9.294113 -3.3625946 1.4890747
-9.3155365 -3.4125824 1.4557495
-9.356003 -3.4601898 1.446228
-9.363144 -3.5268402 1.446228
-9.40361 -3.5792084 1.5009766
-9.477402 -3.6529999 1.4914551
-9.434555 -3.6363373 1.5128784
-9.453598 -3.6577606 1.5723877
-9.477402 -3.6553802 1.658081
-9.434555 -3.6625214 1.6676025
-9.439316 -3.6887054 1.71521
-9.446457 -3.6553802 1.6985474
-9.422653 -3.576828 1.6271362
-9.382187 -3.5863495 1.6604614
-9.40361 -3.4768524 1.6604614
-9.325058 -3.5006561 1.6723633
-9.298874 -3.5244598 1.6557007
-9.291733 -3.5649261 1.6533203
-9.320297 -3.5887299 1.6033325
-9.308395 -3.5934906 1.5343018
-9.341721 -3.6553802 1.5961914
-9.3155365 -3.7577362 1.612854
-9.358383 -3.7910614 1.4795532
-9.3988495 -3.8505707 1.4438477
-9.420273 -3.8505707 1.3843384
-9.405991 -3.8577118 1.3486328
-9.422653 -3.898178 1.3771973
-9.348862 -3.84581 1.362915
-9.365524 -3.852951 1.3724365
-9.372665 -3.8291473 1.427185
-9.3988495 -3.6934662 1.4319458
Time Stop = 5731
