Time Start = 5922
3.4765778 -3.1459808 11.717529
2.7553253 -1.056015 10.222656
1.5389557 -0.38475037 10.584473
0.4582672 0.3507843 11.231934
-0.06541443 0.85066223 11.569946
0.24403381 1.048233 11.074829
1.3009186 1.2100983 9.813232
2.3578033 0.4245758 8.534973
3.1361847 -1.0012665 7.604248
3.4503937 -2.1152802 7.23291
3.3742218 -2.8531952 6.8615723
3.0171661 -3.0079193 6.635437
2.6006012 -2.8698578 7.066284
2.2316437 -3.9767303 8.0112915
2.124527 -5.3835297 8.894409
2.1530914 -6.0095673 8.8515625
2.041214 -6.230942 8.225525
2.0174103 -6.3642426 8.089844
1.9555206 -5.866745 8.318359
2.105484 -5.0812225 8.880127
2.6386871 -4.2909393 9.698975
3.3337555 -3.6196747 10.410706
3.68367 -2.7579803 10.241699
3.9693146 -2.2795258 10.132202
3.8740997 -2.312851 9.720398
3.5836945 -2.608017 9.127686
3.036209 -3.1436005 8.687317
2.503006 -3.8362885 8.570679
2.0531158 -4.1695404 8.096985
1.5865631 -3.6387177 7.2614746
0.9771881 -3.1316986 7.3685913
0.42256165 -3.153122 8.32312
0.30116272 -3.531601 9.120544
0.739151 -4.012436 9.579956
1.3128204 -4.3385468 9.441895
1.6579742 -4.4956512 9.280029
1.6127472 -4.4123383 9.125305
1.4699249 -4.0171967 8.865845
1.4699249 -3.9791107 8.880127
1.5651398 -3.9053192 8.665894
1.7293854 -3.7553558 8.382629
1.8841095 -3.9029388 8.658752
1.9698029 -3.852951 8.684937
2.1292877 -3.6815643 8.625427
2.131668 -3.3744965 8.632568
2.0507355 -3.0745697 8.563538
1.7888947 -2.7460785 8.880127
1.5627594 -2.865097 9.130066
1.496109 -3.422104 9.372864
1.5841827 -4.0148163 9.449036
1.681778 -4.269516 9.210999
1.7579498 -4.307602 9.068176
1.9293365 -4.1052704 8.956299
2.2602081 -3.8291473 9.294312
2.4744415 -3.4244843 9.256226
2.650589 -3.1007538 9.15863
2.6267853 -3.0674286 9.256226
2.567276 -3.1697845 9.280029
2.5196686 -3.2911835 9.196716
2.503006 -3.4078217 9.134827
2.5149078 -3.5149384 9.058655
2.438736 -3.422104 8.911072
2.279251 -3.2959442 8.889648
2.1031036 -3.2150116 8.784912
2.086441 -3.2078705 8.908691
2.253067 -3.3887787 9.199097
2.3697052 -3.5458832 9.237183
2.4411163 -3.7196503 9.241943
2.426834 -3.750595 9.322876
2.362564 -3.6815643 9.215759
2.374466 -3.5792084 9.139587
2.374466 -3.4435272 8.927734
2.4244537 -3.3935394 8.846802
2.4911041 -3.519699 9.001526
2.4673004 -3.6268158 9.325256
2.5125275 -3.8362885 9.944153
2.7315216 -3.9076996 9.932251
2.8672028 -4.6241913 10.294067
2.990982 -5.416855 10.1203
2.888626 -4.571823 8.244568
0.98908997 -3.5244598 10.88678
-1.0461273 -3.891037 14.121704
-0.20347595 -1.8558197 12.8125
0.9224396 -2.672287 12.774414
2.279251 -2.4461517 10.622559
3.157608 -2.1890717 8.046997
3.0957184 -2.331894 7.173401
2.3863678 -2.3414154 7.6256714
1.7317657 -3.531601 8.344543
1.8960114 -4.090988 8.1922
2.4958649 -4.762253 7.525696
3.1909332 -4.762253 6.7973022
3.5265656 -4.3385468 6.899658
3.498001 -3.6172943 7.3828735
3.3980255 -3.0102997 7.816101
3.3766022 -2.6127777 7.87323
3.3980255 -2.7484589 7.8113403
3.4194489 -3.0864716 7.7684937
3.3789825 -3.6315765 7.6518555
3.1623688 -4.03862 7.763733
2.8838654 -4.250473 7.9660645
2.510147 -4.0790863 8.206482
2.2602081 -3.8957977 8.539734
2.1150055 -3.7672577 8.758728
1.9507599 -3.7982025 9.065796
1.7579498 -3.8196259 9.21814
1.6079865 -3.8696136 9.28717
1.5246735 -4.1076508 9.253845
1.5318146 -4.212387 9.122925
1.6222687 -4.1314545 8.930115
1.7174835 -3.9196014 8.968201
1.9150543 -3.6910858 8.894409
2.0554962 -3.583969 8.870605
2.1530914 -3.5006561 8.561157
2.20784 -3.6268158 8.720642
2.0912018 -3.929123 9.09198
1.7936554 -4.0029144 9.310974
1.1390533 -3.6172943 9.658508
0.1464386 -4.5623016 11.746094
-0.65812683 -4.628952 12.881531
-0.1582489 -5.135971 12.94104
0.93196106 -5.328781 11.822266
1.7103424 -5.200241 10.579712
2.0888214 -4.200485 8.994385
2.4601593 -2.7508392 7.630432
2.2840118 -1.5773163 7.4733276
1.5032501 -1.3797455 8.477844
0.9962311 -2.4199677 9.3966675
1.0057526 -3.981491 9.380005
1.1604767 -5.2859344 9.341919
1.3723297 -5.8953094 8.573059
1.3152008 -5.745346 8.3255005
1.1319122 -4.8955536 8.594482
1.2271271 -3.9886322 8.761108
1.5032501 -3.5911102 8.987244
1.8626862 -3.686325 9.15625
2.0935822 -3.8886566 8.9991455
2.1768951 -3.97435 8.868225
2.2006989 -4.155258 8.606384
2.2697296 -4.2957 8.087463
2.2816315 -4.4266205 7.4971313
2.2435455 -4.893173 7.4019165
2.2126007 -5.0740814 7.199585
2.1983185 -4.8312836 7.263855
2.1792755 -4.5242157 7.8589478
2.343521 -4.243332 8.70874
2.6482086 -3.8862762 9.080078
2.9862213 -3.4387665 8.958679
3.1100006 -3.4340057 8.872986
3.1909332 -3.6172943 8.737305
3.1409454 -3.8672333 8.139832
2.9957428 -4.2457123 7.835144
2.7815094 -4.697983 7.6137695
2.6910553 -5.007431 7.7161255
2.586319 -4.9074554 8.037476
2.5577545 -4.314743 8.2421875
2.6839142 -3.7339325 8.475464
2.7957916 -3.2483368 8.399292
2.8600616 -3.069809 8.437378
2.9624176 -3.4173431 8.646851
2.9409943 -4.0171967 8.64209
2.919571 -4.333786 8.456421
2.7743683 -4.5170746 8.368347
2.586319 -4.55278 8.408813
2.4863434 -4.262375 8.354065
2.4363556 -4.019577 8.475464
2.483963 -3.8124847 8.565918
2.4815826 -3.7125092 8.606384
2.3411407 -3.814865 8.799194
2.2197418 -3.864853 8.987244
2.1150055 -3.9219818 9.080078
1.976944 -3.8243866 8.894409
1.7865143 -3.8362885 8.687317
1.6603546 -4.0981293 8.520691
1.6889191 -4.3242645 8.608765
1.7627106 -4.602768 9.2229
1.8579254 -4.9145966 9.934631
1.560379 -4.6527557 10.727295
1.3651886 -3.6553802 10.553528
0.42256165 -3.583969 13.350464
0.6225128 -3.0174408 13.683716
1.0581207 -2.49852 12.531616
1.6865387 -2.9579315 11.346191
2.4530182 -2.8936615 9.308594
2.8933868 -2.6746674 7.770874
2.5886993 -2.698471 8.025574
1.9983673 -3.5934906 9.191956
1.8484039 -3.614914 8.884888
1.7579498 -4.3766327 8.475464
2.0293121 -4.7170258 7.6851807
2.2863922 -4.628952 7.2852783
2.3006744 -4.1909637 7.6899414
2.2506866 -3.5292206 8.156494
2.188797 -3.069809 8.565918
2.2197418 -2.9150848 8.758728
2.33638 -3.255478 9.018188
2.4101715 -3.7839203 8.989624
2.4673004 -4.0933685 8.653992
2.4411163 -4.3742523 8.480225
2.4244537 -4.3885345 8.594482
2.4411163 -4.2528534 8.5373535
2.3792267 -4.0862274 8.651611
2.3601837 -3.8957977 8.632568
2.4315948 -3.9053192 8.646851
2.4149323 -3.864853 8.684937
2.3197174 -3.8672333 8.730164
2.33638 -3.9957733 8.863464
2.393509 -4.4385223 9.034851
2.5315704 -4.781296 8.846802
2.5553741 -4.8241425 8.534973
2.4792023 -4.697983 8.408813
2.438736 -4.5504 8.596863
2.457779 -4.4266205 8.7872925
2.5910797 -4.2718964 8.911072
2.5982208 -4.140976 8.870605
2.5434723 -4.03862 8.70874
2.4339752 -3.9410248 8.775391
2.2554474 -3.814865 8.725403
2.1530914 -3.871994 8.820618
2.1554718 -4.0481415 8.887268
2.2887726 -4.1623993 8.875366
2.3720856 -4.140976 8.839661
2.3673248 -4.140976 8.953918
2.2840118 -4.057663 8.949158
2.2126007 -3.91008 8.968201
2.181656 -3.8410492 8.918213
2.0388336 -3.8791351 8.839661
1.9269562 -3.9981537 8.949158
1.7746124 -3.9957733 8.953918
1.7174835 -3.9315033 8.83252
1.7317657 -3.9148407 8.980103
1.893631 -4.012436 9.108643
2.0197906 -4.005295 9.213379
2.1221466 -3.948166 9.251465
2.1483307 -3.8767548 9.241943
2.0459747 -3.7529755 9.234802
1.9793243 -3.7196503 9.206238
1.9436188 -3.8053436 9.172913
1.9221954 -3.807724 9.046753
1.9864655 -4.019577 9.106262
2.041214 -4.2338104 9.013428
2.048355 -4.402817 8.870605
2.0078888 -4.500412 8.958679
1.976944 -4.4837494 8.908691
2.048355 -4.3766327 9.084839
2.1197662 -4.2076263 9.101501
2.1388092 -3.9862518 9.008667
2.1126251 -3.898178 9.001526
2.0293121 -4.03862 8.853943
1.9793243 -4.212387 8.730164
2.0745392 -4.3742523 8.661133
2.1007233 -4.4789886 8.630188
2.0888214 -4.4789886 8.653992
2.0507355 -4.3694916 8.618286
2.0959625 -4.171921 8.618286
2.0793 -4.133835 8.723022
2.0697784 -4.2100067 8.792053
2.0364532 -4.2742767 8.77301
2.0197906 -4.326645 8.863464
1.9459991 -4.352829 8.811096
1.9079132 -4.4337616 8.715881
1.9102936 -4.405197 8.592102
1.8388824 -4.390915 8.670654
1.7246246 -4.2790375 8.699219
1.6413116 -4.1005096 8.725403
1.6294098 -3.9457855 8.739685
1.5651398 -3.8957977 8.83728
1.496109 -3.8434296 8.794434
1.5199127 -3.8505707 8.83728
1.4746857 -3.8957977 8.803955
1.4889679 -3.8577118 8.711121
1.4556427 -3.9267426 8.470703
1.450882 -3.898178 8.38739
1.3699493 -3.8481903 8.280273
1.2961578 -3.7767792 8.375488
1.2271271 -3.833908 8.90155
1.284256 -4.1124115 9.827515
1.284256 -4.4956512 10.451172
1.2556915 -4.590866 10.296448
0.8486481 -3.641098 9.096741
-0.9152069 -3.6744232 10.862976
-2.2553558 -4.031479 14.41449
-2.2672577 -2.6627655 13.681335
-1.5483856 -2.2819061 12.098389
-0.034469604 -2.0081635 9.077698
1.1819 -2.3152313 7.1400757
1.4889679 -3.3697357 7.756592
1.3461456 -4.9384003 9.441895
1.0890656 -5.0217133 8.89917
0.7415314 -5.495407 8.742065
0.9629059 -5.0812225 8.396912
1.5865631 -4.152878 7.7232666
2.1578522 -3.5411224 7.975586
2.612503 -3.3316498 8.354065
2.9552765 -3.243576 8.423096
3.0600128 -3.5411224 8.232666
3.029068 -4.0862274 8.023193
2.8219757 -4.557541 7.8589478
2.5506134 -4.845566 7.842285
2.4744415 -5.019333 7.7542114
2.510147 -5.269272 7.8375244
2.522049 -5.290695 8.077942
2.4077911 -5.166916 8.287415
2.2673492 -5.1002655 8.425476
2.105484 -4.9264984 8.523071
1.9150543 -5.0050507 8.563538
1.8983917 -5.2621307 8.761108
1.9436188 -5.5287323 8.64447
2.0102692 -5.628708 8.456421
2.131668 -5.5549164 8.232666
2.1292877 -5.5311127 8.292175
2.1554718 -5.454941 8.530212
2.1292877 -5.2216644 8.539734
2.1126251 -5.038376 8.623047
2.124527 -5.0312347 8.718262
2.2173615 -4.981247 8.637329
2.195938 -4.9788666 8.64209
2.124527 -4.9669647 8.5563965
2.0816803 -4.9336395 8.342163
1.9745636 -4.864609 8.125549
1.9626617 -4.912216 7.9351196
1.9507599 -4.9145966 7.8494263
2.0055084 -4.7027435 7.816101
2.0769196 -4.3171234 7.8827515
2.0840607 -4.136215 8.1588745
2.1911774 -3.9196014 8.249329
2.3887482 -3.8838959 8.363586
2.4887238 -4.1243134 8.77063
2.5791779 -4.155258 8.9991455
2.5434723 -4.1504974 9.037231
2.2173615 -4.23143 9.272888
1.3747101 -3.3578339 8.461182
-0.041610718 -3.7220306 10.722534
-0.8271332 -4.148117 12.933899
-0.92710876 -4.916977 13.531372
-0.23442078 -5.052658 11.412842
0.80818176 -4.916977 8.992004
1.6341705 -4.828903 8.116028
1.912674 -4.114792 7.847046
1.5532379 -3.686325 8.599243
1.0366974 -3.788681 9.4609375
0.81056213 -4.071945 9.294312
0.9629059 -4.4266205 8.275513
1.1533356 -5.0217133 8.211243
1.5175323 -5.0502777 7.866089
1.7603302 -4.655136 7.7994385
1.8341217 -4.2742767 8.342163
1.9626617 -3.9576874 8.658752
2.2625885 -3.6958466 8.872986
2.6196442 -3.6577606 8.680176
2.8505402 -3.8481903 8.530212
2.8767242 -4.0433807 8.294556
2.7315216 -4.1052704 8.156494
2.5268097 -4.2147675 8.235046
2.4315948 -4.443283 8.380249
2.4863434 -4.7860565 8.477844
2.6482086 -4.9384003 8.570679
2.733902 -4.931259 8.551636
2.6839142 -4.845566 8.532593
2.6529694 -4.67894 8.477844
2.650589 -4.7098846 8.370728
2.6386871 -4.7027435 8.525452
2.631546 -4.74559 8.565918
2.7053375 -4.762253 8.670654
2.7362823 -4.7741547 8.8349
2.6172638 -4.7075043 8.83252
2.5125275 -4.5932465 8.856323
2.4744415 -4.628952 8.720642
2.4292145 -4.6051483 8.661133
2.483963 -4.602768 8.677795
2.5077667 -4.467087 8.639709
2.4482574 -4.4004364 8.542114
2.457779 -4.23143 8.406433
2.4339752 -4.2100067 8.587341
2.4149323 -4.276657 8.668274
2.3720856 -4.23143 8.489746
2.3244781 -4.314743 8.625427
2.3197174 -4.386154 8.627808
2.381607 -4.2790375 8.699219
2.586319 -4.2861786 8.96106
2.6839142 -4.243332 9.02533
2.7934113 -4.1314545 8.994385
2.824356 -4.136215 8.932495
2.7505646 -4.224289 8.951538
2.5577545 -4.3290253 8.742065
2.3768463 -4.3290253 8.554016
2.245926 -4.3694916 8.496887
2.1840363 -4.3766327 8.415955
2.1721344 -4.417099 8.468323
2.2006989 -4.3885345 8.561157
2.226883 -4.4528046 8.687317
2.1554718 -4.402817 8.732544
2.162613 -4.35997 8.727783
2.1554718 -4.462326 8.737305
2.162613 -4.4908905 8.632568
2.1459503 -4.557541 8.551636
2.1792755 -4.7265472 8.5373535
2.1411896 -4.724167 8.520691
2.2102203 -4.5408783 8.392151
2.2483063 -4.4266205 8.299316
2.2578278 -4.4908905 8.408813
2.2054596 -4.5361176 8.437378
2.1721344 -4.5289764 8.456421
2.1578522 -4.512314 8.732544
2.1649933 -4.5623016 8.889648
2.2054596 -4.557541 9.137207
2.2673492 -4.5027924 9.177673
2.2506866 -4.6075287 9.237183
2.253067 -4.80986 9.163391
2.253067 -4.9479218 8.8349
2.162613 -5.1193085 8.668274
1.9317169 -5.102646 8.501648
1.791275 -4.9598236 8.51355
1.6579742 -5.0169525 8.630188
1.6674957 -5.0931244 8.637329
1.8246002 -5.033615 8.508789
1.9198151 -5.1050262 8.482605
2.022171 -5.271652 8.499268
2.1864166 -5.224045 8.38739
2.1602325 -5.057419 8.237427
2.0888214 -4.9026947 8.404053
2.0269318 -4.74559 8.287415
2.0078888 -4.621811 8.287415
1.976944 -4.6051483 8.32074
1.893631 -4.5813446 8.368347
1.8698273 -4.4528046 8.32074
1.8079376 -4.4718475 8.51355
1.8079376 -4.333786 8.482605
1.7246246 -4.3242645 8.504028
1.7174835 -4.348068 8.413574
1.6698761 -4.417099 8.439758
1.5389557 -4.469467 8.373108
1.4389801 -4.448044 8.19458
1.329483 -4.3885345 8.337402
1.3199615 -4.3504486 9.015808
1.3770905 -4.3575897 9.741821
1.5484772 -4.3433075 10.110779
1.4532623 -3.91008 10.610657
1.072403 -3.0436249 10.862976
0.23451233 -3.0936127 13.171936
0.072647095 -2.0319672 13.036255
0.075027466 -1.7106171 12.733948
0.46302795 -2.0034027 11.441406
1.1652374 -2.3223724 8.906311
1.7127228 -3.0840912 7.604248
1.6532135 -4.200485 8.213623
1.4746857 -5.4906464 9.249084
1.4461212 -5.6715546 8.942017
1.3770905 -5.621567 8.382629
1.5841827 -5.1264496 7.951782
2.086441 -4.4456635 7.6637573
2.5077667 -4.0219574 7.9208374
2.8862457 -3.8743744 8.265991
3.002884 -3.8791351 8.399292
3.0385895 -4.1052704 8.254089
2.990982 -4.307602 7.949402
2.817215 -4.6265717 7.687561
2.7267609 -5.250229 7.713745
2.6862946 -5.5549164 7.675659
2.612503 -5.435898 7.4661865
2.3125763 -4.9788666 7.3566895
1.9626617 -4.6194305 7.732788
1.7412872 -4.2528534 8.163635
1.6960602 -4.250473 8.596863
1.681778 -4.6122894 8.96344
1.6698761 -4.962204 8.715881
1.6579742 -5.162155 8.356445
1.6175079 -5.1907196 8.139832
1.6698761 -5.1264496 7.892273
1.7531891 -4.912216 7.778015
1.8603058 -4.8765106 7.9089355
1.9817047 -4.8955536 8.032715
2.124527 -4.7551117 8.016052
2.1340485 -5.076462 8.432617
1.9221954 -4.9669647 8.96582
1.2985382 -4.007675 8.337402
-0.26060486 -2.8508148 9.532349
-1.826889 -3.2007294 12.293579
-2.660019 -3.2983246 13.193359
-2.28154 -3.8624725 11.691345
-1.5269623 -5.6144257 11.577087
-0.079696655 -6.771286 11.184326
1.4675446 -6.952194 9.487122
2.5244293 -6.290451 8.763489
2.7481842 -5.2811737 8.5373535
2.7172394 -4.0481415 8.1779175
2.6862946 -3.1102753 8.206482
2.7767487 -2.8627167 8.199341
2.8957672 -2.9555511 8.073181
2.8219757 -3.3292694 7.899414
2.4553986 -3.7743988 7.823242
2.0935822 -4.110031 7.430481
1.5960846 -4.307602 6.5473633
2.6029816 -4.129074 7.9732056
0.5987091 -4.450424 7.539978
1.2080841 -4.0933685 11.248596
4.1621246 -3.936264 7.5828247
4.5334625 -3.9148407 4.7144775
3.4384918 -4.2980804 4.1884155
2.2245026 -4.6241913 4.6026
Time Stop = 5927
