Time Start = 5213
-1.0366058 2.18367 9.0824585
-0.58909607 2.036087 9.106262
-0.40104675 2.1194 9.318115
-0.58909607 2.2693634 9.384766
-0.83665466 2.293167 9.344299
-0.91044617 2.2812653 9.172913
-0.80570984 2.1598663 9.041992
-0.60575867 2.0979767 9.111023
-0.55101013 2.0694122 9.058655
-0.5129242 2.1432037 9.130066
-0.47483826 2.1408234 9.234802
-0.41532898 2.1479645 9.172913
-0.3724823 2.0717926 9.070557
-0.33439636 2.05513 9.041992
-0.3153534 2.062271 9.037231
-0.28678894 2.062271 9.020569
-0.30345154 2.0218048 9.02771
-0.28678894 1.9670563 8.956299
-0.2320404 1.8980255 8.830139
-0.248703 1.9027863 8.749207
-0.16300964 1.9575348 8.625427
-0.1415863 1.9956207 8.51593
-0.039230347 2.0694122 8.32312
0.08454895 2.0765533 8.137451
0.14881897 2.1289215 7.880371
0.32972717 2.093216 7.687561
0.38209534 2.138443 7.430481
0.4416046 2.062271 7.135315
0.49635315 2.0955963 6.854431
0.4273224 2.009903 6.685425
0.37019348 1.8170929 6.518799
0.4582672 1.695694 6.3807373
0.5011139 1.4695587 6.185547
0.44636536 1.3719635 6.159363
0.41542053 1.3124542 5.6761475
0.42494202 0.98158264 5.549988
0.43684387 0.06990051 4.845398
0.25117493 -0.5204315 4.2907715
0.005996704 -1.0036469 4.3479004
-0.5557709 -1.2440643 4.531189
-1.3984222 -1.2654877 4.814453
-2.0792084 -0.7108612 4.8311157
-2.6195526 0.14369202 4.800171
-2.9575653 1.0815582 4.819214
-3.1527557 1.8861237 4.723999
-3.1979828 2.2884064 4.735901
-3.0861053 2.645462 4.557373
-3.0551605 2.6859283 4.2645874
-3.3431854 2.4835968 3.7575684
-3.962082 2.24794 3.0910645
-4.8951874 2.0979767 2.4245605
-6.202011 1.740921 1.8270874
-7.632614 0.98158264 1.3890991
-9.286972 -0.099105835 1.234375
-10.662827 -1.4821014 0.78686523
-7.5969086 -4.133835 -0.041503906
-11.32695 -3.338791 -0.8508301
-16.301926 -4.398056 -0.81036377
-18.394272 -4.8765106 -4.673706
-19.671936 -4.8884125 -6.232849
-19.591599 -6.2999725 -4.590393
-17.470688 -7.3901825 -2.5099487
-15.928207 -7.330673 -1.2150269
-15.656845 -7.283066 -0.3461914
-16.094833 -6.995041 -0.2557373
-16.632797 -6.7046356 -0.6104126
-16.547104 -6.721298 -1.119812
-16.211472 -6.7355804 -1.6482544
-15.961533 -6.6284637 -1.7363281
-15.75206 -6.2737885 -1.5697021
-15.416428 -5.552536 -1.1555176
-15.156967 -4.6837006 -0.7080078
-15.068893 -3.8743744 -0.32476807
-14.804672 -3.262619 -0.25097656
-14.566635 -2.8103485 -0.3723755
-14.173874 -2.8412933 -0.7817993
-13.823959 -3.0840912 -1.2412109
-13.735886 -3.5292206 -1.6054077
-13.800156 -4.16716 -1.998169
-14.095322 -4.9217377 -2.2766724
-14.352402 -5.45018 -2.7670288
-14.519028 -5.995285 -3.269287
-14.59758 -6.457077 -3.878662
-14.323837 -6.8117523 -4.1690674
-13.63353 -7.035507 -4.495178
-12.957504 -7.2235565 -4.3309326
-12.271957 -7.354477 -4.154785
-11.526901 -7.475876 -3.7072754
-10.700912 -7.6091766 -3.197876
-9.960617 -7.585373 -2.4504395
-8.968002 -7.2735443 -2.1219482
-7.9872894 -6.6332245 -1.8482056
-7.125595 -5.911972 -1.4506836
-6.4662323 -5.2526093 -1.222168
-6.035385 -4.7408295 -0.86273193
-5.892563 -4.514694 -0.37713623
-6.073471 -4.526596 -0.15338135
-6.573349 -4.7670135 0.08703613
-7.2231903 -5.135971 0.0013427734
-7.8801727 -5.6001434 -0.1986084
-8.44194 -5.9095917 -0.7817993
-8.848984 -6.033371 -1.5125732
-9.113205 -6.0547943 -1.8482056
-9.265549 -6.0738373 -1.8839111
-9.165573 -6.085739 -1.6625366
-8.796616 -6.0048065 -1.3745117
-8.420517 -5.9143524 -1.1031494
-8.194382 -5.8262787 -0.98413086
-8.018234 -5.757248 -0.91986084
-8.037277 -5.7239227 -0.7270508
-8.12059 -5.6382294 -0.56518555
-8.05632 -5.495407 -0.7151489
-8.061081 -5.1931 -0.67230225
-8.1800995 -5.0026703 -0.87701416
-8.270554 -4.80748 -0.95080566
-8.4752655 -4.7360687 -1.074585
-8.646652 -4.814621 -1.2055054
-8.884689 -5.014572 -0.7984619
-9.091782 -5.2478485 -0.4866333
-9.032272 -5.3502045 -0.49853516
-8.979904 -5.283554 -0.68896484
-9.236984 -5.12883 -0.9579468
-9.689255 -5.071701 -1.2316895
-10.241501 -5.0740814 -1.0722046
-10.565231 -5.140732 -0.9817505
-10.853256 -5.1050262 -1.0460205
-11.293625 -5.0431366 -1.0650635
-11.83873 -4.9598236 -1.1793213
-12.41716 -4.814621 -1.3411865
-12.897995 -4.7598724 -1.5316162
-13.276474 -4.6717987 -1.7601318
-13.471664 -4.659897 -1.8505859
-13.521652 -4.6527557 -1.8934326
-13.595444 -4.5480194 -1.710144
-13.643051 -4.5027924 -1.6220703
-13.671616 -4.3290253 -1.5554199
-13.852524 -4.0362396 -1.350708
-14.088181 -3.7482147 -1.3649902
-14.304794 -3.603012 -1.0793457
-14.071518 -3.6458588 -0.86987305
-13.25267 -3.8577118 -0.6746826
-12.083908 -4.1433563 -0.6175537
-11.055588 -4.4075775 -0.6080322
-10.112961 -4.6075287 -0.53186035
-9.175095 -4.7027435 -0.5199585
-8.275314 -4.762253 -0.5509033
-7.4755096 -4.7146454 -0.72943115
-7.0708466 -4.5813446 -0.81988525
-7.2065277 -4.3504486 -0.73657227
-7.804001 -4.0790863 -0.6175537
-8.56572 -3.9124603 -0.53900146
-8.991806 -3.8029633 -0.71990967
-9.163193 -3.8386688 -0.90319824
-9.127487 -3.97435 -1.0864868
-9.286972 -3.9838715 -1.2316895
-9.584518 -4.052902 -1.4316406
-10.032028 -4.1171722 -1.5720825
-10.403366 -4.1838226 -1.793457
-10.584274 -4.0790863 -1.8648682
-10.443832 -3.7315521 -1.9815063
-10.0082245 -3.179306 -1.9196167
-9.663071 -2.3890228 -1.7910767
-9.417892 -1.6106415 -1.4078369
-9.198898 -1.1226654 -0.6984863
-8.775192 -1.0084076 -0.2557373
-8.24913 -1.0345917 0.0013427734
-7.6730804 -1.1750336 0.091796875
-7.273178 -1.2845306 0.022766113
-6.8708954 -1.4868622 -0.058166504
-6.585251 -1.66539 -0.23431396
-6.4210052 -1.851059 -0.44140625
-6.335312 -2.0938568 -0.5461426
-6.406723 -2.5032806 -0.6008911
-6.4305267 -2.8222504 -0.6175537
-6.4733734 -3.0079193 -0.70562744
-6.5066986 -3.0650482 -0.66516113
-6.470993 -3.0150604 -0.61279297
-6.585251 -2.9531708 -0.43188477
-6.8851776 -2.8079681 -0.37713623
-7.2612762 -2.5937347 -0.39855957
-7.777817 -2.467575 -0.39855957
-8.482407 -2.4532928 -0.3128662
-9.270309 -2.4437714 -0.2319336
-10.022507 -2.4818573 -0.22479248
-10.767563 -2.4889984 -0.34381104
-11.500717 -2.448532 -0.7103882
-11.96489 -2.4390106 -1.0912476
-12.357651 -2.467575 -1.3816528
-12.698044 -2.4699554 -1.4935303
-12.900375 -2.6484833 -1.2983398
-12.869431 -2.910324 -1.1079102
-12.936081 -3.2507172 -0.907959
-13.162216 -3.5530243 -0.9151001
-13.607346 -3.762497 -1.0222168
-14.012009 -3.9862518 -1.4602051
-14.178635 -4.1695404 -1.9243774
-14.059616 -4.3552094 -2.1814575
-13.550217 -4.6884613 -2.0791016
-12.495712 -5.231186 -1.7006226
-11.305527 -5.923874 -1.1959839
-10.120102 -6.521347 -0.81036377
-9.391708 -7.0640717 -0.4628296
-8.975143 -7.449692 -0.22717285
-8.844223 -7.663925 -0.22479248
-8.782333 -7.790085 -0.32476807
-8.782333 -7.6306 -0.15338135
-8.848984 -7.278305 0.17034912
-8.841843 -6.752243 0.80352783
-8.898972 -6.173813 1.0820313
-8.998947 -5.3049774 0.98443604
-9.294113 -4.469467 0.48693848
-9.708298 -3.667282 -0.19384766
-10.208176 -3.1626434 -0.6437378
-10.481918 -3.0460052 -0.9888916
-10.396225 -3.345932 -0.96032715
-9.8535 -3.8577118 -0.7341919
-9.182236 -4.3504486 -0.4866333
-8.522873 -4.7551117 -0.29144287
-8.046799 -5.0240936 -0.30096436
-7.79924 -5.1454926 -0.4866333
-7.7302094 -5.3121185 -0.49853516
-7.637375 -5.4073334 -0.5866089
-7.5207367 -5.481125 -0.40093994
-7.4183807 -5.635849 -0.08673096
-7.22081 -5.6453705 -0.05340576
-7.0327606 -5.621567 -0.2319336
-7.1089325 -5.5358734 -0.23669434
-7.356491 -5.4906464 -0.0914917
-7.6278534 -5.590622 0.11798096
-7.554062 -5.662033 0.24890137
-7.344589 -5.673935 0.37982178
-7.273178 -5.6406097 0.6726074
-7.2612762 -5.419235 0.56073
-7.4731293 -5.2811737 0.40124512
-7.98967 -5.1692963 0.21557617
-8.639511 -5.1931 -0.084350586
-9.353622 -5.359726 -0.33666992
-10.222458 -5.5763397 -0.5675659
-10.986557 -5.8191376 -0.7175293
-11.655441 -6.1404877 -0.677063
-12.176743 -6.407089 -0.73657227
-12.605209 -6.6403656 -0.66516113
-12.843246 -6.809372 -0.6246948
-12.947983 -6.906967 -0.59851074
-12.900375 -6.86174 -0.8960571
-13.076523 -6.7498627 -1.1793213
-13.616867 -6.699875 -1.4697266
-14.050095 -6.778427 -1.5578003
-13.978683 -6.9545746 -1.4435425
-13.526413 -7.2497406 -1.1959839
-12.752792 -7.3520966 -0.8651123
-11.707809 -7.2116547 -0.6508789
-10.5985565 -6.630844 -0.8651123
-9.886826 -5.881027 -1.3078613
-9.793991 -5.0431366 -1.8815308
-10.424789 -4.3385468 -2.2838135
-11.426926 -3.981491 -2.5408936
-12.014877 -3.891037 -2.7503662
-11.872055 -4.0148163 -2.7194214
-11.367416 -4.2338104 -2.421875
-11.034164 -4.364731 -2.043396
-11.272202 -4.3623505 -1.5887451
-11.783981 -4.288559 -1.2983398
-12.155319 -4.3123627 -1.2983398
-12.310043 -4.35997 -1.3530884
-12.145798 -4.307602 -1.5054321
-11.874435 -4.198105 -1.5078125
-11.486435 -3.9767303 -1.4435425
-11.148422 -3.7220306 -1.4102173
-10.946091 -3.493515 -1.434021
-10.679489 -3.262619 -1.4649658
-10.443832 -3.1436005 -1.5220947
-10.165329 -3.1555023 -1.5316162
-9.884445 -3.2292938 -1.5601807
-9.59166 -3.1935883 -1.5649414
-9.308395 -3.2316742 -1.5101929
-9.051315 -3.1555023 -1.5006714
-8.775192 -2.9531708 -1.4102173
-8.525253 -2.7556 -1.3150024
-8.284836 -2.6056366 -1.3483276
-7.970627 -2.4175873 -1.2197876
-7.6992645 -2.236679 -1.1888428
-7.356491 -2.070053 -1.1745605
-7.023239 -2.0224457 -1.0841064
-6.818527 -1.9177094 -0.9555664
-6.675705 -1.9438934 -0.7889404
-6.7375946 -2.0414886 -0.55566406
-6.9875336 -2.1152802 -0.1986084
-7.316025 -2.293808 0.03466797
-7.587387 -2.248581 -0.084350586
-7.792099 -2.1819305 -0.11291504
-8.049179 -2.1414642 -0.19384766
-8.232468 -2.0010223 -0.39379883
-8.401474 -1.9272308 -0.45092773
-8.525253 -1.8939056 -0.49853516
-8.496689 -1.9962616 -0.42236328
-8.56572 -2.0867157 -0.09625244
-8.739487 -2.2604828 0.22509766
-9.089401 -2.365219 0.5988159
-9.882065 -2.3295135 0.8463745
-10.710434 -2.293808 0.71069336
-11.45311 -2.1414642 0.37506104
-12.09343 -1.9724579 0.0013427734
-12.369553 -1.9224701 -0.14385986
-12.091049 -2.0938568 0.06561279
-11.231735 -2.4580536 0.66070557
-10.158188 -2.9317474 1.2081909
-9.027512 -3.512558 1.6676025
-8.194382 -3.9124603 1.8818359
-7.651657 -4.186203 1.9175415
-7.6088104 -4.429001 1.9960938
-7.92778 -4.6884613 2.241272
-8.546677 -4.893173 2.2507935
-9.310776 -5.078842 1.9746704
-9.984421 -5.1978607 1.1034546
-10.908005 -5.0621796 -0.27716064
-12.307663 -4.9193573 -1.6077881
-13.888229 -5.071701 -2.5218506
-14.764206 -5.685837 -3.2740479
-14.761826 -6.4285126 -3.7786865
-14.347641 -6.887924 -3.7763062
-13.854904 -6.9283905 -3.2740479
-13.326462 -6.5998993 -2.5147095
-12.845627 -6.1452484 -1.7339478
-12.267197 -5.583481 -0.9960327
-11.726852 -4.9407806 -0.4295044
-11.32457 -4.3433075 0.26556396
-10.843735 -3.9862518 0.77734375
-10.293869 -3.800583 0.9868164
-9.767807 -3.7125092 0.94158936
-9.439316 -3.6934662 0.6321411
-9.106064 -3.7386932 0.18701172
-8.7704315 -3.917221 -0.16766357
-8.334824 -4.1957245 -0.33428955
-7.806381 -4.5599213 -0.5175781
-7.432663 -5.00029 -0.58898926
-7.0946503 -5.495407 -0.8341675
-7.0113373 -5.8881683 -1.0460205
-7.020859 -6.290451 -1.3007202
-7.0779877 -6.66893 -1.5887451
-7.3207855 -7.014084 -1.7910767
-7.6659393 -7.252121 -1.8934326
-8.115829 -7.4663544 -1.9648438
-8.6418915 -7.661545 -1.8101196
-9.246506 -7.9543304 -1.8862915
-9.91301 -8.351852 -2.0862427
-10.636642 -8.682724 -2.171936
-11.219833 -8.875534 -2.1766968
-11.450729 -8.7827 -1.87677
-11.500717 -8.4423065 -1.2626343
-10.965134 -8.220932 -1.1983643
-11.2912445 -7.6901093 -1.434021
-12.405258 -7.3378143 -1.5006714
-13.588303 -7.418747 -1.581604
-14.169113 -8.054306 -1.5435181
-14.135788 -8.91124 -1.1531372
-13.576401 -9.639633 -0.84606934
-12.67424 -9.737228 -0.74609375
-11.898239 -9.0707245 -1.3435669
-11.71257 -8.030502 -2.0267334
-12.1577 -6.790329 -2.7717896
-12.905136 -5.6382294 -3.3049927
-13.57164 -4.87175 -3.345459
-13.712082 -4.4956512 -3.1621704
-13.557358 -4.4337616 -2.9526978
-13.502609 -4.538498 -2.7218018
-13.862045 -4.640854 -2.5980225
-14.607101 -4.7289276 -2.64563
-15.3259735 -4.7289276 -2.6884766
-15.733017 -4.583725 -2.6004028
-15.737778 -4.3504486 -2.3909302
-15.36644 -4.1171722 -2.081482
-14.8832245 -3.9219818 -1.8291626
-14.40477 -3.71727 -1.6149292
-13.962021 -3.5030365 -1.414978
-13.464523 -3.326889 -1.3578491
-12.990829 -3.1626434 -1.2007446
-12.600449 -2.9579315 -1.1174316
-12.295761 -2.7722626 -1.1674194
-12.062485 -2.6127777 -1.1412354
-11.772079 -2.4651947 -1.1697998
-11.460251 -2.1938324 -1.1531372
-11.017502 -1.7010956 -1.4554443
-10.562851 -1.0607758 -1.5744629
-10.141525 0.008010864 -1.6125488
-9.634506 1.1053619 -1.4863892
-9.01561 1.6885529 -1.3602295
-8.418137 1.99086 -1.1245728
-7.6397552 1.759964 -1.0960083
-7.0946503 1.1410675 -0.91748047
-6.789963 0.27937317 -0.91986084
-6.925644 -0.5727997 -0.9412842
-7.696884 -1.3321381 -1.0150757
-8.7061615 -1.7368011 -1.3864136
-9.577377 -1.5320892 -2.3814087
-9.97728 -1.2440643 -3.1883545
-9.808273 -0.87986755 -3.2740479
-8.960861 -0.4490204 -2.9265137
-7.723068 -0.23002625 -2.2600098
-6.637619 0.33888245 -1.6315918
-6.0496674 0.6483307 -0.677063
-5.994919 0.29603577 0.62976074
-6.266281 -0.032455444 1.6366577
-6.9803925 -0.5394745 2.445984
-7.7873383 -1.0988617 2.5483398
-8.76329 -1.2107391 1.658081
-9.891586 -1.2726288 0.31555176
-11.386459 -1.4035492 -1.1888428
-13.074142 -1.6296844 -2.7670288
-14.031052 -1.9843597 -2.974121
-13.12175 -3.0222015 -1.9077148
-11.2603 -4.133835 -0.49853516
-9.858261 -4.7336884 0.40124512
-9.496445 -4.93602 0.7416382
-10.129623 -4.74559 0.5845337
-11.541183 -3.9505463 -0.18908691
-13.214584 -2.9341278 -1.4006958
-14.676132 -1.8201141 -2.5337524
-15.278366 -1.0607758 -3.0217285
-14.942734 -1.0012665 -2.5789795
-14.059616 -1.4916229 -1.6744385
-13.388351 -2.3247528 -1.010315
-13.131271 -3.2078705 -0.6865845
-13.174118 -3.8315277 -0.7746582
-13.159836 -4.431381 -1.0531616
-12.978928 -4.8741302 -1.331665
-12.652817 -5.090744 -1.4006958
-12.374313 -5.2549896 -1.3459473
-12.357651 -5.3954315 -1.3911743
-12.3624115 -5.7239227 -1.6720581
-12.512375 -6.1523895 -2.0933838
-12.638535 -6.6522675 -2.6384888
-12.764694 -7.233078 -2.6694336
-12.683762 -7.6520233 -2.0600586
-11.960129 -7.997177 -1.6982422
-11.13652 -7.88768 -1.5697021
-10.572372 -7.4282684 -1.7077637
-10.379562 -6.7093964 -1.6934814
-10.201035 -6.2047577 -1.4387817
-9.822556 -5.9595795 -1.0936279
-9.239365 -6.1452484 -0.60565186
-8.710922 -6.4808807 -0.21765137
-8.156296 -6.804611 -0.18908691
-7.894455 -7.097397 -0.52948
-7.825424 -7.271164 -0.9746094
-8.172958 -7.399704 -1.5078125
-9.013229 -7.456833 -2.0576782
-10.524765 -7.3782806 -2.5194702
-11.96965 -7.4687347 -2.940796
-12.390976 -7.7686615 -3.076477
-11.631638 -8.375656 -2.671814
-10.481918 -8.844589 -1.8743896
-9.877304 -9.03978 -1.4602051
-9.991562 -8.963608 -1.2245483
-10.769943 -8.537521 -1.2007446
-11.595932 -7.9805145 -1.5244751
-12.024399 -7.3973236 -1.7601318
-12.062485 -6.906967 -1.8482056
-11.733994 -6.676071 -1.8339233
-11.572128 -6.8712616 -1.600647
-11.536423 -7.452072 -1.4006958
-11.205551 -8.097153 -1.4554443
-10.55571 -8.730331 -1.2055054
-9.684494 -9.215927 -0.8555908
-9.032272 -9.42778 -0.49853516
-8.856125 -9.015976 -0.9293823
-9.270309 -8.075729 -1.5958862
-10.42955 -7.1021576 -2.2623901
-11.810165 -5.9857635 -2.793213
-12.890854 -5.205002 -2.9598389
-13.25029 -4.8741302 -2.4647217
-13.300278 -4.890793 -1.94104
-13.38121 -5.0240936 -1.6982422
-13.740646 -5.026474 -1.8720093
-14.321457 -4.9384003 -2.364746
-14.957016 -4.6432343 -2.819397
-15.437851 -4.255234 -2.9812622
-15.668747 -3.84581 -2.8289185
-15.799667 -3.576828 -2.4647217
-15.885361 -3.3959198 -2.2409668
-16.061508 -3.3340302 -2.1743164
-16.244797 -3.422104 -2.210022
-16.39476 -3.4697113 -2.2671509
-16.19957 -3.4982758 -2.4004517
-15.892502 -3.4459076 -2.524231
-15.516403 -3.3983002 -2.5194702
-14.98082 -3.3935394 -2.4504395
-14.59996 -3.3102264 -2.4313965
-14.197678 -3.243576 -2.4385376
-13.719223 -3.1650238 -2.4647217
-13.2669525 -2.9531708 -2.505188
-12.781357 -2.7603607 -2.524231
-12.317184 -2.646103 -2.395691
-11.812546 -2.5128021 -2.255249
-11.305527 -2.5389862 -2.0219727
-10.762802 -2.531845 -1.8196411
-10.286728 -2.4556732 -1.6577759
-9.839218 -2.467575 -1.4387817
-9.613083 -2.4366302 -1.2269287
-9.363144 -2.3866425 -0.991272
Time Stop = 5218
