Time Start = 5776
-8.720444 -2.9079437 4.4050293
-8.582382 -2.7484589 4.526428
-8.739487 -2.7865448 4.543091
-8.834702 -2.8222504 4.376465
-8.879929 -2.7222748 4.326477
-8.806137 -2.717514 4.3669434
-8.796616 -2.6413422 4.395508
-8.837082 -2.646103 4.462158
-8.839462 -2.6818085 4.564514
-8.7894745 -2.6937103 4.7025757
-8.813278 -2.6818085 4.6811523
-8.841843 -2.7413177 4.704956
-8.839462 -2.793686 4.6835327
-8.8228 -2.8603363 4.704956
-8.803757 -2.8174896 4.73114
-8.806137 -2.7460785 4.723999
-8.803757 -2.7556 4.6549683
-8.851364 -2.8603363 4.557373
-8.88707 -2.9150848 4.5787964
-8.934677 -2.8436737 4.5073853
-8.925156 -2.8722382 4.6621094
-8.837082 -2.8103485 4.781128
-8.801376 -2.8151093 4.92395
-8.868027 -2.941269 5.2072144
-8.88945 -3.0150604 5.442871
-9.072739 -3.1269379 5.847534
-9.191757 -3.1816864 6.1450806
-9.341721 -3.2078705 6.0927124
-9.52977 -3.2602386 6.128418
-9.682114 -3.3792572 6.2521973
-9.6940155 -3.5720673 6.623535
-9.674973 -3.519699 6.7592163
-9.624985 -3.4173431 7.0805664
-9.52977 -3.4601898 7.4709473
-9.434555 -3.5792084 7.9993896
-9.356003 -3.5934906 8.584961
-9.320297 -3.595871 8.794434
-9.363144 -3.6696625 8.877747
-9.270309 -3.4173431 8.982483
-9.022751 -3.2126312 9.03009
-8.75853 -3.0293427 9.175293
-8.5681 -2.9650726 9.363342
-8.427658 -2.857956 9.401428
-8.282455 -2.8293915 9.494263
-8.0134735 -2.7151337 9.598999
-7.739731 -2.679428 9.260986
-7.439804 -3.134079 8.96582
-7.2946014 -3.5601654 8.8515625
-7.1851044 -3.4887543 8.906311
-6.951828 -3.2697601 8.725403
-6.6423798 -2.838913 8.380249
-6.349594 -2.4342499 8.049377
-6.021103 -2.0533905 7.9327393
-5.6902313 -1.8558197 7.80896
-5.368881 -1.6487274 7.6399536
-5.137985 -1.7272797 7.7613525
-4.9475555 -2.0652924 7.8756104
-4.835678 -2.7032318 7.7946777
-4.809494 -3.3316498 7.6280518
-4.8951874 -4.136215 7.8756104
-4.885666 -4.6694183 8.118408
-4.7880707 -4.7098846 8.125549
-4.7547455 -4.4908905 8.637329
-4.795212 -4.217148 9.391907
-4.7428436 -3.5982513 9.049133
-4.65477 -3.1126556 9.03009
-4.4333954 -2.6865692 9.068176
-4.0477753 -2.2342987 9.41095
-3.6264496 -2.0652924 10.020325
-3.295578 -2.1105194 10.096497
-3.193222 -2.4651947 10.025085
-3.2622528 -2.7222748 9.646606
-3.3074799 -2.781784 9.28717
-3.2336884 -2.698471 9.280029
-3.1765594 -2.6508636 9.696594
-3.0789642 -2.3271332 9.406189
-2.9290009 -2.0224457 9.175293
-2.7837982 -1.7248993 9.106262
-2.5671844 -1.4582977 8.96344
-2.4410248 -1.2369232 9.115784
-2.1244354 -1.3083344 9.458557
-1.9768524 -1.4654388 10.044128
-1.9268646 -1.6035004 10.205994
-1.8506927 -1.6534882 9.934631
-1.7459564 -1.6106415 9.960815
-1.5198212 -1.4630585 9.556152
-1.1841888 -1.2512054 9.108643
-0.82951355 -1.1250458 9.518066
-0.59147644 -1.0583954 9.596619
-0.45341492 -0.72514343 9.077698
-0.2891693 -0.33000183 9.137207
-0.15586853 0.14845276 8.763489
0.13453674 0.7459259 8.675415
0.33924866 1.1601105 8.872986
0.572525 1.6242828 8.496887
0.67726135 2.0860748 8.363586
0.8129425 2.414566 8.199341
0.85816956 2.7002106 8.346924
0.80818176 2.9501495 8.180298
0.70106506 3.0667877 8.046997
0.57728577 3.2024689 7.9279785
0.47254944 3.2191315 7.8518066
0.33924866 3.2619781 7.801819
0.27973938 3.3548126 7.547119
0.21546936 3.485733 7.2876587
0.13453674 3.7190094 7.2043457
0.09169006 3.9189606 7.1067505
0.034561157 4.185562 6.873474
0.17500305 4.333145 6.771118
0.33448792 4.5473785 6.787781
0.42018127 4.756851 6.809204
0.57966614 4.8473053 6.7854004
0.6082306 4.806839 6.8377686
0.7153473 4.9496613 6.878235
0.76057434 4.9496613 6.9663086
0.79151917 4.9829865 6.821106
0.66773987 4.9449005 6.7544556
0.5653839 4.9901276 6.585449
0.41304016 5.0782013 6.556885
0.25831604 5.0734406 6.668762
0.22499084 5.0924835 6.733032
0.12025452 4.928238 6.9520264
0.032180786 4.9329987 6.744934
0.034561157 4.999649 6.623535
0.02027893 5.0091705 6.5497437
0.029800415 5.1067657 6.4069214
0.09169006 5.249588 6.27124
0.0155181885 5.1234283 6.3355103
-0.034469604 5.0282135 6.040344
-0.09397888 4.8425446 5.999878
-0.055892944 5.0282135 5.864197
-0.077316284 5.344803 5.916565
0.0012359619 5.685196 5.8094482
0.005996704 5.9660797 5.783264
0.0012359619 6.1446075 5.614258
0.06550598 6.282669 5.3048096
0.055984497 6.2279205 5.3952637
0.10597229 6.385025 5.2405396
0.12501526 6.499283 5.0405884
0.10359192 6.4064484 5.197693
0.06074524 6.3636017 5.1953125
0.09169006 6.377884 5.071533
0.19166565 6.0946198 5.071533
0.29164124 6.0279694 5.171509
0.4844513 6.1374664 5.473816
0.5749054 6.404068 5.699951
0.6963043 6.642105 5.7975464
0.7153473 6.6587677 5.968933
0.62727356 6.6563873 5.9379883
0.5177765 6.7397003 5.9141846
0.5415802 6.8706207 6.0046387
0.5177765 6.8944244 6.045105
0.4915924 6.9134674 5.94989
0.47731018 6.9063263 5.8689575
0.39637756 6.86586 5.847534
0.38209534 6.93013 5.7546997
0.35829163 7.044388 5.7332764
0.37495422 7.1776886 5.788025
0.42018127 7.2990875 5.7713623
0.5677643 7.353836 5.761841
0.7224884 7.31575 5.859436
0.85816956 7.294327 5.8427734
0.9224396 7.3752594 5.864197
1.0081329 7.399063 5.7713623
0.95814514 7.3895416 5.8427734
1.0105133 7.296707 5.6904297
0.9391022 7.1634064 5.6880493
0.8962555 7.027725 5.597595
0.9605255 6.8753815 5.6047363
1.0557404 6.937271 5.659485
1.0295563 6.949173 5.7142334
1.0295563 7.077713 5.783264
1.0747833 7.1586456 5.8546753
1.1342926 7.2467194 5.852295
1.1723785 7.2395782 5.7785034
1.2699738 7.232437 5.8046875
1.3104401 7.12294 5.9260864
1.2723541 7.0420074 5.8094482
1.2771149 6.911087 5.7546997
1.2437897 6.706375 5.764221
1.2104645 6.649246 5.749939
1.1985626 6.763504 5.780884
1.1509552 6.8682404 5.8356323
1.1771393 6.949173 5.9379883
1.1771393 7.032486 5.94989
1.1295319 7.077713 5.904663
1.0557404 7.096756 5.859436
1.0295563 6.9396515 5.8118286
0.9462433 6.8444366 5.8499146
0.9438629 6.796829 5.8880005
1.0128937 6.7587433 5.909424
1.1200104 6.706375 5.8618164
1.1699982 6.6825714 5.8546753
1.2295074 6.7539825 5.8808594
1.265213 6.9015656 5.904663
1.3271027 7.001541 5.9665527
1.3009186 7.0729523 5.8951416
1.2533112 7.051529 5.8546753
1.2747345 7.0943756 5.7737427
1.2747345 7.1372223 5.780884
1.284256 7.149124 5.9213257
1.2913971 7.1967316 5.923706
1.2414093 7.103897 5.8165894
1.1938019 7.025345 5.864197
1.1747589 6.987259 5.8951416
1.1533356 6.9087067 5.923706
1.1271515 6.8230133 5.961792
1.0319366 6.8253937 6.0046387
1.1128693 6.911087 6.0093994
1.05336 6.9848785 6.0855713
1.0105133 7.051529 6.037964
1.0247955 7.1062775 6.1427
0.9938507 7.141983 5.9784546
1.0081329 7.111038 6.0498657
1.015274 7.127701 6.1260376
1.0938263 7.05867 6.057007
1.1081085 6.9729767 5.999878
1.1485748 6.9087067 6.045105
1.1390533 6.858719 5.928467
1.1819 6.9015656 5.9379883
1.1723785 6.922989 5.9594116
1.1771393 6.9087067 5.911804
1.2057037 6.9087067 5.9641724
1.2128448 6.915848 5.909424
1.1866608 6.827774 5.980835
1.2604523 6.8634796 6.0093994
1.2104645 6.768265 5.9451294
1.2794952 6.7468414 5.9332275
1.2794952 6.713516 5.9141846
1.2556915 6.6444855 5.94989
1.2247467 6.730179 5.845154
1.1723785 6.9063263 5.9403687
1.1319122 7.025345 5.930847
1.136673 7.1443634 5.878479
1.1057281 7.194351 5.954651
1.0676422 7.172928 5.954651
1.155716 7.0872345 6.0736694
1.1104889 7.001541 6.0236816
1.136673 6.9087067 6.037964
1.1152496 6.8372955 6.033203
1.0676422 6.8563385 6.0308228
1.0652618 6.8444366 5.9451294
1.098587 6.846817 5.94751
1.0652618 6.9539337 6.018921
1.0962067 7.0301056 6.0879517
1.0747833 7.0872345 6.090332
1.0414581 7.1062775 6.07843
1.0652618 7.130081 6.0474854
1.1081085 7.108658 6.057007
1.1295319 7.0182037 5.961792
1.1961823 6.918228 6.0665283
1.2176056 6.7611237 6.0236816
1.1819 6.7397003 6.037964
1.136673 6.7873077 6.0689087
1.1604767 6.8610992 6.102234
1.1104889 6.9729767 6.1569824
1.1319122 7.0872345 6.1331787
1.0866852 7.2086334 6.1569824
1.0890656 7.237198 6.1760254
1.0866852 7.225296 6.178406
1.0747833 7.2348175 6.0927124
1.0057526 7.213394 6.0808105
1.05336 7.0753326 6.045105
1.0866852 6.968216 5.9451294
1.0509796 6.918228 5.8499146
1.034317 6.853958 5.840393
1.0771637 6.839676 5.7285156
1.072403 6.884903 5.7785034
1.0771637 6.944412 5.807068
1.0938263 6.9586945 5.890381
1.072403 6.956314 5.780884
1.0509796 7.027725 5.768982
1.0295563 7.051529 5.7356567
0.98194885 7.051529 5.7475586
0.97242737 6.9658356 5.7142334
0.951004 6.9539337 5.6951904
0.9367218 6.892044 5.7261353
0.9200592 6.8515778 5.780884
1.0057526 6.853958 5.7856445
1.0485992 6.8253937 5.7666016
1.0176544 6.8063507 5.69281
1.0390778 6.8563385 5.7904053
0.98908997 6.892044 5.768982
0.9962311 6.922989 5.7927856
0.99147034 6.9015656 5.847534
1.0128937 6.892044 5.864197
0.9962311 6.8111115 5.847534
1.0319366 6.834915 5.8499146
1.0795441 6.9515533 5.8570557
1.0890656 7.001541 5.890381
1.0676422 7.070572 6.0736694
1.0033722 7.199112 5.9641724
1.0057526 7.339554 5.942749
0.94148254 7.4204865 5.7356567
0.8557892 7.353836 5.6951904
0.82722473 7.403824 5.288147
0.7653351 7.141983 5.6071167
0.6582184 7.2729034 5.333374
0.62013245 7.1443634 5.3428955
0.527298 7.0110626 5.4381104
0.5439606 6.9586945 5.3928833
0.6344147 6.8253937 5.4262085
0.6320343 6.756363 5.378601
0.6153717 6.6516266 5.257202
0.5106354 6.5564117 5.0858154
0.39161682 6.5040436 4.85968
0.18214417 6.4659576 4.7025757
0.05836487 6.454056 4.562134
-0.039230347 6.332657 4.350281
0.027420044 6.192215 4.21698
0.14405823 5.9898834 4.107483
0.30830383 5.83992 4.050354
0.4511261 5.6709137 3.864685
0.53681946 5.601883 3.7337646
0.4677887 5.5590363 3.7194824
0.2868805 5.549515 3.7123413
0.027420044 5.480484 3.5576172
-0.15348816 5.320999 3.4290771
-0.31773376 4.992508 3.4290771
-0.35820007 4.480728 3.6599731
-0.23680115 4.0213165 3.876587
-0.029708862 3.754715 3.9884644
0.14167786 3.5166779 4.5073853
0.30116272 3.6095123 5.0215454
0.30592346 4.133194 5.526184
0.1464386 4.6949615 5.9070435
-0.022567749 5.1805573 6.3640747
-0.1582489 5.589981 6.647339
-0.30107117 5.428116 6.756836
-0.41770935 4.9329987 6.6401978
-0.479599 4.561661 6.2736206
-0.6843109 4.164139 6.0998535
-0.9318695 3.966568 5.9641724
-1.2960663 3.5666656 6.4592896
-1.6436005 3.1858063 6.6711426
-1.8959198 2.5859528 7.3757324
-1.9911346 2.1098785 8.044617
-1.864975 1.740921 8.230286
-1.6602631 1.3933868 8.77301
-1.5412445 1.3219757 9.437134
-1.6888275 1.4552765 9.406189
-1.9768524 1.4528961 9.256226
-2.3791351 1.6814117 9.125305
-2.7790375 1.6552277 9.251465
-3.2265472 1.4219513 9.537109
-3.5359955 1.2743683 9.79895
-3.712143 0.8720856 9.763245
-3.7740326 0.6578522 9.741821
-3.847824 0.38887024 9.706116
-4.0477753 0.15797424 9.534729
-4.219162 -0.13243103 9.549011
-4.476242 -0.44664 9.299072
-4.688095 -0.67515564 9.015808
-4.904709 -1.0179291 8.870605
-5.066574 -1.2631073 8.677795
-5.1332245 -1.60112 8.696838
-5.2474823 -1.7510834 8.627808
-5.3569794 -1.8629608 8.442139
-5.573593 -1.9915009 8.396912
-5.74498 -2.0272064 8.199341
-5.944931 -1.934372 7.8970337
-6.213913 -2.0272064 8.085083
-6.437668 -2.274765 7.994629
-6.5757294 -2.4699554 7.442383
-6.7233124 -2.7913055 7.3757324
-6.8851776 -3.1221771 7.251953
-7.1160736 -3.4078217 7.1781616
-7.3588715 -3.8101044 7.135315
-7.720688 -3.981491 6.91156
-8.003952 -4.0981293 6.8044434
-8.165817 -4.064804 6.6973267
-8.222946 -3.724411 6.687805
-8.272934 -3.455429 6.878235
-8.337204 -3.3697357 7.111511
-8.534775 -3.6482391 7.1400757
-8.753769 -3.9886322 6.649719
-9.106064 -4.1195526 6.1307983
-9.59166 -4.1504974 5.802307
-10.098679 -4.1838226 5.6499634
-10.4509735 -4.3171234 5.7356567
-10.743759 -4.4147186 5.745178
-10.9127655 -4.7098846 5.621399
-11.055588 -5.038376 5.5214233
-11.257919 -5.4216156 5.3762207
-11.336472 -5.9214935 5.1691284
-11.312668 -6.4404144 4.8953857
-11.32695 -6.6832123 4.6573486
-11.2603 -6.9545746 4.3407593
-11.293625 -7.0878754 4.21698
-11.107956 -7.1926117 3.8980103
-10.94133 -7.0759735 3.7575684
-10.696152 -6.7879486 3.6171265
-10.4700165 -6.328537 3.3291016
-10.341476 -5.647751 3.100586
-10.255783 -5.121689 2.7982788
-10.270065 -4.6908417 2.638794
-10.212936 -4.4147186 2.6506958
-10.136765 -4.269516 2.5221558
-9.934433 -4.2528534 2.7006836
-9.632126 -4.250473 2.8078003
-9.27269 -4.364731 2.9125366
-9.056076 -4.4575653 3.055359
-8.898972 -4.6313324 3.0458374
-8.82756 -4.776535 2.9744263
-8.841843 -4.9217377 2.8078003
-8.872787 -5.0883636 2.5769043
-9.053696 -5.1502533 2.2341309
-9.14653 -5.2811737 1.9841919
-9.2108 -5.3811493 1.7461548
-9.334579 -5.4001923 1.6937866
-9.439316 -5.3811493 1.7390137
-9.458359 -5.393051 1.7080688
-9.441696 -5.419235 1.6342773
-9.427414 -5.2930756 1.510498
-9.4631195 -5.2478485 1.3700562
-9.458359 -5.174057 1.2629395
-9.4631195 -5.071701 1.381958
-9.413132 -5.0288544 1.4557495
-9.2512665 -4.9455414 1.5366821
-9.248886 -4.8884125 1.5557251
-9.222702 -4.7908173 1.7104492
-9.229843 -4.667038 1.8818359
-9.20842 -4.6694183 1.8056641
-9.120346 -4.6717987 1.7390137
-9.132248 -4.564682 1.5700073
-9.153671 -4.557541 1.4367065
-9.158432 -4.5551605 1.2700806
-9.165573 -4.526596 1.279602
-9.194138 -4.533737 1.298645
-9.229843 -4.583725 1.3914795
-9.222702 -4.5670624 1.5700073
-9.229843 -4.5813446 1.6890259
-9.206039 -4.640854 1.6485596
-9.2322235 -4.5670624 1.6295166
-9.346481 -4.507553 1.5771484
-9.367905 -4.48851 1.5343018
-9.365524 -4.443283 1.3795776
-9.356003 -4.42424 1.4176636
-9.322678 -4.35997 1.4343262
-9.322678 -4.4147186 1.5200195
-9.27269 -4.371872 1.5914307
-9.253647 -4.281418 1.6009521
-9.217941 -4.2147675 1.7104492
-9.189377 -4.1623993 1.6985474
-9.163193 -4.1243134 1.7009277
-9.194138 -4.000534 1.7699585
-9.127487 -4.019577 1.7818604
-9.163193 -3.9005585 1.7175903
-9.248886 -3.807724 1.7556763
-9.198898 -3.7958221 1.7580566
-9.151291 -3.8101044 1.6152344
-9.160812 -3.7577362 1.567627
-9.072739 -3.8410492 1.6461792
-9.101303 -3.97435 1.5319214
-9.108444 -4.1243134 1.4533691
-9.101303 -4.257614 1.3486328
-9.127487 -4.371872 1.3272095
-9.089401 -4.4647064 1.2581787
-9.070358 -4.5551605 1.2486572
-9.098923 -4.590866 1.1629639
-9.175095 -4.647995 1.0915527
-9.177475 -4.6527557 1.067749
-9.2512665 -4.598007 1.2034302
-9.227463 -4.602768 1.0963135
-9.244125 -4.6075287 1.1034546
-9.258408 -4.5289764 1.0534668
-9.239365 -4.467087 0.96777344
-9.260788 -4.436142 0.9630127
-9.201279 -4.390915 0.9296875
-9.156052 -4.4147186 0.9154053
-9.096542 -4.4528046 0.9796753
-9.034653 -4.467087 0.9368286
-8.965622 -4.4980316 0.8987427
-8.991806 -4.5099335 0.85113525
-8.95372 -4.5170746 0.8082886
-8.9370575 -4.545639 0.85827637
-8.896591 -4.564682 0.79400635
-8.8537445 -4.628952 0.8059082
-8.865646 -4.6456146 0.80352783
-8.89183 -4.6075287 0.88446045
-8.965622 -4.6051483 0.95825195
-8.958481 -4.6456146 0.89160156
-8.979904 -4.61705 0.9225464
-9.087021 -4.5884857 0.8320923
-9.08226 -4.5408783 0.7749634
-9.094162 -4.5504 0.69403076
-9.075119 -4.609909 0.78448486
-8.984665 -4.5884857 0.8082886
-8.972763 -4.6908417 0.9463501
-8.965622 -4.6908417 0.9463501
-8.95372 -4.68132 0.9273071
-9.010849 -4.7479706 0.88446045
-9.046555 -4.6884613 0.8725586
-9.067978 -4.6384735 0.90112305
-9.065598 -4.6908417 0.89160156
-9.053696 -4.6694183 0.8535156
-8.979904 -4.697983 0.8820801
-9.008469 -4.686081 0.8725586
-9.034653 -4.659897 0.9320679
-8.994186 -4.628952 0.9772949
Time Stop = 5781
