Time Start = 6022
-3.4764862 0.22938538 13.350464
-3.090866 0.44361877 12.145996
-2.7171478 -0.37522888 12.053162
-2.095871 -1.0464935 11.460449
-1.7388153 -1.2607269 10.748718
-1.5102997 -1.5201874 10.225037
-1.5674286 -1.6725311 10.303589
-1.7031097 -1.5939789 10.358337
-1.9578094 -1.5225677 10.646362
-2.4886322 -1.453537 10.977234
-2.9956512 -1.6273041 11.020081
-3.0242157 -1.3154755 10.50354
-2.6433563 -0.42045593 9.934631
-2.4005585 0.374588 9.560913
-2.1958466 0.9101715 9.820374
-2.1839447 0.84828186 9.891785
-1.7292938 0.15559387 9.003906
-0.9985199 -0.04197693 7.4780884
-0.45817566 -0.02293396 5.871338
-0.40342712 -0.9822235 5.7713623
-0.34629822 -2.762741 6.7973022
-0.04637146 -4.2957 7.3900146
0.443985 -5.181198 8.027954
1.0628815 -4.9217377 9.108643
1.5508575 -3.9529266 9.584717
1.6555939 -2.9722137 10.001282
1.6198883 -2.1057587 9.865601
1.5770416 -1.3178558 9.277649
1.3723297 -0.76322937 8.673035
1.11763 -0.7703705 8.1779175
0.77723694 -1.2297821 7.904175
0.35353088 -1.9034271 8.06366
-0.18681335 -2.2009735 8.189819
-0.7509613 -1.9676971 8.218384
-1.4460297 -2.0295868 8.742065
-2.1006317 -2.2771454 9.360962
-2.531479 -2.415207 9.687073
-2.6504974 -2.377121 9.420471
-2.5243378 -2.6222992 9.151489
-2.2982025 -2.736557 8.889648
-1.9221039 -2.7841644 8.763489
-1.6650238 -2.8817596 8.872986
-1.4698334 -2.94841 9.037231
-1.2770233 -2.8079681 9.303833
-1.2770233 -2.7151337 9.320496
-1.3032074 -2.8246307 9.341919
-1.3555756 -2.9460297 9.408569
-1.3960419 -3.0864716 9.382385
-1.4174652 -3.0817108 9.103882
-1.4912567 -3.115036 8.951538
-1.4983978 -2.986496 9.053894
-1.4436493 -2.7865448 9.0824585
-1.3484344 -2.7151337 9.28241
-1.2460785 -2.5556488 9.439514
-1.1651459 -2.4056854 9.453796
-1.069931 -2.3461761 9.47522
-1.0294647 -2.3437958 9.625183
-1.0270844 -2.2723846 9.768005
-1.0389862 -2.1962128 9.765625
-1.0366058 -2.4056854 10.234558
-0.9247284 -2.4437714 10.5321045
-0.7581024 -2.4842377 10.489258
-1.0675507 -2.5746918 11.08197
-1.217514 -2.4532928 11.043884
-1.762619 -1.5844574 11.001038
-2.448166 -1.9272308 12.386414
-2.3386688 -1.4844818 12.883911
-1.9268646 -1.563034 12.569702
-1.403183 -1.7653656 11.641357
-0.9913788 -2.0605316 10.341675
-0.73191833 -2.4294891 9.272888
-0.80570984 -2.479477 8.363586
-1.0937347 -2.1319427 8.330261
-1.7245331 -2.5389862 9.658508
-1.4841156 -2.8960419 9.937012
-0.95329285 -2.6246796 9.268127
-0.50102234 -2.6127777 8.803955
-0.15110779 -2.4294891 8.756348
0.15119934 -2.1581268 8.83728
0.30592346 -2.081955 8.927734
0.33924866 -2.070053 9.130066
0.2535553 -1.9962616 9.018188
0.20118713 -1.9748383 9.015808
0.18214417 -2.0748138 9.15625
0.12025452 -2.1152802 9.28241
0.075027466 -2.062912 9.491882
0.02027893 -2.0462494 9.546631
-0.11302185 -2.1033783 9.4609375
-0.23442078 -2.2342987 9.472839
-0.24156189 -2.3890228 9.41571
-0.19871521 -2.6318207 9.301453
-0.10588074 -2.8412933 9.056274
-0.12730408 -3.057907 8.942017
-0.17967224 -3.1697845 9.201477
-0.27488708 -3.1650238 9.432373
-0.38200378 -3.0531464 9.584717
-0.4462738 -2.8936615 9.587097
-0.51768494 -2.846054 9.570435
-0.57481384 -2.9698334 9.637085
-0.5843353 -3.1174164 9.660889
-0.6509857 -3.3054657 9.8394165
-0.6200409 -3.3792572 9.801331
-0.5676727 -3.4268646 9.682312
-0.57481384 -3.5625458 9.698975
-0.5391083 -3.6196747 9.760864
-0.5224457 -3.6458588 9.665649
-0.51768494 -3.5435028 9.453796
-0.5129242 -3.4078217 9.327637
-0.5462494 -3.4197235 9.170532
-0.5129242 -3.288803 9.141968
-0.5700531 -3.191208 9.22052
-0.73191833 -3.1578827 9.34906
-0.78666687 -3.0793304 9.427612
-0.8914032 -2.9388885 9.577576
-0.877121 -2.8960419 9.789429
-0.9175873 -2.9579315 10.025085
-0.9723358 -3.0102997 9.92511
-1.0770721 -3.0269623 9.684692
-1.2341766 -2.6699066 9.372864
-2.050644 -2.5151825 10.122681
-2.9123383 -2.9365082 11.410461
-3.128952 -2.1486053 10.770142
-3.424118 -2.5651703 11.796082
-3.0813446 -2.4723358 11.857971
-2.2648773 -2.3271332 11.217651
-1.6650238 -2.2819061 10.591614
-1.403183 -1.979599 9.332397
-1.6888275 -1.9319916 8.185059
-2.5862274 -3.005539 8.273132
-3.3907928 -5.3692474 8.749207
-3.6835785 -6.892685 7.9993896
-3.3503265 -7.6091766 6.59021
-2.557663 -7.5710907 5.8356323
-1.3222504 -6.8784027 6.26886
-0.2082367 -5.2740326 7.309082
0.52253723 -3.807724 7.9327393
0.94862366 -2.9722137 8.584961
1.098587 -2.5675507 9.141968
1.3247223 -2.2509613 9.249084
1.4580231 -2.1390839 9.253845
1.477066 -2.3461761 9.120544
1.3104401 -2.8174896 9.168152
0.9200592 -3.1364594 9.1467285
0.56062317 -3.2697601 8.906311
0.3368683 -3.2983246 8.906311
0.24165344 -3.6506195 9.310974
0.2702179 -3.8957977 9.634705
0.3273468 -4.255234 9.7751465
0.31782532 -4.493271 9.79895
0.25593567 -4.5742035 9.665649
0.14405823 -4.7527313 9.658508
0.022659302 -4.847946 9.760864
0.03694153 -4.7979584 9.201477
-0.079696655 -4.8384247 9.068176
-0.14396667 -4.897934 8.968201
-0.23442078 -4.828903 8.908691
-0.35105896 -4.4980316 8.939636
-0.34629822 -4.174301 8.880127
-0.2891693 -3.955307 9.058655
-0.18205261 -3.7648773 9.341919
-0.16539001 -3.5077972 9.47998
-0.21775818 -3.3054657 9.591858
-0.29393005 -3.160263 9.698975
-0.41770935 -2.9983978 9.687073
-0.5367279 -2.7603607 9.54187
-0.6128998 -2.7032318 9.506165
-0.7176361 -2.8103485 9.675171
-0.8342743 -2.9388885 9.648987
-0.9342499 -3.2126312 9.589478
-1.0318451 -3.4839935 9.468079
-0.9651947 -3.6125336 9.360962
-0.8437958 -3.5649261 9.330017
-0.7033539 -3.5030365 9.432373
-0.5105438 -3.5006561 9.394287
-0.43437195 -3.5601654 9.294312
-0.4129486 -3.5101776 9.132446
-0.4058075 -3.4578094 8.980103
-0.5200653 -3.3887787 8.892029
-0.51768494 -3.3030853 8.89917
-0.4962616 -3.20549 8.9348755
-0.45341492 -3.2221527 9.187195
-0.4462738 -3.2959442 9.420471
-0.32963562 -3.2459564 9.739441
-0.29393005 -3.338791 10.094116
-0.2820282 -3.1031342 9.748962
-0.5224457 -2.5746918 8.932495
-1.6674042 -2.070053 9.887024
-3.2432098 -2.4889984 13.226685
-3.666916 -1.8653412 13.540894
-3.3717499 -2.0295868 13.4313965
-2.6552582 -2.7246552 12.355469
-1.4365082 -2.800827 9.718018
-0.4296112 -2.9246063 8.00415
0.029800415 -3.255478 7.642334
0.06312561 -3.4244843 8.19458
-0.543869 -3.9386444 9.011047
-0.7985687 -3.641098 8.613525
-0.8890228 -3.2388153 8.163635
-0.8342743 -3.2126312 8.739685
-0.47483826 -3.0912323 9.056274
-0.08683777 -2.9960175 9.056274
0.008377075 -3.115036 9.137207
-0.14634705 -3.1316986 9.02533
-0.40342712 -3.2483368 8.968201
-0.53434753 -3.4506683 9.006287
-0.49388123 -3.5720673 9.09436
-0.3796234 -3.6744232 9.277649
-0.1915741 -3.7101288 9.056274
-0.1749115 -3.7553558 9.111023
-0.23680115 -3.6696625 9.182434
-0.3224945 -3.5244598 9.341919
-0.2986908 -3.3149872 9.510925
-0.11778259 -3.281662 9.727539
0.10359192 -3.364975 9.627563
0.26783752 -3.576828 9.441895
0.2940216 -3.7029877 9.406189
0.18928528 -3.705368 9.522827
0.048843384 -3.7291718 9.47998
0.025039673 -3.698227 9.232422
0.032180786 -3.7148895 9.182434
0.02027893 -3.622055 9.163391
0.053604126 -3.569687 9.296692
0.051223755 -3.531601 9.520447
0.07026672 -3.455429 9.35144
0.072647095 -3.422104 9.330017
0.02027893 -3.326889 9.41333
-0.11064148 -3.4625702 9.720398
-0.13444519 -3.6244354 9.975098
-0.09635925 -3.7148895 9.79895
-0.12730408 -3.7910614 9.715637
-0.14396667 -3.8600922 9.703735
-0.2320404 -3.7791595 9.73468
-0.27012634 -3.6506195 9.615662
-0.2891693 -3.614914 9.653748
-0.37010193 -3.4625702 9.706116
-0.3796234 -3.243576 9.848938
-0.4224701 -3.1745453 9.913208
-0.36058044 -3.1388397 9.768005
-0.32725525 -3.031723 9.706116
-0.30821228 -2.9722137 9.67041
-0.26298523 -3.031723 9.5442505
-0.21775818 -3.2078705 9.418091
-0.13682556 -3.3340302 9.227661
-0.16300964 -3.455429 9.065796
-0.30821228 -3.429245 8.863464
-0.50816345 -3.667282 8.927734
-0.68193054 -3.8624725 8.977722
-0.8509369 -3.8934174 8.944397
-1.0032806 -3.814865 9.1467285
-1.0604095 -3.7267914 9.358582
-1.0032806 -3.5220795 9.325256
-0.9056854 -3.3292694 9.327637
-0.7819061 -3.2269135 9.241943
-0.7271576 -3.2269135 9.294312
-0.6533661 -3.2649994 9.232422
-0.5105438 -3.2673798 9.196716
-0.47483826 -3.2269135 9.139587
-0.4962616 -3.1745453 9.182434
-0.48435974 -3.1436005 9.275269
-0.49864197 -3.0936127 9.28479
-0.56529236 -3.2031097 9.332397
-0.5867157 -3.217392 9.272888
-0.6105194 -3.2126312 9.127686
-0.6367035 -3.1888275 9.170532
-0.54148865 -3.1578827 9.182434
-0.52482605 -3.14122 9.344299
-0.396286 -3.2078705 9.4609375
-0.2820282 -3.2673798 9.451416
-0.14872742 -3.3483124 9.520447
-0.060653687 -3.5792084 9.453796
-0.008285522 -3.788681 9.453796
0.022659302 -3.9719696 9.265747
-0.0035247803 -4.0600433 9.134827
-0.008285522 -4.1576385 8.90155
-0.14396667 -4.0624237 8.694458
-0.22727966 -3.9576874 8.594482
-0.28678894 -3.891037 8.630188
-0.34153748 -3.826767 8.723022
-0.37724304 -3.8577118 8.96582
-0.46055603 -3.9624481 9.172913
-0.5105438 -4.114792 9.180054
-0.7033539 -4.319504 9.215759
-0.8818817 -4.4385223 9.011047
-1.1413422 -4.4718475 8.83728
-1.6864471 -4.333786 8.865845
-2.4005585 -3.6506195 9.09436
-3.5502777 -3.455429 11.586609
-4.866623 -3.0483856 14.135986
-5.1855927 -1.684433 13.483765
-4.8523407 -1.2512054 12.434021
-3.5098114 -1.2940521 10.18219
-1.8435516 -1.4678192 7.9422607
-0.877121 -2.255722 7.23053
-0.8437958 -3.2697601 7.8327637
-1.108017 -4.2599945 8.613525
-1.3984222 -3.8838959 7.0377197
-1.9244843 -4.4075775 7.763733
-1.9435272 -4.5361176 8.744446
-1.2151337 -3.9219818 8.927734
-0.39152527 -3.4506683 9.275269
0.3773346 -3.0436249 9.437134
0.79151917 -2.903183 9.360962
0.8938751 -3.1674042 9.465698
0.80104065 -3.3054657 9.28241
0.49873352 -3.7648773 9.177673
0.16786194 -4.262375 9.237183
0.08454895 -4.405197 9.103882
0.15119934 -4.450424 9.108643
0.17262268 -4.409958 9.172913
0.17262268 -4.269516 9.227661
0.06550598 -4.236191 9.239563
-0.11778259 -4.3766327 9.263367
-0.20585632 -4.5242157 9.194336
-0.25584412 -4.7979584 9.127686
-0.21775818 -4.878891 8.911072
-0.23442078 -4.9598236 8.8349
-0.21775818 -4.9788666 8.856323
-0.16300964 -4.8693695 9.065796
-0.21061707 -4.6241913 9.339539
-0.248703 -4.2957 9.646606
-0.24632263 -3.9219818 9.387146
-0.28440857 -3.3792572 8.294556
-0.55101013 -3.5220795 7.032959
-1.2532196 -3.493515 7.444763
-2.974228 -4.7265472 11.250977
-3.4503021 -4.386154 11.919861
-3.3550873 -3.6101532 12.088867
-2.621933 -3.179306 12.026978
-1.4769745 -2.3414154 10.884399
-0.62242126 -1.8653412 10.548767
-0.2820282 -1.8296356 10.458313
-0.41532898 -1.7272797 9.568054
-1.1818085 -2.1890717 9.120544
-2.1506195 -3.3364105 9.168152
-2.531479 -4.519455 9.213379
-2.2006073 -4.7408295 8.227905
-1.8435516 -5.5930023 8.820618
-0.8747406 -5.9976654 9.189575
0.30830383 -5.7239227 8.908691
0.80818176 -5.1692963 8.853943
0.8153229 -4.340927 8.496887
0.5558624 -3.5006561 8.19696
0.40351868 -2.922226 8.201721
0.36305237 -2.7698822 8.32312
0.38685608 -2.8412933 8.487366
0.38685608 -3.2959442 8.380249
0.37495422 -3.6529999 8.211243
0.3678131 -3.7529755 8.099365
0.37019348 -3.6625214 8.211243
0.3368683 -3.288803 8.280273
0.3202057 -3.2126312 8.64209
0.25831604 -3.1650238 9.02533
0.12501526 -3.2007294 9.251465
-0.02494812 -3.2983246 9.315735
-0.18205261 -3.4649506 9.47522
-0.17967224 -3.5982513 9.641846
-0.07255554 -3.6315765 9.67041
0.010757446 -3.724411 9.648987
0.008377075 -3.769638 9.6085205
-0.1415863 -3.7863007 9.568054
-0.3558197 -3.800583 9.625183
-0.5129242 -3.826767 9.703735
-0.646225 -3.8553314 9.706116
-0.7509613 -3.7267914 9.694214
-0.7247772 -3.5292206 9.770386
-0.7533417 -3.436386 9.898926
-0.6771698 -3.3316498 9.975098
-0.5676727 -3.3364105 9.896545
-0.4629364 -3.3768768 9.827515
-0.43437195 -3.326889 9.741821
-0.4391327 -3.3340302 9.620422
-0.4129486 -3.345932 9.641846
-0.32963562 -3.2316742 9.610901
-0.23680115 -3.1935883 9.47522
-0.1915741 -3.1769257 9.418091
-0.15586853 -3.1055145 9.420471
-0.1915741 -3.0721893 9.5442505
-0.13444519 -3.1174164 9.503784
-0.06303406 -3.0912323 9.5252075
0.03694153 -3.0626678 9.384766
0.051223755 -3.1007538 9.353821
-0.04637146 -3.2911835 9.330017
-0.10588074 -3.3792572 9.294312
-0.18443298 -3.3792572 9.253845
-0.35820007 -3.3863983 9.270508
-0.5224457 -3.2459564 9.251465
-0.6105194 -3.2864227 9.118164
-0.64860535 -3.4173431 8.906311
-0.6509857 -3.8315277 8.601624
-0.52482605 -4.283798 8.504028
-0.4129486 -4.7146454 8.401672
-0.31773376 -5.090744 8.249329
-0.24156189 -5.188339 8.204102
-0.32487488 -4.9264984 8.13269
-0.543869 -4.61705 8.085083
-0.7366791 -4.1766815 8.332642
-0.8509369 -3.8672333 8.584961
-0.91044617 -3.6744232 8.777771
-0.9794769 -3.512558 8.83252
-1.0104218 -3.4268646 8.827759
-1.0223236 -3.4435272 8.806335
-0.8747406 -3.4506683 8.892029
-0.7247772 -3.5292206 9.011047
-0.53196716 -3.486374 8.7682495
-0.30821228 -3.410202 8.542114
-0.30345154 -3.3411713 9.058655
-0.4129486 -3.4720917 9.808472
-0.68193054 -3.2388153 10.470215
-1.1508636 -2.7532196 12.148376
-1.2675018 -2.0867157 11.477112
-2.0458832 -1.6058807 13.1171875
-2.6838226 -2.0034027 14.578735
-2.6076508 -1.4297333 13.995544
-2.4838715 -1.2940521 12.991028
-2.1482391 -1.8082123 11.581848
-1.3984222 -1.9462738 9.575195
-0.7200165 -2.089096 8.368347
-0.45103455 -2.0867157 7.8375244
-0.7581024 -2.0557709 8.861084
-1.4103241 -3.0555267 9.639465
-1.5769501 -3.6172943 8.911072
-1.5198212 -3.78154 7.687561
-1.5174408 -4.1695404 7.5375977
-1.2484589 -4.1623993 8.287415
-0.9247284 -3.7648773 9.0824585
-0.6747894 -3.3816376 9.506165
-0.58195496 -3.1840668 9.570435
-0.5676727 -3.1293182 9.822754
-0.45341492 -3.14122 9.787048
-0.32725525 -3.2507172 9.470459
-0.332016 -3.3221283 9.206238
-0.36296082 -3.5244598 9.008667
-0.33439636 -3.9957733 8.892029
-0.08683777 -4.2909393 8.611145
0.10597229 -4.557541 8.354065
0.29640198 -4.757492 8.254089
0.38923645 -4.6122894 8.251709
0.4677887 -4.3052216 8.211243
0.47969055 -4.136215 8.38739
0.51301575 -4.1171722 8.5373535
0.5844269 -4.193344 8.454041
0.63679504 -4.4599457 8.32074
0.6010895 -4.8003387 8.32074
0.5153961 -4.9788666 8.44928
0.41542053 -4.7670135 8.554016
0.16548157 -4.1909637 8.651611
-0.18681335 -3.7458344 9.22052
-0.3724823 -3.2340546 9.6918335
-0.5295868 -2.8817596 10.032227
-0.63194275 -2.8698578 10.3012085
-0.64146423 -2.94841 10.339294
-0.68193054 -3.1483612 10.136963
-0.8009491 -3.4006805 9.872742
-0.9509125 -3.4387665 9.556152
-1.1318207 -3.512558 9.318115
-1.338913 -3.3506927 9.598999
-1.3698578 -2.941269 10.113159
-1.1770477 -2.365219 10.472595
-0.82237244 -1.9129486 10.660645
-0.5724335 -1.7344208 10.4487915
-0.42485046 -1.7129974 9.98938
-0.38438416 -1.555893 9.746582
-0.47483826 -1.8105927 9.737061
-0.47483826 -2.1509857 9.41333
-0.29154968 -2.6199188 9.099121
-0.15110779 -3.0388641 8.949158
0.053604126 -3.1935883 8.946777
0.16072083 -3.2769012 9.001526
0.17262268 -3.410202 9.258606
0.07026672 -3.2864227 9.782288
-0.06541443 -3.583969 10.032227
-0.5129242 -3.281662 10.605896
-1.108017 -3.6553802 12.467346
-1.2460785 -2.876999 13.286194
-1.2508392 -2.2604828 13.143372
-1.2103729 -2.4247284 12.431641
-0.5057831 -2.4532928 10.586853
-0.04637146 -2.4390106 9.358582
0.09883118 -2.9317474 8.520691
0.005996704 -3.5435028 7.949402
-0.5867157 -4.4194794 8.392151
-0.47721863 -5.1645355 7.7351685
-0.40818787 -4.9836273 7.342407
-0.23442078 -4.750351 7.828003
0.005996704 -4.0481415 8.601624
0.129776 -3.2697601 9.125305
0.07978821 -2.7984467 9.565674
-0.034469604 -2.62706 9.708496
-0.010665894 -2.7270355 9.425232
0.1131134 -3.3792572 9.337158
0.2368927 -3.8934174 9.299072
0.37971497 -4.0814667 8.987244
0.32972717 -3.8577118 8.730164
0.22737122 -3.4697113 8.4730835
0.1631012 -3.07695 8.0946045
0.053604126 -2.7317963 7.9732056
-0.23442078 -2.615158 8.101746
-0.48197937 -2.6770477 8.546875
-0.65812683 -3.0293427 9.308594
-0.72953796 -3.5030365 9.870361
Time Stop = 6027
