Time Start = 6048
-3.3717499 -1.2488251 8.818237
-3.3431854 -1.351181 8.573059
-4.4524384 -1.3464203 8.592102
-5.411728 -0.88700867 8.035095
-5.55455 -0.8513031 7.9160767
-5.052292 -1.056015 8.089844
-4.4667206 -1.1155243 8.035095
-4.283432 -1.2202606 7.994629
-4.476242 -1.1821747 7.963684
-4.726181 -1.0774384 8.00177
-4.8523407 -1.1107635 8.054138
-4.7880707 -1.0464935 8.182678
-4.714279 -0.99412537 8.482605
-4.802353 -0.9512787 8.922974
-4.97612 -0.9608002 9.039612
-5.1403656 -0.9441376 9.258606
-5.1451263 -0.90367126 9.299072
-5.1665497 -0.6941986 9.365723
-5.176071 -0.32048035 9.144348
-5.2927094 0.28889465 8.953918
-5.4164886 0.60310364 8.646851
-5.316513 0.40553284 8.551636
-5.090378 0.03895569 8.299316
-4.7404633 -0.3895111 8.116028
-4.585739 -0.85606384 8.06842
-4.6071625 -1.1559906 8.1922
-4.726181 -1.2702484 8.558777
-4.880905 -1.3345184 9.315735
-4.9475555 -1.1179047 9.644226
-5.085617 -0.6227875 9.337158
-5.4212494 -0.25382996 9.368103
-5.6783295 -0.6941986 9.710876
-5.6854706 -1.2488251 9.682312
-5.3188934 -1.7653656 9.565674
-4.752365 -2.3104706 10.160767
-3.783554 -3.4958954 9.941772
-2.6528778 -4.300461 9.363342
-1.38414 -4.4647064 9.053894
-0.90330505 -4.186203 9.60614
-0.7985687 -3.345932 9.34906
-0.63194275 -2.6484833 9.432373
-0.55815125 -2.3699799 8.970581
-0.76524353 -2.191452 8.365967
-1.1008759 -2.596115 7.8494263
-1.2889252 -3.2126312 7.2662354
-1.6650238 -3.583969 6.9972534
-2.0054169 -3.569687 7.2162476
-2.243454 -3.5649261 7.797058
-2.712387 -3.391159 8.185059
-3.4764862 -3.0412445 8.394531
-4.166794 -2.8531952 8.475464
-4.711899 -3.1935883 8.784912
-4.983261 -3.800583 8.975342
-4.878525 -4.3623505 9.184814
-4.630966 -4.7598724 9.403809
-4.2667694 -4.6646576 9.384766
-3.9811249 -4.2290497 9.213379
-3.8335419 -3.8624725 9.070557
-3.6883392 -3.7553558 8.939636
-3.647873 -3.7410736 8.789673
-3.5502777 -3.6172943 8.461182
-3.6026459 -3.3364105 8.265991
-3.7787933 -3.236435 8.225525
-3.9382782 -3.1245575 8.368347
-4.045395 -3.0031586 8.544495
-4.0572968 -2.922226 8.458801
-3.9977875 -3.160263 8.692078
-3.8930511 -3.3483124 8.649231
-3.7407074 -3.4601898 8.299316
-3.6597748 -3.4078217 8.154114
-3.6931 -3.531601 8.335022
-3.5693207 -3.474472 8.308838
-3.4145966 -3.5982513 8.601624
-3.2360687 -3.9838715 9.037231
-3.1194305 -3.9672089 8.922974
-3.2860565 -3.403061 8.018433
-3.8121185 -3.0412445 7.687561
-5.5045624 -1.8391571 8.7039795
-7.5778656 -2.184311 12.517334
-6.925644 -0.04197693 12.788696
-5.87352 -0.5037689 12.948181
-4.212021 -0.77275085 11.222412
-2.9123383 -1.036972 9.006287
-2.5267181 -1.6891937 7.925598
-2.9480438 -2.4651947 8.32312
-3.3765106 -3.4006805 9.546631
-2.7004852 -3.5601654 7.592346
-2.4219818 -4.7931976 6.942505
-2.0911102 -4.750351 6.942505
-2.083969 -4.283798 7.585205
-2.288681 -3.6529999 8.496887
-2.4910126 -3.0912323 8.946777
-2.6076508 -3.1126556 8.839661
-2.8123627 -3.5411224 8.482605
-3.1051483 -3.9196014 8.446899
-3.2979584 -3.9886322 8.358826
-3.5502777 -3.8577118 8.235046
-3.7978363 -3.750595 8.077942
-4.0049286 -3.3673553 7.8375244
-4.2405853 -3.1031342 7.6851807
-4.416733 -2.9460297 7.7280273
-4.597641 -3.0602875 7.949402
-4.4524384 -3.3102264 8.156494
-4.2548676 -3.5030365 8.246948
-4.1334686 -3.5911102 8.420715
-3.9739838 -3.410202 8.592102
-3.923996 -3.1388397 8.589722
-4.354843 -3.0031586 9.387146
-4.585739 -3.6077728 9.510925
-5.3974457 -3.2959442 10.108398
-5.8973236 -4.364731 11.165283
-5.694992 -3.807724 10.789185
-5.3712616 -4.250473 10.839172
-4.8761444 -4.0481415 9.913208
-4.6143036 -3.5006561 8.596863
-4.757126 -3.3364105 7.7304077
-5.3784027 -3.679184 7.906555
-5.214157 -4.9026947 8.420715
-4.373886 -5.1145477 7.8637085
-3.8002167 -5.390671 7.3876343
-3.5669403 -5.174057 7.397156
-3.4764862 -4.7551117 7.463806
-3.3241425 -4.345688 8.00415
-3.0884857 -4.238571 8.263611
-2.7480927 -4.283798 8.744446
-2.4862518 -4.4194794 8.665894
-2.3743744 -4.2909393 8.44928
-2.500534 -4.174301 8.26123
-2.6147919 -4.148117 8.089844
-2.6719208 -4.026718 7.9089355
-2.7361908 -4.0410004 7.804199
-2.8837738 -4.0290985 7.804199
-2.9385223 -4.088608 7.8827515
-2.8694916 -4.269516 8.006531
-2.788559 -4.4718475 8.051758
-2.686203 -4.3361664 8.185059
-2.5814667 -4.2147675 8.32074
-2.6076508 -4.083847 8.44928
-2.47435 -3.8815155 8.270752
-2.1625214 -3.7910614 8.468323
-2.2410736 -3.8124847 8.439758
-2.4862518 -3.6958466 8.327881
-2.6814423 -3.633957 8.425476
-2.7861786 -3.6053925 8.570679
-2.750473 -3.769638 8.744446
-2.6885834 -3.9315033 8.83728
-2.7028656 -4.045761 9.044373
-2.769516 -4.136215 8.953918
-2.9456635 -4.171921 8.946777
-3.1694183 -4.3766327 9.199097
-3.2527313 -4.500412 9.713257
-3.1956024 -4.659897 9.906067
-2.9599457 -4.3361664 9.068176
-2.7980804 -3.6268158 7.880371
-4.0239716 -3.024582 8.680176
-6.202011 -2.1486053 9.35144
-9.470261 -2.5342255 13.26239
-8.756149 -1.2178802 13.050537
-7.035141 -2.1390839 12.49353
-4.7666473 -2.6603851 10.315491
-3.462204 -2.8936615 8.589722
-3.5312347 -2.6746674 7.635193
-4.469101 -2.3699799 7.468567
-5.5236053 -3.0412445 8.477844
-4.873764 -3.5292206 6.987732
-4.212021 -4.3742523 6.564026
-3.5383759 -4.3314056 6.2164917
-3.4193573 -3.9886322 6.880615
-3.552658 -3.6291962 8.239807
-3.4145966 -3.0936127 8.937256
-3.0218353 -2.9341278 9.441895
-2.5862274 -2.9079437 9.125305
-2.5267181 -3.255478 8.789673
-2.712387 -3.4244843 8.542114
-2.9266205 -3.4720917 8.492126
-3.0146942 -3.5530243 8.549255
-3.1051483 -3.4506683 8.32074
-3.1956024 -3.4958954 8.25647
-3.2432098 -3.6839447 8.332642
-3.2455902 -3.788681 8.511169
-3.2360687 -3.633957 8.442139
-3.2860565 -3.6101532 8.32074
-3.3622284 -3.8029633 8.415955
-3.321762 -3.9791107 8.496887
-3.205124 -4.0338593 8.863464
-3.1598969 -3.9410248 8.96582
-3.1075287 -3.7839203 8.932495
-3.0980072 -3.7982025 8.930115
-3.1337128 -3.9053192 8.753967
-3.1789398 -3.9695892 8.713501
-2.9837494 -3.9219818 8.77063
-3.026596 -3.9434052 8.670654
-3.1598969 -3.8386688 8.64447
-3.2455902 -3.750595 8.718262
-3.2741547 -3.6172943 8.880127
-3.1622772 -3.6291962 9.101501
-3.1503754 -3.633957 9.051514
-3.2551117 -3.7767792 8.830139
-3.269394 -3.7982025 8.830139
-3.2598724 -3.7553558 8.868225
-3.1694183 -3.538742 9.063416
-3.193222 -3.436386 9.075317
-3.2479706 -3.2792816 8.892029
-3.2717743 -3.3221283 8.696838
-3.3455658 -3.2840424 8.64447
-3.443161 -3.448288 8.794434
-3.43602 -3.467331 8.946777
-3.424118 -3.3673553 9.087219
-3.3765106 -3.326889 9.327637
-3.3884125 -3.198349 9.1467285
-3.4574432 -3.2102509 9.018188
-3.469345 -3.2388153 8.958679
-3.469345 -3.4173431 8.90155
-3.4717255 -3.5054169 8.756348
-3.4074554 -3.3816376 8.720642
-3.405075 -3.2959442 8.732544
-3.3384247 -3.2769012 8.880127
-3.2027435 -3.3054657 8.842041
-3.0503998 -3.4340057 8.937256
-3.0218353 -3.557785 8.8515625
-3.0218353 -3.6053925 8.799194
-3.0480194 -3.6482391 8.799194
-3.064682 -3.705368 8.777771
-3.090866 -3.7982025 8.718262
-3.128952 -3.8505707 8.637329
-3.2217865 -3.8124847 8.5563965
-3.386032 -3.8291473 8.506409
-3.5431366 -3.788681 8.508789
-3.6859589 -3.8172455 8.563538
-3.6931 -3.8957977 8.758728
-3.6835785 -3.9695892 8.763489
-3.712143 -3.9576874 8.8349
-3.7073822 -3.8481903 8.749207
-3.6454926 -3.7910614 8.7682495
-3.5669403 -3.8053436 8.842041
-3.519333 -3.7934418 8.870605
-3.4669647 -3.814865 8.889648
-3.4860077 -3.8481903 8.737305
-3.5931244 -3.807724 8.64447
-3.6193085 -3.7553558 8.504028
-3.6716766 -3.7934418 8.611145
-3.712143 -3.8838959 8.57782
-3.7288055 -3.9505463 8.618286
-3.7859344 -3.929123 8.45166
-3.88591 -3.8386688 8.544495
-3.9977875 -3.7767792 8.761108
-3.9930267 -3.788681 8.882507
-4.01445 -3.807724 8.818237
-3.9668427 -3.769638 8.763489
-3.995407 -3.7720184 8.651611
-3.988266 -3.7743988 8.558777
-4.021591 -3.7410736 8.508789
-4.0739594 -3.800583 8.38501
-4.0477753 -3.9219818 8.292175
-4.0049286 -4.0100555 8.237427
-3.95018 -4.2028656 8.189819
-3.8930511 -4.2980804 8.280273
-3.8454437 -4.2528534 8.2421875
-3.8835297 -4.1766815 8.294556
-3.8502045 -4.1171722 8.430237
-3.866867 -4.1623993 8.446899
-3.8168793 -4.212387 8.38501
-3.814499 -4.250473 8.346924
-3.7883148 -4.2338104 8.332642
-3.8335419 -4.236191 8.401672
-3.8716278 -4.219528 8.477844
-3.8573456 -4.2219086 8.544495
-3.8692474 -4.1766815 8.5802
-3.8740082 -4.0743256 8.570679
-3.8168793 -4.076706 8.627808
-3.7740326 -4.064804 8.64447
-3.6811981 -4.1957245 8.601624
-3.6002655 -4.2100067 8.496887
-3.5383759 -4.2409515 8.394531
-3.5217133 -4.276657 8.287415
-3.4955292 -4.219528 8.173157
-3.4741058 -4.129074 8.154114
-3.5359955 -4.012436 8.096985
-3.5550385 -4.0100555 8.073181
-3.6145477 -4.026718 8.027954
-3.635971 -4.0624237 8.0946045
-3.6883392 -3.9315033 7.9851074
-3.7240448 -3.898178 8.030334
-3.8359222 -3.993393 8.146973
-3.9168549 -3.9648285 8.220764
-3.9454193 -3.9410248 8.2421875
-3.8835297 -4.152878 8.530212
-3.8049774 -4.1623993 8.730164
-3.6645355 -3.955307 8.682556
-3.7430878 -3.78154 8.518311
-3.764511 -3.0602875 7.673279
-4.1382294 -2.3271332 7.4995117
-4.9999237 -2.3675995 7.2948
-7.068466 -2.800827 9.934631
-8.522873 -3.0388641 12.265015
-8.691879 -2.0914764 11.796082
-8.020615 -1.8724823 10.986755
-6.5305023 -1.3321381 9.322876
-5.328415 -1.7248993 8.232666
-4.71904 -2.3866425 7.589966
-4.942795 -3.4839935 7.4138184
-5.3379364 -4.6503754 6.8710938
-5.142746 -4.288559 5.7713623
-4.7928314 -3.9386444 6.26886
-4.033493 -3.898178 8.061279
-2.9385223 -3.4316254 9.5442505
-2.1625214 -3.1197968 9.963196
-2.0077972 -3.0674286 9.456177
-2.3696136 -3.2150116 8.889648
-2.788559 -3.6625214 8.349304
-2.852829 -4.1576385 8.030334
-2.743332 -4.4861298 7.9089355
-2.7266693 -4.314743 7.989868
-2.85997 -4.083847 8.013672
-3.0956268 -4.217148 7.9970093
-3.1432343 -4.4075775 7.8256226
-3.109909 -4.5861053 7.775635
-2.9647064 -4.6765594 7.7042236
-2.9861298 -4.821762 7.828003
-3.0980072 -4.916977 7.87323
-3.026596 -4.9336395 8.073181
-2.9456635 -5.12883 8.175537
-2.9504242 -5.1716766 8.3064575
-2.9456635 -5.2097626 8.418335
-3.007553 -5.124069 8.235046
-3.1694183 -5.1121674 8.201721
-3.4860077 -5.012192 8.218384
-4.090622 -4.314743 8.142212
-5.109421 -4.4456635 8.189819
-6.735214 -4.6646576 10.315491
-7.470749 -4.74321 12.607788
-6.5305023 -3.8220062 12.034119
-5.3069916 -4.364731 11.33905
-4.090622 -4.474228 9.068176
-3.8716278 -4.288559 7.4352417
-4.5309906 -4.621811 6.564026
-5.4212494 -5.0098114 6.5283203
-5.8568573 -5.688217 6.4473877
-5.340317 -5.892929 7.244812
-4.188217 -5.654892 8.187439
-3.1908417 -5.0050507 8.739685
-2.8861542 -4.371872 8.715881
-3.0742035 -4.0290985 8.277893
-3.2908173 -3.9791107 7.7851563
-3.2098846 -4.026718 7.5233154
-2.9599457 -4.219528 7.5042725
-2.7742767 -4.179062 7.475708
-2.7100067 -4.1623993 7.6137695
-2.7076263 -4.090988 7.430481
-2.8813934 -3.948166 7.2043457
-2.9861298 -3.8053436 7.149597
-3.0146942 -3.8291473 7.328125
-2.9908905 -3.8934174 7.5375977
-3.0408783 -4.057663 7.692322
-2.962326 -4.307602 7.899414
-2.8861542 -4.4980316 8.101746
-2.8766327 -4.640854 8.25647
-2.8623505 -4.712265 8.216003
-3.007553 -4.731308 8.3064575
-3.1265717 -4.866989 8.434998
-3.1813202 -4.8003387 8.646851
-3.2170258 -4.6765594 8.718262
-3.205124 -4.74559 8.749207
-3.231308 -4.9003143 8.689697
-3.1908417 -4.9264984 8.637329
-3.128952 -5.0050507 8.696838
-3.1194305 -5.0026703 8.637329
-3.1622772 -5.0240936 8.506409
-3.2360687 -5.052658 8.344543
-3.167038 -4.8503265 8.392151
-3.167038 -4.628952 8.530212
-3.3455658 -4.340927 8.70874
-3.5288544 -3.9719696 8.639709
-3.6764374 -3.622055 8.730164
-3.764511 -3.512558 8.813477
-3.719284 -3.5268402 8.751587
-3.6526337 -3.5339813 8.506409
-3.5883636 -3.698227 8.313599
-3.6193085 -3.7386932 8.12793
-3.5788422 -3.679184 8.1922
-3.5098114 -3.4768524 8.375488
-3.4526825 -3.1055145 8.649231
-3.386032 -3.0531464 8.749207
-3.3098602 -2.8365326 8.475464
-3.302719 -2.5865936 8.268372
-3.8930511 -1.6963348 8.570679
-5.090378 -1.3821259 9.210999
-7.016098 -1.3726044 11.986511
-7.444565 -1.5915985 13.179077
-6.9494476 -1.6082611 12.079346
-5.9020844 -2.448532 10.884399
-4.8499603 -3.0222015 9.484741
-4.2024994 -3.307846 8.016052
-4.231064 -3.8362885 7.225769
-4.8071136 -4.448044 7.589966
-4.873764 -4.9074554 7.2876587
-4.46434 -4.61467 6.711609
-4.1334686 -4.9145966 6.9972534
-3.6240692 -4.8360443 7.397156
-3.0980072 -4.93602 7.987488
-2.7599945 -5.1383514 8.446899
-2.5671844 -5.0669403 8.213623
-2.4386444 -5.2787933 8.19696
-2.4219818 -5.162155 7.9660645
-2.4624481 -5.32164 7.951782
-2.5171967 -5.5430145 7.847046
-2.5148163 -5.8119965 7.5828247
-2.5886078 -6.0119476 7.2424316
-2.6576385 -5.866745 7.123413
-2.9575653 -5.3835297 7.373352
-3.469345 -4.955063 8.104126
-3.9549408 -4.628952 8.861084
-4.295334 -4.602768 9.35144
-4.4524384 -4.783676 9.356201
-4.502426 -5.0169525 9.175293
-4.495285 -5.00029 8.83728
-4.4476776 -4.7408295 8.434998
-4.3572235 -4.500412 8.230286
-4.2167816 -4.276657 7.9136963
-3.897812 -4.152878 7.861328
-3.5693207 -3.955307 7.7423096
-3.3312836 -3.9124603 7.823242
-3.1003876 -3.7958221 7.763733
-2.943283 -3.8410492 7.642334
-2.9147186 -3.9529266 7.55188
-2.9528046 -3.8386688 7.609009
-2.8813934 -3.4340057 7.823242
-2.8195038 -3.1269379 8.039856
-2.7957 -3.1959686 8.289795
-2.7409515 -3.3768768 8.456421
-2.5933685 -3.8886566 8.399292
-2.5171967 -4.507553 8.413574
-2.5290985 -4.674179 8.625427
-2.6433563 -4.5599213 8.994385
-2.8552094 -4.1814423 9.039612
-3.0361176 -3.91008 9.439514
-3.0218353 -4.012436 9.494263
-3.090866 -4.3552094 9.213379
-3.1956024 -4.5623016 8.877747
-3.4074554 -4.564682 8.739685
-3.6335907 -4.2599945 8.623047
-3.8502045 -3.6291962 8.611145
-3.9335175 -3.326889 8.956299
-3.95018 -3.3102264 8.951538
-3.9382782 -3.410202 9.013428
-3.8573456 -3.217392 9.232422
-3.802597 -2.7413177 9.270508
-3.8264008 -2.634201 9.199097
-3.8073578 -2.5461273 9.232422
-3.764511 -2.422348 9.28717
-3.7668915 -2.2652435 9.34668
-3.9382782 -2.2081146 9.182434
-3.8240204 -2.4723358 9.41095
-3.4955292 -2.6699066 9.453796
-3.3693695 -2.9531708 9.344299
-3.3241425 -3.0912323 9.432373
-3.212265 -3.4982758 8.801575
-3.2241669 -3.1174164 9.656128
-3.083725 -3.3768768 10.003662
-2.8885345 -3.5435028 9.739441
-2.7528534 -3.917221 9.496643
-2.7219086 -4.121933 8.984863
-2.826645 -4.0148163 8.877747
-2.9147186 -3.9719696 8.570679
-2.9075775 -4.333786 8.430237
-2.9051971 -4.762253 8.3255005
-2.9647064 -4.909836 8.344543
-2.9123383 -4.7360687 8.377869
-2.8813934 -4.5170746 8.246948
-2.7576141 -4.1124115 8.144592
-2.6266937 -3.9529266 8.356445
-2.5600433 -4.1957245 8.358826
-2.3315277 -4.8170013 8.315979
-2.2553558 -5.0240936 8.38739
-2.4219818 -4.557541 8.775391
-2.5481415 -3.9981537 8.842041
-3.5931244 -3.050766 8.875366
-5.1141815 -2.9983978 8.982483
-7.001816 -2.960312 10.705872
-6.920883 -2.248581 11.422363
-5.9734955 -2.479477 12.138855
-4.861862 -3.1578827 11.348572
-4.185837 -3.2983246 9.080078
-4.257248 -3.6934662 7.887512
-4.4072113 -3.8600922 7.5614014
-3.9454193 -3.8791351 7.482849
-3.7716522 -4.1314545 8.061279
-3.186081 -4.3766327 7.732788
-2.8314056 -4.1171722 8.039856
-2.5171967 -3.8600922 8.627808
-2.3862762 -3.5077972 8.637329
-2.391037 -3.622055 8.684937
-2.3101044 -3.7553558 8.534973
-2.2791595 -3.8934174 8.463562
-2.3791351 -4.057663 8.568298
-2.3815155 -3.9243622 8.592102
-2.41008 -3.7220306 8.496887
-2.5433807 -3.5863495 8.294556
-2.8671112 -3.3506927 7.854187
-3.231308 -3.2507172 7.8113403
Time Stop = 6052
