Time Start = 7022
-9.163193 -5.374008 2.9315796
-9.087021 -5.026474 2.7625732
-8.95134 -4.878891 2.8744507
-8.768051 -4.87175 2.9910889
-8.910873 -4.326645 2.6102295
-8.5395355 -3.5077972 1.4105225
-9.348862 -3.5458832 1.0320435
-10.517624 -3.2269135 1.741394
-9.993942 -2.7556 1.2819824
-9.179855 -2.5342255 1.189148
-8.844223 -2.293808 1.5152588
-8.665695 -1.9534149 1.593811
-8.534775 -1.6487274 1.5009766
-8.361008 -1.4844818 1.2772217
-8.301498 -1.3440399 0.9273071
-8.234848 -1.3202362 0.65356445
-8.201523 -1.4940033 0.5083618
-8.146774 -1.5987396 0.32507324
-8.092026 -1.8701019 0.05847168
-8.18486 -2.0391083 -0.22717285
-8.358627 -2.2628632 -0.62231445
-8.57048 -2.3795013 -0.8317871
-8.6418915 -2.7389374 -1.0198364
-8.644272 -2.9198456 -1.2316895
-8.663315 -2.9912567 -1.3126221
-8.6228485 -3.1031342 -1.3221436
-8.589523 -3.1816864 -1.414978
-8.637131 -3.0936127 -1.4840088
-8.75853 -3.160263 -1.5316162
-8.965622 -3.2150116 -1.6244507
-9.52739 -3.2031097 -1.536377
-9.972519 -2.974594 -1.4387817
-10.093918 -2.7508392 -1.68396
-10.229599 -3.0793304 -1.9243774
-10.146286 -3.9600677 -1.3173828
-9.948715 -4.2790375 -0.71990967
-9.705917 -4.409958 -0.88653564
-9.946335 -4.6432343 -1.0055542
-10.134384 -4.943161 -1.4364014
-10.198654 -5.2288055 -1.8672485
-10.30101 -5.5620575 -2.0338745
-10.396225 -5.4097137 -2.1219482
-10.55809 -5.1502533 -1.998169
-10.736618 -4.943161 -1.8291626
-10.998459 -4.962204 -1.5673218
-11.172226 -4.957443 -1.6054077
-11.39122 -4.995529 -1.6601563
-11.531662 -5.0693207 -1.7767944
-11.757797 -5.076462 -1.8601074
-11.96489 -5.059799 -1.7363281
-12.091049 -5.0502777 -1.5482788
-12.336227 -5.097885 -1.2245483
-12.538559 -5.1835785 -0.93652344
-12.624252 -5.3168793 -0.5913696
-12.631393 -5.476364 -0.22717285
-12.614731 -5.6001434 0.08227539
-12.552841 -5.685837 0.44171143
-12.48381 -5.77153 0.85113525
-12.367172 -5.8048553 1.151062
-12.183884 -5.8715057 1.2677002
-12.057724 -5.8429413 1.1558228
-12.060104 -5.9095917 0.98205566
-12.276718 -5.938156 0.72021484
-12.495712 -5.9452972 0.625
-12.531418 -5.8715057 0.31079102
-12.557602 -5.8191376 0.25842285
-12.645676 -5.731064 0.5274048
-12.590927 -5.4668427 0.6987915
-12.462387 -5.352585 0.8796997
-12.307663 -5.1264496 0.81066895
-12.260056 -4.9836273 0.64404297
-12.231491 -4.814621 0.4607544
-12.193405 -4.783676 0.40124512
-12.117233 -4.7860565 0.47979736
-12.055344 -4.7741547 0.49645996
-12.000595 -4.821762 0.5940552
-11.860153 -4.814621 0.625
-11.717331 -4.7289276 0.6678467
-11.58403 -4.6241913 0.44885254
-11.634018 -4.602768 0.32983398
-11.717331 -4.5361176 0.08227539
-11.919662 -4.48851 -0.2819214
-12.22673 -4.3956757 -0.63183594
-12.562363 -4.2671356 -0.9888916
-12.778976 -4.052902 -1.2412109
-12.840866 -3.8957977 -1.5244751
-12.778976 -3.6506195 -1.6934814
-12.521896 -3.4792328 -1.94104
-12.364792 -3.2150116 -2.1219482
-12.390976 -3.0555267 -2.3266602
-12.559982 -2.8627167 -2.5646973
-12.857529 -2.7484589 -2.7503662
-13.25267 -2.6318207 -2.8408203
-13.690659 -2.6770477 -2.83844
-14.026291 -2.69133 -3.133606
-14.076279 -2.774643 -3.2788086
-14.01915 -2.8484344 -3.269287
-13.726364 -2.9579315 -3.1621704
-13.402634 -3.0031586 -3.171692
-13.064621 -2.9650726 -3.1193237
-12.776596 -2.8674774 -3.0979004
-12.536179 -2.7389374 -3.012207
-12.314804 -2.6651459 -2.7527466
-12.145798 -2.6222992 -2.5813599
-12.014877 -2.5580292 -2.4337769
-11.888718 -2.6484833 -2.3980713
-11.791122 -2.6651459 -2.2433472
-11.405502 -2.7484589 -2.1885986
-11.055588 -2.8246307 -1.9553223
-10.61998 -2.9436493 -1.8862915
-10.308151 -3.0674286 -1.8172607
-9.962997 -3.179306 -1.9362793
-9.684494 -3.1174164 -1.9767456
-9.358383 -3.0079193 -1.9291382
-8.89183 -2.8912811 -1.7339478
-8.418137 -2.8555756 -1.562561
-7.965866 -2.8722382 -1.4054565
-7.6159515 -2.9626923 -1.1364746
-7.3017426 -3.1007538 -0.72229004
-7.1660614 -3.2078705 -0.26287842
-6.985153 -3.3411713 0.12036133
-6.8066254 -3.384018 0.3203125
-6.785202 -3.5077972 0.27270508
-6.8661346 -3.531601 0.048950195
-7.1208344 -3.455429 -0.079589844
-7.3898163 -3.3744965 -0.2652588
-7.54216 -3.2697601 -0.40093994
-7.5659637 -3.1745453 -0.3461914
-7.546921 -3.0674286 -0.30334473
-7.4231415 -3.0293427 -0.16766357
-7.3398285 -2.9650726 0.051330566
-7.254135 -2.9983978 0.33459473
-7.232712 -3.07695 0.6916504
-7.2303314 -3.1269379 1.1248779
-7.311264 -3.217392 1.3391113
-7.406479 -3.20549 1.105835
-7.658798 -3.1364594 0.6178589
-8.115829 -2.8603363 0.18939209
-8.834702 -2.5532684 0.06085205
-9.353622 -2.2390594 0.020385742
-9.479782 -2.070053 0.16082764
-9.244125 -2.070053 0.54644775
-8.979904 -2.024826 1.0153809
-8.787094 -2.1985931 1.2391357
-8.684738 -2.460434 1.427185
-8.729965 -2.7079926 1.6842651
-8.7704315 -2.8912811 1.4724121
-8.701401 -3.031723 0.939209
-8.603806 -3.0817108 0.29174805
-9.103683 -2.974594 -0.13909912
-9.839218 -2.9579315 -0.3795166
-10.465256 -3.031723 -0.5032959
-10.984177 -3.262619 -0.45568848
-11.543564 -3.5339813 -0.5699463
-12.143417 -3.7291718 -0.62945557
-12.812302 -3.9196014 -0.7437134
-13.419296 -4.0790863 -1.0031738
-13.935837 -4.2528534 -1.1245728
-14.297653 -4.4789886 -1.3554688
-14.480942 -4.7360687 -1.5863647
-14.4857025 -4.9979095 -1.7339478
-14.53093 -5.159775 -1.74823
-14.445236 -5.224045 -1.7863159
-14.250046 -5.25737 -1.7720337
-13.945358 -5.2478485 -1.7791748
-13.438339 -5.052658 -1.5339966
-12.80278 -4.916977 -1.2245483
-12.233871 -4.7931976 -0.90319824
-11.6697235 -4.5408783 -0.5342407
-11.126999 -4.3099823 -0.44140625
-10.767563 -4.1576385 -0.446167
-10.474777 -4.052902 -0.7103882
-10.336716 -3.9386444 -0.78656006
-10.320053 -3.9076996 -0.75561523
-10.358139 -3.8838959 -0.6699219
-10.274826 -3.8672333 -0.61279297
-10.227219 -3.8862762 -0.61279297
-10.201035 -3.9648285 -0.60565186
-10.208176 -4.0552826 -0.5437622
-10.077255 -4.1504974 -0.5032959
-10.086777 -4.3314056 -0.3866577
-10.022507 -4.4266205 -0.35809326
-10.051071 -4.481369 -0.28668213
-10.036789 -4.557541 -0.24859619
-10.04631 -4.5408783 -0.36761475
-10.253403 -4.583725 -0.45568848
-10.467636 -4.6313324 -0.61279297
-10.786606 -4.7075043 -0.7080078
-11.122238 -4.866989 -0.64849854
-11.465012 -5.071701 -0.45806885
-11.655441 -5.2930756 -0.36523438
-11.750656 -5.4906464 -0.32476807
-11.872055 -5.7144012 -0.29382324
-12.038681 -6.0357513 -0.32476807
-12.207687 -6.2928314 -0.5199585
-12.257675 -6.5046844 -0.50805664
-12.207687 -6.7117767 -0.40093994
-11.933945 -6.7022552 -0.2723999
-11.786362 -6.597519 -0.2319336
-11.84111 -6.3832855 -0.21289063
-12.124374 -6.297592 0.018005371
-12.469528 -6.2737885 0.20129395
-12.619492 -6.2095184 0.43933105
-12.552841 -6.078598 0.67974854
-12.367172 -5.9714813 0.8963623
-12.35289 -5.847702 0.8725586
-12.35289 -5.616806 0.4845581
-12.405258 -5.2978363 0.115600586
-12.455246 -4.9407806 -0.31524658
-12.724228 -4.655136 -0.66516113
-13.005112 -4.4147186 -0.9746094
-13.231247 -4.2909393 -1.2364502
-13.31218 -4.1314545 -1.267395
-13.195541 -3.871994 -1.3745117
-13.069382 -3.6625214 -1.4221191
-13.105087 -3.4459076 -1.5244751
-13.274094 -3.2721405 -1.6625366
-13.564499 -3.1316986 -1.9338989
-13.850143 -3.0102997 -2.1409912
-14.071518 -2.903183 -2.364746
-14.300034 -2.9341278 -2.1814575
-14.242905 -2.9579315 -1.998169
-14.1072235 -3.031723 -2.0195923
-14.031052 -3.0031586 -2.0100708
-13.8763275 -3.0293427 -2.1743164
-13.643051 -3.0364838 -2.2314453
-13.452621 -3.050766 -2.2504883
-12.990829 -3.088852 -2.236206
-12.619492 -3.0817108 -2.043396
-12.171982 -3.0412445 -1.9719849
-11.77684 -3.0602875 -1.8981934
-11.498337 -3.0460052 -1.8529663
-11.246017 -2.9841156 -1.8386841
-11.031784 -2.986496 -1.8148804
-10.781845 -2.9246063 -1.7839355
-10.55571 -2.8412933 -1.7696533
-10.291489 -2.7651215 -1.7458496
-9.941574 -2.62706 -1.8339233
-9.560715 -2.4842377 -1.857727
-9.220322 -2.4699554 -1.7910767
-8.918015 -2.5342255 -1.7125244
-8.660934 -2.6222992 -1.4197388
-8.451462 -2.7532196 -1.0983887
-8.289597 -2.8793793 -0.8674927
-8.234848 -2.9246063 -0.71990967
-8.299118 -2.8246307 -0.67230225
-8.525253 -2.6746674 -0.6746826
-8.63475 -2.5175629 -0.69610596
-8.656174 -2.3699799 -0.7437134
-8.541916 -2.3104706 -0.805603
-8.477646 -2.2414398 -0.79608154
-8.361008 -2.203354 -0.7889404
-8.258652 -2.0295868 -0.81274414
-8.030136 -1.9034271 -0.7508545
-7.8516083 -1.7629852 -0.805603
-7.6088104 -1.7248993 -0.677063
-7.299362 -1.7439423 -0.58898926
-7.066086 -1.8439178 -0.19384766
-6.7423553 -1.9653168 0.08227539
-6.5900116 -2.089096 0.29412842
-6.5566864 -2.1414642 0.17749023
-6.694748 -2.1581268 -0.12005615
-6.9732513 -2.0581512 -0.42712402
-7.296982 -1.9105682 -0.60565186
-7.465988 -1.8915253 -0.68896484
-7.485031 -2.0295868 -0.6080322
-7.4421844 -2.2723846 -0.37713623
-7.425522 -2.6437225 -0.015319824
-7.6421356 -3.0150604 0.4345703
-8.011093 -3.4839935 0.74401855
-8.575241 -3.9076996 0.6416626
-9.334579 -4.1504974 0.246521
-10.065353 -4.302841 -0.25811768
-10.734238 -4.2290497 -0.71990967
-11.32933 -4.090988 -1.0531616
-11.843491 -3.9838715 -1.1745605
-12.345749 -3.864853 -1.0722046
-12.883713 -3.826767 -1.036499
-13.559738 -3.9386444 -1.0650635
-14.159592 -4.148117 -1.1507568
-14.688034 -4.4218597 -1.2078857
-14.961777 -4.802719 -1.3983154
-15.195053 -5.224045 -1.3935547
-15.195053 -5.5168304 -1.4554443
-15.078415 -5.776291 -1.6982422
-14.878464 -5.950058 -1.7767944
-14.464279 -6.2404633 -1.7767944
-13.859665 -6.2928314 -1.8196411
-13.331223 -6.28331 -1.7982178
-12.724228 -6.226181 -1.7125244
-12.207687 -6.0762177 -1.5578003
-11.722092 -5.8715057 -1.3935547
-11.441208 -5.647751 -1.1364746
-11.353134 -5.309738 -0.88653564
-11.296005 -4.9788666 -0.7937012
-11.3745575 -4.6051483 -0.7579956
-11.526901 -4.2599945 -0.824646
-11.562607 -3.9791107 -0.84368896
-11.526901 -3.8124847 -0.7484741
-11.4388275 -3.8172455 -0.6080322
-11.2079315 -3.833908 -0.5794678
-10.998459 -3.936264 -0.42712402
-10.905624 -4.000534 -0.3057251
-10.955612 -4.0743256 -0.24621582
-11.065109 -4.243332 -0.31048584
-11.186508 -4.3932953 -0.39379883
-11.250778 -4.61467 -0.5794678
-11.345993 -4.795578 -0.67230225
-11.341232 -4.93602 -0.6984863
-11.310287 -5.0169525 -0.805603
-11.343613 -5.078842 -0.65563965
-11.360275 -5.1502533 -0.67230225
-11.514999 -5.314499 -0.56518555
-11.564987 -5.4644623 -0.42474365
-11.543564 -5.5811005 -0.28430176
-11.315048 -5.597763 -0.23669434
-11.146042 -5.5620575 -0.13195801
-11.06749 -5.4287567 -0.008178711
-11.115097 -5.283554 -0.022460938
-11.386459 -5.3311615 -0.13195801
-12.014877 -5.526352 -0.081970215
-12.807541 -5.821518 0.015625
-13.257431 -6.014328 -0.015319824
-13.293137 -6.1143036 -0.13195801
-13.176498 -6.045273 -0.29144287
-13.033676 -5.764389 -0.47473145
-12.92894 -5.3311615 -0.86035156
-12.871811 -4.9003143 -1.1412354
-12.814682 -4.3956757 -1.5316162
-12.795639 -4.012436 -1.7053833
-12.843246 -3.6934662 -1.793457
-12.962265 -3.4697113 -1.7982178
-13.067001 -3.3625946 -1.8696289
-12.99321 -3.1816864 -1.979126
-12.843246 -3.0626678 -2.0600586
-12.714706 -2.846054 -2.2600098
-12.552841 -2.7222748 -2.5028076
-12.540939 -2.7794037 -2.5646973
-12.719467 -2.9650726 -2.4361572
-12.914658 -3.262619 -2.3076172
-13.093185 -3.4625702 -2.1362305
-13.18602 -3.4911346 -2.126709
-13.1193695 -3.4839935 -2.1409912
-12.983688 -3.281662 -2.4718628
-12.857529 -3.0745697 -2.6813354
-12.733749 -2.9817352 -2.9384155
-12.581406 -2.922226 -2.9526978
-12.333847 -2.8412933 -2.9003296
-12.019638 -2.7841644 -2.7503662
-11.653061 -2.7722626 -2.5789795
-11.2603 -2.7222748 -2.4885254
-10.834213 -2.7508392 -2.2885742
-10.577133 -2.857956 -2.0838623
-10.243881 -2.9127045 -1.7839355
-9.898727 -2.960312 -1.5863647
-9.586899 -3.0460052 -1.3150024
-9.332199 -3.0531464 -1.0317383
-9.089401 -3.088852 -0.8222656
-8.82756 -3.14122 -0.82702637
-8.69664 -3.2340546 -0.8674927
-8.703781 -3.2483368 -0.9246216
-8.665695 -3.20549 -0.9460449
-8.6228485 -3.1388397 -1.0793457
-8.658554 -2.9888763 -1.1745605
-8.732346 -2.8103485 -1.1531372
-8.858505 -2.6389618 -1.1293335
-8.910873 -2.6365814 -1.1436157
-8.765671 -2.774643 -1.0603027
-8.537155 -2.903183 -0.9627075
-8.37529 -2.993637 -0.91986084
-8.24675 -3.0031586 -0.77941895
-8.130112 -2.9841156 -0.7103882
-8.061081 -2.8960419 -0.7175293
-7.8968353 -2.781784 -0.5842285
-7.701645 -2.7032318 -0.5770874
-7.511215 -2.6222992 -0.46520996
-7.316025 -2.6365814 -0.27478027
-7.2255707 -2.6103973 -0.2557373
-7.273178 -2.5270844 -0.15338135
-7.361252 -2.5032806 -0.079589844
-7.4112396 -2.4699554 0.05847168
-7.4231415 -2.5009003 0.1227417
-7.2612762 -2.6032562 0.20843506
-7.1541595 -2.698471 0.25128174
-7.118454 -2.8103485 0.09893799
-7.0756073 -2.8817596 0.09893799
-7.047043 -3.050766 0.032287598
-7.106552 -3.2221527 0.10131836
-7.266037 -3.4411469 0.16558838
-7.6159515 -3.762497 0.29412842
-8.087265 -3.9005585 0.07513428
-8.606186 -3.8886566 -0.34381104
-9.0846405 -3.769638 -0.6937256
-9.539291 -3.6006317 -0.7984619
-9.920151 -3.4530487 -0.75323486
-10.196274 -3.3935394 -0.7437134
-10.574753 -3.3983002 -0.7579956
-11.115097 -3.4649506 -0.84606934
-11.745895 -3.5149384 -1.0888672
-12.450485 -3.531601 -1.2293091
-13.007492 -3.698227 -1.4483032
-13.362167 -3.8838959 -1.7982178
-13.752548 -4.0624237 -2.0219727
-14.040573 -4.1576385 -2.1933594
-14.311935 -4.2980804 -2.3814087
-14.4214325 -4.4980316 -2.2719116
-14.347641 -4.6456146 -2.088623
-13.962021 -4.738449 -2.0314941
-13.607346 -4.750351 -2.00531
-13.331223 -4.712265 -2.0195923
-13.131271 -4.5932465 -1.8648682
-12.893234 -4.609909 -1.6934814
-12.714706 -4.74559 -1.4387817
-12.5457 -4.852707 -1.0912476
-12.398117 -5.033615 -0.8722534
-12.22197 -5.2359467 -0.69610596
-12.045822 -5.378769 -0.5913696
-11.819687 -5.5953827 -0.5342407
-11.638779 -5.783432 -0.31048584
-11.417404 -5.904831 -0.2319336
-11.317429 -5.9024506 -0.35095215
-11.307907 -5.859604 -0.26287842
-11.443588 -5.840561 -0.3866577
-11.745895 -5.8191376 -0.3223877
-12.171982 -5.7024994 -0.33666992
-12.61235 -5.7620087 -0.510437
-12.99559 -5.731064 -0.6080322
-13.105087 -5.745346 -0.6246948
-12.997971 -5.738205 -0.44378662
-12.702805 -5.790573 -0.30096436
-12.383835 -5.847702 -0.15338135
-12.09343 -5.892929 -0.031982422
-11.893478 -5.89769 0.18463135
-11.591171 -5.8619843 0.17272949
-11.360275 -5.797714 0.17510986
-11.155563 -5.8500824 0.14416504
-11.191269 -6.0190887 0.20843506
-11.572128 -6.3713837 0.30841064
-12.188644 -6.718918 0.40838623
-12.714706 -7.092636 0.24414063
-13.18364 -7.3187714 0.18463135
-13.335983 -7.3854218 0.10131836
-13.281235 -7.283066 0.025146484
-13.062241 -6.7760468 -0.3128662
-12.745651 -6.0571747 -0.7318115
-12.552841 -5.3002167 -1.2126465
-12.452866 -4.5884857 -1.5911255
-12.586166 -3.9695892 -1.6363525
-12.819443 -3.5482635 -1.6601563
-13.076523 -3.3030853 -1.5720825
-13.1884 -3.1507416 -1.6315918
-13.097946 -3.1007538 -1.6530151
-13.114609 -3.07695 -1.5982666
-13.264572 -3.0460052 -1.6363525
-13.676376 -3.0364838 -1.6768188
-14.114365 -2.9365082 -1.9719849
-14.638046 -2.8746185 -2.1743164
-14.990341 -2.7317963 -2.4266357
-15.10936 -2.7127533 -2.5789795
-15.059372 -2.6651459 -2.6432495
-14.935593 -2.6127777 -2.5194702
-14.771347 -2.5413666 -2.543274
-14.53569 -2.5532684 -2.4504395
-14.283371 -2.5104218 -2.0124512
-13.969162 -2.358078 -1.8981934
-13.564499 -2.4532928 -1.7767944
-13.359787 -2.4247284 -1.4244995
-12.976547 -2.3437958 -1.3578491
-12.500473 -2.248581 -1.5839844
-12.212448 -2.172409 -2.036255
-12.026779 -2.0867157 -2.1885986
-11.726852 -2.1509857 -2.190979
-11.205551 -2.255722 -2.0671997
-10.643784 -2.5104218 -1.8196411
-10.115341 -2.7317963 -1.4768677
-9.65593 -2.9531708 -1.2412109
-9.2322235 -3.2078705 -1.0579224
-9.039413 -3.3578339 -0.74609375
-8.848984 -3.5149384 -0.6080322
-8.76091 -3.6006317 -0.62945557
-8.832321 -3.5173187 -0.66516113
-8.998947 -3.391159 -0.8389282
-9.20842 -3.1959686 -0.9246216
-9.215561 -2.9960175 -0.8984375
-8.939438 -2.8984222 -0.9579468
-8.627609 -2.8436737 -0.9650879
-8.265793 -2.7151337 -0.8341675
-8.044418 -2.6437225 -0.6865845
-7.882553 -2.615158 -0.6104126
-7.7492523 -2.5366058 -0.61279297
-7.739731 -2.4532928 -0.50805664
-7.5659637 -2.3937836 -0.36047363
-7.427902 -2.3437958 -0.34857178
-7.189865 -2.2414398 -0.21051025
-6.951828 -2.2081146 -0.0034179688
-6.70903 -2.2342987 0.27270508
-6.51622 -2.2057343 0.43218994
-6.425766 -2.1985931 0.6749878
-6.3472137 -2.1795502 0.8487549
-6.182968 -2.2057343 0.7559204
Time Stop = 7027
