Time Start = 1457236840
-4.2048798 -1.4844818 9.244324
-3.9287567 -1.4392548 9.02771
-3.4764862 -1.6273041 8.546875
-2.879013 -2.2628632 8.246948
-2.2767792 -2.479477 7.8637085
-1.4817352 -2.9388885 7.1376953
-1.8149872 -2.5532684 6.802063
-4.185837 -0.2752533 5.1619873
-3.090866 -1.6368256 6.4259644
-1.6864471 -1.0869598 5.82135
-0.85331726 -1.0988617 6.2355347
-0.74620056 -1.1512299 6.5878296
-1.153244 -0.87986755 6.449768
-1.8387909 -0.4156952 6.185547
-2.4672089 0.072280884 5.659485
-2.9480438 0.5912018 5.0025024
-3.1717987 1.2648468 4.383606
-3.3360443 1.7575836 4.083679
-3.3122406 1.8861237 3.7218628
-3.1908417 1.7147369 3.4433594
-3.1075287 1.169632 2.6744995
-3.193222 0.6150055 1.8032837
-3.526474 0.06752014 1.1367798
-3.8525848 -0.41807556 0.5654907
-4.2358246 -0.825119 0.046569824
-4.628586 -1.0298309 -0.3795166
-4.9356537 -1.1012421 -0.7508545
-5.4283905 -1.2464447 -0.96032715
-5.9663544 -1.177414 -0.8984375
-6.656662 -1.1107635 -0.805603
-7.3517303 -1.1226654 -0.72943115
-8.108688 -1.0798187 -1.3459473
-8.95134 -1.5154266 -1.4721069
-9.791611 -1.5987396 -2.2124023
-10.965134 -1.9867401 -2.4313965
-12.281479 -2.229538 -2.6123047
-13.690659 -2.967453 -2.1957397
-15.292648 -3.9838715 -2.1100464
-16.897018 -4.307602 -2.8360596
-18.022934 -3.9600677 -3.2312012
-18.406174 -3.531601 -4.614197
-19.671936 -2.1128998 -8.256165
-19.671936 -2.4818573 -7.3444824
-19.66777 -1.5082855 -6.873169
-19.253586 -1.2345428 -6.8945923
-19.671936 -1.286911 -6.256653
-19.671936 -1.5011444 -6.3685303
-19.671936 -2.2866669 -5.449707
-19.671936 -3.1269379 -4.204773
-19.671936 -4.0410004 -3.3168945
-19.671936 -4.905075 -3.0836182
-19.671936 -5.8048553 -4.538025
-17.980087 -5.5120697 -6.656555
-16.832748 -4.3099823 -8.3585205
-16.375717 -3.6053925 -9.274963
-15.925827 -3.5339813 -9.036926
-15.135544 -3.800583 -8.360901
-14.6523285 -3.8481903 -7.4492188
-14.768967 -3.1507416 -6.3447266
-15.076035 -2.69133 -5.730591
-15.152206 -2.460434 -5.2783203
-14.890366 -2.4366302 -4.8641357
-14.154831 -2.505661 -4.7094116
-12.99321 -2.717514 -4.1119385
-11.51976 -2.9579315 -3.4573364
-10.036789 -3.288803 -2.6408691
-8.782333 -3.6887054 -1.7815552
-7.825424 -4.031479 -0.75323486
-7.182724 -4.238571 0.027526855
-7.111313 -4.276657 0.8963623
-7.168442 -4.1433563 1.0534668
-7.2946014 -3.5649261 0.49645996
-7.637375 -3.14122 -0.13433838
-8.015854 -2.7603607 -0.6865845
-8.280075 -2.6651459 -1.3411865
-8.460983 -2.6318207 -2.0719604
-8.679977 -2.524704 -2.5456543
-9.006088 -2.2890472 -2.9074707
-9.184616 -2.1105194 -3.0336304
-9.241745 -2.0938568 -2.7694092
-9.14415 -2.1890717 -2.2076416
-8.896591 -2.415207 -1.4411621
-8.489548 -2.7556 -0.6342163
-7.906357 -3.0721893 -0.1081543
-7.356491 -3.2316742 0.32983398
-6.9803925 -3.2221527 0.4845581
-6.778061 -3.153122 0.3703003
-6.8018646 -3.1364594 0.12750244
-6.9803925 -3.0864716 -0.20098877
-7.34935 -3.2340546 -0.31762695
-8.137253 -3.410202 -0.68896484
-8.813278 -3.8410492 -1.0674438
-9.382187 -3.9886322 -1.3530884
-9.774948 -4.1005096 -1.1412354
-10.1558075 -4.4337616 -1.2316895
-10.55809 -4.7741547 -1.1817017
-10.905624 -4.8765106 -1.5435181
-11.883957 -4.909836 -2.4361572
-12.167221 -4.828903 -3.3573608
-12.074387 -4.74321 -3.9881592
-12.431442 -4.493271 -4.7094116
-12.717087 -4.462326 -5.0307617
-12.707565 -4.0862274 -5.668701
-12.762314 -3.7482147 -5.7163086
-12.821823 -3.2150116 -5.430664
-12.778976 -2.929367 -5.040283
-12.683762 -2.6865692 -4.723694
-12.783737 -2.0200653 -3.9000854
-12.73851 -1.4178314 -3.9405518
-13.069382 -1.5106659 -4.1690674
-13.57164 -1.3202362 -3.8191528
-13.814438 -1.2607269 -3.6072998
-13.907272 -1.4202118 -3.269287
-14.304794 -1.8367767 -3.1193237
-14.333359 -2.0748138 -3.2002563
-14.2738495 -2.3485565 -3.1455078
-14.754684 -2.7508392 -3.243103
-15.585434 -2.94841 -3.5549316
-16.297165 -2.7651215 -4.031006
-16.487595 -2.4199677 -4.3285522
-16.32811 -2.1985931 -4.518982
-15.606857 -2.1414642 -4.6332397
-14.59758 -2.1985931 -4.647522
-13.524033 -2.2723846 -4.57135
-12.60759 -2.3937836 -4.4451904
-11.795883 -2.5175629 -3.7953491
-10.993698 -2.5937347 -3.0217285
-10.30101 -2.5532684 -2.6551514
-9.939194 -2.331894 -2.64563
-9.808273 -2.0867157 -2.6361084
-9.470261 -1.9700775 -2.5646973
-8.88945 -1.9058075 -2.4052124
-8.458603 -1.896286 -2.236206
-8.115829 -1.8748627 -2.0838623
-7.823044 -1.8201141 -1.7006226
-7.554062 -1.6796722 -1.4673462
-7.170822 -1.6987152 -1.1959839
-6.7375946 -1.6915741 -0.9412842
-6.356735 -1.8820038 -0.8317871
-5.990158 -1.7915497 -0.7437134
-5.6259613 -1.9129486 -0.69610596
-5.373642 -1.8867645 -0.6032715
-5.2165375 -1.9724579 -0.42712402
-5.1522675 -2.0414886 -0.44854736
-5.135605 -2.017685 -0.44854736
-5.0451508 -1.9938812 -0.46520996
-5.009445 -1.9105682 -0.48187256
-4.9523163 -1.7986908 -0.510437
-4.9999237 -1.6677704 -0.5437622
-5.142746 -1.5344696 -0.5532837
-5.321274 -1.4297333 -0.56518555
-5.4879 -1.3845062 -0.52233887
-5.790207 -1.3464203 -0.51519775
-6.1544037 -1.2726288 -0.43188477
-6.535263 -1.3011932 -0.44140625
-6.8637543 -1.3464203 -0.5437622
-7.1017914 -1.3868866 -0.6032715
-7.2446136 -1.4606781 -0.6984863
-7.3707733 -1.5725555 -0.68896484
-7.5064545 -1.5796967 -0.72229004
-7.6349945 -1.646347 -0.7151489
-7.894455 -1.6582489 -0.72943115
-8.251511 -1.620163 -0.8079834
-8.668076 -1.5892181 -0.80322266
-9.115585 -1.5749359 -0.8341675
-9.636887 -1.4797211 -0.89367676
-10.241501 -1.3154755 -1.1150513
-10.819931 -1.222641 -1.2340698
-11.415024 -1.1321869 -1.4364014
-12.045822 -1.1464691 -1.7363281
-12.752792 -1.0679169 -1.9100952
-13.731125 -1.0774384 -2.0957642
-14.804672 -0.97984314 -2.4361572
-16.021042 -0.84654236 -2.762268
-17.518295 -0.71562195 -3.3811646
-18.991745 -0.7870331 -3.8881836
-19.671936 -0.8822479 -4.3285522
-19.671936 -1.075058 -4.447571
-19.671936 -1.9510345 -5.2616577
-18.734665 -3.364975 -4.821289
-16.918442 -4.2100067 -4.345215
-15.894882 -4.512314 -3.2907104
-14.733261 -4.6884613 -2.1790771
-13.44548 -4.68132 -0.8841553
-12.405258 -4.5408783 -0.32476807
-11.491196 -4.4599457 -0.3223877
-10.910385 -4.052902 -0.67944336
-10.677109 -3.550644 -1.3150024
-10.586655 -2.9722137 -1.9577026
-10.929428 -2.5032806 -2.4004517
-10.948471 -2.3342743 -2.690857
-11.13176 -2.1890717 -2.7765503
-11.512619 -2.1747894 -2.5575562
-11.498337 -2.2462006 -2.486145
-11.115097 -2.384262 -2.4647217
-10.581894 -2.5080414 -2.4432983
-9.884445 -2.7151337 -2.2766724
-9.308395 -2.960312 -2.1409912
-8.856125 -3.0626678 -1.8981934
-8.449081 -3.0817108 -1.626831
-8.042038 -3.2316742 -1.6768188
-8.0325165 -3.1864471 -1.0864868
-7.8349457 -2.876999 -1.0936279
-7.6468964 -2.8746185 -0.824646
-7.4350433 -2.8317719 -0.4628296
-7.2255707 -2.7841644 -0.27001953
-6.9613495 -2.7984467 -0.3390503
-6.7875824 -2.6699066 -0.45568848
-6.7185516 -2.6008759 -0.68182373
-6.7566376 -2.6318207 -0.7913208
-6.9304047 -2.5723114 -0.86035156
-7.2446136 -2.6246796 -0.8651123
-7.5564423 -2.7960663 -0.9817505
-8.039658 -2.9722137 -0.6913452
-8.537155 -3.1935883 0.21081543
-8.701401 -3.1674042 0.48693848
-8.846603 -3.2197723 0.28222656
-9.125107 -3.0007782 -0.105773926
-9.40123 -3.0269623 -0.2723999
-9.729721 -3.2078705 -0.54138184
-10.127243 -3.4768524 -0.99365234
-10.441452 -3.698227 -1.0222168
-10.738998 -3.9838715 -1.0031738
-11.077011 -4.0338593 -0.9127197
-11.319809 -4.193344 -0.7913208
-11.653061 -4.0433807 -0.59375
-11.924423 -4.005295 -0.7008667
-12.1577 -3.78154 -0.95080566
-12.605209 -3.6315765 -1.2007446
-13.369308 -3.5149384 -1.6339722
-14.59996 -3.3554535 -2.255249
-16.059128 -3.2530975 -2.9122314
-17.268356 -3.2150116 -3.493042
-17.589706 -3.2792816 -3.8429565
-16.71611 -3.3340302 -3.666809
-14.91893 -3.4054413 -3.345459
-13.2026825 -3.3173676 -2.736084
-12.074387 -3.3245087 -3.0169678
-12.383835 -2.7722626 -2.8860474
-12.921799 -2.350937 -2.5670776
-13.236008 -2.0986176 -4.12146
-14.319077 -1.5416107 -3.2573853
-13.976303 -1.0060272 -4.6522827
-14.0239105 -1.1488495 -3.92865
-14.050095 -0.5966034 -3.6382446
-13.666855 -0.32048035 -2.9979248
-13.326462 -0.3490448 -2.8789063
-13.012253 -0.58470154 -2.9169922
-12.388596 -1.0464935 -2.6932373
-11.886337 -1.2916718 -2.414734
-11.210312 -1.5796967 -2.274292
-10.384323 -1.6677704 -2.1029053
-9.751144 -1.4487762 -1.664917
-9.284592 -1.056015 -1.4863892
-9.065598 -1.1250458 -1.5697021
-8.82518 -1.370224 -1.7839355
-8.646652 -1.4940033 -1.8791504
-8.534775 -1.5725555 -1.8696289
-8.432419 -1.4868622 -2.050537
-8.406235 -1.3916473 -2.300476
-8.280075 -1.2535858 -2.3242798
-8.051559 -1.1988373 -2.395691
-7.9444427 -1.094101 -2.3695068
-7.8159027 -0.9608002 -2.3147583
-7.694504 -1.0060272 -2.3623657
-7.6849823 -1.1298065 -2.4123535
-7.765915 -1.2059784 -2.3218994
-7.723068 -1.2250214 -2.2766724
-7.708786 -1.2512054 -2.145752
-7.6397552 -1.2274017 -2.017212
-7.6016693 -1.2154999 -1.8434448
-7.5183563 -1.2107391 -1.7815552
-7.511215 -1.1440887 -1.8743896
-7.375534 -1.203598 -1.8529663
-7.3398285 -1.2750092 -1.914856
-7.239853 -1.2083588 -1.8839111
-7.208908 -1.2702484 -1.8862915
-7.2374725 -1.2202606 -1.9196167
-7.451706 -1.1726532 -1.8815308
-7.508835 -1.1226654 -1.9838867
-7.580246 -1.2250214 -2.0148315
-7.611191 -1.2964325 -1.9743652
-7.625473 -1.3416595 -1.8267822
-7.599289 -1.4106903 -1.7030029
-7.7111664 -1.4416351 -1.729187
-7.9634857 -1.4249725 -1.5911255
-8.487167 -1.3202362 -1.7506104
-9.089401 -1.0964813 -1.8291626
-9.753525 -0.9488983 -2.0386353
-10.600937 -0.87034607 -2.210022
-11.419785 -0.9322357 -2.3718872
-12.079147 -1.3345184 -2.5385132
-12.281479 -1.6701508 -2.5575562
-12.174362 -1.9581757 -2.2457275
-12.055344 -2.217636 -1.9267578
-12.0672455 -2.384262 -1.6101685
-12.393356 -2.5270844 -1.4054565
-12.8242035 -2.6841888 -1.1697998
-13.257431 -2.8341522 -0.82940674
-13.688278 -2.9127045 -0.47473145
-14.116745 -3.0602875 -0.3866577
-14.576157 -2.8746185 -0.8508301
-14.997482 -2.422348 -1.3126221
-15.099838 -1.8010712 -2.0386353
-14.959396 -1.1512299 -2.9193726
-14.992722 -0.77275085 -4.038147
-14.611862 -0.9417572 -4.4594727
-13.95726 -0.8989105 -4.3690186
-12.93132 -1.2250214 -3.7929688
-11.981552 -1.4701996 -3.1121826
-11.119858 -1.8986664 -2.319519
-10.424789 -2.0986176 -1.645874
-9.815414 -2.524704 -0.7937012
-9.213181 -2.7556 -0.6437378
-8.837082 -2.9912567 -0.43188477
-8.468124 -3.2031097 -0.08673096
-8.0325165 -3.1459808 0.12036133
-7.8658905 -2.9555511 0.25604248
-7.8658905 -2.9317474 0.15130615
-8.11821 -3.031723 -0.29858398
-8.675217 -3.2602386 -0.52233887
-9.01561 -3.2935638 -0.79608154
-9.141769 -3.4411469 -0.7841797
-9.1489105 -3.448288 -0.7984619
-9.27507 -3.410202 -0.5699463
-9.701157 -3.1459808 -0.2723999
-10.024887 -3.1126556 -0.2819214
-10.315292 -3.07695 -0.41046143
-10.479538 -3.1483612 -0.52948
-10.355759 -3.1555023 -0.56518555
-10.255783 -3.2459564 -0.49853516
-10.181992 -3.281662 -0.54138184
-10.436691 -3.4006805 -0.3866577
-10.779465 -3.5934906 -0.3057251
-11.238876 -3.833908 -0.1819458
-11.624496 -3.981491 -0.022460938
-11.912521 -4.2076263 0.1060791
-12.229111 -4.2599945 0.053710938
-12.452866 -4.2409515 -0.12243652
-12.626633 -4.031479 -0.52471924
-12.990829 -3.864853 -1.0864868
-13.723984 -3.7577362 -1.6934814
-14.621384 -3.698227 -2.2528687
-15.259323 -3.750595 -2.550415
-15.466415 -3.7220306 -2.6194458
-14.873703 -3.6887054 -2.4528198
-13.70256 -3.614914 -2.0957642
-12.388596 -3.6268158 -1.857727
-11.276962 -3.550644 -1.7529907
-10.74852 -3.519699 -1.7982178
-10.965134 -3.3173676 -1.9624634
-11.745895 -2.9269867 -2.0457764
-12.54808 -2.6365814 -2.0981445
-13.281235 -2.3866425 -2.4242554
-13.76207 -2.2462006 -2.569458
-14.02153 -2.1105194 -2.7146606
-14.0239105 -2.0676727 -2.781311
-13.952499 -1.9724579 -2.8479614
-13.735886 -1.896286 -2.90271
-13.400253 -1.9843597 -2.8693848
-12.957504 -2.1414642 -2.8360596
-12.105331 -2.1628876 -3.1669312
-11.58165 -2.331894 -3.0217285
-10.881821 -1.9819794 -2.9074707
-10.208176 -1.8391571 -2.4075928
-9.763046 -1.6725311 -2.4385376
-9.429794 -1.7368011 -2.6123047
-9.420273 -2.108139 -2.543274
-9.077499 -1.9486542 -2.312378
-8.972763 -1.4487762 -2.7146606
-9.117966 -1.3987885 -2.0386353
-9.258408 -1.203598 -2.4075928
-9.301254 -1.6082611 -2.6027832
-9.436935 -1.9319916 -2.6194458
-9.548813 -1.9034271 -2.7408447
-9.870163 -1.6749115 -2.8289185
-10.003464 -1.4630585 -2.7717896
-9.867783 -1.2702484 -2.83844
-9.584518 -1.2274017 -2.8812866
-9.248886 -1.2131195 -2.755127
-8.920395 -1.1726532 -2.6622925
-8.563339 -1.2178802 -2.614685
-8.394333 -1.2559662 -2.5646973
-8.251511 -1.2631073 -2.4361572
-8.322922 -1.2654877 -2.357605
-8.408615 -1.1988373 -2.1290894
-8.5395355 -1.1155243 -2.152893
-8.587143 -1.0726776 -2.06958
-8.599045 -0.9679413 -2.036255
-8.63475 -0.9179535 -2.171936
-8.610947 -0.908432 -2.1814575
-8.508591 -0.82273865 -2.1766968
-8.403854 -0.7370453 -2.2219238
-8.227707 -0.7870331 -2.1766968
-8.1610565 -0.81559753 -2.164795
-8.101547 -0.83940125 -2.1052856
-8.322922 -0.81559753 -2.0576782
-8.63237 -0.7275238 -2.1052856
-8.95372 -0.69181824 -2.1481323
-9.260788 -0.72276306 -2.1433716
-9.608322 -0.825119 -2.2885742
-9.793991 -1.0726776 -2.312378
-9.782089 -1.4273529 -2.2028809
-9.544052 -1.8558197 -2.1409912
-9.425034 -2.0652924 -1.8244019
-9.460739 -2.274765 -1.68396
-9.558334 -2.2581024 -1.453064
-9.753525 -2.1700287 -1.2412109
-9.953476 -2.1343231 -1.1459961
-10.134384 -2.0914764 -1.1269531
-10.529526 -1.9938812 -1.2745361
-11.010361 -1.7534637 -1.4483032
-11.419785 -1.5606537 -1.767273
-11.793503 -1.3773651 -1.9910278
-12.243393 -1.2916718 -2.1766968
-12.786118 -1.2964325 -2.4932861
-13.426437 -1.434494 -2.7122803
-13.923935 -1.6487274 -2.7575073
-14.026291 -1.915329 -2.781311
-13.781113 -2.1628876 -2.6813354
-13.459763 -2.3937836 -2.5028076
-12.969406 -2.596115 -2.2243042
-12.490952 -2.6294403 -2.0338745
-12.017258 -2.6675262 -1.960083
-11.514999 -2.5865936 -1.8077393
-11.0793915 -2.6484833 -1.645874
-10.696152 -2.6365814 -1.5863647
-10.481918 -2.646103 -1.5530396
-10.484299 -2.6889496 -1.4173584
-10.605698 -2.7270355 -1.2840576
-10.68663 -2.7889252 -1.2340698
-10.896103 -2.7960663 -1.1293335
-11.048447 -2.8698578 -1.074585
-11.205551 -2.9626923 -1.0388794
-11.217453 -3.179306 -1.1126709
-11.193649 -3.217392 -1.2364502
-11.172226 -3.1769257 -1.1626587
-10.984177 -3.2007294 -0.8151245
-10.903244 -3.3054657 -0.6413574
-10.760422 -3.4911346 -0.2890625
-10.658066 -3.6387177 0.0013427734
-10.489059 -3.6363373 0.16082764
-10.372421 -3.7006073 0.28222656
-10.353378 -3.7267914 0.25842285
-10.30101 -3.6934662 0.3274536
-10.377182 -3.667282 0.33221436
-10.562851 -3.6387177 0.14416504
-10.834213 -3.7125092 0.07751465
-11.179367 -3.833908 -0.081970215
-11.4388275 -3.917221 -0.012939453
-11.536423 -4.0100555 -0.00579834
-11.469772 -4.064804 -0.041503906
-11.514999 -4.0862274 -0.07720947
-11.717331 -3.948166 -0.4295044
-12.379074 -3.7553558 -0.60565186
-13.474045 -3.5601654 -1.036499
-14.91893 -3.4720917 -1.3792725
-16.032944 -3.3792572 -1.6934814
-16.406662 -3.4792328 -1.68396
-15.390244 -3.5720673 -1.453064
-13.357407 -3.7410736 -1.157898
-11.676865 -3.7148895 -1.2602539
-10.784225 -3.455429 -1.5482788
-10.696152 -3.0793304 -1.8410645
-11.448349 -2.8412933 -2.1029053
-12.383835 -2.5794525 -2.512329
-13.231247 -2.3080902 -2.9146118
-13.833481 -2.062912 -3.1835938
-14.2548065 -1.9010468 -3.3597412
-14.676132 -1.6582489 -3.466858
-15.026047 -1.5749359 -3.4573364
-15.042709 -1.6082611 -3.4002075
-14.823715 -1.6344452 -3.383545
-14.507126 -1.6868134 -3.3883057
-14.004868 -1.6511078 -3.1859741
-13.366928 -1.6320648 -2.9788818
-12.633774 -1.6344452 -2.8432007
-12.007736 -1.7701263 -2.5813599
-11.465012 -1.9034271 -2.543274
-11.022263 -1.9177094 -2.4528198
-10.641403 -1.9629364 -2.4932861
-10.23436 -1.8153534 -2.5385132
-10.082016 -1.7772675 -2.5028076
-9.855881 -1.7153778 -2.7265625
-9.648788 -1.6630096 -2.7789307
-9.453598 -1.555893 -2.7384644
-9.296494 -1.4225922 -2.6051636
-9.341721 -1.4892426 -2.6099243
-9.572617 -1.6392059 -2.421875
-9.760666 -1.6368256 -2.5408936
-9.970139 -1.5963593 -2.6123047
-9.958237 -1.5487518 -2.8312988
-9.793991 -1.5225677 -2.8027344
-9.541672 -1.3297577 -2.845581
-9.222702 -1.2607269 -2.7860718
-8.746628 -1.1536102 -2.6765747
-8.3919525 -1.203598 -2.5218506
-8.144394 -1.1321869 -2.5670776
-8.042038 -1.1274261 -2.357605
-7.894455 -1.1321869 -2.1862183
Time Stop = 1457236845
