Time Start = 408
-4.026352 -3.679184 6.6306763
-5.9425507 -1.8867645 4.8882446
-4.347702 -3.9910126 7.449524
-3.5883636 -3.5149384 6.3378906
-3.4074554 -3.1816864 6.0046387
-3.488388 -2.9507904 6.0689087
-3.962082 -2.56279 5.7856445
-4.707138 -2.679428 5.9070435
-5.468857 -3.5268402 6.2974243
-6.2186737 -4.095749 6.20697
-6.861374 -4.636093 6.07605
-7.197006 -5.2668915 5.738037
-7.194626 -5.750107 5.2786255
-7.054184 -5.9786224 5.0025024
-6.8661346 -5.9595795 4.8549194
-6.754257 -5.666794 4.8501587
-6.656662 -5.359726 4.878723
-6.7828217 -5.2740326 5.1810303
-7.118454 -5.3049774 5.2667236
-7.5778656 -5.2978363 4.9953613
-7.9444427 -5.288315 4.5026245
-8.137253 -5.473984 4.0598755
-8.063461 -5.673935 3.6123657
-7.932541 -5.90007 3.293396
-7.8135223 -6.111923 3.152954
-7.792099 -6.0500336 3.088684
-7.958725 -5.859604 2.9672852
-8.103928 -5.616806 2.9577637
-8.337204 -5.419235 2.850647
-8.729965 -5.340683 2.767334
-9.120346 -4.662277 2.4126587
-9.115585 -5.911972 2.5269165
-8.922775 -5.7286835 1.6723633
-9.153671 -5.64299 1.3986206
-9.522629 -5.5049286 1.6176147
-9.901108 -5.302597 1.7628174
-10.251022 -5.097885 1.8485107
-10.55809 -4.9026947 1.9484863
-10.755661 -4.8431854 1.71521
-10.9127655 -4.7479706 1.4938354
-11.050827 -4.8193817 1.2081909
-11.081772 -4.9384003 1.0082397
-11.141281 -5.026474 1.1034546
-11.236496 -5.0359955 1.0796509
-11.276962 -4.912216 0.94873047
-11.296005 -4.833664 0.7749634
-11.307907 -4.762253 0.58929443
-11.26506 -4.74559 0.71069336
-11.229355 -4.6384735 0.89160156
-10.927048 -4.429001 0.7892456
-10.741379 -4.1052704 0.6511841
-10.703293 -3.698227 0.45599365
-10.710434 -3.403061 0.3203125
-10.791367 -3.3554535 0.3274536
-10.781845 -3.4768524 0.24414063
-10.779465 -3.826767 0.31079102
-10.831833 -4.179062 0.68688965
-10.81279 -4.314743 0.6011963
-10.712814 -4.307602 0.59643555
-10.693771 -4.121933 0.71307373
-10.634262 -3.8291473 0.62976074
-10.543808 -3.6910858 0.55596924
-10.348618 -3.826767 0.43695068
-10.255783 -4.03862 0.50598145
-10.277206 -4.257614 0.625
-10.3033905 -4.364731 0.81781006
-10.360519 -4.3694916 0.8820801
-10.329575 -4.1576385 0.97491455
-10.265305 -3.9267426 1.0344238
-10.079636 -3.5220795 0.9534912
-9.877304 -3.2530975 1.170105
-9.663071 -3.1364594 1.2319946
-9.515488 -3.1316986 1.1843872
-9.356003 -3.1007538 1.1129761
-9.356003 -3.1293182 1.048706
-9.386948 -3.20549 1.0153809
-9.377426 -3.2269135 1.1439209
-9.344101 -3.1507416 0.98443604
-9.27269 -3.07695 0.9058838
-9.058456 -3.0650482 0.96539307
-8.9561 -3.0150604 0.9963379
-8.879929 -2.9507904 0.94873047
-8.756149 -2.9127045 0.836853
-8.725204 -2.94841 0.8487549
-8.779953 -2.94841 0.90826416
-8.82756 -3.0388641 1.0439453
-8.901352 -3.0674286 1.234375
-8.975143 -3.0817108 1.1867676
-8.894211 -3.0912323 1.0391846
-8.813278 -2.9626923 1.1224976
-8.751389 -2.9127045 1.2510376
-8.794235 -2.8984222 1.3486328
-8.8537445 -2.7317963 1.3986206
-8.896591 -2.6318207 1.5271606
-9.003708 -2.4580536 1.6176147
-9.044174 -2.403305 1.6914063
-9.134628 -2.403305 1.567627
-9.196518 -2.49852 1.3795776
-9.282211 -2.6175385 1.3319702
-9.346481 -2.569931 1.067749
-9.439316 -2.550888 1.0653687
-9.472641 -2.6508636 1.1820068
-9.584518 -2.7770233 1.401001
-9.717819 -2.729416 1.4533691
-9.813034 -2.6675262 1.3224487
-10.055832 -2.5604095 1.0653687
-10.560471 -2.581833 0.8796997
-11.212692 -2.9246063 1.1272583
-11.995834 -3.1935883 1.170105
-12.5457 -3.3340302 1.0558472
-12.6575775 -3.3173676 0.7797241
-12.291 -3.20549 0.6749878
-11.534042 -2.9246063 0.7178345
-10.981796 -2.717514 0.7797241
-10.788986 -2.6484833 0.8535156
-10.993698 -2.7794037 0.8130493
-11.467392 -3.024582 0.8201904
-11.850632 -3.179306 0.72735596
-11.986313 -3.1674042 0.6321411
-11.667343 -3.0174408 0.5345459
-11.167465 -2.929367 0.57977295
-10.579514 -2.812729 0.5821533
-10.048691 -2.7508392 0.477417
-9.639267 -2.7508392 0.41314697
-9.213181 -2.7151337 0.29412842
-8.979904 -2.5794525 0.2798462
-8.7704315 -2.4461517 0.51312256
-8.582382 -2.2961884 0.8654175
-8.363388 -2.127182 1.003479
-8.213425 -2.0462494 0.80114746
-8.296738 -2.1128998 0.42504883
-8.63475 -2.2652435 0.18225098
-9.260788 -2.4770966 0.10369873
-9.962997 -2.7556 -0.00579834
-10.55809 -2.88414 -0.103393555
-10.81517 -2.9817352 -0.18670654
-10.786606 -2.8317719 -0.20574951
-10.529526 -2.62706 0.06085205
-10.146286 -2.479477 0.24176025
-9.8415985 -2.4199677 0.49645996
-9.65831 -2.4723358 0.53930664
-9.582138 -2.6437225 0.49645996
-9.574997 -2.7460785 0.24890137
-9.503586 -2.7889252 0.19415283
-9.446457 -2.81987 0.1394043
-9.353622 -2.910324 0.21081543
-9.320297 -2.9460297 0.37268066
-9.303635 -2.9246063 0.38934326
-9.306015 -2.9008026 0.29412842
-9.215561 -2.7889252 0.27508545
-9.222702 -2.729416 0.22509766
-9.132248 -2.8222504 0.2536621
-9.115585 -2.8365326 0.44171143
-9.0846405 -2.9246063 0.5155029
-9.127487 -2.9174652 0.35601807
-9.184616 -2.9960175 0.1394043
-9.394089 -3.1840668 0.12988281
-9.555954 -3.3506927 0.10131836
-9.52977 -3.429245 0.14654541
-9.375046 -3.4839935 0.24414063
-9.203659 -3.4911346 0.4940796
-9.058456 -3.5220795 0.68927
-8.970383 -3.5673065 0.8225708
-8.996567 -3.6196747 0.9891968
-9.063217 -3.422104 0.9368286
-9.113205 -3.364975 0.9368286
-9.206039 -3.307846 0.83447266
-9.225082 -3.364975 0.5678711
-9.313156 -3.603012 0.54644775
-9.444077 -3.7339325 0.34173584
-9.620224 -3.7767792 0.39172363
-9.736862 -3.6934662 0.45361328
-9.748764 -3.6244354 0.4179077
-9.815414 -3.5911102 0.49169922
-9.808273 -3.4982758 0.52978516
-9.839218 -3.519699 0.4678955
-10.029648 -3.531601 0.34887695
-10.134384 -3.5435028 0.19415283
-10.329575 -3.5268402 -0.034362793
-10.803268 -3.5363617 -0.19384766
-11.77446 -3.493515 -0.27478027
-12.667099 -3.429245 -0.67230225
-13.171738 -3.3126068 -0.76275635
-13.047958 -3.2459564 -0.741333
-12.243393 -3.288803 -0.58184814
-11.322189 -3.172165 -0.41046143
-10.855637 -3.1221771 -0.043884277
-10.731857 -2.7484589 0.25842285
-10.646164 -2.3699799 0.42980957
-10.374802 -2.0581512 0.60357666
-9.803513 -1.9319916 0.6273804
-9.087021 -2.070053 0.8154297
-8.472885 -2.108139 0.86779785
-7.970627 -2.2462006 0.8701782
-7.739731 -2.312851 0.9368286
-7.7897186 -2.1438446 0.939209
-8.077744 -2.0391083 0.8225708
-8.649033 -2.017685 0.71307373
-9.284592 -1.9557953 0.45599365
-9.9249115 -1.8820038 0.21557617
-10.339096 -1.9081879 0.14654541
-10.524765 -1.8582001 0.15130615
-10.567612 -1.7439423 0.08703613
-10.522385 -1.5987396 0.246521
-10.520004 -1.4606781 0.5654907
-10.543808 -1.5439911 0.9130249
-10.600937 -1.6154022 0.9963379
-10.346237 -1.7058563 0.9891968
-10.022507 -1.7820282 0.93444824
-9.582138 -1.812973 0.81781006
-9.1489105 -1.9915009 0.8249512
-8.82518 -2.1224213 0.7630615
-8.625229 -2.331894 0.836853
-8.532394 -2.4580536 0.8487549
-8.499069 -2.5461273 0.88446045
-8.484787 -2.4271088 0.8392334
-8.370529 -2.2533417 1.0296631
-8.3276825 -2.1676483 1.2296143
-8.270554 -2.100998 1.3557739
-8.230087 -2.1890717 1.2843628
-8.256271 -2.3223724 1.1843872
-8.268173 -2.415207 0.9772949
-8.380051 -2.4366302 0.9273071
-8.499069 -2.5366058 0.81781006
-8.551437 -2.486618 0.7344971
-8.589523 -2.634201 0.7963867
-8.5681 -2.7436981 0.7892456
-8.658554 -2.7436981 0.8297119
-8.69426 -2.8293915 0.89160156
-8.791855 -2.8960419 0.8868408
-8.906113 -2.9817352 0.7892456
-8.970383 -3.0174408 0.7344971
-8.994186 -3.0864716 0.86065674
-9.137009 -3.1555023 0.8392334
-9.177475 -3.2316742 0.9772949
-9.346481 -3.2959442 0.99871826
-9.510727 -3.3768768 0.83447266
-9.598801 -3.4387665 0.7178345
-9.824936 -3.5077972 0.7987671
-10.074875 -3.486374 0.9058838
-10.331955 -3.3340302 0.97491455
-10.505722 -3.2530975 1.048706
-10.74614 -3.1174164 1.0844116
-10.87944 -3.0031586 1.1129761
-10.87706 -2.9817352 0.7797241
-11.027023 -3.0269623 0.45599365
-11.603073 -3.2316742 0.7630615
-12.467148 -3.2864227 0.6678467
-13.045578 -3.3530731 0.7344971
-13.1884 -3.3364105 0.65356445
-12.769455 -3.243576 0.36791992
-11.845871 -3.2649994 0.24890137
-10.929428 -3.288803 0.23223877
-10.462875 -3.2673798 0.32507324
-10.436691 -3.2697601 0.6011963
-10.641403 -3.2483368 0.6559448
-10.677109 -3.2530975 0.69641113
-10.548569 -3.2340546 0.5988159
-10.146286 -3.3173676 0.5512085
-9.608322 -3.3411713 0.38220215
-9.196518 -3.3030853 0.19177246
-9.027512 -3.2459564 -0.11529541
-9.220322 -3.153122 -0.124816895
-9.59166 -3.2150116 -0.1486206
-10.146286 -3.3483124 -0.010559082
-10.515244 -3.4268646 0.10131836
-10.738998 -3.3887787 0.25842285
-10.719955 -3.288803 0.34649658
-10.520004 -3.115036 0.4512329
-10.443832 -2.9722137 0.44885254
-10.477158 -2.8151093 0.36791992
-10.489059 -2.8341522 0.21795654
-10.389084 -2.960312 0.07751465
-10.191513 -3.0745697 -0.05102539
-9.889206 -3.069809 -0.17242432
-9.570236 -3.0531464 -0.13671875
-9.244125 -3.0388641 -0.22955322
-9.07988 -2.9817352 -0.19384766
-9.01561 -2.9722137 -0.26763916
-9.070358 -2.9793549 -0.31524658
-9.070358 -3.069809 -0.4699707
-9.089401 -3.2197723 -0.5532837
-9.010849 -3.3173676 -0.5628052
-8.858505 -3.281662 -0.51519775
-8.703781 -3.2935638 -0.38189697
-8.546677 -3.3364105 -0.2557373
-8.487167 -3.2935638 -0.23431396
-8.468124 -3.2507172 -0.39379883
-8.520493 -3.236435 -0.4866333
-8.50145 -3.2269135 -0.48901367
-8.37291 -3.2031097 -0.68896484
-8.258652 -3.1388397 -0.69610596
-8.165817 -3.2007294 -0.7341919
-8.170578 -3.236435 -0.5532837
-8.263412 -3.2197723 -0.40570068
-8.37767 -3.1745453 -0.32476807
-8.534775 -3.095993 -0.1819458
-8.668076 -3.057907 -0.079589844
-8.834702 -2.9436493 0.03704834
-8.932297 -2.8555756 -0.060546875
-9.053696 -2.9079437 -0.015319824
-9.234604 -2.993637 -0.124816895
-9.517868 -3.0745697 -0.2723999
-9.78447 -3.2388153 -0.32714844
-10.127243 -3.3173676 -0.40570068
-10.370041 -3.3578339 -0.52233887
-10.586655 -3.3887787 -0.4533081
-10.669968 -3.2602386 -0.28430176
-10.712814 -3.2150116 -0.103393555
-10.68663 -3.2483368 0.03704834
-10.565231 -3.2221527 0.05609131
-10.705673 -3.1626434 0.06561279
-11.479294 -3.326889 0.16796875
-12.364792 -3.4530487 0.08227539
-12.895615 -3.4768524 -0.015319824
-12.73851 -3.5244598 -0.036743164
-11.743515 -3.5744476 -0.02960205
-10.615219 -3.6315765 0.029907227
-9.865402 -3.5887299 0.24414063
-9.674973 -3.6077728 0.56311035
-9.815414 -3.6529999 0.7487793
-9.829697 -3.633957 0.6107178
-9.665451 -3.5220795 0.57977295
-9.260788 -3.4839935 0.57263184
-8.813278 -3.4244843 0.7344971
-8.384811 -3.2530975 0.72021484
-8.099167 -3.0412445 0.7463989
-8.213425 -2.865097 0.7392578
-8.577621 -2.781784 0.89160156
-9.08226 -2.6484833 0.9463501
-9.425034 -2.5199432 0.89398193
-9.589279 -2.3461761 0.9296875
-9.574997 -2.2914276 1.1296387
-9.558334 -2.3985443 1.3510132
-9.560715 -2.4199677 1.3295898
-9.622604 -2.4699554 1.2700806
-9.627365 -2.3556976 1.1629639
-9.565475 -2.2866669 1.1272583
-9.494064 -2.108139 1.1129761
-9.33696 -2.1367035 1.1820068
-9.108444 -2.1985931 1.1724854
-8.95134 -2.3604584 1.1201172
-8.906113 -2.524704 1.0986938
-8.910873 -2.6580048 1.0296631
-8.932297 -2.6841888 0.96539307
-8.918015 -2.7198944 0.98443604
-8.898972 -2.6937103 0.9772949
-8.801376 -2.7032318 0.9035034
-8.727585 -2.698471 0.8654175
-8.710922 -2.7556 0.95111084
-8.75853 -2.7484589 0.94158936
-8.808517 -2.812729 0.89398193
-8.882309 -2.8412933 0.8249512
-8.910873 -2.941269 0.8059082
-8.851364 -3.024582 0.8392334
-8.813278 -3.134079 1.0701294
-8.796616 -3.2031097 1.2867432
-8.82756 -3.3292694 1.2653198
-8.813278 -3.2483368 1.1082153
-8.820419 -3.2530975 1.0629883
-8.782333 -3.2459564 1.0963135
-8.665695 -3.345932 1.1843872
-8.584763 -3.4387665 1.1439209
-8.50145 -3.5649261 1.105835
-8.608566 -3.6315765 1.0582275
-8.739487 -3.698227 1.0082397
-9.013229 -3.705368 1.0130005
-9.365524 -3.7934418 0.98443604
-9.770187 -3.8053436 0.9320679
-10.267685 -3.750595 0.7821045
-10.529526 -3.5458832 0.7630615
-10.615219 -3.2459564 0.60357666
-10.410507 -3.0436249 0.5750122
-10.243881 -3.0269623 0.26794434
-10.698532 -3.1174164 0.20843506
-11.869675 -3.4625702 0.31793213
-13.166977 -3.6291962 0.22747803
-14.207199 -3.5982513 0.3036499
-14.300034 -3.3863983 0.08465576
-13.212204 -3.1864471 -0.15814209
-11.705429 -2.9960175 -0.16766357
-10.505722 -2.903183 -0.06768799
-9.9249115 -3.0293427 0.025146484
-9.901108 -3.1769257 0.12988281
-10.291489 -3.288803 0.14892578
-10.672348 -3.2673798 0.12512207
-10.865158 -3.0840912 0.26080322
-10.717575 -3.005539 0.35601807
-10.305771 -2.8246307 0.31079102
-9.78923 -2.7675018 0.3369751
-9.341721 -2.7984467 0.10131836
-9.137009 -2.8055878 0.013244629
-9.3155365 -2.8746185 0.051330566
-9.817795 -2.8603363 0.046569824
-10.377182 -2.8341522 -0.04626465
-10.715195 -2.8531952 -0.23669434
-10.808029 -2.774643 -0.2819214
-10.731857 -2.736557 -0.34857178
-10.572372 -2.7246552 -0.29858398
-10.460495 -2.6841888 -0.33190918
-10.331955 -2.6103973 -0.27478027
-10.17247 -2.596115 -0.28430176
-10.04393 -2.6413422 -0.2319336
-9.891586 -2.6127777 -0.2723999
-9.672592 -2.6556244 -0.30334473
-9.510727 -2.7413177 -0.32714844
-9.356003 -2.8079681 -0.36047363
-9.191757 -2.8436737 -0.41760254
-9.060837 -2.8984222 -0.45092773
-8.977524 -2.9983978 -0.35809326
-8.906113 -3.0912323 -0.3723755
-8.934677 -3.1126556 -0.2962036
-8.960861 -3.1626434 -0.27001953
-8.987045 -3.0912323 -0.35809326
-8.884689 -3.0364838 -0.54138184
-8.791855 -2.9698334 -0.6175537
-8.656174 -2.967453 -0.6270752
-8.575241 -2.9198456 -0.5032959
-8.5585785 -2.9769745 -0.31762695
-8.691879 -3.0150604 -0.08911133
-8.841843 -3.1769257 0.1060791
-9.034653 -3.5411224 0.17034912
-9.2322235 -3.8791351 0.09655762
-9.248886 -3.891037 -0.16290283
-9.294113 -3.6434784 -0.21051025
-9.151291 -3.3816376 -0.2390747
-8.963242 -3.2483368 -0.1652832
-8.868027 -3.4435272 -0.35333252
-8.922775 -3.8029633 -0.4699707
-9.120346 -4.052902 -0.63897705
-9.582138 -4.281418 -0.7151489
-9.898727 -4.383774 -0.741333
-10.184372 -4.431381 -0.82702637
-10.196274 -4.402817 -0.805603
-10.082016 -4.3290253 -0.81036377
-9.817795 -4.302841 -0.7508545
-9.632126 -4.193344 -0.5866089
-9.52739 -4.045761 -0.42474365
-9.501205 -3.7934418 -0.3866577
-9.608322 -3.5601654 -0.34381104
-10.122482 -3.6482391 -0.32000732
-10.9960785 -3.7553558 -0.41046143
-11.686386 -3.8696136 -0.59375
-11.974411 -3.8553314 -0.71990967
-11.655441 -3.6720428 -0.6984863
-10.777084 -3.5411224 -0.5532837
-9.91777 -3.3697357 -0.3961792
-9.348862 -3.3102264 -0.055786133
-9.163193 -3.2150116 0.07513428
-9.165573 -3.191208 0.15130615
-9.184616 -3.224533 0.110839844
-9.115585 -3.1221771 0.15130615
-8.894211 -3.0364838 0.34649658
-8.625229 -2.9769745 0.44647217
-8.3919525 -3.031723 0.46551514
-8.330063 -3.0460052 0.5583496
-8.527634 -3.107895 0.57977295
-8.948959 -3.0793304 0.5916748
-9.3155365 -2.8317719 0.5488281
-9.572617 -2.588974 0.48693848
-9.682114 -2.5080414 0.5750122
-9.6940155 -2.49852 0.60595703
-9.72258 -2.6246796 0.6845093
-9.765427 -2.7079926 0.6345215
-9.855881 -2.7960663 0.56311035
-9.817795 -2.781784 0.5773926
-9.646408 -2.793686 0.56311035
-9.382187 -2.8079681 0.5274048
-9.0846405 -2.922226 0.5440674
-8.818039 -3.0626678 0.541687
-8.720444 -3.1197968 0.60357666
-8.715683 -3.0840912 0.6083374
-8.820419 -2.94841 0.58691406
-8.941818 -2.9198456 0.6416626
-9.056076 -2.7984467 0.708313
-9.156052 -2.8984222 0.708313
-9.165573 -3.0269623 0.72021484
-9.215561 -3.0412445 0.68688965
-9.220322 -2.974594 0.6583252
-9.201279 -2.8436737 0.64642334
-9.172714 -2.8412933 0.6987915
-9.175095 -2.8222504 0.7225952
-9.177475 -2.9174652 0.7059326
-9.070358 -3.088852 0.64404297
-9.060837 -3.2126312 0.7392578
-8.975143 -3.2983246 0.7463989
-8.948959 -3.4387665 0.82733154
-8.915634 -3.5411224 0.8320923
-8.832321 -3.5649261 0.74401855
-8.751389 -3.614914 0.77734375
-8.703781 -3.6315765 0.7821045
-8.703781 -3.5792084 0.9439697
-8.708542 -3.4649506 1.086792
-8.744247 -3.4340057 1.170105
-8.837082 -3.5030365 1.0606079
-9.113205 -3.6434784 1.0772705
-9.472641 -3.6744232 0.9225464
-9.803513 -3.6958466 0.8654175
-10.077255 -3.6506195 0.8392334
-10.231979 -3.641098 0.76068115
Time Stop = 413
