Time Start = 5300
-1.2032318 8.060806 7.823242
-0.053512573 7.391922 7.8446655
0.16072083 6.3255157 7.5804443
-0.48197937 6.0850983 7.301941
-0.9247284 5.930374 7.5161743
-0.7842865 5.71138 7.366211
-0.23680115 5.3424225 7.2805176
0.13691711 5.0424957 7.309082
0.22261047 4.897293 7.301941
0.117874146 5.0210724 7.328125
-0.010665894 5.313858 7.316223
-0.101119995 5.6066437 7.2948
-0.20109558 5.8875275 7.373352
-0.103500366 6.03273 7.385254
-0.09397888 5.999405 7.513794
-0.120162964 5.8423004 7.4542847
-0.2082367 5.7351837 7.4328613
-0.29393005 5.544754 7.418579
-0.33439636 5.435257 7.366211
-0.24394226 5.3614655 7.411438
-0.21775818 5.318619 7.5804443
-0.1415863 5.397171 7.739929
-0.17967224 5.468582 7.6399536
-0.25108337 5.473343 7.6209106
-0.34629822 5.51857 7.6661377
-0.41770935 5.4900055 7.609009
-0.40104675 5.435257 7.4804688
-0.48435974 5.4114532 7.4019165
-0.55101013 5.4781036 7.3876343
-0.60813904 5.5804596 7.2281494
-0.69621277 5.7328033 7.025818
-0.72953796 5.9779816 6.6973267
-0.7604828 6.3159943 6.2974243
-0.71287537 6.7087555 5.9189453
-0.543869 7.0372467 5.8356323
-0.42723083 7.539505 5.571411
-0.7771454 7.482376 5.2643433
-1.043747 7.463333 4.973938
-1.2032318 7.9275055 4.145569
-1.3222504 7.758499 3.2814941
-1.3270111 7.0182037 2.0984497
-1.5769501 5.7542267 1.4938354
-1.7792816 4.6235504 0.8320923
-1.9958954 3.7523346 0.15130615
-2.1958466 2.8906403 -0.08673096
-2.583847 2.2312775 -0.5628052
-3.2360687 1.7742462 -2.0100708
-3.9335175 1.150589 -2.659912
-4.3953094 0.15797424 -2.3076172
-4.4095917 -0.7703705 -1.7149048
-3.9358978 -1.3345184 -1.3269043
-3.4669647 -1.5654144 -1.0960083
-3.321762 -1.5082855 -0.6842041
-3.3265228 -1.2750092 0.05609131
-3.571701 -1.1821747 0.9606323
-4.2144012 -1.767746 2.2103271
-5.1832123 -2.6580048 3.4552612
-6.021103 -2.69133 3.2243652
-6.90184 -3.2911835 2.7768555
-7.7492523 -4.4456635 2.222229
-8.551437 -4.7336884 0.68688965
-9.579758 -4.712265 -1.0269775
-10.774704 -4.4956512 -2.3147583
-12.041061 -3.9529266 -3.1264648
-13.019394 -3.5077972 -2.6884766
-13.300278 -3.493515 -2.2647705
-13.802536 -3.762497 -2.00531
-14.942734 -3.78154 -2.2504883
-16.406662 -3.7315521 -2.9003296
-17.99675 -4.0862274 -3.5097046
-19.671936 -4.7670135 -3.7929688
-19.671936 -5.5882416 -3.9215088
-19.671936 -6.7236786 -3.5668335
-19.671936 -7.7567596 -3.1954956
-19.671936 -9.132614 -3.4525757
-19.671936 -10.444199 -4.416626
-19.671936 -11.784348 -5.737732
-19.671936 -13.041183 -6.0757446
-19.671936 -13.260178 -7.149292
-19.671936 -13.388718 -7.5706177
-19.165512 -12.757919 -7.0112305
-17.504013 -10.972641 -5.666321
-15.43309 -8.706528 -3.973877
-14.133408 -6.1333466 -3.3502197
-13.63353 -4.238571 -3.171692
-13.909653 -3.1007538 -3.500183
-14.907028 -2.7722626 -3.7953491
-15.616379 -3.319748 -4.2333374
-15.949631 -4.590866 -4.359497
-15.980576 -6.1714325 -4.3571167
-15.635422 -7.342575 -4.5285034
-14.973679 -8.101913 -4.44281
-13.8763275 -8.539902 -3.9667358
-12.293381 -8.694626 -2.9598389
-10.4700165 -8.647018 -1.8601074
-8.63475 -8.416122 -1.2364502
-7.1160736 -7.6472626 -1.203125
-5.9877777 -6.680832 -1.3864136
-5.2879486 -5.745346 -1.5935059
-5.078476 -4.9193573 -1.8005981
-5.304611 -4.4980316 -2.0195923
-5.7378387 -4.5670624 -2.1790771
-6.330551 -5.1645355 -2.5980225
-6.9565887 -5.9929047 -3.0550537
-7.4374237 -6.6213226 -3.762024
-7.875412 -6.930771 -4.076233
-8.156296 -6.899826 -4.0238647
-8.396713 -6.6332245 -3.7025146
-8.63475 -6.2095184 -3.2573853
-8.922775 -5.8572235 -2.7575073
-9.306015 -5.476364 -2.3218994
-9.579758 -5.1335907 -2.2052612
-9.815414 -4.909836 -2.126709
-9.891586 -4.738449 -2.107666
-9.891586 -4.7908173 -1.979126
-9.782089 -4.9598236 -1.9338989
-9.686874 -5.207382 -2.0195923
-9.727341 -5.3811493 -2.2385864
-9.763046 -5.4097137 -2.4266357
-9.717819 -5.276413 -2.626587
-9.741623 -5.1312103 -2.690857
-9.774948 -4.8836517 -2.8051147
-9.865402 -4.7027435 -2.8217773
-10.115341 -4.5480194 -2.8122559
-10.374802 -4.4218597 -2.807495
-10.536667 -4.390915 -2.7051392
-10.753281 -4.3552094 -2.6860962
-10.884201 -4.398056 -2.5004272
-11.084152 -4.4218597 -2.3885498
-11.181747 -4.2980804 -2.2980957
-11.322189 -4.129074 -2.2695313
-11.607834 -3.9386444 -2.0529175
-12.171982 -3.8101044 -1.6173096
-12.921799 -3.8553314 -1.1079102
-13.600204 -3.7767792 -0.9389038
-14.1905365 -3.4839935 -0.9650879
-14.697556 -2.8032074 -0.991272
-14.876083 -1.8677216 -1.2316895
-14.849899 -1.0583954 -1.5649414
-14.79277 -0.37760925 -1.8696289
-15.299789 -0.08720398 -1.9100952
-16.166245 -0.099105835 -2.236206
-16.813705 0.21272278 -3.4597168
-17.03032 0.68403625 -4.916504
-16.547104 1.1244049 -5.6401367
-14.6523285 1.4076691 -5.480652
-12.052963 1.3148346 -4.4642334
-9.622604 0.5721588 -3.0431519
-7.5826263 -0.22764587 -1.3554688
-6.463852 -1.1345673 0.43933105
-6.1853485 -1.8367767 1.9294434
-6.2162933 -2.3057098 2.8649292
-6.504318 -2.255722 3.2219849
-6.6138153 -1.5011444 2.7720947
-7.0589447 -0.594223 1.8818359
-7.9872894 0.2769928 0.76782227
-9.1679535 0.9530182 -0.7008667
-10.320053 1.1981964 -2.152893
-11.050827 1.2505646 -3.1359863
-10.87468 1.2624664 -3.2383423
-9.91301 0.95777893 -2.107666
-8.820419 0.42219543 -0.9222412
-8.12059 -0.11338806 -0.14624023
-7.8730316 -0.7108612 0.24176025
-7.8587494 -1.3011932 -0.06768799
-8.003952 -1.934372 -0.73895264
-8.215805 -2.4509125 -1.4911499
-8.289597 -2.9079437 -2.126709
-8.177719 -3.326889 -2.4980469
-7.894455 -3.6768036 -2.5742188
-7.689743 -3.9957733 -2.4837646
-7.5373993 -4.090988 -2.255249
-7.4421844 -4.1243134 -2.0314941
-7.323166 -4.1838226 -1.664917
-7.2374725 -4.2219086 -1.2078857
-7.1922455 -4.321884 -0.78656006
-7.106552 -4.448044 -0.3057251
-7.356491 -4.4908905 0.38934326
-7.401718 -4.5623016 0.6345215
-7.5397797 -4.6003876 0.5916748
-8.05394 -4.417099 0.2298584
-8.913254 -4.129074 -0.17004395
-9.884445 -3.9410248 -0.72229004
-10.781845 -4.0933685 -1.2626343
-11.557846 -4.5504 -1.581604
-12.283859 -5.0883636 -1.9934082
-13.138412 -5.6834564 -2.2124023
-13.8120575 -6.297592 -2.4075928
-14.133408 -6.7046356 -2.6289673
-14.21434 -7.1212006 -2.6004028
-13.981064 -7.3449554 -2.440918
-13.521652 -7.592514 -2.331421
-13.288376 -7.740097 -2.2409668
-13.2026825 -7.9614716 -2.229065
-13.097946 -8.516098 -2.1552734
-12.974167 -9.092148 -1.9910278
-12.871811 -9.408737 -1.5220947
-12.291 -9.389694 -1.3673706
-11.117477 -8.770798 -1.5387573
-10.312912 -7.7543793 -1.3649902
-9.901108 -6.4332733 -0.98651123
-9.8415985 -5.2288055 -0.41522217
-9.586899 -4.2480927 0.3536377
-9.248886 -3.750595 1.1415405
-8.69426 -3.826767 1.9580078
-8.18248 -4.48851 2.7197266
-8.0325165 -5.185959 3.2196045
-8.220566 -5.916733 3.4909668
-8.906113 -6.361862 3.2981567
-9.817795 -6.573715 2.876831
-10.755661 -6.5641937 2.177002
-11.410263 -6.47612 1.3914795
-11.96489 -5.7620087 0.5178833
-12.193405 -5.0550385 -0.13433838
-12.379074 -4.431381 -0.46759033
-12.586166 -3.97435 -0.9460449
-12.731369 -3.8243866 -1.2245483
-12.795639 -3.9219818 -1.2531128
-12.581406 -4.1266937 -1.074585
-12.155319 -4.2933197 -0.91033936
-11.741135 -4.257614 -0.7675171
-11.367416 -4.1623993 -0.93414307
-11.112717 -3.891037 -1.203125
-10.869919 -3.531601 -1.3911743
-10.505722 -3.2197723 -1.5482788
-9.955856 -3.0031586 -1.4387817
-9.420273 -2.9198456 -1.2388306
-8.877548 -2.8984222 -1.0864868
-8.444321 -3.0793304 -0.9627075
-8.156296 -3.1840668 -0.91986084
-8.082504 -3.1626434 -1.0484009
-8.094406 -3.1816864 -1.2197876
-8.261032 -3.160263 -1.3673706
-8.534775 -3.1459808 -1.5078125
-8.925156 -3.1674042 -1.6696777
-9.301254 -3.2316742 -1.7553711
-9.858261 -3.2697601 -1.9124756
-10.336716 -3.2983246 -1.9172363
-10.950851 -3.255478 -1.5792236
-11.557846 -3.243576 -1.2340698
-11.881577 -3.2959442 -1.0769653
-12.124374 -3.2673798 -1.0388794
-12.35289 -3.1840668 -1.017456
-12.538559 -3.0436249 -1.0650635
-12.643295 -2.9579315 -0.91033936
-12.869431 -2.7960663 -0.68182373
-12.897995 -2.4961395 -0.7770386
-12.771835 -2.1866913 -1.0603027
-12.619492 -1.832016 -1.2697754
-12.117233 -1.4511566 -1.4197388
-11.293625 -1.2916718 -1.453064
-10.17247 -1.389267 -1.3007202
-9.010849 -1.5582733 -1.0888672
-7.9492035 -1.7058563 -0.8317871
-7.0898895 -1.7701263 -0.58898926
-6.4495697 -1.8605804 -0.11529541
-5.994919 -2.0010223 0.28222656
-5.7759247 -2.0938568 0.68688965
-5.6021576 -2.3271332 1.0748901
-5.571213 -2.588974 1.446228
-5.68309 -2.903183 1.9246826
-5.8449554 -3.2483368 2.3531494
-6.047287 -3.641098 2.7697144
-6.2639008 -3.9600677 3.069641
-6.32341 -4.3052216 3.1505737
-6.368637 -4.450424 2.838745
-6.4947968 -4.4218597 2.2912598
-6.8661346 -4.152878 1.6818848
-7.47789 -3.833908 0.9606323
-8.208664 -3.4340057 0.053710938
-8.9561 -3.2507172 -0.677063
-9.498825 -3.4720917 -1.2721558
-9.7202 -3.9576874 -1.5792236
-9.760666 -4.500412 -1.6601563
-9.701157 -5.026474 -1.7244263
-9.891586 -5.4406586 -1.4911499
-10.243881 -5.688217 -1.0341187
-10.446213 -5.931015 -0.64611816
-10.400986 -6.059555 -0.35809326
-10.177231 -6.109543 -0.20812988
-9.98204 -5.8191376 -0.44854736
-9.891586 -5.412094 -0.7770386
-10.065353 -4.943161 -1.1317139
-10.201035 -4.481369 -1.2935791
-10.222458 -4.1838226 -1.2816772
-10.136765 -4.129074 -1.1626587
-10.103439 -4.0433807 -1.0983887
-10.400986 -4.1266937 -0.6746826
-10.772324 -4.2742767 -0.30810547
-11.1436615 -4.4337616 0.0013427734
-11.495956 -4.6717987 0.032287598
-11.936325 -4.8765106 -0.47711182
-12.61235 -4.9717255 -1.2388306
-13.452621 -5.1383514 -1.8505859
-13.921555 -5.438278 -2.0767212
-13.885849 -6.002426 -1.8910522
-13.583542 -6.7046356 -1.3840332
-13.281235 -7.399704 -1.0460205
-13.114609 -8.0828705 -1.1864624
-13.007492 -8.766037 -1.5387573
-13.093185 -9.146896 -1.7434692
-12.614731 -9.913376 -1.9267578
-12.100571 -10.677475 -1.7529907
-11.500717 -11.072617 -1.7506104
-10.777084 -10.917892 -1.7315674
-9.91777 -9.987167 -1.9005737
-9.377426 -8.701767 -1.5982666
-8.820419 -7.661545 -1.5554199
-8.941818 -6.5546722 -1.5030518
-9.365524 -5.8881683 -1.3816528
-9.97966 -5.6834564 -0.93652344
-10.336716 -5.8310394 -0.56518555
-10.498581 -6.176193 0.06085205
-10.489059 -6.5570526 0.2965088
-10.603317 -6.66893 0.15368652
-11.307907 -6.585617 -0.25335693
-12.371933 -6.128586 -0.7817993
-13.169357 -5.6715546 -1.2316895
-13.614487 -5.3621063 -1.2412109
-13.600204 -5.1764374 -1.1102905
-13.393112 -5.12883 -0.8389282
-13.157455 -4.969345 -0.741333
-13.071762 -4.890793 -0.7270508
-13.021774 -4.7979584 -0.9055786
-12.933701 -4.7075043 -1.0484009
-12.845627 -4.5551605 -1.2340698
-12.762314 -4.3742523 -1.3721313
-12.6575775 -4.069565 -1.5554199
-12.602829 -3.9386444 -1.7886963
-12.521896 -3.936264 -1.8672485
-12.383835 -3.929123 -1.8125
-12.114853 -3.8791351 -1.6411133
-11.805405 -3.7767792 -1.4673462
-11.555466 -3.4625702 -1.5958862
-11.2603 -3.0626678 -1.61969
-10.955612 -2.5842133 -1.7268066
-10.672348 -2.1414642 -1.7696533
-10.322433 -1.7653656 -1.7886963
-10.020126 -1.5844574 -1.6077881
-9.748764 -1.4773407 -1.3435669
-9.601181 -1.6582489 -1.0293579
-9.470261 -1.8867645 -0.8341675
-9.367905 -2.0771942 -0.7484741
-9.3155365 -2.2652435 -0.61517334
-9.289352 -2.293808 -0.51519775
-9.227463 -2.2152557 -0.3890381
-9.117966 -2.146225 0.0037231445
-8.884689 -2.1319427 0.2631836
-8.625229 -2.172409 0.55596924
-8.363388 -2.1343231 0.58691406
-8.203903 -2.165268 0.4512329
-8.325302 -2.0652924 0.19177246
-8.884689 -1.851059 -0.27001953
-9.651169 -1.6939545 -0.8508301
-10.30101 -1.5701752 -1.4578247
-10.629501 -1.5487518 -1.5720825
-10.284348 -1.8296356 -1.100769
-9.303635 -2.2247772 -0.1652832
-8.203903 -2.6389618 0.8654175
-7.15654 -3.1626434 1.7890015
-6.1091766 -3.641098 2.2936401
-5.16893 -3.9196014 2.4102783
-4.507187 -3.9457855 2.324585
-4.104904 -3.7220306 2.2008057
-4.1191864 -3.3126068 2.0413208
-4.4476776 -2.8889008 2.0341797
-5.180832 -2.5128021 1.9127808
-6.1282196 -2.3271332 1.5414429
-7.292221 -2.2247772 0.97491455
-8.572861 -2.3080902 0.24176025
-9.91539 -2.4937592 -0.5842285
-10.969894 -2.9507904 -1.0793457
-11.591171 -3.429245 -1.2816772
-11.58165 -3.8172455 -1.2888184
-11.417404 -4.0100555 -1.0793457
-11.322189 -4.031479 -0.82940674
-11.212692 -4.019577 -0.5366211
-11.26268 -4.0981293 -0.31762695
-11.269821 -4.276657 0.0013427734
-11.077011 -4.6575165 0.25842285
-10.979416 -5.097885 0.6416626
-10.853256 -5.5549164 0.56073
-10.886581 -5.904831 0.31555176
-11.043686 -6.130966 -0.084350586
-11.084152 -6.142868 -0.52471924
-11.048447 -6.064316 -0.741333
-10.924667 -5.816757 -1.0507813
-10.808029 -5.488266 -0.98413086
-10.7509 -5.140732 -0.7746582
-10.605698 -4.9526825 -0.45568848
-10.481918 -4.788437 -0.11767578
-10.410507 -4.5551605 0.094177246
-10.377182 -4.321884 0.2631836
-10.396225 -4.1647797 0.53692627
-10.481918 -4.1814423 0.58929443
-10.6818695 -4.3766327 0.5773926
-10.986557 -4.764633 0.35601807
-11.376938 -5.2526093 -0.07006836
-11.831589 -5.738205 -0.41522217
-12.22197 -6.3499603 -0.91748047
-12.574265 -6.949814 -1.4078369
-12.967026 -7.516342 -1.6791992
-13.352646 -8.20665 -1.3483276
-13.274094 -8.920761 -0.76275635
-12.859909 -9.568222 -0.11291504
-12.452866 -9.572983 0.03466797
-12.141037 -9.465866 -0.8651123
-12.636154 -8.944565 -2.100525
-13.585922 -8.228073 -2.8693848
-13.726364 -7.88768 -2.755127
-12.974167 -8.001938 -1.7125244
-11.664963 -8.354233 -0.53186035
-10.184372 -8.494675 0.2703247
-8.963242 -8.328049 0.5012207
-8.092026 -7.918625 0.10369873
-7.9111176 -7.509201 -0.4128418
-8.510971 -7.05217 -0.760376
-9.322678 -6.783188 -1.119812
-9.891586 -6.8903046 -1.5292358
-10.039169 -7.059311 -1.8267822
-10.205795 -7.2425995 -1.8077393
-10.605698 -7.2997284 -1.7268066
-11.215073 -7.187851 -1.7839355
-12.017258 -6.9998016 -1.8339233
-12.890854 -6.5641937 -1.8363037
-13.462143 -6.1190643 -1.9957886
-13.8120575 -5.495407 -2.081482
-13.940598 -5.045517 -2.081482
-13.900131 -4.5742035 -2.0291138
-13.678757 -4.2599945 -1.9338989
-13.478806 -3.9910126 -1.8482056
-13.171738 -3.7125092 -1.7815552
-12.828964 -3.474472 -1.729187
-12.521896 -3.2031097 -1.600647
-12.152939 -3.050766 -1.4387817
-11.757797 -2.9507904 -1.1864624
-11.419785 -2.7722626 -1.1531372
-11.031784 -2.5913544 -1.1436157
-10.705673 -2.3437958 -1.0864868
-10.30101 -2.0986176 -0.98651123
-9.91539 -1.8367767 -0.824646
-9.3798065 -1.5606537 -0.7032471
-8.848984 -1.3440399 -0.7008667
-8.453842 -1.1226654 -0.62231445
-8.165817 -0.8655853 -0.45092773
-7.951584 -0.8941498 -0.38189697
-7.7825775 -1.0512543 -0.2962036
-7.8706512 -1.1559906 -0.21289063
-8.084885 -1.3583221 0.044189453
-8.265793 -1.620163 0.22033691
-8.577621 -1.8462982 0.2869873
-9.108444 -1.8582001 0.20843506
-9.65831 -1.79393 -0.22717285
-10.17247 -1.6035004 -0.5604248
-10.565231 -1.3583221 -0.77227783
-10.698532 -1.0607758 -0.88653564
-10.641403 -0.7941742 -0.74609375
-10.441452 -0.69895935 -0.40093994
-10.272446 -0.7679901 -0.1486206
-10.117722 -0.9750824 0.17510986
-10.17247 -1.0798187 0.008483887
-10.639023 -1.0869598 -0.36999512
-11.343613 -0.991745 -0.7817993
-11.943466 -0.93699646 -1.0507813
-12.121994 -1.0250702 -0.5532837
-11.614975 -1.3749847 0.22509766
-10.581894 -1.8343964 0.94873047
-9.560715 -2.2961884 1.6152344
-8.577621 -2.7675018 1.9770508
-7.5707245 -3.2126312 2.1555786
-6.687607 -3.493515 1.9437256
-6.054428 -3.5887299 1.6557007
-5.933029 -3.5244598 1.3272095
-6.349594 -3.3625946 1.0582275
-7.420761 -3.4173431 0.78448486
-8.75853 -3.5268402 0.3036499
-10.296249 -3.6363373 -0.6008911
-11.907761 -3.852951 -1.6339722
-13.243149 -3.9862518 -2.440918
-14.061996 -4.152878 -2.781311
-14.135788 -4.2909393 -2.4837646
-13.671616 -4.469467 -1.9505615
-13.005112 -4.61705 -1.4030762
-12.3624115 -4.8503265 -0.98413086
-11.867294 -4.9979095 -0.907959
-11.445969 -5.1573944 -1.0341187
-11.084152 -5.3763885 -1.3031006
-10.8294525 -5.609665 -1.5578003
-10.608078 -5.83342 -1.6768188
-10.343857 -5.9333954 -1.5387573
-10.04393 -5.976242 -1.0698242
-9.710678 -5.8905487 -0.3961792
-9.182236 -5.7429657 0.008483887
-8.656174 -5.45018 0.013244629
-8.527634 -4.928879 -0.3128662
-8.744247 -4.3766327 -0.7341919
-8.934677 -3.9219818 -1.1102905
-8.820419 -3.8410492 -1.1364746
-8.430038 -3.9862518 -1.1436157
-7.9563446 -4.3742523 -0.8746338
Time Stop = 5305
