Time Start = 5244
-0.7081146 5.597122 6.4830933
-0.5795746 5.5423737 6.442627
-0.74858093 5.3757477 6.6901855
-1.0270844 5.06868 6.9734497
-1.2460785 4.821121 6.771118
-1.1889496 4.4950104 6.680664
-1.005661 4.2712555 6.790161
-0.80332947 4.295059 6.833008
-0.7438202 4.4831085 6.935364
-0.8080902 4.673538 7.0401
-0.9723358 4.6640167 7.142456
-1.134201 4.614029 7.275757
-1.1960907 4.5021515 7.4090576
-1.2056122 4.402176 7.5804443
-1.1365814 4.4878693 7.842285
-1.0485077 4.530716 7.904175
-0.9747162 4.542618 8.101746
-0.9390106 4.542618 8.116028
-0.9247284 4.6187897 7.9970093
-0.8914032 4.8044586 8.0112915
-0.8009491 4.863968 7.8375244
-0.6533661 4.87825 7.789917
-0.5057831 4.8354034 7.5994873
-0.4724579 4.7401886 7.36145
-0.46055603 4.6830597 7.149597
-0.4962616 4.5330963 6.9782104
-0.3224945 4.397415 6.411682
-0.47721863 4.352188 6.230774
-0.21299744 3.9546661 6.026062
-0.29631042 3.497635 4.3359985
-0.86997986 3.478592 6.083191
-0.63908386 4.2379303 6.302185
-0.5533905 4.442642 4.9786987
-0.49150085 3.0287018 4.935852
-0.124923706 2.093216 4.2645874
0.33924866 1.2553253 3.4695435
0.50349426 0.6649933 3.4076538
0.50349426 0.5673981 3.6171265
0.34162903 1.0268097 3.8504028
0.11073303 1.7885284 4.228882
-0.22727966 2.524063 4.519287
-0.5034027 3.0548859 4.557373
-0.77952576 3.2072296 4.3859863
-1.1508636 3.0287018 4.005127
-1.5626678 2.6359406 3.4314575
-2.0792084 2.0979767 2.9006348
-2.6100311 1.5885773 2.5078735
-3.1051483 1.4290924 1.9413452
-3.6859589 1.2315216 1.6723633
-4.3834076 1.233902 1.5057373
-5.111801 1.3862457 1.0844116
-6.142502 1.510025 0.43218994
-7.2517548 1.6076202 -0.5509033
-9.172714 1.7123566 -2.8479614
-11.8363495 1.574295 -4.704651
-14.452377 0.5912018 -6.0733643
-16.235275 -1.0441132 -6.618469
-17.054123 -2.3604584 -7.104065
-18.00151 -3.1055145 -7.989563
-19.671936 -3.2673798 -9.217834
-19.671936 -3.1197968 -10.465149
-19.671936 -3.1364594 -11.681519
-19.671936 -3.633957 -12.302795
-19.671936 -4.500412 -13.162109
-19.671936 -5.919113 -13.297791
-19.671936 -8.068588 -13.331116
-19.671936 -11.148788 -13.204956
-19.671936 -14.976425 -10.660339
-19.671936 -17.937607 -10.3532715
-19.671936 -19.163498 -7.096924
-18.118149 -15.259689 -5.7686768
-13.44072 -10.791733 -8.777466
-14.5690155 -9.204025 -9.548706
-14.181015 -8.65892 -6.88031
-12.35527 -5.873886 -5.98291
-13.005112 -3.0293427 -6.3875732
-14.880844 -1.6511078 -6.6970215
-16.299545 -1.6511078 -6.782715
-16.806564 -2.7246552 -6.482788
-16.573288 -4.129074 -5.9281616
-16.218613 -5.1931 -5.059326
-15.164108 -5.938156 -3.4954224
-13.9596405 -5.8500824 -1.6315918
-12.843246 -5.4644623 0.18701172
-11.929184 -5.1050262 1.5771484
-11.081772 -4.974106 2.3483887
-10.196274 -4.5504 2.7387695
-10.734238 -4.5813446 3.1862793
-10.9127655 -4.1052704 2.979187
-10.42717 -3.660141 2.3483887
-9.97728 -3.4387665 1.741394
-9.451218 -3.0650482 0.70355225
-8.991806 -2.7532196 0.032287598
-8.449081 -2.486618 -0.2319336
-7.804001 -2.3533173 -0.59375
-7.2946014 -2.1057587 -1.1055298
-7.175583 -2.0795746 -1.0626831
-7.41362 -2.2581024 -1.0198364
-8.149155 -2.6103973 -0.9627075
-8.994186 -2.9269867 -1.203125
-9.774948 -3.262619 -1.4387817
-10.3629 -3.5292206 -1.562561
-10.950851 -3.6291962 -1.2150269
-11.215073 -3.6839447 -1.2911987
-11.369797 -3.467331 -0.6984863
-11.322189 -3.1174164 -0.5961304
-10.779465 -2.6699066 -0.9627075
-10.436691 -2.0510101 -1.4816284
-10.048691 -1.5582733 -2.2076416
-9.303635 -1.2892914 -3.0598145
-8.220566 -1.47258 -3.9572144
-7.4755096 -2.1152802 -4.366638
-7.106552 -2.7841644 -4.0976563
-6.96611 -3.531601 -3.1954956
-6.8328094 -4.6717987 -1.7315674
-5.4545746 -5.3240204 -1.3721313
-5.6212006 -6.5570526 -0.82702637
-6.1972504 -7.1069183 -1.1055298
-6.675705 -6.949814 -3.1478882
-7.573105 -7.1450043 -4.8236694
-8.932297 -7.3449554 -5.6377563
-10.048691 -7.3973236 -5.752014
-10.241501 -7.5639496 -5.037903
-10.122482 -7.4996796 -3.3954468
-7.7111664 -7.5115814 -0.5009155
-5.55455 -15.07402 2.1436768
-14.680893 -15.019272 -1.6815796
-16.297165 -5.776291 -7.880066
-13.535934 -4.7217865 -2.7265625
-11.505478 -1.8724823 -2.248108
-11.855392 1.7385406 -3.6358643
-12.717087 3.864212 -2.9884033
-12.3624115 4.773514 -1.5863647
-13.521652 4.6640167 0.67022705
-15.594955 3.9784698 1.2938843
-15.568771 1.6933136 2.4555054
-14.514267 0.3007965 2.7078247
-13.688278 -0.23002625 2.710205
-12.452866 -1.3726044 2.1984253
-11.491196 -3.1221771 1.1177368
-11.176987 -5.12883 0.0061035156
-10.700912 -7.0450287 -1.2935791
-10.198654 -8.113815 -2.6027832
-9.798752 -8.256638 -3.4954224
-9.6940155 -7.7043915 -3.7001343
-9.386948 -6.9617157 -3.935791
-9.3155365 -6.1404877 -4.178589
-9.451218 -5.231186 -4.4190063
-9.570236 -4.4218597 -4.4761353
-9.746384 -3.7791595 -4.397583
-9.922531 -3.262619 -4.12146
-10.139145 -2.9008026 -3.6882324
-10.258163 -2.6484833 -3.262146
-10.322433 -2.4390106 -2.7836914
-10.374802 -2.2723846 -2.331421
-10.320053 -2.1057587 -2.0291138
-10.224838 -1.9129486 -1.6553955
-10.093918 -1.646347 -1.3435669
-9.863022 -1.3940277 -1.036499
-9.613083 -1.2345428 -0.6413574
-9.375046 -1.1440887 -0.35095215
-9.139389 -1.0536346 -0.18908691
-8.810898 -1.0631561 -0.062927246
-8.510971 -1.1417084 -0.081970215
-8.130112 -1.2916718 -0.3295288
-7.8016205 -1.517807 -0.6532593
-7.5659637 -1.79393 -1.0626831
-7.3255463 -1.9891205 -1.4697266
-7.113693 -2.1581268 -1.8815308
-6.875656 -2.3152313 -2.3528442
-6.6614227 -2.5009003 -2.607544
-6.459091 -2.6865692 -2.807495
-6.2805634 -2.903183 -2.8860474
-6.2162933 -3.0840912 -2.9884033
-6.290085 -3.2602386 -2.9836426
-6.501938 -3.3863983 -2.7717896
-6.925644 -3.3792572 -2.4909058
-7.330307 -3.4340057 -2.3052368
-7.8849335 -3.3935394 -1.8791504
-8.453842 -3.3245087 -1.626831
-8.877548 -3.2411957 -1.3673706
-9.33696 -3.0602875 -1.2626343
-9.665451 -2.846054 -1.3483276
-9.791611 -2.6246796 -1.5339966
-9.779709 -2.479477 -1.6958618
-9.632126 -2.4104462 -1.7172852
-9.446457 -2.4199677 -1.6863403
-9.33696 -2.4556732 -1.7268066
-9.505966 -2.4913788 -1.8029785
-10.120102 -2.3723602 -1.9957886
-10.93895 -2.2414398 -2.3076172
-11.736374 -2.070053 -2.7003784
-12.357651 -2.0581512 -2.9765015
-12.60997 -2.2247772 -3.088379
-12.467148 -2.6365814 -3.0360107
-11.950607 -3.4316254 -2.9074707
-11.20079 -4.3766327 -2.7456055
-10.515244 -5.404953 -2.3933105
-10.191513 -6.3118744 -2.281433
-10.181992 -7.1592865 -2.2528687
-10.420029 -8.040024 -2.4766235
-10.591415 -8.8207855 -2.7955933
-10.660446 -9.3658905 -3.3383179
-10.660446 -9.677719 -3.6834717
-10.624741 -9.444443 -4.18573
-10.700912 -8.680344 -4.557068
-10.927048 -7.3759003 -4.488037
-11.019882 -5.9405365 -4.1714478
-11.13414 -4.4837494 -3.8810425
-11.360275 -3.3483124 -3.6072998
-11.481674 -2.8222504 -3.2573853
-11.738754 -2.6841888 -2.7027588
-11.812546 -2.838913 -2.236206
-11.405502 -3.2221527 -1.9648438
-10.81517 -3.7958221 -1.536377
-10.186752 -4.2147675 -1.100769
-9.486923 -4.345688 -0.7484741
-8.741867 -4.283798 -0.47711182
-8.015854 -4.1457367 -0.17480469
-7.4564667 -4.0290985 -0.079589844
-6.958969 -3.9910126 -0.1081543
-6.6971283 -4.064804 -0.32000732
-6.587631 -4.1433563 -0.6270752
-6.5138397 -4.345688 -0.7746582
-6.5066986 -4.576584 -0.9222412
-6.38768 -4.8765106 -0.8317871
-6.3400726 -5.1835785 -0.677063
-6.3210297 -5.4287567 -0.6675415
-6.4614716 -5.538254 -0.5913696
-6.720932 -5.519211 -0.677063
-7.201767 -5.3311615 -0.81988525
-7.8325653 -5.00029 -1.0150757
-8.596664 -4.7289276 -1.1126709
-9.3155365 -4.5408783 -1.2269287
-10.098679 -4.4147186 -1.3197632
-10.793747 -4.4528046 -1.3078613
-11.45311 -4.519455 -1.3221436
-12.007736 -4.6837006 -1.2911987
-12.436203 -4.8241425 -1.2769165
-12.8242035 -4.9455414 -1.4268799
-13.081284 -5.026474 -1.5839844
-13.264572 -4.943161 -1.9481812
-13.526413 -4.890793 -2.0910034
-13.814438 -4.866989 -2.1219482
-13.70256 -5.012192 -2.1362305
-13.319321 -5.2549896 -2.152893
-12.778976 -5.5501556 -2.0100708
-12.026779 -5.976242 -1.8743896
-11.234116 -6.28331 -1.8910522
-10.574753 -6.378525 -2.1433716
-10.460495 -6.173813 -2.6289673
-11.100815 -5.809616 -2.9884033
-12.000595 -5.3835297 -3.3811646
-12.48143 -5.0669403 -3.538269
-12.329086 -5.0431366 -3.3168945
-11.876816 -5.1954803 -3.15979
-11.819687 -5.3002167 -2.9431763
-12.324326 -5.1954803 -2.826538
-13.116989 -5.019333 -3.1693115
-13.790634 -4.9264984 -3.390686
-14.21196 -4.7670135 -3.5644531
-14.207199 -4.5932465 -3.621582
-14.238144 -4.250473 -3.731079
-14.159592 -3.9076996 -3.7072754
-14.050095 -3.5982513 -3.678711
-13.754929 -3.3173676 -3.447815
-13.526413 -3.0674286 -3.3311768
-13.274094 -2.8174896 -3.1812134
-13.000351 -2.5842133 -3.0859985
-12.67424 -2.4199677 -2.9550781
-12.319565 -2.3223724 -2.8527222
-11.929184 -2.2842865 -2.7646484
-11.58165 -2.2700043 -2.7384644
-11.288864 -2.2223969 -2.6575317
-10.860397 -2.2223969 -2.6694336
-10.431931 -2.2771454 -2.6837158
-10.129623 -2.2509613 -2.6218262
-9.8535 -2.2866669 -2.5932617
-9.489304 -2.3295135 -2.6503906
-9.217941 -2.3414154 -2.6432495
-8.844223 -2.3271332 -2.5194702
-8.549057 -2.2819061 -2.607544
-8.232468 -2.191452 -2.4718628
-7.9634857 -1.998642 -2.4932861
-7.6659393 -1.7772675 -2.4718628
-7.4374237 -1.5511322 -2.4361572
-7.299362 -1.3368988 -2.3599854
-7.227951 -1.139328 -2.229065
-7.1732025 -1.0488739 -2.0838623
-7.137497 -1.0250702 -1.9196167
-7.023239 -1.1274261 -1.8624878
-6.7613983 -1.267868 -1.5982666
-6.5685883 -1.4416351 -1.3150024
-6.330551 -1.563034 -1.036499
-6.244858 -1.6725311 -0.5961304
-6.32341 -1.7582245 -0.26763916
-6.5519257 -1.79393 -0.084350586
-6.932785 -1.7844086 -0.105773926
-7.3326874 -1.7272797 -0.25335693
-7.823044 -1.7320404 -0.18908691
-8.199142 -2.0343475 0.36791992
-8.05632 -2.5199432 1.189148
-7.6278534 -3.364975 2.1055908
-7.016098 -4.16716 2.914917
-6.463852 -4.659897 3.1124878
-5.9877777 -4.68132 3.0791626
-5.6926117 -4.2338104 2.5911865
-5.847336 -3.4125824 1.9199219
-6.8589935 -2.3556976 1.2034302
-8.682358 -1.4297333 0.38934326
-10.934189 -0.7108612 -0.5128174
-12.848007 -0.2585907 -0.9555664
-13.916794 -0.32286072 -1.0864868
-14.419052 -0.6870575 -1.6815796
-15.356918 -0.9846039 -2.8741455
-17.09459 -1.2892914 -4.083374
-18.475204 -1.9105682 -4.8379517
-19.222641 -3.024582 -4.088135
-18.568039 -4.538498 -3.409729
-17.320724 -6.952194 -2.7860718
-17.342148 -8.920761 -2.3028564
-16.83989 -8.620834 -0.06768799
-14.666611 -10.482285 -3.0859985
-10.969894 -12.100937 -2.7384644
-9.829697 -9.015976 -1.8601074
-9.253647 -5.2811737 -1.157898
-8.994186 -3.0174408 -0.8579712
-9.013229 -1.7082367 -0.7984619
-8.856125 -0.99650574 -1.2816772
-8.675217 -1.0869598 -1.9267578
-8.499069 -2.070053 -2.376648
-8.270554 -3.255478 -3.2002563
-8.199142 -4.250473 -3.92865
-8.315781 -5.1074066 -4.2547607
-8.199142 -5.6334686 -4.3880615
-7.920639 -5.919113 -4.083374
-7.7563934 -6.0762177 -3.7572632
-7.8278046 -6.109543 -3.4121094
-8.111069 -6.1333466 -3.3883057
-8.365768 -5.938156 -3.5239868
-8.608566 -5.635849 -3.7406006
-8.75853 -5.288315 -3.769165
-8.839462 -5.052658 -3.781067
-8.991806 -4.8765106 -3.8096313
-9.386948 -4.995529 -3.7644043
-9.84874 -5.3454437 -3.5073242
-10.246262 -5.828659 -3.2097778
-10.727097 -6.5189667 -2.5575562
-11.062729 -7.2806854 -1.8720093
-11.367416 -8.090012 -2.0981445
-12.283859 -8.813644 -3.0145874
-13.7287445 -9.708664 -4.2452393
-15.099838 -10.917892 -5.0164795
-15.416428 -11.501083 -5.2973633
-14.452377 -10.77269 -4.7070313
-12.73613 -8.944565 -3.435913
-10.934189 -7.0878754 -2.4718628
-9.622604 -5.4787445 -2.3218994
-8.929916 -4.10289 -2.319519
-8.818039 -3.2102509 -2.274292
-9.046555 -2.9579315 -2.1433716
-9.308395 -2.941269 -2.1576538
-9.565475 -3.2007294 -2.3099976
-9.765427 -3.6458588 -2.5004272
-10.093918 -4.219528 -2.4647217
-10.515244 -4.583725 -2.4909058
-11.129379 -4.8884125 -2.479004
-11.757797 -5.0883636 -2.6170654
-12.326706 -5.2621307 -2.7241821
-12.752792 -5.3835297 -2.7479858
-12.9717865 -5.45018 -2.8503418
-13.047958 -5.3644867 -2.697998
-13.038437 -5.0955048 -2.6932373
-12.988449 -4.8003387 -2.588501
-13.002731 -4.4789886 -2.5385132
-13.028915 -4.1504974 -2.6480103
-12.921799 -3.8553314 -2.6551514
-12.712326 -3.5363617 -2.6622925
-12.495712 -3.345932 -2.4337769
-12.231491 -3.1626434 -2.1743164
-12.038681 -2.9888763 -2.1100464
-11.853012 -2.7794037 -2.1695557
-11.772079 -2.550888 -2.152893
-11.550705 -2.3914032 -2.281433
-11.246017 -2.1605072 -2.312378
-10.905624 -1.9867401 -2.2980957
-10.481918 -1.8367767 -2.2695313
-10.067734 -1.6534882 -2.190979
-9.696396 -1.5749359 -2.1576538
-9.458359 -1.4178314 -2.036255
-9.08226 -1.3987885 -2.0100708
-8.841843 -1.3726044 -1.7839355
-8.580002 -1.3440399 -1.7268066
-8.491928 -1.3297577 -1.6339722
-8.458603 -1.2797699 -1.645874
-8.577621 -1.2750092 -1.7077637
-8.732346 -1.324997 -1.7006226
-8.741867 -1.3916473 -1.7434692
-8.57048 -1.5487518 -1.6911011
-8.325302 -1.7701263 -1.5482788
-8.049179 -2.0962372 -1.2245483
-7.970627 -2.479477 -0.9127197
-8.149155 -2.7651215 -0.5532837
-8.587143 -3.1293182 -0.24383545
-9.0203705 -3.403061 -0.105773926
-9.27269 -3.4601898 -0.2723999
-9.405991 -3.3554535 -0.7341919
-9.491684 -3.0412445 -1.3150024
-9.191757 -2.717514 -1.6744385
-8.582382 -2.5794525 -1.6315918
-7.9682465 -2.7484589 -1.0484009
-7.344589 -3.1674042 -0.13909912
-6.9280243 -3.6649017 0.86065674
-6.6399994 -4.026718 1.5319214
-6.5566864 -4.155258 2.0222778
-6.668564 -3.9053192 2.0246582
-7.0375214 -3.2578583 1.7461548
-7.60643 -2.505661 1.1082153
-8.596664 -1.60112 -0.06768799
-10.020126 -0.7013397 -1.4221191
-11.572128 0.09132385 -2.3980713
-12.60759 0.28889465 -2.7218018
-12.67424 -0.08482361 -2.5147095
-12.369553 -0.84654236 -2.4004517
-12.333847 -1.6225433 -2.5480347
-12.562363 -2.248581 -2.6956177
-12.67424 -2.7722626 -2.755127
-12.683762 -3.255478 -2.607544
-12.307663 -3.8220062 -2.2909546
-11.931564 -4.4647064 -1.7506104
-11.634018 -4.6051483 -1.5387573
-11.412643 -5.0431366 -1.9077148
-10.672348 -6.54039 -2.1124268
-10.415268 -7.509201 -2.1100464
-10.55571 -7.266403 -2.7789307
-10.61998 -7.021225 -2.9455566
-10.117722 -6.7998505 -3.1098022
-9.670212 -6.47612 -3.2907104
-9.33696 -6.0881195 -3.4002075
-9.1679535 -5.6406097 -3.447815
-9.120346 -5.264511 -3.1264648
-8.975143 -5.014572 -2.7479858
-8.89183 -4.776535 -2.3980713
-9.010849 -4.545639 -2.0862427
-9.253647 -4.42424 -1.8005981
-9.417892 -4.3694916 -1.6220703
-9.663071 -4.3575897 -1.5768433
-9.932053 -4.352829 -1.7030029
-10.29863 -4.409958 -1.8005981
-10.596176 -4.5408783 -2.081482
-10.934189 -4.9455414 -2.376648
-11.146042 -5.5739594 -2.7027588
-11.350754 -6.2618866 -2.819397
-11.479294 -7.0069427 -2.8860474
-11.593552 -7.8257904 -3.0645752
-11.764938 -8.663681 -3.3406982
-12.326706 -9.477768 -3.8429565
-13.145554 -10.203781 -4.4142456
-13.928696 -10.872665 -4.7855835
-14.235764 -11.384445 -4.802246
-14.078659 -11.467758 -4.3095093
-13.488327 -10.801254 -3.7477417
-12.702805 -9.387314 -3.1621704
-11.762558 -8.111435 -2.4956665
-10.698532 -6.7808075 -2.0767212
-9.746384 -5.4287567 -2.1409912
-9.163193 -4.1814423 -2.0719604
-8.987045 -3.2340546 -1.7839355
-9.332199 -2.6699066 -1.305481
-10.04631 -2.4080658 -0.9817505
-10.403366 -2.5675507 -0.93652344
-10.550949 -3.0483856 -0.9650879
-10.591415 -3.4006805 -1.3102417
-10.903244 -3.6434784 -1.6601563
-11.612595 -3.8481903 -2.1695557
-12.519516 -4.2147675 -2.9574585
-13.4145355 -4.757492 -3.8881836
-14.076279 -4.9979095 -3.890564
-14.495224 -4.321884 -3.9476929
-14.966537 -3.8791351 -3.6049194
-15.454514 -3.569687 -3.0479126
-15.480698 -3.4792328 -2.7075195
-15.071274 -3.557785 -2.659912
-14.519028 -3.5673065 -2.6813354
-13.942978 -3.345932 -2.7027588
-13.37883 -3.0840912 -2.569458
-12.988449 -2.8960419 -2.3147583
-12.600449 -2.7032318 -2.2457275
-12.440964 -2.4437714 -2.3290405
-12.293381 -2.2390594 -2.4837646
-11.993454 -2.0510101 -2.5527954
-11.638779 -2.0010223 -2.6242065
-11.155563 -2.0153046 -2.6551514
-10.703293 -2.0486298 -2.7265625
-10.277206 -2.0748138 -2.652771
-9.932053 -2.0938568 -2.5932617
-9.644028 -2.089096 -2.5980225
-9.310776 -2.081955 -2.4266357
-9.094162 -2.0414886 -2.2838135
-8.884689 -1.9581757 -2.1600342
Time Stop = 5249
