Time Start = 5266
-0.8152313 4.5211945 8.482605
-0.5962372 4.544998 8.489746
-0.7604828 4.5735626 8.484985
-1.0175629 4.575943 8.504028
-1.217514 4.564041 8.439758
-1.2341766 4.454544 8.392151
-1.1508636 4.306961 8.349304
-0.98661804 4.216507 8.399292
-0.8485565 4.1808014 8.3897705
-0.82951355 4.1879425 8.396912
-0.8080902 4.211746 8.361206
-0.91282654 4.2902985 8.301697
-0.92948914 4.409317 8.327881
-0.9318695 4.3664703 8.32312
-0.9342499 4.330765 8.311218
-0.9342499 4.2831573 8.26123
-0.92948914 4.2141266 8.251709
-0.94615173 4.23555 8.142212
-0.93663025 4.3045807 8.125549
-1.0104218 4.268875 8.1779175
-1.0128021 4.3283844 8.19458
-1.0508881 4.3736115 8.230286
-1.0270844 4.440262 8.19458
-1.0175629 4.478348 8.180298
-1.0223236 4.454544 8.13031
-0.9556732 4.4045563 8.101746
-1.0128021 4.390274 8.054138
-0.9985199 4.359329 7.9922485
-0.9651947 4.378372 7.8446655
-0.93663025 4.3878937 7.7280273
-0.90330505 4.3617096 7.5875854
-0.8842621 4.3688507 7.3447876
-0.8318939 4.4378815 7.111511
-0.7985687 4.4902496 6.8758545
-0.7533417 4.5783234 6.6116333
-0.74858093 4.697342 6.354553
-0.8152313 4.7830353 6.1641235
-0.89378357 4.8282623 5.930847
-0.9080658 4.7330475 5.716614
-1.0009003 4.5735626 5.5428467
-1.005661 4.459305 5.295288
-1.1056366 4.2188873 5.219116
-1.0770721 3.928482 5.012024
-1.153244 3.6166534 4.6502075
-1.2841644 3.2405548 4.2979126
-1.38414 2.8525543 3.736145
-1.6221771 2.3574371 3.2410278
-1.7840424 1.7980499 2.74115
-1.993515 1.1291656 2.3793335
-2.122055 0.75782776 1.9413452
-2.3624725 0.38648987 1.5200195
-2.6743011 0.27937317 1.0249023
-3.0123138 0.06513977 0.68688965
-3.4145966 -0.039596558 0.35601807
-3.8335419 -0.10386658 -0.14624023
-4.3048553 -0.08482361 -0.7341919
-4.9285126 -0.080062866 -1.1626587
-5.790207 -0.55851746 -0.96746826
-6.6352386 -1.9367523 -0.25811768
-7.2826996 -3.3030853 -0.62231445
-7.761154 -4.121933 -1.9815063
-8.9561 -5.071701 -1.9719849
-10.439072 -6.1262054 -1.5887451
-11.379318 -6.418991 -1.1912231
-11.829208 -6.3880463 -0.4794922
-11.976791 -5.9286346 0.25604248
-12.364792 -4.9526825 0.3869629
-13.531174 -3.6101532 0.048950195
-14.830856 -2.7413177 -1.0198364
-16.311447 -2.486618 -2.4075928
-17.970566 -2.5223236 -3.6120605
-19.47496 -3.0864716 -4.6189575
-19.671936 -4.186203 -5.2426147
-19.671936 -5.476364 -5.7591553
-19.671936 -6.873642 -5.7662964
-19.671936 -8.694626 -5.6448975
-19.671936 -10.915512 -5.0878906
-19.671936 -13.419662 -4.173828
-19.671936 -15.569138 -4.564209
-19.671936 -17.70195 -4.0167236
-18.710861 -18.232773 -4.961731
-17.154099 -13.771957 -5.794861
-15.842514 -9.563461 -5.9995728
-14.673752 -6.238083 -5.2330933
-13.838242 -3.2864227 -4.8760376
-14.100082 -0.9417572 -4.0429077
-15.161728 0.28889465 -2.9550781
-15.504501 0.46266174 -2.3409424
-14.9474945 -1.1893158 -1.1769409
-13.966782 -3.864853 -0.15576172
-13.471664 -5.2335663 0.05609131
-12.859909 -5.8048553 0.57025146
-11.745895 -6.0048065 0.7821045
-10.900864 -5.976242 0.6011963
-10.208176 -6.2690277 0.18939209
-9.870163 -6.7617645 -0.41760254
-9.986801 -7.1021576 -1.1745605
-10.505722 -7.4282684 -1.8815308
-11.029404 -7.668686 -2.479004
-11.507858 -7.7305756 -3.0336304
-11.484055 -7.521103 -3.5739746
-11.276962 -7.0569305 -4.102417
-10.986557 -6.483261 -4.031006
-10.87706 -5.9786224 -3.6763306
-10.881821 -5.6334686 -3.428772
-11.345993 -5.4525604 -3.0264893
-12.088669 -5.3359222 -2.7479858
-12.643295 -5.1645355 -2.9336548
-12.974167 -5.290695 -2.9788818
-12.917038 -5.431137 -2.8170166
-12.269577 -5.590622 -2.459961
-10.905624 -5.4644623 -1.7601318
-9.236984 -4.9598236 -0.76989746
-7.3588715 -4.2742767 -0.33190918
-5.830673 -3.5268402 -0.20098877
-4.776169 -2.6627655 -0.08673096
-4.2144012 -2.0843353 0.091796875
-3.8383026 -1.8939056 0.24176025
-4.059677 -2.3485565 0.60595703
-4.5428925 -3.4078217 0.6107178
-5.3379364 -4.6765594 0.34173584
-6.701889 -5.9476776 -0.09863281
-8.487167 -6.821274 -0.6675415
-10.222458 -7.3711395 -1.8410645
-11.950607 -7.4235077 -3.0479126
-13.426437 -7.033127 -3.6168213
-14.280991 -6.1143036 -3.7144165
-14.395248 -5.1764374 -3.6192017
-14.178635 -4.5623016 -3.1098022
-13.76445 -4.024338 -2.5551758
-13.114609 -3.6744232 -2.0124512
-12.381454 -3.4649506 -1.4292603
-11.667343 -3.1174164 -1.0579224
-11.07225 -2.774643 -0.8222656
-10.5342865 -2.4913788 -0.6532593
-10.04155 -2.1890717 -0.71276855
-9.646408 -1.9486542 -0.8841553
-9.325058 -1.8034515 -1.0007935
-9.115585 -1.7439423 -0.9246216
-8.948959 -1.7629852 -1.0983887
-8.796616 -1.9557953 -1.0412598
-8.703781 -2.1747894 -1.0055542
-8.649033 -2.3104706 -1.074585
-8.656174 -2.4318695 -0.98651123
-8.775192 -2.4580536 -0.9055786
-8.929916 -2.448532 -0.972229
-9.153671 -2.4747162 -0.94366455
-9.396469 -2.4390106 -0.9984131
-9.779709 -2.505661 -0.991272
-10.208176 -2.5270844 -1.0317383
-10.803268 -2.4723358 -1.0841064
-11.284103 -2.5342255 -1.0817261
-11.476913 -2.5865936 -1.1174316
-11.622116 -2.6032562 -1.2078857
-11.588791 -2.596115 -1.2745361
-11.526901 -2.6627655 -1.4506836
-11.600693 -2.634201 -1.5720825
-11.71019 -2.7556 -1.7529907
-11.917282 -2.7603607 -1.7387085
-12.141037 -2.9127045 -1.7696533
-12.250534 -3.160263 -1.7030029
-12.074387 -3.5006561 -1.5506592
-11.757797 -3.8696136 -1.1745605
-11.212692 -4.3290253 -0.35809326
-10.567612 -4.74321 0.4940796
-9.801132 -5.1002655 1.1796265
-8.894211 -5.366867 1.696167
-8.092026 -5.5287323 2.0246582
-7.368393 -5.462082 1.9484863
-6.8447113 -5.083603 1.7485352
-6.70903 -4.481369 1.4486084
-6.9732513 -3.7648773 1.0534668
-7.6159515 -3.1102753 0.7178345
-8.370529 -2.7317963 0.051330566
-9.094162 -2.56279 -0.6508789
-9.703537 -2.672287 -1.4268799
-10.203415 -2.876999 -2.0648193
-10.55809 -3.1031342 -2.4171143
-10.800888 -3.3602142 -2.5575562
-10.893723 -3.6387177 -2.364746
-10.881821 -3.852951 -1.9957886
-10.827072 -4.0433807 -1.5339966
-10.824692 -3.9838715 -1.184082
-10.605698 -3.9267426 -0.80322266
-10.3867035 -3.852951 -0.36999512
-10.027267 -3.7148895 -0.024841309
-9.482162 -3.2935638 0.17034912
-8.732346 -2.974594 0.5916748
-8.011093 -2.5723114 1.3533936
-7.258896 -1.7582245 1.4985962
-6.816147 -1.0988617 1.4914551
-6.7304535 -0.57518005 1.5390625
-6.7613983 -0.21098328 1.4129028
-6.77092 -0.06816101 1.0153809
-6.854233 -0.24430847 0.5821533
-7.09227 -0.613266 0.3441162
-7.342209 -0.991745 -0.12957764
-7.546921 -1.4273529 -0.43426514
-7.6088104 -1.7582245 -0.8222656
-7.611191 -2.1486053 -1.1650391
-7.675461 -2.3747406 -1.3173828
-7.849228 -2.5270844 -1.4602051
-8.284836 -2.6818085 -1.3364258
-9.125107 -2.8889008 -1.2507324
-10.122482 -3.1269379 -1.2007446
-11.274582 -3.2530975 -1.479248
-12.357651 -3.288803 -2.0791016
-13.269333 -3.3316498 -2.633728
-13.916794 -3.3578339 -2.9812622
-14.21196 -3.557785 -3.262146
-14.364304 -3.8386688 -3.1859741
-14.395248 -4.390915 -3.1550293
-14.483322 -4.7860565 -3.1050415
-14.830856 -5.155014 -3.0740967
-15.087936 -5.4025726 -3.1312256
-15.078415 -5.5477753 -3.2573853
-14.795151 -5.7167816 -3.2383423
-14.121506 -5.8119965 -2.8812866
-12.9717865 -6.02623 -2.2719116
-11.610214 -6.173813 -1.5482788
-9.965378 -6.3190155 -0.7841797
-8.458603 -6.3332977 -0.1652832
-7.28508 -6.147629 0.15368652
-6.440048 -5.7548676 0.3607788
-6.097275 -5.2169037 0.39648438
-5.899704 -4.7741547 0.30841064
-6.0258636 -4.4647064 0.051330566
-6.437668 -4.319504 -0.47473145
-7.008957 -4.224289 -0.9484253
-7.6992645 -4.23143 -1.453064
-8.265793 -4.2671356 -1.8244019
-8.772812 -4.2528534 -2.1171875
-9.108444 -4.200485 -2.281433
-9.246506 -4.045761 -2.1029053
-9.215561 -3.9529266 -1.7601318
-9.060837 -3.9576874 -1.2769165
-8.841843 -4.0600433 -0.824646
-8.675217 -4.152878 -0.20336914
-8.5395355 -4.10289 0.30603027
-8.325302 -3.9910126 0.5750122
-8.287216 -3.6529999 0.72735596
-8.022995 -3.217392 0.60595703
-7.780197 -2.8793793 0.3369751
-7.5659637 -2.6222992 0.022766113
-7.535019 -2.7056122 -0.18908691
-7.446945 -3.0436249 -0.3961792
-7.4564667 -3.486374 -0.55804443
-7.5016937 -4.0148163 -0.57232666
-7.527878 -4.3956757 -0.6246948
-7.6040497 -4.6456146 -0.52948
-7.8468475 -4.67894 -0.49139404
-7.9492035 -4.647995 -0.46759033
-8.11821 -4.6575165 -0.86273193
-8.494308 -4.5551605 -1.5720825
-9.253647 -4.405197 -1.7172852
-11.012741 -3.2578583 -0.37713623
-12.110092 -0.7679901 0.8487549
-12.1957855 1.3886261 4.8049316
-11.00798 3.8951569 5.7142334
-10.327194 4.318863 4.1312866
-12.502853 3.2191315 4.133667
-14.016769 1.9694366 3.1481934
-13.76445 0.9506378 2.1222534
-12.924179 -0.45378113 1.1558228
-12.150558 -1.7344208 -0.031982422
-13.102707 -2.6032562 0.62023926
-13.559738 -2.9793549 1.6437988
-12.188644 -3.0793304 1.1796265
-11.031784 -3.5101776 0.394104
-11.772079 -4.2909393 0.12512207
-11.986313 -5.502548 -1.2293091
-11.493576 -6.899826 -1.8886719
-11.105576 -7.50206 -1.8125
-10.639023 -6.995041 -1.87677
-10.384323 -6.290451 -1.5744629
-10.396225 -5.700119 -1.5387573
-10.758041 -5.207382 -1.4197388
-10.948471 -5.083603 -1.4054565
-10.824692 -4.916977 -1.61969
-10.636642 -4.762253 -1.5697021
-10.565231 -4.590866 -1.1602783
-10.55809 -4.42424 -0.8579712
-10.712814 -4.340927 -0.63897705
-10.865158 -4.302841 -0.5770874
-11.027023 -4.348068 -0.71276855
-11.07225 -4.5218353 -1.0245972
-11.019882 -4.5694427 -1.3864136
-10.858017 -4.5218353 -1.5720825
-10.669968 -4.3885345 -1.61969
-10.408127 -4.095749 -1.536377
-10.196274 -3.8862762 -1.4364014
-9.962997 -3.6291962 -1.3221436
-9.796371 -3.4625702 -1.267395
-9.636887 -3.3149872 -1.267395
-9.451218 -3.160263 -1.3292847
-9.377426 -3.0222015 -1.3911743
-9.27507 -2.7841644 -1.3411865
-9.117966 -2.6580048 -1.3911743
-8.977524 -2.5104218 -1.479248
-8.739487 -2.4294891 -1.4221191
-8.50383 -2.5080414 -1.3911743
-8.261032 -2.5675507 -1.3126221
-8.12059 -2.6699066 -1.1293335
-7.9182587 -2.6603851 -1.0388794
-7.7183075 -2.7008514 -1.010315
-7.658798 -2.6365814 -1.1079102
-7.6016693 -2.4723358 -1.1817017
-7.651657 -2.4128265 -1.0674438
-7.7111664 -2.2723846 -0.92700195
-7.8920746 -2.3057098 -0.9579468
-8.151535 -2.2819061 -0.98413086
-8.389572 -2.2985687 -1.1817017
-8.710922 -2.2009735 -1.3245239
-8.994186 -2.1128998 -1.5197144
-9.194138 -2.0272064 -1.7648926
-9.356003 -1.9962616 -1.8267822
-9.486923 -2.0914764 -1.7791748
-9.565475 -2.4128265 -1.4816284
-9.72258 -2.7484589 -1.248352
-10.070114 -3.1031342 -1.1317139
-10.600937 -3.364975 -0.95080566
-10.962753 -3.5268402 -0.96984863
-11.050827 -3.6720428 -1.0126953
-10.884201 -3.8243866 -0.824646
-10.412888 -4.0148163 -0.34381104
-9.59166 -4.3361664 0.35839844
-8.844223 -4.769394 1.1582031
-8.099167 -5.147873 1.8223267
-7.5659637 -5.526352 2.2246094
-7.3850555 -5.566818 2.2984009
-7.592148 -5.333542 2.1293945
-8.163437 -4.87175 1.7437744
-8.7894745 -4.250473 1.1439209
-9.508347 -3.569687 0.38220215
-10.053452 -2.8817596 -0.39855957
-10.610458 -2.2438202 -1.0007935
-11.472153 -1.9962616 -1.0079346
-12.307663 -2.1605072 -0.446167
-13.719223 -0.38713074 -0.13909912
-13.631149 -0.93699646 -1.1555176
-11.303146 -6.109543 -0.5913696
-9.058456 -9.613449 0.7392578
-9.203659 -7.982895 2.3222046
-9.044174 -5.438278 2.7125854
-8.544296 -4.545639 2.6030884
-8.277695 -4.281418 1.6057129
-8.389572 -4.6694183 0.5107422
-8.715683 -5.06456 -0.50805664
-8.982285 -5.4406586 -1.4054565
-9.120346 -5.6001434 -1.9648438
-9.041794 -5.731064 -2.1243286
-8.782333 -5.738205 -2.1314697
-8.56572 -5.847702 -2.0862427
-8.453842 -5.96434 -2.145752
-8.582382 -6.0619354 -2.1362305
-8.625229 -6.214279 -1.9862671
-8.689499 -6.207138 -1.5530396
-8.713303 -6.0309906 -1.2007446
-8.737106 -5.816757 -0.8151245
-8.968002 -5.4525604 -0.6508789
-9.520248 -5.1121674 -0.44378662
-9.936813 -4.9836273 -0.3223877
-10.193893 -5.0669403 -0.31762695
-10.489059 -5.3121185 -0.27716064
-10.796127 -5.4835052 -0.19622803
-11.050827 -5.609665 -0.084350586
-11.312668 -5.5739594 -0.039123535
-11.572128 -5.4716034 -0.055786133
-11.810165 -5.378769 -0.031982422
-11.979172 -5.32164 -0.012939453
-11.960129 -5.290695 0.09893799
-11.874435 -5.2597504 0.25842285
-11.826828 -5.188339 0.28222656
-12.002975 -5.1193085 0.19415283
-12.307663 -5.231186 0.20605469
-12.505234 -5.5549164 0.5274048
-12.469528 -5.9595795 0.82733154
-12.112473 -6.578476 1.4509888
-11.469772 -7.123581 1.8151855
-10.896103 -7.413986 1.8056641
-10.529526 -7.328293 1.3057861
-10.658066 -6.804611 0.4607544
-11.2269745 -5.892929 -0.41046143
-11.936325 -5.2859344 -1.2293091
-12.474289 -4.538498 -1.7244263
-12.5457 -4.012436 -1.8505859
-12.305283 -3.698227 -1.8148804
-11.919662 -3.5435028 -1.8148804
-12.019638 -3.436386 -1.7886963
-12.367172 -3.372116 -1.793457
-12.743271 -3.2983246 -1.8815308
-12.905136 -3.2792816 -1.9481812
-12.850388 -3.191208 -1.9386597
-12.638535 -3.115036 -1.9029541
-12.436203 -2.9507904 -1.6553955
-12.245773 -2.9079437 -1.369751
-12.086288 -2.9246063 -1.1602783
-11.929184 -2.9150848 -1.0198364
-11.741135 -2.910324 -0.88653564
-11.498337 -3.0102997 -0.7651367
-11.248398 -3.1031342 -0.7746582
-10.936569 -3.2602386 -0.8222656
-10.677109 -3.410202 -0.8555908
-10.443832 -3.5244598 -1.0579224
-10.2391205 -3.5982513 -1.1912231
-10.089157 -3.5435028 -1.3649902
-9.905869 -3.5934906 -1.600647
-9.713058 -3.5077972 -1.8624878
-9.451218 -3.538742 -1.8672485
-9.179855 -3.5815887 -2.0529175
-8.879929 -3.5030365 -1.9458008
-8.580002 -3.410202 -1.87677
-8.31102 -3.288803 -1.8672485
-8.134872 -3.0436249 -1.7958374
-7.99205 -2.8151093 -1.6601563
-7.9158783 -2.6413422 -1.6387329
-7.811142 -2.3795013 -1.5435181
-7.720688 -2.203354 -1.3983154
-7.708786 -2.0605316 -1.3911743
-7.761154 -1.8177338 -1.3721313
-7.811142 -1.7463226 -1.3911743
-7.8706512 -1.6058807 -1.3221436
-7.780197 -1.6130219 -1.305481
-7.675461 -1.6082611 -1.138855
-7.6397552 -1.72966 -0.95318604
-7.8611298 -1.8296356 -0.76275635
-8.334824 -1.9248505 -0.8722534
-9.048935 -2.0771942 -1.0626831
-9.843979 -2.3461761 -1.2412109
-10.3676605 -2.6246796 -1.5292358
-10.6175995 -3.2745209 -1.1459961
-10.122482 -4.1957245 -1.017456
-9.363144 -5.250229 -0.3461914
-8.596664 -6.033371 1.0439453
-7.7064056 -6.211899 2.395996
-6.759018 -5.950058 3.6932983
-6.1139374 -4.9217377 4.6621094
-5.764023 -3.326889 5.37146
-5.8140106 -1.7391815 5.9070435
-5.828293 -0.73942566 6.325989
-5.963974 0.42933655 6.0046387
-6.8328094 1.4886017 5.319092
-8.044418 1.8123322 4.5906982
-9.646408 1.510025 3.2648315
-11.434067 1.022049 1.2010498
-13.05748 0.43885803 -1.0150757
-14.333359 -0.43473816 -2.036255
-14.1905365 -1.305954 -1.6887207
-12.983688 -2.017685 -0.8508301
-12.012497 -2.217636 -0.08673096
-11.750656 -2.1319427 0.37982178
-11.700668 -2.581833 0.57977295
-11.555466 -3.5625458 0.3703003
-11.348373 -5.033615 0.21795654
-10.988937 -6.2618866 -0.11291504
-10.484299 -6.8831635 -0.23431396
-9.967758 -6.866501 -0.30096436
-9.479782 -6.4094696 -0.27716064
-9.222702 -5.7048798 -0.1486206
-9.196518 -5.12883 0.051330566
-9.179855 -4.764633 0.044189453
-9.217941 -4.4647064 0.2703247
-9.153671 -4.398056 0.47979736
-9.051315 -4.4575653 0.80352783
-8.960861 -4.455185 1.2581787
-9.01561 -4.3385468 1.8604126
-9.122726 -4.155258 2.3793335
-9.153671 -3.9196014 2.555481
-9.196518 -3.6529999 2.2436523
-9.555954 -3.3221283 1.7247314
-10.198654 -2.9460297 0.93444824
-10.896103 -2.8412933 0.28936768
-11.493576 -3.031723 -0.23431396
-11.831589 -3.531601 -0.17718506
-11.881577 -4.019577 0.0037231445
-11.803024 -4.4980316 0.55358887
-11.569748 -4.909836 1.0748901
-11.300766 -5.207382 1.3391113
-11.153183 -5.4144745 1.2296143
-11.184128 -5.5549164 0.9439697
-11.274582 -5.5501556 0.55596924
-11.479294 -5.5620575 0.11798096
-11.952988 -5.6596527 -0.15100098
-12.490952 -5.942917 -0.2890625
-13.102707 -6.507065 -0.15576172
-13.490707 -7.3592377 0.06561279
-13.643051 -8.344711 0.40600586
-13.533554 -9.184982 0.6987915
-13.05986 -9.522995 0.7392578
-12.283859 -9.025497 0.37982178
-11.498337 -7.637741 -0.12005615
-10.836594 -6.147629 -0.36999512
-10.384323 -4.924118 -0.7246704
-10.189133 -4.045761 -0.8912964
-10.179611 -3.603012 -0.9460449
-10.341476 -3.3602142 -0.7841797
-10.512863 -3.2721405 -0.67230225
-10.503342 -3.2411957 -0.45092773
-10.512863 -3.1935883 -0.3390503
-10.767563 -3.20549 -0.2890625
Time Stop = 5271
