Time Start = 2401
0.027420044 -1.010788 9.301453
0.07978821 -1.1321869 9.375244
0.02027893 -1.2464447 9.522827
-0.07017517 -1.3154755 9.503784
-0.14634705 -1.4202118 9.587097
-0.14396667 -1.453537 9.363342
-0.19395447 -1.5297089 9.344299
-0.23918152 -1.4511566 9.289551
-0.20109558 -1.3678436 9.032471
-0.14396667 -0.8822479 9.003906
-0.35820007 -0.53471375 9.115784
-0.13206482 -1.2178802 9.03009
-0.1415863 -1.3916473 8.799194
-1.0318451 -1.3202362 8.951538
0.17738342 -1.1440887 9.172913
0.37971497 -1.9319916 9.465698
0.10835266 -2.1343231 9.058655
-0.3058319 -1.9867401 9.365723
-0.40104675 -1.832016 9.5252075
-0.39866638 -1.812973 9.67041
-0.5605316 -1.7463226 9.73468
-0.7200165 -1.5487518 9.891785
-0.75572205 -1.351181 10.0703125
-0.73905945 -1.2512054 10.129822
-0.6866913 -1.1821747 9.99176
-0.74858093 -1.2274017 9.801331
-0.82951355 -1.3035736 9.73468
-0.86997986 -1.5035248 9.629944
-0.9247284 -1.5868378 9.472839
-0.9080658 -1.5892181 9.280029
-0.8342743 -1.5439911 9.122925
-0.8652191 -1.498764 8.9158325
-0.9794769 -1.2726288 8.7039795
-1.1175385 -1.0322113 8.561157
-1.2841644 -0.7346649 8.439758
-1.4579315 -0.5537567 8.296936
-1.4841156 -0.44664 8.151733
-1.5650482 -0.3728485 7.956543
-1.6745453 -0.4228363 7.9208374
-1.8292694 -0.61802673 7.8589478
-1.9006805 -0.93699646 7.654236
-1.9316254 -1.2059784 7.506653
-2.0292206 -1.453537 7.4161987
-1.9863739 -1.7153778 7.354309
-2.1125336 -2.2271576 7.301941
-2.1458588 -2.5842133 7.1519775
-2.1839447 -2.7341766 7.006775
-2.398178 -2.9531708 7.021057
-2.5219574 -3.20549 7.1400757
-2.6266937 -3.410202 7.109131
-2.852829 -3.5934906 7.23053
-2.8694916 -3.6196747 7.501892
-2.9694672 -3.5744476 7.7922974
-3.0599213 -3.800583 8.189819
-3.0980072 -3.864853 8.377869
-3.2432098 -3.78154 8.658752
-3.3574677 -3.9196014 9.080078
-3.4645844 -4.007675 9.149109
-3.5431366 -3.9767303 9.253845
-3.6002655 -3.9791107 9.389526
-3.6145477 -4.0624237 9.441895
-3.712143 -4.1909637 9.537109
-3.8335419 -4.571823 9.665649
-3.904953 -4.962204 9.679932
-4.000168 -5.283554 9.806091
-4.116806 -5.654892 10.139343
-4.1763153 -5.9143524 10.286926
-4.3000946 -6.071457 10.351196
-4.4214935 -6.1024017 10.465454
-4.642868 -6.1976166 10.555908
-4.938034 -6.442795 10.746338
-5.090378 -6.673691 10.770142
-5.0998993 -6.6070404 10.6154175
-5.1475067 -6.4285126 10.57019
-5.2474823 -6.457077 10.513062
-5.2236786 -6.5189667 10.3012085
-5.240341 -6.6070404 9.98938
-5.2427216 -6.592758 9.791809
-5.1260834 -6.585617 9.446655
-5.1332245 -6.885544 9.432373
-5.252243 -7.5258636 9.41333
-5.2546234 -7.95195 9.118164
-5.2022552 -8.073349 8.953918
-5.142746 -8.090012 8.782532
-5.007065 -7.9852753 8.677795
-4.9356537 -7.9352875 8.525452
-4.8975677 -7.747238 8.399292
-4.840439 -7.4544525 8.218384
-4.764267 -7.0117035 8.073181
-4.816635 -6.778427 8.046997
-4.8761444 -6.642746 8.035095
-4.97612 -6.609421 8.058899
-5.154648 -6.6141815 8.161255
-5.430771 -6.6260834 8.330261
-5.635483 -6.6022797 8.454041
-5.816391 -6.385666 8.599243
-6.0068207 -6.2214203 8.661133
-6.1210785 -6.0095673 8.501648
-6.1163177 -5.77153 8.375488
-6.078232 -5.564438 8.163635
-6.0234833 -5.307358 7.7851563
-5.9592133 -5.1264496 7.4400024
-5.783066 -5.00029 7.0567627
-5.5902557 -4.8503265 6.7163696
-5.456955 -4.6884613 6.4021606
-5.3593597 -4.576584 6.2355347
-5.218918 -4.462326 5.88562
-5.109421 -4.48851 5.7856445
-4.990402 -4.5027924 5.557129
-4.8309174 -4.5218353 5.366699
-4.714279 -4.4409027 5.152466
-4.6000214 -4.4385223 5.0167847
-4.5119476 -4.4575653 4.883484
-4.476242 -4.5170746 4.716858
-4.3953094 -4.636093 4.607361
-4.411972 -4.7170258 4.609741
-4.3643646 -4.828903 4.4645386
-4.3762665 -4.8836517 4.4383545
-4.4072113 -4.8503265 4.4645386
-4.4452972 -4.9217377 4.455017
-4.4929047 -4.93602 4.4764404
-4.6404877 -4.864609 4.531189
-4.7618866 -4.9003143 4.5335693
-4.873764 -4.8836517 4.5930786
-5.073715 -4.955063 4.723999
-5.302231 -4.845566 4.79303
-5.4879 -4.6575165 4.8430176
-5.7092743 -4.371872 4.814453
-5.9473114 -4.0219574 4.788269
-6.1591644 -3.7101288 4.826355
-6.4091034 -3.467331 4.7977905
-6.7042694 -3.1674042 4.7073364
-7.049423 -3.0079193 4.6430664
-7.554062 -2.8746185 4.5740356
-8.106308 -2.81987 4.5478516
-8.679977 -2.8603363 4.53833
-9.286972 -2.94841 4.53833
-9.739243 -3.153122 4.440735
-10.093918 -3.3863983 4.402649
-10.353378 -3.6315765 4.478821
-10.531906 -3.9410248 4.481201
-10.641403 -4.281418 4.607361
-10.658066 -4.6194305 4.833496
-10.596176 -4.9860077 5.0215454
-10.310532 -5.0621796 4.819214
-9.746384 -5.1978607 4.819214
-9.386948 -5.314499 4.564514
-9.258408 -5.212143 4.2265015
-9.384567 -5.12883 4.0217896
-9.791611 -4.931259 3.781372
-10.305771 -4.5551605 3.6123657
-10.800888 -4.133835 3.4076538
-11.157944 -3.7339325 3.3029175
-11.448349 -3.5411224 3.2505493
-11.462631 -3.2935638 3.3052979
-11.253159 -3.1769257 3.4266968
-10.8484955 -3.0483856 3.524292
-10.339096 -2.986496 3.6123657
-9.858261 -3.0460052 3.5528564
-9.470261 -3.255478 3.5123901
-9.106064 -3.3744965 3.421936
-8.860886 -3.550644 3.2719727
-8.584763 -3.6815643 3.1243896
-8.358627 -3.8243866 3.0672607
-8.137253 -3.9648285 3.0029907
-7.977768 -4.1243134 2.8911133
-7.8611298 -4.379013 2.7792358
-7.675461 -4.6384735 2.5888062
-7.587387 -5.0431366 2.517395
-7.580246 -5.38591 2.2269897
-7.5564423 -5.559677 2.0651245
-7.6468964 -5.590622 2.03656
-7.6397552 -5.57872 2.2103271
-7.6849823 -5.3621063 2.3721924
-7.656418 -5.1954803 2.5483398
-7.5516815 -5.040756 2.7911377
-7.5397797 -4.9264984 3.0029907
-7.511215 -4.8384247 3.2791138
-7.5064545 -4.783676 3.5123901
-7.6040497 -4.738449 3.6932983
-7.723068 -4.6717987 3.762329
-7.908737 -4.6884613 3.7647095
-8.222946 -4.724167 3.6694946
-8.546677 -4.9407806 3.7218628
-8.865646 -5.1573944 3.6837769
-9.153671 -5.3573456 3.626648
-9.425034 -5.4858856 3.633789
-9.489304 -5.495407 3.6813965
-9.567856 -5.476364 3.5861816
-9.763046 -5.469223 3.6004639
-10.229599 -5.6977386 3.6813965
-11.024643 -5.878647 3.8694458
-11.883957 -5.9024506 3.8861084
-12.590927 -5.8453217 4.0860596
-13.028915 -5.752487 4.2384033
-13.143173 -5.64299 4.228882
-12.852768 -5.6834564 4.3050537
-12.3624115 -5.7048798 4.2526855
-11.717331 -5.752487 4.1574707
-11.022263 -5.7477264 4.0098877
-10.348618 -5.669174 3.9527588
-9.584518 -5.476364 3.876587
-8.739487 -5.2621307 3.7837524
-7.8611298 -5.0098114 3.467163
-7.239853 -4.8170013 3.2719727
-6.9232635 -4.750351 3.1101074
-7.137497 -4.912216 3.0505981
-7.8206635 -5.116928 2.9672852
-8.63237 -5.1835785 2.7697144
-9.277451 -5.1978607 2.7982788
-9.617844 -5.1145477 2.7982788
-9.686874 -4.9717255 2.7887573
-9.624985 -4.8360443 2.8720703
-9.508347 -4.7170258 2.8292236
-9.391708 -4.583725 2.8292236
-9.303635 -4.4266205 2.8220825
-9.1679535 -4.300461 2.5697632
-8.929916 -4.2647552 2.426941
-8.677597 -4.288559 2.3769531
-8.434799 -4.367111 2.2722168
-8.3134 -4.462326 2.1674805
-8.208664 -4.519455 2.0889282
-8.149155 -4.538498 2.0437012
-8.075363 -4.5742035 2.0437012
-8.0325165 -4.609909 1.9556274
-7.9872894 -4.659897 1.8699341
-7.8587494 -4.6765594 1.7271118
-7.7873383 -4.5694427 1.6628418
-7.7897186 -4.450424 1.5795288
-7.701645 -4.224289 1.5414429
-7.723068 -4.052902 1.6699829
-7.644516 -3.9315033 1.5890503
-7.618332 -3.8386688 1.6342773
-7.60643 -3.7601166 1.6699829
-7.637375 -3.6768036 1.8223267
-7.5969086 -3.5625458 1.7937622
-7.6349945 -3.5887299 1.8556519
-7.6040497 -3.5887299 1.741394
-7.5850067 -3.5673065 1.7033081
-7.587387 -3.5601654 1.7651978
-7.580246 -3.5220795 1.8366089
-7.682602 -3.5030365 1.8675537
-7.8349457 -3.474472 1.862793
-8.003952 -3.5030365 1.9246826
-8.322922 -3.5006561 2.0056152
-8.658554 -3.550644 2.017517
-8.965622 -3.6101532 2.1555786
-9.153671 -3.698227 2.2960205
-9.2322235 -3.7101288 2.3674316
-9.110825 -3.5744476 2.343628
-9.322678 -3.5220795 2.3222046
-10.010605 -3.660141 2.3864746
-10.94371 -3.6934662 2.2555542
-11.893478 -3.8124847 2.3864746
-12.645676 -3.8029633 2.479309
-12.752792 -3.833908 2.7625732
-12.274338 -3.864853 3.088684
-11.357895 -3.9576874 3.2957764
-10.315292 -4.088608 3.4552612
-9.363144 -4.2933197 3.5861816
-8.484787 -4.4861298 3.5219116
-7.7944794 -4.545639 3.3790894
-7.4540863 -4.4956512 3.2338867
-7.592148 -4.4123383 3.3076782
-8.415756 -4.3552094 3.236267
-9.544052 -4.3242645 3.4243164
-10.643784 -4.2338104 3.498108
-11.445969 -4.2028656 3.3862305
-11.650681 -4.0552826 3.2338867
-11.286484 -3.8957977 3.0029907
-10.562851 -3.814865 2.7697144
-9.782089 -3.6887054 2.5483398
-9.022751 -3.583969 2.4745483
-8.453842 -3.4887543 2.5697632
-8.030136 -3.429245 2.6054688
-7.696884 -3.4530487 2.6173706
-7.4374237 -3.4887543 2.5864258
-7.254135 -3.6006317 2.510254
-7.113693 -3.7291718 2.407898
-6.9684906 -3.8862762 2.3483887
-6.932785 -4.0624237 2.1984253
-6.9280243 -4.2528534 1.9960938
-6.951828 -4.4456635 1.8937378
-7.001816 -4.55278 1.6533203
-7.1041718 -4.5813446 1.5747681
-7.2255707 -4.628952 1.5247803
-7.3779144 -4.647995 1.6152344
-7.515976 -4.6075287 1.6985474
-7.6016693 -4.4528046 1.8961182
-7.758774 -4.345688 2.0056152
-7.8920746 -4.2290497 2.1746216
-7.9801483 -4.2528534 2.3412476
-8.084885 -4.2219086 2.4840698
-8.289597 -4.307602 2.6602173
-8.420517 -4.3742523 2.895874
-8.572861 -4.514694 2.8649292
-8.62999 -4.61467 2.9458618
-8.815659 -4.7860565 3.1577148
-9.067978 -4.8384247 3.2005615
-9.372665 -4.9455414 3.4266968
-9.801132 -4.9336395 3.4957275
-10.205795 -4.9003143 3.645691
-10.460495 -4.852707 3.774231
-10.708054 -4.8574677 3.7980347
-10.858017 -4.8503265 3.8170776
-11.276962 -4.9860077 3.8884888
-12.010117 -5.1645355 3.9051514
-12.938461 -5.309738 4.0717773
-13.797775 -5.3763885 4.166992
-14.400009 -5.3240204 4.421692
-14.566635 -5.245468 4.5906982
-14.159592 -5.1645355 4.640686
-13.331223 -5.185959 4.716858
-12.274338 -5.1907196 4.7858887
-11.276962 -5.2359467 4.709717
-10.222458 -5.2026215 4.6549683
-9.160812 -5.012192 4.557373
-7.9872894 -4.8360443 4.2764893
-6.958969 -4.602768 4.050354
-6.3829193 -4.481369 3.7147217
-6.3662567 -4.4528046 3.3981323
-7.0637054 -4.5480194 3.0125122
-8.153915 -4.5884857 2.6554565
-9.139389 -4.633713 2.4412231
-9.832077 -4.507553 2.2079468
-10.098679 -4.390915 2.286499
-10.208176 -4.2409515 2.2365112
-10.162949 -4.076706 2.3364868
-10.139145 -3.9338837 2.3817139
-10.062973 -3.7648773 2.362671
-9.948715 -3.686325 2.395996
-9.7773285 -3.5601654 2.2555542
-9.470261 -3.5649261 2.1222534
-9.132248 -3.5673065 1.9960938
-8.832321 -3.6768036 1.7509155
-8.603806 -3.6910858 1.5723877
-8.484787 -3.7101288 1.4248047
-8.341965 -3.7363129 1.3557739
-8.3276825 -3.7529755 1.1486816
-8.299118 -3.8624725 1.1034546
-8.208664 -3.898178 1.0153809
-8.101547 -3.9648285 0.9368286
-8.049179 -3.9624481 0.855896
-7.98967 -3.8791351 0.90826416
-7.99205 -3.78154 0.9296875
-7.99205 -3.7125092 0.94158936
-8.011093 -3.557785 1.048706
-7.977768 -3.5054169 1.0130005
-7.932541 -3.4173431 1.041565
-7.875412 -3.3483124 1.0796509
-7.8516083 -3.3863983 1.1082153
-7.8658905 -3.281662 1.132019
-7.8658905 -3.2959442 1.1653442
-7.8325653 -3.2507172 1.2081909
-7.837326 -3.2673798 1.2915039
-7.8539886 -3.2983246 1.3319702
-8.003952 -3.3411713 1.4129028
-8.187241 -3.455429 1.3914795
-8.484787 -3.5101776 1.4747925
-8.777573 -3.5625458 1.6104736
-9.046555 -3.5625458 1.7770996
-9.246506 -3.5673065 1.7937622
-9.386948 -3.5363617 1.888977
-9.603561 -3.455429 1.8508911
-10.079636 -3.5482635 1.8366089
-10.743759 -3.595871 1.7675781
-11.591171 -3.6291962 1.8032837
-12.188644 -3.6934662 1.9699097
-12.54808 -3.7196503 2.1412964
-12.112473 -3.8124847 2.4388428
-11.334091 -3.9029388 2.6149902
-10.384323 -4.1314545 2.8673096
-9.558334 -4.4075775 3.1148682
-8.998947 -4.640854 3.3909912
-8.480026 -4.776535 3.5957031
-8.034897 -4.731308 3.8718262
-7.6659393 -4.493271 3.9575195
-7.6349945 -4.283798 4.050354
-8.027756 -4.083847 4.050354
-8.844223 -3.8886566 3.9503784
-9.879684 -3.814865 3.7956543
-10.791367 -3.7648773 3.645691
-11.298386 -3.6363373 3.4195557
-11.312668 -3.4506683 3.2386475
-10.900864 -3.3245087 3.1600952
-10.372421 -3.2769012 3.1315308
-9.765427 -3.2983246 3.1815186
-9.27269 -3.3483124 3.2505493
-8.782333 -3.338791 3.3171997
-8.422897 -3.4697113 3.2267456
-8.099167 -3.5554047 3.1220093
-7.8087616 -3.6696625 3.0339355
-7.5707245 -3.814865 2.941101
-7.380295 -3.955307 2.9030151
-7.216049 -4.0410004 2.7816162
-7.0827484 -4.160019 2.5197754
-7.099411 -4.2457123 2.415039
-7.175583 -4.288559 2.1793823
-7.216049 -4.2909393 2.074646
-7.2636566 -4.283798 1.946106
-7.323166 -4.200485 2.0127563
-7.444565 -4.0933685 2.0698853
-7.527878 -3.936264 2.2460327
-7.677841 -3.84581 2.3460083
-7.7373505 -3.8505707 2.479309
-7.8397064 -3.852951 2.5721436
-7.92778 -3.833908 2.6078491
-8.022995 -3.9148407 2.7149658
-8.156296 -4.0171967 2.710205
-8.263412 -4.133835 2.6340332
-8.460983 -4.2100067 2.6744995
-8.606186 -4.348068 2.6697388
-8.875168 -4.448044 2.6221313
-9.2108 -4.5361176 2.6887817
-9.510727 -4.6265717 2.8363647
-9.829697 -4.6765594 2.9315796
-10.091537 -4.662277 3.0458374
-10.10582 -4.5884857 3.2124634
-10.058212 -4.4337616 3.3362427
-9.870163 -4.321884 3.4385986
-10.039169 -4.179062 3.3648071
-10.753281 -4.386154 3.614746
-11.750656 -4.5813446 3.6671143
-12.843246 -4.6837006 3.736145
-13.864426 -4.9217377 3.8932495
-14.288132 -5.057419 3.6861572
-14.159592 -5.174057 3.729004
-13.469284 -5.1645355 3.9979858
-12.390976 -5.121689 4.0932007
-11.26506 -5.057419 4.0455933
-10.208176 -5.019333 3.9503784
-9.27269 -4.8812714 3.7123413
-8.382431 -4.750351 3.4814453
-7.485031 -4.5170746 3.2624512
-6.90184 -4.321884 3.0601196
-6.7042694 -4.2028656 2.9196777
-7.080368 -4.1171722 2.831604
-7.8587494 -4.179062 2.7816162
-8.691879 -4.3552094 2.6792603
-9.327438 -4.493271 2.5126343
-9.760666 -4.3575897 2.4436035
-9.943954 -4.2409515 2.434082
-9.939194 -4.1076508 2.395996
-9.84874 -3.9910126 2.445984
-9.727341 -3.8434296 2.4221802
-9.515488 -3.769638 2.4745483
-9.313156 -3.6815643 2.4007568
-9.065598 -3.762497 2.2008057
-8.806137 -3.833908 2.1032104
-8.5395355 -3.8862762 1.9223022
-8.315781 -3.9505463 1.7175903
-8.187241 -4.005295 1.529541
-8.11821 -4.064804 1.4319458
-8.101547 -4.140976 1.3890991
-8.127731 -4.224289 1.279602
-8.134872 -4.2219086 1.2557983
-8.187241 -4.2338104 1.2272339
-8.258652 -4.1838226 1.2272339
-8.330063 -4.0600433 1.2272339
-8.346725 -3.936264 1.2081909
-8.401474 -3.7482147 1.2700806
-8.465744 -3.603012 1.317688
-8.394333 -3.5530243 1.3557739
-8.322922 -3.4816132 1.4509888
-8.253891 -3.4078217 1.4747925
-8.142014 -3.4054413 1.4248047
-8.156296 -3.4625702 1.3652954
-8.189621 -3.4459076 1.3510132
-8.24675 -3.550644 1.3510132
-8.287216 -3.5982513 1.3867188
-8.370529 -3.5649261 1.446228
-8.451462 -3.6101532 1.5128784
-8.639511 -3.5815887 1.5223999
-8.88945 -3.5744476 1.6152344
-9.220322 -3.614914 1.6676025
-9.496445 -3.5625458 1.741394
-9.65593 -3.5435028 1.7937622
-9.760666 -3.5030365 1.8865967
-9.867783 -3.4387665 1.9056396
-10.074875 -3.4601898 1.8794556
-10.603317 -3.5554047 1.8175659
-11.384079 -3.6458588 1.7937622
-12.293381 -3.7196503 1.8223267
-12.902756 -3.7386932 1.97229
-13.000351 -3.7934418 2.1293945
-12.471909 -3.8505707 2.4126587
-11.503098 -4.012436 2.5150146
-10.5342865 -4.2028656 2.7887573
-9.65831 -4.431381 2.8863525
-8.872787 -4.5242157 2.9887085
-8.070602 -4.4861298 2.9887085
-7.258896 -4.345688 3.0839233
-6.5638275 -4.1266937 3.017273
-6.2115326 -3.9624481 3.0482178
-6.3519745 -3.9576874 3.0601196
-7.125595 -3.9457855 3.1315308
-8.320541 -4.007675 3.3291016
-9.522629 -3.898178 3.4457397
-10.446213 -3.7934418 3.588562
-11.057968 -3.5339813 3.4314575
Time Stop = 2406
