Time Start = 1457234127
-4.6904755 -2.4937592 9.237183
-3.8264008 -2.4390106 9.241943
-2.5076752 -2.184311 9.280029
-1.4293671 -2.248581 9.653748
-1.3984222 -2.0010223 9.394287
-1.9435272 -2.017685 9.049133
-2.3624725 -2.2057343 8.811096
-2.9694672 -2.2819061 8.625427
-3.250351 -1.9700775 8.458801
-3.019455 -2.300949 8.6206665
-2.3672333 -2.4342499 8.44928
-2.141098 -2.2414398 8.289795
-1.9958954 -1.9081879 8.182678
-2.0911102 -1.6058807 7.8708496
-2.205368 -1.3726044 7.399536
-2.3577118 -1.4392548 7.0234375
-2.4719696 -1.5344696 6.621155
-2.4005585 -1.3440399 6.264099
-2.3220062 -0.8751068 5.8808594
-2.2934418 -0.22764587 5.5285645
-2.3624725 0.457901 5.026306
-2.5814667 1.1053619 4.562134
-2.8885345 1.0886993 3.7385254
-3.4145966 0.43171692 3.4505005
-3.962082 -0.3490448 3.3790894
-4.39769 -1.2440643 3.7766113
-4.821396 -1.9248505 4.4883423
-4.630966 -2.3866425 4.338379
-4.026352 -2.146225 3.7432861
-3.321762 -1.286911 3.5290527
-2.7599945 -0.2419281 3.3719482
-2.5338593 0.5888214 3.1434326
-2.814743 0.91493225 3.1386719
-3.4407806 1.0339508 2.8339844
-4.4024506 0.95539856 2.6078491
-5.6069183 0.50312805 2.2507935
-6.8589935 -0.23954773 1.6295166
-7.939682 -1.203598 1.0010986
-8.834702 -2.5223236 0.6559448
-9.582138 -4.1457367 0.43218994
-10.027267 -5.552536 0.22033691
-10.189133 -6.533249 -0.6984863
-10.146286 -6.752243 -1.7744141
-10.305771 -6.226181 -2.2266846
-10.805649 -5.6715546 -2.0076904
-11.448349 -5.733444 -1.8839111
-13.276474 -7.392563 -1.2769165
-15.713974 -10.548935 -1.1340942
-16.77562 -13.614853 -3.216919
-16.349533 -15.190659 -4.6522827
-14.937973 -14.757431 -4.5999146
-13.174118 -13.414902 -4.033386
-11.857773 -12.717453 -3.8239136
-11.26506 -12.76268 -3.8572388
-11.307907 -13.062607 -4.102417
-11.824448 -13.436325 -4.2904663
-12.264816 -13.91716 -4.0595703
-12.1577 -14.271835 -3.409729
-11.595932 -14.150436 -2.9265137
-11.06749 -13.707687 -2.890808
-10.917526 -13.072128 -3.0288696
-10.93895 -12.491318 -3.1288452
-11.167465 -12.003342 -3.1907349
-11.215073 -11.524887 -3.140747
-11.0793915 -11.067856 -2.9336548
-10.758041 -10.560837 -2.717041
-10.431931 -9.965744 -2.64563
-10.193893 -9.294479 -2.4980469
-10.11058 -8.58989 -2.3599854
-10.251022 -7.8781586 -2.145752
-10.572372 -7.3259125 -1.7053833
-10.936569 -6.7546234 -1.6720581
-11.257919 -6.142868 -1.9696045
-11.641159 -5.5691986 -2.190979
-11.96965 -5.1050262 -2.2005005
-12.124374 -4.6241913 -2.2409668
-12.217209 -4.4337616 -2.2076416
-12.271957 -4.390915 -1.9862671
-12.281479 -4.533737 -1.9315186
-12.310043 -4.8550873 -1.7791748
-12.467148 -5.102646 -1.7910767
-12.559982 -5.0098114 -1.9196167
-12.695663 -4.6884613 -2.0267334
-12.686142 -4.000534 -2.2861938
-12.61235 -3.236435 -2.5551758
-12.293381 -2.5723114 -2.6123047
-11.848251 -1.9653168 -2.736084
-11.405502 -1.3559418 -2.6670532
-11.046066 -0.49900818 -2.659912
-10.786606 0.62690735 -2.9955444
-10.4509735 1.9099274 -3.2216797
-10.089157 3.2024689 -3.5477905
-9.739243 3.8975372 -3.454956
-9.246506 3.7261505 -3.0288696
-8.346725 2.7240143 -2.6099243
-7.216049 1.6004791 -1.9815063
-5.599777 0.6411896 -1.5435181
-4.8523407 0.13417053 -0.824646
-4.5119476 0.1698761 -0.53900146
-4.918991 0.8030548 -0.55566406
-6.104416 1.6338043 -0.81988525
-7.9682465 2.5407257 -1.4887695
-10.196274 3.0501251 -2.0148315
-11.995834 2.8358917 -2.8098755
-12.721848 2.0051422 -3.5692139
-12.814682 0.7054596 -3.576355
-12.571884 -0.32286072 -3.5596924
-12.35527 -1.203598 -3.6192017
-12.183884 -1.812973 -3.4978027
-11.991074 -2.312851 -3.2502441
-11.807785 -2.8603363 -2.90271
-11.579269 -3.2840424 -2.5527954
-11.341232 -3.7648773 -2.3338013
-11.027023 -4.1576385 -1.8029785
-10.548569 -4.379013 -1.434021
-10.04155 -4.4956512 -1.1079102
-9.534531 -4.364731 -0.86273193
-8.975143 -4.1076508 -0.7341919
-8.470505 -3.6625214 -0.81988525
-8.196762 -3.3578339 -0.8175049
-7.98967 -3.2078705 -0.70562744
-7.842087 -3.2340546 -0.6175537
-7.758774 -3.3102264 -0.38189697
-7.5897675 -3.338791 -0.24859619
-7.4945526 -3.2673798 -0.09863281
-7.4493256 -3.2649994 0.048950195
-7.394577 -3.2031097 0.23223877
-7.342209 -3.115036 0.28936768
-7.34935 -3.1578827 0.27270508
-7.3065033 -3.1674042 0.17510986
-7.2517548 -3.3054657 0.2131958
-7.2255707 -3.3126068 0.091796875
-7.2374725 -3.3030853 0.051330566
-7.2446136 -3.3483124 -0.0914917
-7.2946014 -3.3340302 -0.1081543
-7.458847 -3.4268646 -0.1986084
-7.7325897 -3.4768524 -0.30334473
-8.144394 -3.5649261 -0.42474365
-8.715683 -3.833908 -0.55566406
-9.325058 -4.1052704 -0.5842285
-10.015366 -4.4385223 -0.71276855
-10.636642 -4.6956024 -0.7984619
-11.231735 -4.6884613 -1.0293579
-11.684006 -4.4980316 -1.2745361
-12.150558 -4.383774 -1.5054321
-12.54808 -4.3504486 -1.7506104
-12.836105 -4.3575897 -1.9291382
-12.959885 -4.4075775 -2.2385864
-12.959885 -4.364731 -2.3814087
-12.893234 -4.2100067 -2.421875
-13.040817 -3.9005585 -2.448059
-13.452621 -3.633957 -2.4552002
-14.01915 -3.5411224 -2.3457031
-14.321457 -3.6077728 -2.429016
-14.069138 -3.78154 -2.4337769
-13.093185 -3.8124847 -2.3861694
-11.614975 -3.7315521 -2.107666
-10.129623 -3.557785 -1.8267822
-8.82518 -3.2150116 -1.5697021
-8.008713 -2.8984222 -1.3459473
-7.837326 -2.929367 -1.0031738
-8.43956 -3.2721405 -1.1531372
-9.72496 -3.6887054 -2.8503418
-11.3745575 -4.364731 -4.366638
-13.412155 -4.738449 -4.480896
-14.940353 -4.705124 -4.3618774
-14.928452 -3.9910126 -4.3095093
-13.673996 -2.941269 -3.9334106
-12.110092 -2.2914276 -3.4882813
-10.87468 -2.100998 -2.7979736
-10.389084 -1.8986664 -2.6432495
-10.510483 -1.9843597 -2.5480347
-10.727097 -2.1700287 -2.64563
-10.793747 -2.5937347 -2.7122803
-10.600937 -2.9960175 -2.6408691
-10.04631 -3.1197968 -2.4552002
-9.429794 -2.9960175 -2.2766724
-8.668076 -2.6770477 -1.9553223
-7.8706512 -2.3247528 -1.479248
-7.2612762 -2.1248016 -1.1721802
-6.8589935 -2.070053 -0.9579468
-6.670944 -2.0414886 -0.77941895
-6.7875824 -1.979599 -1.0579224
-7.0303802 -2.0319672 -1.2435913
-7.3398285 -2.312851 -1.3530884
-7.594528 -2.6056366 -1.5316162
-7.651657 -2.9579315 -1.6744385
-7.5897675 -3.1102753 -1.68396
-7.5254974 -3.0864716 -1.9196167
-7.504074 -2.857956 -2.0648193
-7.630234 -2.6651459 -2.06958
-7.932541 -2.5080414 -1.9481812
-8.225327 -2.4342499 -1.9505615
-8.465744 -2.6103973 -1.8696289
-8.651413 -3.0983734 -1.8815308
-8.782333 -3.4958954 -2.050537
-8.946579 -3.6625214 -2.2528687
-9.27507 -3.5006561 -2.429016
-9.648788 -3.1935883 -2.1409912
-10.027267 -2.762741 -2.0552979
-10.358139 -2.4699554 -1.9624634
-10.589035 -2.1866913 -2.081482
-10.691391 -1.9748383 -2.3861694
-10.672348 -1.934372 -2.793213
-10.612839 -2.1128998 -2.6670532
-10.439072 -2.2866669 -2.2147827
-10.208176 -2.5104218 -1.6672974
-9.870163 -2.7198944 -1.2316895
-9.689255 -2.7127533 -0.8912964
-10.015366 -2.4390106 -1.2102661
-10.87706 -1.9938812 -2.2219238
-11.903 -1.6344452 -3.0431519
-12.291 -1.6320648 -3.1264648
-11.398361 -1.8153534 -3.0360107
-9.66069 -2.1319427 -2.459961
-8.12059 -2.3699799 -1.4959106
-7.1470184 -2.5270844 -0.5009155
-6.868515 -2.569931 0.025146484
-7.3969574 -2.588974 0.19415283
-8.668076 -2.4461517 0.07513428
-10.305771 -2.339035 -0.5342407
-11.831589 -2.2842865 -1.1436157
-12.793259 -2.3723602 -1.414978
-13.078903 -2.5128021 -1.2697754
-12.986069 -2.69133 -1.119812
-12.750412 -2.8746185 -0.9055786
-12.538559 -2.9722137 -0.9151001
-12.09581 -2.929367 -1.0698242
-11.543564 -2.8746185 -1.3197632
-10.841354 -2.8746185 -1.3269043
-10.148666 -2.9174652 -1.2435913
-9.508347 -3.0388641 -1.0222168
-8.918015 -3.2649994 -0.7246704
-8.175339 -3.300705 1.1677246
-7.254135 -2.9698334 -0.5842285
-7.2112885 -4.0100555 -0.19146729
-8.449081 -4.67894 -1.9481812
-8.522873 -4.5099335 1.1796265
-7.7897186 -3.641098 0.06323242
-7.099411 -3.6125336 -0.18908691
-6.7947235 -3.71727 0.0061035156
-6.90184 -3.7315521 -0.26049805
-7.2422333 -3.769638 -0.5866089
-7.599289 -3.814865 -0.8484497
-7.9634857 -3.800583 -1.055542
-8.215805 -3.7386932 -1.1864624
-8.43956 -3.6910858 -1.1912231
-8.594284 -3.5934906 -1.0674438
-8.703781 -3.5077972 -1.2578735
-8.932297 -3.5411224 -1.4911499
-9.353622 -3.9386444 -1.664917
-10.146286 -4.647995 -1.2792969
-11.162704 -5.3644867 -0.48187256
-12.017258 -5.669174 -0.40093994
-12.260056 -5.454941 -0.8674927
-11.893478 -5.0050507 -1.4221191
-11.231735 -4.5623016 -1.536377
-10.603317 -4.2338104 -1.5649414
-10.279587 -4.155258 -1.414978
-10.262924 -4.288559 -1.0388794
-10.400986 -4.4766083 -0.66278076
-10.527145 -4.640854 -0.33428955
-10.565231 -4.5670624 -0.04864502
-10.512863 -4.42424 0.3703003
-10.524765 -4.152878 0.42980957
-10.946091 -4.0100555 0.06561279
-11.693527 -4.1957245 -0.10101318
-12.579025 -4.667038 -0.2890625
-12.902756 -5.052658 -0.7817993
-12.264816 -5.124069 -1.1912231
-11.119858 -4.8241425 -1.1983643
-9.7202 -4.236191 -1.1888428
-8.599045 -3.6077728 -1.0983887
-7.9611053 -3.0531464 -1.0579224
-7.806381 -2.81987 -0.9389038
-8.151535 -3.0269623 -0.9127197
-9.006088 -3.4816132 -0.9484253
-10.251022 -4.005295 -0.86035156
-11.576889 -4.3385468 -1.0793457
-12.498093 -4.2647552 -1.8458252
-12.836105 -3.8743744 -2.3742676
-12.574265 -3.3054657 -2.5385132
-11.948227 -2.6841888 -2.7527466
-11.13414 -2.358078 -2.6765747
-10.500961 -2.3104706 -2.5408936
-10.005844 -2.6365814 -2.331421
-9.651169 -3.172165 -1.9672241
-9.33696 -3.7363129 -1.4364014
-9.096542 -4.0790863 -1.2078857
-8.803757 -4.0219574 -0.9412842
-8.618088 -3.686325 -0.7175293
-8.734726 -3.319748 -0.6080322
-8.88707 -2.910324 -0.972229
-8.95134 -2.6484833 -1.5030518
-8.879929 -2.3937836 -1.8910522
-8.625229 -2.274765 -2.1219482
-8.24913 -2.210495 -2.2695313
-7.906357 -2.2961884 -2.1386108
-7.632614 -2.4080658 -1.7910767
-7.54216 -2.4390106 -1.6434937
-7.651657 -2.4937592 -1.286438
-8.042038 -2.4104462 -1.1412354
-8.294357 -2.3985443 -1.2412109
-8.584763 -2.5080414 -1.2792969
-8.69426 -2.4937592 -1.3602295
-8.765671 -2.5485077 -1.5078125
-8.660934 -2.6580048 -1.4744873
-8.668076 -2.7770233 -1.4602051
-8.820419 -2.7651215 -1.5911255
-9.165573 -2.7127533 -1.581604
-9.66069 -2.6413422 -1.6672974
-10.312912 -2.460434 -1.8862915
-10.924667 -2.3985443 -1.8839111
-11.529282 -2.3271332 -1.7958374
-12.005356 -2.2866669 -1.9196167
-12.264816 -2.1581268 -1.960083
-12.364792 -2.1509857 -2.0671997
-12.183884 -2.184311 -1.9124756
-11.743515 -2.2771454 -1.6030273
-11.315048 -2.4294891 -1.0864868
-11.057968 -2.350937 -0.7246704
-11.676865 -2.108139 -0.8674927
-12.809921 -1.7177582 -2.0457764
-13.659714 -1.5344696 -3.6263428
-13.583542 -1.8558197 -3.8167725
-12.024399 -2.153366 -3.3287964
-9.66069 -2.3675995 -2.607544
-7.508835 -2.422348 -1.6173096
-6.097275 -2.312851 -0.5199585
-5.630722 -2.1819305 0.3869629
-6.1734467 -2.0914764 0.86065674
-7.6707 -1.8010712 0.47979736
-9.970139 -1.3773651 -0.446167
-12.41716 -1.0441132 -1.5149536
-14.295273 -0.8822479 -2.3933105
-14.776108 -0.97746277 -2.3480835
-13.945358 -1.0084076 -1.9743652
-12.61235 -0.8917694 -1.6434937
-11.467392 -0.7870331 -1.3935547
-10.55809 -0.5370941 -1.350708
-9.710678 -0.39427185 -1.3340454
-9.070358 -0.3990326 -1.3150024
-8.460983 -0.6561127 -1.0888672
-7.8920746 -1.036972 -0.91748047
-7.444565 -1.5011444 -0.6175537
-7.1089325 -2.070053 -0.39855957
-6.8637543 -2.596115 -0.15576172
-6.7494965 -3.1293182 0.015625
-6.8066254 -3.4792328 -0.00579834
-6.9565887 -3.6363373 -0.13671875
-7.182724 -3.576828 -0.36999512
-7.3731537 -3.3768768 -0.4937744
-7.496933 -3.134079 -0.60565186
-7.41362 -2.9555511 -0.5437622
-7.258896 -3.0079193 -0.52233887
-7.137497 -3.1197968 -0.38427734
-7.144638 -3.281662 -0.30096436
-7.318405 -3.4720917 -0.15814209
-7.7183075 -3.7648773 -0.024841309
-8.325302 -4.1052704 0.17034912
-9.14415 -4.533737 0.5345459
-9.927292 -5.0240936 1.2034302
-10.577133 -5.333542 1.5200195
-10.87706 -5.3502045 1.2177124
-11.000839 -4.9598236 0.5845337
-10.915146 -4.443283 0.16320801
-10.843735 -3.8743744 -0.39379883
-10.627121 -3.4435272 -0.89367676
-10.434311 -3.3245087 -1.1150513
-10.370041 -3.455429 -1.3031006
-10.460495 -3.7220306 -1.3459473
-10.931808 -4.050522 -1.331665
-11.431686 -4.379013 -1.2792969
-11.850632 -4.693222 -1.3364258
-12.072006 -4.9193573 -1.453064
-11.993454 -5.124069 -1.4673462
-11.888718 -5.1526337 -1.5387573
-12.212448 -5.3359222 -1.3626099
-12.952744 -5.6715546 -0.9460449
-13.485947 -6.0690765 -0.8651123
-13.305038 -6.461838 -0.9151001
-12.055344 -6.5951385 -0.6532593
-10.253403 -6.1857147 -0.53186035
-8.415756 -5.416855 -0.43426514
-6.937546 -4.602768 -0.3223877
-6.073471 -3.7482147 -0.2319336
-6.040146 -3.1102753 -0.0748291
-6.90184 -2.9269867 -0.05340576
-8.491928 -3.0840912 -0.27001953
-10.574753 -3.6268158 -0.6675415
-12.757553 -4.0933685 -1.1793213
-14.15007 -4.3623505 -1.7910767
-14.257187 -4.2028656 -2.364746
-13.390732 -3.814865 -2.3290405
-12.245773 -3.3292694 -2.2266846
-11.415024 -2.922226 -2.3885498
-11.055588 -2.7032318 -2.4432983
-11.036545 -2.812729 -2.3623657
-11.034164 -3.1102753 -2.2647705
-10.696152 -3.5744476 -2.1290894
-10.001083 -3.9410248 -1.6934814
-9.265549 -4.219528 -1.0912476
-8.527634 -4.5813446 -0.50805664
-8.018234 -4.852707 -0.20812988
-7.7563934 -4.8884125 -0.28668213
-7.651657 -4.757492 -0.46759033
-7.6611786 -4.3575897 -0.7318115
-7.5850067 -3.7863007 -0.98651123
-7.444565 -3.153122 -1.1364746
-7.2374725 -2.6580048 -1.0912476
-7.1779633 -2.4889984 -0.7675171
-7.175583 -2.3914032 -0.7651367
-7.2446136 -2.4247284 -0.8912964
-7.3660126 -2.5984955 -1.0055542
-7.5135956 -2.6675262 -1.0722046
-7.5897675 -2.6437225 -1.2316895
-7.5397797 -2.5604095 -1.248352
-7.4564667 -2.5294647 -0.991272
-7.5588226 -2.762741 -0.77227783
-7.8730316 -3.031723 -0.68896484
-8.256271 -3.4173431 -1.0055542
-8.737106 -3.833908 -1.2316895
-9.248886 -4.083847 -1.2769165
-9.705917 -4.03862 -1.3816528
-10.260544 -3.7196503 -1.5387573
-10.758041 -3.2911835 -1.8839111
-11.460251 -2.8246307 -2.4004517
-12.219589 -2.4747162 -2.8979492
-12.9075165 -2.1414642 -3.2026367
-13.152695 -1.9915009 -3.1288452
-12.774216 -2.1319427 -2.626587
-12.017258 -2.3533173 -1.7030029
-11.564987 -2.3818817 -1.2316895
-11.988693 -2.210495 -1.2435913
-13.050339 -1.9653168 -1.9767456
-13.947739 -1.767746 -2.8503418
-13.63353 -1.9557953 -2.9550781
-11.745895 -2.2009735 -2.3242798
-9.460739 -2.3295135 -1.4054565
-7.6397552 -2.5128021 -0.34143066
-6.542404 -2.5651703 0.5678711
-6.5519257 -2.4247284 0.99871826
-7.6207123 -2.0224457 0.5988159
-9.579758 -1.60112 -0.42236328
-11.941086 -1.1869354 -1.6125488
-14.052475 -0.83940125 -2.7527466
-15.018906 -0.6703949 -3.0788574
-14.459518 -0.62516785 -2.6765747
-12.92894 -0.5727997 -2.0933838
-11.510239 -0.5370941 -1.5720825
-10.331955 -0.3990326 -1.2935791
-9.520248 -0.37522888 -1.119812
-8.865646 -0.594223 -1.0603027
-8.31102 -0.92985535 -1.0245972
-7.887314 -1.3773651 -0.9317627
-7.394577 -1.7391815 -0.7746582
-7.042282 -2.0605316 -0.6270752
-6.701889 -2.2414398 -0.5342407
-6.497177 -2.3176117 -0.2652588
-6.432907 -2.319992 -0.22717285
-6.4424286 -2.2081146 -0.26287842
-6.528122 -2.153366 -0.31048584
-6.687607 -2.1438446 -0.446167
-6.887558 -2.2628632 -0.5128174
-7.0946503 -2.4009247 -0.6246948
-7.2303314 -2.5151825 -0.68182373
-7.3398285 -2.69133 -0.68896484
-7.3588715 -2.7770233 -0.7032471
-7.4350433 -2.8984222 -0.7246704
-7.4683685 -3.0007782 -0.8413086
-7.4945526 -3.088852 -0.8722534
-7.592148 -3.224533 -0.93414307
-7.694504 -3.4720917 -0.991272
-7.792099 -3.788681 -0.8008423
-7.920639 -4.1909637 -0.5199585
-8.149155 -4.621811 -0.42474365
-8.518112 -4.9217377 -0.25811768
-9.022751 -5.057419 -0.27716064
-9.639267 -5.06456 -0.25811768
-10.3033905 -5.0359955 -0.40093994
-10.984177 -5.019333 -0.5461426
-11.593552 -4.931259 -0.6937256
-12.09343 -4.833664 -1.0293579
-12.512375 -4.814621 -1.0412598
-12.693283 -4.821762 -1.100769
-12.821823 -4.840805 -1.1079102
-12.947983 -4.7670135 -1.0198364
-13.197922 -4.6265717 -1.1340942
-13.76207 -4.6908417 -1.3411865
-14.614243 -4.9717255 -1.1959839
-14.933212 -5.3454437 -0.8508301
-14.038193 -5.540634 -0.8674927
-12.252914 -5.3168793 -0.741333
-10.348618 -4.6765594 -0.48901367
-8.803757 -3.814865 -0.3390503
-7.9753876 -3.0555267 -0.2890625
-8.227707 -2.6651459 -0.30096436
-9.33696 -2.729416 -0.446167
-11.2603 -3.2269135 -0.92700195
-13.500229 -3.9267426 -1.5673218
Time Stop = 1457234132
