Time Start = 1457235293
4.190689 -0.0443573 6.3450317
5.716507 -0.26811218 6.8687134
6.7400665 0.47218323 6.935364
6.5424957 1.2005768 6.8877563
6.0807037 1.490982 6.59021
6.0783234 1.5576324 5.7404175
6.56868 1.3886261 5.1429443
7.154251 0.9125519 4.773987
7.551773 0.26271057 4.3931274
7.6969757 -0.15861511 3.6171265
7.5541534 -0.41807556 2.9863281
7.225662 -0.51091003 2.2698364
6.973343 -0.22764587 1.5438232
7.006668 -0.10862732 0.99157715
7.3637238 -0.07054138 0.47979736
7.968338 -0.28477478 0.13702393
8.737198 -0.5894623 -0.40570068
9.544144 -0.7679901 -0.9317627
10.386795 -0.9488983 -1.2435913
11.055679 -1.1083832 -1.7149048
11.5698395 -1.2512054 -2.319519
12.314896 -1.7629852 -2.9693604
12.98378 -2.672287 -3.22406
13.452713 -2.857956 -3.845337
13.847855 -3.1197968 -4.1619263
14.031143 -3.0555267 -4.340454
14.016861 -2.69133 -4.6951294
14.123978 -2.5461273 -5.225952
14.39772 -2.941269 -5.7781982
14.400101 -3.3221283 -6.0424194
14.209671 -3.5934906 -5.9210205
13.850235 -3.5792084 -5.7686768
13.56221 -3.3768768 -5.5687256
13.612198 -3.217392 -5.435425
13.878799 -3.345932 -6.1828613
14.283463 -4.417099 -6.654175
14.024002 -5.8762665 -6.2042847
13.566971 -6.9022064 -5.5758667
13.455093 -7.1545258 -5.225952
13.738358 -6.7879486 -5.0664673
13.845474 -6.1214447 -4.6260986
13.835953 -5.538254 -4.1428833
13.902603 -5.1454926 -3.6192017
14.150162 -5.014572 -3.0407715
14.193008 -5.071701 -2.5718384
14.128738 -5.1954803 -2.2719116
13.943069 -5.431137 -2.1243286
13.647903 -5.4668427 -1.9957886
13.309891 -5.366867 -1.9577026
13.100418 -5.1835785 -1.8172607
12.912369 -4.916977 -1.5744629
12.698135 -4.5218353 -1.4887695
12.679092 -4.071945 -1.2388306
12.652908 -3.595871 -1.1293335
12.707657 -3.2292938 -0.7746582
12.9171295 -3.0412445 -0.5794678
13.064713 -3.07695 -0.30334473
13.140884 -3.2459564 -0.18670654
13.093277 -3.345932 0.08227539
12.988541 -3.5173187 0.36553955
12.807632 -3.6053925 0.57025146
12.543411 -3.7720184 0.75115967
12.302994 -3.9338837 0.75354004
12.000687 -4.155258 0.8868408
11.76265 -4.243332 1.4343262
11.412735 -4.3361664 1.7056885
11.25087 -4.326645 1.7009277
11.298477 -4.3956757 1.6795044
11.688858 -4.519455 1.6604614
12.2173 -4.724167 1.5128784
12.864761 -4.8741302 1.4676514
13.309891 -5.0169525 1.7033081
13.695511 -4.93602 1.9770508
13.662186 -4.6051483 1.9032593
13.288467 -4.0981293 1.7342529
12.595779 -3.6363373 1.6390381
11.646011 -3.3292694 1.4795532
10.7105255 -3.2197723 1.3986206
9.867874 -3.2459564 1.1986694
9.417984 -3.6387177 0.7821045
9.513199 -3.9862518 0.38458252
10.008316 -4.1885834 -0.17956543
10.73909 -4.3932953 -0.6675415
11.258011 -4.6194305 -1.517334
11.517471 -4.814621 -2.5980225
11.731705 -4.8241425 -2.921753
12.045914 -4.5218353 -3.1312256
12.545792 -4.1385956 -3.4002075
13.033768 -3.7125092 -3.5977783
13.331314 -3.1436005 -3.7763062
13.402725 -2.7056122 -3.659668
13.200394 -2.236679 -3.0812378
12.979019 -1.8082123 -2.4909058
12.829056 -1.4606781 -1.7077637
12.593399 -1.2583466 -0.9389038
12.488663 -1.2488251 -0.38189697
12.324417 -1.3773651 0.025146484
12.302994 -1.8701019 0.40600586
12.226822 -2.184311 0.21557617
12.386307 -2.460434 0.15844727
12.60054 -2.4913788 0.03466797
12.643387 -2.3914032 -0.20812988
12.564835 -2.2652435 -0.5366211
12.498184 -2.1747894 -0.66516113
12.467239 -2.0581512 -0.91033936
12.374405 -1.786789 -1.0698242
12.27681 -1.6273041 -1.1983643
12.174454 -1.3535614 -1.138855
12.031631 -1.0893402 -1.2507324
11.838821 -0.7679901 -1.3554688
11.605545 -0.46568298 -1.4030762
11.205643 -0.23716736 -1.2888184
10.7938385 0.031814575 -1.1340942
10.35347 0.13417053 -0.8722534
9.929764 0.12702942 -0.39855957
9.467972 0.06513977 -0.19622803
8.982376 0.024673462 -0.14624023
8.577713 -0.08482361 -0.0914917
8.2920685 -0.25621033 -0.24859619
8.027847 -0.46568298 -0.44140625
8.018326 -0.613266 -0.47235107
7.949295 -0.6537323 -0.64849854
8.006424 -0.74180603 -0.80322266
7.999283 -0.83226013 -0.972229
8.027847 -1.0441132 -1.2150269
8.082596 -1.2559662 -1.267395
8.054031 -1.4940033 -1.1340942
8.004044 -1.7153778 -1.1293335
7.8445587 -1.812973 -1.0912476
7.827896 -1.8701019 -1.0912476
8.065933 -1.8224945 -1.1459961
8.384903 -1.786789 -1.1983643
8.665787 -1.7534637 -1.2126465
8.979996 -1.7986908 -1.0698242
9.332291 -1.851059 -0.8841553
9.429886 -1.9748383 -0.7746582
9.303726 -1.9772186 -0.6342163
9.063309 -1.998642 -0.40808105
8.599136 -2.1890717 -0.13671875
7.9278717 -2.3414154 -0.024841309
7.2589874 -2.4699554 0.23461914
6.8614655 -2.5389862 0.15368652
6.775772 -2.339035 0.05847168
6.870987 -2.1224213 -0.0748291
7.223282 -1.9486542 -0.18432617
7.794571 -1.8843842 -0.29144287
8.594376 -1.8177338 -0.63897705
9.684586 -1.8224945 -0.8579712
10.80098 -1.915329 -1.1864624
11.934036 -2.1105194 -1.4387817
12.767166 -2.3628387 -1.4459229
13.164688 -2.6318207 -1.4364014
13.388443 -3.0079193 -1.3721313
13.464615 -3.160263 -1.4935303
13.55983 -3.236435 -1.6530151
13.664566 -3.0936127 -1.7387085
13.709793 -2.8817596 -1.9219971
13.5265045 -2.710373 -1.8720093
13.136124 -2.5865936 -1.8553467
12.731461 -2.608017 -1.7268066
12.269669 -2.6389618 -1.3911743
11.83168 -2.7532196 -1.2388306
11.484146 -2.960312 -1.0484009
11.277054 -3.1293182 -0.99365234
11.279434 -3.372116 -1.0198364
11.322281 -3.531601 -1.0698242
11.481766 -3.7148895 -1.1340942
11.517471 -3.762497 -1.2459717
11.584122 -3.7720184 -1.3768921
11.596024 -3.7482147 -1.453064
11.586502 -3.6553802 -1.4911499
11.524612 -3.6482391 -1.517334
11.391312 -3.667282 -1.4102173
11.236588 -3.6839447 -1.1102905
11.1723175 -3.7101288 -0.6080322
11.12471 -3.5601654 -0.19146729
10.879532 -3.288803 0.008483887
10.705765 -3.1459808 0.0037231445
10.54866 -3.1507416 0.08465576
10.398697 -3.236435 0.16558838
10.377274 -3.3173676 0.30126953
10.572464 -3.4006805 0.53930664
10.889053 -3.557785 0.6154785
11.055679 -3.7315521 0.57977295
11.281815 -3.8696136 0.6821289
11.336563 -3.9457855 0.5845337
11.265152 -3.9457855 0.541687
11.212784 -3.948166 0.56311035
11.177078 -4.0481415 0.52978516
11.219925 -4.2933197 0.64642334
11.346085 -4.5027924 0.62023926
11.8293 -4.7408295 0.68688965
12.671951 -4.950302 0.6226196
13.566971 -4.981247 0.4345703
14.531021 -5.1002655 0.2536621
15.264175 -5.4477997 0.25842285
15.545059 -5.8191376 0.63690186
15.249893 -6.1071625 1.1129761
14.181107 -6.1404877 1.4057617
12.779068 -5.6977386 1.3700562
11.5698395 -5.155014 1.2248535
10.798599 -4.583725 1.1272583
10.384415 -4.1838226 0.96539307
10.329666 -3.948166 0.8082886
10.424881 -3.8243866 0.67974854
10.586746 -3.7410736 0.46551514
10.67244 -3.6506195 0.16796875
10.722427 -3.5411224 -0.012939453
10.891434 -3.3316498 -0.23669434
11.184219 -3.1055145 -0.47235107
11.76503 -3.0293427 -0.62231445
12.41011 -2.8151093 -0.7651367
13.095657 -2.5937347 -0.8484497
13.502701 -2.2414398 -1.0507813
13.531265 -1.9486542 -1.2340698
13.412247 -1.7415619 -1.2293091
13.286087 -1.6582489 -1.3483276
13.090897 -1.620163 -1.2174072
12.824295 -1.6082611 -1.0507813
12.386307 -1.7010956 -1.0293579
11.914993 -1.7796478 -1.1888428
11.546036 -1.8367767 -1.395935
11.260391 -1.8891449 -1.5101929
11.003311 -1.9938812 -1.6768188
10.7938385 -1.960556 -1.7315674
10.634354 -1.9319916 -1.8220215
10.424881 -1.8439178 -1.8648682
10.389175 -1.9058075 -1.8077393
10.322525 -1.9367523 -1.9100952
10.341568 -1.8701019 -2.0386353
10.391556 -1.7963104 -1.960083
10.301102 -1.7510834 -2.0005493
10.236832 -1.7844086 -2.062439
10.191605 -1.7653656 -2.1481323
10.189224 -1.6891937 -2.2790527
10.208267 -1.6415863 -2.4766235
10.1844635 -1.5201874 -2.3790283
10.132095 -1.3535614 -2.3457031
10.077347 -1.1893158 -2.1171875
10.143997 -1.0869598 -1.9124756
10.217789 -0.97746277 -1.8934326
10.367752 -0.8274994 -1.9434204
10.460587 -0.5894623 -2.1029053
10.560562 -0.5061493 -2.0671997
10.460587 -0.53471375 -1.8624878
10.22731 -0.61564636 -1.6696777
9.8892975 -0.8608246 -1.2792969
9.422745 -0.972702 -1.0674438
8.925247 -1.0893402 -0.8841553
8.596756 -0.9250946 -0.972229
8.551529 -0.6561127 -0.9460449
8.62056 -0.5228119 -0.8722534
8.775284 -0.31095886 -1.0317383
8.9657135 -0.23478699 -0.78656006
9.272781 -0.39427185 -0.44140625
9.513199 -0.53471375 -0.32476807
9.487015 -0.9012909 0.14178467
9.177567 -1.3321381 0.55596924
8.55629 -1.6820526 0.9035034
7.961197 -1.9581757 1.2034302
7.551773 -2.0034027 1.5819092
7.308975 -2.0557709 1.7104492
7.159012 -1.9438934 1.6009521
7.0542755 -1.7986908 1.4747925
6.9900055 -1.6439667 1.2510376
6.949539 -1.563034 1.048706
7.101883 -1.5201874 0.9368286
7.328018 -1.4678192 0.6488037
7.768387 -1.3630829 0.5036011
8.437271 -1.3726044 0.34173584
9.141861 -1.370224 0.21795654
9.834549 -1.4821014 -0.022460938
10.458206 -1.6701508 -0.28430176
11.0247345 -1.8582001 -0.5270996
11.503189 -2.0391083 -0.677063
11.788834 -2.153366 -0.7913208
12.000687 -2.2700043 -0.82940674
12.072098 -2.441391 -0.805603
12.057816 -2.5794525 -0.8008423
11.9483185 -2.8174896 -0.6699219
11.872147 -2.9888763 -0.49853516
11.674576 -3.1364594 -0.3795166
11.581741 -3.2792816 -0.31048584
11.543655 -3.3435516 -0.36523438
11.598404 -3.384018 -0.17956543
11.555557 -3.2340546 -0.16766357
11.455582 -2.941269 -0.21765137
11.374649 -2.7127533 -0.25097656
11.305618 -2.653244 -0.34857178
11.288956 -2.5913544 -0.12957764
11.322281 -2.6675262 -0.043884277
11.503189 -2.7579803 0.20129395
11.76503 -2.910324 0.6083374
12.014969 -2.9912567 0.75115967
12.062576 -3.0912323 0.69403076
12.029251 -3.1816864 0.6154785
11.860245 -3.2983246 0.5250244
11.743607 -3.4578094 0.5083618
11.667435 -3.583969 0.5845337
11.576981 -3.7410736 0.62976074
11.600784 -3.917221 0.67736816
11.83168 -4.1504974 0.65356445
12.0959015 -4.3575897 0.6821289
12.412491 -4.500412 0.6559448
12.655289 -4.598007 0.6559448
12.760025 -4.576584 0.68927
12.579117 -4.576584 0.6726074
12.250626 -4.659897 0.60357666
12.014969 -4.8193817 0.77734375
11.919754 -4.995529 1.1463013
12.167313 -4.9479218 1.4676514
12.810013 -4.9526825 1.3414917
13.814529 -4.8884125 1.3914795
14.678604 -4.859848 1.401001
15.083267 -4.7717743 1.4819336
14.804764 -4.621811 1.6437988
13.897842 -4.5932465 1.7199707
12.652908 -4.578964 1.6152344
11.522232 -4.6575165 1.3414917
10.762894 -4.6527557 0.9963379
10.346329 -4.5432587 0.7225952
10.215408 -4.4528046 0.48931885
10.286819 -4.276657 0.3869629
10.324905 -4.10289 0.2703247
10.35347 -3.981491 0.113220215
10.382034 -3.8220062 0.12512207
10.3510895 -3.6077728 0.008483887
10.512955 -3.4601898 -0.0914917
10.80098 -3.2078705 -0.26049805
11.179459 -3.0840912 -0.44378662
11.496048 -2.9650726 -0.6437378
11.719803 -2.8484344 -0.83654785
11.860245 -2.7008514 -0.8413086
11.910233 -2.5651703 -0.96984863
11.924515 -2.5556488 -1.0484009
11.89595 -2.524704 -1.1531372
11.860245 -2.608017 -1.2721558
11.753128 -2.6318207 -1.4054565
11.596024 -2.6199188 -1.414978
11.448441 -2.5937347 -1.5101929
11.324661 -2.5223236 -1.6054077
11.269913 -2.4461517 -1.61969
11.236588 -2.2771454 -1.6244507
11.219925 -2.1295624 -1.664917
11.310379 -1.9748383 -1.7220459
11.37941 -1.8343964 -1.7696533
11.496048 -1.6582489 -1.9029541
11.650772 -1.5011444 -1.960083
11.691238 -1.4797211 -2.024353
11.596024 -1.517807 -1.9719849
11.474625 -1.47258 -1.7720337
11.165176 -1.3654633 -1.6887207
10.948563 -1.2512054 -1.6601563
10.812881 -1.120285 -1.6387329
10.665298 -1.0155487 -1.6601563
10.3320465 -0.90605164 -1.7030029
9.920242 -0.8370209 -1.7030029
9.6393585 -0.8179779 -1.6911011
9.508438 -0.8203583 -1.4435425
9.556046 -0.8489227 -1.0698242
9.660782 -0.927475 -1.0960083
9.656021 -0.927475 -1.1602783
9.625076 -0.9417572 -1.2935791
9.446548 -0.9322357 -1.3411865
9.229935 -0.8989105 -1.3983154
8.9014435 -0.8013153 -1.3530884
8.49678 -0.7941742 -1.1912231
8.115921 -0.76322937 -0.99365234
7.9088287 -0.7775116 -0.85321045
7.9730988 -0.81321716 -0.7937012
8.165909 -0.8584442 -0.62945557
8.382523 -0.9250946 -0.60565186
8.639603 -0.9584198 -0.58184814
8.806229 -1.0964813 -0.5675659
8.934769 -1.3273773 -0.50805664
8.739578 -1.6130219 -0.4366455
8.389664 -1.9748383 -0.33428955
7.8826447 -2.1700287 -0.17718506
7.5470123 -2.350937 0.44171143
7.244705 -2.6841888 1.1153564
7.0399933 -2.9626923 1.362915
6.949539 -3.1174164 1.4248047
6.968582 -2.941269 1.1962891
7.185196 -2.6008759 1.0106201
7.3946686 -2.2628632 0.84399414
7.589859 -1.7653656 0.7654419
7.91597 -1.4249725 0.71307373
8.280167 -1.1726532 0.8630371
8.730057 -1.0845795 0.8082886
9.32753 -1.0131683 0.836853
9.934525 -0.9988861 0.8654175
10.577225 -1.0393524 0.8201904
11.1866 -1.1559906 0.61309814
11.665054 -1.3845062 0.30126953
12.08638 -1.6963348 -0.13195801
12.417252 -1.8415375 -0.2819214
12.583878 -2.036728 -0.5032959
12.629105 -2.2271576 -0.5366211
12.610062 -2.4628143 -0.6175537
12.521988 -2.6937103 -0.64611816
12.4743805 -2.9841156 -0.55566406
12.436295 -3.160263 -0.4699707
12.376785 -3.3935394 -0.55804443
12.362503 -3.4958954 -0.5175781
12.193497 -3.5220795 -0.7770386
12.050674 -3.5411224 -0.9151001
11.900711 -3.512558 -0.91033936
11.810257 -3.4958954 -0.8484497
11.8293 -3.576828 -0.62231445
11.9292755 -3.6268158 -0.05102539
11.931656 -3.603012 0.25604248
11.819778 -3.467331 0.38458252
11.626968 -3.436386 0.37982178
11.498428 -3.391159 0.38220215
11.429398 -3.4435272 0.5345459
11.3199005 -3.531601 0.58929443
11.277054 -3.5911102 0.6559448
11.291336 -3.8101044 0.6226196
11.286575 -3.9624481 0.55358887
11.415115 -4.071945 0.5821533
11.531754 -4.16716 0.57025146
11.693619 -4.307602 0.5654907
11.736465 -4.538498 0.6321411
11.736465 -4.731308 0.6821289
11.669815 -4.9074554 0.76782227
11.591263 -5.109787 0.7059326
11.631729 -5.102646 0.50598145
12.110184 -5.226425 0.394104
12.948074 -5.412094 0.3203125
13.94783 -5.559677 0.4036255
14.84523 -5.5549164 0.6083374
15.330826 -5.616806 0.7797241
15.2260895 -5.6905975 0.98443604
14.195389 -5.4858856 1.0915527
12.829056 -5.124069 1.1796265
11.579361 -4.5099335 1.0748901
10.631973 -3.9196014 0.84161377
10.086868 -3.576828 0.71069336
10.079727 -3.3340302 0.52264404
10.398697 -3.1316986 0.5202637
10.748611 -2.9888763 0.40124512
10.965225 -2.9722137 0.1560669
11.224686 -2.9769745 -0.20336914
11.441299 -2.9912567 -0.35333252
11.788834 -2.8484344 -0.54852295
12.226822 -2.634201 -0.62945557
12.714798 -2.56279 -0.8651123
12.926651 -2.49852 -1.1793213
12.864761 -2.4842377 -1.4125977
12.695755 -2.4009247 -1.5411377
12.567215 -2.3414154 -1.6077881
12.476761 -2.3080902 -1.7053833
12.467239 -2.3057098 -1.6292114
12.395828 -2.2771454 -1.6292114
12.169693 -2.358078 -1.6173096
11.881668 -2.4747162 -1.6077881
11.643631 -2.4889984 -1.6173096
11.4865265 -2.4390106 -1.6720581
11.4032135 -2.319992 -1.7220459
11.360367 -2.2771454 -1.9219971
11.398453 -2.2057343 -1.9910278
11.398453 -2.165268 -2.0457764
11.407974 -2.0272064 -1.8267822
11.25087 -1.72966 -1.7458496
11.017593 -1.5225677 -1.7767944
10.808121 -1.3654633 -1.7886963
10.491531 -1.3178558 -1.7410889
10.191605 -1.2797699 -1.7434692
9.810745 -1.305954 -1.6553955
9.444168 -1.3535614 -1.7553711
9.160904 -1.4440155 -1.729187
8.930008 -1.5225677 -1.9172363
8.763382 -1.5059052 -2.0600586
8.706253 -1.5011444 -2.0314941
8.810989 -1.4511566 -2.0195923
8.963333 -1.5297089 -1.8053589
9.251358 -1.5868378 -1.5839844
9.367996 -1.7153778 -1.4935303
9.45845 -1.7820282 -1.4078369
9.439407 -1.9081879 -1.1221924
9.2608795 -2.0129242 -0.87939453
8.913345 -2.0605316 -0.7318115
8.553909 -2.0462494 -0.66516113
8.339676 -2.062912 -0.48425293
8.30159 -1.979599 -0.4533081
8.444412 -1.7986908 -0.47711182
8.539627 -1.60112 -0.45806885
8.672928 -1.3107147 -0.4033203
8.830032 -1.094101 -0.31762695
8.913345 -0.92271423 -0.1081543
8.62532 -0.90367126 0.1060791
8.330154 -0.90605164 0.32507324
8.030228 -0.8655853 0.79400635
7.7660065 -0.9179535 1.2224731
7.6112823 -1.0084076 1.4509888
7.4446564 -1.1940765 1.4819336
7.423233 -1.3535614 1.3605347
7.3803864 -1.5487518 1.2772217
7.3351593 -1.7510834 1.2010498
7.3351593 -1.8724823 1.1724854
Time Stop = 1457235298
