Time Start = 4285
-3.590744 1.5457306 7.823242
-3.8240204 1.6504669 8.144592
-3.7692719 1.3838654 8.230286
-3.674057 1.1791534 7.970825
-3.6240692 1.3505402 7.7946777
-3.6764374 1.657608 7.7470703
-3.6026459 1.9480133 7.4804688
-3.5502777 2.176529 7.2400513
-3.5788422 2.4764557 6.787781
-3.5169525 2.8977814 6.3878784
-3.4384003 3.0144196 6.007019
-3.4550629 2.7240143 5.4904785
-3.6526337 2.452652 4.9715576
-3.8073578 2.5216827 4.716858
-3.912094 2.6787872 4.6049805
-3.9668427 2.8454132 4.3407593
-4.040634 2.876358 4.0146484
-4.0811005 2.6121368 3.6694946
-4.20726 2.3717194 3.1624756
-4.3881683 2.1074982 2.6744995
-4.540512 1.9123077 2.1793823
-4.842819 1.721878 1.8318481
-5.387924 1.4195709 1.6628418
-6.028244 1.1267853 1.3700562
-6.5328827 0.80781555 1.1105957
-6.8637543 0.46266174 0.7154541
-7.227951 0.079422 0.1227417
-7.6992645 -0.79893494 -0.86273193
-8.50383 -1.7463226 -1.5220947
-9.046555 -2.5342255 -1.9291382
-9.567856 -3.0817108 -2.2457275
-10.017746 -3.4601898 -2.0529175
-10.624741 -3.929123 -1.9553223
-11.531662 -4.802719 -1.8886719
-12.719467 -5.564438 -1.8291626
-14.197678 -6.0238495 -1.536377
-14.964157 -6.0381317 -1.1079102
-16.337631 -4.731308 -1.2769165
-16.556625 -7.0569305 -1.3245239
-17.54448 -8.259018 -1.8386841
-18.632309 -9.204025 -2.3671265
-19.167892 -9.93956 -2.807495
-19.14647 -10.3537445 -3.0598145
-18.668015 -9.972885 -3.685852
-18.1848 -9.018356 -3.8215332
-17.54924 -7.411606 -3.8477173
-17.049362 -6.000046 -3.576355
-16.52092 -5.06456 -3.2026367
-15.694931 -4.3171234 -2.7598877
-14.614243 -3.6268158 -2.1433716
-13.726364 -2.596115 -1.3221436
-13.531174 -1.9105682 -0.103393555
-13.524033 -1.8986664 0.6273804
-13.269333 -2.3152313 0.6154785
-13.219345 -2.7532196 -0.02960205
-13.362167 -3.1459808 -0.4794922
-13.426437 -3.4697113 -1.0031738
-13.452621 -3.871994 -1.4387817
-13.412155 -4.129074 -2.0076904
-13.302658 -4.512314 -2.9717407
-13.364548 -5.1835785 -3.512085
-13.452621 -5.916733 -3.7905884
-13.133652 -6.3713837 -4.031006
-12.369553 -6.7474823 -4.299988
-11.653061 -7.2235565 -4.095276
-11.031784 -7.5258636 -3.8120117
-10.550949 -7.913864 -3.602539
-10.543808 -8.406601 -3.0098267
-10.87944 -8.65892 -2.4337769
-11.5221405 -8.84697 -2.1576538
-12.317184 -9.1349945 -1.5244751
-11.71257 -9.225449 -1.2840576
-11.322189 -9.056442 -1.0079346
-9.97728 -9.194504 -0.5866089
-9.491684 -8.613693 -0.13195801
-9.170334 -7.2997284 -0.103393555
-9.353622 -6.5570526 0.27508545
-10.274826 -5.621567 0.15844727
-10.636642 -5.1454926 -0.22003174
-11.034164 -5.393051 -0.7437134
-12.088669 -5.1145477 -1.0079346
-12.5457 -4.776535 -2.0791016
-13.531174 -4.367111 -2.6860962
-14.307175 -3.7101288 -3.0979004
-14.235764 -3.429245 -3.2121582
-14.057236 -3.0102997 -2.607544
-13.535934 -2.6889496 -2.217163
-13.174118 -2.550888 -1.9338989
-12.826584 -2.3223724 -1.7625122
-12.540939 -2.3247528 -1.5197144
-11.657822 -2.6556244 -1.61969
-11.826828 -2.774643 -1.8862915
-11.981552 -2.8032074 -2.1624146
-11.805405 -2.8793793 -2.2647705
-11.738754 -2.8889008 -2.229065
-11.626877 -2.8508148 -2.5289917
-11.762558 -2.415207 -2.8622437
-11.410263 -1.9510345 -2.8979492
-10.779465 -1.4178314 -2.8241577
-10.067734 -0.972702 -2.5837402
-9.684494 -0.55137634 -2.5765991
-9.46788 -0.40141296 -2.4504395
-9.432175 -0.5894623 -2.2861938
-9.553574 -0.97984314 -2.4242554
-9.558334 -1.184555 -2.4504395
-9.360764 -1.0988617 -2.4528198
-9.075119 -0.78227234 -2.190979
-8.768051 -0.38475037 -2.0386353
-8.608566 -0.120529175 -1.9434204
-8.625229 -0.077682495 -1.8386841
-8.834702 -0.28715515 -1.9077148
-9.120346 -0.4728241 -2.0600586
-9.291733 -0.3990326 -2.1124268
-9.051315 0.031814575 -2.0386353
-8.727585 0.63642883 -1.9315186
-8.489548 0.94825745 -1.7529907
-9.525009 1.003006 -1.9196167
-9.08226 0.34126282 -1.8029785
-9.682114 -0.1181488 -1.6625366
-10.869919 -0.4323578 -1.7839355
-11.484055 -0.5394745 -2.2623901
-11.745895 -0.4061737 -2.281433
-11.6697235 0.008010864 -2.036255
-11.495956 0.34126282 -1.7125244
-11.417404 0.22224426 -1.6887207
-11.77684 -0.56803894 -1.626831
-12.319565 -1.5082855 -2.0338745
-12.269577 -2.7865448 -2.6123047
-12.878952 -3.8815155 -2.2314453
-12.631393 -4.3932953 -2.2124023
-11.924423 -4.8170013 -1.7839355
-11.39122 -4.700363 -1.5387573
-11.043686 -4.6765594 -1.3173828
-10.710434 -4.583725 -1.1602783
-11.091293 -4.262375 -1.4197388
-11.288864 -4.16716 -0.9412842
-11.00322 -4.007675 -0.9008179
-12.1315155 -4.133835 -0.26763916
-12.329086 -3.5077972 -0.9960327
-12.512375 -2.9722137 -1.0698242
-12.938461 -2.8103485 -0.9127197
-13.240768 -2.9793549 0.24414063
-13.533554 -2.229538 -0.42474365
-13.495468 -2.0343475 -0.43188477
-13.257431 -1.9081879 -0.62231445
-12.759933 -1.7368011 -0.28430176
-11.431686 -2.1700287 -0.024841309
-11.810165 -2.153366 -1.0793457
-10.953232 -2.5461273 -0.6008911
-9.97728 -3.2340546 -0.30334473
-9.341721 -3.2507172 -0.15814209
-8.906113 -3.088852 -0.26049805
-8.50145 -3.236435 -0.43188477
-8.3276825 -3.4149628 -0.52233887
-8.080124 -3.641098 -0.5009155
-7.8706512 -3.9076996 -0.54852295
-7.746872 -4.1433563 -0.53186035
-7.784958 -4.3171234 -0.6104126
-7.8325653 -4.55278 -0.62945557
-8.025375 -4.6837006 -0.5604248
-8.24675 -4.7979584 -0.5270996
-8.589523 -5.033615 -0.55566406
-8.787094 -5.3049774 -0.3557129
-9.056076 -5.64299 -0.24621582
-9.322678 -5.969101 -0.25335693
-9.732101 -6.3142548 -0.055786133
-10.205795 -6.4975433 -0.14624023
-10.774704 -6.60466 -0.40808105
-11.660202 -6.8450775 -0.67230225
-12.405258 -6.952194 -1.0912476
-13.045578 -6.975998 -1.3768921
-13.457382 -6.8141327 -1.6411133
-13.476425 -6.509445 -1.7387085
-13.216965 -6.0809784 -1.8386841
-12.957504 -5.583481 -1.7910767
-13.002731 -5.250229 -1.6363525
-13.485947 -4.962204 -1.4768677
-14.295273 -4.7670135 -1.2388306
-15.0308075 -4.5432587 -1.2626343
-15.683029 -4.35997 -1.2507324
-16.054367 -4.314743 -1.3530884
-16.306686 -4.088608 -1.5006714
-16.047226 -3.7601166 -1.7149048
-15.392624 -3.486374 -1.8743896
-14.502365 -3.1245575 -2.1790771
-13.76445 -2.774643 -2.3218994
-13.44072 -2.4294891 -2.5837402
-13.474045 -2.1700287 -2.6622925
-13.355026 -2.1176605 -2.4075928
-13.600204 -2.0462494 -2.64563
-13.673996 -2.0343475 -2.0267334
-13.488327 -2.4628143 -2.3457031
-14.100082 -2.49852 -2.2076416
-14.849899 -2.2628632 -2.486145
-15.335495 -2.229538 -2.7241821
-14.807053 -2.4128265 -2.414734
-13.76683 -2.384262 -2.2005005
-12.874191 -2.3604584 -2.0529175
-12.210068 -2.1985931 -2.062439
-11.469772 -2.1438446 -2.190979
-10.643784 -2.1438446 -2.1100464
-9.865402 -2.1795502 -1.9243774
-9.284592 -2.120041 -1.9077148
-8.820419 -2.070053 -1.8601074
-8.494308 -1.9748383 -1.9172363
-8.113449 -1.8486786 -1.7506104
-7.720688 -1.8486786 -1.6863403
-7.5254974 -1.7320404 -1.6815796
-7.3279266 -1.6963348 -1.7601318
-7.208908 -1.5677948 -1.9124756
-7.042282 -1.4511566 -1.9553223
-7.0184784 -1.286911 -1.9815063
-6.90184 -1.120285 -1.9196167
-6.856613 -1.0726776 -1.8029785
-6.842331 -1.2559662 -1.5768433
-6.818527 -1.4773407 -1.3840332
-6.8066254 -1.7725067 -1.4554443
-6.8447113 -1.9700775 -1.4768677
-6.9280243 -1.7606049 -1.6101685
-6.96373 -1.5297089 -1.6815796
-6.9756317 -1.286911 -1.7244263
-7.0137177 -1.1036224 -1.7053833
-7.182724 -0.98698425 -1.7910767
-7.496933 -0.92033386 -1.8529663
-7.8325653 -0.8489227 -1.7458496
-8.087265 -0.7513275 -1.5435181
-8.422897 -0.69895935 -1.3197632
-8.625229 -0.5394745 -1.1102905
-8.599045 -0.4561615 -0.7318115
-8.710922 -0.71562195 -0.3557129
-8.894211 -1.1512299 -0.30810547
-9.78447 -1.7177582 -0.4199829
-11.246017 -2.2462006 -0.3557129
-12.383835 -2.3033295 -0.84368896
-13.147934 -2.358078 -1.1436157
-13.493088 -2.5413666 -1.1317139
-13.405014 -2.7246552 -1.074585
-13.278854 -3.005539 -0.86987305
-13.1884 -3.3744965 -0.6175537
-13.047958 -3.807724 -0.40808105
-13.014633 -4.071945 -0.3390503
-13.024155 -4.148117 -0.34143066
-13.343124 -4.069565 -0.5770874
-13.773972 -3.97435 -0.8413086
-13.988205 -3.788681 -0.65802
-14.073898 -3.3554535 -0.69610596
-14.354782 -2.9365082 -1.1150513
-14.830856 -2.5651703 -1.4435425
-15.283127 -2.4580536 -2.300476
-15.766342 -2.4699554 -2.2885742
-15.092697 -2.267624 -1.6411133
-14.216721 -2.1319427 -0.48187256
-13.047958 -1.5535126 0.18463135
-12.814682 -0.99650574 0.42266846
-12.878952 -0.68229675 0.5773926
-12.850388 -0.12528992 0.5036011
-12.41954 -0.16575623 0.62976074
-12.062485 -0.38475037 0.81781006
-11.691147 -0.5608978 0.8225708
-11.184128 -0.8513031 1.0058594
-10.788986 -1.2631073 0.75354004
-10.084396 -1.5915985 0.96539307
-9.448837 -1.5987396 0.96539307
-9.267929 -1.8748627 0.71307373
-9.106064 -2.184311 0.50598145
-8.922775 -2.377121 0.21081543
-8.75853 -2.6437225 0.24176025
-8.753769 -2.8484344 0.2131958
-8.713303 -3.0198212 0.22509766
-8.803757 -3.0793304 0.26794434
-9.0203705 -3.1364594 0.2869873
-9.291733 -3.2745209 0.2798462
-9.553574 -3.3744965 0.29174805
-9.760666 -3.5149384 0.21795654
-10.022507 -3.6815643 0.2798462
-10.262924 -3.8053436 0.21795654
-10.49144 -3.9005585 0.27270508
-10.731857 -3.981491 0.1965332
-11.146042 -3.9981537 0.089416504
-11.614975 -4.136215 0.008483887
-12.064865 -4.236191 -0.09863281
-12.47905 -4.3290253 -0.24383545
-12.67424 -4.2338104 -0.24383545
-12.8051605 -4.114792 -0.45806885
-13.069382 -4.0171967 -0.5175781
-13.578781 -3.7291718 -0.7103882
-14.478561 -3.6744232 -0.7151489
-15.2379 -3.4601898 -0.43902588
-15.775864 -3.0721893 -0.446167
-16.33525 -2.6508636 -0.37713623
-16.84227 -2.2414398 -0.24621582
-17.118393 -1.9581757 -0.29382324
-16.899399 -1.6225433 -0.38189697
-16.216232 -1.2607269 -0.76989746
-15.62114 -0.9488983 -1.0293579
-15.290268 -0.59184265 -1.5244751
-15.135544 -0.5608978 -2.0338745
-15.228378 -0.64183044 -2.5289917
-15.435471 -0.71562195 -3.114563
-15.797287 -0.70848083 -3.916748
-16.416183 -0.4633026 -4.492798
-17.070786 -0.1847992 -5.2092896
-17.42546 0.14369202 -5.537781
-17.48021 0.457901 -5.2783203
-16.720871 0.5578766 -4.238098
-15.797287 0.669754 -3.28833
-15.392624 0.8459015 -2.512329
-14.840378 0.80067444 -1.5220947
-13.783493 0.43647766 -0.51519775
-12.778976 -0.151474 0.1965332
-12.000595 -0.5323334 0.58691406
-11.253159 -0.8417816 0.43695068
-10.572372 -1.0821991 0.27270508
-9.801132 -1.158371 -0.00579834
-9.196518 -1.1940765 -0.21289063
-8.718063 -1.1345673 -0.5366211
-8.44194 -1.1512299 -0.8746338
-8.170578 -1.1726532 -1.1697998
-7.8468475 -1.2274017 -1.2554932
-7.644516 -1.3868866 -1.68396
-7.527878 -1.5939789 -1.7767944
-7.511215 -1.620163 -2.0124512
-7.4826508 -1.7582245 -2.152893
-7.3850555 -1.9581757 -2.2504883
-7.3136444 -1.9629364 -2.1671753
-7.197006 -1.8629608 -2.1314697
-7.1017914 -1.6035004 -2.1219482
-6.9351654 -1.0488739 -2.0648193
-6.7828217 -0.5727997 -1.8267822
-6.8447113 -0.299057 -1.7172852
-6.83757 -0.16099548 -1.3364258
-6.96373 -0.080062866 -1.453064
-6.978012 0.18415833 -1.3911743
-6.89946 0.3436432 -1.1817017
-6.6780853 0.2674713 -0.9960327
-6.5138397 0.10084534 -1.0079346
-6.373398 -0.120529175 -0.88653564
-6.3329315 -0.37046814 -0.8413086
-6.587631 -0.75608826 -0.70562744
-7.0970306 -1.075058 -0.4866333
-7.920639 -1.3559418 -0.34857178
-9.029892 -1.7129974 -0.1986084
-10.039169 -1.9700775 -0.27001953
-10.87468 -2.2652435 0.091796875
-11.664963 -2.3461761 0.42504883
-12.333847 -2.3342743 0.40838623
-12.859909 -2.3890228 0.31555176
-13.259811 -2.5651703 0.24890137
-13.566879 -2.6008759 0.1965332
-13.814438 -2.7603607 0.22747803
-14.242905 -3.01268 0.38458252
-14.878464 -3.1364594 0.5654907
-15.485458 -3.5054169 0.79400635
-16.13292 -3.948166 0.86779785
-16.58995 -4.4789886 0.8892212
-16.923203 -4.5861053 0.6083374
-16.70897 -4.155258 0.89160156
-16.151962 -3.3792572 1.041565
-16.573288 -2.3866425 0.3131714
-16.482834 -1.5392303 -0.25097656
-16.632797 -0.8013153 -0.7032471
-16.45427 -0.0062713623 -0.62231445
-15.940109 0.5888214 -0.27478027
-15.359299 1.2291412 0.19177246
-14.488083 1.6147614 0.8892212
-13.838242 2.2646027 1.234375
-13.457382 2.6621246 0.79400635
-12.73851 2.221756 0.47027588
-11.83873 1.6909332 0.044189453
-10.886581 0.919693 -0.26763916
-10.227219 0.3507843 -0.56518555
-9.832077 -0.21812439 -0.90319824
-9.4655 -0.8655853 -1.0484009
-9.236984 -1.4106903 -1.0293579
-9.046555 -1.9105682 -0.85321045
-8.901352 -2.3271332 -0.7437134
-8.765671 -2.7222748 -0.71990967
-8.708542 -3.0436249 -0.6532593
-8.572861 -3.3292694 -0.57470703
-8.43956 -3.6172943 -0.5366211
-8.3134 -3.84581 -0.5842285
-8.275314 -3.993393 -0.71276855
-8.527634 -4.0290985 -0.7103882
-8.841843 -4.057663 -0.63183594
-9.196518 -4.314743 -0.215271
-9.551193 -4.9264984 0.72021484
-9.796371 -5.462082 1.5604858
-9.40361 -6.5618134 2.3840942
-8.520493 -7.278305 2.8363647
-8.484787 -7.7496185 2.8863525
-9.360764 -8.470871 2.7958984
-10.936569 -9.346848 2.876831
-13.086044 -10.339462 3.152954
-15.354538 -11.084518 3.055359
-16.854172 -10.934555 2.9863281
-17.515915 -9.720566 2.7697144
-17.839645 -8.354233 2.6506958
-18.06578 -7.4473114 2.6102295
-18.57518 -6.6070404 2.5840454
-19.09172 -5.911972 2.5792847
-18.69896 -5.2097626 2.555481
-18.151474 -4.5289764 2.4816895
-17.792038 -3.9719696 2.2246094
-17.99675 -3.372116 1.446228
-18.225266 -3.1769257 0.58691406
-18.613266 -3.3744965 -0.52471924
-19.41307 -4.007675 -1.3602295
-19.671936 -3.7958221 -2.1195679
-19.671936 -2.8365326 -2.3909302
-19.671936 -2.0272064 -1.960083
-19.508286 -1.5035248 -1.4221191
-19.208359 -1.6106415 -1.4268799
-18.603745 -1.4916229 -1.3245239
-17.580185 -1.139328 -0.9627075
-16.544724 -0.79655457 -0.45568848
-15.378342 -0.81559753 -0.54852295
-14.540451 -1.3011932 -1.0055542
-13.390732 -1.6630096 -1.0460205
-12.241013 -1.4630585 -0.66278076
-11.305527 -1.0845795 -0.30810547
-10.329575 -0.8774872 0.07751465
-9.498825 -0.8846283 -0.034362793
-8.982285 -1.1821747 -0.7246704
-8.575241 -1.3321381 -0.6842041
-7.9801483 -1.1559906 -0.6008911
-7.175583 -0.8370209 -0.45806885
-6.4091034 -0.7037201 -0.32476807
-5.6735687 -0.6846771 0.18463135
-5.1260834 -0.6537323 -0.6746826
-4.730942 -0.8941498 -0.18908691
-4.469101 -1.2845306 -1.1055298
-4.564316 -1.5463715 -0.8555908
-4.4548187 -1.1655121 -0.3866577
-4.1596527 -0.27049255 0.48217773
-3.912094 0.42933655 1.2438965
-3.7930756 0.63642883 1.7556763
-3.8097382 0.7054596 2.1746216
-4.2358246 0.7316437 2.4959717
-4.7404633 0.23652649 1.1629639
-5.418869 -0.6537323 0.61309814
-5.5378876 -1.0298309 0.90826416
-5.3379364 -0.52757263 1.5271606
-5.10466 0.010391235 2.5054932
-4.9999237 0.37696838 3.081543
-5.007065 0.5959625 3.4243164
-5.195114 0.71022034 3.467163
-5.528366 0.72450256 3.202942
-5.9211273 0.50312805 3.081543
-6.587631 0.21510315 2.7958984
-7.213669 0.06513977 2.4650269
-7.837326 -0.151474 2.22937
-8.6228485 -0.22764587 1.9223022
-9.308395 -0.27049255 1.7913818
-9.84874 -0.33714294 1.6818848
-10.446213 -0.41807556 1.5414429
-10.965134 -0.48710632 1.336731
-11.445969 -0.59184265 1.0463257
-11.974411 -0.78227234 0.78448486
-12.498093 -1.0345917 0.394104
-13.178879 -1.3535614 0.020385742
-14.014389 -1.6106415 -0.1652832
-15.011765 -1.9724579 -0.4628296
-16.118637 -2.422348 -0.85321045
-17.2874 -2.941269 -1.3483276
-18.327621 -3.5149384 -1.9624634
-18.813217 -3.641098 -2.5861206
-18.865585 -3.3983002 -3.2454834
-18.746567 -2.9341278 -3.5406494
-18.679916 -2.043869 -3.7548828
-18.44664 -1.0679169 -3.3335571
-17.972946 -0.13005066 -2.4361572
-17.813461 0.6388092 -1.8791504
-17.477829 1.4481354 -1.414978
-16.9113 2.8739777 -0.47235107
-15.81395 3.671402 0.59643555
-14.240524 4.133194 1.3557739
-13.18602 3.7451935 0.6559448
-12.588547 3.2714996 0.38934326
-11.96489 2.3169708 -0.13909912
-11.58403 1.529068 -0.57470703
-11.224594 0.8387604 -1.1364746
-10.712814 -0.08720398 -1.479248
-10.348618 -1.1536102 -1.7268066
-10.074875 -2.017685 -1.8005981
-10.048691 -2.7079926 -1.5078125
-10.017746 -3.0174408 -1.2102661
-9.879684 -3.2602386 -0.85321045
-9.634506 -3.4340057 -0.72943115
-9.298874 -3.78154 -0.5128174
-8.865646 -4.2219086 -0.18908691
-8.351486 -4.557541 0.14178467
-7.9254 -4.74321 0.5988159
-7.7302094 -4.957443 0.9320679
-7.765915 -5.00029 1.3914795
-7.913498 -4.9788666 1.6271362
-8.403854 -4.8741302 1.8984985
-9.046555 -4.5099335 1.9984741
-9.574997 -4.2528534 1.7913818
-10.184372 -4.1504974 1.7009277
-11.126999 -4.090988 1.4771729
Time Stop = 4289
