Time Start = 6325
1.8769684 1.4386139 8.096985
1.7841339 1.2077179 7.7803955
1.6341705 1.0387115 7.4590454
1.5199127 0.9911041 7.1829224
1.3913727 0.98158264 6.982971
1.3842316 0.8958893 6.833008
1.4080353 0.8530426 6.578308
1.5437164 0.70783997 6.430725
1.6841583 0.5245514 6.2331543
1.8388824 0.3007965 6.102234
1.9150543 -0.06340027 5.8499146
2.0078888 -0.3895111 5.4714355
2.2030792 -0.7584686 5.8999023
2.2054596 -1.1321869 5.5095215
2.1269073 -1.3488007 5.0215454
2.14357 -1.7368011 5.031067
2.298294 -2.0676727 5.1239014
2.4696808 -2.0200653 5.173889
2.7053375 -1.8058319 5.485718
2.8648224 -1.5225677 5.678528
2.8672028 -1.0298309 5.730896
2.7886505 -0.70848083 5.6499634
2.741043 -0.71562195 5.5476074
2.836258 -0.6870575 5.197693
2.907669 -0.6537323 4.9382324
3.0885773 -1.0131683 4.942993
3.657486 -1.6249237 4.909668
4.3787384 -2.1890717 4.378845
4.9119415 -2.6389618 3.679016
5.4903717 -2.9960175 3.024414
5.7331696 -3.2578583 2.4412231
5.826004 -3.531601 1.8342285
6.083084 -3.8624725 1.1605835
6.6234283 -4.5813446 0.6392822
7.385147 -5.731064 0.36315918
8.6705475 -6.726059 0.067993164
9.641739 -7.233078 -0.022460938
10.203506 -7.354477 0.0061035156
10.531998 -7.4163666 0.110839844
10.972366 -7.0616913 -0.42236328
11.655533 -6.6403656 -1.4102173
12.322037 -5.904831 -2.652771
12.867142 -5.51445 -3.9881592
13.278946 -5.878647 -5.5544434
14.39772 -7.2164154 -6.918396
15.533157 -8.687485 -8.344238
16.19014 -10.420395 -8.875061
16.647171 -11.841476 -9.003601
17.189896 -13.369675 -9.041687
17.180374 -15.290634 -8.667969
16.361526 -16.35228 -8.332336
15.22847 -16.942612 -7.6015625
13.962112 -15.5858 -7.104065
12.881424 -13.781479 -6.566101
12.02211 -11.491562 -5.6758423
11.367508 -9.318283 -4.9403076
11.031876 -8.137619 -3.647766
10.255875 -7.69487 -2.5599365
9.691727 -7.880539 -1.5887451
9.20137 -7.9995575 -1.1412354
9.282303 -7.944809 -1.369751
9.45369 -7.7734222 -1.7030029
9.579849 -7.4996796 -2.0743408
9.3918 -7.097397 -2.4528198
9.151382 -6.866501 -2.3814087
8.865738 -6.0952606 -2.1743164
8.768143 -5.3049774 -1.9934082
8.777664 -4.519455 -1.5554199
8.680069 -3.8624725 -1.203125
8.4396515 -3.4340057 -0.8984375
8.30159 -3.5887299 -0.71990967
8.377762 -3.5268402 -0.78656006
8.68483 -3.338791 -1.0507813
9.094254 -2.9055634 -1.1221924
9.115677 -2.7532196 -1.1245728
9.07045 -2.6103973 -1.0960083
9.0490265 -2.5485077 -1.074585
9.210892 -2.6246796 -1.0460205
9.503677 -2.827011 -1.184082
9.758377 -3.0483856 -1.286438
10.03212 -2.9960175 -1.3197632
10.1201935 -3.0102997 -1.3435669
10.110672 -3.1364594 -1.248352
10.09639 -3.2031097 -1.0912476
10.053543 -3.4149628 -0.7270508
9.901199 -3.4792328 -0.5866089
9.851212 -3.6958466 -0.51519775
9.896439 -3.6458588 -0.56518555
10.179703 -3.7720184 -0.7103882
10.401077 -3.762497 -0.8508301
10.4986725 -3.7077484 -0.94366455
10.553421 -3.6291962 -0.9293823
10.581985 -3.6958466 -0.8817749
10.808121 -3.9672089 -0.66278076
10.977127 -4.2219086 -0.50805664
11.036636 -4.4337616 -0.5009155
11.043777 -4.6122894 -0.58898926
10.948563 -4.8193817 -0.8151245
10.731949 -5.0431366 -0.805603
10.298721 -5.0359955 -0.6413574
9.786942 -5.007431 -0.42474365
9.163284 -5.1954803 -0.039123535
8.518204 -5.033615 0.2298584
7.7969513 -4.840805 0.38458252
7.2542267 -4.5599213 0.5916748
6.9400177 -4.121933 0.5178833
6.8424225 -3.595871 0.80352783
7.025711 -3.1293182 0.5678711
7.513687 -2.9698334 0.6392822
8.096878 -2.846054 0.38220215
8.68959 -2.9698334 -0.11767578
9.401321 -3.1650238 -0.42474365
9.994034 -3.1269379 -0.75323486
10.4796295 -3.1364594 -0.91033936
10.770035 -2.94841 -0.77941895
10.955704 -2.7413177 -0.83654785
11.008072 -2.646103 -0.8175049
10.772415 -2.4723358 -0.7341919
10.512955 -2.2961884 -0.6984863
10.155899 -2.1486053 -0.59375
9.729813 -1.9010468 -0.47235107
9.38942 -1.6296844 -0.4295044
9.068069 -1.53685 -0.21289063
8.641983 -1.267868 -0.103393555
8.270645 -1.0679169 -0.031982422
8.020706 -0.8513031 -0.05102539
7.85408 -0.6941986 -0.015319824
7.72316 -0.7037201 -0.1081543
7.6898346 -0.7132416 -0.081970215
7.666031 -0.6870575 -0.017700195
7.6779327 -0.61564636 0.053710938
7.666031 -0.53471375 0.24414063
7.685074 -0.68229675 0.27746582
7.6303253 -0.8774872 0.21795654
7.66127 -1.036972 0.09893799
7.744583 -1.1012421 0.048950195
7.9826202 -1.0702972 0.025146484
8.17305 -1.0084076 0.13702393
8.342056 -0.87272644 0.22509766
8.458694 -0.88938904 0.2965088
8.377762 -1.0322113 0.31079102
8.284927 -1.2131195 0.35601807
8.201614 -1.4559174 0.3441162
8.258743 -1.6249237 0.3203125
8.4944 -1.9367523 0.20129395
8.834793 -2.236679 0.032287598
9.382278 -2.5366058 -0.2652588
9.97023 -2.7579803 -0.5509033
10.734329 -2.910324 -0.91986084
11.50795 -3.1197968 -1.3483276
12.502945 -3.3983002 -1.4006958
13.388443 -3.3673553 -1.0436401
14.262039 -3.3483124 -0.7508545
14.6809845 -4.1052704 0.4107666
15.844986 -4.795578 1.4938354
15.147537 -5.0217133 0.47503662
14.452469 -5.302597 -0.26287842
14.069229 -6.123825 0.12988281
12.98378 -5.200241 0.69403076
11.998306 -4.905075 0.73687744
11.210403 -5.205002 0.5750122
10.020218 -5.473984 0.49645996
9.001419 -5.750107 0.7963867
8.313492 -5.8715057 1.4152832
7.3113556 -5.9072113 2.074646
6.904312 -5.212143 0.7630615
6.787674 -5.7548676 0.10131836
6.8162384 -5.9476776 -0.11053467
6.9519196 -5.733444 -0.42474365
7.2708893 -5.4144745 -0.55804443
7.8159943 -5.390671 -0.48901367
8.373001 -5.162155 -0.4533081
8.739578 -4.9836273 -0.28668213
8.844315 -4.931259 -0.29144287
8.939529 -4.93602 -0.26763916
8.934769 -4.9455414 -0.35333252
9.020462 -4.893173 -0.42474365
9.046646 -4.781296 -0.49853516
8.87764 -4.7741547 -0.44854736
8.772903 -4.74559 -0.2962036
8.634842 -4.6503754 -0.22955322
8.534866 -4.5932465 -0.039123535
8.589615 -4.526596 -0.00579834
8.641983 -4.4956512 0.07989502
8.782425 -4.5099335 0.16558838
8.899063 -4.448044 0.32269287
8.956192 -4.4528046 0.246521
9.0490265 -4.4218597 0.06561279
9.103775 -4.5551605 -0.21765137
9.144241 -4.6908417 -0.46044922
9.277542 -4.757492 -0.66516113
9.308487 -4.80748 -0.888916
9.310867 -4.80748 -0.9650879
9.277542 -4.68132 -0.8746338
9.287064 -4.4908905 -0.8222656
9.346573 -4.3766327 -0.7770386
9.379898 -4.1909637 -0.6699219
9.498917 -4.076706 -0.6937256
9.641739 -3.9600677 -0.66278076
9.77742 -3.8505707 -0.6437378
9.986893 -3.7934418 -0.6699219
10.258255 -3.7577362 -0.69610596
10.398697 -3.7267914 -0.7175293
10.603409 -3.641098 -0.6675415
10.622452 -3.5292206 -0.55804443
10.477249 -3.4506683 -0.62231445
10.282059 -3.3292694 -0.6246948
10.086868 -3.153122 -0.5770874
9.996414 -3.0555267 -0.56518555
9.917862 -3.0102997 -0.46520996
10.067825 -3.1459808 -0.27478027
10.389175 -3.0840912 -0.25335693
11.05806 -3.0102997 -0.48425293
11.824539 -2.8222504 -0.9555664
12.362503 -2.672287 -1.4887695
12.543411 -2.6318207 -1.6744385
12.433914 -2.5294647 -1.6387329
12.045914 -2.6127777 -1.4244995
11.357986 -2.7698822 -0.89367676
10.179703 -3.031723 -0.25335693
8.946671 -3.1055145 0.3441162
7.6898346 -2.9888763 0.8059082
6.801956 -2.8674774 1.0201416
6.3306427 -2.6294403 1.0391846
6.3092194 -2.1795502 0.9035034
6.563919 -1.5773163 0.83447266
6.9971466 -0.927475 0.4440918
7.5946198 -0.49424744 0.19177246
7.9969025 -0.24906921 -0.13671875
8.139725 -0.120529175 -0.32476807
8.456314 -0.19194031 -0.49139404
8.772903 -0.52757263 -0.16052246
8.858597 -0.9155731 -0.060546875
9.034744 -1.2631073 -0.27001953
9.091873 -1.5225677 -0.47473145
9.089493 -1.877243 -0.54852295
8.970474 -2.1152802 -0.6413574
8.727676 -2.1795502 -0.7103882
8.549149 -2.1866913 -0.5770874
8.449173 -2.1700287 -0.34857178
8.220657 -2.2271576 -0.25335693
8.025467 -2.4199677 0.03704834
7.9135895 -2.6770477 0.2131958
7.892166 -2.9507904 0.28460693
8.142105 -3.2935638 0.29412842
8.375381 -3.6268158 0.16082764
8.711014 -3.97435 -0.09625244
9.306107 -4.4218597 0.10845947
9.318008 -4.3171234 -0.124816895
9.365616 -4.957443 -0.20098877
9.322769 -5.116928 0.018005371
9.396561 -4.6527557 0.029907227
9.496536 -4.7789154 0.11798096
9.477493 -4.912216 0.25128174
9.298965 -4.9645844 0.38934326
9.337051 -4.962204 0.67974854
9.410843 -5.014572 0.8201904
9.613174 -5.185959 0.9772949
9.851212 -5.366867 1.105835
10.055923 -5.623947 1.1248779
10.298721 -5.881027 1.1129761
10.555801 -6.214279 1.0772705
10.881912 -6.385666 1.0058594
11.055679 -6.495163 0.97491455
11.343704 -6.445175 0.7797241
11.391312 -6.378525 0.71069336
11.603165 -6.3047333 0.56311035
12.143509 -6.2357025 0.46313477
12.971878 -6.2047577 0.44171143
13.733597 -6.392807 0.3369751
14.164444 -6.6641693 0.3203125
13.9882965 -6.816513 0.26794434
13.205154 -6.8831635 0.40600586
12.295853 -6.714157 0.37506104
11.365128 -6.6189423 0.39172363
10.358231 -6.559433 0.29174805
9.396561 -6.3975677 0.08227539
8.680069 -6.2499847 -0.17004395
8.249222 -6.0690765 -0.40808105
8.094498 -5.8191376 -0.62945557
8.165909 -5.5358734 -0.6937256
8.487259 -5.2026215 -0.7913208
8.899063 -4.8503265 -0.8389282
9.38942 -4.4647064 -0.96746826
9.8702545 -4.2909393 -1.0293579
10.334427 -4.1171722 -1.1507568
10.603409 -4.224289 -1.3150024
10.715286 -4.257614 -1.3673706
10.841446 -4.2861786 -1.6077881
10.791458 -4.314743 -1.7648926
10.555801 -4.2861786 -1.7863159
10.048782 -4.1885834 -1.831543
9.608414 -4.064804 -1.7458496
9.210892 -3.993393 -1.7030029
8.896683 -3.864853 -1.5054321
8.663406 -3.871994 -1.3673706
8.570572 -3.864853 -1.1436157
8.606277 -3.7386932 -1.0579224
8.711014 -3.6053925 -1.0222168
8.839554 -3.569687 -1.100769
8.937149 -3.4887543 -1.222168
8.984756 -3.4411469 -1.3031006
9.0299835 -3.4958954 -1.2983398
9.039505 -3.519699 -1.0936279
8.894302 -3.5458832 -1.0864868
8.81337 -3.603012 -0.99365234
8.694351 -3.5363617 -0.9055786
8.5872345 -3.384018 -1.0507813
8.62056 -3.2578583 -1.074585
8.589615 -3.1745453 -1.1055298
8.763382 -3.1221771 -1.1269531
8.713394 -3.1864471 -0.991272
8.918106 -3.1959686 -0.972229
9.051407 -3.2911835 -0.9127197
9.153763 -3.2935638 -0.7937012
9.2799225 -3.3221283 -0.46759033
9.303726 -3.224533 -0.42712402
9.306107 -3.160263 -0.362854
9.2608795 -2.9841156 -0.3295288
9.168045 -2.8436737 -0.36047363
9.208511 -2.7056122 -0.19622803
9.6393585 -2.5770721 -0.21051025
10.436783 -2.5746918 -0.14147949
11.141373 -2.62706 -0.44854736
11.588882 -2.6365814 -0.741333
11.769791 -2.729416 -1.0341187
11.712662 -3.0626678 -1.1174316
11.307999 -3.6125336 -0.888916
10.389175 -4.133835 -0.48901367
9.153763 -4.4409027 0.16558838
7.923111 -4.6075287 0.69403076
7.0280914 -4.697983 0.9891968
6.5853424 -4.6717987 1.2081909
6.4972687 -4.5361176 1.2129517
6.6638947 -4.1766815 1.170105
7.192337 -3.5173187 0.8463745
7.7779083 -2.8365326 0.62023926
8.468216 -2.3295135 0.22033691
8.999039 -1.9962616 0.046569824
9.487015 -1.9391327 0.015625
9.608414 -2.1343231 -0.0034179688
9.679825 -2.4961395 -0.0748291
9.627457 -2.7889252 -0.103393555
9.539383 -3.095993 -0.31762695
9.360855 -3.3578339 -0.25811768
9.187088 -3.6006317 -0.30810547
8.960953 -3.698227 -0.12719727
8.715775 -3.5268402 -0.09387207
8.532486 -3.512558 0.022766113
8.289688 -3.5244598 0.018005371
8.134964 -3.5482635 0.08227539
8.018326 -3.6077728 0.089416504
8.211136 -3.769638 0.14892578
8.5229645 -3.7934418 0.015625
8.551529 -4.2742767 -0.055786133
8.713394 -4.80748 0.10845947
8.853836 -5.0859833 -0.06768799
9.084732 -5.2978363 0.013244629
9.20137 -5.4668427 -0.06768799
9.5750885 -5.5120697 -0.15338135
9.729813 -5.443039 -0.17242432
9.613174 -5.1383514 0.0013427734
9.577469 -4.9860077 0.18939209
9.465591 -5.0217133 0.35125732
9.494156 -5.1312103 0.56073
9.682205 -5.309738 0.6226196
9.989273 -5.354965 0.5512085
10.339188 -5.502548 0.4345703
10.686722 -5.6382294 0.21795654
10.908096 -5.795334 0.45361328
11.010452 -5.828659 0.68688965
10.915237 -5.7144012 0.7392578
10.86525 -5.3430634 0.53930664
11.036636 -5.162155 0.008483887
11.7816925 -5.0359955 -0.5437622
13.159927 -5.4001923 -0.7484741
14.119217 -6.142868 -0.9460449
14.247757 -6.9141083 -0.91748047
13.874039 -7.392563 -0.8674927
13.352737 -7.4544525 -0.99365234
12.472 -7.3259125 -0.9222412
11.303238 -7.1521454 -0.9389038
9.9535675 -6.8379364 -1.1436157
8.782425 -6.430893 -1.4197388
7.91835 -6.0095673 -1.6315918
7.3946686 -5.566818 -1.6887207
7.2780304 -5.1454926 -1.4649658
7.430374 -4.662277 -1.2150269
7.935013 -4.4123383 -1.1864624
8.56105 -4.2266693 -0.9888916
9.210892 -3.9719696 -0.9984131
9.891678 -3.9529266 -0.95318604
10.251114 -3.9886322 -0.9817505
10.4796295 -3.9648285 -1.1102905
10.458206 -4.000534 -0.9412842
10.203506 -3.8434296 -0.90319824
10.165421 -3.7148895 -1.0841064
9.882156 -3.8743744 -1.1245728
9.508438 -3.7029877 -1.3031006
9.177567 -3.6363373 -1.4054565
8.894302 -3.4768524 -1.4935303
8.8824005 -3.2649994 -1.5911255
8.808609 -3.0721893 -1.453064
8.839554 -3.0626678 -1.2792969
8.925247 -3.0364838 -1.2174072
9.051407 -2.9793549 -1.2388306
9.053787 -2.9365082 -1.3411865
9.127579 -3.01268 -1.369751
9.115677 -3.0602875 -1.4387817
9.022842 -3.2126312 -1.6030273
8.930008 -3.3435516 -1.6791992
8.849075 -3.5530243 -1.5887451
8.780045 -3.7267914 -1.6934814
8.741959 -3.8696136 -1.7268066
8.822891 -3.7934418 -1.6363525
8.832413 -3.8291473 -1.4316406
8.922867 -3.6958466 -1.2745361
9.127579 -3.6196747 -1.3221436
9.341812 -3.5173187 -1.2721558
9.682205 -3.3935394 -1.3150024
10.010696 -3.338791 -1.2983398
10.179703 -3.2745209 -1.3459473
10.263016 -3.217392 -1.2388306
10.115433 -3.224533 -1.0674438
9.820267 -3.2769012 -0.82940674
9.753616 -3.1888275 -0.59375
9.636978 -3.005539 -0.56518555
9.803604 -2.6960907 -0.64611816
10.2677765 -2.3485565 -0.8722534
10.770035 -2.081955 -1.0150757
10.8581085 -1.8748627 -0.86273193
10.746231 -1.8415375 -0.56518555
10.596268 -2.0224457 -0.29144287
10.408218 -2.300949 -0.16052246
9.827408 -2.7246552 -0.16290283
8.982376 -3.0031586 -0.02960205
8.2397 -3.1626434 0.14178467
7.7469635 -3.2745209 0.20605469
7.620804 -3.2221527 0.35839844
7.7422028 -3.0364838 0.5155029
8.104019 -2.8722382 0.5345459
8.484879 -2.5842133 0.4607544
8.87764 -2.3747406 0.4512329
9.379898 -2.2081146 0.40124512
9.682205 -2.1557465 0.3536377
9.810745 -2.3247528 0.2798462
9.8059845 -2.6294403 0.22747803
9.632217 -2.9198456 0.29412842
9.337051 -3.069809 0.32507324
8.930008 -3.191208 0.40124512
8.663406 -3.3435516 0.3131714
8.477737 -3.4625702 0.20129395
8.418228 -3.5458832 0.2798462
8.346817 -3.5815887 0.1560669
8.096878 -3.6244354 0.23699951
7.923111 -3.7386932 0.24890137
7.8112335 -3.8196259 0.43695068
7.827896 -3.891037 0.541687
7.9016876 -3.981491 0.64404297
8.018326 -4.238571 0.6154785
8.187332 -4.512314 0.46551514
8.265884 -4.7265472 0.3869629
8.396805 -4.8122406 0.30603027
8.551529 -4.9145966 0.34649658
8.618179 -4.931259 0.28222656
8.796707 -5.019333 0.26080322
8.715775 -4.981247 0.2536621
8.768143 -4.976486 0.33935547
8.894302 -4.981247 0.37506104
9.044266 -5.1335907 0.42980957
9.26326 -5.271652 0.5488281
9.417984 -5.4716034 0.60595703
9.644119 -5.692978 0.67022705
9.865494 -5.90007 0.63690186
10.008316 -6.0048065 0.68688965
10.139236 -6.15477 0.6559448
10.179703 -6.2238007 0.44885254
10.334427 -6.2214203 0.45837402
10.905716 -6.135727 0.06085205
12.143509 -6.2285614 0.048950195
13.831192 -6.6213226 0.110839844
14.428665 -7.2116547 -0.124816895
13.993057 -7.483017 -0.44378662
13.69075 -7.3330536 -0.6532593
13.43129 -7.1545258 -0.25097656
12.671951 -6.9807587 -0.16290283
11.610306 -6.7284393 -0.2962036
10.570084 -6.4023285 -0.54138184
9.653641 -6.078598 -0.6675415
9.037125 -5.764389 -0.73895264
8.665787 -5.4073334 -0.7246704
8.568192 -5.057419 -0.824646
8.646744 -4.7527313 -1.0269775
8.868118 -4.5361176 -1.119812
9.244217 -4.345688 -1.1626587
9.772659 -4.2647552 -1.1269531
10.205887 -4.3552094 -1.1483765
10.534378 -4.3552094 -1.248352
10.765274 -4.35997 -1.4125977
10.786697 -4.321884 -1.4649658
Time Stop = 6330
