Time Start = 1457235322
0.49635315 -1.9462738 7.4138184
1.05336 -1.1464691 8.3064575
2.4220734 -0.47758484 9.068176
2.6529694 0.11036682 9.360962
2.1768951 -0.008651733 9.456177
2.0340729 -0.2419281 9.013428
2.20784 -0.32286072 8.911072
2.4530182 -0.15623474 8.90155
2.4673004 -0.16099548 8.687317
2.374466 -0.151474 8.408813
2.426834 -0.09196472 8.135071
2.560135 0.12226868 7.899414
2.5149078 0.4245758 7.668518
2.3649445 0.8387604 7.4995117
2.1864166 0.9768219 7.097229
2.1578522 0.92207336 6.65448
2.2840118 0.90541077 6.347412
2.355423 0.9744415 6.0665283
2.1983185 1.1624908 5.761841
2.0793 1.3243561 5.4714355
2.041214 1.4671783 5.219116
1.9031525 1.4029083 4.883484
1.874588 0.90779114 4.497864
1.8793488 0.5388336 4.0670166
2.0721588 0.5174103 3.9432373
2.3006744 0.74354553 3.986084
2.4292145 0.8839874 3.8908691
2.3958893 1.1886749 3.7385254
2.5196686 1.5314484 3.5838013
2.631546 1.8147125 3.376709
2.817215 2.0313263 3.1958008
3.1028595 2.0313263 2.9101563
3.5075226 1.8385162 2.5292969
3.9883575 1.4409943 2.2341309
4.5477448 0.92445374 1.8580322
5.3237457 0.34602356 1.5414429
6.2330475 -0.1348114 1.1939087
7.0804596 -0.57518005 0.93444824
7.896927 -1.1488495 0.6488037
9.1132965 -1.9415131 -0.012939453
11.131851 -2.5913544 -0.41522217
12.85762 -3.1507416 -0.081970215
13.5265045 -3.7339325 0.115600586
13.69075 -3.8838959 -0.12005615
14.214432 -3.8243866 -0.7103882
15.259415 -3.6125336 -1.4602051
16.754288 -3.384018 -2.364746
18.422928 -3.224533 -3.731079
19.327469 -3.603012 -4.8308105
19.327469 -4.090988 -6.868408
19.327469 -6.442795 -7.270691
19.327469 -9.865768 -5.8686523
19.327469 -12.50322 -4.411865
19.327469 -13.964767 -2.9265137
19.327469 -13.85289 -1.6768188
19.327469 -13.262558 -0.68182373
19.327469 -13.555344 -0.24145508
19.327469 -13.100693 0.05609131
17.615982 -11.767685 -0.55566406
15.671219 -10.051437 -0.7937012
14.611954 -8.537521 -0.30096436
13.419388 -5.685837 0.03704834
12.467239 -2.2628632 -0.6508789
11.979263 1.1482086 1.9818115
10.617691 2.9691925 4.1312866
9.127579 3.7237701 5.019165
8.373001 3.9451447 4.1289063
8.775284 2.7263947 3.8884888
9.784561 1.2077179 2.7173462
10.660538 -0.21574402 2.119873
11.196121 -1.6225433 2.0079956
11.200882 -2.7436981 1.991333
10.950943 -3.750595 1.8865967
10.634354 -4.5813446 1.8675537
10.217789 -4.988388 2.0508423
10.005936 -5.078842 2.0913086
10.065445 -5.1835785 2.74115
10.303482 -5.155014 3.2219849
10.570084 -4.8574677 3.5147705
10.593887 -4.314743 3.5076294
10.539139 -3.6744232 3.4362183
10.665298 -3.1293182 3.4766846
10.80098 -2.634201 3.3886108
10.762894 -2.56279 2.7911377
11.015213 -2.7841644 2.112732
11.267532 -3.0840912 1.4390869
11.436539 -3.4125824 0.52978516
11.736465 -3.7410736 -0.22717285
11.988785 -3.9243622 -0.71990967
12.064957 -3.917221 -1.248352
12.14827 -3.8886566 -1.6530151
12.210159 -3.8600922 -1.9077148
12.107803 -3.8172455 -2.00531
12.0125885 -3.8291473 -1.6054077
11.848343 -3.826767 -1.222168
11.4674835 -3.6506195 -1.1531372
11.217545 -3.4697113 -1.4078369
11.12471 -3.3768768 -1.5744629
11.053299 -3.3245087 -1.4602051
11.098526 -3.403061 -1.3649902
11.184219 -3.5625458 -1.1936035
11.269913 -3.6577606 -1.2626343
11.407974 -3.6625214 -1.5292358
11.534134 -3.6291962 -1.9434204
11.7174225 -3.4435272 -2.2433472
11.884048 -3.1697845 -2.3242798
12.045914 -2.7341766 -2.2409668
11.950699 -1.9653168 -2.043396
11.667435 -0.99412537 -1.8363037
11.25087 0.19129944 -1.74823
10.770035 1.381485 -1.8077393
10.117813 2.2455597 -1.479248
9.334671 2.5264435 -0.9460449
8.7348175 2.343155 -0.48187256
8.465836 1.9551544 -0.4295044
8.461075 1.3124542 -0.62231445
8.603897 0.6459503 -1.1817017
8.827652 -0.15623474 -1.7077637
9.096634 -0.9346161 -2.3076172
9.177567 -1.5796967 -2.8812866
9.00618 -2.0081635 -3.319275
8.444412 -2.3556976 -3.2526245
7.782669 -2.5865936 -2.8598633
7.2137604 -2.7508392 -2.3599854
6.818619 -3.0412445 -2.0457764
6.5996246 -3.3221283 -1.857727
6.6234283 -3.5435028 -1.7220459
6.723404 -3.493515 -1.6982422
6.8995514 -3.0031586 -2.088623
7.192337 -3.172165 -2.331421
7.5422516 -3.191208 -2.5361328
7.827896 -3.6101532 -2.6004028
8.087357 -4.0219574 -1.9886475
8.023087 -3.3054657 -1.498291
8.251602 -2.0533905 -0.7270508
8.851456 -0.27763367 -0.15100098
9.244217 0.8435211 0.39886475
9.158524 0.4340973 1.1248779
9.306107 0.04371643 1.1724854
10.015457 0.18891907 0.48931885
10.958084 0.03895569 0.25842285
11.472244 -0.3419037 0.115600586
11.626968 -0.79655457 -0.0034179688
11.517471 -1.3607025 0.1227417
11.522232 -1.8439178 0.19891357
11.576981 -2.1985931 0.13464355
11.755508 -2.596115 -0.05340576
12.010208 -2.9246063 -0.26049805
12.169693 -3.1769257 -0.5437622
12.200638 -3.3697357 -0.88653564
12.207779 -3.448288 -1.0460205
12.067337 -3.467331 -0.95080566
12.155411 -3.436386 -0.2319336
12.093521 -3.1697845 0.40124512
11.857864 -3.095993 0.82733154
11.598404 -3.2150116 1.3462524
11.353226 -3.3173676 1.7437744
11.248489 -3.4625702 2.1055908
11.150894 -3.583969 2.3388672
11.06044 -4.076706 2.7244873
10.967606 -4.5861053 2.645935
11.129471 -4.995529 2.453125
11.460342 -5.3240204 2.0865479
11.95546 -5.5882416 1.84375
12.257767 -5.6263275 1.510498
12.388687 -5.750107 1.3771973
12.369644 -6.040512 1.5557251
12.038773 -6.278549 1.7390137
11.5698395 -6.3190155 1.9603882
11.165176 -6.199997 2.0913086
10.879532 -5.911972 2.5221558
10.555801 -5.5620575 2.748291
10.520096 -5.200241 3.0006104
10.9319 -5.007431 3.0482178
11.529373 -4.9645844 2.9863281
12.236343 -5.12883 2.9006348
12.7695465 -5.307358 2.8268433
13.093277 -5.378769 2.7387695
12.926651 -5.5358734 2.8101807
12.169693 -5.4930267 2.7697144
11.417496 -5.3763885 2.600708
11.034256 -5.140732 2.241272
11.1866 -4.80986 2.0532227
11.369888 -4.640854 1.8770752
11.293716 -4.417099 1.8270874
11.167557 -4.2266693 1.7770996
10.991409 -4.076706 1.8009033
10.965225 -3.8886566 1.6414185
11.134232 -3.7291718 1.3938599
11.343704 -3.6101532 1.1201172
11.534134 -3.6363373 0.7987671
11.641251 -3.7101288 0.6321411
11.807877 -3.7077484 0.34887695
12.010208 -3.641098 0.06323242
12.15303 -3.5077972 -0.103393555
12.2434845 -3.2792816 -0.362854
12.262527 -3.107895 -0.5342407
12.272049 -3.0555267 -0.5866089
12.200638 -2.9888763 -0.7032471
12.069717 -3.0198212 -0.80322266
11.984024 -2.9507904 -0.89367676
11.884048 -2.8627167 -0.96032715
11.786453 -2.7413177 -1.0245972
11.743607 -2.5770721 -0.9960327
11.63887 -2.448532 -0.9293823
11.472244 -2.4390106 -1.119812
11.336563 -2.3414154 -1.369751
11.210403 -2.255722 -1.3721313
11.048538 -2.1581268 -1.5601807
10.80098 -2.1605072 -1.6125488
10.48201 -2.1224213 -1.7458496
10.193985 -2.0724335 -1.7910767
9.998795 -2.0010223 -1.8482056
9.8702545 -1.9819794 -1.8363037
9.744095 -2.0081635 -1.9505615
9.672684 -2.070053 -1.960083
9.58223 -2.070053 -1.9124756
9.577469 -2.172409 -1.7720337
9.548904 -2.2438202 -1.8815308
9.515579 -2.2581024 -1.895813
9.467972 -2.127182 -2.0124512
9.489395 -1.896286 -1.9053345
9.337051 -1.7606049 -1.7886963
9.125198 -1.6606293 -1.6720581
8.934769 -1.5273285 -1.7458496
8.765762 -1.4106903 -1.8339233
8.422989 -1.324997 -1.8553467
7.968338 -1.2488251 -1.729187
7.4517975 -1.1869354 -1.5458984
7.0852203 -1.0798187 -1.4030762
6.987625 -1.0226898 -1.2126465
7.173294 -1.0441132 -0.9412842
7.2589874 -1.0917206 -0.88653564
7.3542023 -1.184555 -0.9817505
7.5279694 -1.3392792 -0.91033936
7.654129 -1.4868622 -0.7270508
7.582718 -1.8296356 -0.4628296
7.237564 -2.1866913 -0.13671875
6.930496 -2.634201 0.16320801
6.730545 -2.8698578 0.3774414
6.787674 -2.9436493 0.56073
7.0399933 -2.876999 0.71069336
7.320877 -2.8603363 0.8249512
7.544632 -2.812729 0.79400635
7.8374176 -2.8912811 0.88446045
8.094498 -3.0031586 0.75354004
8.627701 -2.922226 0.57025146
9.32515 -2.679428 0.68688965
10.22731 -2.2723846 0.8487549
10.984268 -1.9462738 1.0986938
11.719803 -1.8272552 1.1843872
12.510086 -1.7915497 1.2105713
13.312271 -2.1057587 1.1986694
13.874039 -2.550888 1.1391602
14.326309 -3.0864716 0.9963379
14.362015 -3.5173187 0.83447266
14.107315 -3.6696625 0.8059082
13.788345 -3.7006073 0.67736816
13.393204 -3.6649017 0.74401855
12.905228 -3.5054169 0.7963867
12.450577 -3.3959198 0.9225464
12.060196 -3.4125824 1.234375
11.707901 -3.4340057 1.4962158
11.534134 -3.4530487 1.6676025
11.365128 -3.4435272 1.798523
11.312759 -3.3149872 1.8984985
11.327042 -3.1388397 1.8580322
11.4032135 -3.0817108 1.7509155
11.462723 -3.2602386 1.6295166
11.526993 -3.1864471 1.6437988
11.603165 -3.217392 1.5438232
11.657913 -3.2102509 1.3914795
11.591263 -3.2530975 1.1986694
11.462723 -3.236435 1.1748657
11.208023 -3.107895 1.1677246
10.903336 -2.9460297 1.2962646
10.627213 -2.857956 1.3605347
10.396317 -2.7389374 1.336731
10.303482 -2.7032318 1.3795776
10.172562 -2.7794037 1.3105469
10.065445 -2.8912811 1.3510132
10.086868 -2.960312 1.4248047
10.193985 -3.1864471 1.4724121
10.229691 -3.3959198 1.4724121
10.22493 -3.595871 1.5200195
10.2677765 -3.5649261 1.567627
10.22493 -3.576828 1.5462036
10.429642 -3.6910858 1.4152832
11.022354 -3.9029388 1.401001
11.964981 -4.1005096 1.1843872
13.0004425 -4.2861786 1.1034546
13.838333 -4.398056 1.2391357
14.300125 -4.578964 1.3867188
14.216812 -4.859848 1.7318726
13.481277 -5.109787 1.97229
12.526749 -5.0621796 2.1508179
11.667435 -4.93602 2.0413208
11.055679 -4.705124 1.9151611
10.598648 -4.4647064 1.8699341
10.16066 -4.257614 1.9389648
9.84169 -3.9576874 1.9104004
9.636978 -3.743454 1.9675293
9.667923 -3.576828 2.0056152
10.010696 -3.6625214 1.8389893
10.315384 -3.762497 1.8342285
10.617691 -3.8386688 1.6652222
10.905716 -3.9910126 1.3605347
11.181839 -4.0219574 1.0534668
11.441299 -4.110031 0.71069336
11.691238 -3.9719696 0.41314697
11.888809 -3.7577362 0.2631836
11.907852 -3.6315765 0.05609131
11.924515 -3.5720673 0.06323242
11.838821 -3.3292694 0.10369873
11.686478 -3.2197723 0.12036133
11.479385 -2.9960175 0.06085205
11.291336 -2.876999 -0.07720947
11.129471 -2.800827 -0.22241211
11.034256 -2.7389374 -0.33428955
11.05806 -2.6960907 -0.4033203
11.096146 -2.6365814 -0.45568848
11.165176 -2.6484833 -0.56518555
11.224686 -2.6508636 -0.64849854
11.25087 -2.6627655 -0.907959
11.184219 -2.5389862 -1.1174316
11.12233 -2.3818817 -1.3150024
11.034256 -2.300949 -1.517334
10.86763 -2.229538 -1.6220703
10.748611 -2.2057343 -1.6411133
10.61055 -2.108139 -1.6672974
10.679581 -2.0962372 -1.6244507
10.658157 -2.1057587 -1.8172607
10.581985 -2.070053 -1.8672485
10.365372 -2.0605316 -1.8505859
10.065445 -2.036728 -1.9624634
9.817886 -2.1152802 -1.9434204
9.744095 -2.1414642 -1.8648682
9.594131 -2.2152557 -1.9219971
9.434647 -2.377121 -1.8267822
9.1966095 -2.4056854 -1.7363281
8.94429 -2.3914032 -1.729187
8.718155 -2.3890228 -1.6339722
8.337296 -2.3176117 -1.5792236
7.858841 -2.2533417 -1.4411621
7.392288 -2.2533417 -0.99365234
6.9590607 -2.217636 -0.6675415
6.9447784 -2.229538 -0.46520996
7.204239 -2.3342743 -0.22717285
7.389908 -2.3628387 -0.13195801
7.5470123 -2.3485565 -0.22003174
7.873123 -2.331894 -0.22955322
8.077835 -2.3247528 -0.21765137
8.17067 -2.3795013 -0.33190918
7.9588165 -2.4699554 -0.06768799
7.4851227 -2.6437225 0.20367432
7.0852203 -2.7436981 0.57025146
6.8352814 -2.7770233 0.98205566
6.7329254 -2.922226 1.1867676
6.7329254 -2.9769745 1.2653198
6.832901 -2.9960175 1.3700562
6.973343 -3.0007782 1.2867432
7.1518707 -2.9388885 1.3605347
7.3875275 -2.8365326 1.3962402
7.8183746 -2.7770233 1.5200195
8.323013 -2.5984955 1.7056885
8.9657135 -2.5675507 1.8865967
9.489395 -2.5461273 1.9104004
10.020218 -2.634201 1.8556519
10.48439 -2.7508392 1.6390381
10.908096 -2.9269867 1.3105469
11.248489 -2.9436493 0.88446045
11.481766 -3.0150604 0.55358887
11.63649 -3.1364594 0.2631836
11.662674 -3.2792816 0.046569824
11.555557 -3.1436005 -0.10101318
11.51033 -2.9626923 -0.26763916
11.474625 -2.9793549 -0.2723999
11.5507965 -3.0007782 -0.07720947
11.546036 -3.1555023 0.08227539
11.605545 -3.3530731 0.032287598
11.605545 -3.4601898 -0.06768799
11.665054 -3.5030365 -0.18432617
11.776932 -3.4578094 -0.35095215
11.845963 -3.4601898 -0.23669434
11.760269 -3.5220795 -0.17718506
11.612686 -3.6506195 0.06323242
11.462723 -3.7077484 0.35125732
11.291336 -3.7006073 0.40838623
11.143753 -3.769638 0.42266846
10.912857 -3.78154 0.4607544
10.603409 -3.7315521 0.5155029
10.370132 -3.8434296 0.68688965
10.255875 -3.9076996 0.7249756
10.1844635 -3.9862518 0.8796997
10.327286 -4.0433807 0.9701538
10.477249 -4.129074 1.1534424
10.579605 -4.160019 1.1772461
10.67482 -4.140976 1.0106201
10.836685 -4.090988 0.7963867
10.981888 -4.140976 0.7583008
11.296097 -4.1266937 0.69403076
11.538895 -4.1838226 0.62976074
11.741226 -4.3099823 0.8225708
11.695999 -4.5932465 0.94158936
11.529373 -4.8384247 1.0249023
11.688858 -5.0955048 1.0986938
11.95784 -5.3121185 1.2034302
12.302994 -5.5501556 1.0891724
12.60054 -5.9786224 0.89160156
13.124222 -6.5689545 0.81066895
13.636002 -7.175949 0.7249756
13.874039 -7.497299 0.7630615
13.393204 -7.4425507 0.67974854
12.479141 -6.9736176 0.3869629
11.417496 -6.1262054 0.13226318
10.477249 -5.2978363 -0.017700195
10.063065 -4.6908417 -0.084350586
10.193985 -4.3171234 -0.041503906
10.886673 -4.148117 -0.02960205
11.605545 -4.0552826 -0.09863281
12.014969 -3.8553314 -0.362854
11.988785 -3.5458832 -0.5866089
11.810257 -3.243576 -0.73895264
11.70314 -3.0174408 -0.78656006
11.662674 -2.812729 -0.86273193
11.738846 -2.781784 -0.8817749
11.665054 -2.6818085 -0.9579468
11.646011 -2.7032318 -0.80322266
11.541275 -2.7341766 -0.5509033
11.538895 -2.646103 -0.446167
11.396072 -2.524704 -0.5175781
11.307999 -2.422348 -0.66516113
11.262772 -2.274765 -0.8722534
11.212784 -2.1890717 -1.0079346
11.162796 -2.1152802 -0.9960327
11.067581 -1.9700775 -0.7889404
10.948563 -1.9486542 -0.79608154
10.831924 -1.9534149 -0.84368896
10.774796 -1.9581757 -1.0388794
10.67482 -1.8891449 -1.1507568
10.512955 -1.8272552 -1.1983643
10.236832 -1.9177094 -1.2055054
10.022598 -2.0462494 -1.0436401
10.070206 -2.0391083 -0.6604004
10.110672 -2.0938568 -0.60565186
10.22731 -2.1795502 -0.7889404
10.346329 -2.0462494 -0.7984619
10.1201935 -1.9177094 -0.8960571
9.706009 -1.7439423 -0.74609375
9.275162 -1.832016 -0.59375
8.9657135 -2.0771942 -0.27001953
8.727676 -2.3104706 0.09655762
8.570572 -2.3414154 0.17749023
8.463455 -2.403305 -0.02722168
8.5229645 -2.4080658 -0.25097656
8.849075 -2.358078 -0.35333252
9.127579 -2.3604584 -0.36999512
9.401321 -2.5389862 -0.4866333
9.636978 -2.8627167 -0.48901367
9.71553 -3.115036 -0.6746826
9.696487 -3.2745209 -0.8317871
9.544144 -3.436386 -0.8817749
9.253738 -3.4958954 -1.2554932
9.07283 -3.4173431 -1.4435425
9.408463 -3.3292694 -1.4816284
9.8892975 -3.2864227 -1.5149536
10.09639 -3.255478 -1.6530151
10.208267 -2.9531708 -1.7458496
10.570084 -2.1414642 -1.8363037
10.7938385 -1.1440887 -1.6982422
10.808121 -0.30143738 -1.3649902
10.474869 0.031814575 -0.824646
9.825027 -0.35380554 0.048950195
8.808609 -1.1750336 0.57263184
7.570816 -2.0129242 0.86779785
6.4115753 -2.6556244 0.79400635
5.4046783 -2.7603607 0.4345703
4.8405304 -2.5032806 0.072753906
4.600113 -2.1486053 -0.1819458
4.683426 -1.8843842 -0.11529541
5.088089 -1.582077 -0.18908691
5.723648 -1.5344696 -0.32000732
6.5615387 -1.4892426 -0.40570068
7.4398956 -1.6058807 -0.40093994
8.232559 -1.6891937 -0.43426514
8.920486 -1.7439423 -0.5842285
9.318008 -1.8153534 -0.63897705
9.553665 -1.9748383 -0.81274414
9.767899 -2.0605316 -1.0269775
10.065445 -2.1628876 -1.1650391
10.474869 -2.248581 -1.4483032
10.927139 -2.1795502 -1.5554199
11.248489 -2.248581 -1.6434937
11.388931 -2.2271576 -1.6887207
11.367508 -2.2842865 -1.5506592
11.31514 -2.384262 -1.434021
11.279434 -2.4175873 -1.3935547
11.310379 -2.4342499 -1.2459717
11.3199005 -2.4294891 -1.1221924
11.31752 -2.4651947 -1.036499
Time Stop = 1457235327
