Time Start = 1457237742
0.3440094 1.9932404 7.5756836
0.30592346 2.112259 7.7613525
0.15119934 2.240799 7.8494263
0.2940216 2.1313019 7.630432
0.19880676 2.5026398 6.852051
-0.022567749 2.293167 6.4926147
0.02027893 2.4431305 6.07605
-0.09635925 2.4288483 5.711853
-0.13682556 2.3740997 5.300049
-0.32963562 2.195572 4.9001465
-0.5557709 1.8908844 4.376465
-0.8675995 1.5671539 3.864685
-1.365097 1.3910065 3.4266968
-1.8983002 1.048233 3.1767578
-2.4386444 0.48408508 2.5650024
-2.9694672 -0.35380554 2.0413208
-3.4788666 -1.6534882 1.2272339
-3.9573212 -2.441391 0.9772949
-4.6857147 -2.9150848 0.91778564
-5.4783783 -2.9460297 1.0891724
-6.335312 -2.7032318 1.189148
-7.311264 -2.524704 1.336731
-8.589523 -2.3890228 1.3343506
-9.934433 -2.153366 1.0725098
-11.45549 -2.0391083 0.8154297
-13.014633 -1.9081879 0.96777344
-14.745163 -1.9843597 0.99157715
-16.632797 -2.0962372 0.6726074
-18.613266 -2.6413422 0.64404297
-19.671936 -3.024582 0.53930664
-19.671936 -3.1935883 0.13226318
-19.671936 -3.769638 -0.5699463
-19.671936 -4.1314545 -1.1888428
-19.671936 -5.352585 -0.48901367
-19.671936 -5.5811005 -0.6699219
-19.671936 -6.02861 -0.024841309
-19.671936 -6.3951874 0.63690186
-19.671936 -6.7736664 1.5604858
-19.671936 -6.123825 1.2081909
-19.40355 -5.5501556 0.8320923
-17.177902 -5.014572 0.34887695
-15.30217 -4.2338104 -0.9817505
-14.121506 -3.4054413 -1.8434448
-14.033432 -2.94841 -2.395691
-14.583298 -2.2438202 -2.0457764
-15.404526 -2.1057587 -1.4602051
-16.13292 -2.6008759 -1.0650635
-16.275742 -2.8793793 -1.1531372
-15.980576 -3.1436005 -1.2459717
-15.447372 -3.3744965 -1.4554443
-14.768967 -3.467331 -1.7410889
-14.095322 -3.6529999 -1.960083
-13.666855 -4.152878 -1.979126
-13.307419 -4.61705 -2.1957397
-12.819443 -5.00029 -2.1743164
-12.267197 -4.9669647 -1.960083
-11.786362 -4.8955536 -1.8934326
-11.503098 -4.8836517 -1.68396
-11.176987 -4.8050995 -1.4959106
-10.87468 -4.840805 -1.3602295
-10.508102 -4.8693695 -1.4292603
-10.17247 -4.943161 -1.517334
-9.993942 -5.012192 -1.5744629
-9.805893 -4.924118 -1.6815796
-9.608322 -4.7479706 -1.8267822
-9.184616 -4.705124 -1.7577515
-8.689499 -4.7717743 -1.5911255
-8.451462 -4.9264984 -1.4602051
-8.334824 -5.12883 -1.3483276
-8.425278 -5.276413 -1.2388306
-8.613327 -5.443039 -1.0769653
-9.027512 -5.481125 -1.0412598
-9.565475 -5.4644623 -1.0293579
-10.101059 -5.4644623 -1.0769653
-10.36528 -5.5930023 -0.8817749
-10.327194 -6.052414 -0.4699707
-10.148666 -6.821274 0.022766113
-10.308151 -7.792465 0.33221436
-10.560471 -8.568466 0.2798462
-10.631882 -9.027878 -0.00579834
-10.448593 -9.027878 -0.3057251
-10.274826 -8.84935 -0.6937256
-10.331955 -8.197128 -1.1055298
-10.762802 -7.5044403 -1.3435669
-11.543564 -6.737961 -1.6506348
-12.619492 -5.981003 -1.8934326
-13.621628 -5.32164 -2.0338745
-14.464279 -4.788437 -2.036255
-15.040329 -4.4599457 -1.9172363
-15.36882 -4.1171722 -1.9529419
-15.568771 -3.633957 -1.6696777
-15.659225 -3.1007538 -1.1793213
-15.718735 -2.6413422 -0.5461426
-15.847275 -2.248581 0.032287598
-15.75444 -2.017685 0.59643555
-15.590195 -1.8296356 1.4152832
-15.30217 -1.5677948 2.2127075
-14.971298 -1.2916718 2.8649292
-14.738022 -1.0583954 3.4505005
-14.668991 -0.8370209 3.7694702
-14.592819 -0.6632538 4.017029
-14.523788 -0.6204071 4.0598755
-14.380966 -0.63230896 3.864685
-14.423813 -0.78227234 3.671875
-14.507126 -1.0488739 3.3481445
-14.611862 -1.2274017 3.081543
-14.7165985 -1.4178314 3.055359
-14.890366 -1.5725555 2.824463
-15.016525 -1.7415619 2.510254
-15.061752 -2.0105438 2.1079712
-15.076035 -2.3818817 1.6104736
-15.064133 -2.7722626 1.0344238
-14.923691 -3.095993 0.37268066
-14.628525 -3.3768768 -0.08673096
-14.109604 -3.5792084 -0.48187256
-13.474045 -3.6458588 -0.6437378
-12.840866 -3.7029877 -0.3723755
-12.431442 -3.6172943 0.06323242
-12.340988 -3.4125824 0.3036499
-12.443344 -3.0840912 0.5345459
-12.452866 -2.6841888 0.5250244
-12.174362 -2.3271332 0.48693848
-11.560226 -2.2057343 0.5083618
-10.841354 -2.312851 0.49645996
-10.205795 -2.6246796 0.4607544
-9.670212 -2.8079681 0.477417
-9.196518 -2.8912811 0.62023926
-8.851364 -2.7484589 0.81781006
-8.549057 -2.5151825 1.0844116
-8.24675 -2.248581 1.1748657
-7.8587494 -2.1033783 1.3224487
-7.323166 -2.0105438 1.1677246
-6.754257 -2.0319672 1.2177124
-6.3329315 -2.1105194 1.298645
-6.0306244 -2.2390594 1.3581543
-6.00206 -2.403305 1.4938354
-6.013962 -2.6246796 1.6723633
-6.078232 -2.7794037 1.7318726
-6.232956 -2.9841156 1.7961426
-6.328171 -3.1174164 1.7342529
-6.432907 -3.2911835 1.7842407
-6.478134 -3.3625946 1.77948
-6.547165 -3.345932 1.798523
-6.6209564 -3.3316498 1.9532471
-6.8732758 -3.338791 1.9746704
-7.149399 -3.2649994 1.9937134
-7.3350677 -3.224533 1.8461304
-7.4040985 -3.2578583 1.6937866
-7.446945 -3.243576 1.5581055
-7.401718 -3.2316742 1.446228
-7.4040985 -3.326889 1.2486572
-7.323166 -3.3483124 1.0629883
-7.4302826 -3.3625946 1.4057617
-7.682602 -3.2578583 2.0389404
-8.277695 -3.0531464 2.1984253
-8.772812 -2.6603851 2.203186
-9.2512665 -2.339035 1.8532715
-9.515488 -2.0319672 1.5200195
-9.7773285 -1.9915009 1.1486816
-10.179611 -2.1605072 0.65356445
-10.708054 -2.4556732 0.38458252
-11.315048 -2.7960663 0.25604248
-11.919662 -3.1316986 0.35125732
-12.536179 -3.1269379 0.5773926
-13.347885 -3.5339813 1.2367554
-14.14769 -4.283798 1.6104736
-14.288132 -4.583725 1.3700562
-14.426193 -4.436142 1.8556519
-14.945114 -4.4908905 2.5007324
-15.68541 -4.3242645 2.7363892
-16.351913 -4.450424 3.0767822
-16.794662 -4.693222 3.1339111
-16.83989 -5.078842 3.0982056
-16.699448 -5.4716034 3.1148682
-16.475693 -5.6644135 3.2148438
-16.26146 -5.669174 3.100586
-15.94249 -5.5739594 3.024414
-15.604477 -5.3264008 2.8363647
-15.499741 -5.124069 2.8006592
-15.937729 -5.0026703 2.7363892
-16.78038 -4.931259 2.8268433
-17.201706 -4.7265472 3.0339355
-16.77562 -4.4599457 3.2695923
-15.461655 -4.2338104 3.4814453
-13.809677 -4.0362396 3.5004883
-12.476669 -4.000534 3.274353
-11.460251 -4.0100555 2.9101563
-10.631882 -3.9196014 2.6102295
-10.101059 -3.9386444 2.324585
-9.858261 -3.9386444 2.0627441
-9.974899 -4.026718 1.7747192
-10.305771 -4.1385956 1.5319214
-10.705673 -4.2909393 1.2367554
-11.00798 -4.42424 1.003479
-11.191269 -4.5884857 0.8154297
-11.2269745 -4.519455 0.67736816
-11.07225 -4.3956757 0.5250244
-10.641403 -4.110031 0.5750122
-9.960617 -3.9719696 0.77734375
-9.329819 -3.7791595 1.1272583
-8.610947 -3.6244354 1.529541
-7.98967 -3.4411469 1.8389893
-7.3588715 -3.2911835 1.9246826
-6.8637543 -3.14122 2.0579834
-6.413864 -2.9960175 2.0722656
-6.161545 -2.7579803 2.1627197
-6.213913 -2.5009003 2.1484375
-6.4614716 -2.1700287 2.0770264
-6.728073 -1.8748627 1.8461304
-6.997055 -1.7344208 1.6057129
-7.280319 -1.7534637 1.3748169
-7.618332 -1.9248505 1.1677246
-8.0325165 -2.1486053 0.8535156
-8.468124 -2.384262 0.5678711
-8.927536 -2.5675507 0.4179077
-9.458359 -2.8103485 0.4036255
-10.039169 -2.9983978 0.3441162
-10.669968 -3.1055145 0.044189453
-11.06749 -3.1436005 -0.1652832
-11.055588 -3.1650238 -0.32000732
-10.781845 -3.2007294 -0.38189697
-10.377182 -3.2078705 -0.31762695
-10.129623 -3.3744965 -0.2819214
-10.212936 -3.493515 -0.2557373
-10.593796 -3.5482635 -0.22003174
-11.041306 -3.4816132 -0.12005615
-11.395981 -3.3245087 -0.022460938
-11.526901 -3.0650482 0.110839844
-11.479294 -2.9722137 0.19177246
-11.26506 -2.8984222 0.30126953
-11.074631 -2.922226 0.4345703
-11.186508 -3.0269623 0.5178833
-11.764938 -3.0222015 0.43218994
-12.538559 -3.024582 0.3131714
-13.305038 -2.993637 -0.020080566
-13.714462 -2.974594 -0.08673096
-13.450241 -2.8055878 -0.16052246
-12.752792 -2.581833 -0.060546875
-11.779221 -2.3176117 0.22509766
-11.062729 -2.2081146 0.5845337
-10.700912 -2.0748138 0.9154053
-10.736618 -2.0676727 1.2200928
-10.915146 -2.0652924 1.4081421
-11.243637 -2.0652924 1.6437988
-11.529282 -1.9653168 1.9699097
-11.755417 -1.8891449 2.3031616
-11.936325 -1.8034515 2.6078491
-11.893478 -1.7415619 2.7340088
-11.555466 -1.684433 2.710205
-10.991318 -1.5915985 2.6864014
-10.203415 -1.5249481 2.5269165
-9.301254 -1.47258 2.286499
-8.24675 -1.4511566 2.0698853
-7.2565155 -1.5535126 1.8984985
-6.440048 -1.6058807 1.8009033
-5.849716 -1.6368256 1.7033081
-5.4736176 -1.6677704 1.7247314
-5.392685 -1.7177582 1.8009033
-5.509323 -1.5511322 1.5747681
-5.7235565 -1.5773163 1.9318237
-6.035385 -2.070053 1.4486084
-6.078232 -1.4321136 1.862793
-6.668564 -2.774643 1.3034058
-7.080368 -4.026718 1.0249023
-6.96611 -4.110031 3.036316
-7.1279755 -3.743454 3.7504272
-7.4826508 -3.2316742 3.350525
-7.8849335 -3.5554047 2.9387207
-8.422897 -4.4837494 2.6816406
-8.839462 -5.012192 1.9199219
-8.975143 -4.993149 1.465271
-9.051315 -4.526596 1.4343262
-9.160812 -3.8767548 1.5747681
-9.384567 -3.4911346 1.8413696
-9.755905 -3.4625702 2.0198975
-10.224838 -3.6101532 2.0960693
-10.865158 -3.8220062 2.1365356
-11.553085 -3.8196259 2.2436523
-12.424301 -3.7077484 2.2103271
-13.262192 -3.4697113 2.0984497
-14.007248 -3.224533 2.074646
-14.564255 -3.2078705 1.9508667
-14.592819 -3.3221283 1.9580078
-14.0239105 -3.622055 1.9246826
-13.321701 -3.917221 1.9532471
-13.109848 -4.262375 1.8865967
-13.1884 -4.402817 1.9175415
-13.271713 -4.379013 2.1722412
-12.943222 -4.1243134 2.388855
-12.636154 -3.7125092 2.5078735
-12.640915 -3.4244843 2.6554565
-12.964645 -3.236435 2.6292725
-13.224106 -3.0626678 2.4126587
-13.359787 -2.9769745 1.9960938
-13.262192 -3.050766 1.5914307
-13.064621 -3.2316742 1.2415161
-12.859909 -3.4197235 0.9701538
-12.767075 -3.5554047 0.5654907
-12.812302 -3.686325 0.2536621
-13.05748 -3.7029877 0.05847168
-13.174118 -3.6815643 0.041809082
-13.021774 -3.5911102 0.072753906
-12.550461 -3.4197235 0.2703247
-11.793503 -3.2007294 0.44171143
-10.919907 -3.0222015 0.69641113
-10.11058 -2.857956 0.9606323
-9.382187 -2.7675018 1.2367554
-8.729965 -2.800827 1.4390869
-8.122971 -2.8436737 1.6366577
-7.573105 -2.9174652 1.6176147
-7.175583 -3.0007782 1.7366333
-6.7994843 -2.9198456 1.7723389
-6.5114594 -2.8317719 1.71521
-6.406723 -2.6246796 1.5866699
-6.3591156 -2.3795013 1.3938599
-6.368637 -2.1319427 1.2105713
-6.356735 -2.0914764 0.939209
-6.2758026 -2.127182 0.7583008
-6.1996307 -2.2771454 0.44647217
-6.1972504 -2.3795013 0.25128174
-6.342453 -2.5009003 0.21795654
-6.4733734 -2.5842133 0.22509766
-6.7114105 -2.6841888 0.13702393
-6.8732758 -2.717514 0.12750244
-7.151779 -2.793686 0.12512207
-7.3707733 -2.8698578 0.10369873
-7.561203 -2.9531708 0.13226318
-7.773056 -3.01268 0.094177246
-8.05394 -3.1245575 0.08227539
-8.325302 -3.1840668 0.072753906
-8.782333 -3.243576 0.113220215
-9.291733 -3.3411713 -0.036743164
-9.867783 -3.4459076 -0.09625244
-10.5985565 -3.5268402 -0.2962036
-11.372177 -3.512558 -0.31524658
-11.869675 -3.3863983 -0.35809326
-11.995834 -3.2697601 -0.27716064
-11.6887665 -3.1888275 -0.08911133
-11.053207 -3.1674042 0.23937988
-10.853256 -3.2031097 0.3441162
-11.300766 -3.2150116 0.26080322
-11.864914 -3.2530975 0.16082764
-12.119614 -3.3126068 0.26556396
-12.007736 -3.2721405 0.38458252
-11.991074 -3.2007294 0.4274292
-12.217209 -3.1436005 0.27746582
-12.438583 -3.14122 0.19415283
-12.271957 -3.3030853 0.28936768
-11.869675 -3.474472 0.5107422
-11.567368 -3.5458832 0.75354004
-11.591171 -3.455429 1.0130005
-11.914902 -3.3602142 1.3248291
-12.369553 -3.236435 1.6699829
-12.743271 -3.1174164 2.03656
-12.933701 -2.9246063 2.267456
-12.936081 -2.7436981 2.4483643
-12.631393 -2.6008759 2.7340088
-11.981552 -2.2985687 2.7459106
-11.1436615 -2.0414886 2.710205
-10.189133 -1.8939056 2.6554565
-9.151291 -1.6558685 2.574524
-8.072983 -1.5273285 2.574524
-7.1208344 -1.5011444 2.5769043
-6.4019623 -1.4940033 2.574524
-5.8330536 -1.498764 2.4840698
-5.528366 -1.5987396 2.2888794
-5.368881 -1.6392059 2.388855
-5.347458 -1.5796967 2.9053955
-5.406967 -1.3797455 3.6480713
-5.535507 -1.1274261 3.736145
-5.740219 -1.4083099 3.467163
-5.978256 -2.0652924 3.2576904
-6.228195 -2.550888 2.7268677
-6.4424286 -3.0079193 1.9532471
-6.759018 -3.4982758 1.3129272
-7.1089325 -3.9886322 1.0558472
-7.427902 -4.2957 0.90112305
-7.86351 -4.5813446 0.9154053
-8.158676 -4.557541 1.0939331
-8.484787 -4.4075775 1.3510132
-8.8537445 -4.224289 1.7033081
-9.365524 -3.9576874 2.055603
-9.970139 -3.8101044 2.286499
-10.738998 -3.660141 2.6697388
-11.481674 -3.4720917 2.7649536
-12.057724 -3.4054413 2.8720703
-12.488571 -3.448288 2.7768555
-12.9075165 -3.531601 2.7768555
-13.421677 -3.7006073 2.6483154
-13.873947 -3.8934174 2.581665
-14.102463 -3.9672089 2.4578857
-14.238144 -3.9529266 2.3864746
-14.685654 -3.9338837 2.1793823
-15.428329 -3.8029633 2.138916
-16.092453 -3.7291718 2.138916
-16.13292 -3.6482391 2.3555298
-15.55925 -3.6387177 2.5888062
-14.697556 -3.6363373 2.6792603
-13.681137 -3.6268158 2.5840454
-12.812302 -3.705368 2.2698364
-12.202927 -3.6649017 1.90802
-11.881577 -3.531601 1.4152832
-11.914902 -3.4316254 1.0010986
-12.255295 -3.3506927 0.6488037
-12.564743 -3.2721405 0.47265625
-12.8051605 -3.2007294 0.4607544
-12.99321 -3.1483612 0.36791992
-12.962265 -3.1245575 0.46313477
-12.652817 -3.01268 0.5916748
-12.079147 -2.9269867 0.84399414
-11.355515 -2.8508148 1.0249023
-10.453354 -2.8032074 1.1605835
-9.570236 -2.7056122 1.401001
-8.725204 -2.679428 1.5771484
-7.8278046 -2.634201 1.7747192
-7.0375214 -2.596115 1.9818115
-6.3662567 -2.5294647 2.0079956
-5.952072 -2.4247284 1.991333
-5.7735443 -2.3914032 1.9104004
-5.9092255 -2.2200165 1.71521
-6.228195 -2.108139 1.4533691
-6.5305023 -2.0105438 1.1558228
-6.83519 -1.9748383 0.9725342
-6.978012 -2.062912 0.8130493
-7.0256195 -2.2271576 0.62023926
-7.1017914 -2.2890472 0.39886475
-7.1208344 -2.4651947 0.33459473
-7.182724 -2.5794525 0.20129395
-7.2303314 -2.6580048 0.10845947
-7.1993866 -2.7651215 0.14178467
-7.1732025 -2.8865204 0.22747803
-7.163681 -2.9698334 0.24176025
-7.1922455 -3.0793304 0.37982178
-7.163681 -3.1269379 0.394104
-7.137497 -3.1674042 0.49884033
-7.106552 -3.262619 0.4274292
-7.1208344 -3.2150116 0.48931885
-7.254135 -3.2507172 0.53692627
-7.523117 -3.281662 0.57025146
-7.8777924 -3.3364105 0.5345459
-8.330063 -3.4006805 0.5274048
-8.813278 -3.4649506 0.5012207
-9.356003 -3.3887787 0.4607544
-9.827316 -3.422104 0.47503662
-10.281967 -3.3578339 0.5916748
-10.774704 -3.3673553 0.60595703
-11.443588 -3.4149628 0.57977295
-12.436203 -3.3435516 0.5178833
-13.490707 -3.3768768 0.25128174
-14.195297 -3.4792328 -0.036743164
-14.264328 -3.5649261 -0.21289063
-13.723984 -3.5744476 -0.11291504
-13.038437 -3.5435028 -0.034362793
-12.429062 -3.448288 0.3441162
-12.148178 -3.3554535 0.84161377
-12.141037 -3.191208 1.1415405
-12.455246 -3.0650482 1.5771484
-12.859909 -3.0222015 1.946106
-13.178879 -2.9698334 2.3650513
-13.1193695 -2.929367 2.691162
-12.905136 -2.857956 2.9577637
-12.526657 -2.6127777 3.2434082
-12.024399 -2.1414642 3.6361694
-11.231735 -1.517807 3.9337158
-10.277206 -0.70848083 3.940857
-9.096542 -0.030075073 3.8694458
-7.965866 0.30793762 3.819458
-6.894699 0.33650208 3.7028198
-6.125839 0.074661255 3.652832
-5.8211517 -0.41807556 3.6813965
-5.816391 -0.9655609 3.7504272
-5.9401703 -1.5320892 3.812317
-6.0258636 -1.9034271 3.9503784
-6.137741 -1.8177338 3.4005127
-6.1663055 -2.7865448 2.6030884
-6.213913 -2.8365326 4.0408325
-6.504318 -2.5151825 4.4264526
-6.83757 -2.736557 3.202942
-6.944687 -3.4625702 1.9794312
-6.989914 -4.057663 0.8820801
-7.216049 -4.4575653 0.37982178
-7.6040497 -4.474228 0.66070557
-8.020615 -3.9695892 1.2010498
-8.44194 -3.364975 1.8056641
-8.772812 -2.8698578 2.2888794
-9.010849 -2.6389618 2.6554565
-9.141769 -2.62706 2.6530762
-9.206039 -2.81987 2.793518
-9.258408 -2.922226 2.8649292
-9.391708 -2.9127045 3.0267944
-9.772568 -2.8746185 3.1148682
-10.284348 -2.8555756 3.0839233
-10.94133 -2.865097 3.0315552
-11.479294 -3.031723 2.895874
-11.993454 -3.2911835 2.664978
-12.581406 -3.569687 2.543579
-13.174118 -3.9386444 2.4697876
-13.662094 -4.217148 2.2555542
-14.192917 -4.4861298 2.119873
-14.85704 -4.6837006 1.8913574
Time Stop = 1457237747
