Time Start = 1457234102
-5.8259125 -1.3868866 8.446899
-5.975876 -1.7820282 7.956543
-5.237961 -1.5749359 7.544739
-4.226303 -1.0583954 7.5994873
-3.9858856 -0.60850525 7.4804688
-4.07872 -0.66563416 6.7235107
-4.4262543 -0.7180023 5.892761
-5.0046844 -0.7203827 5.250061
-5.4664764 -0.677536 4.6359253
-5.5759735 -0.53471375 4.0789185
-5.385544 -0.36332703 3.4171753
-4.9475555 -0.2823944 3.0006104
-4.442917 -0.20384216 2.6983032
-4.064438 -0.26097107 2.388855
-3.9358978 -0.45140076 2.10083
-4.0049286 -0.760849 1.8842163
-4.212021 -0.9441376 1.8199463
-4.3762665 -0.9488983 1.7033081
-4.5881195 -0.72276306 1.5366821
-4.730942 -0.9488983 0.81781006
-5.0546722 -1.9319916 0.96777344
-5.5807343 -3.557785 2.4959717
-6.2424774 -5.188339 4.5549927
-6.663803 -6.135727 5.1453247
-6.728073 -5.957199 4.493103
-7.0065765 -5.1954803 4.443115
-7.7563934 -4.383774 5.2524414
-8.330063 -3.4911346 4.7977905
-8.637131 -3.01268 3.3933716
-8.798996 -3.1364594 2.3103027
-9.27269 -3.6077728 1.7437744
-9.910629 -4.1576385 1.5200195
-10.455734 -4.9193573 1.6390381
-11.162704 -5.77153 2.3198242
-11.762558 -6.6475067 2.0389404
-12.588547 -7.7639008 1.5390625
-13.2859955 -8.751755 0.75115967
-13.70256 -9.318283 -0.32714844
-13.814438 -9.23735 -0.76989746
-13.859665 -8.520859 -0.907959
-13.942978 -8.004318 -0.80322266
-14.078659 -8.009079 -1.1031494
-14.40715 -8.482773 -1.5601807
-14.7999115 -9.323044 -1.8672485
-14.966537 -10.175217 -2.3433228
-14.942734 -10.927414 -2.6123047
-14.621384 -11.313034 -2.9812622
-14.045334 -11.374924 -3.2335815
-13.347885 -10.915512 -2.9503174
-12.688522 -9.999069 -2.864624
-12.026779 -9.149277 -2.64563
-11.4578705 -8.061447 -2.5194702
-10.972275 -7.0902557 -2.5337524
-10.724716 -6.47612 -2.2885742
-10.520004 -6.2166595 -2.164795
-10.503342 -6.335678 -1.9124756
-10.515244 -6.4356537 -1.7744141
-10.560471 -6.680832 -1.5078125
-10.631882 -6.9783783 -1.1174316
-10.543808 -7.225937 -0.7937012
-10.196274 -7.2997284 -0.6199341
-10.032028 -7.2092743 -0.5699463
-9.834457 -7.1331024 -0.67944336
-9.710678 -7.021225 -0.9127197
-9.889206 -6.930771 -1.1602783
-10.3867035 -6.790329 -1.395935
-11.015121 -6.783188 -1.626831
-11.743515 -6.7022552 -1.7982178
-12.381454 -6.654648 -1.9505615
-12.786118 -6.578476 -2.164795
-12.957504 -6.4475555 -2.3147583
-12.983688 -6.3380585 -2.2719116
-12.862289 -6.071457 -2.0838623
-12.709946 -5.6453705 -1.9196167
-12.626633 -5.2978363 -1.6482544
-12.550461 -5.0550385 -1.5435181
-12.450485 -4.9026947 -1.3840332
-12.357651 -4.8170013 -1.267395
-12.124374 -4.7551117 -1.305481
-11.805405 -4.7098846 -1.1769409
-11.514999 -4.6432343 -1.1245728
-11.250778 -4.6265717 -1.4554443
-11.241257 -4.905075 -1.5578003
-11.462631 -4.628952 -1.5673218
-11.736374 -4.371872 -1.0722046
-11.619736 -4.1195526 -0.61517334
-10.905624 -3.8434296 -0.46520996
-9.779709 -3.9219818 -0.2390747
-8.672836 -3.8815155 -0.22955322
-7.92778 -3.5744476 -0.22955322
-7.7635345 -2.7460785 -0.4199829
-8.208664 -1.4582977 -0.8841553
-9.129868 -0.10386658 -1.562561
-10.348618 1.4148102 -2.467102
-11.641159 2.6978302 -3.500183
-12.905136 3.3786163 -3.8191528
-13.852524 3.3881378 -3.583496
-13.847763 2.9049225 -3.5930176
-13.138412 2.3217316 -3.5549316
-12.229111 1.843277 -3.3502197
-11.431686 1.6980743 -3.012207
-10.793747 1.593338 -2.7456055
-10.339096 1.529068 -2.5218506
-9.986801 1.5623932 -2.3099976
-9.772568 1.7028351 -2.255249
-9.698776 1.7552032 -2.357605
-9.425034 1.5861969 -2.3409424
-9.087021 1.1410675 -2.2124023
-8.63475 0.6816559 -1.9434204
-8.208664 0.29127502 -1.767273
-7.792099 0.04371643 -1.6601563
-7.5016937 0.024673462 -1.664917
-7.292221 0.14607239 -1.7696533
-7.1041718 0.18891907 -1.8910522
-7.001816 0.16511536 -1.8458252
-6.9613495 0.19367981 -1.9077148
-6.9232635 0.12226868 -1.9719849
-6.978012 -0.08958435 -1.9291382
-7.0184784 -0.23716736 -1.9553223
-7.0946503 -0.41331482 -1.9053345
-7.235092 -0.6275482 -1.9291382
-7.363632 -0.844162 -1.9005737
-7.4874115 -1.120285 -1.8815308
-7.6683197 -1.3345184 -1.8696289
-7.8349457 -1.7177582 -1.8910522
-7.9158783 -2.1152802 -1.8791504
-8.158676 -2.6413422 -1.831543
-8.434799 -3.1935883 -1.6934814
-8.753769 -3.6172943 -1.7553711
-9.037033 -3.91008 -1.7982178
-9.33696 -4.0338593 -1.6530151
-9.565475 -4.007675 -1.5982666
-9.815414 -3.8743744 -1.5125732
-9.993942 -3.7339325 -1.562561
-10.265305 -3.622055 -1.5482788
-10.641403 -3.7077484 -1.4054565
-11.103195 -3.8101044 -1.2888184
-11.700668 -3.9005585 -1.3578491
-12.379074 -4.2980804 -0.78656006
-13.088425 -4.8622284 -0.081970215
-13.495468 -5.4025726 0.089416504
-13.640671 -5.816757 0.0013427734
-13.657333 -6.207138 -0.20336914
-13.481186 -6.2999725 -0.7246704
-13.2026825 -6.464218 -1.2602539
-13.078903 -6.6855927 -1.1936035
-12.8884735 -6.6855927 -1.0293579
-12.859909 -6.4523163 -0.9222412
-13.281235 -6.199997 -0.079589844
-14.066757 -6.066696 0.9439697
-14.573776 -5.9976654 1.2486572
-14.219101 -5.881027 0.7963867
-13.155075 -5.7429657 0.2869873
-11.691147 -5.4001923 -0.11767578
-10.101059 -4.852707 -0.4794922
-8.649033 -4.4194794 -0.61517334
-7.561203 -4.1457367 -0.5913696
-6.8470917 -4.0338593 -0.31524658
-6.7875824 -4.236191 -0.12957764
-7.3731537 -4.6527557 -0.25335693
-8.382431 -5.1764374 -0.72943115
-9.713058 -5.790573 -1.1102905
-11.115097 -6.2214203 -1.5078125
-12.198166 -6.2095184 -1.9743652
-12.755173 -5.8619843 -2.319519
-12.812302 -5.181198 -2.6194458
-12.507614 -4.367111 -2.7456055
-12.03392 -3.724411 -2.5980225
-11.58165 -3.2840424 -2.3171387
-11.038925 -3.1555023 -2.0576782
-10.467636 -3.2078705 -1.729187
-9.78447 -3.5149384 -1.4459229
-9.320297 -3.7291718 -1.2055054
-8.910873 -3.864853 -0.8389282
-8.691879 -3.7720184 -0.63897705
-8.627609 -3.5554047 -0.5128174
-8.6418915 -3.2673798 -0.5437622
-8.653793 -2.9912567 -0.86035156
-8.601425 -2.7913055 -1.1531372
-8.50145 -2.6556244 -1.3459473
-8.508591 -2.608017 -1.5578003
-8.57048 -2.6508636 -1.7910767
-8.749008 -2.7008514 -1.831543
-8.979904 -2.710373 -1.7791748
-9.213181 -2.646103 -1.9553223
-9.344101 -2.4937592 -2.088623
-9.427414 -2.4080658 -2.0219727
-9.358383 -2.3414154 -2.0314941
-9.239365 -2.3914032 -1.8815308
-9.139389 -2.4009247 -1.7434692
-9.063217 -2.4651947 -1.4721069
-9.075119 -2.5080414 -1.3554688
-9.215561 -2.524704 -1.2745361
-9.425034 -2.4556732 -1.395935
-9.65593 -2.3628387 -1.6530151
-9.91777 -2.2438202 -1.9886475
-10.277206 -2.0605316 -2.2243042
-10.608078 -1.8439178 -2.2671509
-10.998459 -1.6677704 -2.3718872
-11.272202 -1.415451 -2.4432983
-11.514999 -1.2654877 -2.5408936
-11.51738 -1.1155243 -2.6480103
-11.210312 -0.99650574 -2.6361084
-10.662827 -0.8989105 -2.4313965
-10.036789 -0.7703705 -2.0862427
-9.505966 -0.7870331 -1.6672974
-9.298874 -0.8489227 -0.9888916
-9.717819 -0.95365906 -0.81036377
-10.788986 -0.90367126 -1.6149292
-12.0672455 -0.9608002 -2.8027344
-12.495712 -1.1988373 -3.4073486
-11.431686 -1.5344696 -3.1621704
-9.3798065 -1.6963348 -2.486145
-7.504074 -1.7772675 -1.7910767
-6.1282196 -1.8486786 -0.9579468
-5.566452 -1.7582245 -0.5437622
-5.906845 -1.5106659 -0.5437622
-7.2826996 -1.3035736 -0.82702637
-9.5464325 -1.0655365 -1.2316895
-12.229111 -1.1298065 -1.9577026
-14.616623 -1.3535614 -2.6646729
-15.606857 -1.8224945 -2.826538
-15.309311 -2.3104706 -2.3671265
-14.347641 -2.5580292 -1.9529419
-13.345505 -2.5675507 -1.8910522
-12.452866 -2.312851 -1.8839111
-11.574509 -2.0081635 -2.0267334
-10.7651825 -1.7606049 -2.0410156
-10.012985 -1.7629852 -1.9053345
-9.279831 -1.8867645 -1.6339722
-8.594284 -2.0962372 -1.4602051
-8.134872 -2.3342743 -1.0698242
-7.856369 -2.5723114 -0.6604004
-7.694504 -2.81987 -0.42712402
-7.637375 -3.0793304 -0.14624023
-7.587387 -3.2316742 0.24176025
-7.511215 -3.3316498 0.44647217
-7.3517303 -3.372116 0.39886475
-7.1589203 -3.4340057 0.46313477
-6.9232635 -3.5482635 0.7059326
-6.7233124 -3.6768036 0.9296875
-6.6519012 -3.833908 1.1248779
-6.630478 -4.0148163 0.9154053
-6.728073 -4.200485 0.56073
-6.913742 -4.2957 -0.084350586
-7.144638 -4.2599945 -0.38189697
-7.632614 -4.1695404 -0.43902588
-8.108688 -4.110031 -0.30810547
-8.527634 -4.2147675 -0.18432617
-8.720444 -4.4766083 -0.02960205
-8.908493 -4.757492 0.12750244
-9.044174 -5.0217133 0.1060791
-9.134628 -5.1002655 -0.04864502
-9.291733 -5.0859833 -0.16290283
-9.670212 -5.014572 -0.3223877
-10.162949 -4.9455414 -0.6080322
-10.74614 -4.9193573 -0.7579956
-11.541183 -4.9026947 -0.8984375
-12.369553 -4.9217377 -0.8746338
-13.033676 -4.8360443 -1.2578735
-13.343124 -4.7170258 -1.5744629
-13.2669525 -4.4766083 -1.8482056
-12.936081 -4.0219574 -2.1148071
-12.848007 -3.6529999 -2.1362305
-13.259811 -3.519699 -1.9219971
-13.89299 -3.7743988 -1.5768433
-14.354782 -4.2957 -1.3673706
-13.983444 -4.833664 -1.2174072
-12.650436 -5.290695 -0.8912964
-10.858017 -5.51445 -0.5128174
-9.184616 -5.269272 -0.4128418
-7.996811 -4.8741302 -0.35095215
-7.3969574 -4.417099 -0.3890381
-7.599289 -4.0029144 -0.6365967
-8.734726 -3.8315277 -0.80322266
-10.3676605 -3.852951 -1.0841064
-12.105331 -3.9434052 -1.7125244
-13.485947 -4.0624237 -2.486145
-14.054855 -4.1076508 -2.928894
-14.004868 -3.9410248 -3.1645508
-13.550217 -3.7267914 -3.300232
-12.99321 -3.474472 -3.3859253
-12.486191 -3.3625946 -3.371643
-12.086288 -3.467331 -3.2764282
-11.631638 -3.7529755 -3.038391
-11.096054 -4.03862 -2.7908325
-10.453354 -4.3242645 -2.4075928
-9.872543 -4.493271 -1.8077393
-9.308395 -4.514694 -1.138855
-8.841843 -4.3694916 -0.7937012
-8.456223 -3.948166 -0.6104126
-8.196762 -3.3530731 -0.5509033
-8.05394 -2.6627655 -0.6604004
-7.784958 -2.100998 -0.94366455
-7.6088104 -1.6534882 -1.1174316
-7.41362 -1.3749847 -1.2840576
-7.3350677 -1.4416351 -1.2412109
-7.3850555 -1.7510834 -1.2459717
-7.568344 -2.0533905 -1.4816284
-7.7040253 -2.1581268 -1.7053833
-7.8135223 -2.081955 -1.8553467
-7.7040253 -1.8367767 -2.2028809
-7.5588226 -1.5392303 -2.7027588
-7.5254974 -1.5892181 -2.4694824
-7.677841 -1.9700775 -1.74823
-8.063461 -2.6008759 -1.2745361
-8.603806 -3.4459076 -0.69610596
-8.95134 -3.8553314 -0.47473145
-8.977524 -3.7839203 -0.677063
-8.832321 -3.2388153 -0.7651367
-8.725204 -2.5009003 -0.8841553
-8.884689 -1.6725311 -1.3173828
-9.375046 -1.1155243 -1.664917
-10.279587 -0.8989105 -1.9338989
-11.193649 -0.9441376 -2.4313965
-11.898239 -1.1797943 -2.8170166
-12.1577 -1.3202362 -2.8598633
-11.77684 -1.2535858 -2.7075195
-11.105576 -1.184555 -2.2338257
-10.969894 -1.3130951 -2.0481567
-11.862534 -1.6177826 -2.3457031
-13.347885 -2.100998 -2.8789063
-14.423813 -2.5842133 -3.6096802
-13.843002 -3.1126556 -3.5073242
-11.529282 -3.2602386 -2.7479858
-8.8537445 -3.057907 -1.7315674
-6.64476 -2.8865204 -0.54852295
-5.2998505 -2.8246307 0.66070557
-4.91185 -2.762741 1.5176392
-5.55455 -2.4770966 1.5390625
-7.2755585 -1.9010468 0.42504883
-9.734482 -1.2107391 -1.138855
-12.471909 -0.6608734 -2.3147583
-14.588058 -0.4561615 -2.5551758
-14.764206 -0.5608978 -2.5385132
-13.538315 -0.93699646 -2.19812
-12.1315155 -1.4178314 -1.8720093
-11.107956 -1.684433 -1.8148804
-10.539047 -1.7963104 -1.8125
-10.193893 -1.9819794 -1.6173096
-9.879684 -2.1486053 -1.5578003
-9.670212 -2.365219 -1.2816772
-9.377426 -2.6746674 -1.0198364
-9.010849 -2.986496 -0.6437378
-8.672836 -3.2602386 -0.39379883
-8.380051 -3.5244598 -0.14385986
-8.134872 -3.5792084 -0.017700195
-7.9158783 -3.474472 -0.12719727
-7.7825775 -3.2102509 -0.20098877
-7.6016693 -2.9793549 -0.3057251
-7.5659637 -2.8746185 -0.31762695
-7.4755096 -2.7984467 -0.28668213
-7.4540863 -2.974594 -0.37475586
-7.5207367 -3.2197723 -0.42474365
-7.5707245 -3.557785 -0.44140625
-7.701645 -3.852951 -0.3723755
-7.9420624 -4.0290985 -0.32000732
-8.092026 -3.9219818 -0.362854
-8.227707 -3.6291962 -0.362854
-8.24675 -3.5458832 -0.11291504
-8.268173 -3.7767792 0.45837402
-8.365768 -4.205246 0.9534912
-8.482407 -4.6956024 1.279602
-8.608566 -4.9193573 1.2296143
-8.76329 -5.1074066 1.0606079
-9.127487 -5.012192 0.8963623
-9.65593 -4.8170013 0.6345215
-10.17009 -4.5289764 0.10369873
-10.677109 -4.405197 -0.12005615
-11.238876 -4.3932953 -0.084350586
-11.655441 -4.557541 -0.15814209
-11.914902 -4.80986 -0.13433838
-12.03392 -5.0693207 -0.15576172
-11.974411 -5.0026703 -0.3557129
-11.755417 -4.8050995 -0.68896484
-11.398361 -4.4789886 -0.9008179
-11.0603485 -4.050522 -0.8317871
-11.317429 -3.6768036 -1.036499
-12.148178 -3.660141 -1.1912231
-13.236008 -3.948166 -1.203125
-14.007248 -4.455185 -1.3388062
-13.843002 -4.8836517 -1.3983154
-12.386215 -5.06456 -1.248352
-10.560471 -4.61467 -1.0531616
-8.946579 -3.8767548 -0.98413086
-7.8968353 -3.115036 -1.0245972
-7.6397552 -2.5556488 -0.95080566
-8.277695 -2.4651947 -0.824646
-9.517868 -2.8531952 -1.0698242
-11.191269 -3.4578094 -1.4863892
-12.788498 -4.2790375 -1.7434692
-14.033432 -4.6503754 -2.2219238
-14.511887 -4.409958 -2.8503418
-14.454758 -3.8291473 -2.9884033
-14.000107 -3.160263 -3.1026611
-13.388351 -2.646103 -3.076477
-12.748032 -2.3247528 -2.83844
-12.055344 -2.1890717 -2.5480347
-11.395981 -2.2866669 -2.0338745
-10.772324 -2.543747 -1.6125488
-10.086777 -2.7984467 -1.3292847
-9.525009 -2.94841 -0.91033936
-8.929916 -2.9841156 -0.50567627
-8.463364 -2.9888763 -0.2819214
-8.006332 -2.9888763 -0.3390503
-7.73497 -3.0721893 -0.29858398
-7.568344 -3.2340546 -0.43902588
-7.465988 -3.5934906 -0.71990967
-7.4040985 -3.891037 -1.1793213
-7.465988 -4.0481415 -1.4006958
-7.5826263 -4.057663 -1.5125732
-7.7516327 -3.9148407 -1.2721558
-7.887314 -3.6125336 -1.1626587
-7.906357 -3.1888275 -1.0674438
-8.003952 -2.8436737 -1.0412598
-8.020615 -2.5199432 -0.93414307
-7.86351 -2.3937836 -0.99365234
-7.7302094 -2.3937836 -0.9484253
-7.5207367 -2.56279 -0.84368896
-7.485031 -2.8960419 -0.8746338
-7.5659637 -3.3173676 -0.8722534
-7.8539886 -3.6101532 -0.8413086
-8.3134 -3.698227 -0.9555664
-8.834702 -3.5530243 -1.1769409
-9.475021 -3.2935638 -1.434021
-9.974899 -3.0102997 -1.600647
-10.458115 -2.81987 -1.767273
-10.915146 -2.736557 -1.9719849
-11.222214 -2.6103973 -2.1386108
-11.436447 -2.5032806 -2.2600098
-11.410263 -2.4175873 -2.1695557
-11.2079315 -2.3914032 -1.9743652
-10.838974 -2.3342743 -1.6125488
-10.481918 -2.2271576 -1.2745361
-10.727097 -1.9867401 -1.0888672
-11.617355 -1.7606049 -1.5220947
-12.819443 -1.555893 -2.2504883
-13.466904 -1.517807 -2.947937
-12.721848 -1.7606049 -3.1455078
-10.793747 -2.0581512 -2.6194458
-8.5395355 -2.1747894 -1.831543
-6.599533 -2.2581024 -1.0031738
-5.3641205 -2.3604584 -0.060546875
-4.91185 -2.4556732 0.9320679
-5.4617157 -2.3604584 1.1415405
-7.0375214 -1.8296356 0.33459473
-9.429794 -1.3964081 -0.907959
-12.1577 -1.0798187 -2.2005005
-14.352402 -1.0250702 -2.7503662
-14.690414 -1.2297821 -2.6027832
-13.662094 -1.563034 -2.274292
-12.54332 -1.7010956 -1.7791748
-11.760178 -1.7058563 -1.5197144
-11.229355 -1.517807 -1.4102173
-10.841354 -1.4178314 -1.5078125
-10.522385 -1.5963593 -1.5982666
-10.201035 -1.9438934 -1.6530151
-9.793991 -2.2152557 -1.7434692
-9.40361 -2.5675507 -1.5268555
-9.0013275 -2.9150848 -1.2150269
-8.546677 -3.2459564 -0.7651367
-8.177719 -3.4697113 -0.28430176
-7.8992157 -3.557785 0.17034912
-7.6278534 -3.6053925 0.26794434
-7.4683685 -3.5458832 0.3131714
-7.394577 -3.493515 0.19415283
-7.3517303 -3.467331 0.0061035156
-7.3326874 -3.4006805 -0.17480469
-7.3279266 -3.403061 -0.27478027
-7.3017426 -3.4006805 -0.2319336
-7.3588715 -3.4816132 -0.23431396
-7.427902 -3.6291962 -0.10101318
-7.54216 -3.7125092 -0.04626465
-7.761154 -3.7482147 -0.14624023
-7.8968353 -3.8386688 -0.25811768
-8.001572 -3.9434052 -0.25811768
-8.0967865 -4.03862 -0.24145508
-8.125351 -4.174301 -0.17956543
-8.163437 -4.205246 -0.13909912
-8.344345 -4.1957245 -0.1081543
-8.613327 -4.1076508 -0.031982422
-9.044174 -4.152878 -0.0914917
-9.510727 -4.2028656 -0.20336914
-10.010605 -4.217148 -0.38427734
-10.510483 -4.2933197 -0.3866577
-11.00322 -4.276657 -0.54138184
-11.465012 -4.35997 -0.49853516
-11.824448 -4.462326 -0.59851074
-12.136276 -4.4766083 -0.68182373
-12.300522 -4.348068 -0.9151001
-12.271957 -4.136215 -1.1412354
-12.455246 -3.8481903 -1.3816528
-13.067001 -3.7743988 -1.3578491
-14.066757 -3.917221 -1.4673462
-14.973679 -4.262375 -1.6149292
-15.10936 -4.9217377 -1.4768677
-14.138168 -5.5120697 -1.3245239
-12.3624115 -5.662033 -1.2007446
-10.49382 -5.352585 -0.9460449
-8.856125 -4.6765594 -0.69610596
Time Stop = 1457234107
