Time Start = 2340
-0.04875183 -1.5511322 9.779907
-0.4557953 -1.5701752 9.637085
-0.57481384 -1.6106415 9.60614
-0.30345154 -1.5749359 9.584717
-0.022567749 -1.620163 9.484741
0.06788635 -1.6749115 9.382385
-0.098739624 -1.7701263 9.28479
-0.19633484 -1.7177582 9.3133545
-0.17729187 -1.7177582 9.306213
-0.18443298 -1.7082367 9.384766
-0.0844574 -1.8082123 9.368103
-0.06303406 -1.8486786 9.332397
-0.13206482 -1.9724579 9.306213
-0.20347595 -2.0081635 9.294312
-0.23442078 -2.043869 9.3776245
-0.27488708 -2.0272064 9.41571
-0.2986908 -2.0153046 9.437134
-0.30345154 -2.0272064 9.513306
-0.36058044 -2.017685 9.487122
-0.41532898 -2.0081635 9.513306
-0.5605316 -1.8462982 9.344299
-0.646225 -1.9319916 9.372864
-0.6176605 -1.9034271 9.258606
-0.6843109 -1.9581757 9.137207
-0.76524353 -1.9319916 8.977722
-0.8675995 -1.8058319 8.880127
-0.95329285 -1.60112 8.775391
-1.0556488 -1.4582977 8.637329
-1.1675262 -1.286911 8.480225
-1.2317963 -1.1702728 8.277893
-1.3127289 -1.0536346 8.025574
-1.3293915 -0.7751312 7.713745
-1.4246063 -0.48710632 7.392395
-1.4745941 -0.2919159 7.066284
-1.5674286 -0.122909546 6.725891
-1.717392 -0.08720398 6.390259
-1.9363861 -0.17765808 6.0093994
-2.160141 -0.4728241 5.6261597
-2.4029388 -0.83226013 5.4595337
-2.5743256 -1.036972 5.064392
-2.7290497 -1.2607269 4.819214
-2.9718475 -1.5130463 4.6430664
-3.0623016 -1.555893 4.1884155
-3.2670135 -1.6154022 4.0932007
-3.5026703 -1.6273041 3.9194336
-3.7597504 -1.6487274 3.543335
-4.1191864 -1.7439423 3.4124146
-4.842819 -2.2771454 3.4171753
-5.899704 -3.6815643 4.550232
-6.958969 -5.7286835 5.2072144
-7.7754364 -6.714157 5.390503
-8.401474 -7.0497894 6.0927124
-8.56572 -6.4475555 6.6449585
-8.289597 -5.2740326 7.147217
-7.99205 -4.026718 7.5542603
-7.946823 -2.9817352 7.7851563
-8.189621 -2.184311 7.775635
-8.734726 -1.6772919 7.570923
-9.310776 -1.517807 7.225769
-9.824936 -1.7010956 7.130554
-10.284348 -2.1819305 7.025818
-10.541428 -2.865097 6.987732
-10.862778 -3.7553558 6.704468
-11.07225 -4.5932465 6.0808105
-11.184128 -5.1121674 5.545227
-11.32457 -5.435898 5.1000977
-11.365036 -5.597763 4.7382813
-11.355515 -5.764389 4.4692993
-11.338852 -5.8715057 4.2907715
-11.32457 -6.014328 4.2336426
-11.367416 -6.321396 4.478821
-11.567368 -7.4592133 5.095337
-11.764938 -8.613693 4.5407104
-11.864914 -9.046921 3.8980103
-11.64592 -8.799362 3.7409058
-11.357895 -8.116196 3.633789
-10.953232 -7.449692 3.607605
-10.893723 -6.995041 3.8075562
-11.350754 -6.657028 4.1170044
-12.041061 -6.3380585 4.5787964
-12.569504 -5.923874 4.9144287
-12.617111 -5.526352 5.2143555
-12.464767 -5.333542 5.2000732
-12.024399 -5.2930756 4.8953857
-11.531662 -5.6001434 4.519287
-11.077011 -6.007187 4.145569
-10.769943 -6.2547455 3.921814
-10.591415 -6.340439 3.800415
-10.443832 -6.2880707 3.7409058
-10.322433 -6.1857147 3.7789917
-10.060593 -6.1381073 3.774231
-9.739243 -6.0905 3.6671143
-9.372665 -6.116684 3.6599731
-8.884689 -6.0357513 3.479065
-8.4752655 -5.96434 3.4124146
-7.965866 -5.8881683 3.274353
-7.4874115 -5.77153 3.2838745
-7.0065765 -5.628708 3.183899
-6.6423798 -5.502548 3.1148682
-6.440048 -5.4287567 2.941101
-6.5305023 -5.4454193 2.9482422
-6.920883 -5.4525604 2.922058
-7.465988 -5.3811493 2.9577637
-8.072983 -5.314499 2.9625244
-8.679977 -5.2097626 3.0315552
-9.184616 -5.1312103 3.1315308
-9.5464325 -5.0478973 3.267212
-9.891586 -4.9193573 3.119629
-10.051071 -4.8003387 3.0029907
-10.179611 -4.6884613 2.9839478
-10.243881 -4.474228 2.9863281
-10.291489 -4.3290253 2.767334
-10.350998 -4.200485 2.6435547
-10.441452 -4.1052704 2.4840698
-10.439072 -4.0671844 2.5078735
-10.3867035 -4.052902 2.312683
-10.3033905 -4.110031 2.2984009
-10.124863 -4.1195526 2.1270142
-9.908249 -4.1195526 2.0127563
-9.617844 -4.1124115 1.9104004
-9.384567 -4.052902 1.7223511
-9.186996 -3.9576874 1.6414185
-8.996567 -3.9529266 1.5795288
-8.865646 -3.9219818 1.4890747
-8.798996 -3.929123 1.336731
-8.670456 -3.891037 1.1820068
-8.527634 -3.8767548 0.9891968
-8.413376 -3.8386688 0.93444824
-8.291977 -3.788681 0.9058838
-8.115829 -3.7029877 0.939209
-7.882553 -3.6744232 0.9035034
-7.792099 -3.6125336 0.91064453
-7.6659393 -3.5458832 0.96539307
-7.5588226 -3.519699 1.0201416
-7.485031 -3.4792328 1.1463013
-7.4826508 -3.4387665 1.2248535
-7.5064545 -3.3744965 1.2677002
-7.6540375 -3.3744965 1.2557983
-7.79924 -3.3506927 1.3748169
-7.9682465 -3.364975 1.4914551
-8.18248 -3.3697357 1.5581055
-8.534775 -3.3935394 1.6414185
-8.941818 -3.410202 1.7556763
-9.405991 -3.455429 1.6628418
-9.993942 -3.5149384 1.6533203
-10.608078 -3.5934906 1.548584
-11.274582 -3.679184 1.5462036
-11.803024 -3.7196503 1.5557251
-12.200546 -3.762497 1.593811
-12.207687 -3.8957977 1.5604858
-11.886337 -4.0862274 1.6485596
-11.341232 -4.371872 1.8342285
-10.931808 -4.693222 2.2365112
-10.605698 -5.033615 2.6744995
-10.289108 -5.2407074 3.119629
-9.843979 -5.307358 3.3410034
-9.256027 -5.207382 3.38385
-8.606186 -4.957443 3.3529053
-8.0967865 -4.6884613 3.2719727
-7.889694 -4.5218353 3.2386475
-8.142014 -4.417099 3.100586
-8.901352 -4.2957 3.0910645
-9.817795 -4.0790863 3.0982056
-10.68425 -3.8577118 3.017273
-11.222214 -3.4958954 2.9839478
-11.355515 -3.2792816 2.8173218
-11.036545 -3.0364838 2.8530273
-10.529526 -2.8865204 2.9482422
-9.877304 -2.929367 2.8625488
-9.346481 -3.0817108 2.774475
-8.877548 -3.300705 2.5959473
-8.653793 -3.4887543 2.5650024
-8.44194 -3.6768036 2.3364868
-8.294357 -3.8386688 2.0960693
-8.034897 -4.005295 1.8865967
-7.73497 -4.10289 1.7818604
-7.4160004 -4.2219086 1.5890503
-7.1208344 -4.307602 1.5581055
-6.894699 -4.4075775 1.4343262
-6.778061 -4.481369 1.3510132
-6.682846 -4.564682 1.2843628
-6.6804657 -4.55278 1.3081665
-6.720932 -4.493271 1.3462524
-6.789963 -4.321884 1.4105225
-6.7947235 -4.219528 1.6604614
-6.8256683 -4.10289 1.888977
-6.830429 -4.000534 2.0532227
-6.880417 -3.9410248 2.1412964
-6.9565887 -3.9243622 2.2841187
-7.066086 -3.9076996 2.3364868
-7.1779633 -3.9838715 2.4007568
-7.3279266 -4.026718 2.4436035
-7.4231415 -4.090988 2.510254
-7.575485 -4.1457367 2.6364136
-7.6921234 -4.255234 2.562622
-7.9254 -4.326645 2.491211
-8.289597 -4.450424 2.555481
-8.703781 -4.545639 2.5031128
-9.117966 -4.595627 2.4864502
-9.510727 -4.5861053 2.5197754
-9.820175 -4.557541 2.5888062
-10.120102 -4.55278 2.5388184
-10.484299 -4.6241913 2.4412231
-11.148422 -4.9264984 2.6887817
-12.043442 -5.166916 2.6340332
-12.9717865 -5.359726 2.793518
-13.709702 -5.4787445 3.0029907
-14.073898 -5.519211 3.1624756
-14.012009 -5.4977875 3.3600464
-13.455002 -5.5501556 3.4814453
-12.512375 -5.5168304 3.5219116
-11.484055 -5.533493 3.467163
-10.420029 -5.5549164 3.3552856
-9.472641 -5.5168304 3.3624268
-8.525253 -5.416855 3.3362427
-7.682602 -5.238327 3.3457642
-6.887558 -4.9717255 3.2410278
-6.425766 -4.7360687 3.100586
-6.51622 -4.6646576 3.0482178
-7.182724 -4.7741547 2.9744263
-8.280075 -4.893173 2.8934937
-9.434555 -4.9455414 2.9030151
-10.374802 -4.731308 2.8839722
-10.950851 -4.448044 2.9696655
-11.150803 -4.1838226 3.0077515
-11.122238 -3.948166 3.0601196
-10.915146 -3.8410492 3.0648804
-10.546188 -3.71727 2.8339844
-10.179611 -3.641098 2.691162
-9.927292 -3.5435028 2.498352
-9.715439 -3.614914 2.286499
-9.558334 -3.7458344 1.991333
-9.33696 -3.9076996 1.8080444
-9.032272 -4.1195526 1.6342773
-8.739487 -4.1647797 1.5009766
-8.480026 -4.238571 1.4962158
-8.282455 -4.307602 1.3652954
-8.199142 -4.3504486 1.2058105
-8.122971 -4.3742523 1.1224976
-8.199142 -4.3385468 1.0582275
-8.213425 -4.319504 0.94873047
-8.258652 -4.250473 0.939209
-8.277695 -4.129074 0.8820801
-8.241989 -3.9862518 0.90112305
-8.163437 -3.8886566 1.0082397
-7.9991913 -3.705368 0.9630127
-7.79924 -3.633957 0.9630127
-7.6921234 -3.5815887 1.0463257
-7.60643 -3.5601654 1.1343994
-7.60643 -3.576828 1.1629639
-7.708786 -3.595871 1.253418
-7.8159027 -3.5982513 1.3224487
-7.92778 -3.6506195 1.2938843
-8.044418 -3.6434784 1.2415161
-8.187241 -3.679184 1.2557983
-8.365768 -3.660141 1.3914795
-8.606186 -3.6434784 1.4771729
-8.965622 -3.6291962 1.4676514
-9.289352 -3.633957 1.4938354
-9.515488 -3.5649261 1.5271606
-9.65831 -3.5220795 1.510498
-9.779709 -3.4720917 1.5128784
-9.91777 -3.5292206 1.5700073
-10.246262 -3.6172943 1.6104736
-10.7651825 -3.7363129 1.5604858
-11.467392 -3.8481903 1.4581299
-12.024399 -3.9315033 1.5152588
-12.390976 -4.0362396 1.6342773
-12.2790985 -4.133835 1.6533203
-11.83873 -4.2957 1.8223267
-11.1436615 -4.402817 2.0008545
-10.615219 -4.6503754 2.1412964
-10.153427 -4.80748 2.2436523
-9.805893 -4.912216 2.388855
-9.375046 -4.924118 2.479309
-8.851364 -4.8003387 2.593567
-8.315781 -4.6051483 2.8030396
-7.6468964 -4.4766083 2.941101
-7.2517548 -4.3052216 3.0863037
-7.0946503 -4.1124115 3.0982056
-7.3255463 -3.9838715 3.152954
-7.908737 -3.993393 3.1315308
-8.675217 -3.9410248 3.0672607
-9.422653 -3.9267426 2.9910889
-9.932053 -3.8696136 2.972046
-10.065353 -3.7339325 2.960144
-9.91539 -3.5482635 3.12677
-9.444077 -3.326889 3.1934204
-8.996567 -3.2983246 3.1791382
-8.551437 -3.3411713 3.119629
-8.203903 -3.5625458 2.9863281
-7.970627 -3.7386932 2.8458862
-7.842087 -3.9338837 2.722107
-7.708786 -4.024338 2.6126099
-7.549301 -4.1243134 2.5197754
-7.3398285 -4.1433563 2.5031128
-7.1732025 -4.1909637 2.4388428
-7.0375214 -4.262375 2.3174438
-6.96611 -4.4004364 2.222229
-6.9994354 -4.462326 2.0627441
-7.1041718 -4.4647064 2.010376
-7.292221 -4.4337616 1.8746948
-7.427902 -4.288559 1.8937378
-7.618332 -4.129074 2.0698853
-7.7873383 -3.97435 2.222229
-7.894455 -3.871994 2.2246094
-7.9349213 -3.8696136 2.2650757
-8.030136 -3.871994 2.3650513
-8.194382 -3.9315033 2.4126587
-8.349106 -4.050522 2.4317017
-8.425278 -4.217148 2.4221802
-8.518112 -4.379013 2.426941
-8.584763 -4.4718475 2.3198242
-8.679977 -4.557541 2.1865234
-8.782333 -4.659897 2.2531738
-8.920395 -4.764633 2.248413
-9.139389 -4.828903 2.241272
-9.348862 -4.7670135 2.1984253
-9.565475 -4.6503754 2.2531738
-9.986801 -4.6122894 2.4221802
-10.7651825 -4.7789154 2.7554321
-11.64592 -4.74321 2.9363403
-12.707565 -4.8741302 3.2386475
-13.5168915 -4.976486 3.4695435
-13.795395 -5.1002655 3.5457153
-13.345505 -5.1573944 3.3171997
-12.295761 -5.2097626 3.236267
-11.243637 -5.2407074 3.0767822
-10.529526 -5.2668915 2.979187
-10.241501 -5.3430634 2.9458618
-10.217697 -5.5239716 2.93396
-10.267685 -5.6120453 2.8625488
-10.024887 -5.5358734 2.8435059
-9.522629 -5.328781 2.8339844
-8.896591 -5.109787 2.7697144
-8.418137 -5.014572 2.67688
-8.277695 -4.988388 2.6054688
-8.577621 -4.969345 2.5507202
-9.141769 -4.909836 2.4055176
-9.78923 -4.7217865 2.3198242
-10.224838 -4.443283 2.3031616
-10.377182 -4.2076263 2.324585
-10.360519 -3.9791107 2.241272
-10.17247 -3.8410492 2.1817627
-9.929672 -3.7553558 2.1293945
-9.66069 -3.667282 2.0508423
-9.444077 -3.6006317 1.8270874
-9.236984 -3.6529999 1.6723633
-9.065598 -3.7291718 1.5057373
-8.896591 -3.84581 1.2915039
-8.756149 -3.936264 1.2177124
-8.603806 -3.948166 1.0701294
-8.415756 -3.9910126 0.9963379
-8.253891 -3.9672089 0.9130249
-8.094406 -3.9695892 0.97491455
-7.984909 -3.9981537 0.8487549
-7.882553 -3.9862518 0.81066895
-7.8087616 -4.012436 0.79400635
-7.7825775 -3.8838959 0.7463989
-7.7040253 -3.8886566 0.6654663
-7.658798 -3.833908 0.7059326
-7.592148 -3.7672577 0.74401855
-7.592148 -3.7482147 0.7892456
-7.5897675 -3.7101288 0.8320923
-7.5707245 -3.6887054 0.8654175
-7.5445404 -3.679184 0.88446045
-7.5373993 -3.6506195 0.8796997
-7.573105 -3.6196747 0.9963379
-7.632614 -3.622055 0.9225464
-7.739731 -3.595871 1.0153809
-7.901596 -3.6315765 0.9939575
-8.058701 -3.6172943 1.0058594
-8.30864 -3.6482391 1.1010742
-8.651413 -3.6696625 1.1939087
-9.053696 -3.71727 1.1463013
-9.484543 -3.7601166 1.1748657
-9.884445 -3.814865 1.2438965
-10.201035 -3.8815155 1.317688
-10.315292 -3.955307 1.3533936
-10.393845 -3.993393 1.4367065
-10.708054 -4.1171722 1.4509888
-11.234116 -4.238571 1.4152832
-12.069626 -4.3314056 1.3843384
-12.902756 -4.4123383 1.427185
-13.385971 -4.3813934 1.4795532
-13.328842 -4.3314056 1.7723389
-12.600449 -4.352829 1.8746948
-11.667343 -4.55278 2.1151123
-10.843735 -4.738449 2.222229
-10.227219 -5.014572 2.426941
-9.729721 -5.2597504 2.5602417
-9.141769 -5.3359222 2.8411255
-8.494308 -5.2145233 2.9934692
-7.8658905 -4.924118 3.0934448
-7.420761 -4.628952 3.2148438
-7.3469696 -4.4004364 3.1696167
-7.7373505 -4.238571 3.164856
-8.515732 -4.179062 3.1053467
-9.377426 -4.121933 2.9625244
-10.096298 -4.0290985 2.7887573
-10.529526 -3.7220306 2.7340088
-10.572372 -3.3364105 2.7649536
-10.324814 -3.0555267 2.8554077
-9.813034 -2.7508392 2.9291992
-9.194138 -2.615158 2.8220825
-8.679977 -2.8484344 2.74115
-8.211044 -3.069809 2.6126099
-7.920639 -3.372116 2.3721924
-7.742111 -3.686325 2.1889038
-7.575485 -3.9029388 2.0341797
-7.432663 -4.1314545 1.9127808
-7.22081 -4.1814423 1.9199219
-7.0375214 -4.340927 1.7961426
-6.8066254 -4.42424 1.7271118
-6.778061 -4.5504 1.5081177
-6.735214 -4.667038 1.4509888
-6.7733 -4.6956024 1.3557739
-6.90184 -4.5408783 1.3462524
-7.0303802 -4.3099823 1.5961914
-7.2065277 -4.0790863 1.8651733
-7.3350677 -3.9767303 2.1674805
-7.387436 -3.8767548 2.3531494
-7.463608 -3.8481903 2.4174194
-7.5397797 -3.8696136 2.460266
-7.632614 -3.9386444 2.5150146
-7.7873383 -4.1504974 2.5578613
-7.9301605 -4.262375 2.5792847
-8.094406 -4.507553 2.5911865
-8.272934 -4.7336884 2.574524
-8.4109955 -4.8503265 2.5197754
-8.653793 -4.988388 2.4864502
-8.994186 -5.0669403 2.5459595
-9.27269 -5.2145233 2.517395
-9.496445 -5.2359467 2.5031128
-9.746384 -5.264511 2.536438
-9.85112 -5.1383514 2.6483154
-9.832077 -5.1312103 2.7078247
-9.667831 -5.124069 2.7554321
-9.484543 -5.0693207 2.7435303
-9.52977 -5.1716766 2.6530762
-10.205795 -5.500168 2.7887573
-11.06987 -5.6120453 2.7911377
-12.03154 -5.688217 2.9268188
-12.726608 -5.64299 3.0577393
-12.914658 -5.559677 3.069641
-12.526657 -5.5096893 3.055359
-11.907761 -5.6001434 3.183899
-11.288864 -5.6382294 3.210083
-10.743759 -5.6382294 3.274353
-10.203415 -5.559677 3.210083
-9.563095 -5.352585 3.0744019
-8.879929 -5.12883 2.9006348
-8.194382 -4.9074554 2.7697144
-7.830185 -4.9026947 2.6245117
-7.8968353 -4.981247 2.543579
-8.515732 -5.078842 2.460266
-9.444077 -5.121689 2.3079224
-10.393845 -5.1002655 2.3293457
-11.119858 -4.916977 2.2626953
-11.45549 -4.686081 2.22937
-11.45549 -4.386154 2.305542
-11.19841 -4.1124115 2.1912842
-10.777084 -3.898178 2.157959
-10.308151 -3.7339325 1.9508667
-9.767807 -3.614914 1.8770752
-9.341721 -3.6244354 1.6723633
-8.920395 -3.724411 1.4819336
-8.537155 -3.800583 1.3010254
-8.291977 -3.9672089 1.234375
-8.082504 -4.012436 1.1272583
-7.973007 -4.0933685 1.003479
-7.9420624 -4.140976 0.9296875
-7.932541 -4.2028656 0.855896
-7.8968353 -4.2671356 0.77020264
-7.8016205 -4.2147675 0.70355225
-7.7373505 -4.136215 0.60357666
-7.6207123 -4.0338593 0.62023926
-7.5445404 -3.9053192 0.64404297
-7.5207367 -3.7529755 0.6488037
-7.496933 -3.6101532 0.6273804
-7.399338 -3.512558 0.7059326
-7.2874603 -3.403061 0.7178345
-7.1993866 -3.345932 0.7630615
-7.1160736 -3.3054657 0.84161377
-7.0565643 -3.391159 0.8630371
-7.0589447 -3.467331 0.8963623
-7.1351166 -3.493515 0.8868408
-7.235092 -3.5720673 0.9558716
-7.387436 -3.5673065 0.9035034
-7.5397797 -3.5934906 0.96777344
-7.7563934 -3.6553802 0.98443604
-8.046799 -3.679184 1.0510864
-8.370529 -3.698227 1.1653442
-8.82518 -3.7791595 1.1915283
-9.310776 -3.8101044 1.2058105
-9.729721 -3.807724 1.2938843
-10.067734 -3.864853 1.2462769
-10.398605 -3.9053192 1.2177124
-10.850876 -3.9862518 1.2319946
-11.610214 -4.071945 1.2177124
Time Stop = 2344
