Time Start = 6274
0.9962311 2.4407501 7.6589966
0.9867096 2.5788116 7.4090576
0.84150696 2.664505 7.097229
0.7248688 2.7335358 6.9139404
0.7248688 2.702591 6.552124
0.88435364 2.5216827 6.411682
1.0319366 2.2169952 6.1450806
1.2985382 1.8766022 6.059387
1.5460968 1.6385651 6.1260376
1.6698761 1.5266876 6.1117554
1.772232 1.4862213 6.2926636
1.772232 1.5861969 6.325989
1.8626862 1.6647491 6.437866
2.1031036 1.6100006 6.628296
2.5006256 1.5266876 6.597351
2.817215 1.2291412 6.6116333
2.9790802 0.8387604 6.4188232
3.2052155 0.37696838 6.371216
3.3337555 0.098464966 6.5092773
3.381363 -0.099105835 6.768738
3.3551788 -0.34428406 6.9401245
3.3599396 -0.4323578 7.173401
3.433731 -0.4156952 7.3828735
3.6622467 -0.4490204 7.9160767
3.9383698 -0.8536835 8.301697
4.2382965 -1.1869354 8.468323
4.6620026 -1.6987152 8.5802
5.145218 -2.0105438 8.604004
5.4142 -2.1866913 8.496887
5.564163 -2.2247772 8.425476
5.3808746 -2.3533173 8.275513
5.03096 -2.4318695 8.037476
4.990494 -2.5651703 7.820862
5.1285553 -2.6175385 7.6708984
5.2951813 -2.7460785 7.456665
5.4760895 -2.7651215 7.0567627
5.728409 -2.7913055 6.813965
5.9759674 -2.774643 6.4854736
6.152115 -2.8365326 6.1450806
6.2401886 -3.0721893 5.6428223
6.390152 -3.2483368 5.231018
6.6258087 -3.7291718 5.038208
6.904312 -4.531357 4.9334717
7.2351837 -5.200241 4.7525635
7.85408 -5.688217 4.814453
8.489639 -5.8000946 5.1619873
8.887161 -5.295456 5.2524414
9.032364 -4.9836273 5.2524414
9.184708 -4.602768 5.4190674
9.2608795 -4.186203 5.2786255
9.432266 -3.8315277 5.3500366
9.920242 -4.1838226 5.238159
10.541519 -5.340683 4.79303
11.246109 -6.707016 4.126526
11.555557 -7.856735 3.7385254
11.588882 -8.508957 4.036072
11.526993 -8.604172 4.371704
11.205643 -8.309006 4.6882935
10.831924 -7.8472137 4.9834595
10.731949 -7.4282684 5.083435
10.953323 -6.968857 5.0739136
11.034256 -6.528488 4.9263306
10.958084 -6.1785736 4.7216187
10.715286 -6.0690765 4.678772
10.465347 -6.021469 4.505005
10.605789 -5.7596283 4.0860596
10.984268 -5.469223 3.4933472
11.205643 -5.2621307 3.0744019
11.015213 -4.9907684 2.581665
10.570084 -4.814621 2.2960205
10.022598 -4.7027435 1.9937134
9.765518 -4.640854 1.7199707
9.556046 -4.762253 1.6033325
9.294205 -4.7527313 1.3010254
9.160904 -4.3813934 1.0963135
9.068069 -3.7553558 0.7487793
9.408463 -3.486374 0.6488037
9.663162 -3.512558 0.6154785
9.77504 -3.91008 0.6511841
9.896439 -4.443283 0.9463501
9.84407 -4.8193817 1.0891724
9.898819 -5.033615 1.2557983
9.541763 -5.0050507 1.2177124
9.370377 -5.283554 1.1748657
9.308487 -5.64299 1.1248779
9.425125 -5.9929047 1.2867432
9.634598 -6.3118744 1.4533691
9.660782 -6.7117767 1.6985474
9.829788 -7.040268 1.7342529
9.701248 -7.0450287 1.9342041
9.322769 -6.7665253 1.9984741
8.968094 -6.592758 1.9556274
8.68721 -6.430893 1.8818359
8.453934 -6.309494 1.6866455
8.463455 -6.3451996 1.4081421
8.601517 -6.316635 1.3105469
8.832413 -6.2690277 1.4676514
9.1323395 -6.02623 1.4819336
9.625076 -5.7786713 1.5819092
9.979752 -5.500168 1.5795288
10.270157 -5.1145477 1.4581299
10.460587 -4.802719 1.4509888
10.536758 -4.6717987 1.4771729
10.829544 -4.2266693 1.3414917
10.053543 -4.8550873 1.5438232
10.153519 -4.519455 1.5747681
10.003555 -4.5408783 1.824707
9.701248 -4.3885345 1.9889526
9.58461 -4.402817 2.10083
9.503677 -4.5051727 2.067505
9.515579 -4.4599457 1.8746948
9.817886 -4.3361664 1.7175903
10.079727 -4.2861786 1.7128296
10.296341 -4.55278 1.6890259
10.239212 -4.762253 1.6723633
10.155899 -4.7860565 2.1889038
9.948807 -4.7027435 2.626892
9.725052 -4.712265 2.7982788
9.617935 -4.5170746 2.7816162
9.52272 -4.3242645 2.8673096
9.360855 -4.0171967 2.876831
9.091873 -3.936264 2.9315796
8.872879 -4.057663 2.8339844
8.515823 -4.200485 2.7173462
8.339676 -4.367111 2.7768555
8.063553 -4.564682 2.7340088
7.846939 -4.795578 2.7911377
7.4446564 -4.80748 2.8339844
7.056656 -4.9074554 2.8839722
6.7519684 -4.924118 3.017273
6.404434 -4.68132 3.1624756
6.306839 -4.5813446 3.2600708
6.3092194 -4.514694 3.3267212
6.2973175 -4.314743 3.3909912
6.209244 -4.174301 3.2695923
6.147354 -4.1243134 3.0910645
6.2449493 -3.993393 2.7649536
6.2473297 -3.8886566 2.415039
6.397293 -3.8172455 2.0627441
6.9209747 -3.724411 1.8199463
6.8686066 -3.6649017 1.927063
6.994766 -3.7910614 2.3864746
7.185196 -3.7006073 2.5840454
7.487503 -3.788681 2.8863525
7.846939 -3.667282 2.6078491
8.030228 -3.8672333 2.4483643
8.30397 -4.2457123 2.4745483
8.244461 -4.326645 2.2745972
7.98024 -4.200485 1.9746704
7.3637238 -4.2909393 1.5914307
6.8376617 -4.6956024 1.4628906
6.6186676 -4.9907684 1.1010742
6.5424957 -5.32164 0.94873047
6.594864 -5.4025726 0.6488037
6.8495636 -5.224045 0.55596924
7.0233307 -4.8193817 0.5440674
7.159012 -4.224289 0.708313
7.3994293 -3.7291718 0.7630615
7.756485 -3.2388153 0.92492676
8.127823 -2.8484344 1.2296143
8.62532 -2.5913544 1.2177124
8.801468 -2.588974 1.022522
8.994278 -2.6675262 0.7797241
9.034744 -3.0198212 0.4607544
8.977615 -3.3483124 0.14892578
9.015701 -3.7767792 -0.062927246
9.0299835 -4.198105 -0.105773926
9.079971 -4.4123383 0.06323242
9.220413 -4.4266205 0.40838623
9.227554 -4.1124115 0.5488281
9.51796 -4.007675 0.67736816
9.636978 -3.7910614 0.69641113
9.694107 -3.7529755 0.5821533
9.748856 -3.8577118 0.58691406
9.865494 -4.1576385 0.3607788
10.441544 -4.474228 0.3036499
10.924759 -4.7360687 0.14654541
11.050919 -4.9193573 -0.031982422
10.900955 -5.2478485 -0.19146729
10.881912 -5.521591 -0.29144287
10.912857 -5.412094 -0.51519775
10.979507 -5.1954803 -0.5532837
11.372269 -5.1788177 -0.66278076
11.791214 -5.1978607 -0.677063
12.0768585 -5.207382 -0.6270752
12.074478 -5.3002167 -0.29382324
11.872147 -5.481125 0.09893799
11.650772 -5.4668427 0.394104
11.562698 -5.352585 0.44885254
11.779312 -5.1716766 0.10131836
12.174454 -4.9455414 -0.19622803
12.424393 -4.7170258 -0.46520996
12.395828 -4.67894 -0.5175781
12.262527 -4.5027924 -0.3390503
11.805496 -4.205246 -0.31524658
11.37941 -4.1814423 -0.25335693
10.924759 -4.2742767 -0.24621582
10.658157 -4.3932953 -0.58898926
10.855728 -4.4194794 -0.8317871
11.141373 -4.5408783 -0.87701416
11.110428 -4.640854 -0.7817993
10.9319 -4.731308 -0.7889404
10.681961 -4.7408295 -0.7984619
10.348709 -4.762253 -0.5175781
9.748856 -4.8622284 -0.18908691
8.958572 -4.8765106 0.051330566
8.182571 -4.821762 0.20605469
7.4398956 -4.583725 0.5155029
6.8686066 -4.2742767 0.79400635
6.575821 -4.1243134 1.0534668
6.473465 -3.9505463 1.0106201
6.654373 -3.948166 1.0058594
7.1114044 -4.0671844 0.939209
7.608902 -4.314743 0.8487549
8.049271 -4.3766327 0.7178345
8.320633 -4.481369 0.57025146
8.506302 -4.564682 0.34887695
8.4944 -4.5027924 0.45599365
8.2920685 -4.3504486 0.5107422
8.077835 -4.257614 0.7321167
7.7993317 -4.0552826 0.836853
7.801712 -4.0219574 0.8201904
7.889786 -3.9719696 0.9320679
8.04689 -3.891037 0.8487549
8.242081 -3.8957977 0.8320923
8.327774 -3.9838715 0.7821045
8.615799 -4.045761 0.64404297
8.806229 -4.121933 0.68927
9.010941 -4.2599945 0.6845093
9.244217 -4.3742523 0.69641113
9.420364 -4.469467 0.8701782
9.596512 -4.531357 0.99157715
9.736954 -4.5742035 0.95111084
9.865494 -4.533737 0.90826416
9.960709 -4.367111 0.7892456
9.948807 -4.205246 0.7559204
9.944046 -4.1005096 0.7821045
9.858353 -3.9981537 0.8963623
9.894058 -3.8743744 0.9868164
9.974991 -3.8243866 0.92492676
10.089249 -3.7148895 0.8892212
10.174942 -3.705368 0.8392334
10.2487335 -3.6887054 0.6154785
10.313004 -3.7196503 0.47027588
10.522476 -3.7529755 0.23223877
10.5629425 -3.8243866 -0.012939453
10.73909 -3.9076996 -0.17718506
11.143753 -3.750595 -0.3128662
11.962601 -3.7220306 -0.27954102
12.7267 -3.800583 -0.21289063
12.85762 -3.981491 -0.26287842
12.752884 -4.012436 -0.20812988
12.476761 -3.9005585 -0.16766357
11.9483185 -3.8624725 -0.00579834
11.165176 -3.833908 0.08227539
10.222549 -3.800583 -0.031982422
9.26564 -3.769638 -0.12719727
8.55867 -3.6625214 -0.29858398
7.994522 -3.5720673 -0.3723755
7.7850494 -3.531601 -0.4937744
7.685074 -3.5077972 -0.5770874
7.570816 -3.4173431 -0.6413574
7.544632 -3.3149872 -0.805603
7.5731964 -3.1888275 -0.7246704
7.7921906 -3.0460052 -0.43902588
7.954056 -2.8293915 -0.40093994
7.9969025 -2.7579803 -0.47711182
8.0421295 -2.6437225 -0.5270996
7.865982 -2.6865692 -0.5770874
7.685074 -2.7794037 -0.47473145
7.4184723 -2.793686 -0.46520996
7.3351593 -2.9198456 -0.34857178
7.0876007 -3.031723 -0.09387207
6.8947906 -2.9317474 -0.0010375977
6.69722 -3.0031586 0.22509766
6.692459 -3.07695 0.46313477
6.6615143 -3.0912323 0.66308594
6.7781525 -3.0293427 0.85113525
6.9519196 -2.9317474 0.78448486
7.1447296 -2.910324 0.69641113
7.4851227 -2.9127045 0.53930664
7.7921906 -3.107895 0.39886475
8.096878 -3.2959442 0.1798706
8.313492 -3.6434784 0.15844727
8.594376 -3.7934418 -0.008178711
8.925247 -3.9219818 -0.1081543
9.32991 -4.110031 -0.07244873
9.58461 -4.1838226 -0.124816895
9.8702545 -4.23143 0.03942871
10.008316 -4.193344 0.044189453
10.198746 -4.1076508 0.18939209
10.48439 -3.9124603 0.20129395
10.860489 -3.71727 0.10845947
11.357986 -3.807724 0.051330566
11.774551 -3.8220062 -0.031982422
12.207779 -4.012436 0.046569824
12.448196 -4.186203 -0.09625244
12.491043 -4.4147186 -0.37475586
12.493423 -4.5742035 -0.6984863
12.669571 -4.6384735 -1.3007202
13.088516 -4.576584 -1.8458252
13.614578 -4.531357 -2.2385864
13.814529 -4.674179 -2.3623657
13.426529 -4.87175 -2.2909546
12.926651 -4.9717255 -2.0481567
12.255386 -4.995529 -1.8981934
11.146133 -5.219284 -1.6911011
9.910721 -5.393051 -1.453064
8.746719 -5.476364 -1.222168
7.770767 -5.3383026 -0.97698975
7.0399933 -5.162155 -0.7746582
6.5472565 -4.8836517 -0.65563965
6.421097 -4.576584 -0.66278076
6.5734406 -4.2219086 -0.64849854
6.947159 -3.9576874 -0.6080322
7.461319 -3.8862762 -0.54852295
7.9445343 -3.852951 -0.55566406
8.23732 -3.8862762 -0.52233887
8.370621 -4.174301 -0.4628296
8.475357 -4.5099335 -0.42236328
8.499161 -4.693222 -0.34381104
8.411087 -4.731308 -0.3390503
8.392044 -4.686081 -0.32714844
8.332535 -4.5242157 -0.23669434
8.184952 -4.2790375 -0.07244873
7.975479 -4.1052704 0.16558838
7.782669 -3.955307 0.37982178
7.589859 -3.91008 0.6416626
7.4970245 -4.0933685 0.8487549
7.5017853 -4.16716 1.0058594
7.570816 -4.3694916 1.0986938
7.7422028 -4.5432587 0.9963379
7.870743 -4.8741302 0.8392334
8.184952 -5.2668915 0.75115967
8.411087 -5.507309 0.8796997
8.463455 -5.6191864 0.81066895
8.353958 -5.616806 0.75115967
8.225418 -5.4477997 0.86065674
8.127823 -5.3502045 0.80114746
8.127823 -5.3383026 0.70355225
8.29921 -5.3644867 0.7416382
8.703873 -5.454941 0.6987915
9.156143 -5.5501556 0.6726074
9.625076 -5.5763397 0.67022705
9.898819 -5.616806 0.6488037
10.174942 -5.5572968 0.5345459
10.453445 -5.412094 0.5250244
10.829544 -5.200241 0.3036499
11.493668 -4.916977 -0.1819458
12.633865 -4.8050995 -0.46520996
14.047806 -4.9788666 -0.5699463
14.795242 -5.3264008 -0.8484497
14.895218 -5.4644623 -1.017456
14.638138 -5.519211 -1.0888672
14.421524 -5.4144745 -1.0626831
14.004959 -5.283554 -0.96032715
13.131363 -5.143112 -0.8722534
12.079239 -5.0217133 -0.9317627
11.098526 -4.8622284 -1.2078857
10.370132 -4.609909 -1.2626343
9.9535675 -4.257614 -1.414978
9.794083 -4.076706 -1.3911743
9.7226715 -3.8815155 -1.5506592
9.851212 -3.6720428 -1.4554443
10.03212 -3.4982758 -1.5078125
10.391556 -3.2959442 -1.5411377
10.753372 -3.2459564 -1.479248
11.019974 -3.2126312 -1.4911499
10.948563 -3.2673798 -1.5244751
10.681961 -3.2745209 -1.6791992
10.1844635 -3.288803 -1.6601563
9.677444 -3.3126068 -1.6672974
9.220413 -3.2602386 -1.7506104
8.794327 -3.236435 -1.7696533
8.380142 -3.20549 -1.8363037
8.113541 -3.1055145 -1.664917
7.7850494 -2.838913 -1.4387817
7.5684357 -2.5032806 -1.1364746
7.3946686 -2.2842865 -0.907959
7.1875763 -2.184311 -0.7032471
7.08284 -2.1700287 -0.6532593
7.0233307 -2.2890472 -0.5009155
6.9828644 -2.3675995 -0.45806885
6.968582 -2.5770721 -0.48425293
6.904312 -2.7056122 -0.49853516
6.8281403 -2.9317474 -0.65563965
6.737686 -3.0721893 -0.89367676
6.7019806 -3.1507416 -0.96032715
6.6900787 -3.224533 -0.9984131
6.5924835 -3.2483368 -0.9412842
6.5972443 -3.2340546 -0.84368896
6.7091217 -3.2911835 -0.6699219
6.992386 -3.3768768 -0.5604248
7.2280426 -3.3149872 -0.30810547
7.4970245 -3.2483368 -0.079589844
7.7779083 -3.281662 0.0037231445
8.199234 -3.384018 -0.024841309
8.603897 -3.4625702 0.022766113
8.899063 -3.5030365 -0.1081543
9.110916 -3.6720428 -0.22479248
9.282303 -3.8767548 -0.44140625
9.963089 -3.9457855 -0.30810547
10.872391 -4.152878 -0.010559082
11.745987 -4.152878 -0.14147949
12.376785 -4.2028656 -0.5842285
12.783829 -4.0814667 -0.98651123
12.995682 -4.1052704 -1.1031494
12.783829 -4.2409515 -0.8912964
11.969742 -4.42424 -0.7841797
10.92952 -4.7527313 -0.42236328
9.7226715 -5.052658 0.048950195
8.656265 -5.2787933 0.37506104
7.8112335 -5.347824 0.541687
7.370865 -5.328781 0.7011719
7.280411 -5.0859833 0.53930664
7.597 -4.7717743 0.23461914
8.213516 -4.2409515 -0.084350586
8.675308 -4.064804 -0.2723999
9.251358 -4.1695404 -0.34381104
9.675064 -4.217148 -0.22003174
10.0345 -4.448044 0.2631836
10.1011505 -4.6194305 0.3369751
10.065445 -4.67894 0.3203125
10.217789 -4.6432343 0.62023926
10.0368805 -4.3623505 0.5988159
10.108292 -4.2076263 1.1820068
8.782425 -3.7743988 0.25128174
8.199234 -4.969345 1.0534668
7.858841 -4.1433563 0.51312256
8.1254425 -3.6529999 1.2581787
8.163528 -3.8934174 0.90112305
8.096878 -4.450424 0.81066895
8.149246 -4.7551117 0.52978516
8.480118 -4.87175 0.24414063
8.691971 -5.1145477 0.110839844
8.806229 -5.5430145 0.03466797
8.81575 -6.059555 0.18939209
8.822891 -6.34758 0.23699951
8.81337 -6.3880463 0.43218994
8.763382 -6.2238007 0.36553955
8.696732 -6.007187 0.3774414
8.591995 -5.8238983 0.4512329
8.470596 -5.7620087 0.66070557
8.353958 -5.6191864 0.7821045
8.311111 -5.6715546 1.0249023
8.380142 -5.7096405 1.2058105
8.520584 -5.8000946 1.3581543
8.768143 -5.8381805 1.3914795
8.991898 -5.9095917 1.2653198
9.041885 -5.9476776 1.1010742
9.241837 -5.976242 0.99157715
9.52272 -6.033371 0.791626
9.746475 -6.059555 0.7154541
9.896439 -5.816757 0.4345703
10.243973 -5.802475 0.22033691
10.981888 -5.623947 -0.08911133
12.245865 -5.7596283 -0.07006836
13.395584 -6.071457 -0.3461914
14.014481 -6.392807 -0.5770874
14.207291 -6.6832123 -0.7937012
14.097794 -6.785568 -0.66278076
13.569351 -6.661789 -0.7103882
12.743362 -6.468979 -0.7318115
11.710281 -6.276169 -0.83654785
10.639114 -6.021469 -0.8817749
9.729813 -5.692978 -0.9555664
9.115677 -5.397812 -1.0007935
8.81575 -5.071701 -1.0222168
8.920486 -4.764633 -1.0436401
9.3918 -4.545639 -1.0650635
10.0345 -4.367111 -0.9960327
10.648636 -4.2028656 -0.9055786
11.391312 -4.090988 -0.93414307
11.922134 -4.0410004 -1.1959839
12.388687 -3.97435 -1.2769165
12.636246 -3.8577118 -1.4221191
12.529129 -3.724411 -1.6791992
12.183975 -3.7529755 -1.7720337
11.646011 -3.6696625 -1.8410645
10.943802 -3.4911346 -1.8601074
10.260635 -3.3768768 -1.8886719
9.52034 -3.2673798 -1.7006226
8.991898 -3.1197968 -1.6149292
8.408707 -3.1650238 -1.3388062
7.968338 -3.0412445 -0.87939453
7.782669 -2.9507904 -0.67230225
7.7660065 -2.9127045 -0.6104126
7.846939 -2.857956 -0.6199341
7.889786 -2.8531952 -0.67230225
7.904068 -2.8151093 -0.8484497
7.7541046 -2.8627167 -1.017456
7.608902 -2.8936615 -1.2174072
7.5731964 -2.9008026 -1.3530884
7.33992 -3.005539 -1.3031006
7.1875763 -3.160263 -1.1936035
7.120926 -3.3221283 -1.1126709
7.1637726 -3.4244843 -1.0507813
7.2661285 -3.429245 -0.91986084
7.3994293 -3.4054413 -0.82702637
7.5684357 -3.2697601 -0.75323486
Time Stop = 6279
