Time Start = 7074
-4.6071625 -0.8108368 9.018188
-4.5928802 -0.14433289 9.387146
-5.6473846 1.3838654 11.181946
-4.1786957 1.7980499 8.796814
-3.4741058 0.65071106 9.006287
-3.4384003 0.21510315 9.041992
-3.7216644 0.41505432 8.546875
-3.878769 0.5316925 8.311218
-3.88591 0.62690735 8.201721
-3.7169037 0.7030792 8.0112915
-3.4503021 0.6745148 7.899414
-3.174179 0.48646545 7.7851563
-2.8813934 0.37934875 7.7542114
-2.712387 0.16511536 7.7661133
-2.743332 -0.13243103 7.8779907
-2.9266205 -0.42997742 7.789917
-3.140854 -0.7679901 7.4019165
-3.3360443 -1.1916962 6.7806396
-3.5217133 -1.6249237 6.3759766
-3.590744 -2.1295624 6.123657
-3.552658 -2.524704 5.8380127
-3.4384003 -2.6651459 5.680908
-3.4098358 -2.7246552 5.302429
-3.4455414 -2.7436981 4.962036
-3.5098114 -2.7079926 4.4907227
-3.674057 -2.800827 3.883728
-3.9406586 -3.031723 3.5647583
-4.3953094 -3.3816376 3.2695923
-4.968979 -3.71727 2.850647
-5.7116547 -3.9576874 2.3293457
-5.4879 -4.828903 1.6866455
-5.61644 -5.4787445 1.5366821
-5.994919 -5.802475 1.4890747
-6.4876556 -5.9143524 1.2486572
-6.3638763 -6.528488 1.1724854
-6.292465 -7.43779 1.0701294
-6.4495697 -8.4423065 0.8868408
-6.687607 -9.668198 0.64642334
-6.9280243 -11.089279 0.5178833
-7.2374725 -12.479416 0.5821533
-7.3898163 -13.524399 0.9796753
-7.2565155 -14.278976 1.7842407
-6.751877 -14.628891 2.691162
-6.1306 -14.835983 3.4933472
-5.604538 -14.821701 4.119385
-5.187973 -14.900253 4.4383545
-5.026108 -14.978806 4.5930786
-5.028488 -14.935959 4.3598022
-5.237961 -14.793137 3.7980347
-5.3784027 -14.612228 3.2338867
-5.5759735 -14.095688 2.8911133
-5.49028 -13.974289 2.8744507
-5.385544 -13.433945 2.850647
-5.380783 -12.629379 2.953003
-5.309372 -11.92955 3.0839233
-5.271286 -11.248764 3.2148438
-5.285568 -10.715561 3.2267456
-5.4593353 -10.19426 3.25531
-5.6711884 -9.81102 3.107727
-5.944931 -9.496811 2.8458862
-6.175827 -9.184982 2.6602173
-6.5328827 -8.863632 2.4293213
-7.137497 -8.132858 2.048462
-7.2184296 -8.411362 1.7675781
-7.5778656 -8.225693 1.1724854
-8.153915 -7.8448334 0.5202637
-8.75853 -7.4687347 -0.060546875
-8.998947 -6.7284393 -0.77941895
-9.063217 -5.8310394 -1.5839844
-8.925156 -4.87175 -1.8815308
-8.848984 -4.090988 -1.645874
-8.653793 -3.6887054 -1.1340942
-8.408615 -3.4435272 -0.93414307
-8.1610565 -3.4173431 -1.1650391
-8.282455 -3.6268158 -1.0983887
-8.582382 -3.8362885 -1.2102661
-8.725204 -4.10289 -1.6220703
-8.729965 -4.4266205 -1.9434204
-8.679977 -4.647995 -2.081482
-8.444321 -4.5742035 -2.3528442
-8.322922 -4.514694 -2.2885742
-8.363388 -4.4409027 -2.0671997
-8.50383 -4.300461 -1.9743652
-8.753769 -4.121933 -1.979126
-8.996567 -3.9196014 -2.1195679
-9.286972 -3.633957 -2.2980957
-9.477402 -3.4054413 -2.4932861
-9.684494 -3.2126312 -2.4528198
-9.796371 -3.0983734 -2.4909058
-10.060593 -3.0293427 -2.3671265
-10.324814 -2.929367 -2.1552734
-10.650925 -2.922226 -1.895813
-10.865158 -2.88414 -1.7363281
-11.062729 -2.910324 -1.4649658
-11.215073 -3.0031586 -1.3126221
-11.267441 -3.1864471 -1.1983643
-11.20079 -3.4149628 -0.98413086
-11.091293 -3.633957 -0.8079834
-10.9127655 -3.8029633 -0.8079834
-10.786606 -3.9219818 -0.7913208
-10.660446 -4.1171722 -0.7579956
-10.527145 -4.307602 -0.69610596
-10.372421 -4.5218353 -0.7937012
-10.312912 -4.7598724 -0.8508301
-10.281967 -4.950302 -0.8651123
-10.315292 -5.019333 -1.0912476
-10.336716 -5.00029 -1.1912231
-10.343857 -5.00029 -1.1745605
-10.284348 -4.886032 -1.3483276
-10.196274 -4.8050995 -1.3150024
-10.186752 -4.8574677 -1.2935791
-10.148666 -4.8241425 -1.3340454
-10.1082 -4.8241425 -1.4649658
-10.096298 -4.826523 -1.5554199
-10.189133 -4.80748 -1.3864136
-10.381943 -4.8003387 -1.2055054
-10.610458 -4.80748 -1.1126709
-10.87944 -4.7551117 -0.991272
-11.107956 -4.7408295 -0.824646
-11.281723 -4.719406 -0.76275635
-11.386459 -4.814621 -0.80322266
-11.593552 -4.9788666 -0.91748047
-11.779221 -5.147873 -0.91033936
-11.919662 -5.340683 -0.8651123
-11.9006195 -5.6263275 -0.7841797
-11.855392 -5.892929 -0.5794678
-11.724472 -6.1190643 -0.4961548
-11.541183 -6.2357025 -0.446167
-11.296005 -6.3118744 -0.4961548
-11.229355 -6.464218 -0.55804443
-11.348373 -6.5546722 -0.64611816
-11.695908 -6.5689545 -0.8579712
-12.169601 -6.642746 -1.0055542
-12.4266815 -6.649887 -1.1959839
-12.564743 -6.5689545 -1.0793457
-12.5099945 -6.4404144 -0.91748047
-12.457626 -6.276169 -0.75323486
-12.333847 -6.0881195 -0.741333
-12.243393 -5.790573 -0.8651123
-12.005356 -5.559677 -0.86035156
-11.541183 -5.2407074 -0.81036377
-11.024643 -4.9717255 -0.75323486
-10.577133 -4.6575165 -0.68896484
-10.453354 -4.371872 -0.6984863
-10.6818695 -4.16716 -0.77227783
-11.298386 -4.1052704 -0.84606934
-11.952988 -4.0481415 -1.1507568
-12.388596 -4.031479 -1.4387817
-12.6575775 -3.9457855 -1.6387329
-12.831345 -3.8386688 -1.8386841
-13.166977 -3.6815643 -1.8743896
-13.626389 -3.531601 -2.0791016
-14.0858 -3.422104 -2.5170898
-14.452377 -3.2578583 -2.9431763
-14.707077 -3.2150116 -3.2145386
-14.766586 -3.1483612 -3.3597412
-14.623764 -3.0174408 -3.4859009
-14.316696 -2.8317719 -3.4454346
-13.89061 -2.6841888 -3.2216797
-13.488327 -2.596115 -2.9955444
-13.150314 -2.6246796 -2.652771
-12.814682 -2.6222992 -2.4004517
-12.48143 -2.6484833 -2.088623
-12.088669 -2.653244 -1.8981934
-11.738754 -2.6103973 -1.7529907
-11.441208 -2.6199188 -1.7196655
-11.20079 -2.531845 -1.6339722
-10.917526 -2.467575 -1.6553955
-10.650925 -2.4175873 -1.562561
-10.310532 -2.3890228 -1.4697266
-9.929672 -2.4104462 -1.3602295
-9.572617 -2.4842377 -1.3292847
-9.20842 -2.524704 -1.2245483
-8.841843 -2.5842133 -1.2745361
-8.682358 -2.6556244 -1.3673706
-8.434799 -2.7056122 -1.3435669
-8.396713 -2.7341766 -1.267395
-8.339584 -2.7532196 -1.2983398
-8.451462 -2.6841888 -1.3269043
-8.606186 -2.550888 -1.3649902
-8.713303 -2.422348 -1.388794
-8.668076 -2.191452 -1.4102173
-8.480026 -2.0200653 -1.4292603
-8.203903 -1.8439178 -1.2769165
-7.9492035 -1.8058319 -1.1102905
-7.742111 -1.7415619 -0.91986084
-7.6873627 -1.6582489 -0.87939453
-7.656418 -1.7058563 -0.91986084
-7.6492767 -1.6487274 -0.88653564
-7.5445404 -1.6772919 -0.82702637
-7.3469696 -1.7606049 -0.61517334
-7.273178 -1.8939056 -0.15576172
-7.170822 -2.1128998 0.1394043
-7.151779 -2.2128754 0.4107666
-7.201767 -2.1962128 0.40838623
-7.3088837 -2.1367035 0.35125732
-7.439804 -1.9843597 0.29174805
-7.6349945 -1.9367523 0.24414063
-7.7682953 -1.8439178 0.17749023
-7.9158783 -1.832016 0.1227417
-8.042038 -1.8915253 0.12512207
-8.168198 -2.036728 0.25128174
-8.291977 -2.2057343 0.32983398
-8.69426 -2.3485565 0.40600586
-9.246506 -2.543747 0.15844727
-9.97966 -2.4913788 -0.09625244
-10.817551 -2.524704 -0.4699707
-11.460251 -2.6199188 -0.8651123
-11.914902 -2.6103973 -1.1864624
-12.260056 -2.672287 -1.3554688
-12.474289 -2.7151337 -1.4935303
-12.798019 -2.8222504 -1.6220703
-13.2859955 -2.903183 -1.7529907
-13.843002 -2.941269 -2.0076904
-14.352402 -3.0364838 -2.3076172
-14.690414 -3.1864471 -2.5194702
-14.807053 -3.486374 -2.6218262
-14.890366 -3.7458344 -2.6289673
-14.814194 -4.0624237 -2.6218262
-14.671371 -4.348068 -2.5385132
-14.438095 -4.61467 -2.4171143
-14.140549 -4.7789154 -2.312378
-13.714462 -4.852707 -2.2195435
-13.297897 -4.821762 -2.0529175
-12.895615 -4.828903 -2.017212
-12.564743 -4.847946 -1.9100952
-12.317184 -4.909836 -1.8125
-12.105331 -4.924118 -1.6220703
-11.8363495 -4.916977 -1.4411621
-11.6483 -4.802719 -1.1888428
-11.4578705 -4.6194305 -0.8484497
-11.229355 -4.5099335 -0.45806885
-10.981796 -4.4861298 -0.14147949
-10.791367 -4.4908905 0.18225098
-10.734238 -4.5242157 0.42504883
-10.7509 -4.4861298 0.394104
-10.905624 -4.448044 0.37982178
-11.160324 -4.3813934 0.5202637
-11.481674 -4.4004364 0.6345215
-11.77684 -4.398056 0.6273804
-11.995834 -4.35997 0.4440918
-12.09819 -4.448044 0.1227417
-12.245773 -4.538498 -0.020080566
-12.271957 -4.764633 -0.12957764
-12.22197 -5.0859833 -0.13195801
-12.164841 -5.3882904 -0.13433838
-12.057724 -5.7144012 -0.12957764
-11.883957 -5.9738617 -0.010559082
-11.693527 -6.147629 0.048950195
-11.538803 -6.297592 0.044189453
-11.4388275 -6.3880463 -0.05340576
-11.641159 -6.5046844 -0.2319336
-12.117233 -6.609421 -0.5175781
-12.795639 -6.7617645 -0.6532593
-13.219345 -6.740341 -0.86987305
-13.44072 -6.6451263 -1.0388794
-13.307419 -6.3713837 -0.9888916
-13.040817 -6.033371 -0.9055786
-12.714706 -5.688217 -0.9151001
-12.35051 -5.3121185 -1.0983887
-12.110092 -4.87175 -1.2412109
-11.857773 -4.4385223 -1.4863892
-11.872055 -4.1124115 -1.8363037
-12.188644 -3.8505707 -2.0600586
-12.776596 -3.6315765 -2.3242798
-13.271713 -3.4268646 -2.4980469
-13.331223 -3.3364105 -2.5289917
-13.226486 -3.3316498 -2.4266357
-13.159836 -3.319748 -2.4123535
-13.416916 -3.3602142 -2.3814087
-13.950119 -3.3768768 -2.7289429
-14.549973 -3.3863983 -3.0907593
-15.078415 -3.3411713 -3.5811157
-15.316452 -3.172165 -3.8858032
-15.275986 -2.9507904 -4.0786133
-15.021286 -2.793686 -4.216675
-14.733261 -2.6246796 -4.083374
-14.385727 -2.5389862 -4.0429077
-14.009628 -2.4628143 -3.8358154
-13.500229 -2.3795013 -3.7286987
-12.99321 -2.3890228 -3.4406738
-12.498093 -2.403305 -3.2192993
-12.045822 -2.3342743 -2.921753
-11.607834 -2.384262 -2.6694336
-11.279343 -2.4699554 -2.5075684
-11.017502 -2.4818573 -2.3147583
-10.934189 -2.441391 -2.1314697
-10.817551 -2.3866425 -1.9053345
-10.743759 -2.3699799 -1.710144
-10.639023 -2.2342987 -1.4578247
-10.448593 -2.1414642 -1.2435913
-10.191513 -2.1057587 -1.1936035
-10.165329 -2.0010223 -1.0912476
-10.04393 -1.8605804 -1.1721802
-9.855881 -1.8058319 -1.4911499
-9.7582855 -1.8558197 -1.6339722
-9.765427 -1.79393 -1.7506104
-9.846359 -1.8939056 -1.581604
-9.872543 -2.0986176 -1.6054077
-9.903488 -2.300949 -1.7458496
-9.872543 -2.3795013 -1.8482056
-9.651169 -2.3914032 -1.9077148
-9.367905 -2.2866669 -1.74823
-9.063217 -2.2866669 -1.4768677
-8.839462 -2.2723846 -1.2078857
-8.62999 -2.2771454 -1.0293579
-8.532394 -2.339035 -0.85321045
-8.422897 -2.3033295 -0.7270508
-8.31102 -2.2985687 -0.4937744
-8.127731 -2.2414398 -0.44378662
-7.8325653 -2.1128998 -0.50805664
-7.637375 -1.979599 -0.62945557
-7.41362 -1.7820282 -0.7103882
-7.1541595 -1.6582489 -0.5628052
-6.7304535 -1.5773163 -0.3461914
-6.3662567 -1.6130219 -0.09625244
-6.142502 -1.7391815 0.19891357
-5.861618 -1.9462738 0.41552734
-5.694992 -2.1628876 0.5155029
-5.540268 -2.3437958 0.4274292
-5.516464 -2.5604095 0.21081543
-5.6783295 -2.6318207 -0.010559082
-6.099655 -2.634201 -0.00579834
-6.7875824 -2.6318207 -0.09863281
-7.6016693 -2.7579803 0.022766113
-8.222946 -3.0674286 -0.055786133
-8.637131 -3.5101776 -0.21289063
-9.046555 -4.0410004 -0.37475586
-9.434555 -4.321884 -0.59851074
-10.10582 -4.4266205 -0.91748047
-10.641403 -4.302841 -1.1150513
-11.279343 -4.283798 -1.0507813
-11.769699 -4.269516 -1.0388794
-12.241013 -4.3314056 -1.0817261
-12.645676 -4.455185 -1.1555176
-13.007492 -4.598007 -1.2650146
-13.324081 -4.7479706 -1.3864136
-13.709702 -4.931259 -1.4316406
-13.76207 -5.1050262 -1.5530396
-13.785873 -5.3454437 -1.536377
-13.743027 -5.5930023 -1.5649414
-13.521652 -5.802475 -1.4840088
-13.240768 -5.9095917 -1.331665
-13.102707 -6.0048065 -1.1650391
-12.99321 -5.878647 -1.055542
-12.909897 -5.77153 -1.1031494
-12.843246 -5.5811005 -1.1531372
-12.936081 -5.462082 -1.0460205
-12.962265 -5.340683 -0.9650879
-12.92894 -5.340683 -0.86035156
-12.814682 -5.38591 -0.7080078
-12.786118 -5.4716034 -0.43188477
-12.8242035 -5.552536 -0.07006836
-12.798019 -5.502548 -0.02722168
-12.8004 -5.359726 -0.17956543
-13.116989 -5.083603 -0.40570068
-13.512131 -5.014572 -0.5270996
-13.8120575 -5.0169525 -0.4295044
-13.788254 -5.3502045 -0.20098877
-13.566879 -5.616806 0.17749023
-13.31694 -5.8619843 0.32269287
-13.331223 -5.9405365 0.38934326
-13.419296 -6.021469 0.33221436
-13.426437 -6.2666473 0.41552734
-13.255051 -6.657028 0.69641113
-12.964645 -7.0259857 0.9701538
-12.636154 -7.2687836 1.1082153
-12.307663 -7.463974 1.3343506
-11.945847 -7.5044403 1.5747681
-11.612595 -7.452072 1.6366577
-11.529282 -7.4092255 1.9056396
-11.676865 -7.3568573 2.157959
-11.674484 -7.497299 2.324585
-11.3936 -7.573471 2.4674072
-11.096054 -7.6663055 2.562622
-10.908005 -7.6663055 2.6173706
-10.693771 -7.5115814 2.6102295
-10.42717 -7.194992 2.2460327
-10.248642 -6.7498627 1.9556274
-10.4509735 -6.309494 1.548584
-10.960373 -5.873886 1.2200928
-11.538803 -5.6144257 0.85113525
-12.012497 -5.4787445 0.5155029
-12.248154 -5.435898 0.20843506
-12.583786 -5.340683 0.025146484
-13.157455 -5.226425 -0.2962036
-13.850143 -5.1526337 -0.66278076
-14.645187 -5.090744 -1.1364746
-15.333115 -5.0478973 -1.6482544
-15.916306 -5.033615 -2.2147827
-16.404282 -4.9193573 -2.5908813
-16.71849 -4.7931976 -2.8717651
-16.887497 -4.5599213 -2.890808
-16.897018 -4.243332 -2.7241821
-16.744675 -3.9695892 -2.6218262
-16.570908 -3.6315765 -2.6884766
-16.216232 -3.3697357 -2.7027588
-15.773483 -3.1102753 -2.5837402
-15.283127 -2.941269 -2.3933105
-14.78801 -2.903183 -2.2457275
-14.280991 -2.8508148 -2.13385
-13.909653 -2.7841644 -2.1029053
-13.600204 -2.7389374 -1.9386597
-13.243149 -2.69133 -1.8077393
-12.809921 -2.6818085 -1.68396
-12.521896 -2.6199188 -1.6411133
-12.1957855 -2.5485077 -1.6434937
-11.872055 -2.4842377 -1.6244507
-11.541183 -2.422348 -1.453064
-11.2603 -2.467575 -1.2078857
-10.998459 -2.4842377 -0.79608154
-10.841354 -2.5199432 -0.5461426
-10.7509 -2.596115 -0.44140625
-10.689011 -2.6841888 -0.5770874
-10.62236 -2.7579803 -0.7889404
-10.5985565 -2.608017 -0.96984863
-10.42717 -2.4342499 -1.2126465
-10.062973 -2.2961884 -1.4435425
-9.741623 -2.1700287 -1.5863647
-9.451218 -2.0533905 -1.4387817
-9.20842 -1.9581757 -1.3245239
-9.01561 -1.8010712 -1.1174316
-8.739487 -1.7129974 -0.8841553
-8.489548 -1.6511078 -0.70562744
-8.1800995 -1.6725311 -0.40808105
-7.8325653 -1.7248993 -0.12243652
-7.399338 -1.8034515 -0.034362793
-6.9922943 -1.9177094 -0.015319824
-6.7375946 -2.0843353 -0.15814209
-6.637619 -2.1747894 -0.20336914
-6.5781097 -2.1795502 -0.17480469
-6.3900604 -2.3461761 -0.060546875
-6.097275 -2.6651459 0.07513428
-5.718796 -2.9341278 0.24176025
-5.437912 -3.1269379 0.17749023
-5.3498383 -3.493515 0.1560669
-5.4022064 -3.7648773 0.046569824
-5.387924 -3.9672089 -0.26763916
-5.571213 -4.2528534 -0.6032715
-5.7735443 -4.6003876 -0.6508789
-6.009201 -4.9217377 -0.43188477
-6.1210785 -5.231186 -0.11767578
-6.144882 -5.4906464 0.44647217
-6.1996307 -5.70726 0.7392578
-6.3519745 -5.797714 1.1129761
-6.6590424 -6.02623 1.2629395
-7.213669 -6.4142303 1.4795532
-7.889694 -6.7808075 1.7080688
-8.368149 -6.971237 1.8913574
-8.57048 -6.9164886 2.215088
-8.691879 -6.7046356 2.4935913
-9.025131 -6.3975677 2.362671
-9.513107 -6.15477 2.0960693
-10.124863 -5.9405365 1.7199707
-10.608078 -5.783432 1.2557983
-11.031784 -5.628708 1.105835
-10.927048 -5.566818 0.9058838
-11.181747 -5.5430145 0.7487793
-11.505478 -5.419235 0.6583252
-11.714951 -5.5549164 0.5845337
-11.976791 -5.8238983 0.64642334
-11.919662 -6.0952606 0.4678955
-11.974411 -6.245224 0.31555176
-12.145798 -6.271408 0.23699951
-12.117233 -6.5118256 0.2631836
-12.114853 -6.9141083 0.3869629
-12.102951 -7.5187225 0.54644775
-12.052963 -8.159042 0.42266846
-12.088669 -8.587509 0.067993164
-12.112473 -9.025497 -0.12243652
-12.229111 -9.304001 -0.41522217
-12.448105 -9.227829 -0.78656006
-12.769455 -9.085007 -0.57470703
-12.997971 -8.91124 0.4345703
-12.783737 -8.939804 1.3057861
-12.679001 -8.999313 1.2748413
-13.12413 -8.737473 0.77734375
-13.76207 -8.325668 0.3536377
-13.807297 -8.028122 0.25842285
-13.538315 -7.875778 0.55358887
-13.12413 -7.849594 0.9534912
-12.793259 -7.9305267 1.2748413
-12.467148 -7.940048 1.593811
-12.0672455 -7.9995575 1.9389648
-11.719711 -7.956711 2.131775
-11.536423 -7.8257904 2.2555542
-11.538803 -7.644882 2.2912598
-11.872055 -7.6663055 2.0960693
-12.238632 -7.8400726 1.8746948
-12.343369 -8.139999 1.9056396
-12.210068 -8.46611 2.0079956
-12.060104 -8.59227 2.067505
-11.912521 -8.637497 2.0508423
-11.743515 -8.370895 1.8366089
-11.436447 -7.9995575 1.6747437
-11.126999 -7.361618 1.3676758
-10.905624 -6.687973 1.151062
-10.786606 -6.083359 0.9463501
-10.927048 -5.5930023 0.6416626
-11.231735 -5.2335663 0.45361328
Time Stop = 7079
