Time Start = 2304
0.14881897 -2.9983978 9.15387
-0.2082367 -3.0626678 9.09198
-0.5962372 -2.9388885 9.113403
-0.6771698 -2.7698822 9.113403
-0.5272064 -2.698471 9.046753
-0.36058044 -2.7794037 8.863464
-0.27964783 -2.8746185 8.780151
-0.3058319 -2.8151093 8.64447
-0.39866638 -2.7246552 8.5802
-0.44389343 -2.7889252 8.70874
-0.4867401 -3.0983734 8.892029
-0.5391083 -3.3625946 8.932495
-0.5105438 -3.4316254 8.908691
-0.5295868 -3.2959442 9.020569
-0.55815125 -3.095993 9.075317
-0.66526794 -3.0864716 9.187195
-0.78904724 -3.1507416 9.272888
-0.8818817 -3.134079 9.234802
-0.9175873 -3.0840912 9.3966675
-0.94377136 -3.1436005 9.47998
-0.9842377 -3.2959442 9.496643
-1.0794525 -3.519699 9.627563
-1.1175385 -3.576828 9.687073
-1.2460785 -3.7553558 9.806091
-0.922348 -3.5435028 9.651367
-1.7840424 -3.7482147 9.906067
-1.6245575 -3.6053925 9.741821
-1.4412689 -3.4054413 9.951294
-1.5341034 -3.1388397 9.884644
-1.4460297 -3.0436249 9.996521
-1.4960175 -2.993637 9.9869995
-1.5007782 -2.9983978 9.648987
-1.4103241 -3.191208 9.499023
-1.3079681 -3.384018 9.256226
-1.2270355 -3.4054413 9.001526
-1.1937103 -3.384018 8.856323
-1.1603851 -3.255478 8.639709
-1.1603851 -3.0793304 8.363586
-1.1794281 -2.941269 8.216003
-1.153244 -2.781784 7.987488
-1.1508636 -2.543747 7.68042
-1.1270599 -2.3271332 7.418579
-1.1151581 -2.0581512 7.0877075
-1.1151581 -1.7891693 6.8187256
-1.2294159 -1.6225433 6.4973755
-1.403183 -1.5582733 6.1069946
-1.5412445 -1.5844574 5.8308716
-1.7840424 -1.7915497 5.545227
-2.0006561 -2.100998 5.2714844
-2.1934662 -2.331894 5.140564
-2.6195526 -2.9531708 5.288147
-3.0242157 -3.8743744 5.402405
-3.4026947 -4.576584 5.469055
-3.9573212 -5.6001434 5.795166
-4.2477264 -6.2023773 5.890381
-4.46196 -6.328537 6.102234
-4.623825 -6.342819 6.2521973
-4.7214203 -5.881027 6.2664795
-4.8332977 -5.473984 6.2022095
-4.923752 -5.0026703 6.2974243
-5.007065 -4.6908417 6.571167
-5.161789 -4.402817 6.8377686
-5.3450775 -4.5099335 7.244812
-5.404587 -4.4837494 7.2424316
-5.5069427 -4.5742035 7.173401
-5.4736176 -4.781296 7.0377197
-5.354599 -4.957443 6.7211304
-5.4141083 -5.3835297 6.59021
-5.4807587 -5.750107 6.3807373
-5.68071 -5.8429413 6.2212524
-5.9473114 -5.814377 6.095093
-6.2734222 -5.559677 5.928467
-6.618576 -5.443039 5.8808594
-6.937546 -5.5239716 5.911804
-7.15654 -5.4597015 5.7594604
-7.3398285 -5.2478485 5.616638
-7.432663 -5.1002655 5.454773
-7.5778656 -4.890793 5.2476807
-7.742111 -4.7336884 5.038208
-8.006332 -4.7360687 4.7525635
-8.353867 -4.697983 4.6359253
-8.806137 -4.8431854 4.6049805
-9.158432 -4.8836517 4.583557
-9.53215 -4.866989 4.53833
-9.884445 -4.9145966 4.53833
-10.253403 -5.0312347 4.550232
-10.608078 -5.309738 4.5097656
-11.055588 -5.38591 4.107483
-11.424545 -5.6763153 4.1098633
-11.917282 -5.9024506 3.993225
-12.440964 -6.02861 3.8694458
-12.817062 -6.104782 3.8051758
-13.12175 -6.1214447 3.7052002
-13.326462 -6.0428925 3.5028687
-13.455002 -5.8953094 3.1862793
-13.462143 -5.776291 2.9125366
-13.471664 -5.585861 2.703064
-13.600204 -5.431137 2.6316528
-13.609726 -5.2478485 2.691162
-13.514511 -5.0955048 2.7649536
-13.224106 -5.0502777 2.8006592
-12.950363 -4.962204 2.9625244
-12.648056 -4.9598236 3.0267944
-12.705185 -4.9907684 3.0791626
-12.905136 -5.078842 3.1053467
-13.050339 -5.116928 2.8649292
-13.114609 -5.1931 2.4650269
-12.893234 -5.2597504 2.0270386
-12.400497 -5.25737 1.7366333
-11.657822 -5.162155 1.4319458
-10.846115 -4.9836273 1.170105
-9.9249115 -4.7360687 1.0891724
-9.037033 -4.405197 1.0010986
-8.227707 -4.1076508 0.95111084
-7.5635834 -3.769638 0.87731934
-7.1851044 -3.512558 0.95111084
-7.194626 -3.3530731 1.0296631
-7.5016937 -3.3316498 1.1391602
-7.901596 -3.3554535 1.1677246
-8.287216 -3.391159 1.2058105
-8.520493 -3.493515 1.2391357
-8.527634 -3.6101532 1.2557983
-8.449081 -3.7315521 1.3676758
-8.318161 -3.7863007 1.401001
-8.218185 -3.7910614 1.484314
-8.127731 -3.6482391 1.5009766
-8.139633 -3.5815887 1.5223999
-8.044418 -3.4411469 1.4962158
-7.951584 -3.307846 1.4866943
-7.7706757 -3.1840668 1.5366821
-7.6397552 -3.1697845 1.6652222
-7.4755096 -3.1245575 1.7580566
-7.299362 -3.1436005 1.9508667
-7.1613007 -3.1959686 2.2079468
-7.0375214 -3.307846 2.426941
-7.0137177 -3.4054413 2.5864258
-7.008957 -3.4839935 2.6292725
-6.939926 -3.5673065 2.6054688
-6.944687 -3.603012 2.5792847
-6.9684906 -3.5887299 2.5769043
-7.042282 -3.5863495 2.5959473
-7.1422577 -3.6887054 2.7435303
-7.3779144 -3.7743988 2.8149414
-7.613571 -3.8838959 2.8625488
-7.7706757 -3.917221 2.9672852
-7.79924 -3.9791107 3.0291748
-7.677841 -3.9981537 3.229126
-7.611191 -3.9886322 3.4124146
-7.504074 -4.1005096 3.4647827
-7.6159515 -4.2480927 3.5385742
-7.7897186 -4.514694 3.5266724
-8.042038 -4.769394 3.524292
-8.315781 -4.893173 3.524292
-8.50621 -4.9836273 3.6004639
-8.563339 -5.052658 3.614746
-8.599045 -5.0240936 3.4838257
-8.972763 -5.219284 3.2267456
-9.598801 -5.571579 3.0863037
-10.479538 -5.8191376 3.164856
-11.381699 -6.0357513 3.4528809
-12.000595 -6.169052 3.7575684
-12.191025 -6.066696 3.902771
-11.929184 -5.9143524 4.0455933
-11.403122 -5.892929 4.209839
-10.760422 -6.0905 3.9884644
-10.167709 -6.271408 3.7980347
-9.558334 -6.2476044 3.588562
-8.818039 -6.0809784 3.3600464
-8.201523 -5.7810516 3.0863037
-7.86351 -5.597763 2.8220825
-8.018234 -5.412094 2.5650024
-8.832321 -5.431137 2.6054688
-9.867783 -5.5358734 2.5507202
-10.774704 -5.692978 2.5316772
-11.241257 -5.6191864 2.5459595
-11.224594 -5.481125 2.600708
-10.843735 -5.2787933 2.6149902
-10.42717 -5.014572 2.5959473
-9.98204 -4.890793 2.5007324
-9.686874 -4.674179 2.4174194
-9.417892 -4.571823 2.215088
-9.089401 -4.42424 2.0389404
-8.772812 -4.4147186 1.9104004
-8.446701 -4.3623505 1.824707
-8.068222 -4.348068 1.7747192
-7.7754364 -4.288559 1.8723145
-7.613571 -4.340927 1.7318726
-7.5326385 -4.4123383 1.631897
-7.5659637 -4.5218353 1.5152588
-7.5850067 -4.5813446 1.2891235
-7.592148 -4.5694427 1.1343994
-7.587387 -4.507553 1.0106201
-7.546921 -4.3956757 0.98205566
-7.523117 -4.236191 0.9963379
-7.561203 -4.0600433 1.048706
-7.535019 -3.898178 1.0891724
-7.5564423 -3.7743988 1.1224976
-7.535019 -3.603012 1.2105713
-7.4683685 -3.5458832 1.2653198
-7.3469696 -3.519699 1.2129517
-7.2898407 -3.5554047 1.2081909
-7.296982 -3.550644 1.2296143
-7.4421844 -3.6363373 1.3057861
-7.6159515 -3.6625214 1.3391113
-7.9111176 -3.762497 1.3462524
-8.103928 -3.78154 1.3914795
-8.344345 -3.8172455 1.2819824
-8.625229 -3.8505707 1.3724365
-8.903732 -3.8743744 1.3771973
-9.286972 -3.929123 1.4105225
-9.715439 -3.9576874 1.4866943
-10.23436 -3.8886566 1.4176636
-10.772324 -3.8838959 1.4033813
-11.398361 -3.9410248 1.446228
-11.993454 -3.91008 1.381958
-12.555222 -3.9838715 1.4390869
-12.945602 -4.110031 1.5057373
-13.1884 -4.2028656 1.7104492
-13.014633 -4.3314056 1.8223267
-12.319565 -4.455185 2.029419
-11.400742 -4.4956512 2.2365112
-10.608078 -4.6265717 2.460266
-10.04155 -4.8503265 2.7459106
-9.741623 -5.057419 3.036316
-9.59166 -5.140732 3.2077026
-9.367905 -5.045517 3.338623
-8.984665 -4.74321 3.4457397
-8.534775 -4.4004364 3.421936
-7.9801483 -4.019577 3.3457642
-7.5635834 -3.7363129 3.2124634
-7.5254974 -3.5744476 3.1362915
-7.8968353 -3.512558 3.036316
-8.544296 -3.4340057 2.93396
-9.27507 -3.2911835 2.9053955
-9.815414 -3.069809 2.9244385
-10.122482 -2.9008026 2.9434814
-10.162949 -2.781784 2.9863281
-10.039169 -2.7960663 2.9244385
-9.7582855 -2.8912811 2.9006348
-9.33696 -3.005539 2.80542
-8.865646 -3.2126312 2.543579
-8.382431 -3.4316254 2.3341064
-7.970627 -3.6434784 2.0770264
-7.6683197 -3.8315277 1.8770752
-7.387436 -3.9672089 1.8508911
-7.151779 -4.0219574 1.7056885
-6.951828 -4.0743256 1.8937378
-6.83519 -4.088608 1.9675293
-6.7114105 -4.193344 2.0317993
-6.682846 -4.307602 1.9960938
-6.6352386 -4.4718475 1.9841919
-6.701889 -4.512314 1.9675293
-6.7947235 -4.526596 2.067505
-6.9946747 -4.5408783 2.2246094
-7.163681 -4.4147186 2.4507446
-7.2874603 -4.2790375 2.7244873
-7.344589 -4.224289 2.8530273
-7.3255463 -4.2028656 2.9887085
-7.401718 -4.250473 3.0625
-7.4683685 -4.364731 3.069641
-7.7040253 -4.48851 3.005371
-7.908737 -4.609909 3.0029907
-8.208664 -4.795578 3.0148926
-8.463364 -5.090744 3.0339355
-8.76329 -5.3430634 3.0339355
-9.003708 -5.552536 3.0910645
-9.256027 -5.7215424 3.1220093
-9.439316 -5.859604 3.1291504
-9.565475 -5.8381805 3.12677
-9.498825 -5.8072357 3.1624756
-9.436935 -5.745346 3.0077515
-9.739243 -5.9452972 2.9934692
-10.374802 -6.2404633 3.0910645
-11.2079315 -6.442795 3.1624756
-12.002975 -6.590378 3.5123901
-12.648056 -6.533249 3.7456665
-12.750412 -6.354721 3.9646606
-12.35289 -6.257126 3.9360962
-11.564987 -6.2547455 4.0789185
-10.655685 -6.2809296 3.9170532
-9.8606415 -6.342819 3.755188
-9.034653 -6.233322 3.6028442
-8.320541 -6.0048065 3.3552856
-7.746872 -5.7239227 3.1220093
-7.368393 -5.462082 2.922058
-7.4231415 -5.271652 2.9315796
-7.8801727 -5.264511 2.9125366
-8.739487 -5.378769 2.8173218
-9.451218 -5.4335175 2.8292236
-10.003464 -5.4263763 2.786377
-10.258163 -5.264511 2.831604
-10.279587 -5.019333 2.8863525
-10.132004 -4.821762 2.876831
-9.967758 -4.674179 2.7697144
-9.78447 -4.5170746 2.5602417
-9.553574 -4.326645 2.5007324
-9.213181 -4.2028656 2.453125
-8.865646 -4.1433563 2.215088
-8.525253 -4.1885834 2.1793823
-8.175339 -4.217148 2.0222778
-7.946823 -4.2909393 1.9651489
-7.7135468 -4.3623505 1.824707
-7.613571 -4.4409027 1.7366333
-7.580246 -4.5742035 1.5771484
-7.5588226 -4.5599213 1.5128784
-7.6088104 -4.5670624 1.3890991
-7.708786 -4.4908905 1.3843384
-7.723068 -4.3575897 1.2748413
-7.7183075 -4.1838226 1.2557983
-7.715927 -4.050522 1.234375
-7.7516327 -3.8600922 1.2891235
-7.746872 -3.7458344 1.3248291
-7.7254486 -3.6768036 1.3462524
-7.6207123 -3.6268158 1.381958
-7.546921 -3.6649017 1.3771973
-7.439804 -3.7601166 1.4129028
-7.399338 -3.7958221 1.3867188
-7.3469696 -3.814865 1.3676758
-7.3969574 -3.8577118 1.2772217
-7.4564667 -3.929123 1.2653198
-7.546921 -3.9576874 1.2772217
-7.765915 -3.9862518 1.3700562
-8.046799 -3.9910126 1.4129028
-8.413376 -3.9791107 1.4486084
-8.7894745 -4.012436 1.5176392
-9.182236 -4.045761 1.6295166
-9.494064 -4.110031 1.7509155
-9.710678 -4.083847 1.8032837
-9.905869 -4.1171722 1.9960938
-9.955856 -4.121933 2.1341553
-10.001083 -4.095749 2.0651245
-10.422409 -4.155258 2.0413208
-11.19603 -4.352829 2.0460815
-12.121994 -4.3956757 2.138916
-12.919418 -4.4147186 2.3840942
-13.255051 -4.288559 2.6435547
-13.074142 -4.2957 2.8744507
-12.345749 -4.364731 3.088684
-11.315048 -4.48851 3.2838745
-10.360519 -4.636093 3.4528809
-9.489304 -4.7265472 3.614746
-8.658554 -4.7670135 3.7218628
-7.889694 -4.700363 3.9194336
-7.197006 -4.5861053 4.0098877
-6.7185516 -4.42424 3.9003906
-6.497177 -4.2861786 3.7647095
-6.818527 -4.2076263 3.5361938
-7.568344 -4.179062 3.3076782
-8.50383 -4.179062 3.1386719
-9.439316 -4.16716 3.0101318
-10.129623 -3.981491 2.8149414
-10.548569 -3.788681 2.7316284
-10.677109 -3.5554047 2.7054443
-10.527145 -3.3340302 2.7768555
-10.203415 -3.1769257 2.5983276
-9.670212 -3.2578583 2.574524
-9.125107 -3.391159 2.4412231
-8.560959 -3.5887299 2.312683
-8.225327 -3.8743744 2.1103516
-7.856369 -4.0790863 2.0056152
-7.594528 -4.2790375 1.8056641
-7.3136444 -4.4266205 1.7961426
-7.080368 -4.598007 1.6366577
-6.906601 -4.7408295 1.593811
-6.8256683 -4.955063 1.5343018
-6.830429 -5.1383514 1.427185
-6.9304047 -5.205002 1.3105469
-7.0446625 -5.2026215 1.4486084
-7.1993866 -4.950302 1.5081177
-7.3779144 -4.6694183 1.677124
-7.573105 -4.4575653 1.9532471
-7.8016205 -4.2718964 2.0651245
-8.0134735 -4.10289 2.3079224
-8.1610565 -3.9838715 2.6816406
-8.339584 -3.8243866 2.8530273
-8.43718 -3.7791595 3.100586
-8.551437 -3.8481903 3.1362915
-8.646652 -3.9672089 3.1481934
-8.768051 -4.1814423 3.0767822
-8.841843 -4.4266205 2.9910889
-9.003708 -4.5861053 2.850647
-9.0846405 -4.659897 2.8220825
-9.117966 -4.697983 2.7887573
-9.220322 -4.6956024 2.9649048
-9.360764 -4.7931976 2.9482422
-9.432175 -4.8003387 3.1434326
-9.672592 -4.7598724 3.0934448
-10.11058 -4.8122406 3.1315308
-10.817551 -4.8765106 3.2053223
-11.71019 -4.9074554 3.2315063
-12.67424 -4.9860077 3.338623
-13.405014 -4.9526825 3.3600464
-13.695419 -4.802719 3.4124146
-13.426437 -4.8384247 3.4719238
-12.714706 -4.924118 3.4243164
-11.779221 -5.078842 3.4171753
-10.929428 -5.159775 3.300537
-10.215317 -5.2097626 3.0958252
-9.639267 -5.1978607 3.0529785
-9.106064 -5.078842 2.9077759
-8.553818 -4.897934 2.9672852
-7.9944305 -4.757492 2.838745
-7.530258 -4.6265717 2.67688
-7.266037 -4.6456146 2.4578857
-7.399338 -4.757492 2.3769531
-7.8325653 -4.795578 2.2555542
-8.520493 -4.8122406 2.248413
-9.120346 -4.6194305 2.286499
-9.539291 -4.4837494 2.3579102
-9.763046 -4.319504 2.4412231
-9.843979 -4.200485 2.5007324
-9.886826 -4.069565 2.5150146
-9.836838 -4.024338 2.3483887
-9.713058 -3.9457855 2.2079468
-9.513107 -3.9076996 1.9627686
-9.286972 -3.9315033 1.7509155
-9.091782 -4.0171967 1.5771484
-8.865646 -4.1052704 1.3605347
-8.69426 -4.2076263 1.253418
-8.553818 -4.2528534 1.048706
-8.43956 -4.2647552 1.003479
-8.272934 -4.3171234 0.9772949
-8.172958 -4.3361664 0.89160156
-8.132492 -4.321884 0.9225464
-7.996811 -4.262375 0.9534912
-7.9349213 -4.2671356 0.9891968
-7.901596 -4.179062 1.067749
-7.8206635 -4.1647797 1.0344238
-7.8135223 -4.0933685 1.0058594
-7.739731 -3.9862518 0.98205566
-7.777817 -3.891037 1.0796509
-7.7944794 -3.826767 1.1391602
-7.8349457 -3.8577118 1.1463013
-7.8706512 -3.955307 1.2319946
-7.8801727 -3.9076996 1.2819824
-7.8849335 -3.8886566 1.3843384
-7.9420624 -3.8386688 1.4367065
-8.018234 -3.8743744 1.4914551
-8.149155 -3.8172455 1.3795776
-8.322922 -3.762497 1.4581299
-8.551437 -3.7553558 1.4581299
-8.75853 -3.6839447 1.4676514
-9.039413 -3.6934662 1.6009521
-9.27507 -3.7410736 1.696167
-9.553574 -3.78154 1.8009033
-9.744003 -3.8957977 1.824707
-9.874924 -3.8957977 1.8865967
-9.958237 -3.9576874 1.9223022
-10.060593 -4.019577 1.8270874
-10.339096 -4.0362396 1.7890015
-10.865158 -4.10289 1.7532959
-11.6054535 -4.1266937 1.7556763
-12.340988 -4.2338104 1.8199463
-12.836105 -4.2742767 1.8818359
-12.9075165 -4.2909393 1.9794312
-12.5099945 -4.3694916 2.1817627
-11.77684 -4.4980316 2.4555054
-10.955612 -4.6527557 2.6602173
-10.191513 -4.8574677 2.8339844
-9.541672 -4.9788666 3.0958252
-8.989426 -5.052658 3.3291016
-8.365768 -5.0883636 3.5576172
-7.7944794 -4.955063 3.679016
-7.0637054 -4.762253 3.6290283
-6.4876556 -4.519455 3.531433
-6.1210785 -4.3433075 3.3171997
-6.2567596 -4.2480927 3.183899
-6.7566376 -4.1623993 3.0672607
-7.580246 -4.1766815 2.9910889
-8.44194 -4.1266937 2.8649292
-9.2322235 -3.9695892 2.7697144
-9.746384 -3.8101044 2.722107
-10.058212 -3.5911102 2.7316284
-10.098679 -3.4697113 2.6364136
-9.939194 -3.4435272 2.5292969
-9.622604 -3.467331 2.5245361
-9.134628 -3.550644 2.5650024
-8.651413 -3.7601166 2.536438
-8.258652 -3.9791107 2.3721924
-7.8801727 -4.2100067 2.3031616
-7.54216 -4.431381 2.2698364
-7.2636566 -4.526596 2.1627197
-6.9922943 -4.6575165 2.0579834
-6.83519 -4.8312836 1.9865723
-6.751877 -4.950302 1.9342041
-6.7494965 -5.076462 1.9056396
-6.8447113 -5.102646 1.9627686
-7.0446625 -4.9669647 2.177002
-7.3255463 -4.750351 2.388855
-7.5778656 -4.5670624 2.6483154
-7.8849335 -4.4456635 2.8363647
-8.115829 -4.2647552 3.024414
-8.30864 -4.10289 3.1386719
-8.499069 -4.0029144 3.1386719
-8.580002 -4.019577 3.2124634
-8.651413 -4.0290985 3.1791382
-8.703781 -4.129074 3.2219849
-8.729965 -4.243332 3.0958252
-8.720444 -4.450424 3.1386719
-8.749008 -4.67894 3.0339355
Time Stop = 2309
