Time Start = 7056
-4.33342 0.64356995 8.12793
-4.104904 0.78401184 7.9922485
-3.590744 0.88160706 7.8256226
-3.257492 1.1386871 7.699463
-1.8816376 0.9292145 6.1950684
-3.5550385 0.72688293 7.0186768
-4.8690033 1.4100494 6.999634
-5.1284637 1.8908844 6.302185
-5.059433 1.99086 5.9332275
-4.949936 2.028946 5.609497
-4.7880707 2.1027374 5.3428955
-4.628586 2.1146393 4.9834595
-4.5762177 2.0860748 4.6573486
-4.521469 2.0027618 4.416931
-4.521469 1.9194489 3.993225
-4.6262054 1.8028107 3.6385498
-4.71904 1.6171417 3.3100586
-4.8047333 1.4505157 3.0077515
-4.9404144 1.1434479 2.8149414
-5.0951385 0.85066223 2.6887817
-5.290329 0.49598694 2.4674072
-5.5807343 -0.096725464 2.5126343
-6.0687103 -0.5799408 2.5316772
-6.604294 -0.9655609 2.3793335
-7.2065277 -1.4630585 2.081787
-7.682602 -1.9129486 1.7890015
-8.084885 -2.229538 1.3081665
-8.172958 -2.415207 0.8820801
-8.2443695 -2.6032562 0.77734375
-8.691879 -2.8603363 0.9368286
-9.396469 -3.4792328 1.2319946
-9.903488 -4.1647797 1.2629395
-10.729477 -5.0812225 1.0249023
-11.600693 -6.2809296 0.52978516
-11.498337 -7.4544525 0.05609131
-11.429306 -8.225693 -0.041503906
-11.229355 -8.382797 0.10369873
-11.188889 -8.3780365 0.43933105
-11.422165 -8.344711 0.7583008
-12.079147 -7.790085 0.40600586
-12.388596 -7.1021576 -0.47711182
-12.855148 -6.7308197 -0.58184814
-13.402634 -6.335678 -0.4794922
-13.902512 -5.9405365 -0.4533081
-14.3405 -5.7881927 -0.3557129
-14.704697 -5.7620087 -0.74609375
-15.102219 -5.76915 -1.4125977
-15.652084 -6.045273 -1.9934082
-16.294785 -6.392807 -2.429016
-16.811325 -6.79747 -2.8812866
-17.139816 -7.290207 -2.9979248
-17.10173 -7.816269 -2.7384644
-16.78276 -8.532761 -1.9957886
-16.287643 -9.339706 -1.6363525
-16.018661 -10.384689 -2.0743408
-15.802048 -11.455856 -2.7479858
-15.511642 -12.189011 -3.2597656
-15.180771 -12.355637 -3.2502441
-14.802292 -12.162827 -3.1835938
-14.502365 -11.860519 -3.1740723
-14.164352 -11.679611 -3.205017
-13.688278 -11.232101 -3.0645752
-13.276474 -10.627487 -2.8241577
-12.809921 -9.846725 -2.4385376
-12.405258 -9.04216 -1.9243774
-12.105331 -8.33757 -1.3911743
-11.910141 -7.8519745 -0.95080566
-11.833969 -7.5948944 -0.6032715
-11.674484 -7.4092255 -0.4533081
-11.384079 -7.24736 -0.42236328
-10.955612 -7.1259613 -0.35333252
-10.581894 -6.9141083 -0.20812988
-10.212936 -6.6451263 0.0037231445
-9.903488 -6.2166595 -0.15576172
-9.765427 -5.797714 -0.5794678
-10.017746 -5.457321 -1.1674194
-10.581894 -5.188339 -1.7625122
-11.491196 -5.0169525 -2.4456787
-12.360031 -4.7789154 -3.0669556
-13.097946 -4.4789886 -3.3883057
-13.50737 -4.083847 -3.5025635
-13.590683 -3.5792084 -3.647766
-13.612106 -3.2578583 -3.7096558
-13.688278 -3.0555267 -3.6644287
-13.821579 -3.0174408 -3.7739258
-13.873947 -3.0007782 -3.8358154
-13.793015 -3.0650482 -3.8739014
-13.676376 -3.2150116 -3.8120117
-13.471664 -3.1174164 -3.7025146
-13.212204 -2.9793549 -3.5620728
-12.878952 -2.922226 -3.2312012
-12.41954 -2.8103485 -2.5670776
-11.938705 -2.865097 -1.7410889
-11.386459 -2.9365082 -1.0579224
-10.900864 -3.1293182 -0.73657227
-10.819931 -3.300705 -0.5199585
-10.87944 -3.4173431 -0.5270996
-10.800888 -3.4839935 -0.7937012
-10.736618 -3.519699 -0.91986084
-10.639023 -3.5077972 -1.0412598
-10.529526 -3.4149628 -1.0007935
-10.410507 -3.3602142 -1.0245972
-10.189133 -3.2292938 -1.1055298
-10.04631 -3.095993 -1.2078857
-9.879684 -2.993637 -1.1745605
-9.667831 -2.9317474 -1.0864868
-9.444077 -2.8746185 -1.017456
-9.279831 -2.7389374 -0.9293823
-9.234604 -2.7079926 -0.8817749
-9.2322235 -2.6675262 -0.7746582
-9.2512665 -2.634201 -0.907959
-9.3155365 -2.6960907 -0.92700195
-9.291733 -2.7794037 -0.97698975
-9.160812 -2.8889008 -1.0484009
-9.041794 -2.9008026 -0.9960327
-8.782333 -2.838913 -0.8674927
-8.496689 -2.7270355 -0.6842041
-8.130112 -2.6675262 -0.510437
-7.773056 -2.6127777 -0.28430176
-7.406479 -2.5604095 0.18225098
-7.111313 -2.608017 0.75115967
-6.823288 -2.6960907 1.132019
-6.6423798 -2.7032318 1.0939331
-6.6138153 -2.5413666 0.8201904
-6.70665 -2.2581024 0.5083618
-6.811386 -2.0153046 0.3036499
-6.842331 -1.7772675 0.20129395
-6.728073 -1.6534882 0.12512207
-6.459091 -1.6273041 0.16796875
-6.161545 -1.7463226 0.49169922
-5.975876 -1.9415131 0.6416626
-5.983017 -2.0034027 0.7559204
-6.3519745 -2.1105194 0.67022705
-6.9994354 -2.1819305 0.64642334
-7.8349457 -2.4437714 0.35125732
-8.599045 -2.7532196 -0.1986084
-9.20842 -3.1316986 -0.7508545
-9.767807 -3.6053925 -1.3102417
-10.279587 -4.136215 -1.6220703
-10.860397 -4.5051727 -1.8458252
-11.45311 -4.7479706 -2.1100464
-12.03392 -4.840805 -2.376648
-12.567123 -4.9479218 -2.4909058
-12.947983 -4.9645844 -2.5837402
-13.278854 -4.93602 -2.743225
-13.552597 -4.9074554 -2.7384644
-13.912033 -4.8622284 -2.762268
-14.095322 -4.909836 -2.717041
-14.15007 -5.007431 -2.6289673
-13.995346 -5.1764374 -2.5742188
-13.723984 -5.2549896 -2.4456787
-13.302658 -5.307358 -2.2528687
-12.926559 -5.314499 -1.8672485
-12.576645 -5.390671 -1.6815796
-12.271957 -5.3359222 -1.434021
-12.060104 -5.3454437 -1.2269287
-11.96727 -5.4668427 -1.0341187
-11.795883 -5.552536 -0.8960571
-11.705429 -5.5953827 -0.7151489
-11.51976 -5.6120453 -0.44378662
-11.32933 -5.6310883 -0.079589844
-11.184128 -5.6453705 0.31079102
-11.098434 -5.5691986 0.57977295
-11.00322 -5.423996 0.625
-11.255539 -5.3882904 0.58929443
-11.591171 -5.366867 0.32269287
-11.96489 -5.507309 -0.05102539
-12.336227 -5.8262787 -0.2652588
-12.626633 -6.1976166 -0.28430176
-12.80278 -6.7332 -0.34143066
-12.876572 -7.1473846 -0.37713623
-12.764694 -7.5115814 -0.5509033
-12.643295 -7.561569 -0.52948
-12.452866 -7.5877533 -0.5009155
-12.210068 -7.4877777 -0.38427734
-11.907761 -7.4401703 -0.25811768
-11.653061 -7.3401947 -0.12719727
-11.614975 -7.413986 -0.0914917
-11.58165 -7.561569 -0.062927246
-11.717331 -7.6782074 -0.08673096
-12.007736 -7.880539 -0.00579834
-12.452866 -8.123337 0.08465576
-12.748032 -8.161423 0.03466797
-12.86705 -8.040024 -0.16766357
-12.874191 -7.7877045 -0.19146729
-12.843246 -7.3639984 -0.33666992
-12.624252 -6.9141083 -0.46520996
-12.357651 -6.3880463 -0.7341919
-12.060104 -5.816757 -0.9746094
-11.84111 -5.333542 -1.1221924
-11.812546 -4.909836 -1.2388306
-11.955368 -4.5551605 -1.4459229
-12.333847 -4.409958 -1.6768188
-12.767075 -4.262375 -1.9243774
-13.105087 -4.1433563 -2.3052368
-13.390732 -4.031479 -2.607544
-13.750168 -3.8315277 -2.7456055
-14.128647 -3.6315765 -3.1050415
-14.53093 -3.5482635 -3.3978271
-14.904648 -3.5268402 -3.762024
-15.209335 -3.4435272 -4.116699
-15.454514 -3.4530487 -4.2904663
-15.671127 -3.4340057 -4.333313
-15.671127 -3.429245 -4.197632
-15.387863 -3.2935638 -3.8810425
-14.92131 -3.1245575 -3.7382202
-14.366684 -2.929367 -3.500183
-13.847763 -2.646103 -3.4430542
-13.388351 -2.4532928 -3.3383179
-13.031296 -2.312851 -3.2121582
-12.467148 -2.2414398 -2.9550781
-11.926804 -2.2438202 -2.6027832
-11.400742 -2.2628632 -2.183838
-10.850876 -2.2866669 -1.8696289
-10.315292 -2.3747406 -1.6911011
-9.8606415 -2.4318695 -1.4483032
-9.486923 -2.5223236 -1.2364502
-9.332199 -2.596115 -1.1174316
-9.296494 -2.608017 -1.1364746
-9.241745 -2.581833 -1.2007446
-9.179855 -2.550888 -1.203125
-9.213181 -2.5366058 -1.0817261
-9.184616 -2.486618 -1.1555176
-9.117966 -2.4437714 -1.3221436
-9.151291 -2.3723602 -1.4435425
-9.087021 -2.3271332 -1.4554443
-8.987045 -2.3675995 -1.4911499
-8.751389 -2.3152313 -1.5935059
-8.472885 -2.3295135 -1.7529907
-8.213425 -2.312851 -1.6530151
-7.913498 -2.267624 -1.4959106
-7.6659393 -2.3080902 -1.1531372
-7.427902 -2.365219 -0.8984375
-7.2636566 -2.422348 -0.66278076
-7.111313 -2.4342499 -0.5604248
-7.0827484 -2.4247284 -0.47235107
-7.016098 -2.4342499 -0.29144287
-6.8923187 -2.543747 -0.060546875
-6.720932 -2.6032562 0.23461914
-6.4995575 -2.7532196 0.72735596
-6.1972504 -2.838913 1.1415405
-6.0187225 -2.9317474 1.2486572
-5.918747 -2.929367 1.0844116
-5.8759003 -2.6675262 0.7821045
-5.9925385 -2.4056854 0.5678711
-6.1782074 -2.146225 0.42980957
-6.251999 -1.9391327 0.24414063
-6.3448334 -1.6772919 0.06085205
-6.437668 -1.6154022 -0.05340576
-6.7756805 -1.7439423 -0.15338135
-7.3255463 -2.0129242 -0.34381104
-7.970627 -2.300949 -0.7032471
-8.875168 -2.6960907 -0.99365234
-9.732101 -3.1697845 -1.3269043
-10.3867035 -3.5411224 -1.7601318
-10.886581 -3.8815155 -1.9719849
-11.3745575 -4.155258 -2.0314941
-11.881577 -4.1623993 -2.2980957
-12.531418 -4.069565 -2.3099976
-13.25267 -3.9862518 -2.4456787
-14.073898 -3.8196259 -2.6670532
-14.780869 -3.852951 -2.6575317
-15.214096 -4.031479 -2.6218262
-15.4092865 -4.2718964 -2.2885742
-15.547348 -4.61705 -2.081482
-15.537827 -4.9907684 -1.895813
-15.449753 -5.3882904 -1.6934814
-15.187912 -5.6834564 -1.3864136
-14.7165985 -5.983383 -1.2197876
-14.323837 -6.1333466 -1.2102661
-14.040573 -6.2357025 -1.3483276
-13.897751 -6.28331 -1.4768677
-13.76445 -6.359482 -1.5220947
-13.602585 -6.4094696 -1.4316406
-13.324081 -6.468979 -1.2959595
-13.031296 -6.445175 -1.1769409
-12.652817 -6.2809296 -1.0317383
-12.555222 -6.0119476 -0.73657227
-12.457626 -5.583481 -0.5032959
-12.371933 -5.097885 -0.27478027
-12.331467 -4.7360687 -0.008178711
-12.343369 -4.5242157 0.29174805
-12.633774 -4.3575897 0.7178345
-12.828964 -4.2528534 0.8987427
-12.964645 -4.1647797 0.93444824
-13.181259 -4.2480927 0.91064453
-13.231247 -4.42424 0.57263184
-13.281235 -4.6694183 0.29174805
-13.1884 -5.012192 0.18225098
-13.019394 -5.314499 0.08465576
-12.783737 -5.6453705 0.029907227
-12.619492 -5.976242 -0.008178711
-12.48143 -6.245224 -0.1081543
-12.395737 -6.4999237 -0.012939453
-12.307663 -6.5808563 0.05609131
-12.141037 -6.514206 -0.010559082
-12.141037 -6.4332733 -0.08911133
-12.333847 -6.445175 -0.09863281
-12.605209 -6.5808563 -0.11529541
-12.750412 -6.635605 -0.058166504
-12.662338 -6.5641937 0.053710938
-12.524277 -6.4927826 0.28460693
-12.16008 -6.3880463 0.47027588
-11.833969 -6.2285614 0.37268066
-11.591171 -5.9786224 0.22033691
-11.45311 -5.681076 -0.14624023
-11.415024 -5.3121185 -0.4295044
-11.503098 -4.8193817 -0.80322266
-11.695908 -4.386154 -1.1483765
-11.96965 -3.9957733 -1.3173828
-12.141037 -3.7029877 -1.4125977
-12.186264 -3.486374 -1.3673706
-12.238632 -3.3602142 -1.4364014
-12.35289 -3.2745209 -1.5744629
-12.798019 -3.2530975 -1.8267822
-13.409775 -3.243576 -2.0457764
-14.088181 -3.255478 -2.3552246
-14.671371 -3.2697601 -2.486145
-14.945114 -3.20549 -2.5837402
-15.004623 -3.0840912 -2.3338013
-14.85704 -2.9008026 -1.8482056
-14.611862 -2.634201 -1.3150024
-14.333359 -2.4842377 -1.6220703
-14.261948 -2.6437225 -2.6170654
-14.452377 -2.6818085 -3.4192505
-14.359543 -2.6103973 -3.614441
-13.707321 -2.3985443 -3.3216553
-12.876572 -2.2533417 -2.6480103
-12.210068 -2.0462494 -2.217163
-11.738754 -1.8343964 -1.7720337
-11.345993 -1.7534637 -1.2697754
-10.910385 -1.6439667 -0.80322266
-10.415268 -1.7439423 -0.6080322
-9.927292 -1.9557953 -0.45568848
-9.553574 -2.1486053 -0.3223877
-9.3798065 -2.3342743 -0.36047363
-9.265549 -2.4056854 -0.31048584
-9.239365 -2.3104706 -0.12719727
-9.163193 -2.3533173 -0.26763916
-9.260788 -2.300949 -0.59375
-9.52739 -2.3033295 -0.7913208
-9.886826 -2.3366547 -1.1674194
-10.165329 -2.4199677 -1.2911987
-10.153427 -2.460434 -1.3340454
-9.960617 -2.4913788 -1.2745361
-9.615463 -2.422348 -1.1555176
-9.420273 -2.339035 -0.8484497
-9.222702 -2.236679 -0.6437378
-9.120346 -2.1771698 -0.5175781
-9.137009 -2.0914764 -0.41522217
-9.156052 -2.0486298 -0.45092773
-9.156052 -1.934372 -0.48901367
-8.968002 -1.8248749 -0.48901367
-8.620468 -1.7201385 -0.36999512
-8.272934 -1.7082367 -0.022460938
-7.9254 -1.6320648 0.4107666
-7.677841 -1.6225433 0.58929443
-7.504074 -1.6035004 0.49645996
-7.3469696 -1.5201874 0.4036255
-7.330307 -1.3987885 0.5488281
-7.2493744 -1.4225922 0.86779785
-7.085129 -1.4868622 1.2391357
-6.849472 -1.6915741 1.5985718
-6.618576 -1.8677216 1.6080933
-6.504318 -2.0105438 1.4367065
-6.5781097 -2.0962372 1.1248779
-6.9232635 -2.2652435 0.81066895
-7.508835 -2.5485077 0.5988159
-8.206284 -2.9317474 0.33935547
-8.877548 -3.2388153 -0.079589844
-9.356003 -3.2959442 -0.48901367
-9.753525 -3.2792816 -0.7437134
-10.060593 -3.0936127 -0.8222656
-10.500961 -2.9198456 -0.82702637
-10.986557 -2.865097 -0.8484497
-11.58165 -3.0150604 -0.9008179
-12.1957855 -3.2578583 -0.888916
-12.838486 -3.5673065 -0.97698975
-13.369308 -3.8934174 -1.1769409
-13.854904 -4.2147675 -1.4744873
-14.373825 -4.450424 -1.8553467
-14.711838 -4.7360687 -2.145752
-14.764206 -5.083603 -2.429016
-14.79277 -5.404953 -2.4361572
-14.688034 -5.8072357 -2.1505127
-14.333359 -6.0928802 -1.6077881
-13.797775 -6.3190155 -1.2340698
-13.295517 -6.290451 -0.972229
-12.807541 -5.9738617 -0.98651123
-12.581406 -5.5096893 -0.81988525
-12.54808 -4.8050995 -0.5366211
-12.48381 -4.174301 -0.24621582
-12.22197 -3.6934662 -0.07244873
-12.072006 -3.3983002 0.044189453
-11.914902 -3.3625946 -0.07720947
-11.850632 -3.595871 -0.060546875
-11.991074 -4.0338593 -0.13433838
-11.960129 -4.4147186 -0.46044922
-11.914902 -4.9193573 -0.7151489
-11.950607 -5.4097137 -0.8175049
-11.936325 -5.828659 -0.90319824
-11.831589 -6.259506 -0.8341675
-11.71257 -6.6332245 -0.85321045
-11.700668 -6.983139 -0.7913208
-11.800644 -7.214035 -0.805603
-11.988693 -7.278305 -0.77941895
-12.117233 -7.225937 -0.6842041
-12.183884 -7.283066 -0.6199341
-12.069626 -7.413986 -0.43426514
-11.8173065 -7.585373 -0.29382324
-11.534042 -7.7877045 -0.17242432
-11.276962 -7.9091034 -0.1986084
-11.212692 -7.970993 -0.39855957
-11.467392 -8.132858 -0.42474365
-12.017258 -8.287582 -0.40570068
-12.400497 -8.368515 -0.59851074
-12.569504 -8.358994 -0.6865845
-12.512375 -8.254257 -0.57470703
-12.474289 -7.8972015 -0.5342407
-12.333847 -7.4163666 -0.65802
-12.083908 -6.7760468 -0.84368896
-11.891098 -6.1666718 -1.0341187
-11.731613 -5.5358734 -1.2626343
-11.691147 -5.014572 -1.3911743
-11.819687 -4.719406 -1.5006714
-11.943466 -4.5432587 -1.5792236
-12.086288 -4.4266205 -1.7648926
-12.176743 -4.352829 -1.8244019
-12.471909 -4.2790375 -1.8696289
-12.952744 -4.2909393 -1.9029541
-13.607346 -4.321884 -1.9505615
-14.245285 -4.379013 -2.1409912
-14.742783 -4.6194305 -2.562317
-15.135544 -4.802719 -2.96698
-15.509262 -4.7408295 -3.3526
-15.785385 -4.4766083 -3.6263428
-15.918686 -4.205246 -3.6953735
-15.932968 -3.9457855 -3.6501465
-15.775864 -3.6291962 -3.3668823
-15.428329 -3.3959198 -3.1026611
-14.957016 -3.255478 -2.7099
-14.357162 -3.217392 -2.3147583
-13.76683 -3.1650238 -2.0981445
-13.3502655 -3.1840668 -2.036255
-12.986069 -3.0602875 -2.100525
-12.717087 -2.8103485 -2.0386353
-12.41478 -2.646103 -1.74823
-12.000595 -2.4318695 -1.3197632
-11.531662 -2.319992 -0.81274414
-11.07225 -2.4080658 -0.5175781
-10.689011 -2.4318695 -0.36999512
-10.331955 -2.5389862 -0.45568848
-10.124863 -2.6389618 -0.44378662
-9.893967 -2.8436737 -0.44140625
-9.653549 -3.1102753 -0.48425293
-9.4655 -3.2769012 -0.6342163
-9.494064 -3.3578339 -0.86035156
-9.52739 -3.4268646 -0.91748047
-9.5464325 -3.4125824 -1.0269775
-9.479782 -3.3411713 -1.1221924
-9.427414 -3.2221527 -0.9484253
-9.33696 -3.069809 -0.8912964
-9.1489105 -2.910324 -0.81988525
-8.89183 -2.7151337 -0.68182373
-8.646652 -2.4699554 -0.48901367
-8.334824 -2.384262 -0.36523438
-8.020615 -2.319992 -0.215271
-7.723068 -2.2057343 -0.20336914
-7.3517303 -2.108139 -0.12719727
-7.035141 -2.0414886 0.06561279
-6.6590424 -2.0224457 0.32507324
-6.25914 -2.0105438 0.6154785
-5.956833 -2.0034027 0.99157715
-5.68071 -1.9843597 1.1843872
-5.502182 -1.9391327 1.1391602
-5.4283905 -1.9581757 1.0701294
-5.4141083 -2.0343475 0.96539307
-5.4236298 -2.2247772 0.94873047
-5.404587 -2.3152313 0.9891968
-5.406967 -2.4342499 1.105835
-5.42601 -2.5723114 1.189148
-5.471237 -2.646103 1.2843628
-5.6069183 -2.6651459 1.2248535
-5.861618 -2.8746185 1.1367798
-6.440048 -3.2507172 1.2557983
-7.2422333 -3.769638 1.3414917
-8.044418 -4.174301 0.98443604
-8.660934 -4.429001 0.50598145
-9.120346 -4.5408783 0.06561279
-9.425034 -4.5623016 -0.16052246
-9.744003 -4.538498 -0.25335693
-10.224838 -4.500412 -0.31048584
-10.836594 -4.514694 -0.3223877
-11.524521 -4.500412 -0.510437
-12.281479 -4.5551605 -0.59375
-12.9075165 -4.7265472 -0.80322266
-13.485947 -4.9479218 -0.95318604
-14.1072235 -5.374008 -0.8579712
-14.452377 -5.6953583 -1.1245728
-14.678513 -5.8191376 -1.4435425
Time Stop = 7061
