Time Start = 6222
0.7819977 4.326004 7.3305054
0.8367462 4.3498077 7.506653
0.7986603 4.4878693 7.437622
0.6415558 4.609268 7.2400513
0.591568 4.7068634 7.130554
0.6582184 4.833023 6.8758545
0.7700958 4.7449493 6.6782837
1.0200348 4.587845 6.473572
1.1699982 4.4378815 6.178406
1.1914215 4.375992 5.828491
1.05336 4.359329 5.4190674
0.8296051 4.261734 4.9691772
0.65345764 4.1165314 4.47406
0.5820465 3.7309113 3.9884644
0.6248932 3.3524323 3.6813965
0.7534332 2.9358673 3.4885864
0.9129181 2.6549835 3.4385986
1.1152496 2.3979034 3.3814697
1.3056793 2.1313019 3.3291016
1.3747101 2.1194 3.2196045
1.4746857 2.18367 3.055359
1.6270294 2.2527008 3.0505981
1.7698517 2.0646515 3.0482178
2.0055084 1.6052399 3.3814697
2.33638 0.7483063 3.864685
2.824356 -0.12767029 3.569519
3.528946 -0.6608734 3.248169
4.233536 -1.0322113 3.2172241
4.6739044 -0.91319275 3.1101074
4.888138 -0.8917694 3.183899
5.2380524 -1.6130219 3.883728
5.8664703 -3.005539 4.0860596
6.8352814 -4.1623993 3.8789673
8.130203 -4.564682 3.0458374
9.044266 -4.826523 2.7435303
9.703629 -4.8360443 2.3483887
9.932144 -4.7551117 2.2888794
9.934525 -4.4956512 1.927063
10.54628 -4.236191 1.2700806
11.560318 -4.345688 0.23937988
12.4743805 -4.7360687 -0.77941895
13.193253 -5.1312103 -1.286438
13.68837 -5.0859833 -1.87677
14.3025055 -5.0502777 -2.4004517
15.352249 -4.7146454 -3.0193481
15.559341 -5.566818 -3.0526733
16.694778 -5.0955048 -3.7977295
17.682632 -5.2407074 -4.3095093
18.320572 -5.8881683 -4.8998413
18.851395 -6.7927094 -5.4925537
19.1418 -8.094772 -5.771057
19.167984 -9.156418 -6.116211
18.998978 -9.74913 -6.187622
18.422928 -9.960983 -6.225708
17.834976 -10.080002 -6.1971436
17.356522 -10.2894745 -5.604431
16.673355 -10.146652 -4.928406
16.013992 -9.734848 -3.9119873
15.554581 -9.037399 -3.0026855
15.1427765 -8.125717 -2.4123535
14.676224 -7.2925873 -1.9815063
14.488174 -6.547531 -1.8648682
14.378677 -5.9524384 -1.6672974
14.271561 -5.5620575 -1.5578003
13.990677 -5.4144745 -1.6030273
13.747879 -5.250229 -1.6601563
13.516983 -5.1978607 -1.6101685
13.274185 -5.1907196 -1.6077881
12.819534 -5.0931244 -1.857727
12.34584 -5.0740814 -1.9338989
11.903091 -5.0288544 -1.8910522
11.498428 -4.9860077 -1.8196411
11.293716 -4.828903 -1.6506348
11.25087 -4.469467 -1.4625854
11.115189 -4.0552826 -1.3340454
11.06044 -4.1814423 -1.1436157
10.93428 -4.481369 -0.95318604
10.658157 -4.5170746 -1.0341187
10.551041 -4.4908905 -1.2531128
10.405838 -4.319504 -1.3150024
10.215408 -4.1695404 -1.395935
10.020218 -4.5051727 -1.5030518
9.663162 -4.814621 -1.5720825
9.346573 -5.071701 -1.4102173
8.984756 -5.0621796 -1.0983887
8.675308 -4.9979095 -0.87701416
8.584854 -4.8193817 -0.48187256
8.532486 -4.4456635 -0.1652832
8.468216 -4.1314545 -0.0010375977
8.413467 -3.8624725 0.246521
8.425369 -3.698227 0.45599365
8.549149 -3.4816132 0.37506104
8.706253 -3.3959198 0.49884033
8.915726 -3.1959686 0.3536377
9.108536 -3.1364594 0.27508545
9.320389 -2.9436493 0.2703247
9.684586 -2.9507904 0.070373535
10.270157 -3.2935638 -0.04626465
10.627213 -3.9053192 -0.09863281
10.4986725 -4.533737 -0.015319824
10.105911 -4.8550873 0.38934326
9.406082 -4.847946 0.7487793
8.715775 -4.6908417 0.9701538
8.075455 -4.526596 1.2034302
7.72316 -4.4861298 1.234375
7.5470123 -4.5861053 1.1248779
7.8517 -4.576584 1.0153809
8.456314 -4.6313324 0.96777344
9.313248 -4.6456146 0.772583
10.241592 -4.55278 0.44885254
11.115189 -4.700363 -0.05102539
11.984024 -4.8312836 -0.5270996
12.840958 -4.9384003 -0.91033936
13.762161 -4.8812714 -1.2412109
14.39534 -4.7027435 -1.4125977
14.554825 -4.3932953 -1.3126221
14.509598 -4.0862274 -1.0841064
14.490555 -3.6625214 -0.9222412
14.412003 -3.4006805 -0.9484253
14.511978 -3.3863983 -1.0412598
14.414383 -3.5101776 -1.1031494
14.114456 -3.6887054 -1.0269775
13.685989 -3.807724 -1.0198364
13.198013 -3.9243622 -1.1269531
12.950455 -4.129074 -1.1793213
12.848099 -4.2790375 -1.0793457
12.591019 -4.345688 -0.96032715
12.34584 -4.1195526 -0.77941895
12.193497 -3.9386444 -0.64849854
11.986404 -3.7767792 -0.6699219
11.850723 -3.603012 -0.58184814
11.548416 -3.5339813 -0.3057251
11.0890045 -3.512558 0.1060791
10.443924 -3.5911102 0.36553955
10.348709 -3.9529266 0.23223877
10.215408 -3.9338837 0.07751465
10.008316 -3.8600922 0.21557617
9.4917755 -3.6196747 0.36791992
8.9014435 -3.4078217 0.5321655
8.591995 -3.4578094 0.86065674
8.453934 -3.6744232 1.086792
8.563431 -3.993393 1.1177368
8.846695 -4.2599945 1.0606079
8.903824 -4.409958 0.9796753
8.668167 -4.2790375 1.2224731
8.23494 -3.9315033 1.7247314
7.718399 -3.6934662 1.8937378
7.449417 -3.6101532 2.0056152
7.120926 -3.7148895 1.9056396
6.8352814 -3.762497 1.7366333
6.5805817 -4.0410004 1.65094
6.4972687 -4.2528534 1.4914551
6.63295 -4.3052216 1.5343018
6.904312 -4.474228 1.5961914
7.109024 -4.647995 1.5390625
7.2209015 -4.712265 1.4747925
7.1875763 -4.8360443 1.4057617
7.192337 -5.1074066 1.4343262
7.2280426 -5.4454193 1.5271606
7.0876007 -5.847702 1.3795776
6.575821 -6.2047577 1.0748901
5.9950104 -6.245224 0.89398193
5.3808746 -5.9976654 0.43218994
4.8095856 -5.719162 0.33935547
4.497757 -5.616806 0.26080322
4.2621 -5.583481 0.18939209
4.3549347 -5.559677 0.07989502
4.6239166 -5.4597015 -0.15814209
5.0476227 -5.238327 -0.30810547
5.6165314 -5.0217133 -0.35809326
6.0354767 -4.8360443 -0.41760254
6.280655 -4.6503754 -0.6199341
6.416336 -4.5242157 -0.6746826
6.50679 -4.3575897 -0.77941895
6.6496124 -4.2528534 -0.907959
6.711502 -4.23143 -1.0317383
6.882889 -4.1909637 -1.2269287
7.1185455 -4.2480927 -1.2126465
7.287552 -4.3171234 -1.0674438
7.5232086 -4.345688 -0.87939453
7.813614 -4.333786 -0.71990967
8.101639 -4.379013 -0.66516113
8.396805 -4.4266205 -0.52471924
8.630081 -4.352829 -0.4128418
8.891922 -4.300461 -0.44140625
9.101395 -4.152878 -0.43902588
9.45607 -4.217148 -0.51519775
9.877396 -4.198105 -0.9389038
10.593887 -4.67894 -1.536377
10.817642 -4.87175 -1.8148804
11.110428 -5.052658 -2.062439
11.215164 -5.1264496 -2.2385864
11.438919 -5.2478485 -1.9910278
11.3389435 -5.45018 -1.831543
11.341324 -5.597763 -1.6982422
11.626968 -5.6263275 -1.5601807
12.081619 -5.5049286 -1.5482788
12.760025 -5.3192596 -1.7149048
13.707413 -5.0050507 -1.9815063
14.469131 -4.757492 -2.4266357
14.857132 -4.7170258 -2.5575562
15.054703 -4.6122894 -2.8170166
14.633377 -4.8884125 -2.7384644
14.640518 -5.1312103 -2.6408691
14.990433 -5.224045 -2.9836426
15.825943 -5.2811737 -3.4335327
16.730484 -5.1764374 -3.9667358
17.35176 -5.3311615 -4.2285767
17.615982 -5.4477997 -4.3380737
17.320816 -5.647751 -4.1452637
15.992569 -5.9595795 -3.447815
14.045425 -6.2095184 -2.2124023
11.541275 -6.180954 -1.2174072
9.377518 -6.259506 -0.34381104
7.5470123 -6.1143036 0.091796875
6.023575 -5.7620087 0.3869629
4.7714996 -4.993149 0.6321411
3.7884064 -4.4718475 0.7654419
3.2718658 -3.7125092 0.7154541
3.2123566 -3.4506683 1.2629395
3.6503448 -2.967453 1.2415161
4.811966 -3.0198212 0.9796753
6.2401886 -3.4839935 0.9534912
7.2589874 -3.7315521 0.7416382
7.8302765 -3.6934662 0.30126953
8.261124 -3.5363617 0.05847168
8.641983 -3.6363373 -0.15576172
8.989517 -3.9791107 -0.46759033
9.420364 -4.386154 -0.81988525
9.696487 -4.866989 -0.8960571
9.513199 -4.897934 -0.75323486
9.194229 -4.700363 -0.40093994
8.994278 -4.3123627 -0.124816895
8.801468 -4.1314545 0.13702393
8.722916 -4.019577 0.4274292
8.656265 -4.1504974 0.57977295
8.637222 -4.2671356 0.55358887
8.5872345 -4.3694916 0.4179077
8.5039215 -4.469467 0.31793213
8.453934 -4.531357 0.23937988
8.515823 -4.55278 0.072753906
8.784805 -4.3956757 0.115600586
9.068069 -4.1195526 0.013244629
9.115677 -3.769638 0.1798706
9.075211 -3.519699 0.27270508
8.9657135 -3.3506927 0.25842285
8.872879 -3.1650238 0.21557617
8.94191 -3.1174164 0.110839844
9.077591 -3.2983246 0.032287598
9.358475 -3.6506195 0.05609131
9.820267 -3.955307 -0.09387207
10.234451 -4.200485 -0.24145508
10.61055 -4.383774 -0.39141846
10.841446 -4.4337616 -0.48425293
10.841446 -4.2338104 -0.5175781
10.891434 -4.0029144 -0.44140625
11.017593 -3.6887054 -0.5532837
11.084244 -3.422104 -0.6032715
11.1723175 -3.3578339 -0.52233887
11.431778 -3.3959198 -0.68896484
11.931656 -3.641098 -0.63897705
12.671951 -3.8172455 -0.8508301
13.469376 -4.152878 -0.9412842
13.964493 -4.4385223 -1.0960083
14.13826 -4.697983 -1.3459473
14.231094 -4.931259 -1.4697266
13.7574005 -4.9788666 -1.6077881
12.710037 -5.0931244 -1.5244751
11.460342 -5.0478973 -1.4364014
10.334427 -5.014572 -1.395935
9.298965 -4.943161 -1.3935547
8.508682 -4.833664 -1.4197388
8.089737 -4.6194305 -1.3649902
8.020706 -4.4647064 -1.3435669
8.351578 -4.1623993 -1.350708
9.034744 -3.8410492 -1.2507324
9.727432 -3.5720673 -1.2055054
10.315384 -3.3792572 -1.2911987
10.586746 -3.088852 -1.3007202
10.579605 -3.1197968 -1.1936035
10.584366 -3.0388641 -1.3768921
10.48439 -2.9626923 -1.6077881
10.165421 -3.0031586 -1.7625122
9.739334 -3.0007782 -1.6911011
9.13472 -3.0936127 -1.6030273
8.613419 -3.0555267 -1.4459229
8.084976 -3.0388641 -1.4221191
7.6303253 -2.922226 -1.1936035
7.3946686 -2.7651215 -0.47235107
6.2187653 -2.8936615 -2.4932861
7.8874054 -2.0414886 1.2510376
7.623184 -1.9629364 -0.034362793
6.9400177 -2.165268 -2.595642
6.4139557 -2.081955 -2.9074707
6.125931 -1.8796234 -1.7553711
5.8474274 -1.684433 -0.0748291
5.8545685 -1.6701508 1.2677002
6.087845 -1.8462982 1.9342041
6.383011 -2.1985931 2.1865234
6.730545 -2.5842133 1.8485107
7.0923615 -2.88414 1.1224976
7.282791 -3.2340546 0.17510986
7.4208527 -3.4792328 -0.8841553
7.5731964 -3.641098 -1.8220215
6.711502 -3.3887787 -1.0126953
7.166153 -3.1650238 -0.9293823
7.544632 -3.20549 -0.54138184
8.56105 -3.429245 -0.015319824
9.2799225 -3.6291962 -0.09863281
9.767899 -3.7386932 -0.4699707
10.167801 -3.9648285 -0.41522217
10.574844 -4.4123383 0.046569824
10.798599 -4.7217865 0.08227539
11.327042 -4.7360687 -0.28668213
12.317276 -4.6908417 -0.95318604
13.324173 -4.1909637 -1.7958374
2.945755 -2.2271576 8.170776
2.8672028 -1.4630585 8.149353
2.8862457 -1.2321625 8.365967
2.907669 -0.8417816 8.382629
3.0457306 -0.7917938 8.568298
2.9695587 -1.056015 8.615906
3.0314484 -1.0155487 8.632568
3.1790314 -1.1417084 8.637329
3.4694366 -1.1083832 8.718262
3.8217316 -1.2369232 8.575439
3.5575104 -2.1676483 8.496887
4.1168976 -1.3749847 8.608765
4.554886 -1.0917206 8.96106
4.7262726 -1.120285 9.058655
4.697708 -1.5225677 9.303833
4.5525055 -1.4011688 9.375244
4.2263947 -0.9512787 9.239563
4.3358917 -0.8655853 8.977722
4.293045 -0.97746277 8.849182
4.2835236 -0.908432 8.751587
4.2049713 -1.0131683 8.811096
4.0764313 -0.9179535 8.846802
3.8169708 -0.4228363 8.811096
3.7074738 -0.058639526 8.782532
3.5765533 0.12464905 8.792053
3.183792 0.12702942 8.661133
2.6981964 0.015151978 8.408813
3.16951 -0.10862732 8.492126
3.36232 -0.21812439 8.803955
3.267105 0.03895569 8.913452
3.1076202 0.61738586 9.2300415
3.0719147 1.3029327 9.363342
3.5051422 0.8768463 9.403809
3.150467 1.7171173 9.22052
3.1671295 1.2386627 9.199097
3.3123322 1.0363312 8.96106
2.990982 1.3362579 8.949158
3.0195465 1.0268097 8.987244
2.8672028 0.95539856 8.682556
2.8957672 0.8268585 8.811096
2.8576813 0.6745148 8.677795
3.0695343 0.983963 8.763489
3.176651 1.0815582 9.080078
3.0600128 1.048233 8.861084
2.9862213 1.4148102 9.120544
2.8005524 1.7242584 9.075317
2.8862457 1.9361115 9.227661
2.862442 1.7694855 9.03009
2.779129 1.6623688 9.084839
2.5886993 1.593338 8.987244
2.1388092 1.7290192 9.068176
1.912674 1.6171417 9.006287
2.457779 1.252945 9.372864
2.5172882 1.5552521 9.4609375
2.6148834 1.8266144 9.310974
2.7743683 1.9123077 9.28241
2.8505402 1.9170685 9.180054
3.002884 1.7052155 9.168152
3.1147614 1.3981476 9.139587
3.286148 1.3362579 8.982483
3.4837189 1.2957916 8.9991455
3.4289703 1.112503 8.953918
3.4551544 0.7387848 9.151489
3.3908844 0.8768463 9.199097
3.2552032 0.669754 9.482361
3.1933136 0.4650421 9.784668
2.9148102 0.14369202 9.86322
2.5339508 0.23414612 10.089355
2.9433746 -1.6606293 10.160767
3.150467 -2.1557465 9.929871
2.8314972 -2.1390839 9.944153
2.9933624 -2.2342987 10.010803
3.0838165 -1.812973 10.058411
2.5958405 -1.5654144 10.091736
2.2554474 -1.7177582 9.917969
1.893631 -2.0034027 9.491882
1.7032013 -1.6987152 9.325256
1.8864899 -1.9129486 9.106262
1.9412384 -1.6915741 8.618286
2.2245026 -1.3154755 8.601624
2.7172394 -1.1821747 8.601624
2.8672028 -1.2559662 8.468323
2.8529205 -1.6891937 8.175537
2.7362823 -1.5439911 8.392151
2.0388336 -1.7963104 8.363586
2.086441 -2.0914764 8.649231
2.20784 -1.812973 9.032471
1.7531891 -1.4440155 9.432373
1.6508331 -1.3797455 9.658508
1.938858 -1.3202362 9.779907
2.0197906 -0.9822235 9.837036
1.6222687 -0.9512787 9.937012
1.3080597 -0.97746277 9.898926
1.4842072 -1.2726288 10.029846
1.4604034 -1.5082855 9.877502
1.6936798 -1.5249481 9.801331
1.9245758 -1.3535614 10.039368
2.067398 -1.0512543 10.058411
2.0697784 -0.60136414 9.994141
1.7698517 -0.3561859 9.677551
1.6460724 -0.299057 9.418091
1.5056305 -0.30381775 9.253845
1.393753 -0.26097107 9.1467285
1.329483 -0.28715515 9.301453
1.4270782 -0.23716736 9.368103
1.4627838 -0.151474 9.449036
1.5056305 -0.04673767 9.449036
1.6555939 0.11036682 9.387146
1.8055573 0.27937317 9.339539
2.0007477 0.605484 9.130066
2.0007477 0.53645325 9.013428
2.245926 0.18891907 8.877747
2.4744415 0.3341217 9.020569
2.5506134 0.08894348 8.808716
3.055252 -1.5963593 8.287415
3.5717926 -1.9367523 8.3897705
3.4765778 -0.9608002 8.527832
3.1004791 -0.33476257 9.003906
3.4932404 -0.4228363 9.420471
4.0859528 -0.15385437 9.301453
4.13118 -0.056259155 9.318115
4.093094 -0.13243103 9.2229
3.8645782 -0.28477478 9.065796
3.9098053 -0.88700867 9.356201
3.6289215 -0.69181824 9.6918335
3.324234 -0.16099548 9.817993
3.0909576 -0.11338806 9.563293
2.6791534 0.3007965 9.79895
2.541092 0.8935089 9.703735
2.7743683 1.0006256 9.429993
2.8457794 1.2029572 9.253845
3.0457306 1.4695587 9.422852
3.0838165 1.6552277 9.641846
2.8076935 1.5028839 9.425232
2.510147 1.4528961 9.34906
2.4720612 1.4314728 9.8394165
2.3006744 1.4695587 10.046509
2.3244781 1.1862946 10.148865
2.771988 0.753067 10.275024
3.150467 0.6816559 10.175049
3.4741974 0.5388336 9.99176
3.7646027 0.34602356 9.944153
3.997879 0.21272278 9.98938
4.171646 0.06513977 10.129822
4.293045 -0.23478699 10.422607
4.3739777 -0.5037689 10.474976
4.3406525 -0.7441864 10.298828
4.338272 -0.5704193 10.151245
4.1549835 -0.5608978 9.820374
4.145462 -0.51091003 9.491882
4.055008 -0.34428406 8.9348755
3.895523 -0.18717957 8.427856
3.8074493 0.050857544 7.9160767
3.6217804 0.26509094 7.35907
3.5337067 0.374588 6.8687134
3.498001 0.45314026 6.4926147
3.4503937 0.22462463 6.2926636
3.6074982 0.04371643 6.3616943
3.805069 -0.24906921 6.5949707
4.0859528 -0.4633026 7.032959
4.2382965 -0.34428406 7.3757324
4.640579 -0.15623474 8.137451
4.819107 -0.3323822 8.811096
5.0142975 -0.5204315 9.044373
5.1047516 -1.094101 9.422852
5.054764 -1.4130707 9.339539
5.03096 -1.4678192 9.513306
5.035721 -1.4106903 9.518066
4.947647 -1.3273773 9.67041
4.747696 -1.139328 9.641846
4.6477203 -1.1179047 9.684692
4.350174 -0.8274994 9.337158
4.176407 -1.0536346 9.184814
3.7884064 -0.9441376 8.922974
3.6074982 -0.6608734 8.746826
3.3908844 -0.35380554 8.492126
3.1242828 -0.14671326 8.373108
3.029068 0.1698761 8.370728
3.1219025 0.25556946 8.392151
3.2075958 0.074661255 8.425476
3.3670807 -0.1348114 8.415955
3.5075226 0.096084595 8.292175
3.581314 0.14845276 8.356445
3.8003082 -0.0038909912 8.282654
Time Stop = 6231
